0.124312
0.081205
0.0424101
0.0630311
0.0346622
0.0360122
0.0191934
0.0828478
0.056854
0.0790429
0.139379
0.050292
0.0821349
0.121081
0.108921
0.0552897
0.0996974
0.0573776
0.0650686
0.0952908
0.0921137
0.129423
0.0431204
0.134345
0.0396239
0.0503139
0.0712921
0.0809208
0.188636
0.137837
0.0893438
0.0689144
0.0347641
0.0916253
0.0643397
0.0705336
0.0797748
0.0425056
0.0838307
0.0226561
0.0923704
0.0530949
0.0219544
0.163604
0.069589
0.0984741
0.0443684
0.147488
0.130004
0.050867
0.133017
0.0721213
0.106599
0.0513196
0.0973615
0.0573588
0.105655
0.0499382
0.0785835
0.020259
0.142167
0.0290098
0.0690947
0.0894704
0.0952632
0.0295781
0.027707
0.0660875
0.0626969
0.0769097
0.0293177
0.137525
0.0748255
0.040285
0.0243387
0.0432584
0.0933887
0.0977389
0.101476
0.112557
0.0590954
0.0347481
0.115325
0.117288
0.0714346
0.053171
0.109523
0.0748111
0.0115639
0.114244
0.0323194
0.032443
0.0771157
0.0566193
0.111105
0.0836697
0.12327
0.142247
0.0400317
0.12477
0.0942563
0.0689536
0.0924303
0.0528746
0.139882
0.167163
0.040584
0.0829633
0.138629
0.049913
0.0474786
0.0411793
0.0451466
0.0393707
0.0221377
0.107799
0.0804918
0.114522
0.0454008
0.0482877
0.0719456
0.079679
0.0425726
0.0609239
0.0244605
0.0359797
0.159674
0.104396
0.0438807
0.192526
0.0515034
0.08233
0.0867159
0.121501
0.168179
0.0410169
0.0187288
0.105158
0.0264733
0.0819038
0.121758
0.0365694
0.116531
0.0577337
0.0490473
0.120486
0.118185
0.0531955
0.0713209
0.0527187
0.0609896
0.0482696
0.10616
0.119893
0.0934323
0.130593
0.0983135
0.126538
0.0702274
0.0975042
0.0630652
0.15322
0.108422
0.0984612
0.129171
0.0710977
0.0335834
0.0989242
0.0914604
0.119254
0.0696489
0.0307013
0.145232
0.0145676
0.0672998
0.0803524
0.149017
0.146458
0.0241513
0.0726817
0.0656893
0.0270262
0.107139
0.0970486
0.0487939
0.0451179
0.0484487
0.0293823
0.0420051
0.113043
0.0555933
0.0526843
0.0385585
0.0349946
0.0543447
0.0663142
0.110924
0.0515895
0.0868669
0.0677387
0.0444643
0.0801051
0.0741421
0.0398289
0.0674158
0.0235199
0.0643207
0.13721
0.0560048
0.107643
0.0838015
0.0545597
0.0587202
0.0784257
0.0764609
0.0798397
0.0984969
0.0829243
0.132267
0.0972554
0.0333766
0.125301
0.0644775
0.105319
0.162589
0.0739751
0.0176251
0.0421705
0.0776682
0.0414712
0.0924253
0.151254
0.142265
0.0869931
0.147084
0.0724172
0.0687702
0.0820915
0.0698329
0.157301
0.031717
0.0701664
0.0275052
0.0938977
0.0944404
0.178877
0.0370633
0.0461709
0.16049
0.0172552
0.0923276
0.0686136
0.202962
0.0936848
0.0447638
0.024231
0.0730519
0.0465598
0.0655187
0.0523303
0.0814133
0.0312998
0.0971244
0.0760223
0.0459393
0.0350286
0.0659489
0.119321
0.0536863
0.081247
0.075798
0.029031
0.191127
0.14572
0.100048
0.0759891
0.116219
0.0740946
0.0717536
0.0124801
0.123615
0.0292752
0.0631279
0.0935727
0.0598504
0.0545342
0.0733048
0.0216991
0.102307
0.0851652
0.0500714
0.0534745
0.0904537
0.120585
0.0263412
0.0498007
0.0354818
0.117922
0.041506
0.0608436
0.164291
0.0925158
0.170666
0.0647472
0.0876965
0.0930619
0.0614928
0.116312
0.079792
0.119673
0.044874
0.0662717
0.0335591
0.0693773
0.0917249
0.103662
0.0446449
0.0829659
0.110334
0.0343122
0.102577
0.0801412
0.0510125
0.0950363
0.0445512
0.0697063
0.249378
0.0266768
0.149065
0.0522046
0.0456382
0.0673648
0.0622567
0.076383
0.105241
0.0366932
0.0225758
0.0658632
0.0923521
0.066332
0.159296
0.0671614
0.106704
0.0996267
0.0439276
0.113624
0.0674176
0.16429
0.0208575
0.0361217
0.151001
0.151121
0.0912306
0.0319633
0.0746326
0.0935599
0.0672827
0.0524316
0.0632523
0.0404772
0.123764
0.11786
0.116492
0.0425206
0.0435737
0.0675128
0.0875994
0.0581785
0.160687
0.0360465
0.0396005
0.0383587
0.0657349
0.0614444
0.0772087
0.0381143
0.0347315
0.153633
0.12284
0.0653554
0.0634618
0.0367982
0.0181176
0.0649057
0.140389
0.0883491
0.0826846
0.110035
0.126696
0.0373699
0.0572402
0.0382131
0.0295139
0.130382
0.0848916
0.0631939
0.0781403
0.117074
0.0985977
0.0566345
0.0747754
0.106904
0.0678766
0.0689757
0.0900324
0.0580695
0.069247
0.0429433
0.0629766
0.0489581
0.059567
0.0693305
0.0617662
0.0784465
0.0864801
0.0717817
0.0490562
0.0775783
0.118905
0.0787057
0.0393504
0.0513667
0.187004
0.068066
0.0628767
0.16206
0.074506
0.0588194
0.0209663
0.102124
0.120101
0.0401642
0.0493356
0.0305631
0.0853659
0.07918
0.131798
0.109677
0.0580062
0.111064
0.211198
0.0731776
0.0912894
0.0701965
0.0725047
0.106769
0.0382723
0.0795277
0.0328181
0.0883784
0.0728721
0.0490275
0.0837553
0.115317
0.0790265
0.0983668
0.155916
0.0768753
0.143851
0.0500063
0.0944564
0.0458907
0.0686813
0.0654607
0.121959
0.0731254
0.162008
0.0370372
0.022784
0.0499055
0.0838678
0.0926839
0.0722287
0.0857367
0.0591131
0.0334405
0.0818785
0.0736735
0.133721
0.0538731
0.0877289
0.163386
0.0474277
0.0906617
0.0234021
0.0842585
0.0390956
0.109801
0.0271366
0.126639
0.0617
0.0772943
0.055621
0.144916
0.0923422
0.0478144
0.161881
0.0403191
0.0409497
0.0351137
0.0837993
0.0424174
0.0653839
0.0878101
0.0181004
0.0725772
0.11811
0.0414211
0.0427898
0.0818023
0.0353161
0.108495
0.029939
0.089787
0.0578023
0.11907
0.0160381
0.0625754
0.145978
0.0929399
0.188019
0.102489
0.11562
0.0541052
0.0581952
0.0577288
0.118457
0.0902111
0.122706
0.0351277
0.10858
0.103224
0.0732755
0.0596596
0.115228
0.0446921
0.0171574
0.0913296
0.0666937
0.142965
0.129835
0.0927056
0.116543
0.0779336
0.078309
0.0355664
0.0956909
0.0999291
0.0121925
0.100195
0.0739259
0.0762641
0.201331
0.0957374
0.0162018
0.0500687
0.0182393
0.074338
0.0967747
0.125086
0.0206059
0.113226
0.0583982
0.0364586
0.16039
0.124185
0.0174967
0.181456
0.0920625
0.0708715
0.0388799
0.0892522
0.0781966
0.058387
0.0476074
0.096018
0.15501
0.164595
0.0945725
0.0431421
0.0295829
0.0879391
0.0630773
0.054057
0.0472039
0.0959997
0.115653
0.0630664
0.0578677
0.0821193
0.0631317
0.0626966
0.0624896
0.0970052
0.0754162
0.0765098
0.149056
0.0614533
0.111769
0.118091
0.0847611
0.129337
0.0686408
0.0903431
0.0596672
0.022478
0.132143
0.0926721
0.0776287
0.0633483
0.123299
0.0582419
0.0910345
0.06583
0.158442
0.0614847
0.0521789
0.0713005
0.106663
0.100434
0.0546274
0.0771344
0.0563744
0.0506792
0.061775
0.195373
0.0878851
0.0527012
0.0385132
0.0739582
0.145185
0.0886198
0.0932865
0.0969658
0.12396
0.107757
0.0963174
0.0631887
0.0458847
0.10798
0.059179
0.074155
0.0458638
0.0543741
0.0286409
0.0366223
0.0578175
0.0182687
0.0539679
0.119173
0.13163
0.0434238
0.05656
0.0672449
0.0655858
0.0335796
0.121153
0.0675765
0.0298811
0.0822979
0.0842533
0.0787088
0.0938139
0.0383678
0.0785337
0.0582778
0.0524279
0.0279055
0.0660307
0.129652
0.0727891
0.0165659
0.0750737
0.0476144
0.0971002
0.1006
0.0651338
0.0501168
0.0678758
0.0457397
0.0277989
0.117376
0.0831289
0.0793546
0.104904
0.0530088
0.0434087
0.0803349
0.081643
0.116701
0.0559237
0.12323
0.0509718
0.0475657
0.0780908
0.0991615
0.0333158
0.0739198
0.152951
0.118785
0.0637596
0.067117
0.0398674
0.071998
0.0288135
0.0326096
0.0844058
0.074632
0.0752386
0.0564643
0.045714
0.0647925
0.0809324
0.0418642
0.0345401
0.0401228
0.134405
0.0672262
0.0565004
0.0376107
0.0809394
0.038806
0.0728519
0.0616068
0.122744
0.128006
0.0410984
0.0467853
0.13016
0.0521895
0.105937
0.077795
0.0880042
0.0292441
0.0552778
0.0184563
0.0338761
0.0935765
0.0849689
0.116884
0.128823
0.0586058
0.0631555
0.0780129
0.0840858
0.097249
0.0797331
0.033137
0.0788341
0.0932417
0.0959645
0.106249
0.104326
0.0805712
0.0311852
0.113795
0.0611768
0.0471811
0.115125
0.0913512
0.0824651
0.095675
0.0859864
0.117431
0.0319668
0.178109
0.0895562
0.13759
0.112333
0.105646
0.0134234
0.0477649
0.0276647
0.103982
0.0500819
0.0955816
0.118265
0.129494
0.115019
0.0564797
0.106993
0.104916
0.0947812
0.0458016
0.0777812
0.0700563
0.157374
0.03634
0.0487115
0.0492662
0.100697
0.152298
0.0316458
0.0632595
0.050173
0.04121
0.0220569
0.0586599
0.0787989
0.0363412
0.130043
0.0298199
0.024666
0.0309241
0.158409
0.172756
0.0855887
0.0733749
0.0537291
0.0353071
0.132516
0.118638
0.0428827
0.0563827
0.0335634
0.0918179
0.0577198
0.0603709
0.191458
0.0679199
0.0236547
0.070386
0.1558
0.10783
0.0914152
0.0248589
0.0428413
0.116173
0.0352279
0.045844
0.0626489
0.050098
0.0431819
0.0688331
0.0400887
0.0545913
0.0804367
0.10212
0.158914
0.156006
0.136581
0.124128
0.147883
0.0528469
0.0229533
0.0734207
0.0396499
0.0733902
0.0343495
0.126792
0.0640805
0.0987644
0.147431
0.0686886
0.039008
0.0206529
0.0811702
0.110226
0.101204
0.0721949
0.0601114
0.0528736
0.0543564
0.1323
0.0524441
0.114704
0.136393
0.0861625
0.0370664
0.128069
0.0250136
0.0451615
0.112453
0.119679
0.00323256
0.100746
0.130751
0.114488
0.0479773
0.237304
0.0277889
0.040812
0.0043418
0.0748157
0.0807427
0.0188204
0.071115
0.155099
0.0596629
0.0649274
0.039671
0.0676302
0.0612575
0.0225549
0.0774511
0.0442295
0.0638025
0.0689325
0.0659648
0.0125086
0.0393381
0.0467561
0.0304318
0.158767
0.0541552
0.0493338
0.0951552
0.121719
0.102373
0.0538555
0.0935991
0.149686
0.0315088
0.0420752
0.129866
0.116862
0.050335
0.0764837
0.0845294
0.0942811
0.0478205
0.0397735
0.071872
0.118539
0.0547509
0.115474
0.0463897
0.0836816
0.0835116
0.15888
0.109841
0.0383438
0.0802595
0.0558512
0.0728902
0.0272675
0.0582071
0.0312944
0.126052
0.0827599
0.183789
0.0944232
0.0470661
0.0423761
0.105138
0.0901925
0.0455072
0.0472342
0.11314
0.07502
0.0636223
0.0717664
0.0632653
0.11633
0.0765646
0.0494139
0.109217
0.0210019
0.111083
0.0653875
0.135963
0.134844
0.0244688
0.150336
0.0495518
0.0805203
0.0956723
0.0540075
0.0801852
0.144883
0.0889963
0.0311872
0.0905857
0.0698832
0.123146
0.113209
0.211768
0.0150357
0.107063
0.0442864
0.0810431
0.0711095
0.114365
0.122878
0.0683022
0.100635
0.162271
0.1484
0.0501506
0.124445
0.0652158
0.10941
0.040149
0.0655046
0.0538812
0.0683923
0.031982
0.0627508
0.0938673
0.0604296
0.117901
0.0936134
0.0383875
0.0948503
0.0269021
0.0706299
0.102252
0.0790537
0.0244881
0.0968031
0.103389
0.0582639
0.113177
0.0786716
0.10217
0.123611
0.0952625
0.0358701
0.0655241
0.130167
0.104128
0.118421
0.13524
0.0549627
0.0663046
0.0727736
0.106336
0.0280238
0.0923979
0.0765925
0.0363328
0.0989065
0.0296848
0.0781302
0.0929342
0.103695
0.0426126
0.0892147
0.133714
0.0403999
0.0545019
0.0273304
0.0345962
0.0905535
0.0416284
0.0311255
0.204668
0.156355
0.107306
0.0565007
0.0476148
0.0938686
0.0607717
0.0483527
0.0465912
0.0880248
0.117826
0.0451282
0.0214806
0.0639557
0.0593837
0.0726042
0.0244487
0.0305617
0.0339887
0.0561633
0.0448304
0.0358674
0.0375921
0.0489535
0.0866889
0.117219
0.139513
0.0835025
0.0807061
0.0378727
0.0385286
0.0727404
0.058066
0.0251895
0.151501
0.0316698
0.070686
0.0565156
0.110965
0.119547
0.134449
0.110818
0.0821983
0.0687463
0.027798
0.054502
0.0968906
0.0277179
0.0264932
0.100218
0.139719
0.0357047
0.1628
0.118341
0.0646903
0.0624636
0.0452939
0.0229903
0.068955
0.0247041
0.129752
0.0992423
0.0720571
0.134952
0.0872408
0.110535
0.103029
0.0778235
0.0475468
0.0512643
0.0806874
0.0804275
0.0358652
0.027035
0.173951
0.0707273
0.0732375
0.0607843
0.0818935
0.0771365
0.0416059
0.0444878
0.0963779
0.0200057
0.0465389
0.130765
0.043737
0.0164775
0.0315865
0.0328181
0.0264345
0.0953779
0.0664021
0.0696386
0.0340377
0.104868
0.0840419
0.0636052
0.0492932
0.0231571
0.0453516
0.140919
0.0414442
0.0713266
0.0519672
0.158981
0.106945
0.119002
0.0773367
0.0975569
0.0803058
0.0271003
0.0568157
0.139713
0.0939149
0.0979717
0.105869
0.0652068
0.0457584
0.121715
0.220924
0.132078
0.0315183
0.0639929
0.0378339
0.116051
0.124155
0.0946876
0.0198098
0.0818733
0.0487265
0.084184
0.174096
0.0284406
0.0619128
0.079514
0.121467
0.127054
