0.0662208
0.0653657
0.0679965
0.0690171
0.053526
0.0540688
0.0792682
0.210351
0.0809138
0.0859063
0.078739
0.0699419
0.337108
0.0209096
0.0563149
0.0897959
0.0894247
0.200562
0.128404
0.0434447
0.0828663
0.0904782
0.0685229
0.126055
0.108079
0.242365
0.0508594
0.124342
0.0812173
0.0741484
0.0512872
0.130904
0.38666
0.0504682
0.0513304
0.0749257
0.128827
0.119206
0.0836517
0.115683
0.0754684
0.0884702
0.0408376
0.0772175
0.050208
0.0766097
0.102683
0.237017
0.104632
0.073256
0.137679
0.107219
0.0457691
0.064901
0.064749
0.057722
0.0458507
0.13791
0.0446907
0.0743808
0.0377667
0.0850357
0.284934
0.128847
0.0945251
0.0521849
0.145173
0.0656036
0.128826
0.0724599
0.0516145
0.0766957
0.17351
0.0774635
0.120775
0.224573
0.107562
0.0491919
0.0697139
0.0937629
0.154585
0.207147
0.278289
0.0719609
0.321895
0.104435
0.0847055
0.0838856
0.0647866
0.0928274
0.0843665
0.111845
0.0742865
0.0748798
0.0550219
0.184035
0.074274
0.197917
0.206159
0.126298
0.0551992
0.0647276
0.290955
0.0376361
0.102392
0.334281
0.0969385
0.056765
0.063138
0.0967877
0.0799258
0.0661515
0.0869054
0.0960162
0.129776
0.152851
0.0422694
0.0450101
0.0760402
0.102544
0.35583
0.126588
0.0483248
0.0873363
0.0372824
0.0787078
0.0762381
0.0984305
0.0806163
0.0638903
0.0358691
0.173023
0.0927194
0.0522064
0.0766911
0.0265372
0.0464684
0.114301
0.137008
0.105924
0.121927
0.170513
0.129046
0.0311464
0.0471843
0.050018
0.264029
0.133704
0.0387437
0.0623459
0.0661596
0.0433007
0.118094
0.100502
0.0518851
0.0234088
0.0383695
0.0650903
0.233807
0.0484031
0.0673132
0.0734511
0.0436773
0.0891808
0.0515672
0.522521
0.0702946
0.0565808
0.0830656
0.182953
0.0876448
0.0536238
0.108112
0.0703319
0.0571498
0.107701
0.125054
0.0936643
0.0692612
0.0843647
0.0944495
0.523701
0.0689125
0.0913281
0.0687263
0.0320139
0.0705584
0.233039
0.048437
0.125256
0.0709073
0.040278
0.169278
0.105297
0.0687856
0.050507
0.0376005
0.117812
0.0678798
0.295184
0.140497
0.196245
0.0857803
0.0697644
0.0452906
0.570542
0.0702077
0.0960287
0.105633
0.0579629
0.0801494
0.106508
0.0653813
0.0309173
0.0540009
0.0391625
0.124098
0.0709367
0.063649
0.0357578
0.111205
0.0453817
0.0323851
0.231568
0.0869521
0.0433353
0.0909768
0.124387
0.105539
0.091218
0.0654949
0.0602651
0.0254618
0.0653782
0.164663
0.057089
0.149208
0.159221
0.104872
0.0597721
0.0806061
0.0608676
0.147561
0.0637583
0.163006
0.0523522
0.124647
0.0668077
0.0715805
0.227531
0.0645654
0.104611
0.0918584
0.0657386
0.0653662
0.372485
0.0302297
0.254464
0.0970331
0.102793
0.0440334
0.0719759
0.0382865
0.0677094
0.073801
0.0599645
0.129661
0.112069
0.103391
0.039069
0.088983
0.116773
0.0514303
0.0737426
0.116959
0.0848227
0.0242016
0.0945518
0.0746753
0.056056
0.146814
0.0753273
0.0861455
0.0489023
0.29754
0.0725678
0.0735913
0.21284
0.220604
0.0654665
0.123714
0.128457
0.147396
0.0408239
0.11286
0.0721815
0.100678
0.097651
0.0933908
0.102955
0.194986
0.0951036
0.0628716
0.0605989
0.110489
0.0923768
0.072962
0.127769
0.086833
0.0813099
0.116183
0.051585
0.0677315
0.0867895
0.233439
0.522913
0.100051
0.0572285
0.0495597
0.11702
0.099297
0.0638318
0.103849
0.0741586
0.150732
0.0512979
0.0496518
0.110216
0.0994767
0.0749803
0.0970258
0.0399101
0.171263
0.122706
0.11074
0.0538556
0.0351193
0.0537917
0.0578752
0.0231928
0.183929
0.0498798
0.197736
0.271251
0.0435538
0.0796613
0.102778
0.127773
0.0554905
0.0693195
0.276045
0.0723158
0.027365
0.0497914
0.0642846
0.078624
0.0440725
0.107592
0.0860148
0.0741936
0.05954
0.0778107
0.057428
0.0565435
0.0641622
0.0497092
0.0618327
0.0736094
0.045713
0.0760579
0.0367947
0.0966161
0.0892166
0.0944833
0.0700473
0.160958
0.0517714
0.0768278
0.0853683
0.0262024
0.094314
0.0762055
0.081114
0.081761
0.0947422
0.0597967
0.099619
0.044567
0.0410632
0.0520856
0.136142
0.177013
0.0395826
0.0520825
0.112953
0.0636818
0.108789
0.25626
0.0731572
0.0925367
0.0868042
0.0414153
0.0813537
0.0648169
0.0930769
0.10483
0.110249
0.0599818
0.207752
0.0735133
0.0794737
0.0659395
0.0763678
0.0492212
0.150203
0.0900533
0.0880678
0.0748964
0.088122
0.034205
0.236374
0.112907
0.0551428
0.110365
0.10582
0.226541
0.0684723
0.0548702
0.0632408
0.132204
0.117377
0.0824686
0.070995
0.133808
0.102667
0.152011
0.0399463
0.108744
0.0702412
0.195479
0.0855653
0.222699
0.0842122
0.0919963
0.163798
0.0816737
0.0882154
0.141864
0.0643659
0.0725365
0.0447629
0.125571
0.0814718
0.0770956
0.100513
0.113012
0.0369751
0.0695239
0.118895
0.0630573
0.0310494
0.147859
0.0809113
0.0375233
0.115576
0.0810137
0.0614819
0.132476
0.0743274
0.0444415
0.0773477
0.0617645
0.0490297
0.0486396
0.0385575
0.038588
0.0834353
0.172461
0.0673867
0.0851445
0.0633565
0.0632694
0.129657
0.0683078
0.122254
0.103116
0.0794229
0.0619835
0.0550081
0.0537063
0.060651
0.112884
0.100103
0.0391028
0.0416997
0.0837855
0.0436267
0.0899923
0.157028
0.12509
0.0615409
0.133154
0.272216
0.0945274
0.0696281
0.0471747
0.255393
0.0610104
0.165872
0.0216759
0.0628665
0.0611154
0.0813582
0.0307546
0.099473
0.0770891
0.0585129
0.032045
0.130398
0.215606
0.0527505
0.0704088
0.128243
0.12675
0.10311
0.0510034
0.03771
0.285301
0.0781019
0.0467727
0.0854663
0.109043
0.124243
0.0955342
0.0887665
0.0640534
0.0922935
0.0415107
0.112933
0.100344
0.0461541
0.0562746
0.0681955
0.0821834
0.169762
0.258285
0.105106
0.125972
0.18916
0.116233
0.0324941
0.0907335
0.0464162
0.226515
0.242424
0.132318
0.246886
0.0327778
0.306801
0.148176
0.137966
0.0861866
0.214062
0.115481
0.0437673
0.0721117
0.114808
0.0631952
0.129265
0.0616671
0.0918075
0.0637169
0.105496
0.0818506
0.0991821
0.0743993
0.131447
0.0719029
0.069507
0.110371
0.0602746
0.120176
0.12341
0.103683
0.0630004
0.079602
0.0664196
0.108452
0.0836209
0.126145
0.103162
0.0438931
0.110704
0.145704
0.0904913
0.0912172
0.0610637
0.0818998
0.0692681
0.111254
0.0783317
0.349236
0.0918251
0.124473
0.119968
0.0983302
0.0642612
0.0315056
0.114812
0.114621
0.0757885
0.102022
0.0521425
0.0374915
0.109975
0.60276
0.413906
0.0394346
0.066881
0.0260596
0.0637707
0.0768389
0.129975
0.0835052
0.0738796
0.0822588
0.0606606
0.128908
0.0587796
0.0911446
0.0928791
0.0537237
0.162356
0.237258
0.0601592
0.14164
0.137493
0.178793
0.143509
0.0536224
0.0697388
0.0696186
0.0429614
0.10028
0.0521553
0.205641
0.273785
0.0678686
0.117007
0.0589238
0.0655184
0.046122
0.129383
0.10528
0.0435992
0.13919
0.0239169
0.0534575
0.0894861
0.0605366
0.0953889
0.109917
0.0943487
0.0366524
0.0676599
0.0782721
0.10562
0.0806468
0.0940161
0.101799
0.104093
0.17393
0.0647741
0.130381
0.042415
0.232514
0.0538527
0.105034
0.112601
0.105248
0.0421631
0.368151
0.211499
0.0381176
0.130838
0.346171
0.140052
0.160973
0.04164
0.201919
0.171465
0.0900692
0.0820165
0.108622
0.100573
0.0623055
0.0447585
0.0468937
0.0935456
0.0717076
0.0574407
0.0327168
0.0445073
0.0557391
0.082968
0.0570479
0.107676
0.091301
0.142137
0.25461
0.0870572
0.242369
0.126597
0.10461
0.0509613
0.047743
0.0434377
0.0490172
0.0455891
0.0621789
0.0820925
0.0774764
0.0783049
0.100103
0.063473
0.0459105
0.056853
0.0922986
0.0731933
0.0539842
0.0681859
0.0269985
0.126355
0.107603
0.0367928
0.0818185
0.0438882
0.132011
0.155669
0.0830724
0.152051
0.0970903
0.0999154
0.0417347
0.211831
0.0834464
0.0655981
0.0807235
0.0633315
0.0359104
0.0478252
0.0899553
0.0988034
0.117517
0.0765265
0.0672419
0.0997458
0.0567772
0.170921
0.0747367
0.144902
0.110637
0.0725441
0.126808
0.0303795
0.0441092
0.0469963
0.0814531
0.0764052
0.0714473
0.0723597
0.0919065
0.0864935
0.0968848
0.070144
0.0614346
0.248652
0.0326441
0.0707971
0.053059
0.217941
0.0439298
0.156399
0.051324
0.0871505
0.110565
0.107545
0.0739813
0.0411772
0.0676648
0.128845
0.0872728
0.0927544
0.0758721
0.0561598
0.105831
0.147861
0.0801541
0.0893702
0.0579397
0.122926
0.119699
0.0778296
0.0653017
0.11475
0.11868
0.100766
0.287684
0.110789
0.0283267
0.0470447
0.0892478
0.0923118
0.151175
0.096563
0.0783424
0.0891532
0.0858155
0.128424
0.0663701
0.0475864
0.0881775
0.100056
0.146589
0.0255732
0.0288403
0.0778084
0.0598136
0.0785923
0.0449888
0.0232894
0.097024
0.0838644
0.0519999
0.112802
0.164136
0.143036
0.0914629
0.698369
0.0748915
0.56395
0.114266
0.0739245
0.0907517
0.0945714
0.143753
0.0460344
0.162028
0.100537
0.155829
0.109056
0.141044
0.0772116
0.109203
0.110802
0.0556171
0.0822907
0.123028
0.0350359
0.103909
0.110015
0.0537958
0.135596
0.0690991
0.0921554
0.0345323
0.0325227
0.0282728
0.0853189
0.0566922
0.0722148
0.46308
0.13781
0.05394
0.0658388
0.265524
0.12153
0.089357
0.0863142
0.076757
0.0486394
0.121374
0.185498
0.141306
0.0302201
0.0468132
0.197098
0.155276
0.0736024
0.107112
0.155835
0.0897389
0.0621846
0.109821
0.0716914
0.140494
0.13788
0.11598
0.124566
0.0652167
0.141106
0.0728974
0.0364703
0.178413
0.056062
0.0566483
0.0830849
0.414272
0.155689
0.223392
0.0796069
0.0599074
0.127647
0.146317
0.503233
0.115747
0.0624793
0.0853699
0.112523
0.112314
0.0789869
0.0994069
0.0603587
0.0408772
0.098054
0.0613694
0.0884933
0.186818
0.033259
0.0353085
0.255369
0.0669247
0.0972826
0.115272
0.155245
0.0866198
0.0347089
0.224174
0.192844
0.115185
0.0588356
0.107229
0.105474
0.0433795
0.0925478
0.0691102
0.438992
0.0648855
0.106915
0.121347
0.110277
0.135201
0.151669
0.138095
0.0833768
0.0309855
0.0896636
0.113303
0.0843493
0.0829239
0.218624
0.0463202
0.139175
0.0674951
0.129493
0.0983295
0.106436
0.0844474
0.0805769
0.0375156
0.0674611
0.0591041
0.206306
0.123179
0.0653235
0.0585963
0.0646348
0.0676747
0.0765757
0.0828346
0.129905
0.114607
0.0821863
0.0608895
0.0566893
0.108319
0.0541253
0.0398265
0.191402
0.0832705
0.0631178
0.0436543
0.100167
0.0393594
0.0847937
0.0733065
0.038691
0.0831776
0.156435
0.0819165
0.0673471
0.0981071
0.0461647
0.0663283
0.0484919
0.178894
0.059507
0.0902429
0.10318
0.0667705
0.115816
0.067251
0.293363
0.0746107
0.160757
0.0557417
0.133827
0.0556307
0.117732
0.0441712
0.0526436
0.119886
0.0687896
0.0738376
0.0893251
0.0992578
0.103297
0.0899394
0.0663367
0.0896798
0.0972944
0.0674309
0.0929574
0.0834294
0.0284151
0.0682333
0.30919
0.0638916
0.118195
0.0821123
0.100334
0.0904788
0.0714651
0.0884371
0.0614503
0.0826887
0.0408392
0.497072
0.0335274
0.0798384
0.0900881
0.0497066
0.0213238
0.146298
0.519626
0.066902
0.0641606
0.0688962
0.0356904
0.141345
0.0518568
0.0716615
0.0615023
0.131701
0.0777957
0.0735469
0.0844629
0.423865
0.194569
0.0619443
0.0891041
0.115334
0.107852
0.0756285
0.0553469
0.0845664
0.124514
0.0530653
0.0979064
0.0508934
0.0405919
0.530076
0.0678898
0.140964
0.0990007
0.187474
0.048301
0.148985
0.0740442
0.0545116
0.0868174
0.053527
0.0756823
0.320848
0.061407
0.117005
0.154549
0.11736
0.146004
0.0643019
0.0384959
0.214665
0.101974
0.0881175
0.142229
0.142138
0.0384747
0.179134
0.0906047
0.0562262
0.152129
0.138778
0.126686
0.0890716
0.063946
0.176466
0.138653
0.240823
0.123656
0.0774844
0.12065
0.104575
0.0703058
0.0548535
0.0503437
0.10645
0.0708458
0.0377233
0.0315718
0.0293939
0.0757463
0.12333
0.063559
0.214783
0.0994245
0.0614027
0.555542
0.0854225
0.150757
0.248181
0.0505031
0.04347
0.0695133
0.124905
0.0788185
0.0619559
0.041193
0.0708642
0.0531518
0.0911114
0.062424
0.0765169
0.0974325
0.0451922
0.134301
0.071607
0.074373
0.0888478
0.0603094
0.0846299
0.0498514
0.0670454
0.107545
0.0745621
0.160176
0.219621
0.120046
0.053059
0.175854
0.0586417
0.0620303
0.122877
0.260726
0.112403
0.31468
0.0832929
0.133843
0.101878
0.0766943
0.172744
0.0959213
0.043611
0.0768894
0.112235
0.0431875
0.053967
0.0800924
0.0575848
0.0631914
0.0542237
0.128568
0.0573778
0.356477
0.0623849
0.101749
0.029002
0.0268947
0.0938114
0.096452
0.0738739
0.546056
0.0467857
0.0483961
0.0648462
0.0799639
0.260283
0.0889866
0.0601192
0.0535066
0.0693439
0.0867127
0.214746
0.0226446
0.121869
0.0834875
0.0594576
0.0753761
0.0649065
0.0795709
0.0727182
0.0521207
0.145559
0.105749
0.13143
0.0521165
0.0457475
0.0997118
0.119902
0.118569
0.364901
0.0537528
0.0595753
0.0565374
0.0736411
0.0929658
0.0916162
0.0806927
0.079911
0.0844474
0.0493221
0.206756
0.05591
0.208839
0.0630548
0.192634
0.371081
0.0396858
0.109482
0.108881
0.0628422
0.0660425
0.0772042
0.152337
0.0881931
0.128292
0.158154
0.114414
0.0722179
0.0750509
0.157457
0.167338
0.198137
0.162683
0.0541318
0.0956009
0.129211
0.0772668
0.0532346
0.191971
0.0738687
0.1083
0.0989183
0.0610773
0.0975831
0.108526
0.132499
0.0887192
0.0597764
0.0688849
0.0975928
0.141288
0.0776438
0.104747
0.0449093
0.10406
0.109394
0.110648
0.0807758
0.0636312
0.13721
0.0616908
0.0885736
0.0482296
0.0718701
0.0485138
0.109712
0.049512
0.120044
0.0883204
0.033487
0.0939876
0.0628609
0.115478
0.0590213
0.146176
0.274497
0.094989
0.0393349
0.13665
0.0458393
0.0854836
0.12181
0.367398
0.0417148
0.0593113
0.130935
0.0745455
0.0551048
0.0417807
0.0787799
0.0484025
0.0980876
0.0878939
0.0828773
0.0549089
0.0767504
0.109622
0.128963
0.130362
0.163226
0.0844533
0.138402
0.0674434
0.107303
0.136447
0.0673756
0.0585444
0.0327636
0.029753
0.0715958
0.168273
0.0988412
0.0528134
0.0323029
0.123033
0.0383424
0.0597327
0.107635
0.118279
0.0926322
0.154023
0.116203
0.227511
0.123864
0.102605
0.0335187
0.0270324
0.034918
0.0577954
0.151789
0.133189
0.0811697
0.0592086
0.0893391
0.0710497
0.0591321
0.0525459
0.0684502
0.0659966
0.080726
0.0409201
0.0932517
0.0696868
0.0917799
0.0619395
0.0735205
0.302747
0.0664432
0.0931411
0.083617
0.0780358
0.0570516
0.109568
0.102534
0.0650864
0.0315637
0.0539056
0.13041
0.134268
0.0747619
0.143612
0.0673786
0.0727156
0.107515
0.0744827
0.125458
0.0396049
0.162195
0.047482
0.0642077
0.0528065
0.506001
0.0655873
0.0968102
0.0580552
0.0991522
0.650697
0.0519336
0.0652374
0.131107
0.102498
0.11437
0.231044
0.0846933
0.0616769
0.0624521
0.185358
0.0587209
0.0495241
0.0368389
0.0490982
0.072245
0.0870647
0.109274
0.163143
0.142512
0.0947612
0.0909766
0.09734
0.0732764
0.314031
0.176631
0.0743886
0.0520734
0.116213
0.133902
0.157983
0.129983
0.0807452
0.131857
0.0846351
0.139316
0.0317652
0.0973155
0.0432849
0.0501978
0.0884687
0.0453513
0.0712932
0.136564
0.0730639
0.102081
0.115366
0.353099
0.166869
0.0393051
0.106013
0.093967
0.0469153
0.144437
0.0464505
0.0676882
0.275706
0.109237
0.0667615
0.068731
0.100247
0.0848651
0.0797164
0.0776368
0.0584611
0.0382294
0.0759605
0.0443809
0.0960515
0.0511407
0.0945908
0.0722578
0.101245
0.0964437
0.106195
0.0913274
0.0357074
0.0810893
0.171484
0.0612158
0.111173
0.20757
0.101442
0.073696
0.112001
0.173789
0.0763527
0.0555328
0.112074
0.133481
0.0840911
0.0504385
0.0607967
0.0771024
0.0486326
0.0759251
0.0621959
0.0974037
0.117771
0.080779
0.0386484
0.117661
0.0959509
0.0662741
0.326114
0.0783225
0.116421
0.0724321
0.0903536
0.0915592
0.182862
0.0999216
0.0684785
0.263765
0.0908985
0.0728868
0.0912195
0.0548235
0.0653323
0.0240601
0.296131
0.0655858
0.108688
0.0625629
0.0328087
0.0596721
0.0627188
0.0457875
0.0830668
0.13335
0.0408015
0.0864614
0.207077
0.0365031
0.115664
0.0584384
0.180263
0.106302
0.0901848
0.0874729
0.0829115
0.123044
0.0964426
0.0708288
0.0460844
0.0758253
0.0480081
0.0356891
0.0435425
0.0707693
0.420903
0.203814
0.063837
0.11713
0.0911673
0.0505994
0.081903
0.0582302
0.0446662
0.0571
0.053723
0.081706
0.0263925
0.0643393
0.0608707
0.0444923
0.139342
0.146211
0.0838707
0.128759
0.117341
0.0411851
0.117099
0.0555474
0.0252239
0.0475015
0.0492493
0.026758
0.0155647
0.145125
0.121478
0.0702718
0.0754945
0.0481989
0.0786239
0.134691
0.307848
0.0826236
0.0884538
0.131111
0.278279
0.0479333
0.0663552
0.083915
0.0933444
0.0999386
0.113901
0.0558767
0.0817135
0.0827256
0.0362472
0.0542431
0.05838
0.132362
0.086029
0.0614122
0.0727063
0.0902127
0.044286
0.077861
0.053017
0.0592448
0.093555
0.107779
0.118906
0.130039
0.0495232
0.139959
0.0538022
0.107997
0.103394
0.0778969
0.19929
0.0493765
0.0455888
0.0540483
0.117845
0.109596
0.0981584
0.0211398
0.0842849
0.0931595
0.094495
0.0749843
0.0588541
0.0720868
0.108919
0.0915803
0.0766653
0.0747199
0.0288974
0.204815
0.0812601
0.0805767
0.114526
0.0928867
0.0875849
0.118287
0.379192
0.0531285
0.0626701
0.0287692
0.102726
0.35711
0.149157
0.135295
0.0416822
0.0784373
0.180224
0.0870223
0.118603
0.10633
0.0722192
0.330055
0.0266532
0.0942179
0.318689
0.0751593
0.0649552
0.136116
0.13775
0.137008
0.106865
0.158831
0.138029
0.0979869
0.0367865
0.0508373
0.102084
0.0940218
0.0669877
0.0912404
0.035365
0.10039
0.115514
0.138923
0.0282453
0.110171
0.0590682
0.0774848
0.0585183
0.0929497
0.046851
0.0567844
0.0563105
0.0549568
0.123943
0.0344241
0.163262
0.129601
0.0919135
0.0286515
0.0307597
0.0640192
0.210755
0.0385927
0.124474
0.0416166
0.0722914
0.0810045
0.142366
0.0926009
0.0891588
0.0785444
0.0888053
0.0734594
0.0436577
0.0651508
0.0896308
0.0777531
0.158837
0.0491046
0.0373274
0.0774225
0.0672325
0.094055
0.0971369
0.0283101
0.157115
0.0962568
0.047147
0.100998
0.0566166
0.0446058
0.0789237
0.136304
0.0841167
0.0879807
0.377459
0.0582394
0.038963
0.117795
0.0812075
0.0603744
0.0739131
0.356476
0.0845006
0.0528179
0.0543603
0.0920699
0.0647258
0.0844331
0.0569798
0.0675194
0.139856
0.0421658
0.0946938
0.0907102
0.47194
0.180555
0.0862471
0.0209386
0.167554
0.2228
0.501239
0.077713
0.050937
0.0615826
0.0916308
0.0761344
0.0916676
0.0584162
0.0980511
0.0322071
0.0613394
0.41471
0.0669896
0.10552
0.107981
0.096625
0.0437666
0.239227
0.0902356
0.0934128
0.131481
0.0566907
0.0465187
0.12166
0.0901987
0.0961645
0.0730757
0.0782788
0.0508175
0.0216425
0.0565323
0.173094
0.0772661
0.128229
0.0379912
0.0541419
0.0810299
0.0737822
0.0648748
0.143047
0.068286
0.0606024
0.0416742
0.0848463
0.0816002
0.061074
0.119983
0.0380233
0.358201
0.104032
0.103568
0.0593277
0.104913
0.114901
0.289209
0.0499959
0.0865901
0.0825946
0.0787515
0.0864212
0.106356
0.0571014
0.0375648
0.326421
0.0460775
0.0696219
0.113998
0.0336551
0.0908812
0.060011
0.0927298
0.0784145
0.0330201
0.562696
0.0352284
0.083607
0.0499461
0.106818
0.114369
0.0373698
0.147259
0.146434
0.0768991
0.108893
0.103249
0.0544889
0.274174
0.129284
0.0472681
0.0836259
0.0434471
0.0631287
0.0587264
0.0890167
0.070767
0.0775436
0.0456974
0.0570971
0.0276745
0.276466
0.0844967
0.113143
0.161474
0.0937373
0.0764799
0.0978603
0.0571722
0.162372
0.0752187
0.176266
0.122398
0.1678
0.0621708
0.046255
0.0727729
0.0722811
0.0703851
0.138391
0.179481
0.0548067
0.0890455
0.246204
0.0777846
0.0721651
0.112898
0.109357
0.0686355
0.181672
0.0460947
0.0256347
0.0771143
0.0627547
0.0529489
0.0613956
0.255588
0.0481851
0.050329
0.0946923
0.208256
0.0750376
0.0958834
0.0604057
0.0555779
0.125291
0.0411371
0.175274
0.112439
0.0967852
0.170507
0.160021
0.069678
0.170833
0.0238854
0.0569103
0.0196817
0.0454978
0.065207
0.0775866
0.0597089
0.0700261
0.0581075
0.0528898
0.0634142
0.131124
0.0815446
0.028927
0.0715674
0.136756
0.138514
0.0609235
0.10509
0.145191
0.079511
0.0737998
0.0371933
0.135285
0.0512919
0.0897337
0.040679
0.172133
0.0801376
0.121558
0.0813729
0.0854874
0.0745041
0.0640502
0.0975518
0.120363
0.0887775
0.357952
0.0329124
0.0895253
0.0683657
0.146315
0.0914129
0.219842
0.0849171
0.0508853
0.0724853
0.0957536
0.07552
0.183065
0.105459
0.0818884
0.151019
0.100451
0.0999168
0.0964758
0.0660288
0.0463944
0.122086
0.0745859
0.0611143
0.0959424
0.136188
0.0357812
0.0496097
0.0623273
0.111726
0.0629846
0.101273
0.0677233
0.114807
0.214201
0.0849716
0.0551246
0.0478948
0.088296
0.0442756
0.0834185
0.228856
0.100299
0.3026
0.0455876
0.0191392
0.160774
0.0658906
0.152887
0.112159
0.246615
0.187427
0.179872
0.0760554
0.125507
0.103971
0.0983808
0.11569
0.054822
0.0416321
0.0929368
0.0654987
0.110173
0.0761667
0.0642017
0.0849768
0.129409
0.0397415
0.0791237
0.0606817
0.0815283
0.102062
0.0751804
0.0773287
0.0891908
0.0380462
0.128386
0.0435905
0.0776751
0.0959973
0.0935711
0.0821093
0.109399
0.0994574
0.0808382
0.154059
0.113772
0.0949056
0.385239
0.0378768
0.109421
0.0714955
0.0994624
0.0591417
0.0434472
0.0708998
0.0747112
0.0766289
0.0580889
0.507707
0.0417522
0.0850204
0.0481804
0.105565
0.0841558
0.056182
0.112163
0.233961
0.0710654
0.066569
0.104327
0.0632136
0.0520929
0.121068
0.208141
0.0496396
0.130947
0.192442
0.107231
0.0415361
0.0544718
0.108071
0.0544705
0.0545393
0.192518
0.105619
0.0647844
0.111265
0.0693541
0.133474
0.0743644
0.0446434
0.105511
0.0835952
0.161926
0.130802
0.0742101
0.0548361
0.116668
0.0398319
0.0841756
0.0617386
0.0979402
0.114788
0.068644
0.0672502
0.104898
0.0423479
0.146806
0.0766029
0.0731695
0.424172
0.0944617
0.0432596
0.0991454
0.166813
0.537209
0.0607297
0.0970203
0.0666351
0.0636359
0.0303343
0.076817
0.0391695
0.110646
0.0822279
0.0758175
0.0238832
0.189473
0.0474412
0.0631352
0.153276
0.0732124
0.111466
0.0791764
0.0210577
0.170166
0.0303408
0.0469157
0.0779985
0.300401
0.0705812
0.0621886
0.199155
0.116251
0.0655672
0.074992
0.127375
0.124453
0.0552582
0.222909
0.0810709
0.0748234
0.0488113
0.0797737
0.069974
0.0893078
0.0559252
0.107443
0.0384422
0.0934894
0.362274
0.0877192
0.035547
0.0467165
0.0901766
0.104772
0.134559
0.0887179
0.131676
0.102612
0.0656815
0.0554512
0.102951
0.214864
0.0720045
0.0526419
0.111463
0.0912842
0.233209
0.135126
0.0467929
0.0465612
0.143271
0.0552698
0.261988
0.110753
0.0525072
0.0670654
0.0646919
0.096242
0.18143
0.0696025
0.0382805
0.113667
0.314289
0.0908449
0.138339
0.0494451
0.114008
0.0323746
0.133068
0.0505405
0.0523787
0.156328
0.250202
0.280105
0.113234
0.0354275
0.160193
0.0914448
0.0760344
0.066001
0.11726
0.0869598
0.0977412
0.083523
0.081438
0.0502268
0.0534097
0.0390653
0.071867
0.0617584
0.0349908
0.0200896
0.190605
0.0751342
0.0828595
0.0976307
0.0928224
0.0630888
0.107371
0.0470368
0.0675051
0.0945128
0.158135
0.0518922
0.073964
0.432125
0.14925
0.237874
0.0786325
0.0581655
0.0476808
0.0815325
0.102785
0.186472
0.0805453
0.124827
0.0699157
0.0418794
0.115392
0.0287461
0.0856724
0.0972465
0.111296
0.0811251
0.0782581
0.149725
0.0876248
0.305317
0.0812956
0.0677432
0.0854129
0.120676
0.110547
0.10746
0.0814719
0.0915297
0.172422
0.0502506
0.0599524
0.0815846
0.164297
0.0830583
0.114011
0.0870168
0.134008
0.120219
0.112513
0.115165
0.0614325
0.0240673
0.0874759
0.122064
0.0559058
0.0415097
0.0446694
0.134072
0.0748628
0.0487074
0.104674
0.0897289
0.100181
0.266567
0.0624905
0.0588588
0.0989746
0.20773
0.133094
0.0784031
0.208297
0.0723828
0.0431841
0.0680747
0.213065
0.0511835
0.0653801
0.111019
0.101424
0.134484
0.0895571
0.0396616
0.102267
0.0780325
0.0553996
0.0669885
0.0651175
0.100347
0.0705508
0.0612369
0.0894355
0.0844282
0.0468262
0.0882898
0.101926
0.0537301
0.385103
0.134429
0.109202
0.0899099
0.113381
0.0866992
0.0880322
0.0613465
0.0712041
0.0787837
0.130586
0.0370307
0.0852024
0.0679845
0.0816341
0.0731863
0.0895345
0.0520801
0.0933925
0.0726412
0.0819162
0.0663503
0.0523718
0.034401
0.161966
0.0994026
0.11129
0.0625977
0.0727445
0.120402
0.166009
0.0542669
0.0595153
0.0968173
0.0654157
0.124216
0.221335
0.0455819
0.0954024
0.0733124
0.108102
0.0322038
0.0903454
0.0892819
0.0987412
0.0962057
0.0633564
0.146214
0.0864871
0.121639
0.0766712
0.0446682
0.173583
0.0341871
0.063321
0.0855271
0.0581689
0.0727621
0.11404
0.0847542
0.0434029
0.0738831
0.0374092
0.0842612
0.0444827
0.0849712
0.111663
0.0926515
0.0801871
0.14358
0.0418251
0.0671839
0.141884
0.0599119
0.0578902
0.0761832
0.0308825
0.0987387
0.0681988
0.0849341
0.142924
0.0741209
0.0783386
0.0565452
0.0727049
0.0723397
0.0988807
0.121308
0.131612
0.0500819
0.098996
0.0973337
0.044862
0.0582548
0.123394
0.0742372
0.315925
0.116852
0.0272292
0.11548
0.0673617
0.100098
0.0776568
0.132278
0.0428346
0.482499
0.0249744
0.0418321
0.0634386
0.071388
0.0636963
0.233125
0.0872707
0.152036
0.332511
0.427281
0.0981943
0.0742482
0.222663
0.244694
0.0627253
0.0616704
0.120067
0.041312
0.0724889
0.109103
0.115152
0.0589265
0.0356683
0.0998692
0.134297
0.339979
0.0374754
0.0965244
0.111332
0.111402
0.0800822
0.107316
0.069985
0.131627
0.179899
0.0671594
0.089422
0.0496698
0.0810019
0.06047
0.0901599
0.176252
0.214936
0.131635
0.0653096
0.109242
0.045066
0.0584407
0.122564
0.0343998
0.0895057
0.230759
0.116401
0.209522
0.157562
0.465928
0.0635881
0.0696239
0.275339
0.0407503
0.107896
0.0585909
0.225009
0.037076
0.0900121
0.122036
0.0736038
0.125475
0.0783919
0.0753879
0.0785311
0.042948
0.172526
0.0377161
0.0656667
0.0986436
0.0376739
0.165489
0.0837852
0.188526
0.0732494
0.0679053
0.0860948
0.0591737
0.0841261
0.162665
0.0215131
0.062986
0.0644264
0.0928073
0.0670785
0.0846302
0.0755647
0.242851
0.13436
0.069641
0.0320885
0.40424
0.0951556
0.122773
0.0737585
0.036467
0.131272
0.103024
0.112965
0.339395
0.0405705
0.598733
0.121685
0.131268
0.036788
0.156595
0.111996
0.136324
0.0811169
0.0749368
0.0503698
0.0861425
0.0520728
0.291768
0.0892322
0.25366
0.0587166
0.0641454
0.0681157
0.0876838
0.109569
0.113128
0.142917
0.0541283
0.092304
0.0766163
0.10168
0.0482332
0.0996626
0.0693448
0.116993
0.089288
0.0482732
0.0424725
0.0579146
0.0606187
0.0504112
0.135957
0.0896289
0.0893168
0.111606
0.102861
0.0960809
0.0626977
0.182288
0.0882821
0.113474
0.0403279
0.106887
0.123808
0.109426
0.0820686
0.271959
0.0489178
0.0456143
0.0729207
0.0534296
0.0324679
0.10186
0.0659999
0.0879244
0.0310118
0.0867462
0.0374209
0.0483208
0.119252
0.12295
0.101126
0.12864
0.0370948
0.172683
0.18214
0.115271
0.13714
0.0743127
0.113223
0.0854285
0.0937144
0.107588
0.0781214
0.0883071
0.172307
0.060344
0.0691536
0.0350878
0.0604149
0.0610755
0.0358276
0.0711723
0.0338495
0.112496
0.0326251
0.0912225
0.092847
0.122321
0.0719267
0.128512
0.0614145
0.381335
0.0613195
0.0825289
0.164179
0.0631235
0.0650329
0.0420997
0.096074
0.157768
0.0986582
0.128399
0.0602115
0.0437315
0.133427
0.111693
0.0611386
0.126218
0.232794
0.119043
0.078448
0.0708511
0.123393
0.123209
0.0483475
0.023234
0.0909598
0.114911
0.0427954
0.0947574
0.117114
0.0920006
0.214663
0.172446
0.0742272
0.0656678
0.0760811
0.197657
0.0477916
0.0892736
0.115283
0.0748687
0.255029
0.0903378
0.113454
0.0994024
0.111477
0.0812519
0.0934683
0.10161
0.0321533
0.0955494
0.084625
0.347803
0.10909
0.0927273
0.0889325
0.0700141
0.064809
0.0879145
0.0655683
0.0738725
0.0497021
0.0741661
0.220342
0.19236
0.0357654
0.0601939
0.0727402
0.101319
0.0841144
0.0725144
0.0957921
0.102269
0.0487594
0.0929459
0.0684079
0.136043
0.100161
0.0827229
0.072871
0.0568384
0.0842152
0.170794
0.0888713
0.0638527
0.0842502
0.0803321
0.0653503
0.0628364
0.113399
0.0525304
0.210985
0.367501
0.0696625
0.110828
0.0731075
0.0430539
0.0494205
0.208355
0.0629385
0.0620834
0.390462
0.0621858
0.0666817
0.114088
0.0917442
0.0356295
0.0621813
0.0399494
0.0654216
0.079362
0.0850985
0.0569798
0.099571
0.0510064
0.0711545
0.0861677
0.0697792
0.101241
0.0729658
0.142846
0.0627684
0.0746862
0.263925
0.0848952
0.0241302
0.122177
0.09307
0.110794
0.198394
0.0395811
0.0933821
0.0268529
0.0433977
0.0440757
0.0621169
0.326814
0.0934055
0.218783
0.14484
0.0745694
0.237622
0.0586791
0.114564
0.122873
0.128549
0.0979699
0.104625
0.149197
0.0579748
0.0559948
0.10989
0.0846887
0.117748
0.0354263
0.113044
0.0328102
0.0486851
0.124174
0.116458
0.034975
0.0523019
0.0690798
0.095712
0.0823254
0.0609029
0.026257
0.101744
0.0230508
0.187333
0.114774
0.0417817
0.125074
0.0790518
0.144053
0.0926124
0.100803
0.0789626
0.134788
0.558679
0.120071
0.01534
0.126491
0.0962632
0.127458
0.0817331
0.13454
0.0990041
0.0955395
0.0731227
0.0882308
0.0667527
0.0605566
0.0967679
0.0382308
0.233736
0.0515268
0.0428708
0.0464085
0.0361894
0.0577056
0.0443302
0.087772
0.0673321
0.0406084
0.0659049
0.061456
0.115308
0.0922144
0.0775243
0.130305
0.11963
0.162719
0.0761726
0.0438872
0.0631179
0.0851856
0.0709028
0.257258
0.175217
0.122566
0.108858
0.298212
0.0776309
0.229227
0.0460005
0.0647091
0.0487348
0.086708
0.0510871
0.0370604
0.0924546
0.0603527
0.072153
0.0983073
0.0753799
0.0683208
0.12648
0.0888043
0.0457777
0.0598285
0.0687661
0.0493934
0.109088
0.14507
0.0807398
0.102884
0.0531644
0.0889005
0.0671242
0.156982
0.1234
0.0445582
0.075231
0.313038
0.155158
0.123575
0.0581618
0.0902518
0.0313886
0.0573076
0.0659119
0.0419567
0.036535
0.0609977
0.0760899
0.100688
0.0898136
0.061258
0.0473543
0.0419446
0.0420747
0.151955
0.047617
0.0500842
0.0598299
0.0602126
0.0612952
0.182551
0.205017
0.0797831
0.0697441
0.0325699
0.0443248
0.206479
0.164281
0.100885
0.0621059
0.0890585
0.0851344
0.0780956
0.100402
0.071965
0.145212
0.0731967
0.0730341
0.0527
0.217904
0.0833074
0.0792515
0.120492
0.106445
0.0776924
0.0668297
0.107162
0.0718825
0.0515576
0.136599
0.0295351
0.0839838
0.116621
0.209875
0.204432
0.0713546
0.0757812
0.0888575
0.088095
0.0809907
0.0535401
0.135879
0.0669933
0.120066
0.119376
0.0869215
0.0607173
0.154207
0.0836495
0.186918
0.123851
0.102148
0.484532
0.0375659
0.195196
0.0930255
0.089216
0.0611134
0.119377
0.073696
0.0555912
0.0742566
0.0371441
0.134125
0.0909229
0.115258
0.0908729
0.0681332
0.0730601
0.0740418
0.0905353
0.0408218
0.0921062
0.0717027
0.0664675
0.061974
0.0614755
0.0704572
0.0494149
0.0588849
0.0419518
0.062448
0.0821497
0.058053
0.188897
0.0988514
0.0673011
0.111411
0.125102
0.044301
0.071805
0.109199
0.0309605
0.178368
0.112755
0.113148
0.0724755
0.120286
0.0201758
0.0831706
0.0784692
0.0757023
0.125148
0.0411018
0.0522891
0.108682
0.0657137
0.104583
0.0867314
0.0424405
0.055843
0.05148
0.0788647
0.0374494
0.0802914
0.10929
0.0536544
0.0441519
0.0688284
0.0875028
0.236569
0.161646
0.109121
0.217123
0.0547255
0.130916
0.108702
0.0560123
0.0634539
0.112954
0.116452
0.0720335
0.136857
0.0706519
0.0762339
0.0753916
0.100789
0.0786729
0.0996256
0.0641583
0.0550867
0.121164
0.226095
0.0704167
0.215084
0.104698
0.105477
0.0953264
0.116627
0.0614741
0.110135
0.0749639
0.0535143
0.0244177
0.0373977
0.0647509
0.125637
0.0793736
0.12637
0.0815081
0.186744
0.115035
0.0574603
0.0705112
0.127723
0.0621002
0.254661
0.12269
0.0388178
0.0674555
0.100859
0.215973
0.101964
0.0589974
0.0472328
0.0639759
0.0856698
0.146553
0.234378
0.0588359
0.0491775
0.0866032
0.03051
0.071168
0.0510452
0.0217293
0.129783
0.0619173
0.159715
0.123422
0.0587352
0.0590263
0.055787
0.100438
0.235574
0.184665
0.0302935
0.0424818
0.10165
0.110705
0.0881749
0.28132
0.0821508
0.0912959
0.0751798
0.0298666
0.0686427
0.0916463
0.16575
0.14423
0.0662038
0.0339262
0.107746
0.0850486
0.0794653
0.0535338
0.103953
0.0824647
0.175135
0.0498315
0.160733
0.0531774
0.0772136
0.0788814
0.10219
0.105664
0.093276
0.0724606
0.14077
0.0767984
0.0282188
0.0984661
0.090276
0.163884
0.127433
0.042858
0.0639436
0.0662405
0.0718012
0.0441032
0.0684805
0.0231483
0.165428
0.531608
0.0903667
0.0790593
0.0980053
0.0888216
0.129184
0.0684982
0.0553222
0.231772
0.0796634
0.248206
0.0624714
0.125919
0.145331
0.0629781
0.0679818
0.0828596
0.0567273
0.102343
0.0783172
0.0989428
0.0409568
0.0599231
0.0322438
0.0689357
0.07866
0.0955489
0.12068
0.0539593
0.103524
0.0839402
0.17281
0.0569133
0.17995
0.0744221
0.296978
0.147631
0.128189
0.060394
0.132594
0.032528
0.0547126
0.154522
0.111026
0.170659
0.173948
0.0485818
0.117136
0.120376
0.0568515
0.106233
0.108522
0.181523
0.166879
0.122412
0.15121
0.144183
0.0496518
0.0415176
0.140892
0.0528029
0.0777391
0.135305
0.0464079
0.0623757
0.146288
0.065625
0.118609
0.0481301
0.123347
0.0401368
0.0381133
0.0379366
0.0873119
0.106865
0.0474717
0.0443613
0.0463015
0.114554
0.0789503
0.0699725
0.0730547
0.0350196
0.148078
0.0994595
0.0967498
0.0681223
0.158745
0.0596611
0.222434
0.544072
0.0741056
0.162603
0.117345
0.161447
0.0536713
0.111941
0.0906557
0.11018
0.112495
0.0502864
0.10583
0.0767267
0.0216022
0.075838
0.0621746
0.129546
0.051346
0.0638327
0.0327644
0.0524306
0.0565685
0.110434
0.145662
0.113239
0.0887154
0.264177
0.0395448
0.0859922
0.0864067
0.0492128
0.0906873
0.109696
0.119992
0.0669009
0.113481
0.0919705
0.0604805
0.0722136
0.0325251
0.0815039
0.141523
0.0833339
0.0319257
0.0744786
0.0484952
0.115282
0.0513056
0.253398
0.0844214
0.0725705
0.0785758
0.119305
0.120126
0.0953654
0.187101
0.065865
0.0762769
0.0813846
0.0413806
0.0801679
0.0575296
0.144164
0.0663713
0.116035
0.0617597
0.0487341
0.0598267
0.0893445
0.110915
0.0173359
0.0975932
0.0803855
0.0537142
0.0577319
0.0536319
0.0419643
0.0695592
0.0767736
0.163116
0.0451824
0.0320522
0.0357949
0.0498019
0.0493561
0.0690754
0.11676
0.065864
0.0528278
0.139459
0.0385057
0.103891
0.0788194
0.0229348
0.120829
0.106419
0.118556
0.0867557
0.0622622
0.0994599
0.0433838
0.173001
0.0379022
0.126965
0.0343204
0.411067
0.105107
0.0924585
0.0793031
0.155957
0.197429
0.194762
0.227499
0.131969
0.216723
0.13028
0.0844684
0.079825
0.10704
0.0822244
0.0896931
0.024247
0.127361
0.12404
0.0541786
0.104714
0.0493032
0.0845427
0.0631274
0.159236
0.048389
0.0714472
0.136361
0.0505833
0.104066
0.0851519
0.0762292
0.0347265
0.125965
0.127937
0.0874243
0.490018
0.0294232
0.0440812
0.0617334
0.0985619
0.0770355
0.0585361
0.0958217
0.108082
0.0981318
0.116058
0.057268
0.10926
0.0472613
0.0377205
0.0916947
0.0919547
0.0555572
0.126461
0.155409
0.0363999
0.11512
0.0328301
0.243454
0.0688375
0.325805
0.0780819
0.0414118
0.0802232
0.16022
0.0581185
0.0593222
0.28045
0.143491
0.0694861
0.0993145
0.0360413
0.0623521
0.0655092
0.063571
0.0653467
0.0996253
0.0224133
0.0502469
0.0493003
0.140696
0.115033
0.0892346
0.0791443
0.097358
0.0401805
0.0773204
0.0254256
0.0855274
0.259092
0.264609
0.0551077
0.217492
0.0602947
0.0610271
0.0874982
0.0771938
0.134318
0.102186
0.0766915
0.0892397
0.100728
0.045782
0.129719
0.0615168
0.111341
0.0632676
0.0495817
0.0483883
0.0744779
0.103545
0.0851637
0.0846716
0.146973
0.071997
0.30462
0.0750656
0.0904509
0.0461725
0.0879183
0.126792
0.127962
0.10603
0.0760724
0.0445071
0.0579977
0.0981256
0.175057
0.227605
0.0904896
0.12471
0.0381217
0.048072
0.267522
0.0666267
0.0700007
0.118468
0.186038
0.0328883
0.0948078
0.0885849
0.0760755
0.0846902
0.0405916
0.0986746
0.129432
0.0486862
0.313144
0.155381
0.0378983
0.0723324
0.100607
0.221092
0.0743146
0.046586
0.0438563
0.523476
0.0488965
0.0792112
0.112149
0.078802
0.0670019
0.0688378
0.149991
0.11456
0.371409
0.0496493
0.0633811
0.092453
0.0712215
0.091776
0.161886
0.0428953
0.0983119
0.083478
0.351065
0.110698
0.139711
0.144743
0.049439
0.311973
0.0773096
0.100953
0.108691
0.0811965
0.041883
0.0313473
0.0846341
0.116683
0.0474495
0.125272
0.0559469
0.11709
0.0517321
0.0574757
0.0946879
0.266489
0.0574903
0.0915947
0.0375887
0.189258
0.0840916
0.141791
0.132977
0.118409
0.0783737
0.23877
0.0881818
0.0503808
0.119089
0.436187
0.0736449
0.108888
0.0820785
0.128121
0.0836301
0.165934
0.0806983
0.114829
0.0432752
0.152752
0.109661
0.0859109
0.399028
0.0551982
0.110204
0.0536947
0.109424
0.0691671
0.208878
0.0388569
0.190843
0.0632586
0.0613563
0.0681321
0.0393225
0.0212186
0.0886191
0.0667916
0.0469371
0.134539
0.0837637
0.113173
0.0812038
0.12395
0.141054
0.0823872
0.0571456
0.0468807
0.381556
0.0277688
0.116811
0.145834
0.0314389
0.18012
0.0787149
0.0572272
0.0554762
0.182999
0.0738967
0.0907754
0.0806626
0.0826351
0.0862013
0.162132
0.116973
0.0905498
0.0866565
0.0753687
0.0641224
0.0471852
0.0827102
0.0873439
0.218556
0.0830944
0.0818479
0.0344121
0.0506276
0.137515
0.0723
0.0284667
0.106108
0.0588563
0.129514
0.232598
0.0420363
0.0521905
0.106738
0.0321434
0.180063
0.0478781
0.165539
0.137856
0.0838125
0.0366333
0.0574564
0.114712
0.0579926
0.14777
0.0651521
0.234881
0.09817
0.0653045
0.0969232
0.0991212
0.0809739
0.0913253
0.134004
0.0427413
0.0925813
0.135566
0.103667
0.121495
0.100192
0.0537707
0.0703285
0.0487881
0.0514816
0.19141
0.0403569
0.0655497
0.232399
0.12018
0.0698153
0.113853
0.117074
0.209552
0.146133
0.159063
0.0649297
0.0919065
0.120727
0.0754479
0.0610322
0.0761602
0.0893283
0.0414126
0.0848237
0.0944187
0.0708518
0.207857
0.137588
0.0749178
0.0757539
0.113357
0.123519
0.0646026
0.0686756
0.0842287
0.146641
0.0378299
0.385757
0.0535663
0.0755087
0.126851
0.080967
0.0764318
0.0951145
0.0511431
0.0785082
0.107906
0.0835043
0.0669078
0.0600718
0.116889
0.162555
0.171138
0.0636427
0.0575868
0.0673316
0.138243
0.071806
0.133185
0.121669
0.0479544
0.0829995
0.0537984
0.112053
0.0942477
0.14158
0.0831093
0.184326
0.0423529
0.1737
0.0931415
0.119508
0.117824
0.0623655
0.142639
0.0511586
0.054299
0.185486
0.0339046
0.0691932
0.0478168
0.0546058
0.0488136
0.182641
0.0771942
0.128578
0.0488326
0.0936054
0.068143
0.0415529
0.0844968
0.136957
0.106848
0.0941425
0.121785
0.176108
0.12679
0.147712
0.0727103
0.0329699
0.0764596
0.0382258
0.126006
0.0894022
0.0391865
0.0855818
0.090072
0.126808
0.0463753
0.0647765
0.105723
0.146892
0.0694855
0.079891
0.137613
0.078509
0.169339
0.127477
0.0720434
0.169409
0.0874455
0.0893876
0.0659649
0.0539801
0.0530046
0.0375458
0.117941
0.0974725
0.0373396
0.0936272
0.0509537
0.0797178
0.092852
0.0622303
0.181691
0.0599009
0.107534
0.108353
0.0670894
0.0632875
0.0638285
0.114633
0.36881
0.157164
0.14561
0.092892
0.116733
0.0723427
0.0563539
0.219658
0.0442985
0.0541772
0.112632
0.315534
0.0657362
0.210778
0.0961829
0.0559239
0.0629485
0.0389361
0.260255
0.058518
0.0375014
0.0750839
0.196221
0.0677972
0.0905066
0.100228
0.0865612
0.0762458
0.140942
0.108829
0.0636202
0.0255699
0.0507384
0.148186
0.040237
0.200675
0.0392835
0.106318
0.0414769
0.0587185
0.0540116
0.0733907
0.0652008
0.0572699
0.0615217
0.146465
0.0671129
0.0298049
0.155528
0.0554347
0.229396
0.0916601
0.0749978
0.0870693
0.0987426
0.136528
0.0881228
0.0903452
0.0967225
0.105441
0.0467884
0.0797719
0.088977
0.0804999
0.0918129
0.0852853
0.0726509
0.0705425
0.0746059
0.165728
0.0513019
0.0420325
0.0630551
0.0789628
0.115981
0.0936843
0.0297815
0.106221
0.0861659
0.0972028
0.140133
0.112934
0.0915166
0.0407738
0.122524
0.284104
0.0599238
0.106205
0.0738791
0.0859825
0.0760589
0.0732348
0.0550319
0.0800817
0.0967396
0.0818729
0.0707434
0.143582
0.195627
0.0853927
0.0788489
0.0664298
0.123436
0.0753667
0.0825463
0.104303
0.342634
0.0967511
0.0972047
0.0531169
0.0443753
0.140978
0.13579
0.0622528
0.208838
0.149464
0.115221
0.0554047
0.161411
0.0549287
0.344536
0.0576128
0.0571725
0.0881861
0.211884
0.106273
0.134792
0.196404
0.0589512
0.0545245
0.109939
0.11573
0.244426
0.0806001
0.131049
0.223097
0.0786957
0.0333096
0.0524379
0.0797934
0.118711
0.11104
0.0729871
0.0821369
0.204199
0.0792589
0.0546584
0.0522451
0.0612377
0.11362
0.0502944
0.303673
0.0817749
0.0900872
0.0684041
0.111483
0.0894885
0.0491378
0.130694
0.0749379
0.0748836
0.138381
0.0468722
0.0665685
0.091834
0.0477855
0.0513781
0.128577
0.0343924
0.155895
0.156296
0.0809204
0.0941655
0.0407326
0.0459946
0.0879559
0.121477
0.102923
0.168502
0.117498
0.10255
0.0860918
0.104535
0.0642867
0.0886708
0.0674587
0.0601234
0.0612383
0.205259
0.425298
0.0879507
0.317527
0.105584
0.2363
0.0866305
0.0742292
0.0542963
0.0653689
0.0914085
0.0564955
0.0425742
0.0568283
0.0832851
0.0501718
0.179699
0.0535527
0.0784307
0.0664188
0.042113
0.151581
0.0460873
0.0777182
0.0739166
0.104085
0.103962
0.237901
0.0786952
0.0666265
0.0847496
0.08469
0.136143
0.0346519
0.0843083
0.055757
0.0785371
0.0882195
0.076249
0.0705686
0.0871157
0.0494241
0.0796701
0.0863984
0.0349259
0.0279228
0.0706182
0.0540062
0.0756695
0.0905798
0.109378
0.0539513
0.0910525
0.09451
0.0789547
0.0855895
0.103422
0.124805
0.11065
0.163832
0.157523
0.0498577
0.102118
0.0836188
0.0236072
0.0651413
0.0554113
0.288973
0.113379
0.0642115
0.122154
0.0460245
0.115934
0.0852098
0.109485
0.0879985
0.059985
0.107445
0.0668018
0.116692
0.0751765
0.123667
0.0686238
0.076522
0.0580791
0.0573814
0.0879405
0.0690509
0.0452367
0.175114
0.053182
0.0963692
0.0654556
0.186004
0.107137
0.086026
0.0538337
0.0457741
0.086961
0.0928132
0.113156
0.220597
0.107875
0.111075
0.0791895
0.114328
0.0959721
0.127499
0.135308
0.0625752
0.0758981
0.177018
0.0667554
0.116905
0.135227
0.0974273
0.0648625
0.105311
0.134366
0.118464
0.0608229
0.0742781
0.0964659
0.0898935
0.045244
0.0668986
0.0542668
0.0372305
0.0678416
0.062277
0.185022
0.141732
0.0877182
0.132304
0.0513786
0.281251
0.136342
0.18215
0.150763
0.0348095
0.090227
0.224491
0.0577449
0.0745279
0.143499
0.151339
0.100821
0.0759282
0.0984953
0.0683836
0.0699301
0.0995284
0.0711065
0.0492815
0.076215
0.0927727
0.23778
0.0567608
0.0820974
0.0763786
0.111877
0.110545
0.106084
0.100685
0.0483601
0.0521718
0.0803366
0.133674
0.124186
0.0755134
0.0851016
0.117419
0.0630209
0.0505801
0.034068
0.201705
0.0709305
0.140734
0.0640806
0.0259222
0.0765636
0.0658656
0.0612206
0.130243
0.232013
0.073802
0.584456
0.0428764
0.103807
0.0469194
0.0844927
0.137938
0.0903943
0.171195
0.108361
0.0706667
0.063636
0.40957
0.111032
0.0938344
0.098043
0.0823407
0.0598292
0.0583685
0.0818325
0.0644251
0.0780285
0.0925423
0.135831
0.114812
0.0566507
0.019572
0.0449698
0.104432
0.0656707
0.0701721
0.0505882
0.048177
0.0586238
0.11675
0.210499
0.188052
0.131472
0.0238175
0.0893238
0.0955691
0.180584
0.0606182
0.10486
0.0334187
0.104931
0.0646492
0.0541434
0.121973
0.0761729
0.109983
0.0285779
0.0862822
0.0936794
0.0995288
0.22978
0.0508799
0.10513
0.0981942
0.227268
0.104488
0.0585133
0.0577462
0.151594
0.0718173
0.0731706
0.0535447
0.0788881
0.0642696
0.0898226
0.0428704
0.0744922
0.0542925
0.110715
0.0796838
0.0560693
0.0450145
0.0497754
0.128223
0.0489207
0.118214
0.0877684
0.108571
0.048304
0.106568
0.087484
0.0292043
0.093873
0.0908564
0.0394705
0.0576338
0.0553583
0.118402
0.0682977
0.041218
0.0598243
0.0585506
0.128357
0.136404
0.0406201
0.0736001
0.0338179
0.0653978
0.142475
0.0196874
0.0587561
0.056204
0.153487
0.244547
0.147316
0.140005
0.297891
0.0588193
0.053216
0.0568585
0.110441
0.396145
0.0461008
0.052608
0.0591915
0.0903783
0.0446897
0.0777829
0.0901685
0.124717
0.0708624
0.140973
0.0336198
0.119103
0.101376
0.122683
0.0913032
0.0490138
0.0469163
0.0723369
0.115954
0.0774992
0.0523472
0.0589526
0.0704102
0.162323
0.101403
0.0796075
0.0788901
0.14693
0.0521104
0.0581892
0.0568799
0.052186
0.134058
0.0450479
0.0879955
0.0438148
0.131868
0.111969
0.0458128
0.0502201
0.149543
0.0305798
0.0457545
0.126294
0.0603588
0.0611838
0.120085
0.109148
0.0505264
0.0561109
0.0672808
0.090309
0.0198716
0.0805727
0.0611643
0.126309
0.217025
0.112602
0.145738
0.0303754
0.0735923
0.0782313
0.0949669
0.120787
0.118883
0.115404
0.0465063
0.122821
0.557285
0.0805676
0.0782568
0.0988541
0.0706263
0.0759346
0.0676827
0.0431844
0.19114
0.0574515
0.0282047
0.0810902
0.254506
0.214062
0.106442
0.0624537
0.120569
0.0741454
0.194869
0.0629933
0.16736
0.0376735
0.0665248
0.0561167
0.381855
0.0467833
0.204947
0.112767
0.0894998
0.110212
0.0972181
0.433147
0.142803
0.0695508
0.073558
0.122445
0.0690739
0.278535
0.0984765
0.0573251
0.155042
0.0780346
0.0465047
0.0855151
0.11773
0.0846263
0.139952
0.17161
0.24226
0.0302528
0.126191
0.0503679
0.104226
0.0557492
0.135138
0.152678
0.138648
0.103346
0.212306
0.0554623
0.103989
0.197678
0.0562232
0.0676003
0.0611107
0.073302
0.0853784
0.0764276
0.138787
0.0370308
0.316751
0.0662804
0.0503898
0.110923
0.053735
0.0550314
0.0627938
0.0925236
0.046589
0.0932812
0.0622139
0.10597
0.058347
0.0684636
0.0988814
0.102569
0.0707008
0.0279801
0.0998867
0.0715697
0.0632948
0.138461
0.065198
0.0962525
0.0429032
0.0997668
0.0584936
0.0337954
0.084991
0.166548
0.0951047
0.0705348
0.090033
0.0890224
0.384406
0.0551618
0.0557133
0.0810614
0.213934
0.178006
0.10945
0.191859
0.390103
0.113628
0.0189465
0.072106
0.051057
0.245615
0.154591
0.0615768
0.120632
0.0520012
0.0894804
0.127028
0.139678
0.0529275
0.0585429
0.07383
0.0762434
0.0698847
0.123427
0.0750587
0.169263
0.0769379
0.0584576
0.0960371
0.0696384
0.118575
0.0760381
0.0519986
0.121435
0.0515836
0.146997
0.0629184
0.0505575
0.0545044
0.0871755
0.148918
0.399886
0.129382
0.172657
0.079905
0.112718
0.140173
0.183871
0.0377783
0.0602681
0.0964906
0.0172703
0.0474484
0.102764
0.191036
0.108536
0.0619424
0.0492447
0.130818
0.0487568
0.0947256
0.102709
0.0238499
0.338571
0.0881927
0.0558107
0.186121
0.0465751
0.055734
0.0541103
0.18094
0.085101
0.18219
0.0975182
0.0819487
0.0940519
0.0903145
0.0850467
0.0976477
0.35191
0.0615213
0.0466864
0.07802
0.0896625
0.0897034
0.132875
0.0735411
0.0609158
0.139757
0.0568882
0.117316
0.124305
0.0679541
0.0500546
0.0440361
0.168308
0.0580997
0.0603134
0.110602
0.0771998
0.060013
0.0897501
0.0516011
0.0748836
0.191768
0.0728965
0.196885
0.0781851
0.138165
0.0722907
0.0704217
0.103175
0.110455
0.0755766
0.0756859
0.0268902
0.168893
0.0981779
0.255719
0.110642
0.12456
0.0877704
0.0447768
0.081611
0.0753969
0.164533
0.0918539
0.153032
0.107536
0.0484872
0.105875
0.0866161
0.221437
0.123849
0.0560102
0.0461528
0.0296449
0.0342669
0.065186
0.0853636
0.136844
0.2472
0.116859
0.171939
0.0866736
0.111874
0.0735927
0.0902825
0.125036
0.189583
0.045511
0.123389
0.0959287
0.0349537
0.123139
0.110635
0.0592671
0.0724773
0.100879
0.0421674
0.40473
0.074817
0.164759
0.141044
0.0376426
0.0570961
0.0660093
0.12479
0.120685
0.1504
0.0252967
0.0393943
0.0284454
0.150437
0.0878447
0.0663066
0.0268665
0.135541
0.0390162
0.0351475
0.166732
0.0632445
0.0650337
0.0865226
0.0660567
0.096297
0.0902978
0.203402
0.0954215
0.0748971
0.0672583
0.0650202
0.0790076
0.0414315
0.0919758
0.337953
0.0796845
0.119163
0.0567508
0.0974368
0.079232
0.157139
0.0635213
0.0756387
0.0518194
0.129748
0.0446696
0.062635
0.132533
0.0941839
0.0671295
0.088606
0.152603
0.0410506
0.173968
0.0731569
0.041001
0.225141
0.0402308
0.0749307
0.129723
0.0600196
0.120364
0.110518
0.0622002
0.0769165
0.108314
0.0497143
0.0668544
0.103841
0.0842848
0.0321023
0.0424983
0.0577381
0.113573
0.0573185
0.0713166
0.046679
0.484385
0.0706744
0.101626
0.0735655
0.110373
0.103096
0.111809
0.0795212
0.0634325
0.185988
0.0998926
0.105986
0.346135
0.0690572
0.16418
0.0448974
0.0474009
0.105937
0.0669278
0.106531
0.0553004
0.0831487
0.0447055
0.214553
0.0855442
0.0881396
0.136569
0.466813
0.0878174
0.112001
0.075205
0.109343
0.0563927
0.0750706
0.0328637
0.10459
0.161128
0.0985625
0.201896
0.156188
0.0751673
0.0240918
0.0650051
0.112293
0.133143
0.065948
0.0591134
0.0333102
0.0486588
0.131263
0.149661
0.323298
0.124771
0.163823
0.0434837
0.0508158
0.226265
0.0836326
0.0972915
0.0628724
0.163471
0.065614
0.0802963
0.0662071
0.0517701
0.102374
0.0840181
0.0652402
0.0587664
0.0798215
0.167954
0.152017
0.0795692
0.0670597
0.117951
0.143601
0.158533
0.0695774
0.556936
0.0531949
0.0458337
0.139639
0.0703647
0.112072
0.151676
0.0820495
0.0743123
0.0527364
0.0941026
0.0712269
0.0478876
0.0922381
0.0912868
0.0558784
0.130588
0.157416
0.0967976
0.0835748
0.108688
0.0765173
0.0523745
0.109301
0.0672138
0.0924473
0.0524918
0.0840695
0.118802
0.0885699
0.0632973
0.12889
0.084735
0.0664873
0.231655
0.0937893
