0.0610908
0.112409
0.104406
0.126869
0.0865294
0.145819
0.135243
0.0510835
0.0798953
0.0633319
0.100194
0.192029
0.0496244
0.132178
0.0168344
0.0914186
0.0347719
0.0637463
0.136878
0.0917443
0.0621034
0.0504467
0.10049
0.0793074
0.0807042
0.0834011
0.182023
0.0905703
0.0737822
0.0960514
0.0950482
0.0667537
0.139856
0.123309
0.107568
0.0868174
0.106309
0.119073
0.0455041
0.118936
0.0874707
0.0316959
0.0757511
0.111012
0.151476
0.105937
0.150498
0.0259485
0.0771977
0.117198
0.14137
0.107992
0.199678
0.110984
0.150352
0.139172
0.0961592
0.01505
0.0560982
0.0848713
0.159293
0.213551
0.151398
0.153412
0.152833
0.140891
0.126379
0.186367
0.0373327
0.102014
0.0618196
0.0942911
0.167951
0.131882
0.129671
0.0519847
0.070792
0.175027
0.0793209
0.0574587
0.168982
0.0578899
0.135782
0.126185
0.311899
0.0495054
0.0513867
0.0856751
0.115793
0.0695729
0.197778
0.119673
0.240638
0.135235
0.0915065
0.17558
0.165069
0.177557
0.0763384
0.0453217
0.0173893
0.143146
0.0924369
0.0919133
0.0591333
0.14765
0.140201
0.130984
0.122677
0.150262
0.128651
0.111323
0.116999
0.0807235
0.0841256
0.119259
0.139839
0.0362823
0.069582
0.0577779
0.0694946
0.101742
0.116825
0.0729107
0.0765039
0.107965
0.112302
0.117117
0.0275621
0.0932473
0.15001
0.118866
0.0799973
0.120559
0.140349
0.159032
0.0407558
0.0861207
0.107164
0.123606
0.0837618
0.139871
0.0971337
0.0639835
0.141378
0.119912
0.151246
0.0810805
0.0636204
0.0880101
0.153315
0.110755
0.0502079
0.130224
0.127457
0.0539404
0.11207
0.0412941
0.115385
0.159215
0.062946
0.0816895
0.113588
0.042984
0.0925423
0.0684823
0.0863618
0.130305
0.102722
0.172393
0.0751161
0.121426
0.0511849
0.105793
0.121227
0.0965922
0.0348206
0.0806166
0.0421782
0.056698
0.114739
0.143177
0.038682
0.0677926
0.0878854
0.104253
0.131233
0.114464
0.103496
0.105729
0.134584
0.141973
0.0943174
0.1516
0.0369632
0.148144
0.24225
0.102518
0.0692852
0.0957038
0.113842
0.0871253
0.161639
0.0527818
0.127522
0.106386
0.0814621
0.121262
0.0675304
0.113656
0.0506836
0.122324
0.08938
0.0643908
0.172437
0.0968018
0.0885076
0.151965
0.0670503
0.142081
0.0960053
0.102501
0.0932566
0.180166
0.0207541
0.0566208
0.155916
0.0987864
0.11061
0.0737207
0.0648684
0.0480413
0.123203
0.120182
0.0803154
0.0770805
0.115552
0.159279
0.0341767
0.141386
0.0876401
0.180528
0.096135
0.0958103
0.0496749
0.0282512
0.106707
0.163943
0.156546
0.110818
0.172439
0.11076
0.152249
0.0883184
0.0761083
0.120504
0.146711
0.108089
0.147732
0.0596509
0.0686677
0.0521916
0.165515
0.098352
0.0383909
0.125498
0.130197
0.0404648
0.102736
0.11774
0.0950626
0.0709405
0.136445
0.0383462
0.135382
0.109387
0.0970516
0.159363
0.131479
0.0470525
0.116791
0.102365
0.134619
0.107446
0.182473
0.0857684
0.0839211
0.100423
0.0720045
0.157784
0.0656325
0.10635
0.131798
0.182086
0.113733
0.102459
0.128534
0.0663494
0.211546
0.0863726
0.054727
0.0909597
0.148433
0.0456777
0.126998
0.135017
0.118487
0.082311
0.171248
0.0663806
0.159435
0.101086
0.0617075
0.12505
0.165669
0.104749
0.174062
0.147917
0.0661658
0.0864338
0.0499025
0.123614
0.122754
0.0819273
0.0891427
0.10449
0.13579
0.200315
0.0758076
0.113874
0.120209
0.0996152
0.0994818
0.120608
0.207531
0.076433
0.0344425
0.122584
0.0947161
0.126988
0.10577
0.249788
0.11197
0.152464
0.0625494
0.116654
0.147929
0.130339
0.0898694
0.0881119
0.119113
0.106446
0.0782422
0.0857504
0.140014
0.181196
0.0843505
0.108291
0.122427
0.0628428
0.120287
0.116317
0.108813
0.0769421
0.0776176
0.166837
0.149234
0.0874913
0.193459
0.198986
0.0698877
0.129034
0.150608
0.0562482
0.0920913
0.186833
0.200402
0.118659
0.0947091
0.0990669
0.205333
0.157654
0.103413
0.0974472
0.0705323
0.0623489
0.0641551
0.117601
0.0543974
0.0755366
0.149901
0.114806
0.0560674
0.0565479
0.0705231
0.0769899
0.125784
0.0531316
0.0405123
0.13122
0.156757
0.0717108
0.112065
0.0948902
0.0692625
0.0880717
0.0418881
0.102301
0.0575177
0.0725294
0.135978
0.095813
0.106052
0.0929648
0.183312
0.194625
0.0709595
0.163619
0.125456
0.0889418
0.133094
0.0659313
0.13544
0.0485163
0.099327
0.141469
0.100358
0.101406
0.181318
0.0346726
0.149357
0.0411523
0.155957
0.0754676
0.131657
0.0966811
0.125873
0.0757587
0.112601
0.138531
0.0842489
0.0704798
0.127136
0.135878
0.0636812
0.0498553
0.206572
0.0738429
0.105155
0.0806199
0.289326
0.0782611
0.179612
0.0809105
0.0451377
0.0686865
0.0877383
0.0262875
0.107825
0.119639
0.0596003
0.145728
0.0725649
0.066421
0.0743782
0.138035
0.0809144
0.1131
0.118596
0.117639
0.0719921
0.189441
0.0960356
0.0845913
0.141936
0.19664
0.139569
0.021604
0.089499
0.119702
0.0322518
0.105291
0.0663436
0.0582537
0.0914835
0.130259
0.19052
0.0366432
0.0978783
0.0823338
0.0853408
0.0656981
0.0415887
0.119056
0.104883
0.129243
0.124466
0.0807345
0.186645
0.119935
0.0987343
0.0852285
0.111314
0.0957372
0.106773
0.0407265
0.0895865
0.0605764
0.0576472
0.161159
0.0515171
0.116258
0.141456
0.0801112
0.118248
0.0971824
0.0989395
0.0678944
0.0747595
0.0956198
0.28302
0.136888
0.0546676
0.187313
0.150357
0.0998085
0.196612
0.154639
0.12678
0.131392
0.045826
0.100795
0.101126
0.146793
0.063869
0.17644
0.105039
0.0381484
0.148558
0.154261
0.141946
0.103752
0.088347
0.0989947
0.175278
0.0915331
0.068387
0.0587297
0.0416858
0.0432333
0.0903106
0.160235
0.0985755
0.0880198
0.104539
0.11874
0.13045
0.146401
0.138753
0.0755637
0.145837
0.183259
0.0815267
0.115754
0.101915
0.0508383
0.0641341
0.0371311
0.0666643
0.168439
0.100285
0.09349
0.0440379
0.157468
0.128491
0.166851
0.0455993
0.0915953
0.132124
0.195967
0.0276537
0.102599
0.131026
0.0876819
0.074021
0.100339
0.116364
0.14382
0.0678555
0.0764556
0.0937738
0.0565324
0.293934
0.0698583
0.117079
0.143778
0.0509895
0.0297655
0.0845879
0.0642973
0.114415
0.101958
0.142406
0.143987
0.177288
0.107606
0.0865264
0.067567
0.114189
0.0755487
0.188898
0.10147
0.0744949
0.134039
0.14521
0.130996
0.0664376
0.0860119
0.160695
0.110018
0.106637
0.0781038
0.111088
0.105748
0.072402
0.103285
0.101913
0.128156
0.127558
0.0763991
0.148387
0.16653
0.106784
0.100908
0.109489
0.0308718
0.123042
0.162335
0.203721
0.0533005
0.0565803
0.070255
0.0863404
0.0514369
0.0265541
0.0251894
0.0743306
0.105364
0.0496121
0.135602
0.0623599
0.124617
0.17933
0.0915419
0.0660463
0.137173
0.0467734
0.134197
0.120201
0.111128
0.127733
0.0387168
0.117541
0.0670146
0.0835928
0.076101
0.0994418
0.0603859
0.205878
0.103782
0.155041
0.0969937
0.0765508
0.161337
0.0811889
0.0967232
0.0980716
0.132642
0.0690368
0.0899417
0.0890897
0.0565858
0.130233
0.022638
0.0547088
0.102991
0.142428
0.105303
0.0520732
0.0769703
0.0723823
0.0985966
0.12276
0.0521053
0.109046
0.123466
0.0992055
0.0473111
0.0296326
0.0737785
0.105414
0.0833042
0.0936568
0.201791
0.0905021
0.1144
0.123347
0.114175
0.102273
0.162489
0.043293
0.0604645
0.113294
0.0855549
0.118986
0.111528
0.184941
0.069561
0.223634
0.0668324
0.0543842
0.0968395
0.135997
0.139621
0.236829
0.0836359
0.103741
0.0673273
0.0544681
0.121793
0.115152
0.185545
0.155096
0.155061
0.0473513
0.14506
0.133173
0.115887
0.0603056
0.0468204
0.106791
0.121144
0.12122
0.0976483
0.0278394
0.121903
0.158926
0.183334
0.172664
0.0550971
0.107156
0.108931
0.19822
0.0751668
0.0665968
0.179822
0.113741
0.0896237
0.104373
0.116573
0.155484
0.110112
0.0801731
0.0762622
0.288074
0.104813
0.053518
0.064579
0.110243
0.0660699
0.204199
0.219364
0.0791164
0.0665501
0.158586
0.151199
0.148585
0.0860329
0.156999
0.0925279
0.1336
0.0954177
0.0647933
0.169039
0.119586
0.103932
0.13932
0.110105
0.135667
0.103472
0.127048
0.0879789
0.136035
0.14868
0.140812
0.119188
0.116007
0.0937097
0.0465322
0.0808473
0.131926
0.144671
0.125184
0.0930179
0.0624527
0.198069
0.0636141
0.0606654
0.0529306
0.188133
0.125577
0.0597494
0.101613
0.149912
0.122665
0.134969
0.158161
0.0616512
0.113867
0.079993
0.0670653
0.0905831
0.0592315
0.0832475
0.106128
0.0828237
0.11402
0.127547
0.139974
0.0698121
0.127685
0.0535321
0.106408
0.0532386
0.240779
0.133665
0.121105
0.138755
0.061441
0.0800997
0.131879
0.0642202
0.104591
0.0745446
0.0450592
0.0510999
0.109053
0.0602239
0.120903
0.0590727
0.0222825
0.0755197
0.11335
0.169598
0.100208
0.0453236
0.217294
0.0620403
0.055376
0.1405
0.0901841
0.122616
0.0975482
0.0879956
0.211487
0.0753003
0.0837082
0.0889243
0.0801049
0.0984984
0.116196
0.110471
0.103055
0.167674
0.160566
0.0767086
0.131556
0.0829643
0.0696266
0.077539
0.0543707
0.075197
0.0855
0.148412
0.0529497
0.142476
0.163524
0.0866979
0.12338
0.120975
0.129136
0.121803
0.119352
0.21282
0.0611566
0.184826
0.2208
0.113616
0.105158
0.120179
0.115726
0.0957111
0.209855
0.101753
0.17525
0.187535
0.0763482
0.0235701
0.183581
0.085284
0.0847549
0.124874
0.164421
0.127165
0.082673
0.12102
0.0930242
0.0836948
0.0749597
0.278117
0.171323
0.0651271
0.205297
0.0403005
0.150712
0.132305
0.110181
0.135751
0.0840312
0.0498039
0.137101
0.18222
0.0887041
0.080136
0.0524167
0.200745
0.137996
0.124996
0.156744
0.137234
0.1019
0.0886854
0.10288
0.0459631
0.0386812
0.121588
0.100031
0.130943
0.0674839
0.124025
0.134113
0.118607
0.060811
0.111926
0.107048
0.0722966
0.161816
0.115336
0.0745978
0.096878
0.0928784
0.153897
0.109513
0.0388397
0.0746927
0.0781568
0.179388
0.0195549
0.146869
0.137743
0.0463075
0.131114
0.097915
0.0970436
0.0977421
0.0860876
0.0855272
0.0854871
0.0620703
0.0989056
0.100095
0.0896544
0.0912564
0.129657
0.154584
0.25575
0.0276494
0.118744
0.067135
0.106011
0.137205
0.0888985
0.0710112
0.151623
0.0990957
0.158119
0.0734809
0.0806174
0.0841162
0.180062
0.133223
0.10804
0.0396131
0.106962
0.167332
0.0337125
0.138346
0.0885221
0.0811508
0.0978192
0.113714
0.169763
0.0955214
0.155306
0.112748
0.0392048
0.141434
0.155574
0.0714239
0.0658055
0.161272
0.123118
0.112238
0.288848
0.0730638
0.222667
0.0426621
0.0383999
0.114482
0.147048
0.205575
0.217898
0.228645
