0.0346479
0.0521076
0.0176861
0.0030659
0.0269427
0.0327812
0.044972
0.0267924
0.0153976
0.0031763
0.0288406
0.0591021
0.01436
0.000264075
0.0166482
0.0165392
0.0277808
0.00165867
0.0426163
0.0182695
0.0144316
0.0225051
0.0142526
0.00428565
0.00628417
0.0172661
0.0358859
0.0160023
0.00189807
0.0674965
0.0240475
0.026958
0.00269477
0.0193212
0.00997539
0.060541
0.00274747
0.0247062
0.0172106
0.0191275
0.0185394
0.0110206
0.0387174
0.0483457
0.00236913
0.020179
0.0146069
0.0293134
0.00121475
0.0163578
0.0833758
0.043084
0.00974635
0.0217521
0.0264303
0.02954
0.0543777
0.0235423
0.00735584
0.0443397
0.00720346
0.0296987
0.0180395
0.0263971
0.0281467
0.0266897
0.0313554
0.0254213
0.00350329
0.0124213
0.0153275
0.00729429
0.0335864
0.00771986
0.0334063
0.0128116
0.0413456
0.0308344
0.0333278
0.0238446
0.0398679
0.0124719
0.0415045
0.0772084
0.0473225
0.0126832
0.0275117
0.0327602
0.011843
0.0322952
0.0217385
0.0221556
0.0546525
0.0528791
0.0129096
0.0149684
0.0337167
0.000644089
0.0048474
0.0272064
0.0156169
0.011416
0.0267127
0.0341624
0.0017726
0.044816
0.0096146
0.00190065
0.0112172
0.0321794
0.00174045
0.00365292
0.024345
0.0346884
0.000250337
0.0059337
0.0221885
0.0334878
0.0240091
0.0636086
0.00913101
0.0178367
0.00171646
0.0268627
0.029418
0.0172393
0.0488231
0.0311269
0.0082613
0.0222412
0.0212271
0.0299614
0.0430205
0.0152614
0.0279407
0.0196758
0.0434377
0.00938482
0.0256402
0.0253504
0.0141128
0.032873
0.0470891
0.0167596
0.045519
0.0503004
0.0575263
0.00632885
0.00552325
0.0179508
0.0199131
0.00186399
0.00332235
0.0234484
0.00166626
0.0351668
0.037305
0.0286924
0.0562707
0.0132503
0.0483009
0.0052707
0.00765109
0.00321284
0.00180683
0.0814481
0.0428936
0.0328744
0.0028835
0.0346955
0.0391532
0.0350346
0.0201016
0.0204143
0.0176401
0.0108638
0.0173788
0.0251699
0.0363798
0.0313783
0.0441702
0.0419331
0.00129317
0.0247451
0.0223798
0.0178873
0.00344017
0.00179484
0.0788466
0.0519935
0.0186271
0.0347494
0.016552
0.0203485
0.0109603
0.0335813
0.0333443
0.0159156
0.0431039
0.0206801
0.0233572
0.0765765
0.032955
0.00992919
0.00451469
0.00424122
0.0125443
0.0276496
0.0350014
0.0350267
0.0325201
0.0981084
0.00103563
0.0340952
0.0112592
0.00206717
0.0111362
0.0501737
0.0214958
0.0274594
0.00250595
0.0179079
0.0444281
0.0801944
0.0113163
0.0385435
0.0286539
0.0252204
0.016863
0.0347997
0.0100044
0.0180429
0.0656004
0.00344016
0.0112357
0.0322714
0.00855553
0.0152507
0.00216425
0.0389984
0.0120356
0.0434319
0.0228737
0.0448651
0.023128
0.0529441
0.0167037
0.0312243
0.0225477
0.0154204
0.0312316
0.0248801
0.00164986
0.0333221
0.00304943
0.0180956
0.0387759
0.0112341
0.0041251
0.0319612
0.00116029
0.0355863
0.00973136
0.047127
0.00326256
0.0247604
0.00255394
0.0262218
0.0458784
0.0107986
0.00803553
0.0290715
0.00227488
0.0473762
0.040346
0.0228388
0.0018725
0.0296607
0.0154425
0.0358135
0.0140111
0.00318328
0.00168761
0.109776
0.0134411
0.0317764
0.00910747
0.0132182
0.0371593
0.0323879
0.0155669
0.00178154
0.0282304
0.0426971
0.00378768
0.0215205
0.00139487
0.0186054
0.00395602
0.0342376
0.0196894
0.0433019
0.00228906
0.00861663
0.0148108
0.000709068
0.0338813
0.0265158
0.000480108
0.015595
0.0257144
0.0343437
0.0429023
0.00988103
0.0282114
0.029719
0.0184076
0.0288413
0.00850377
0.0341135
0.0237333
0.0514824
0.0024799
0.0177819
0.055972
0.0515448
0.0215928
0.018918
0.00121089
0.00201226
0.0619233
0.0144237
0.0270087
0.00408542
0.00142634
0.0084777
0.0395338
0.0446217
0.00736091
0.036014
0.0128557
0.0211448
0.0111764
0.00125939
0.0288678
0.00801748
0.0218484
0.0300869
0.00812644
0.0196743
0.0384127
0.0446419
0.013167
0.0280675
0.0259534
0.00561679
0.0299728
0.0219137
0.00253096
0.0263258
0.012324
0.00299624
0.00396848
0.0124029
0.0189291
0.0215662
0.0525262
0.00724293
0.0245274
0.0241276
0.012033
0.026224
0.0200038
0.0305417
0.0262152
0.00942007
0.0323323
0.0249901
0.0165057
0.0153039
0.0350492
0.082004
0.00922691
0.0023111
0.00199113
0.0237393
0.00588179
0.0038337
0.00815042
0.00119066
0.0205917
0.0185033
0.0364783
0.0113355
0.021874
0.00266073
0.0423819
0.0904497
0.0416949
0.0269046
0.0184476
0.0319629
0.00138616
0.0342646
0.0457633
0.0210962
0.0307908
0.0102082
0.033732
0.00144642
0.0137763
0.0581227
0.0134394
0.00127684
0.0641505
0.0320281
0.00148773
0.029044
0.0116941
0.00283632
0.00303296
0.00345959
0.0360706
0.0563082
0.0162751
0.0224914
0.0518931
0.0216229
0.00259768
0.010996
0.0108224
0.0131692
0.0251502
0.0147591
0.0215759
0.00120154
0.0492716
0.012055
0.000679632
0.0488245
0.0355507
0.0346646
0.0404103
0.0383191
0.0267944
0.0510688
0.00273135
0.022861
0.0326658
0.0291627
0.00238727
0.00179322
0.00838272
0.00798753
0.00233741
0.017443
0.0275564
0.0169308
0.0157123
0.0107536
0.0324871
0.0407989
0.030369
0.0110505
0.018294
0.0272367
0.00252706
0.0174074
0.00466238
0.00753089
0.0503264
0.0411465
0.0314824
0.00736898
0.000351076
0.0194619
0.00684015
0.00877085
0.0250566
0.00595089
0.0246462
0.0266748
0.00296952
0.0023965
0.00166608
0.0140019
0.0248926
0.0356969
0.0217008
0.0287442
0.0240275
0.0377137
0.00864589
0.000550299
0.024005
0.0178922
0.00738889
0.0173529
0.011829
0.0339045
0.0101359
0.00218193
0.015349
0.0040292
0.0267133
0.00227514
0.0198488
0.0257
0.0296253
0.0355011
0.0042657
0.0273305
0.0384941
0.00458695
0.0473635
0.0153933
0.00205013
0.0245493
0.0322645
0.0221059
0.0219707
0.0320167
0.00137811
0.0146513
0.00268528
0.0311159
0.0221935
0.0113284
0.0162047
0.0297868
0.0134913
0.00234569
0.0185088
0.0111311
0.0382726
0.0185538
0.0272898
0.0273097
0.00160227
0.0170278
0.00325069
0.0389712
0.0175879
0.0402383
0.0372777
0.0376198
0.0174333
0.0100264
0.00579401
0.0145702
0.0225598
0.014164
0.0898748
0.0307549
0.00219452
0.0376793
0.013253
0.000624068
0.0351124
0.0102384
0.014908
0.0320447
0.0182446
0.0273606
0.0223254
0.0207643
0.00974682
0.0143348
0.0228101
0.0218557
0.024459
0.0275801
0.0226906
0.00893966
0.0437987
0.0142311
0.00335788
0.000911135
0.0365099
0.0270458
0.0161556
0.0441175
0.0261305
0.0278541
0.0249681
0.025722
0.0347446
0.00102036
0.00202512
0.0251934
0.0308159
0.0265577
0.0267403
0.0546847
0.0132012
0.0343521
0.0243744
0.00961143
0.0232597
0.0331875
0.0227034
0.000829699
0.0114754
0.00362996
0.057241
0.00812387
0.0221958
0.0547655
0.00339989
0.00422406
0.0209757
0.0367169
0.00184597
0.0232932
0.0238305
0.0538999
0.00286276
0.0283219
0.0061775
0.00269719
0.0351665
0.0586255
0.0116323
0.0311684
0.0486748
0.00225462
0.0041763
0.018497
0.001388
0.0978023
0.0173606
0.0169492
0.0255227
0.0244476
0.0368722
0.00324267
0.0327572
0.0452854
0.0221922
0.0273252
0.00321651
0.0335032
0.0295413
0.000817798
0.0145379
0.0010807
0.0070255
0.00109386
0.0309552
0.0308136
0.0203102
0.0221549
0.0168908
0.00772273
0.0155516
0.071298
0.0101841
0.0598541
0.0167569
0.0027069
0.0240993
0.00197494
0.00900886
0.0452504
0.00211972
0.00165428
0.013618
0.028335
0.0296709
0.0178329
0.0223541
0.00947409
0.0134995
0.0331915
0.0173492
0.0176775
0.0388977
0.0160536
0.002473
0.0114919
0.040038
0.00298958
0.0306145
0.0164151
0.0545904
0.0491853
0.0628255
0.0647787
0.0380577
0.0361911
0.0472139
0.0170288
0.0268317
0.00421117
0.00243088
0.0264753
0.0398495
0.0283727
0.00109247
0.0295873
0.0125969
0.00939086
0.00671835
0.0200661
0.0530465
0.0137687
0.0255231
0.0706822
0.00394338
0.035554
0.0644846
0.0729513
0.0313552
0.0116067
0.00781146
0.062398
0.0223304
0.0569552
0.00144101
0.00132112
0.000662392
0.0064271
0.000943035
0.0280638
0.0214779
0.0172888
0.0162995
0.0149634
0.0287198
0.0647045
0.0470765
0.0146964
0.0344467
0.0564883
0.0185844
0.0107659
0.0433873
0.02093
0.0263117
0.029848
0.0382418
0.027419
0.0296871
0.0153086
0.0280865
0.0412096
0.00872726
0.0184542
0.0283494
0.0446134
0.0188818
0.0375958
0.0491522
0.024852
0.00108237
0.0019341
0.0310775
0.0343692
0.00129248
0.0367879
0.0326806
0.0221619
0.0334419
0.00999417
0.0285797
0.0198815
0.0161997
0.00227498
0.0153836
0.0226938
0.0256824
0.0234771
0.0223421
0.0267753
0.0129553
0.0318683
0.0151214
0.0362121
0.0224855
0.0233861
0.0565466
0.0272633
0.00451433
0.013363
0.00161465
0.0477818
0.0274229
0.0487196
0.0351778
0.0116926
0.00619116
0.040253
0.0249544
0.0137672
0.0134966
0.00517791
0.0439117
0.00397475
0.0152743
0.000970106
0.026912
0.0079047
0.0224165
0.0662119
0.0338074
0.0257237
0.0554483
0.00344116
0.0637042
0.0423929
0.0591384
0.0230116
0.00138612
0.000654512
0.00263524
0.0313829
0.0222944
0.0174316
0.0366175
0.0107375
0.00845715
0.032856
0.0117169
0.0473574
0.00511679
0.0278497
0.0418734
0.0351072
0.0295219
0.0190617
0.00816368
0.0423982
0.0162278
0.00138388
0.00689193
0.0313785
0.0688695
0.0505708
0.0314225
0.0177806
0.0261738
0.0108699
0.00492488
0.0418501
0.0221253
0.00265134
0.0289804
0.0148701
0.0222459
0.0480609
0.0164131
0.0011646
0.0255519
0.0182399
0.0284962
0.0092897
0.019642
0.0404564
0.031861
0.00431887
0.0285649
0.0061007
0.0155178
0.00242317
0.010022
0.0238228
0.00272621
0.0155245
0.0585081
0.04324
0.0101947
0.0320379
0.0303676
0.0319518
0.0347113
0.0156926
0.0311515
0.0285714
0.00584164
0.0230211
0.00069979
0.00511338
0.0575651
0.0247764
0.0529762
0.0269666
0.00287196
0.0586845
0.00605527
0.0178146
0.0415425
0.0191603
0.00302597
0.0291029
0.0327324
0.0151848
0.04777
0.030577
0.00184117
0.025686
0.0584043
0.0106642
0.048229
0.00738477
0.00383544
0.0146035
0.0140194
0.00222016
0.0282596
0.00242926
0.112872
0.00745068
0.0236693
0.0227981
0.0322654
0.0352056
0.0018906
0.00355628
0.00092148
0.0332974
0.0258498
0.0347255
0.0416329
0.025586
0.0404002
0.0190095
0.0244959
0.0179847
0.0322807
0.0378349
0.00224013
0.0248772
0.0403555
0.0290172
0.0239563
0.0289061
0.0210657
0.050584
0.0405719
0.0110426
0.033249
0.00337098
0.026391
0.0451901
0.0129357
0.0047366
0.0029836
0.0375292
0.00395346
0.0639257
0.0369633
0.0010168
0.0155527
0.0066279
0.020183
0.0328812
0.00134657
0.00582073
0.0347169
0.0229543
0.0404286
0.00244013
0.0108788
0.0258726
0.0235302
0.0477812
0.0196689
0.0177291
0.027339
0.0271627
0.00366608
0.0911576
0.0179861
0.0142505
0.030395
0.0413406
0.0329957
0.00817804
0.0206955
0.0467356
0.0487742
0.0111917
0.00253672
0.0181413
0.0104182
0.0162361
0.0143936
0.0351366
0.0115568
0.00547678
0.00589917
0.0382618
0.0256421
0.0282532
0.00625848
0.028262
0.00167312
0.00123188
0.0300842
0.00228503
0.0164847
0.0509069
0.0338711
0.0495384
0.00307535
0.0412117
0.0174339
0.0447745
0.0100908
0.00406558
0.0197005
0.00189051
0.0202073
0.0156566
0.0260694
0.00208616
0.00241876
0.0027998
0.0372785
0.0229255
0.00239844
0.0234474
0.0344964
0.0674169
0.0216399
0.0443204
0.0355175
0.00213872
0.000467993
0.042931
0.0421557
0.00240609
0.0140795
0.0277391
0.0306589
0.0274402
0.0244116
0.0269074
0.00587617
0.0388205
0.00306794
0.0524798
0.00860053
0.0438637
0.0288154
0.0162753
0.0143282
0.0178211
0.0196686
0.0130582
0.00263215
0.027238
0.0177286
0.0246804
0.00108104
0.0462175
0.031001
0.0315683
0.0165903
0.00208327
0.0231308
0.0658039
0.0453793
0.00161974
0.0278326
0.00510752
0.0128405
0.0455303
0.00382292
0.0303797
0.0260539
0.0159686
0.0477104
0.0204707
0.03078
0.0159226
0.0127777
0.0064643
0.0350854
0.0453742
0.0713234
0.00355852
0.0183822
0.00182741
0.00238693
0.00432493
0.0444956
0.0716785
0.027925
0.00140816
0.0408362
0.0438851
0.0317873
0.0328394
0.0552836
0.0111239
0.00188744
0.0261474
0.0367992
0.0138494
0.0201601
0.0493498
0.0255795
0.0273869
0.0501924
0.0440616
0.000906783
0.00174964
0.00299654
0.0161011
0.00348154
0.0275626
0.0169172
0.0458157
0.0350625
0.0217965
0.0153755
0.0212816
0.0213844
0.000412775
0.0158249
0.0363868
0.0252907
0.0197347
0.0366174
0.023428
0.0284603
0.0259038
0.0121248
0.00234735
0.034302
0.0104184
0.0205218
0.00840304
0.0188217
0.009009
0.0187701
0.0156359
0.00347863
0.031468
0.0191085
0.0222906
0.0322623
0.00150507
0.017676
0.0235758
0.0267896
0.00276215
0.0170028
0.0136346
0.00346995
0.0427485
0.0121078
0.0550119
0.0340381
0.031086
0.0494413
0.00153858
0.0307423
0.0323187
0.00178838
0.0233948
0.0138411
0.00149428
0.0289337
0.0217824
0.00923821
0.0108626
0.0468099
0.0343916
0.0182056
0.0272278
0.0306113
0.023701
0.0199433
0.0122999
0.0607459
0.0178901
0.0138356
0.00299274
0.0423198
0.0427139
0.0545037
0.0131191
0.0352487
0.004229
0.00161196
0.0899842
0.0642243
0.00397744
0.010364
0.0101962
0.00169994
0.0467312
0.0428197
0.00199457
0.0234672
0.00728186
0.0115137
0.0170305
0.0247524
0.0300885
0.00153838
0.00185965
0.00593245
0.0362344
0.00430717
0.0405124
0.00182761
0.00276644
0.0160229
0.0354588
0.0086155
0.00854748
0.0391707
0.0305019
0.0124923
0.000513143
0.00958761
0.00171036
0.0361722
0.0371552
0.0352492
0.000884626
0.00493226
0.00426801
0.00109933
0.0655168
0.0368098
0.0436562
0.0215852
0.00197848
0.0245637
0.0280282
0.0107882
0.0340092
0.0262512
0.00138598
0.0035285
0.036516
0.00385646
0.0247709
0.0283807
0.00217111
0.027621
0.0598202
0.0264843
0.0369033
0.0318442
0.0383017
0.086492
0.0601577
0.0190027
0.0139331
0.0375237
0.0187489
0.0342163
0.0616078
0.0776043
0.0143542
0.0241813
0.0398455
0.0188661
0.00815255
0.0248916
0.0257873
0.021804
0.0731254
0.0012018
0.0559745
0.034725
0.0277655
0.0303442
0.0625912
0.0341667
0.0145042
0.014063
0.0226111
0.0294058
0.00157752
0.00457193
0.0518646
0.0198654
0.00309657
0.0153138
0.0224798
0.00232508
0.0128005
0.0217565
0.0191764
0.0417792
0.0286427
0.0251934
0.0547604
0.0308263
0.0285782
0.0247392
0.0698254
0.0177885
0.00292735
0.018419
0.051636
0.00839923
0.0392873
0.00405648
0.0402123
0.00316395
0.0488909
0.0138331
0.0250747
0.0225292
0.0400283
0.00268101
0.00371816
0.0181146
0.0374363
0.0013731
0.0360857
0.0183849
0.0151805
0.00701713
0.0316334
0.0283398
0.0194159
0.00106998
0.0331129
0.0102545
0.00692583
0.0135719
0.00400745
0.0188855
0.0188662
0.000723548
0.013066
0.00454088
0.037041
0.0255963
0.0276044
0.0581805
0.0107925
0.0268211
0.0297826
0.038018
0.00542778
0.0303381
0.00354486
0.0185338
0.0948202
0.0389159
0.00822664
0.0119364
0.00582827
0.0332557
0.0188246
0.0370022
0.0189919
0.0152893
0.05011
0.014599
0.00681588
0.0352494
0.00939601
0.00728739
0.0245947
0.0479059
0.0162959
0.0271147
0.0270853
0.00130515
0.0449739
0.0650893
0.0595041
0.00842676
0.0676985
0.00164383
0.0365128
0.0359146
0.00137918
0.0323467
0.0367941
0.0363847
0.0248905
0.0169811
0.0416738
0.0307726
0.0226408
0.0425521
0.0188429
0.00642599
0.0247941
0.0384078
0.0263617
0.0304316
0.014658
0.0392732
0.0167884
0.010678
0.0548125
0.0221897
0.0404798
0.0169941
0.0238929
0.00168706
0.0535888
0.00405531
0.00443667
0.00676516
0.0200221
0.00926491
0.0349136
0.000989517
0.016749
0.022799
0.00246445
0.0564201
0.017612
0.00205453
0.00471377
0.0391978
0.0352861
0.0231065
0.0106117
0.0336964
0.0386171
0.00297117
0.00913309
0.0040292
0.0201041
0.0120572
0.0339417
0.0367029
0.0455566
0.00176603
0.0294784
0.0348217
0.0018705
0.0176015
0.0624926
0.034386
0.00825881
0.0480142
0.0295056
0.0387398
0.0777612
0.020675
0.0112488
0.0449012
0.0179756
0.0487521
0.0177078
0.00112059
0.0493367
0.0283042
0.0444706
0.041159
0.0351375
0.00105597
0.0326843
0.038095
0.0270138
0.000514848
0.0500236
0.0245023
0.0134628
0.0179741
0.0287519
0.0211834
0.0185462
0.0123114
0.0122264
0.0169776
0.0011201
0.00510953
0.018913
0.0274231
0.0164064
0.00220793
0.0190301
0.00202143
0.0283502
0.0112555
0.0143028
0.020932
0.0230705
0.00280695
0.0395613
0.018311
0.0205961
0.0224426
0.0212752
0.00784191
0.0121628
0.00354289
0.0308716
0.010588
0.0405905
0.0542446
0.0131255
0.0288458
0.00137938
0.0246803
0.0195204
0.020932
0.0710945
0.0451143
0.00212166
0.00282225
0.00678226
0.0229043
0.00204187
0.0559481
0.0592692
0.00354003
0.00873782
0.0432139
0.0540178
0.0124637
0.0137992
0.00299457
0.0500142
0.00114411
0.0352253
0.0113
0.0272913
0.0231335
0.0247704
0.0589
0.0349811
0.00300298
0.0225484
0.0283174
0.0212203
0.0676428
0.0183466
0.0121413
0.00160039
0.01447
0.0470793
0.0239144
0.00079914
0.0161958
0.0104444
0.037468
0.0323747
0.00920471
0.0351686
0.0292185
0.00233021
0.0497738
0.0315327
0.00120511
0.00261849
0.0260669
0.00494167
0.0305917
0.0305318
0.0507096
0.078602
0.0114235
0.0145773
0.00222571
0.00186573
0.0404903
0.0246125
0.00233815
0.0308105
0.0236822
0.00177348
0.012686
0.0245758
0.00666037
0.0322387
0.02439
0.00865877
0.0166374
0.0191767
0.0316111
0.000806056
0.0510262
0.0282959
0.0297462
0.0428633
0.0223003
0.00185004
0.0186003
0.0240618
0.0341959
0.0068191
0.036248
0.0434913
0.0325423
0.00317182
0.0313971
0.00110163
0.0254147
0.00994634
0.0119461
0.00346218
0.0266155
0.00925964
0.0159582
0.0146178
0.00291651
0.0326728
0.00420339
0.0636814
0.000586256
0.00338979
0.0303973
0.00860508
0.0500448
0.0147049
0.0573386
0.0138587
0.0112334
0.0400202
0.0169567
0.0107246
0.0137392
0.0307834
0.00499761
0.00181548
0.00753358
0.00116847
0.0883853
0.0234858
0.00331004
0.0174662
0.030389
0.0207015
0.0151614
0.00104819
0.0197066
0.022276
0.00643973
0.00400873
0.0351306
0.0103112
0.00101205
0.00153569
0.00178822
0.0175034
0.0382992
0.00243674
0.0302268
0.0387639
0.0440846
0.00247418
0.0390534
0.0446952
0.0383211
0.00167694
0.0151706
0.0230155
0.0527596
0.0402908
0.029457
0.079773
0.0222943
0.0120688
0.0229379
0.000986788
0.0322717
0.015266
0.00898761
0.019158
0.0238221
0.0189878
0.0471188
0.0182408
0.0104929
0.0354173
0.0380441
0.0268956
0.0409454
0.0720482
0.0305933
0.0290481
0.0166627
0.00634624
0.0139932
0.0115201
0.0191807
0.0542779
0.00328599
0.00840681
0.0079344
0.0611063
0.0268241
0.0538143
0.00559222
0.050976
0.038813
0.0168974
0.0449247
0.00112976
0.00699603
0.0184935
0.0157604
0.00255055
0.0560106
0.0158081
0.0006694
0.0302833
0.0563046
0.0157208
0.00179264
0.0483591
0.0100937
0.0325435
0.0229285
0.0219904
0.0585725
0.000535793
0.0057937
0.0508365
0.00857038
0.05092
0.00222122
0.0115381
0.00601208
0.0143658
0.0305071
0.0169096
0.0181727
0.0225585
0.014929
0.00311818
0.00766761
0.0369431
0.0164894
0.0339655
0.0440321
0.0354539
0.0210346
0.0398791
0.0453829
0.0182576
0.0438425
0.00491611
0.0340424
0.0327322
0.0347944
0.00958164
0.00334349
0.0347361
0.0014632
0.00213938
0.0325714
0.0329397
0.00397465
0.0263289
0.0155896
0.0279383
0.0209197
0.0231363
0.0267429
0.0333294
0.0156639
0.0403771
0.00277655
0.0254577
0.027622
0.00805899
0.0161388
0.0420835
0.00607483
0.0259065
0.0453131
0.0251716
0.0169401
0.0160264
0.0207974
0.0557641
0.0398012
0.0200733
0.00869127
0.01617
0.0065646
0.00187311
0.0197473
0.0266777
0.0218715
0.021864
0.000740563
0.0407637
0.0119293
0.056328
0.0332828
0.0369566
0.0423136
0.00187866
0.0586071
0.013582
0.0260408
0.0620303
0.0520224
0.041862
0.024512
0.0633093
0.00309053
0.0217679
0.0218464
0.0114969
0.07755
0.0233114
0.0355704
0.0230337
0.00405211
0.00828968
0.0259254
0.0324794
0.045985
0.0182592
0.0121844
0.0125111
0.0367008
0.0636093
0.0028248
0.0322389
0.00173542
0.0378646
0.0155612
0.0109086
0.0382068
0.0235543
0.0197495
0.020099
0.0156377
0.0241721
0.000571252
0.0453672
0.00577738
0.00153353
0.0303927
0.0275945
0.0237606
0.00337589
0.0167921
0.00496784
0.0208619
0.0356858
0.0398639
0.0078183
0.0225595
0.0106722
0.0334243
0.0293551
0.0125225
0.0277368
0.031705
0.0242982
0.0317138
0.0569857
0.0251602
0.0047849
0.0208986
0.0337389
0.023224
0.00109484
0.0392109
0.0234417
0.0155269
0.0582409
0.00276307
0.0288595
0.0189866
0.00336073
0.043572
0.0500758
0.0154845
0.00052813
0.0309976
0.00672007
0.00255413
0.0184055
0.0382017
0.0166657
0.0186204
0.0235
0.0466829
0.00138589
0.0313427
0.02321
0.0547078
0.0533553
0.0180425
0.0275279
0.0214109
0.0324546
0.0346643
0.00259561
0.00703089
0.039561
0.00445177
0.0240296
0.00135694
0.00113451
0.0270305
0.0396106
0.018256
0.0242281
0.00716083
0.0245882
0.0612062
0.059005
0.0197942
0.0113035
0.0398236
0.00366489
0.0134603
0.0116976
0.0206966
0.0227981
0.00131588
0.0275495
0.0342724
0.034909
0.00414377
0.0256078
0.0131912
0.00231493
0.0236994
0.0190446
0.0133294
0.00439606
0.0512252
0.0396888
0.0290651
0.00086122
0.021707
0.0561932
0.0190221
0.0188507
0.024599
0.0231589
0.00606991
0.0227421
0.00134895
0.00235606
0.0234479
0.00100092
0.0127849
0.0115897
0.0309487
0.0114
0.0529258
0.0520093
0.0241662
0.018241
0.0353128
0.0203281
0.00364144
0.00270531
0.0208336
0.0554887
0.0162642
0.0201927
0.00194998
0.00812159
0.00275982
0.0148793
0.0541198
0.0232855
0.00268718
0.0418793
0.0418791
0.00170369
0.0322661
0.0520315
0.00199447
0.016589
0.0381368
0.0055568
0.0382041
0.00413646
0.0189009
0.0183664
0.0121563
0.00907154
0.00634749
0.00466807
0.0119531
0.0234712
0.0350559
0.0274562
0.0126027
0.00279992
0.0292169
0.0368392
0.0187142
0.0419095
0.0415274
0.00422424
0.0522091
0.0396676
0.0358481
0.0432966
0.0247313
0.00508292
0.0252251
0.0108614
0.0259101
0.0524989
0.047425
0.0418127
0.00984863
0.0332722
0.0676173
0.00195959
0.00180832
0.0175677
0.0115259
0.0522658
0.036304
0.0274259
0.0276981
0.0119552
0.00365866
0.0157782
0.0590677
0.00191138
0.00161194
0.0161531
0.0210776
0.0148853
0.0470686
0.0542213
0.025479
0.047761
0.00176948
0.0323227
0.0253747
0.0260334
0.0227995
0.0345212
0.0132385
0.0290168
0.0378096
0.0155
0.0200201
0.00111813
0.0276358
0.0238751
0.0240399
0.0295816
0.0109966
0.0130022
0.0223744
0.073058
0.0245053
0.00191184
0.0107342
0.00301707
0.0624287
0.00594448
0.0357882
0.00168128
0.0219148
0.0194895
0.0205864
0.0225552
0.0279148
0.0145315
0.0271701
0.0105552
0.0223731
0.0515083
0.0619097
0.0165681
0.0065445
0.0228478
0.0240428
0.00193613
0.0188898
0.0356668
0.0017079
0.00937152
0.0748445
0.0412552
0.00492948
0.000793487
0.0472322
0.0151018
0.000808311
0.0188054
0.0119082
0.0245146
0.0352115
0.0218166
0.0479029
0.0108299
0.00144029
0.0110533
0.0175798
0.0253409
0.0124136
0.00178234
0.027219
0.0390009
0.0206504
0.0131471
0.0371982
0.0624952
0.00241891
0.00486147
0.0122782
0.0217198
0.024434
0.00991141
0.0293294
0.0182269
0.0134692
0.00775245
0.0426755
0.0197118
0.0239266
0.0349332
0.031387
0.0149744
0.0612717
0.0194951
0.0250411
0.0283297
0.00762893
0.0248054
0.0243762
0.0201487
0.0195565
0.0508657
0.00831826
0.0127738
0.0104888
0.020108
0.0203375
0.0623683
0.0195601
0.00427027
0.0168152
0.0186701
0.0173337
0.0264213
0.0177768
0.00222089
0.0167839
0.022348
0.00295701
0.0595248
0.0146172
0.0185388
0.0496421
0.0136522
0.0314414
0.0103447
0.0403283
0.00350068
0.0227178
0.0424651
0.0133265
0.0186021
0.0138341
0.0236821
0.0474882
0.0238608
0.0520223
0.0220511
0.00168582
0.000737847
0.0328799
0.00578322
0.0428818
0.0390202
0.00180549
0.0376705
0.0343705
0.00414938
0.0163564
0.0190228
0.026532
0.00888363
0.0138786
0.035258
0.0602362
0.0288505
0.028009
0.000674296
0.0202254
0.0159414
0.0348997
0.0146821
0.0319143
0.0150133
0.0267344
0.0368085
0.0354034
0.0321519
0.0287039
0.0236986
0.028038
0.0183884
0.0159058
0.0335122
0.0158786
0.00127028
0.0277996
0.0239844
0.0234086
0.0239095
0.0213662
0.0598814
0.0189598
0.0243176
0.0194415
0.0813145
0.0425108
0.0221738
0.0253371
0.0241503
0.044827
0.022693
0.0425463
0.0182538
0.00983591
0.0112944
0.0194463
0.0605511
0.00918682
0.0148513
0.0484756
0.0373705
0.0591162
0.019171
0.0267756
0.0120835
0.0200235
0.0610261
0.0153518
0.0382235
0.0430541
0.0139718
0.0399844
0.0333965
0.0510257
0.0375479
0.0195677
0.00951741
0.0175536
0.00401788
0.0406557
0.00656856
0.0266994
0.04807
0.000821158
0.00243881
0.0282492
0.0291878
0.0413307
0.0356055
0.0103897
0.0312963
0.0101301
0.0187045
0.0413932
0.0404384
0.0385255
0.0202292
0.0175379
0.0142575
0.0487532
0.0229628
0.0332161
0.0383382
0.0313699
0.000760259
0.000514468
0.0162108
0.0290987
0.00332939
0.00247746
0.00317835
0.0139161
0.00121899
0.0282939
0.015032
0.00991888
0.019039
0.0111545
0.0467007
0.00212811
0.0224175
0.0286079
0.0548299
0.05232
0.0132564
0.0199891
0.0420985
0.0264923
0.00860094
0.016201
0.00247848
0.037792
0.0232316
0.00116354
0.00238203
0.0553603
0.0416809
0.0781456
0.0381458
0.0192579
0.0135914
0.00943222
0.0309381
0.00271517
0.0128849
0.0343919
0.0148252
0.00622909
0.0173169
0.0412524
0.0248811
0.0150723
0.0203176
0.0351954
0.015584
0.0231942
0.00923759
0.0242459
0.0211062
0.0475987
0.0312768
0.0211961
0.0216572
0.00140507
0.00728396
0.0282771
0.0536813
0.0039803
0.0522616
0.0488241
0.0321841
0.00221357
0.0362483
0.0242381
0.0177446
0.0335407
0.0150268
0.00312262
0.0120723
0.04919
0.0142392
0.0247782
0.0170318
0.0499113
0.00342507
0.0374709
0.000680984
0.018181
0.0408071
0.0187609
0.0317679
0.0299959
0.00228983
0.0151083
0.023464
0.0115334
0.00771224
0.0249211
0.0378403
0.0187282
0.00305046
0.0298532
0.0326406
0.00269379
0.0710003
0.0865537
0.00194255
0.0311496
0.00277638
0.0139714
0.0299763
0.00262376
0.0564043
0.0185114
0.0376252
0.0138181
0.0304034
0.00209334
0.00138804
0.0368536
0.000977959
0.00607279
0.0396601
0.0373756
0.0096513
0.0027825
0.0349493
0.01422
0.0188659
0.00191509
0.0450143
0.0189461
0.0429674
0.0290077
0.00120074
0.00246099
0.0459527
0.00394818
0.0489425
0.0416353
0.0418776
0.0291628
0.0242683
0.00186242
0.0781376
0.0126145
0.0206723
0.0196498
0.00866404
0.0189689
0.0435888
0.0237913
0.00330956
0.00351081
0.0240227
0.0259901
0.00082564
0.0232921
0.0252448
0.0200349
0.0233505
0.00804398
0.0177588
0.0300635
0.00185409
0.00853677
0.00109647
0.0456675
0.0331823
0.0484151
0.0125709
0.0181967
0.063107
0.0124598
0.03204
0.0249032
0.0432098
0.0180749
0.0542152
0.0751182
0.0151504
0.0288838
0.015537
0.0111907
0.0351646
0.0102394
0.00329608
0.000483305
0.0311826
0.00425836
0.0330881
0.0012574
0.0065527
0.0645666
0.00326632
0.0334192
0.00542555
0.0171652
0.0106507
0.0402652
0.0110629
0.0316571
0.038555
0.0195468
0.051058
0.0161433
0.00819471
0.00153432
0.0450578
0.0378261
0.0153959
0.0192858
0.024262
0.0150837
0.0204534
0.0395515
0.0247955
0.00137691
0.0410163
0.0151896
0.0169013
0.0478313
0.0076999
0.0331847
0.0294809
0.0407255
0.0200645
0.01153
0.0693341
0.0445135
0.000767097
0.0331393
0.0318103
0.0245826
0.00117966
0.0436628
0.00681106
0.000513039
0.0124355
0.030325
0.00753749
0.108374
0.0324803
0.0225179
0.0013451
0.00226745
0.019271
0.00568624
0.0318527
0.051598
0.0336151
0.00190525
0.00180044
0.0141555
0.0309922
0.0231348
0.0159141
0.000842967
0.0382626
0.0174914
0.00262529
0.0294126
0.0214217
0.0294677
0.0176751
0.0524573
0.0293363
0.0172491
0.0146339
0.00772
0.0158163
0.0101907
0.0305356
0.0536662
0.0217895
0.00203209
0.0125905
0.00189261
0.0141422
0.0109088
0.0259762
0.0105278
0.0278276
0.0110696
0.00270033
0.00764892
0.0665205
0.0189881
0.00249463
0.029067
0.0262907
0.0299912
0.046806
0.0386791
0.0246764
0.0386504
0.0536634
0.00148085
0.0226036
0.0322149
0.029922
0.0250251
0.0435029
0.0134201
0.0289573
0.0489979
0.0144441
0.0219956
0.00482382
0.0025262
0.000749515
0.00409241
0.041912
0.0120877
0.0318133
0.00500767
0.0446689
0.00126187
0.00448872
0.0141517
0.00261829
0.0163048
0.0271252
0.0452029
0.00269166
0.0209363
0.0508563
0.00811548
0.00114585
0.0156129
0.0274361
0.00267687
0.0249586
0.0120928
0.00208372
0.0293007
0.00677553
0.0188755
0.0482604
0.0298802
0.0234342
0.0487834
0.0414398
0.00970193
0.0430647
0.0475205
0.00798575
0.0192447
0.0351224
0.0235534
0.00218486
0.000843815
0.00409843
0.00835934
0.021152
0.0140575
0.0364104
0.0109056
0.00160178
0.00173423
0.0196445
0.020755
0.0337018
0.00194631
0.0155928
0.0130864
0.0264337
0.0184221
0.0146613
0.0136697
0.0247729
0.0144093
0.0206372
0.0158905
0.00211005
0.0268825
0.00205382
0.0241694
0.0671773
0.0332683
0.0180385
0.0139316
0.0082249
0.00190329
0.00177461
0.0371699
0.0312855
0.0179515
0.0313035
0.0238007
0.00385425
0.013803
0.0586238
0.0132637
0.0372989
0.0172923
0.0379149
0.0404007
0.0150398
0.0083629
0.0267092
0.0180142
0.0111226
0.0262182
0.00214451
0.0297452
0.0372924
0.0175234
0.0425912
0.0232897
0.0269684
0.0265351
0.0179212
0.0487778
0.0291638
0.00261622
0.0210951
0.00453204
0.00197896
0.00261203
0.0275323
0.0142036
0.0242889
0.0140468
0.0322642
0.0308548
0.00762548
0.038866
0.00173771
0.0743651
0.0293096
0.0277616
0.00950878
0.00146858
0.0387272
0.0149198
0.0140005
0.0204886
0.021622
0.0475151
0.0251698
0.00372188
0.0301495
0.0331696
0.0276094
0.00154901
0.00525531
0.00152647
0.00155162
0.0329094
0.0314434
0.0193888
0.0272752
0.0443154
0.0145438
0.0104994
0.0470808
0.0241616
0.0360807
0.0269119
0.0305449
0.00104658
0.0431836
0.0420608
0.0235962
0.0137877
0.00200658
0.0589504
0.0293052
0.0170427
0.0126351
0.0304232
0.0235746
0.00366735
0.0514919
0.041023
0.00293402
0.0343989
0.0104132
0.0227028
0.0218882
0.0152998
0.0180268
0.0073754
0.0306936
0.00222415
0.0207534
0.0335489
0.00176846
0.0298941
0.000840351
0.0403986
0.0457738
0.0525185
0.0105291
0.0366224
0.0582681
0.0379821
0.0485501
0.0157887
0.0539675
0.0400682
0.066396
0.0236749
0.019666
0.0429803
0.0272957
0.0413575
0.00726724
0.00397369
0.0414693
0.0149385
0.0030307
0.029554
0.0189278
0.01933
0.0120212
0.00258617
0.0202656
0.0113243
0.0249503
0.0129134
0.00400055
0.000998369
0.0141494
0.0116858
0.0330206
0.0368085
0.0245593
0.0125724
0.0122475
0.0231522
0.0703796
0.031649
0.000564114
0.0228393
0.0172149
0.015842
0.0601991
0.0232813
0.0280982
0.0369403
0.00463376
0.0393667
0.00166215
0.0464043
0.0254205
0.0366886
0.00191013
0.0198631
0.00337097
0.0116186
0.0696385
0.022998
0.0211704
0.00171963
0.0367203
0.0213255
0.0758526
0.00354124
0.0258155
0.0466582
0.0607662
0.0120616
0.0526129
0.0151797
0.0020127
0.0328363
0.058802
0.0018238
0.0468841
0.0254955
0.0222444
0.0127672
0.00143492
0.0460743
0.0277502
0.0237973
0.0486296
0.0619669
0.00291013
0.0150469
0.0215264
0.022116
0.020184
0.0275941
0.0403502
0.0180162
0.0416528
0.0150116
0.0219568
0.0027882
0.0491985
0.0260122
0.00245539
0.0283463
0.0151257
0.00093893
0.00250826
0.00762392
0.0288361
0.00432788
0.0328738
0.0341271
0.0668072
0.0133735
0.0517703
0.0480477
0.0149946
0.0124634
0.0157825
0.0226637
0.0277563
0.0223747
0.00161748
0.0115659
0.0439885
0.0118672
0.0114511
0.0171225
0.042936
0.0104205
0.00833048
0.0104995
0.0288328
0.00275435
0.0310949
0.0154673
0.0290497
0.00168653
0.0350398
0.021572
0.00580989
0.0119941
0.0289228
0.0163225
0.0318659
0.000705989
0.0306545
0.0730357
0.0379087
0.0306454
0.0339867
0.0201414
0.00935665
0.00468661
0.0226081
0.0523881
0.0189372
0.00543171
0.0218497
0.0335049
0.00255215
0.00590293
0.0231125
0.024018
0.0373146
0.0238959
0.0267215
0.0322973
0.0020968
0.0128677
0.0134806
0.0209619
0.0186381
0.0026172
0.0179467
0.00199892
0.019154
0.0294997
0.0265086
0.0203712
0.0240458
0.0023893
0.0400715
0.00296867
0.0488816
0.0361708
0.0136255
0.0430657
0.0182555
0.0105162
0.00103836
0.0454647
0.0347202
0.0190473
0.00204994
0.0371235
0.00565682
0.0352961
0.0329904
0.00768594
0.00423221
0.0373334
0.0227928
0.070873
0.00369385
0.024701
0.0177954
0.00327337
0.0395193
0.0336247
0.0252413
0.0315442
0.021033
0.00171254
0.000885372
0.0290084
0.0642997
0.0624523
0.00402341
0.0207316
0.0170497
0.0494127
0.00270489
0.0219983
0.0408297
0.0142944
0.00182882
0.00206996
0.0080389
0.00123123
0.00269071
0.0355891
0.0391853
0.0276249
0.00982255
0.0386991
0.0234666
0.0223781
0.0518374
0.0170745
0.0266489
0.0641116
0.00295441
0.058436
0.0582636
0.0278177
0.0212965
0.0169719
0.0301154
0.0353325
0.013644
0.00891106
0.025811
0.0162747
0.0317499
0.00137877
0.00271373
0.0290297
0.04102
0.0527184
0.0238103
0.0217861
0.00162185
0.0404558
0.023498
0.0783844
0.0187001
0.0213691
0.0112172
0.0430315
0.0227866
0.0245268
0.0549142
0.0423862
0.0482126
0.0486379
0.00209844
0.0259921
0.00527531
0.0173504
0.0433861
0.00920559
0.00803786
0.0265836
0.00357868
0.00573869
0.0402166
0.0220194
0.00248887
0.00142164
0.0134283
0.0151505
0.0303288
0.00750216
0.000800143
0.0297779
0.00210295
0.00719338
0.0011376
0.0205306
0.0201106
0.0328409
0.0305589
0.0126779
0.0444614
0.0013841
0.0109165
0.0216527
0.0302411
0.0568754
0.0410077
0.0197779
0.0126235
0.002361
0.00487319
0.0161409
0.0362249
0.00274508
0.0145583
0.00643936
0.011472
0.00182698
0.021676
0.0370475
0.0015482
0.0172104
0.00112058
0.0230044
0.0159956
0.0130495
0.0324142
0.0243451
0.048085
0.0195765
0.0333168
0.0180558
0.0295191
0.0152055
0.0255268
0.0135537
0.0115125
0.0334042
0.0225022
0.00235914
0.016455
0.000932624
0.0311385
0.0189861
0.0504833
0.0013391
0.0189539
0.00282525
0.0389637
0.0745355
0.031777
0.00716385
0.0796219
0.00162911
0.0525469
0.015781
0.0114429
0.00129733
0.030297
0.0137108
0.0154104
0.00164168
0.0292472
0.0114448
0.00214389
0.0194372
0.0446111
0.0353755
0.0833621
0.00222525
0.0427068
0.00101949
0.0301117
0.0427075
0.013925
0.00988932
0.0279229
0.0188882
0.0278274
0.0399555
0.0382311
0.00852503
0.0356407
0.018364
0.0159178
0.0037863
0.022274
0.0157002
