0.0504003
0.0255974
0.00304316
0.0414257
0.0682451
0.0415947
0.0195964
0.00882916
0.0334966
0.031896
0.0557432
0.0623585
0.00625003
0.0148051
0.0275302
0.0194596
0.0208439
0.0302246
0.0308678
0.0190983
0.0230184
0.03847
0.0317799
0.00296014
0.0262081
0.00922359
0.0569393
0.00851803
0.0178269
0.0160533
0.0417337
0.02558
0.0199873
0.0302858
0.0277639
0.00177826
0.02798
0.00253704
0.0168702
0.0144103
0.0304599
0.0186814
0.0366995
0.032412
0.0223617
0.044718
0.00843567
0.0217392
0.0289777
0.0061857
0.00205748
0.0253751
0.00570622
0.0122409
0.025932
0.0152246
0.0138842
0.0125412
0.0207234
0.0504319
0.00171307
0.0410281
0.0357522
0.0355724
0.00096395
0.0213977
0.0254231
0.0236344
0.0325566
0.0266884
0.0202163
0.0698168
0.0309657
0.0409571
0.033931
0.00238233
0.00234337
0.0918788
0.0490592
0.0396892
0.0297816
0.0315132
0.0400033
0.0127631
0.0148196
0.0132949
0.0586972
0.0538322
0.0439374
0.0426929
0.0194517
0.0271837
0.012106
0.0376053
0.0102744
0.0436143
0.0206487
0.00213054
0.00119312
0.0476505
0.00256042
0.0239912
0.0194795
0.0254756
0.0369716
0.023942
0.00918069
0.0189548
0.0192966
0.029471
0.018628
0.0476621
0.0742053
0.0246625
0.0218609
0.033254
0.0356269
0.000311406
0.036626
0.0290864
0.0242142
0.0406082
0.00933716
0.0544895
0.051588
0.00178165
0.0146108
0.00208299
0.0310885
0.00116982
0.00547609
0.035616
0.00173683
0.016575
0.011329
0.00350701
0.0271235
0.00914028
0.0529636
0.0181381
0.0597076
0.0123864
0.0256267
0.0206117
0.0342155
0.0253356
0.0180504
0.0293755
0.00830599
0.0329125
0.0202735
0.0390906
0.0437493
0.00182355
0.0312486
0.0433012
0.000343739
0.0253047
0.0318617
0.0252655
0.021731
0.000455094
0.0256499
0.0201646
0.0685305
0.0238618
0.0278459
0.0296491
0.0228034
0.00226855
0.0399683
0.00535473
0.0127101
0.0303509
0.00152585
0.0454948
0.00620285
0.00828866
0.00335078
0.0579706
0.00203214
0.0298554
0.0131883
0.028093
0.00461612
0.0860725
0.0439012
0.0265471
0.00244629
0.0589551
0.0296702
0.0235846
0.0260114
0.0190368
0.0216603
0.0282215
0.0183286
0.0198272
0.0290046
0.0293981
0.0253971
0.00833936
0.03228
0.032665
0.00182183
0.0491236
0.00272053
0.0125772
0.0470059
0.00418188
0.00563931
0.0228785
0.0283174
0.0471589
0.0105425
0.0298328
0.0179784
0.00220571
0.0204808
0.00457502
0.0293996
0.00153318
0.00641813
0.0204969
0.0457237
0.0290814
0.0288361
0.0215761
0.0313596
0.0203598
0.00925835
0.0045112
0.0489705
0.0421814
0.0383339
0.00461842
0.0179713
0.00942802
0.0311689
0.0266921
0.0141833
0.0117567
0.00870497
0.00338527
0.0135446
0.0146445
0.0527803
0.0498164
0.0610468
0.0232868
0.00314809
0.0343151
0.0733756
0.0231478
0.0124872
0.092393
0.0134924
0.0249538
0.00231701
0.0306304
0.00409747
0.0292354
0.0269054
0.0211809
0.0623047
0.0137755
0.0292093
0.0187784
0.0435246
0.00193089
0.0480397
0.0433105
0.0316086
0.04982
0.0350952
0.00372336
0.0173109
0.000895258
0.0408583
0.0663475
0.00696849
0.0103649
0.0172577
0.00174234
0.0175639
0.0139089
0.0127874
0.017652
0.0443797
0.00370479
0.00609214
0.0296624
0.016614
0.0342845
0.0338689
0.0393876
0.0244298
0.00414015
0.00224583
0.0261453
0.027311
0.0571557
0.0318917
0.027008
0.0359909
0.0379803
0.0268723
0.00148225
0.0104809
0.0497204
0.00319307
0.0228038
0.0286751
0.024927
0.0410025
0.0353617
0.0101479
0.00147162
0.0319522
0.00511216
0.0542851
0.00131164
0.0171974
0.025536
0.0276297
0.0028885
0.0102916
0.0251178
0.0321995
0.0122776
0.0337556
0.0117672
0.0185068
0.0862304
0.0436347
0.0232076
0.0367807
0.0490065
0.0214599
0.019457
0.0533501
0.0284593
0.0413839
0.0374059
0.00537582
0.0229453
0.0142019
0.00258088
0.0255005
0.0285006
0.0197954
0.0355574
0.0258639
0.00116004
0.0394581
0.0410593
0.0349532
0.0346754
0.0247372
0.00180203
0.0473655
0.00801908
0.0196764
0.00896235
0.0204073
0.00474486
0.052013
0.0261802
0.0202915
0.00195702
0.0420758
0.0394229
0.0459031
0.0108119
0.053159
0.0206328
0.0321869
0.00328105
0.0460955
0.0377156
0.000900506
0.0385476
0.00274539
0.0338145
0.0125327
0.0161127
0.00692731
0.0184666
0.0259093
0.00952677
0.0246874
0.0755983
0.0255832
0.0374839
0.0425242
0.0238934
0.00448967
0.00229921
0.0265335
0.000531661
0.0203315
0.049627
0.0260073
0.0329772
0.0104134
0.0203795
0.02227
0.0270099
0.0390915
0.0214582
0.0848942
0.0561666
0.00428849
0.0200477
0.00463965
0.0277569
0.0269386
0.0196738
0.00923946
0.0364458
0.0185469
0.0448516
0.00677848
0.0333382
0.0370489
0.0365339
0.0105051
0.0693518
0.0314178
0.0157427
0.0176282
0.00277499
0.0225103
0.0255068
0.0291307
0.0318509
0.00172813
0.016164
0.041794
0.0181841
0.0231494
0.0145902
0.0201785
0.0347192
0.0201218
0.00891136
0.0327151
0.0224511
0.0762991
0.0206458
0.0207287
0.0125686
0.028731
0.041418
0.0513032
0.0242048
0.0176199
0.0217374
0.0361653
0.0232462
0.0333358
0.0380214
0.0169588
0.0345612
0.0228995
0.0029478
0.00954915
0.0018101
0.0286012
0.0185116
0.0338542
0.0308648
0.0255044
0.029643
0.0488856
0.00251141
0.0475586
0.0260613
0.0140975
0.00138012
0.00511692
0.0270276
0.00198903
0.026083
0.0455267
0.0127677
0.0105813
0.0551958
0.0210873
0.0272194
0.0180897
0.0363074
0.0025086
0.0157321
0.0390693
0.014397
0.0143539
0.0153237
0.0266635
0.0428986
0.0173703
0.00436332
0.00188673
0.0201614
0.0561458
0.032948
0.0211708
0.0421383
0.0189123
0.0485431
0.00696937
0.0291924
0.0297118
0.0316083
0.0355331
0.0396599
0.000729314
0.0151089
0.0183772
0.0182707
0.0225368
0.0260784
0.0137059
0.0225973
0.0184156
0.0416618
0.0401974
0.0276628
0.0137395
0.0441306
0.0186585
0.0250208
0.0262806
0.0022638
0.0055061
0.0140845
0.00250187
0.0555625
0.0182095
0.030931
0.00259842
0.0460235
0.0215008
0.0319078
0.0299005
0.0310597
0.0203289
0.054114
0.0328755
0.0283813
0.0669632
0.0402088
0.015147
0.00055154
0.0224672
0.0370659
0.0353309
0.0469298
0.017094
0.0207821
0.0141784
0.0109567
0.0235419
0.0270593
0.0121588
0.0147173
0.040407
0.052104
0.0165582
0.0391344
0.00146912
0.00528696
0.00534715
0.0302545
0.0272766
0.0537864
0.0403789
0.00932193
0.00235161
0.0417717
0.0364091
0.00167681
0.0299803
0.0349738
0.0236663
0.036201
0.0556924
0.047761
0.00129783
0.00318662
0.0248822
0.0364152
0.00305366
0.0276238
0.0347433
0.0742181
0.0311984
0.00401468
0.00209089
0.00636564
0.0429967
0.0423024
0.0179079
0.0302935
0.00639432
0.0173413
0.000314477
0.00892001
0.0137894
0.049855
0.0225895
0.0335053
0.0245426
0.00534087
0.0494712
0.0240109
0.0864899
0.0330414
0.000749804
0.0386323
0.000796519
0.0390979
0.0294224
0.00277445
0.0307935
0.018067
0.0134926
0.0258864
0.0228083
0.0365819
0.00309089
0.00643087
0.0292445
0.00153438
0.0535741
0.0531917
0.0196707
0.0248016
0.0324355
0.00138129
0.011644
0.0254655
0.0348488
0.000558315
0.0311867
0.00454724
0.0185232
0.0313893
0.0211346
0.0152669
0.00889542
0.00189413
0.000758448
0.032601
0.0434938
0.0259021
0.0437885
0.00432172
0.000854465
0.0143338
0.0117205
0.0029873
0.0241188
0.0268396
0.0287357
0.0307372
0.0364821
0.0185441
0.0334549
0.000425918
0.0468155
0.00765098
0.0297873
0.0191233
0.00331464
0.00367812
0.0162733
0.0109485
0.0313242
0.00321666
0.015656
0.00257835
0.0335705
0.00333209
0.045355
0.00959136
0.0253701
0.00524778
0.0299139
0.0586548
0.00218742
0.0250353
0.0321544
0.050109
0.053438
0.00785338
0.0468803
0.00541346
0.0243661
0.00943832
0.0176942
0.0179422
0.0859426
0.0158181
0.00214545
0.0262956
0.0397655
0.00679242
0.0351646
0.0239692
0.018039
0.0184975
0.081575
0.0498824
0.0182788
0.0380401
0.00347574
0.00117883
0.0028679
0.0566232
0.0323273
0.0111411
0.0119332
0.090793
0.0221115
0.015526
0.0189229
0.0571538
0.0439839
0.00780092
0.0390104
0.00440078
0.0424597
0.00724928
0.0283146
0.0376272
0.00227671
0.0115261
0.0476583
0.0164861
0.0182022
0.0129431
0.030471
0.0244269
0.0120186
0.0150369
0.0175578
0.0513681
0.0472052
0.0163837
0.0435377
0.00395224
0.0158793
0.0311983
0.0230885
0.0257677
0.0314596
0.00582886
0.00998043
0.00159033
0.0222468
0.0188128
0.02843
0.00431181
0.0146353
0.0380269
0.000801604
0.00109431
0.0252858
0.01108
0.0379928
0.00167536
0.0656028
0.0375855
0.00327609
0.0407343
0.0467599
0.00229679
0.00221227
0.0022953
0.0590823
0.0297659
0.00158856
0.0419503
0.0123731
0.0623818
0.0272032
0.00162009
0.0425286
0.0357795
0.0552404
0.0384598
0.00288811
0.0453556
0.0307449
0.0295334
0.0212752
0.00780985
0.0338843
0.00308647
0.0259849
0.0126106
0.036721
0.00233734
0.0350469
0.0568849
0.0610416
0.00314798
0.0520184
0.031808
0.0403881
0.0670485
0.00924557
0.0463033
0.00204448
0.0144439
0.0256988
0.0753274
0.0234758
0.0166185
0.0182303
0.0207311
0.0350507
0.0226316
0.00098313
0.0570637
0.0332697
0.0266577
0.000771105
0.0951
0.000805291
0.0353389
0.0351556
0.0515552
0.0213765
0.0538519
0.0208168
0.00864091
0.0304887
0.00233413
0.01432
0.00369045
0.0112703
0.0168134
0.00192347
0.000440305
0.0363781
0.00246641
0.0219194
0.0200834
0.0528728
0.00829888
0.0302847
0.0346915
0.0366539
0.00151052
0.0019123
0.00139739
0.0030731
0.0406121
0.0272132
0.0456049
0.00330574
0.000908102
0.0187705
0.00125076
0.0362448
0.0409011
0.00628888
0.0024318
0.0325292
0.0376942
0.0306601
0.00138545
0.0395161
0.0621628
0.00505
0.0361391
0.0105737
0.0219806
0.0130725
0.0213327
0.034501
0.0468733
0.0118567
0.0199217
0.0204239
0.00354107
0.00153983
0.0336654
0.0222339
0.0594049
0.023502
0.035955
0.0506485
0.0579787
0.000713979
0.035542
0.0363485
0.0284123
0.0130172
0.00110016
0.0429041
0.0357054
0.00729612
0.0311708
0.0131603
0.0359285
0.00205145
0.0161022
0.0252518
0.0140667
0.016747
0.000332364
0.0282952
0.025068
0.00307782
0.0413538
0.0275149
0.0073216
0.0381029
0.00612481
0.0416013
0.0326399
0.0154464
0.0229218
0.016161
0.0641556
0.0444944
0.0412028
0.0201865
0.0052597
0.00312252
0.0390713
0.0126564
0.014305
0.0174022
0.00202303
0.0894088
0.0138222
0.00322384
0.0151279
0.00316846
0.0117226
0.00260536
0.0179882
0.00134206
0.024827
0.0272224
0.00494702
0.0242813
0.0348465
0.0398353
0.0310826
0.0150876
0.00966624
0.0219005
0.0667869
0.0253013
0.00761627
0.0165402
0.0237208
0.0209324
0.0295276
0.019411
0.00401162
0.0137582
0.0325742
0.0370282
0.0150151
0.00205079
0.0239689
0.0118367
0.0200061
0.00140574
0.00524367
0.023738
0.0330181
0.00151578
0.0162184
0.0316325
0.00432374
0.0180868
0.00779354
0.0414442
0.00161317
0.00941356
0.00778986
0.0392282
0.0022624
0.0199692
0.0111187
0.0504741
0.0382657
0.0143143
0.00147516
0.0472035
0.0240623
0.00810618
0.0494491
0.0342566
0.00532122
0.0121255
0.0169301
0.00105366
0.0141386
0.0105231
0.0044467
0.0331233
0.0524775
0.0061978
0.0836107
0.0342351
0.0196725
0.024714
0.0171594
0.0206746
0.022336
0.0041439
0.0506199
0.0742084
0.043666
0.041569
0.0448712
0.0173023
0.0447175
0.00568249
0.0671041
0.0468342
0.0122053
0.0245068
0.0174532
0.0267909
0.000895932
0.034019
0.0234134
0.0686469
0.0110843
0.0281619
0.0473329
0.0256942
0.041858
0.00570331
0.00291336
0.00104361
0.0209246
0.0374987
0.0358957
0.0243855
0.0211999
0.0277584
0.0403153
0.0375596
0.0307558
0.00210442
0.0516553
0.0196543
0.0340927
0.026808
0.0108277
0.00660017
0.00442872
0.0454105
0.0171349
0.0442645
0.0543662
0.0376447
0.0318921
0.0268327
0.00149966
0.0153693
0.00436234
0.00152177
0.0211786
0.0233747
0.0379299
0.0233217
0.00393714
0.0265266
0.00158353
0.0753046
0.005611
0.0732383
0.0077624
0.038458
0.01105
0.0509527
0.0427282
0.0468177
0.0266174
0.0205084
0.0499516
0.0115439
0.030928
0.00148181
0.0335773
0.0050644
0.0526981
0.0117771
0.0339592
0.00981164
0.048306
0.0368932
0.0311377
0.00577076
0.0530858
0.0507167
0.00179805
0.00212306
0.0310094
0.0455527
0.0289016
0.0265431
0.0247457
0.0135646
0.0673883
0.0160724
0.00526183
0.0266482
0.0228746
0.0235779
0.0735591
0.0196287
0.0664522
0.0312429
0.0109007
0.0613257
0.00863533
0.0143432
0.0198905
0.0035153
0.0257331
0.00362519
0.00236693
0.0222911
0.00187613
0.006442
0.00189364
0.056115
0.0253081
0.0484299
0.0277317
0.0146263
0.040132
0.0119077
0.0476443
0.000747256
0.000339242
0.0254096
0.0272453
0.00241472
0.0013584
0.00267737
0.00250196
0.0301605
0.0314392
0.053492
0.00302653
0.0116137
0.0217297
0.016725
0.00126031
0.0116604
0.00215235
0.0379778
0.00881935
0.000659924
0.0252067
0.00319378
0.0219324
0.0170846
0.0211358
0.0442814
0.0174441
0.027874
0.0390038
0.037993
0.003076
0.0459486
0.0293075
0.00660415
0.00447353
0.0260731
0.0135458
0.0126951
0.00572374
0.0277601
0.039604
0.0323842
0.0117105
0.0569555
0.00372224
0.0363848
0.0125668
0.045702
0.00556981
0.0292535
0.0293508
0.00162822
0.0341576
0.00533366
0.0249049
0.0410772
0.00251464
0.0128178
0.0384546
0.0369415
0.0340643
0.0135413
0.0516298
0.0407987
0.017508
0.0412532
0.0344745
0.0114473
0.0109381
0.0521921
0.0321754
0.0288565
0.00905044
0.0197967
0.0182821
0.00127942
0.0348235
0.0154232
0.0112253
0.00442809
0.0286553
0.0256572
0.0351375
0.019689
0.0119115
0.0124573
0.0425814
0.0322221
0.0323541
0.0284359
0.031848
0.0513261
0.020871
0.0129857
0.0339578
0.0199135
0.00251652
0.0202119
0.0211185
0.00228539
0.00898886
0.0280456
0.0851412
0.00361947
0.0124651
0.0383305
0.0191882
0.00908621
0.0239343
0.0399994
0.0224234
0.0204861
0.0507628
0.0207726
0.000897292
0.052849
0.0384198
0.0320117
0.0110468
0.0182161
0.00317279
0.00940181
0.0160901
0.0312895
0.0191263
0.00298824
0.0305788
0.0153918
0.0265034
0.011923
0.0529351
0.037294
0.0158636
0.0103354
0.0349445
0.0204401
0.00257394
0.0323014
0.0328875
0.0272824
0.00613221
0.0519296
0.0421328
0.0178742
0.0153262
0.00284661
0.0514284
0.0129241
0.0161828
0.0536221
0.0464465
0.011946
0.00497906
0.0254427
0.0535234
0.0510765
0.0212924
0.0166531
0.0517551
0.0337477
0.0253004
0.0283596
0.038262
0.0415192
0.0441897
0.00848631
0.0384173
0.00968467
0.00934916
0.0395407
0.0359139
0.0481701
0.0521149
0.0277342
0.0366986
0.0112972
0.0380817
0.00205053
0.0329465
0.013323
0.0394882
0.0346864
0.0144747
0.0332054
0.00263129
0.00121825
0.00288706
0.00222872
0.0252729
0.00249175
0.0329476
0.0255306
0.071992
0.0166443
0.0450822
0.0152614
0.00189732
0.00367036
0.0326389
0.00819479
0.00346609
0.0269036
0.00258272
0.0046738
0.0222838
0.0718278
0.0220929
0.0394236
0.0662187
0.0530684
0.0106134
0.00318448
0.0168163
0.00457187
0.045545
0.0388103
0.00277435
0.0466746
0.0692871
0.0336248
0.0205888
0.0225178
0.0347976
0.00273908
0.0034182
0.00176432
0.0098095
0.0582662
0.0267518
0.00272302
0.0194584
0.0129442
0.082422
0.0041845
0.0193141
0.0147532
0.0250773
0.104702
0.0108976
0.00432281
0.0154371
0.00072905
0.0478175
0.0167477
0.010604
0.050342
0.0309423
0.00917457
0.0413847
0.00217137
0.00920573
0.000681455
0.00531989
0.0450346
0.0192483
0.0771103
0.0581113
0.0256751
0.0200142
0.0283594
0.000638347
0.0499266
0.0179217
0.0033386
0.000665019
0.000796282
0.0346875
0.030508
0.0469584
0.030421
0.0350137
0.0177888
0.0261712
0.0273463
0.0400707
0.0291913
0.0179297
0.0241606
0.0353304
0.00423747
0.0324711
0.0322489
0.0424143
0.0540713
0.0131989
0.0292287
0.0585535
0.0540705
0.0163275
0.00367473
0.0395887
0.0108621
0.0327157
0.00132285
0.0196322
0.0138591
0.0449739
0.0555362
0.0304392
0.00696041
0.0370954
0.024415
0.0276578
0.0648015
0.0236368
0.014638
0.0124856
0.028656
0.0498627
0.00180489
0.0479417
0.0338755
0.0475353
0.00426413
0.0367434
0.00220509
0.0201269
0.0448557
0.00460954
0.0108351
0.0392577
0.00149936
0.0227572
0.0500228
0.0261788
0.00476828
0.0381838
0.0150869
0.0604945
0.0444752
0.0305326
0.0335993
0.0265717
0.00216232
0.00120576
0.0297637
0.00216725
0.0385631
0.0177648
0.000931198
0.00348712
0.0313858
0.0379132
0.0225612
0.0216572
0.021467
0.0016189
0.00381534
0.0379693
0.0240836
0.00655966
0.0127703
0.00378247
0.0164705
0.040006
0.000923837
0.003069
0.00433951
0.0439497
0.0203309
0.0306907
0.0357759
0.00225885
0.00977172
0.00213206
0.015991
0.00366025
0.00205986
0.00307504
0.00593234
0.0177627
0.00227044
0.00694834
0.0277558
0.0283828
0.0391478
0.0259866
0.0598911
0.0033759
0.0188407
0.0250847
0.0313334
0.020964
0.0279863
0.0145263
0.00247023
0.00324254
0.0236135
0.0141154
0.0167837
0.035936
0.0111239
0.0503962
0.0124524
0.00128248
0.0349656
0.00901274
0.0379713
0.030098
0.0252937
0.0323661
0.0128054
0.0510204
0.0386404
0.0407168
0.0510945
0.0413174
0.0024283
0.0102787
0.00274834
0.000623185
0.0369228
0.045693
0.0493584
0.0233161
0.0190839
0.0534625
0.0449894
0.0330226
0.0186755
0.0177282
0.058766
0.0106753
0.0244463
0.0164732
0.00125899
0.0501607
0.0237233
0.0129758
0.021478
0.0638972
0.0258154
0.0512708
0.0790815
0.00339889
0.0254377
0.00382398
0.00424992
0.0850787
0.0109309
0.00243382
0.00103805
0.0328507
0.0437127
0.0206991
0.013787
0.0563178
0.0220537
0.0424685
0.00461761
0.0252777
0.0576047
0.0406036
0.00571245
0.00397326
0.0143191
0.0213377
0.0320412
0.0151375
0.0242199
0.00209707
0.0167718
0.0110572
0.0354362
0.0330581
0.00687585
0.0476947
0.0230454
0.0234212
0.0542346
0.00767615
0.000212827
0.0248857
0.0517681
0.0211413
0.00841097
0.0218019
0.0210016
0.00320718
0.0274841
0.0333691
0.0228671
0.0495109
0.0331407
0.0428278
0.0581302
0.0179399
0.00479495
0.0536204
0.0138394
0.0167387
0.00486232
0.0134997
0.0350157
0.0476101
0.0212428
0.085949
0.0286267
0.0251447
0.0232155
0.0339565
0.0156261
0.0350776
0.0892954
0.037244
0.0342379
0.0192835
0.00299441
0.018509
0.00388947
0.00289282
0.0179454
0.00204351
0.0303365
0.0122467
0.0399399
0.0122003
0.0011876
0.00170444
0.00801757
0.0256164
0.00488689
0.00166977
0.0164051
0.0322921
0.0160243
0.00415092
0.0216296
0.0157052
0.0383844
0.0184097
0.0377807
0.0225385
0.0508658
0.0261174
0.0254138
0.018984
0.0573169
0.014177
0.061109
0.0117996
0.0110715
0.0449119
0.0392213
0.0505357
0.0241472
0.038736
0.0279749
0.0427119
0.0206958
0.00912082
0.0314122
0.0277912
0.00294009
0.0217436
0.0486583
0.00590373
0.0212898
0.0345282
0.050012
0.0376381
0.0292402
0.00812063
0.00293522
0.00130281
0.00531864
0.00701814
0.0232081
0.00165823
0.0083219
0.0191305
0.0443888
0.0139855
0.021242
0.0158059
0.0530121
0.0148301
0.0257412
0.0291271
0.0283495
0.00162354
0.00460108
0.000994528
0.0554108
0.0148672
0.00126472
0.00207404
0.0335669
0.051825
0.0754583
0.0328854
0.0714958
0.0225658
0.0222863
0.0431523
0.0515866
0.00202135
0.0216462
0.0141891
0.0283945
0.0233858
0.0238805
0.0201049
0.0418233
0.0106442
0.0265631
0.00243476
0.0404412
0.0472607
0.0289064
0.00515925
0.00162628
0.0282098
0.0347289
0.0944636
0.0294558
0.00350106
0.0244148
0.0381616
0.0191995
0.00258901
0.0676047
0.0336739
0.0206898
0.0383131
0.0411395
0.00540827
0.024435
0.0109156
0.00920384
0.032031
0.0302202
0.00322097
0.0197244
0.039152
0.0338926
0.00230241
0.0217445
0.0358387
0.0218166
0.0322983
0.0205737
0.012062
0.0136153
0.000356981
0.0476305
0.0443934
0.0362587
0.0121321
0.0108208
0.0589358
0.0488896
0.0225348
0.0177754
0.0250145
0.0349815
0.00689496
0.0316145
0.00218004
0.018108
0.0332573
0.0222588
0.0387707
0.0201927
0.0164094
0.00418179
0.0683369
0.00214159
0.017238
0.0192401
0.0100907
0.0335384
0.0535714
0.00552652
0.0319419
0.0159587
0.0174583
0.00204885
0.0247014
0.0138746
0.0236992
0.0356771
0.0332504
0.0327471
0.00943131
0.00702329
0.0197162
0.0282699
0.0400989
0.0268237
0.0344438
0.00665224
0.0351386
0.0358497
0.081358
0.0205154
0.0286442
0.0513732
0.00622834
0.0144938
0.00339053
0.00141833
0.0477197
0.0669915
0.0254831
0.0485232
0.0300819
0.0229456
0.0207099
0.00099509
0.01909
0.0793598
0.0266807
0.00533671
0.0165771
0.00951526
0.0179359
0.0233916
0.0267942
0.05722
0.00933596
0.00860347
0.0230438
0.0204213
0.00412845
0.0209233
0.0301653
0.00118084
0.00258046
0.0390882
0.0387291
0.00209818
0.0279798
0.0404209
0.00162308
0.00611232
0.0175074
0.0317959
0.0258585
0.00474374
0.0351962
0.0322626
0.0305522
0.00284611
0.065259
0.0224581
0.0160117
0.0278702
0.0370022
0.0363511
0.044147
0.0015763
0.00371735
0.0274581
0.0224558
0.0219719
0.00179065
0.00441173
0.0253394
0.0433142
0.0292857
0.0185358
0.0221692
0.00748822
0.0312939
