0.0775427
0.148886
0.0736766
0.245867
0.0954683
0.0963064
0.174869
0.162728
0.0892304
0.116549
0.065467
0.294068
0.179933
0.265437
0.183051
0.138915
0.0979382
0.122186
0.154137
0.221316
0.106906
0.359924
0.188759
0.108004
0.0555075
0.116805
0.289587
0.177851
0.0952914
0.0789611
0.203392
0.143524
0.216485
0.0422547
0.0613867
0.176613
0.085818
0.0637808
0.0823895
0.0922154
0.124702
0.353174
0.137816
0.172177
0.149354
0.112193
0.283472
0.21289
0.108649
0.114161
0.18277
0.166653
0.0894029
0.173284
0.0847093
0.135791
0.0739553
0.21968
0.126702
0.220727
0.0895885
0.141682
0.119644
0.137714
0.127632
0.185159
0.174416
0.0751256
0.120402
0.293155
0.169199
0.0648707
0.304957
0.163178
0.081136
0.199557
0.098846
0.0834678
0.121519
0.102994
0.0851858
0.0533345
0.100077
0.125705
0.241321
0.111312
0.0650256
0.143009
0.100949
0.138373
0.128594
0.0358663
0.1064
0.273133
0.194479
0.114234
0.246659
0.0983502
0.164426
0.182146
0.160024
0.0617865
0.08381
0.133713
0.083952
0.185175
0.219396
0.157729
0.213852
0.149285
0.170035
0.137059
0.115277
0.138085
0.103203
0.101243
0.0480616
0.171305
0.0934195
0.150174
0.321511
0.142942
0.137955
0.121678
0.125211
0.11102
0.137932
0.184347
0.0749615
0.166732
0.0931016
0.171125
0.0937707
0.0468921
0.0510884
0.131048
0.127366
0.144281
0.196204
0.158454
0.183676
0.0931124
0.189858
0.0426758
0.115348
0.161576
0.0863549
0.139473
0.131453
0.170612
0.0786593
0.146465
0.305999
0.144933
0.153191
0.129219
0.192766
0.0856929
0.23443
0.159875
0.162289
0.112875
0.110975
0.212317
0.102954
0.177808
0.167358
0.141259
0.0875075
0.0770652
0.11003
0.0819773
0.063656
0.1874
0.136109
0.130288
0.177668
0.0830805
0.0904007
0.0808867
0.150598
0.111775
0.0616391
0.151003
0.196091
0.155564
0.132827
0.153906
0.202087
0.423369
0.0920514
0.129742
0.10885
0.118107
0.101202
0.152024
0.158748
0.198293
0.0945961
0.15225
0.10385
0.0703563
0.198749
0.174278
0.170041
0.103786
0.207123
0.104519
0.107944
0.214548
0.0966795
0.170597
0.216865
0.181182
0.195878
0.0839793
0.0674182
0.0886611
0.143415
0.190943
0.194298
0.114681
0.132357
0.0701289
0.11668
0.161366
0.117204
0.151018
0.100233
0.112793
0.132502
0.14655
0.216541
0.138766
0.0743646
0.171777
0.212443
0.133776
0.149639
0.0825308
0.153129
0.106111
0.104942
0.124011
0.164353
0.156644
0.247474
0.073156
0.118788
0.129956
0.136536
0.30529
0.156732
0.151376
0.184412
0.0644415
0.180219
0.165466
0.127931
0.0869223
0.148847
0.139562
0.171822
0.0764542
0.103796
0.259657
0.0921606
0.170939
0.174225
0.0483464
0.272965
0.119892
0.157969
0.177348
0.122421
0.21414
0.0697167
0.159305
0.13286
0.201386
0.381066
0.150635
0.118355
0.102708
0.176653
0.0916665
0.119731
0.18383
0.143795
0.182555
0.112727
0.102714
0.109828
0.188087
0.0965138
0.0861849
0.474534
0.107255
0.0721905
0.142001
0.102342
0.0892282
0.148671
0.192908
0.143378
0.144248
0.104689
0.155118
0.0567281
0.233078
0.126056
0.0939659
0.071182
0.0791865
0.161933
0.221334
0.169104
0.116452
0.0960236
0.0269795
0.26927
0.0807642
0.111014
0.0675059
0.137505
0.0766352
0.103884
0.095369
0.158159
0.208595
0.134569
0.123623
0.0650767
0.121919
0.209764
0.110004
0.163651
0.109129
0.0610697
0.323085
0.0592557
0.0746665
0.121569
0.166529
0.0757308
0.170609
0.147324
0.148898
0.134702
0.133347
0.0747527
0.0832952
0.221857
0.11578
0.177593
0.152225
0.128183
0.147868
0.121092
0.115817
0.104336
0.0654514
0.13245
0.181659
0.266677
0.110166
0.130164
0.101201
0.108761
0.0879292
0.067537
0.127246
0.134412
0.110216
0.145157
0.171325
0.131756
0.117152
0.193731
0.168799
0.132846
0.147371
0.113818
0.0906117
0.154141
0.080909
0.186409
0.157249
0.178652
0.101161
0.164857
0.196604
0.205882
0.126543
0.102559
0.0841112
0.206105
0.214625
0.126969
0.222386
0.182757
0.303081
0.101704
0.135522
0.208191
0.165815
0.214249
0.254318
0.0876721
0.167827
0.282265
0.170468
0.0973543
0.0744891
0.10817
0.136652
0.180124
0.177195
0.108263
0.278502
0.0916071
0.149793
0.162283
0.0822459
0.142331
0.102386
0.0946584
0.152252
0.11818
0.0393113
0.103728
0.102978
0.0701592
0.134116
0.132682
0.161685
0.157761
0.218872
0.28555
0.115582
0.100244
0.187452
0.191907
0.264243
0.18893
0.162383
0.297604
0.263022
0.0451049
0.0543725
0.144112
0.201876
0.118243
0.14973
0.122702
0.122328
0.0740273
0.135889
0.175455
0.1045
0.0942674
0.127123
0.146713
0.187242
0.225181
0.146201
0.0961833
0.218249
0.100206
0.0704467
0.0447931
0.177121
0.239669
0.0572859
0.0920044
0.166856
0.188855
0.184161
0.13273
0.196748
0.167004
0.174686
0.142316
0.0815487
0.170936
0.121317
0.143091
0.105528
0.0991651
0.111018
0.165468
0.0865981
0.214255
0.0961667
0.0576984
0.124335
0.172822
0.113012
0.0995058
0.09127
0.0930061
0.128921
0.205301
0.161119
0.204816
0.109331
0.0904168
0.0678675
0.152211
0.0888157
0.261049
0.0846987
0.110969
0.131175
0.048284
0.311138
0.0268177
0.127601
0.152202
0.167385
0.23046
0.119278
0.150368
0.166437
0.0822073
0.165604
0.1312
0.395003
0.132098
0.143419
0.156633
0.352147
0.0658
0.14316
0.212329
0.161717
0.089428
0.139996
0.0457152
0.323048
0.110826
0.15042
0.116557
0.142249
0.204164
0.307693
0.0357681
0.128679
0.160996
0.14386
0.139349
0.204751
0.120298
0.177002
0.114377
0.116212
0.232134
0.220269
0.164177
0.155336
0.105569
0.133406
0.155628
0.195384
0.0979499
0.145395
0.141875
0.104519
0.0726305
0.0995328
0.179398
0.0410872
0.0921402
0.101852
0.236155
0.0993773
0.130907
0.112733
0.0494351
0.15027
0.0777261
0.121061
0.0987932
0.24632
0.0456378
0.163152
0.105353
0.10496
0.124863
0.109555
0.187273
0.107402
0.161608
0.195595
0.0952153
0.117729
0.107424
0.203937
0.139258
0.0899182
0.04963
0.137001
0.170939
0.070033
0.112782
0.210025
0.108211
0.151612
0.110012
0.178108
0.13307
0.0476241
0.121224
0.0926165
0.125833
0.172783
0.270546
0.180936
0.0599146
0.188876
0.229647
0.114385
0.130921
0.135513
0.0719522
0.130888
0.146116
0.253088
0.0742822
0.0740915
0.197748
0.15563
0.104102
0.156864
0.0962084
0.0503194
0.109374
0.0565968
0.160522
0.226048
0.127604
0.185351
0.0808821
0.122279
0.0601398
0.194013
0.0900601
0.109162
0.15432
0.110211
0.0707042
0.167425
0.0785292
0.150232
0.13227
0.100933
0.145627
0.116713
0.102555
0.0797318
0.0857409
0.162775
0.130035
0.109114
0.0847732
0.128418
0.109809
0.113426
0.145148
0.125953
0.0930443
0.127384
0.179243
0.0985143
0.193547
0.0337872
0.241519
0.103983
0.18613
0.177576
0.273045
0.068711
0.0644261
0.107476
0.104347
0.107248
0.136622
0.114253
0.113659
0.0683924
0.100064
0.137684
0.298182
0.173531
0.131241
0.140304
0.0980196
0.0959923
0.0807079
0.113345
0.177615
0.104905
0.108134
0.161238
0.289373
0.151023
0.187843
0.102482
0.125041
0.0878217
0.152915
0.199702
0.0854461
0.123217
0.131205
0.127287
0.179001
0.101941
0.207869
0.142259
0.217208
0.1986
0.135126
0.30349
0.0619097
0.38809
0.0982745
0.209005
0.36246
0.202825
0.0808291
0.108174
0.112872
0.118403
0.0646032
0.129564
0.0725459
0.215994
0.0704857
0.17743
0.14991
0.0500073
0.124378
0.164862
0.0971593
0.129919
0.086227
0.187209
0.109968
0.135888
0.18396
0.184329
0.142871
0.436872
0.0810421
0.150339
0.0932509
0.152488
0.0529922
0.24626
0.264945
0.162147
0.14534
0.268335
0.0379451
0.0723812
0.130565
0.167168
0.12057
0.230092
0.130215
0.0955958
0.116158
0.147811
0.301352
0.0995508
0.0747906
0.0964452
0.167031
0.159026
0.195189
0.0509179
0.0767333
0.128864
0.129882
0.191019
0.173714
0.196088
0.157486
0.12765
0.122636
0.150894
0.101282
0.0429723
0.159268
0.139883
0.247457
0.187181
0.103605
0.117797
0.149399
0.0892964
0.108205
0.19051
0.14044
0.0863521
0.1475
0.239737
0.157577
0.120777
0.116954
0.197367
0.0952766
0.0940571
0.0738329
0.173599
0.153396
0.125519
0.11925
0.0994751
0.0747193
0.0936514
0.0927184
0.23959
0.198925
0.0996235
0.0744142
0.169771
0.20582
0.242263
0.180652
0.188035
0.104684
0.144356
0.334719
0.0758415
0.195743
0.179227
0.192673
0.104213
0.154737
0.0721519
0.1812
0.164429
0.163844
0.140174
0.184468
0.199057
0.112064
0.251421
0.104279
0.199312
0.148549
0.247385
0.151343
0.0664315
0.0905979
0.130513
0.124419
0.119645
0.0621593
0.103364
0.161002
0.0747026
0.094924
0.12348
0.171177
0.115825
0.124527
0.116633
0.112094
0.122281
0.156261
0.22083
0.294153
0.134782
0.118199
0.074758
0.223051
0.0931137
0.143205
0.141531
0.170903
0.273799
0.169492
0.121128
0.171315
0.242694
0.11553
0.0906956
0.109223
0.115254
0.288462
0.11501
0.356071
0.0399374
0.095058
0.291272
0.152259
0.152042
0.185543
0.0679413
0.102316
0.191659
0.0744315
0.141305
0.111657
0.261198
0.116391
0.164486
0.0891384
0.130047
0.0786473
0.168273
0.203842
0.229078
0.0783441
0.139047
0.0988473
0.154349
0.0871364
0.12302
0.171586
0.133308
0.189516
0.0471459
0.218956
0.143177
0.182586
0.0647003
0.143622
0.214197
0.0758721
0.183646
0.0848476
0.182595
0.104256
0.0974741
0.0749494
0.169336
0.134963
0.0952357
0.140375
0.169948
0.105289
0.203547
0.170909
0.102939
0.0476145
0.0720323
0.159788
0.110635
0.20989
0.154014
0.17981
0.0485158
0.139982
0.431322
0.154558
0.0957437
0.153482
0.150074
0.238022
0.0952484
0.099022
0.118044
0.156928
0.103792
0.0810936
0.186419
0.100411
0.334807
0.174398
0.160113
0.115032
0.103189
0.0476414
0.11239
0.117905
0.0470467
0.150638
0.206606
0.160998
0.21709
0.103583
0.124627
0.199268
0.17339
0.143413
0.139891
0.116288
0.151658
0.122532
0.0986093
0.237326
0.153956
0.147317
0.0793218
0.0753439
0.123239
0.151009
0.131917
0.114528
0.142635
0.111737
0.0989193
0.115262
0.195993
0.153818
0.166379
0.116525
0.226307
0.147462
0.168369
0.105415
0.0942311
0.0345778
0.108899
0.110381
0.14319
0.126301
0.175655
0.0959796
0.0329185
0.0981099
0.144263
0.230784
0.109993
0.201381
0.164953
0.218683
0.174213
0.10497
0.28109
0.12245
0.120714
0.0942139
0.209338
0.105418
0.184622
0.132307
0.190984
0.128261
0.0380563
0.109162
0.170839
0.0764428
0.107267
0.191256
0.113999
0.215658
0.216167
0.106516
0.103672
0.0697386
0.128124
0.154288
0.138312
0.157723
0.0656179
0.062506
0.0801133
0.126412
0.126793
0.103604
0.12981
0.0896655
0.179834
0.264916
0.10326
0.197421
0.263359
0.107784
0.141738
0.138328
0.112547
0.0997036
0.20689
0.273518
0.147034
0.151428
0.0847547
0.0683652
0.125084
0.186219
0.111726
0.105415
0.0975662
0.279617
0.223233
0.172679
0.176928
0.250237
0.236301
0.0998131
0.166509
0.14839
0.11153
0.149134
0.208235
0.11884
0.118264
0.0901807
0.196839
0.154193
0.201493
0.194878
0.186212
0.211354
0.147803
0.0871179
0.0835665
0.0709695
0.12254
0.0622959
0.142364
0.0948118
0.196174
0.361978
0.163797
0.0640779
0.328588
0.125958
0.128073
0.221037
0.114107
0.0691088
0.145337
0.104406
0.109962
0.0906349
0.247166
0.105003
0.145341
0.11878
0.133674
0.0880932
0.127354
0.213417
0.102241
0.125562
0.0570055
0.0751405
0.170514
0.154113
0.162603
0.0560356
0.117388
0.14993
0.207221
0.104799
0.111406
0.215615
0.128248
0.130811
0.147443
0.157786
0.154326
0.182455
0.167541
0.141657
0.111909
0.148352
0.111775
0.0778986
0.189017
0.190436
0.259505
0.138778
0.128085
0.0900869
0.212481
0.0926137
0.0667501
0.11553
0.173627
0.268984
0.0579472
0.193319
0.175281
0.32007
0.221024
0.128622
0.112667
0.146222
0.100487
0.0961623
0.136369
0.0425416
0.0340685
0.0987268
0.0677441
0.15347
0.0697083
0.104544
0.104107
0.354873
0.132034
0.0913098
0.228049
0.039406
0.22047
0.12621
0.163022
0.082324
0.176084
0.186838
0.0842658
0.0758785
0.208973
0.0914891
0.114389
0.100741
0.0790802
0.111493
0.180349
0.12159
0.121025
0.137741
0.211887
0.111528
0.137785
0.0921657
0.184362
0.0849672
0.341626
0.0839063
0.0931607
0.106797
0.169519
0.0993054
0.0790576
0.152319
0.0683119
0.15395
0.0710204
0.106733
0.289819
0.1761
0.03457
0.091467
0.158746
0.118196
0.144614
0.172773
0.20204
0.226223
0.164503
0.152985
0.0842913
0.12242
0.0635936
0.2621
0.150129
0.118505
0.182466
0.152558
0.187576
0.16881
0.14312
0.111068
0.178703
0.242955
0.189046
0.218413
0.157489
0.132676
0.0682778
0.136688
0.199201
0.115956
0.0862879
0.185537
0.16446
0.12271
0.155379
0.145915
0.159161
0.187931
0.079887
0.172748
0.0755995
0.137641
0.0545727
0.187643
0.140097
0.0558137
0.0628477
0.256466
0.105475
0.0972472
0.204242
0.192235
0.158678
0.100943
0.157106
0.136963
0.0688704
0.115381
0.051695
0.0696756
0.148528
0.162012
0.154293
0.0965753
0.153699
0.142119
0.344922
0.0907305
0.223742
0.170752
0.32009
0.103063
0.104282
0.17731
0.141922
0.297012
0.107152
0.077196
0.124676
0.140361
0.0814006
0.0948
0.124268
0.220485
0.0973602
0.142691
0.346429
0.080724
0.146964
0.304218
0.193946
0.0830556
0.0676681
0.109531
0.228367
0.0488638
0.110671
0.0749482
0.110369
0.111126
0.112068
0.13582
0.466864
0.229703
0.195775
0.169936
0.178899
0.0993451
0.200061
0.382063
0.17652
0.122624
0.288568
0.128604
0.211513
0.119806
0.0851758
0.251071
0.160355
0.121245
0.17279
0.0861445
0.110176
0.137604
0.148575
0.0452309
0.153883
0.179884
0.127626
0.178089
0.0884226
0.180276
0.105113
0.17973
0.118074
0.191549
0.109042
0.240127
0.126678
0.246845
0.113787
0.187608
0.173296
0.080399
0.148512
0.190506
0.036983
0.150862
0.175567
0.096951
0.197441
0.106812
0.112463
0.0492617
0.093576
0.131257
0.119929
0.446157
0.188177
0.0958946
0.15942
0.165704
0.0757545
0.130411
0.128944
0.0766913
0.184593
0.133511
0.268874
0.143679
0.0576191
0.100041
0.117782
0.184462
0.0894105
0.210596
0.0982045
0.0724295
0.149462
0.0957753
0.100946
0.195294
0.135129
0.133721
0.191577
0.109581
0.0801507
0.155052
0.189621
0.191728
0.400074
0.0876405
0.114134
0.220994
0.137833
0.136393
0.130797
0.0937778
0.0772689
0.172832
0.123629
0.192422
0.214675
0.176229
0.110076
0.0440489
0.220071
0.142874
0.223621
0.375082
0.0856818
0.140002
0.0797143
0.199479
0.122872
0.0594407
0.0767985
0.138572
0.0910368
0.234751
0.209752
0.179172
0.249992
0.155517
0.235695
0.145369
0.127921
0.177803
0.0794379
0.163592
0.236113
0.125366
0.204723
0.179443
0.104752
0.0965424
0.102269
0.132734
0.113312
0.170589
0.0853805
0.126327
0.0503973
0.135483
0.202885
0.0784133
0.115143
0.162783
0.15937
0.175259
0.133886
0.158329
0.0820492
0.180084
0.119307
0.152873
0.187332
0.191767
0.164711
0.135774
0.2151
0.257235
0.160151
0.173903
0.203002
0.0855515
0.159967
0.111212
0.120228
0.151077
0.153578
0.179029
0.0630918
0.121137
0.135663
0.0990229
0.0906176
0.174105
0.154894
0.0577605
0.0980473
0.0735209
0.164161
0.15939
0.181627
0.112551
0.141066
0.0879893
0.108503
0.0578908
0.0805538
0.100606
0.136201
0.100496
0.0439641
0.114674
0.0577155
0.100297
0.143773
0.160365
0.139743
0.137955
0.151518
0.128214
0.175444
0.156195
0.162235
0.138719
0.143978
0.154447
0.264477
0.241859
0.0924993
0.115138
0.132676
0.0951317
0.189751
0.130865
0.108697
0.108965
0.138413
0.137041
0.182571
0.0584443
0.103963
0.132914
0.0960462
0.121969
0.0909447
0.124448
0.115535
0.192642
0.15549
0.117633
0.116947
0.118259
0.160186
0.0490847
0.111135
0.0588433
0.187705
0.084926
0.11319
0.0560612
0.148122
0.144663
0.107065
0.074305
0.300419
0.106241
0.149273
0.168215
0.228297
0.187637
0.0618585
0.156315
0.11219
0.0881875
0.118266
0.27285
0.128009
0.235555
0.0989576
0.118867
0.0589843
0.158832
0.0759199
0.109245
0.140371
0.255711
0.146769
0.0561618
0.0807012
0.199391
0.0966965
0.119621
0.127035
0.154052
0.186257
0.133833
0.117044
0.1091
0.157926
0.108509
0.123454
0.106695
0.0642095
0.121395
0.179954
0.0866249
0.179034
0.0838967
0.228657
0.0724641
0.0659566
0.145378
0.180385
0.0854207
0.200586
0.211529
0.0671797
0.0909362
0.188084
0.127644
0.350753
0.156334
0.254491
0.101
0.180321
0.251767
0.220043
0.131438
0.183769
0.0786906
0.180416
0.132016
0.116616
0.26925
0.160315
0.112726
0.157653
0.0740948
0.16973
0.0517911
0.145705
0.0646267
0.235903
0.15203
0.156601
0.160175
0.107719
0.100872
0.0436627
0.075221
0.114608
0.208173
0.106472
0.143543
0.114122
0.072683
0.420915
0.152887
0.317575
0.157746
0.182856
0.228311
0.248407
0.104808
0.192905
0.245045
0.0715879
0.19775
0.0905314
0.152333
0.055429
0.170819
0.111425
0.107476
0.0940589
0.0944303
0.155342
0.0618556
0.20515
0.160443
0.215304
0.176242
0.115388
0.163371
0.202796
0.175039
0.25123
0.110328
0.562162
0.127754
0.185682
0.13529
0.17341
0.147182
0.0992921
0.177381
0.142924
0.098449
0.137984
0.116167
0.110289
0.191552
0.425395
0.185023
0.112869
0.141311
0.102681
0.0648686
0.105362
0.134066
0.0885827
0.230902
0.206949
0.0851203
0.118718
0.168723
0.11555
0.293524
0.0972423
0.0840293
0.164781
0.113606
0.165467
0.194704
0.141113
0.0521371
0.278809
0.186327
0.156784
0.247463
0.242727
0.270808
0.223384
0.117885
0.141042
0.17756
0.116757
0.110108
0.137648
0.17913
0.197111
0.12759
0.208773
0.208316
0.254743
0.191633
0.186103
0.434703
0.0966365
0.0809757
0.158507
0.309026
0.119112
0.040891
0.107169
0.122355
0.0640826
0.0604464
0.151715
0.188331
0.194644
0.0621838
0.16501
0.0926118
0.149465
0.0582507
0.140987
0.137629
0.0953138
0.141769
0.285781
0.209056
0.067488
0.0866646
0.134918
0.13038
0.0908471
0.183854
0.115891
0.124811
0.148467
0.0887751
0.169578
0.125998
0.124532
0.0708531
0.206562
0.165192
0.13664
0.131754
0.13449
0.118161
0.144629
0.0365567
0.0706937
0.165437
0.120531
0.240928
0.149061
0.115716
0.10814
0.19124
0.093586
0.130825
0.225116
0.0489521
0.114638
0.204884
0.153631
0.123075
0.307516
0.115348
0.0674805
0.084008
0.222474
0.151344
0.186868
0.225692
0.133035
0.187836
0.153599
0.099133
0.0711974
0.0635849
0.167841
0.0527847
0.087712
0.0784051
0.106234
0.164592
0.149393
0.212638
0.142247
0.164838
0.0875625
0.105547
0.112299
0.112872
0.446429
0.0860054
0.127544
0.134649
0.213404
0.127346
0.0993413
0.148386
0.246881
0.149645
0.1465
0.0626692
0.0764663
0.106921
0.354211
0.0739321
0.195848
0.102039
0.0936578
0.159346
0.193981
0.165863
0.133218
0.120607
0.129063
0.0837977
0.10704
0.0553565
0.0856355
0.142811
0.0584649
0.140292
0.141132
0.159056
0.0621857
0.213196
0.138273
0.0828527
0.112547
0.131054
0.130981
0.12124
0.130977
0.135606
0.145466
0.0904463
0.217077
0.106372
0.20344
0.190951
0.0831242
0.0850664
0.211182
0.209295
0.149458
0.144108
0.223992
0.110098
0.153066
0.0610064
0.148333
0.129941
0.0819991
0.163713
0.0528904
0.189884
0.137235
0.115556
0.31809
0.115832
0.125012
0.150843
0.120919
0.159059
0.0798612
0.130315
0.183866
0.150079
0.13793
0.152812
0.0973327
0.151607
0.203942
0.04754
0.0554538
0.146191
0.134266
0.228315
0.202442
0.120533
0.182842
0.116823
0.149873
0.0765897
0.108504
0.0781141
0.0753988
0.0833764
0.176776
0.0877822
0.0930642
0.173865
0.198893
0.142387
0.127062
0.0878661
0.107512
0.161525
0.132931
0.100041
0.0922029
0.0880291
0.0914561
0.102362
0.122542
0.122735
0.139771
0.11229
0.173599
0.114607
0.113103
0.131877
0.146088
0.191642
0.0787762
0.121742
0.121139
0.147208
0.157714
0.20094
0.115167
0.15336
0.0738107
0.132457
0.0906787
0.0870243
0.0849563
0.12257
0.13354
0.432629
0.0688502
0.195921
0.137989
0.131375
0.084252
0.228809
0.0737316
0.141037
0.0299082
0.144974
0.243368
0.225529
0.207118
0.0946307
0.149151
0.148741
0.174502
0.0572331
0.130219
0.124789
0.16019
0.144972
0.0951724
0.204666
0.175027
0.137029
0.212214
0.174706
0.111139
0.141059
0.250763
0.0934791
0.087145
0.0410256
0.101166
0.235936
0.187598
0.166329
0.0524615
0.238879
0.14054
0.0568728
0.125254
0.143297
0.12952
0.0623547
0.0625032
0.100253
0.0933922
0.188676
0.0835
0.298479
0.0790052
0.0866463
0.144799
0.216581
0.0883235
0.134126
0.117263
0.038922
0.0825223
0.286676
0.131519
0.137953
0.0476139
0.0642395
0.19351
0.145567
0.116765
0.0818577
0.103873
0.189211
0.166819
0.122796
0.185256
0.375928
0.274909
0.189023
0.102122
0.130324
0.276442
0.153886
0.173688
0.128575
0.171532
0.0537387
0.0539817
0.135615
0.122918
0.107513
0.323685
0.0869768
0.152855
0.062838
0.0633553
0.156824
0.178756
0.122322
0.103844
0.0975408
0.144234
0.177774
0.166144
0.130741
0.0809185
0.141215
0.167887
0.100797
0.102198
0.120949
0.15875
0.137585
0.128928
0.135765
0.23686
0.198131
0.204753
0.0790401
0.129844
0.127159
0.191707
0.178215
0.201135
0.15037
0.13326
0.112957
0.102634
0.119421
0.0993319
0.0703997
0.131335
0.235589
0.140114
0.100526
0.0991951
0.131529
0.206856
0.268243
0.0914019
0.14994
0.120449
0.135848
0.0673456
0.0456121
0.125136
0.102505
0.122167
0.120022
0.197943
0.10154
0.0857994
0.188743
0.21208
0.113357
0.152047
0.112187
0.200761
0.100235
0.108012
0.148397
0.110204
0.138734
0.0945331
0.13361
0.210975
0.204521
0.132394
0.169633
0.0729132
0.351985
0.32471
0.0643097
0.105153
0.188958
0.0585151
0.182168
0.0983444
0.319669
0.162629
0.160801
0.325049
0.141846
0.136913
0.347845
0.185641
0.118758
0.418398
0.233182
0.0793472
0.136878
0.167951
0.178541
0.241042
0.183299
0.0780431
0.246273
0.18758
0.124792
0.159577
0.0987117
0.214697
0.137713
0.100254
0.161996
0.148159
0.126643
0.0583087
0.151214
0.185232
0.0757355
0.0800389
0.188056
0.156586
0.15526
0.335978
0.164932
0.167181
0.0838456
0.129254
0.141852
0.162642
0.301504
0.133607
0.140912
0.0812631
0.11411
0.125797
0.174254
0.122422
0.137718
0.203521
0.149964
0.0657545
0.151636
0.193436
0.170743
0.161329
0.147693
0.067398
0.117707
0.160156
0.13135
0.20744
0.0806566
0.149433
0.0784518
0.105848
0.120414
0.143256
0.161388
0.101733
0.0654028
0.184908
0.326551
0.123638
0.201352
0.0798559
0.158639
0.214354
0.124092
0.0828384
0.205857
0.0750641
0.110167
0.117143
0.118007
0.107996
0.224572
0.242575
0.164161
0.105486
0.180501
0.073963
0.148185
0.127248
0.113087
0.271263
0.127584
0.0648436
0.210886
0.242457
0.165839
0.113486
0.0959426
0.115394
0.0672786
0.0616609
0.179228
0.177716
0.0650217
0.122106
0.134941
0.148305
0.132352
0.153939
0.141003
0.0975927
0.215727
0.185592
0.12258
0.17225
0.145622
0.18063
0.11528
0.102807
0.0635095
0.168854
0.183288
0.221393
0.0624356
0.16782
0.152449
0.126389
0.288193
0.10252
0.170615
0.223651
0.106066
0.143196
0.234273
0.127193
0.118527
0.134946
0.189453
0.0867823
0.112693
0.109539
0.127981
0.214899
0.172552
0.116696
0.103617
0.149779
0.116359
0.189691
0.0684124
0.190698
0.136306
0.14655
0.185211
0.130882
0.115204
0.101061
0.0937503
0.102581
0.122309
0.0936576
0.12634
0.203639
0.0558261
0.153143
0.201144
0.143493
0.126699
0.115842
0.0767353
0.235691
0.0505401
0.051912
0.178693
0.157271
0.155569
0.243676
0.108918
0.101357
0.26696
0.169428
0.126324
0.150934
0.138236
0.0581631
0.173558
0.0838485
0.0660761
0.184804
0.110016
0.122398
0.154371
0.135567
0.188812
0.127085
0.0988864
0.106524
0.34301
0.0893241
0.187878
0.192923
0.231357
0.0896537
0.120982
0.0607568
0.110605
0.080284
0.16185
0.138807
0.233752
0.213955
0.317791
0.150057
0.135564
0.234823
0.140009
0.201658
0.155303
0.150331
0.10517
0.120059
0.0592385
0.154588
0.0736499
0.140839
0.226838
0.105077
0.088935
0.0681069
0.0477426
0.235982
0.174212
0.152167
0.139029
0.12498
0.0807716
0.132426
0.170814
0.164486
0.134234
0.180789
0.0769584
0.251125
0.0590351
