0.127387
0.115299
0.195016
0.0897453
0.197352
0.0979338
0.0690127
0.202338
0.160823
0.120154
0.108054
0.153123
0.122613
0.169359
0.104149
0.189608
0.123872
0.114082
0.128502
0.190379
0.213721
0.116865
0.183306
0.220778
0.18534
0.15792
0.216385
0.0830582
0.240822
0.299603
0.175803
0.179581
0.334514
0.222244
0.169197
0.0697988
0.153022
0.234435
0.243063
0.146646
0.149632
0.135044
0.185461
0.105269
0.131245
0.175672
0.121547
0.0785642
0.0747011
0.158724
0.0353087
0.189453
0.186611
0.0391584
0.168328
0.199402
0.106083
0.24417
0.126052
0.157036
0.191356
0.192818
0.201351
0.146575
0.177698
0.248393
0.191944
0.111733
0.15447
0.204603
0.150088
0.147115
0.143491
0.290936
0.148075
0.117831
0.17105
0.151656
0.173073
0.102569
0.130883
0.16293
0.170791
0.203984
0.207851
0.12128
0.173788
0.111636
0.139955
0.168308
0.0971941
0.115628
0.131123
0.155963
0.307545
0.144943
0.14347
0.115776
0.0470784
0.129042
0.0853424
0.108395
0.151901
0.0813057
0.246655
0.195182
0.146726
0.172613
0.161317
0.152916
0.0845715
0.151389
0.10069
0.185724
0.117557
0.139565
0.183331
0.157944
0.115644
0.210287
0.126238
0.164421
0.085185
0.109522
0.159707
0.190885
0.213313
0.16551
0.0808582
0.199535
0.083797
0.23283
0.202751
0.193384
0.0692753
0.153139
0.150308
0.070499
0.189903
0.136495
0.145923
0.17764
0.137255
0.120099
0.158542
0.181054
0.218609
0.0863817
0.126197
0.177507
0.187464
0.175162
0.162792
0.234894
0.082783
0.104811
0.189851
0.206369
0.188331
0.190287
0.142494
0.173009
0.262809
0.154562
0.156693
0.175232
0.155836
0.160978
0.216526
0.147512
0.101576
0.121704
0.127782
0.168236
0.261866
0.175279
0.176377
0.161175
0.182538
0.219297
0.153547
0.243465
0.239538
0.117903
0.160852
0.050092
0.20867
0.0922096
0.182018
0.0861242
0.113115
0.174558
0.170939
0.213832
0.0517988
0.161821
0.112964
0.0951321
0.181984
0.111304
0.215888
0.148538
0.170931
0.165648
0.144386
0.0559075
0.198703
0.108177
0.207164
0.193922
0.178846
0.155295
0.175547
0.165045
0.179354
0.11765
0.0980371
0.164479
0.104038
0.14815
0.182984
0.128721
0.104467
0.168526
0.115324
0.140362
0.190747
0.201845
0.187565
0.069858
0.110784
0.141755
0.2267
0.203457
0.127627
0.190712
0.153857
0.12283
0.188681
0.180247
0.114122
0.0937734
0.169116
0.132882
0.194236
0.103988
0.0966579
0.0839173
0.197348
0.214449
0.144575
0.132087
0.220624
0.11102
0.266546
0.157601
0.110303
0.182985
0.118675
0.104816
0.197639
0.139505
0.183327
0.081645
0.216994
0.0690557
0.135051
0.177153
0.14407
0.146263
0.178796
0.181584
0.130671
0.122028
0.119214
0.0604854
0.174161
0.172437
0.203562
0.176175
0.164736
0.193948
0.126274
0.191056
0.19614
0.230685
0.138514
0.148136
0.0949495
0.123918
0.199444
0.162215
0.177986
0.190901
0.136279
0.186438
0.177879
0.101124
0.107562
0.201023
0.145423
0.0783659
0.110621
0.20063
0.0976968
0.13558
0.173082
0.202649
0.200534
0.171797
0.205381
0.224689
0.116379
0.113757
0.139618
0.194962
0.146973
0.111411
0.126734
0.125305
0.184778
0.145078
0.0603202
0.187866
0.163243
0.160188
0.174876
0.168035
0.255779
0.115887
0.132131
0.152904
0.276744
0.179663
0.152728
0.184226
0.227044
0.209518
0.240964
0.227847
0.174964
0.11513
0.238884
0.18486
0.0648829
0.18629
0.140105
0.176472
0.0551353
0.14006
0.103117
0.170571
0.13084
0.237231
0.175598
0.213714
0.0801523
0.195728
0.152081
0.221776
0.11502
0.201575
0.0644434
0.0574132
0.128807
0.161661
0.205218
0.115425
0.206591
0.225664
0.256133
0.113244
0.188063
0.168238
0.0877329
0.188762
0.247377
0.19087
0.179691
0.129024
0.130883
0.149143
0.0334712
0.0816608
0.0970882
0.188105
0.103159
0.182038
0.11322
0.219602
0.162729
0.0468803
0.063974
0.239995
0.17736
0.205978
0.165835
0.144268
0.0694131
0.163914
0.106874
0.137544
0.20284
0.22842
0.0844599
0.14991
0.133808
0.165268
0.0714824
0.164844
0.14928
0.175881
0.156002
0.0613838
0.153486
0.202283
0.157666
0.0989059
0.120878
0.128674
0.183471
0.143747
0.142175
0.138444
0.18999
0.125627
0.167339
0.0948973
0.165193
0.178159
0.14224
0.224238
0.197948
0.0874598
0.119685
0.127605
0.179646
0.111005
0.221098
0.149985
0.0827179
0.10883
0.137566
0.123497
0.160803
0.260749
0.122056
0.0561516
0.0886254
0.163037
0.17318
0.164612
0.140595
0.188134
0.100813
0.294974
0.154291
0.103233
0.139822
0.119284
0.163721
0.204011
0.19474
0.164738
0.167882
0.144657
0.218839
0.190932
0.130249
0.0603534
0.209967
0.140571
0.19186
0.160762
0.101577
0.171554
0.255096
0.174704
0.13844
0.148232
0.11148
0.117002
0.131546
0.147476
0.158169
0.0975678
0.182428
0.133526
0.226309
0.078808
0.170566
0.148254
0.223482
0.142114
0.127292
0.177673
0.124027
0.255744
0.171259
0.176794
0.130938
0.251394
0.21495
0.160189
0.134738
0.119895
0.0941163
0.103277
0.192238
0.233397
0.289974
0.20928
0.0785214
0.128105
0.160436
0.0477631
0.150718
0.231541
0.194743
0.0957137
0.13957
0.0954215
0.188888
0.140854
0.198626
0.168198
0.206071
0.181044
0.132491
0.0850573
0.150651
0.204001
0.157856
0.101864
0.0562134
0.128555
0.145222
0.299617
0.146293
0.122603
0.202772
0.151642
0.286205
0.180879
0.14744
0.103278
0.143189
0.160445
0.0874625
0.108017
0.103485
0.0977595
0.141966
0.120166
0.187128
0.126754
0.0811084
0.12292
0.164079
0.143209
0.166457
0.176335
0.194979
0.208578
0.180688
0.115436
0.111705
0.133223
0.114361
0.22599
0.196799
0.184054
0.123072
0.130206
0.159644
0.138954
0.131037
0.172746
0.121667
0.146076
0.0859834
0.138052
0.239867
0.15803
0.120327
0.164175
0.0744268
0.153378
0.151676
0.182793
0.18901
0.154668
0.212962
0.16047
0.209113
0.188231
0.104502
0.215402
0.192031
0.1547
0.082501
0.0749486
0.19271
0.102478
0.179931
0.0740355
0.137888
0.16456
0.187291
0.194578
0.189893
0.138258
0.211714
0.166826
0.152818
0.0830845
0.0763966
0.0963773
0.0596163
0.21048
0.214038
0.236898
0.140667
0.186494
0.173338
0.222245
0.171109
0.0939116
0.196191
0.105288
0.149652
0.156424
0.179737
0.142027
0.063989
0.0248345
0.158227
0.0525259
0.175916
0.0614837
0.0681483
0.223133
0.100074
0.230063
0.19233
0.0890981
0.141035
0.157322
0.113636
0.149104
0.19597
0.209573
0.101451
0.139424
0.222699
0.206106
0.237149
0.204886
0.191461
0.322758
0.209775
0.167093
0.119944
0.185586
0.11838
0.147571
0.137915
0.163395
0.13341
0.22908
0.225469
0.11984
0.165767
0.158783
0.181935
0.191083
0.158177
0.138783
0.168367
0.181915
0.157441
0.266123
0.0865552
0.0557248
0.129758
0.150972
0.183682
0.154296
0.223357
0.0859981
0.222763
0.112689
0.163893
0.14192
0.0631994
0.162213
0.141199
0.0555519
0.251489
0.128366
0.193404
0.107954
0.22762
0.123228
0.250699
0.182884
0.105002
0.159442
0.232769
0.187192
0.119851
0.165468
0.108903
0.121776
0.112072
0.1566
0.197085
0.161874
0.207074
0.188154
0.165118
0.18649
0.124859
0.0720065
0.213346
0.150877
0.132911
0.142802
0.199788
0.119131
0.116717
0.10975
0.134616
0.179296
0.127172
0.122141
0.141435
0.103289
0.194992
0.153311
0.240493
0.172053
0.168402
0.093641
0.190215
0.149541
0.221762
0.0726493
0.110747
0.112222
0.204311
0.104651
0.0914831
0.0361421
0.262332
0.112145
0.115995
0.118206
0.0837471
0.137223
0.104014
0.150613
0.174895
0.147778
0.0454302
0.180498
0.138693
0.170934
0.167519
0.123561
0.160978
0.155345
0.19823
0.203656
0.149581
0.119706
0.183164
0.174087
0.24028
0.0978535
0.153042
0.135325
0.197188
0.125164
0.177786
0.184406
0.134626
0.199322
0.243442
0.154521
0.148312
0.145103
0.256436
0.176263
0.209063
0.119608
0.157096
0.150741
0.176475
0.125419
0.133796
0.253773
0.180729
0.196122
0.172738
0.116444
0.138878
0.140383
0.126914
0.133638
0.198671
0.109833
0.191198
0.213315
0.205558
0.170446
0.136342
0.230213
0.131249
0.121239
0.183151
0.125257
0.152778
0.162544
0.201256
0.131739
0.153912
0.147972
0.177396
0.182931
0.123473
0.0610505
0.141533
0.0945576
0.158669
0.137815
0.0805428
0.209317
0.132104
0.114376
0.175666
0.108949
0.0823692
0.109296
0.0815175
0.156913
0.156364
0.147747
0.171886
0.135375
0.0911994
0.144404
0.118318
0.163851
0.211915
0.202228
0.219134
0.185083
0.0605554
0.0714794
0.126637
0.171544
0.146677
0.100106
0.0533485
0.144045
0.126686
0.143573
0.131509
0.125702
0.109014
0.139495
0.151881
0.105116
0.141525
0.182616
0.0860143
0.176269
0.18593
0.122512
0.165846
0.132801
0.125512
0.250248
0.0286662
0.0667338
0.167442
0.14889
0.211178
0.171428
0.115419
0.14589
0.162709
0.159134
0.120422
0.110714
0.205845
0.121946
0.0574332
0.063044
0.189781
0.198678
0.148171
0.169829
0.197004
0.121164
0.174523
0.106719
0.159978
0.127041
0.214846
0.161519
0.149872
0.13476
0.134833
0.137043
0.125652
0.250761
0.138226
0.245238
0.219574
0.184828
0.132335
0.197059
0.137913
0.206247
0.102161
0.174632
0.116918
0.179706
0.12541
0.0947528
0.129296
0.0587912
0.0558824
0.273787
0.119035
0.139779
0.194662
0.110728
0.135916
0.135786
0.158103
0.171886
0.221862
0.19762
0.205646
0.189613
0.128875
0.135982
0.185279
0.23021
0.195965
0.0853023
0.189616
0.176965
0.0843704
0.100155
0.175174
0.136663
0.278405
0.276219
0.0690613
0.219665
0.229728
0.0630182
0.103468
0.171398
0.199721
0.160985
0.126744
0.159171
0.126249
0.114935
0.155834
0.224627
0.0938658
0.188438
0.0863704
0.16451
0.232841
0.144904
0.176729
0.151034
0.0713964
0.178817
0.265983
0.111964
0.153709
0.168774
0.0304572
0.180031
0.113555
0.175304
0.064355
0.116343
0.197531
0.122989
0.150234
0.0950695
0.171086
