0.328325
0.288947
0.0643351
0.250063
0.225889
0.217782
0.310173
0.289531
0.194902
0.0971205
0.152665
0.226873
0.109378
0.13107
0.198379
0.248957
0.138964
0.283422
0.205698
0.219691
0.280971
0.126895
0.243276
0.234244
0.0813673
0.21401
0.105383
0.171517
0.147929
0.216471
0.102314
0.180947
0.26121
0.0727086
0.0454357
0.217408
0.237606
0.21862
0.182198
0.234534
0.151035
0.22163
0.267878
0.252587
0.20823
0.121135
0.173316
0.170983
0.192664
0.179538
0.226303
0.1522
0.286981
0.107196
0.102977
0.33223
0.0688999
0.228535
0.149869
0.224126
0.252854
0.250576
0.0758191
0.222242
0.120759
0.231514
0.205996
0.298487
0.222775
0.180136
0.0657728
0.188711
0.130024
0.249012
0.198907
0.0738382
0.100398
0.234354
0.158115
0.101723
0.0705122
0.150741
0.0999245
0.278889
0.261099
0.204448
0.318179
0.171107
0.265014
0.109166
0.149163
0.223428
0.306303
0.207332
0.276661
0.157042
0.224611
0.181999
0.277681
0.167358
0.19861
0.219447
0.330769
0.287032
0.193619
0.215524
0.0663552
0.173216
0.263301
0.25235
0.161419
0.335571
0.211079
0.278348
0.179829
0.0974811
0.16901
0.20664
0.188653
0.169997
0.186599
0.29174
0.18611
0.159982
0.292673
0.144724
0.247696
0.246262
0.28815
0.137609
0.180269
0.1824
0.258225
0.140671
0.0864199
0.238784
0.195781
0.230906
0.0773395
0.189379
0.259129
0.251102
0.153097
0.256065
0.2981
0.196861
0.139012
0.2428
0.344718
0.258179
0.100243
0.314219
0.299282
0.127721
0.135526
0.255629
0.175314
0.172901
0.225526
0.23595
0.276221
0.146419
0.203916
0.181903
0.215388
0.111323
0.139297
0.157075
0.247882
0.165771
0.164951
0.0964586
0.244059
0.146458
0.11637
0.237191
0.131225
0.257008
0.281903
0.125899
0.188422
0.192547
0.216229
0.152286
0.138324
0.160459
0.206783
0.130957
0.140914
0.246469
0.299756
0.137765
0.209414
0.220584
0.166372
0.273658
0.26065
0.280902
0.189371
0.152192
0.251493
0.157701
0.157388
0.110994
0.26965
0.274914
0.236204
0.18483
0.191589
0.245157
0.216828
0.261532
0.261136
0.229775
0.309973
0.211174
0.208117
0.31573
0.189924
0.190425
0.183091
0.264378
0.210157
0.066491
0.112478
0.203954
0.165797
0.115616
0.115821
0.244857
0.236606
0.197283
0.175657
0.164017
0.177605
0.191302
0.317033
0.108298
0.262562
0.105404
0.148301
0.0867436
0.257248
0.23369
0.211136
0.278457
0.359215
0.288299
0.262301
0.229953
0.0907984
0.150826
0.235762
0.23266
0.27793
0.255677
0.182702
0.241025
0.278782
0.14211
0.131695
0.251889
0.284521
0.0776595
0.143028
0.233763
0.173108
0.231251
0.246439
0.259307
0.206867
0.212666
0.176752
0.220867
0.20176
0.181491
0.201934
0.309774
0.240355
0.100089
0.171971
0.228198
0.252523
0.236866
0.241894
0.177902
0.303903
0.186089
0.216494
0.264118
0.180408
0.308861
0.0960253
0.21308
0.247832
0.183014
0.173983
0.246308
0.204134
0.111612
0.144172
0.213243
0.0452323
0.2622
0.220346
0.259758
0.262741
0.0616734
0.289164
0.15342
0.209384
0.191403
0.173684
0.200755
0.195122
0.0866812
0.256692
0.0515432
0.175683
0.232861
0.280689
0.0775008
0.248823
0.309137
0.284867
0.189575
0.177137
0.214276
0.249602
0.217906
0.132184
0.0957171
0.179791
0.107009
0.208193
0.281391
0.164702
0.184371
0.23155
0.259855
0.177756
0.249287
0.244665
0.232813
0.184336
0.125331
0.175487
0.196846
0.246278
0.199743
0.2164
0.168502
0.212942
0.218844
0.238376
0.249251
0.11019
0.154182
0.247824
0.152556
0.241111
0.22346
0.217094
0.248556
0.108229
0.115377
0.251713
0.09618
0.0997956
0.236948
0.149132
0.224449
0.17772
0.261693
0.105853
0.279662
0.148551
0.163116
0.263869
0.20391
0.205466
0.285802
0.247283
0.288926
0.220272
0.243414
0.29167
0.272632
0.27669
0.281191
0.101356
0.253223
0.116371
0.215055
0.185869
0.223996
0.186892
0.188379
0.263611
0.138538
0.128779
0.259761
0.0706123
0.231169
0.294229
0.148619
0.325226
0.189451
0.172568
0.259614
0.130164
0.225042
0.210061
0.187069
0.215306
0.116903
0.22892
0.27029
0.306552
0.267478
0.259806
0.250438
0.264641
0.100334
0.144279
0.194114
0.149762
0.274146
0.243009
0.245734
0.210747
0.170145
0.245764
0.206551
0.157956
0.222853
0.235537
0.186208
0.0971314
0.330801
0.0877248
0.0617591
0.118307
0.118776
0.133311
0.168637
0.193434
0.230996
0.267873
0.193878
0.226005
0.271353
0.0558776
0.270551
0.120448
0.095406
0.200961
0.259372
0.131906
0.159411
0.251697
0.206409
0.253861
0.182568
0.286869
0.229031
0.234486
0.278502
0.225949
0.232437
0.0889021
0.237835
0.278955
0.199133
0.196622
0.19822
0.170088
0.220992
0.26174
0.166316
0.163675
0.27003
0.213203
0.204052
0.150945
0.221744
0.14708
0.225424
0.140576
0.109329
0.311526
0.210707
0.194879
0.156254
0.234603
0.239497
0.22128
0.260688
0.0994414
0.237936
0.285721
0.246866
0.185762
0.211685
0.278547
0.173797
0.115824
0.155727
0.102844
0.136499
0.269485
0.149519
0.177865
0.169703
0.159976
0.279052
0.201837
0.212571
0.268301
0.264185
0.171799
0.199333
0.273904
0.26588
0.243491
0.148388
0.110788
0.159927
0.262617
0.244962
0.148137
0.16958
0.207842
0.287898
0.250269
0.264617
0.297132
0.192106
0.313508
0.20724
0.204965
0.249121
0.248798
0.298218
0.219219
0.232276
0.134315
0.190532
0.13715
0.275358
0.230547
0.149365
0.297731
0.0928392
0.252311
0.18396
0.135891
0.30093
0.183451
0.262012
0.230984
0.310728
0.146502
0.209918
0.165317
0.282895
0.307152
0.0853622
0.194279
0.243593
0.330792
0.316212
0.273384
0.364076
0.176023
0.343608
0.208801
0.223873
0.206386
0.203016
0.287394
0.183148
0.0951784
0.291729
0.187828
0.164236
0.162272
0.283214
0.163678
0.192017
0.250142
0.185522
0.214679
0.120959
0.283253
0.236572
0.2241
0.316572
0.106957
0.347583
0.136404
0.173581
0.223615
0.209061
0.251036
0.230724
0.216494
0.282247
0.234281
0.21214
0.224458
0.240272
0.170611
0.253859
0.215942
0.145238
0.24377
0.148546
0.121302
0.204413
0.130626
0.265082
0.19453
0.0942337
0.20916
0.237734
0.333552
0.183876
0.200137
0.304511
0.209693
0.25551
0.156864
0.240311
0.148985
0.146441
0.259429
0.191528
0.162639
0.29431
0.152782
0.150858
0.248445
0.136196
0.270711
0.240507
0.11188
0.195138
0.322442
0.201969
0.0714791
0.338343
0.262805
0.263966
0.168194
0.19591
0.210215
0.187578
0.0978638
0.220287
0.145341
0.216665
0.212328
0.237879
0.21657
0.113925
0.285878
0.170775
0.22524
0.190608
0.0798808
0.135955
0.280222
0.111961
0.224472
0.263433
0.171884
0.169573
0.192945
0.116364
0.253631
0.194341
0.0522809
0.126973
0.153411
0.209867
0.134014
0.220874
0.248545
0.0614964
0.319178
0.267879
0.330462
0.166241
0.199774
0.238073
0.289564
0.243859
0.178362
0.184034
0.204757
0.276129
0.12745
0.286519
0.255195
0.21715
0.111263
0.155754
0.171027
0.120949
0.196473
0.224697
0.30832
0.29361
0.215135
0.254044
0.274065
0.116984
0.219051
0.301199
0.189914
0.170171
0.348752
0.145908
0.24379
0.0694115
0.0580724
0.227704
0.207123
0.143873
0.24234
0.215502
0.212157
0.203763
0.249548
0.16117
0.27914
0.215466
0.257349
0.140954
0.241806
0.320181
0.222671
0.239381
0.163936
0.174318
0.0954648
0.136213
0.185991
0.165599
0.224933
0.25547
0.141384
0.185318
0.221087
0.274515
0.248476
0.0788999
0.130378
0.203511
0.233771
0.207777
0.236529
0.260525
0.299555
0.248467
0.257229
0.0832375
0.136141
0.242711
0.126273
0.207572
0.235934
0.16389
0.110479
0.12824
0.087462
0.105412
0.263389
0.249033
0.340258
0.153238
0.218086
0.252806
0.294429
0.183118
0.211068
0.101426
0.202658
0.149345
0.323731
0.274689
0.227884
0.194862
0.164294
0.239875
0.191119
0.211957
0.245538
0.151253
0.102131
0.276314
0.245702
0.053346
0.186336
0.24689
0.218426
0.271314
0.137287
0.0837255
0.198593
0.153124
0.127714
0.225349
0.296524
0.273419
0.121016
0.247457
0.204041
0.26014
0.183905
0.227112
0.145194
0.195373
0.25257
0.316509
0.199112
0.131342
0.221683
0.0747269
0.302826
0.244479
0.154787
0.143003
0.343866
0.10542
0.324492
0.17024
0.118879
0.266051
0.166798
0.253976
0.0961487
0.239821
0.104098
0.223401
0.0680084
0.110012
0.304232
0.266157
0.202646
0.162174
0.276723
0.263344
0.267855
0.316686
0.276163
0.152509
0.197434
0.23356
0.104726
0.1507
0.289033
0.16426
0.259759
0.244148
0.217315
0.210105
0.165111
0.100734
0.252983
0.0937083
0.190005
0.253285
0.123896
0.218125
0.231837
0.267463
0.117326
0.108693
0.220523
0.109386
0.26297
0.214387
0.15138
0.110529
0.205361
0.263506
0.092841
0.210697
0.189592
0.114125
0.248464
0.153531
0.172039
0.115833
0.210515
0.190328
0.223502
0.116316
0.26974
0.282001
0.280758
0.221419
0.225137
0.29625
0.297637
0.253417
0.260848
0.328565
0.245072
0.224873
0.217934
0.175389
0.15306
0.121805
0.0744829
0.260521
0.227359
0.364057
0.209612
0.18557
0.239405
0.27293
0.189695
0.340727
0.210555
0.251412
0.279617
0.224911
0.162429
0.312336
0.170262
0.165556
0.151592
0.231528
0.246561
0.321449
0.306227
0.308713
0.12031
0.287814
0.160986
0.230929
0.186479
0.178925
0.106625
0.165664
0.196628
0.31813
0.241895
0.243739
0.276867
0.236695
0.203018
0.233999
0.145325
0.35065
0.228792
0.246982
0.330322
0.308703
0.214355
0.327107
0.236566
0.213221
0.260047
0.24473
0.18442
0.0844689
0.2811
0.14957
0.41127
0.122159
0.168589
0.203505
0.213857
0.265927
0.267642
0.164654
0.205413
0.0652422
0.171705
0.0358934
0.257049
0.128159
0.20998
0.241001
0.255302
0.141443
0.233814
0.277931
0.193467
0.143126
0.209086
0.0932149
0.231659
0.275171
0.147938
0.279909
0.282755
0.0728848
0.137009
0.175796
0.236861
0.163858
0.208693
0.304251
0.178467
0.323386
0.101781
0.121865
0.232141
0.133066
0.079486
0.165163
0.294836
0.174917
0.207854
0.282064
0.083728
0.0801707
0.138233
0.302949
0.146194
0.183544
0.170159
0.221371
0.275117
0.158135
0.222634
0.257956
0.214439
0.168751
0.174179
0.251346
0.16156
0.154074
0.149236
0.248654
0.263607
0.22432
0.199361
0.198647
0.203799
0.201829
0.183298
0.120728
0.282145
0.16236
0.283853
0.232813
0.12021
0.211377
0.115588
0.172406
0.239753
0.311435
0.294192
0.155931
0.103963
0.176191
0.189237
0.0792213
0.226674
0.298879
0.23397
0.178255
0.243895
0.315883
0.281701
0.228989
0.134416
0.194319
0.0731102
0.255995
0.280504
0.229872
0.238805
0.224274
0.272956
0.204208
0.192263
0.245041
0.180386
0.154594
0.159687
0.0509587
0.271044
0.166074
0.108007
0.222355
0.300828
0.155975
0.300006
0.25121
0.191436
0.191248
0.231061
0.2141
0.215803
0.263373
0.129079
0.147069
0.185338
0.235793
0.125929
0.113397
0.144006
0.158538
0.250383
0.236641
0.207412
0.102852
0.253106
0.170609
0.242307
0.245021
0.265826
0.275238
0.294022
0.209676
0.270979
0.165386
0.247326
0.13333
0.186083
0.08935
0.206154
0.232279
0.274415
0.172475
0.0734954
0.236354
0.228228
0.239327
0.17184
0.296918
0.246428
0.271146
0.0906776
