0.0450404
0.060367
0.0355977
0.0434486
0.0169754
0.106797
0.0461121
0.227572
0.162488
0.0371369
0.0362079
0.320168
0.0352219
0.0475419
0.0494834
0.249494
0.317146
0.0493969
0.0201353
0.0251446
0.0372885
0.160539
0.168681
0.0449502
0.177387
0.0355795
0.198691
0.0645097
0.0478893
0.111524
0.0616434
0.0436634
0.11088
0.102139
0.0538417
0.0334001
0.0639727
0.146597
0.0575749
0.0251895
0.0631623
0.0440013
0.0446325
0.0670539
0.262243
0.186231
0.35902
0.0418693
0.327967
0.210578
0.0509554
0.0741141
0.0720176
0.283412
0.0552329
0.211328
0.0849379
0.0413242
0.0590386
0.0418864
0.0439681
0.0543699
0.037811
0.0408086
0.0732724
0.0552842
0.114782
0.0594387
0.0898704
0.0481875
0.0480661
0.0346882
0.208948
0.086414
0.0462645
0.0485955
0.0819256
0.0470137
0.103233
0.0312613
0.35096
0.0914926
0.228896
0.0408688
0.0342823
0.220075
0.0387821
0.273983
0.0462514
0.0290617
0.0466848
0.0442905
0.0504647
0.0851543
0.0909036
0.0767491
0.0778908
0.0364811
0.0277538
0.142434
0.0328757
0.111704
0.0582583
0.100359
0.0275567
0.039533
0.0436121
0.0286468
0.0444878
0.0393284
0.448275
0.224363
0.466425
0.0407115
0.0446547
0.0734729
0.0802828
0.057343
0.120454
0.0617858
0.114635
0.0430134
0.0814757
0.0438052
0.0401475
0.0599933
0.0358317
0.0624163
0.0323525
0.0468364
0.0337578
0.102022
0.0400439
0.211964
0.0468715
0.0517852
0.0712194
0.0490858
0.217551
0.149226
0.078782
0.0570443
0.0330903
0.045768
0.164059
0.254247
0.196759
0.0397163
0.0776988
0.0556747
0.0314294
0.0382558
0.0668402
0.0594048
0.292752
0.0456094
0.0316095
0.0497209
0.0499685
0.0553733
0.0279466
0.0393167
0.0495021
0.037321
0.0441264
0.0624823
0.0446142
0.0886071
0.0586605
0.0336376
0.126276
0.0291682
0.107468
0.0400188
0.218195
0.0527921
0.0313216
0.0370338
0.154809
0.17526
0.156417
0.092864
0.0561794
0.308416
0.0460918
0.0740262
0.137407
0.0785499
0.0591472
0.0454312
0.032698
0.159752
0.0502614
0.349351
0.162232
0.196797
0.0931756
0.0902758
0.231325
0.0420937
0.0526765
0.123831
0.0575058
0.122415
0.134723
0.017761
0.0714312
0.15456
0.0430872
0.0327961
0.0952809
0.116297
0.101182
0.0361113
0.361232
0.0351752
0.253826
0.0774463
0.143354
0.0611726
0.229504
0.0272781
0.0257795
0.0658163
0.258564
0.0481999
0.0253997
0.0650836
0.310188
0.043969
0.0541195
0.0694125
0.0400429
0.10035
0.0436833
0.035325
0.0349851
0.0719925
0.147171
0.0358278
0.0360162
0.175846
0.0413357
0.0649616
0.0241351
0.0296785
0.0550396
0.0460065
0.0958805
0.0395801
0.0460075
0.0908159
0.0846722
0.0295605
0.048743
0.0230858
0.0781871
0.212946
0.0416081
0.0442124
0.306896
0.0924595
0.0565888
0.230804
0.194962
0.0312955
0.0788945
0.0481541
0.4218
0.0246753
0.0214344
0.0358675
0.135951
0.0379744
0.0339291
0.0679565
0.0306213
0.0332446
0.0732719
0.115365
0.0400529
0.233868
0.0594424
0.408597
0.0343418
0.137609
0.127102
0.0284361
0.303606
0.0452867
0.258415
0.0392334
0.0329545
0.105859
0.0748345
0.52184
0.0441788
0.0995809
0.245664
0.0741068
0.0444867
0.263947
0.0496644
0.0211589
0.0328095
0.0497878
0.0822389
0.0477306
0.191973
0.0238472
0.140592
0.0391509
0.110429
0.0368356
0.0580065
0.246311
0.0607779
0.0265914
0.364628
0.0200407
0.0488737
0.0389951
0.281058
0.0496088
0.0684826
0.041963
0.392164
0.0450091
0.282187
0.0351805
0.05116
0.0642333
0.0425654
0.0900115
0.0406879
0.0460236
0.104617
0.0508872
0.0533319
0.129538
0.0379086
0.0426548
0.162824
0.0331369
0.112352
0.1886
0.0657004
0.0630329
0.0423633
0.0366094
0.0870059
0.105793
0.0347392
0.275142
0.0570343
0.0386623
0.0335098
0.0246226
0.0240515
0.0451241
0.195749
0.0448454
0.0186717
0.240207
0.0848352
0.0307764
0.0741255
0.0395469
0.0427804
0.0421201
0.0377425
0.104733
0.0350748
0.099624
0.0642989
0.251665
0.0915926
0.147755
0.0505785
0.0360942
0.0236762
0.0857685
0.181794
0.043055
0.0915944
0.0438293
0.0990622
0.0262255
0.0293331
0.0882299
0.0511547
0.0850572
0.0470076
0.039579
0.0452043
0.0742255
0.218522
0.120374
0.0467724
0.0392645
0.256865
0.0596112
0.0432952
0.248307
0.0320028
0.0429569
0.0401546
0.0413132
0.231411
0.0410183
0.0846951
0.0543966
0.0356322
0.0563123
0.0402506
0.0729851
0.0976292
0.0392599
0.0524249
0.0440625
0.0308236
0.0225125
0.320055
0.034956
0.0408557
0.043552
0.0452729
0.131363
0.19417
0.0380372
0.233966
0.0346536
0.0382715
0.0273517
0.0392215
0.140215
0.0846567
0.054085
0.0303969
0.0412545
0.0437551
0.0332554
0.0833303
0.0444895
0.0747152
0.0380816
0.268184
0.076175
0.044711
0.0339487
0.0747122
0.110472
0.0822962
0.0933396
0.0441199
0.0442565
0.18847
0.0894759
0.0467858
0.186647
0.0231904
0.0393846
0.0196917
0.078921
0.0386942
0.0326337
0.0429002
0.0816427
0.0649609
0.0396576
0.0869683
0.0693318
0.0493082
0.122144
0.160218
0.0806474
0.0375708
0.0459614
0.0323451
0.282572
0.0434203
0.0300699
0.0524988
0.0949427
0.0282485
0.0403991
0.117965
0.0537465
0.302274
0.020547
0.221993
0.0723619
0.0699976
0.0504437
0.0225202
0.0702313
0.0386952
0.204851
0.219067
0.0146141
0.162848
0.0550446
0.0414941
0.0877492
0.0448625
0.373536
0.0883857
0.2075
0.128579
0.0451936
0.145468
0.143281
0.0310632
0.0344797
0.0419164
0.0751013
0.038214
0.142443
0.0322061
0.0284659
0.0236566
0.0395207
0.312697
0.301526
0.082376
0.278003
0.0348963
0.086054
0.223786
0.0325465
0.0370237
0.121902
0.0613861
0.230776
0.158505
0.0364924
0.0426423
0.121925
0.218259
0.0331114
0.0448182
0.0291858
0.0747721
0.0397441
0.330385
0.0657758
0.0446886
0.0366953
0.041598
0.0372858
0.0361122
0.0374932
0.0673926
0.0380967
0.178191
0.243878
0.047702
0.0261741
0.289132
0.036462
0.0331707
0.0338162
0.0423068
0.049075
0.0718067
0.138437
0.0286582
0.0514026
0.0384811
0.0620437
0.0435003
0.048035
0.0336967
0.0509579
0.0391204
0.308336
0.0409093
0.0850864
0.0569103
0.0699263
0.0848989
0.033891
0.424918
0.195493
0.0430896
0.0246185
0.128441
0.29169
0.433513
0.0511828
0.0639399
0.496396
0.0737756
0.0852176
0.0372084
0.0641426
0.101135
0.0552569
0.0337061
0.040005
0.0420691
0.269435
0.0279527
0.0717845
0.0498518
0.117172
0.0347131
0.0389631
0.0357212
0.0733462
0.0651923
0.0486443
0.0708767
0.0702346
0.0671509
0.081542
0.0506693
0.0657673
0.0407222
0.0505808
0.029747
0.0497273
0.0372092
0.189099
0.0698109
0.0830796
0.195624
0.263412
0.0569835
0.0295598
0.0537831
0.0520739
0.0442576
0.0315056
0.0708831
0.104165
0.0544054
0.0469138
0.0381885
0.0315855
0.112935
0.0488082
0.0591286
0.195011
0.0662776
0.103909
0.0377922
0.341251
0.0629803
0.0732751
0.0652265
0.138334
0.186933
0.0332902
0.0830986
0.0738531
0.0428124
0.025768
0.0501387
0.0403574
0.0669837
0.0516347
0.0319935
0.0696591
0.442
0.123815
0.0630546
0.0506999
0.0618637
0.0371123
0.0619711
0.0521743
0.170572
0.0367421
0.07679
0.0466412
0.0730471
0.0545681
0.0557019
0.0455323
0.0415943
0.0378281
0.243922
0.0445314
0.0461648
0.0935134
0.0447294
0.0398478
0.0274482
0.0665873
0.128324
0.0247011
0.107091
0.0347812
0.085513
0.309296
0.0430209
0.0267465
0.0401187
0.0578468
0.116954
0.0358167
0.0339933
0.0238969
0.0860724
0.0374568
0.110109
0.0667721
0.0633349
0.0402763
0.0479099
0.0395959
0.128962
0.0651166
0.032199
0.0447136
0.0257084
0.0286322
0.154783
0.18759
0.0300164
0.0944144
0.0316997
0.411247
0.0665729
0.137042
0.0757596
0.220769
0.117293
0.0389451
0.0394456
0.283804
0.03447
0.0405126
0.0543083
0.0504806
0.0480492
0.0346968
0.155722
0.0306255
0.0472255
0.0387314
0.0295133
0.0541825
0.154442
0.0552061
0.0546965
0.0419614
0.0806149
0.152266
0.162888
0.0371578
0.0916673
0.0563898
0.0413881
0.296872
0.0306242
0.194262
0.0280182
0.132773
0.0962455
0.290591
0.232512
0.0577575
0.0490038
0.190768
0.0875498
0.0467449
0.418682
0.113041
0.0614344
0.116673
0.0392771
0.0378996
0.0363965
0.0966179
0.0485531
0.0583807
0.0792636
0.036489
0.0355882
0.0838519
0.0474822
0.220808
0.222222
0.082356
0.0528578
0.0638117
0.0360357
0.0194758
0.0589837
0.0503376
0.0276443
0.0323706
0.0504487
0.0777819
0.0652479
0.0279203
0.0392121
0.0335117
0.0579138
0.0657156
0.0284056
0.030911
0.109267
0.0567062
0.0343598
0.0435591
0.0543642
0.160953
0.0448096
0.0540208
0.0857882
0.0474406
0.0682724
0.257053
0.0498642
0.0801281
0.0275353
0.0413603
0.0665683
0.0363676
0.12089
0.0353349
0.113712
0.0989874
0.0649954
0.320728
0.141172
0.0375603
0.168754
0.0533213
0.0539897
0.0754293
0.031773
0.186239
0.0358385
0.0444886
0.055745
0.0381493
0.0393389
0.0422154
0.0632285
0.0468572
0.03772
0.0240733
0.0383721
0.116824
0.0443184
0.11935
0.0412553
0.211867
0.0580262
0.0446692
0.0528383
0.036793
0.0339845
0.0656129
0.272982
0.0401974
0.206367
0.0372271
0.0248654
0.0337058
0.0343919
0.034819
0.0758676
0.0319947
0.217784
0.0480613
0.0279623
0.05237
0.107268
0.0356401
0.359834
0.263035
0.160381
0.0322656
0.0194685
0.0497196
0.270911
0.135396
0.376102
0.0805733
0.0402494
0.0520518
0.116305
0.048094
0.0856061
0.070759
0.0516469
0.042194
0.0690717
0.113411
0.0421269
0.35934
0.028935
0.0597357
0.0558843
0.148561
0.0214579
0.0370383
0.201063
0.114916
0.0527667
0.0637811
0.025926
0.0297969
0.0831293
0.187674
0.030956
0.0420545
0.0734967
0.0160469
0.0511554
0.0250746
0.410026
0.146944
0.0616507
0.113847
0.0777161
0.0750228
0.0553343
0.0272161
0.0534706
0.10746
0.0444824
0.117715
0.0857203
0.180502
0.0773657
0.21272
0.136622
0.0647508
0.0348139
0.0491501
0.0613006
0.0261889
0.181996
0.202867
0.114947
0.130911
0.0294138
0.036939
0.0280023
0.080338
0.158192
0.015959
0.0966091
0.0101176
0.0592742
0.0484168
0.0496053
0.0285545
0.0358857
0.11076
0.0191847
0.0886722
0.0362992
0.0490739
0.103227
0.260338
0.364725
0.0598583
0.195351
0.0491903
0.233137
0.0372628
0.197517
0.0136923
0.0359093
0.1537
0.0322331
0.225051
0.0513916
0.297806
0.141298
0.0838419
0.221112
0.0371941
0.0420526
0.14828
0.0338082
0.102748
0.146361
0.151523
0.0336532
0.0406559
0.0458284
0.0829157
0.0509149
0.0424686
0.0650848
0.0736112
0.0658608
0.0492338
0.0383547
0.0371098
0.0443288
0.0279717
0.212463
0.306492
0.0706221
0.0343684
0.0379283
0.220543
0.219616
0.0603626
0.0484838
0.0402838
0.126208
0.174209
0.0647614
0.0434898
0.0297383
0.0531462
0.13274
0.0220491
0.145278
0.0252629
0.0376486
0.07272
0.0462515
0.0382972
0.0367945
0.0320346
0.039792
0.0449588
0.13032
0.0415175
0.139055
0.0452525
0.0987125
0.0426142
0.087961
0.0271191
0.108774
0.0911474
0.087105
0.377887
0.0291886
0.075531
0.0369056
0.0727749
0.0416998
0.0585559
0.0689832
0.0735882
0.0610247
0.114074
0.104071
0.0514223
0.0477991
0.0607412
0.0653775
0.108612
0.0420787
0.0577134
0.0453685
0.110597
0.114447
0.109526
0.0338071
0.044707
0.0775528
0.0334419
0.124505
0.0608929
0.10816
0.0414602
0.0399965
0.110288
0.125091
0.0152648
0.115881
0.050548
0.0497291
0.0252929
0.0910058
0.0443349
0.470084
0.100221
0.036568
0.0270125
0.0495105
0.039121
0.0774895
0.0409773
0.0400798
0.214954
0.0535554
0.0413068
0.0477387
0.0530766
0.04652
0.0376038
0.10125
0.134098
0.15896
0.0440542
0.0468254
0.0369552
0.0385567
0.034454
0.0773982
0.0451243
0.0140571
0.0975993
0.162251
0.0788104
0.0774479
0.0432544
0.0382651
0.034787
0.172242
0.0374513
0.123561
0.0421035
0.0431964
0.0357619
0.25585
0.223105
0.107273
0.0873864
0.0349067
0.0955674
0.0248201
0.0346144
0.0703011
0.12723
0.112667
0.144283
0.0384659
0.0313292
0.0268521
0.187554
0.0399265
0.0425285
0.426813
0.231892
0.0416382
0.0343625
0.0862424
0.0480547
0.0447696
0.114287
0.0411787
0.0283693
0.0337083
0.109584
0.0372596
0.0928556
0.0278087
0.029738
0.379976
0.11151
0.0436437
0.0407316
0.0443144
0.244897
0.105142
0.0359216
0.0538516
0.0301552
0.0317528
0.167438
0.0497111
0.210761
0.045556
0.0429502
0.0485408
0.0701261
0.0403911
0.0372448
0.0562609
0.029272
0.043295
0.0426329
0.0459471
0.130205
0.0442906
0.132958
0.030262
0.0737797
0.139866
0.0483038
0.142672
0.0578931
0.0366216
0.105664
0.0336241
0.0653549
0.021137
0.0922058
0.0850342
0.179782
0.113096
0.0434828
0.0292568
0.184294
0.0295908
0.0184295
0.065184
0.0593816
0.0642625
0.0759005
0.168326
0.0749897
0.212139
0.300223
0.0489842
0.0433336
0.222855
0.0684461
0.0261762
0.0341111
0.0335012
0.0419907
0.0495631
0.0588788
0.0291192
0.0249035
0.034624
0.0624445
0.143058
0.0475039
0.0350621
0.0693712
0.0379284
0.0932368
0.0402275
0.0296325
0.041873
0.0513334
0.0603107
0.0500881
0.0803332
0.0673137
0.301229
0.0344478
0.0282097
0.0770667
0.218229
0.0475829
0.0526707
0.0366211
0.0310765
0.167376
0.0661988
0.0397655
0.0604525
0.131607
0.0737542
0.0308398
0.0709198
0.0704206
0.0786991
0.151436
0.0415327
0.0524739
0.0864986
0.036916
0.0330805
0.0484122
0.0409365
0.0482314
0.0748739
0.239637
0.128531
0.0475421
0.0307453
0.0366611
0.0363856
0.152856
0.0564998
0.0361524
0.237079
0.040933
0.0402225
0.174816
0.14346
0.0857934
0.0946401
0.0360191
0.0201471
0.0407225
0.0390832
0.061766
0.0634776
0.108518
0.0808231
0.0935075
0.0370742
0.258808
0.0352507
0.222708
0.34998
0.0774344
0.0443395
0.0168175
0.110521
0.0862297
0.265937
0.0289337
0.0334213
0.0416886
0.0360474
0.0365236
0.0907371
0.297075
0.0398488
0.250894
0.121006
0.119866
0.0496336
0.0434689
0.0453581
0.112456
0.036188
0.200723
0.0285749
0.173236
0.0492952
0.137835
0.104126
0.180731
0.499095
0.0390591
0.0424644
0.128219
0.0239282
0.0612987
0.0717982
0.0177347
0.0878677
0.041365
0.0932079
0.0899988
0.0620586
0.03257
0.0843913
0.0494872
0.0811289
0.0658423
0.0425281
0.0655937
0.035903
0.0499373
0.0304629
0.0437028
0.0252
0.0356582
0.291034
0.0413335
0.0395508
0.0911957
0.370367
0.032185
0.0596467
0.301593
0.034698
0.026567
0.0446219
0.0516233
0.0231566
0.0492471
0.0734415
0.0482361
0.0319714
0.0561843
0.0352858
0.0552207
0.0340388
0.116364
0.045939
0.0340138
0.0434668
0.040238
0.0610466
0.0256699
0.0798928
0.48827
0.193628
0.198038
0.052479
0.138361
0.0313021
0.0699173
0.106381
0.0755008
0.021946
0.0470043
0.045342
0.0830638
0.296108
0.0767297
0.0674202
0.0435711
0.281992
0.027011
0.06946
0.0285446
0.0919212
0.146725
0.107736
0.0545312
0.109764
0.525199
0.108612
0.178846
0.12028
0.076179
0.0412424
0.0634515
0.206329
0.0786242
0.0905521
0.066279
0.0415721
0.211206
0.036257
0.0374878
0.038733
0.106631
0.0299064
0.123233
0.0466572
0.293826
0.0159409
0.0386309
0.0375403
0.128986
0.038441
0.042018
0.0529642
0.0250992
0.0441284
0.343241
0.0343226
0.327083
0.0436107
0.018209
0.0599276
0.0253826
0.296594
0.0322642
0.105297
0.245058
0.0597397
0.0275738
0.184096
0.059756
0.24886
0.10787
0.0506371
0.359945
0.0811708
0.0896898
0.196123
0.036393
0.302907
0.0277602
0.0946559
0.0207303
0.0248308
0.324052
0.0495458
0.0586961
0.20827
0.132379
0.0582028
0.420294
0.0524036
0.255428
0.100557
0.0308291
0.0412961
0.0468922
0.0497409
0.049316
0.0461791
0.0722909
0.156245
0.0295588
0.049604
0.0584964
0.0465757
0.0107757
0.0766923
0.0749102
0.171856
0.0282528
0.0407581
0.0342021
0.0373393
0.0429313
0.0370763
0.100045
0.126589
0.11543
0.204632
0.0384588
0.123654
0.0417524
0.0351512
0.0712889
0.0233084
0.0518782
0.0354885
0.0424516
0.186974
0.113774
0.0441831
0.0548158
0.233983
0.321224
0.135938
0.0380586
0.193973
0.0300491
0.072158
0.0718473
0.0618414
0.105554
0.0576617
0.037586
0.110475
0.177916
0.0444498
0.0550223
0.114264
0.0219733
0.0323839
0.166952
0.0344412
0.0317245
0.368276
0.0233998
0.143165
0.150452
0.0512533
0.0351295
0.0344003
0.0372847
0.0956147
0.0647278
0.123664
0.14187
0.0530107
0.0399219
0.034289
0.0743061
0.172797
0.0392428
0.0485025
0.0445646
0.118028
0.0308758
0.0474538
0.140307
0.287706
0.0699673
0.0488168
0.0751751
0.0368122
0.0477047
0.13096
0.0485939
0.0431331
0.0497028
0.112933
0.0437974
0.0456014
0.459353
0.0355921
0.0301323
0.0353568
0.0548943
0.0267935
0.0326737
0.04903
0.045194
0.0837434
0.169005
0.0275412
0.0387941
0.27224
0.0543641
0.0432808
0.028373
0.0874033
0.0484923
0.524432
0.132589
0.113732
0.0738162
0.0900492
0.0373172
0.229404
0.0379867
0.139039
0.0497469
0.02311
0.187343
0.0452209
0.118914
0.034936
0.101435
0.0309696
0.105192
0.0690003
0.0415619
0.0351218
0.0369017
0.152209
0.0521181
0.320259
0.0613664
0.0803312
0.0389488
0.0719547
0.0881215
0.133536
0.0638991
0.134669
0.357646
0.10169
0.0208052
0.24006
0.0439657
0.0219119
0.0359895
0.0407268
0.190906
0.0789867
0.0304499
0.0320545
0.0578274
0.0435865
0.0461974
0.0682323
0.0867617
0.0466887
0.07872
0.0608893
0.0418802
0.0260692
0.0427148
0.0309416
0.0420851
0.0607276
0.218995
0.245896
0.0316512
0.0609488
0.0308343
0.0433888
0.0346111
0.0548158
0.0390194
0.042642
0.0500595
0.0556227
0.0923786
0.0931114
0.04295
0.0425215
0.0734957
0.0539145
0.0313386
0.0403803
0.0353389
0.0461635
0.199202
0.11126
0.0399961
0.0154882
0.0561409
0.0458981
0.212278
0.0424831
0.134017
0.0904334
0.0772145
0.0355274
0.0613545
0.263901
0.0408385
0.198898
0.044806
0.0421761
0.145254
0.0217153
0.0545865
0.0331539
0.251064
0.0952917
0.0505244
0.0638416
0.0710987
0.0384654
0.0775517
0.324628
0.0931106
0.047041
0.0619672
0.0365856
0.329765
0.0606226
0.123249
0.0510782
0.0951483
0.185155
0.151552
0.0422234
0.0352362
0.0945911
0.156404
0.0951972
0.0398273
0.0371843
0.0645497
0.0407176
0.14214
0.066233
0.0395856
0.151966
0.0254671
0.0384602
0.0346474
0.0322647
0.0416682
0.0268645
0.0592929
0.0480696
0.13074
0.0233662
0.0236633
0.0268475
0.065768
0.075721
0.042704
0.054785
0.0894033
0.0351611
0.0773325
0.0902673
0.0400241
0.0435837
0.0199862
0.0435899
0.129058
0.18692
0.0738429
0.0347714
0.0984646
0.0334425
0.281298
0.128042
0.0389225
0.0449575
0.191758
0.299728
0.306548
0.122455
0.0224953
0.0352422
0.0594898
0.0571139
0.0181057
0.215229
0.0438332
0.0382307
0.0414915
0.423835
0.0714589
0.297473
0.0433729
0.0321914
0.0381666
0.0514471
0.044756
0.050382
0.0472697
0.0247778
0.0186586
0.0374992
0.0305538
0.040372
0.17003
0.121613
0.0447147
0.0479032
0.0496891
0.0480546
0.0431243
0.0428878
0.0469411
0.0604511
0.029322
0.0951459
0.0142148
0.0727105
0.0454927
0.0375685
0.0154471
0.0173875
0.400344
0.326096
0.0202719
0.0387412
0.041947
0.129034
0.0336804
0.0432809
0.0310627
0.041851
0.0577595
0.0502151
0.0424083
0.184872
0.10455
0.130493
0.237095
0.0334996
0.054812
0.0187989
0.0693246
0.156115
0.0498791
0.0339039
0.0412002
0.0387786
0.0595205
0.198213
0.0368137
0.323698
0.198541
0.16504
0.112569
0.0575812
0.0570519
0.0362544
0.0408455
0.0336352
0.025207
0.0559327
0.0409582
0.0492392
0.18826
0.0260441
0.0444347
0.0382173
0.169416
0.164221
0.0716454
0.031484
0.161163
0.0564646
0.266271
0.0733551
0.0549672
0.101012
0.0840662
0.144136
0.216983
0.0376167
0.0526052
0.0664516
0.0321266
0.0883017
0.0324125
0.0431732
0.032055
0.0355375
0.0403037
0.0198974
0.0835708
0.437681
0.165194
0.216256
0.219927
0.0290182
0.0351438
0.27805
0.0922317
0.0315688
0.0395814
0.0653846
0.0372862
0.0425396
0.0579874
0.0396512
0.0806261
0.037854
0.0136176
0.0485074
0.117665
0.0398607
0.102415
0.054871
0.0337312
0.18611
0.503529
0.0444941
0.143822
0.278766
0.0639148
0.0337165
0.0357292
0.0457897
0.104783
0.0385616
0.0511759
0.0412045
0.0474489
0.263909
0.0693591
0.256444
0.0318805
0.301853
0.0383971
0.0819411
0.0791844
0.0275516
0.0439821
0.100837
0.0397416
0.219501
0.0466237
0.0656368
0.0785024
0.0356658
0.0287109
0.208667
0.0287353
0.414409
0.242134
0.169828
0.0231797
0.0426149
0.148964
0.0948478
0.045652
0.0862556
0.18691
0.0646577
0.0480292
0.0296682
0.234654
0.0230815
0.0428717
0.0636722
0.0230953
0.297166
0.179617
0.0451363
0.0570343
0.0541347
0.0507083
0.303068
0.0365001
0.0649367
0.0359119
0.0468168
0.0346269
0.195768
0.0480412
0.0640476
0.0285532
0.173043
0.0546119
0.0500398
0.0321274
0.0396537
0.0490969
0.0278039
0.144775
0.0311862
0.0899985
0.0643276
0.074112
0.184433
0.0321096
0.0578944
0.0699573
0.0708151
0.042161
0.0782994
0.0348814
0.0269173
0.0301826
0.0476165
0.0360265
0.0648392
0.0412571
0.0533984
0.0330105
0.0629964
0.194431
0.406923
0.0499585
0.0398036
0.0559682
0.311714
0.0332611
0.046072
0.0850745
0.0376186
0.0304236
0.0321373
0.0437132
0.0569936
0.0937502
0.1235
0.121431
0.0756078
0.0593452
0.038497
0.170235
0.0414528
0.0343696
0.100393
0.0475164
0.261819
0.0607015
0.0287701
0.0459499
0.124934
0.0315778
0.0494393
0.0565304
0.0556744
0.0352366
0.0568581
0.121078
0.140919
0.0374878
0.0252541
0.313546
0.0307696
0.0443275
0.0428877
0.0330149
0.0378549
0.247227
0.163204
0.405584
0.0472481
0.0822662
0.16088
0.471149
0.0395593
0.106743
0.0625244
0.401199
0.0508498
0.0344873
0.0556523
0.0716054
0.0576738
0.0459177
0.185921
0.0390545
0.355593
0.0830966
0.100603
0.0343892
0.0381658
0.24039
0.0381916
0.0567249
0.0660685
0.0468817
0.0447064
0.0911481
0.0241097
0.0289852
0.0360796
0.10483
0.160622
0.0244141
0.0460875
0.0411096
0.032159
0.231051
0.0355054
0.0541522
0.120244
0.0759241
0.0318357
0.047856
0.0439757
0.0870564
0.336231
0.219697
0.0476077
0.0394356
0.291864
0.381283
0.0461432
0.0338217
0.036481
0.0331827
0.0422186
0.178853
0.112546
0.287733
0.0585721
0.148711
0.0716253
0.0540412
0.145191
0.0707609
0.0465673
0.044055
0.0591547
0.0467045
0.220893
0.210005
0.0736313
0.0999231
0.295324
0.123071
0.0472307
0.120755
0.203609
0.0432098
0.108611
0.0321412
0.425505
0.135943
0.120134
0.0347066
0.320643
0.0237136
0.104279
0.076441
0.0440291
0.0341067
0.0377575
0.0542006
0.0291823
0.0313302
0.0387611
0.0994296
0.0580158
0.0486664
0.154045
0.0490413
0.0260797
0.0535547
0.0449147
0.026322
0.0927976
0.354843
0.0592074
0.081633
0.0661386
0.070229
0.106885
0.513063
0.0578651
0.18744
0.105483
0.0320407
0.0645089
0.0493037
0.100627
0.0496727
0.0973809
0.0352669
0.0419922
0.0445095
0.206064
0.0399758
0.0331332
0.0366626
0.0875921
0.0395206
0.0410939
0.0421658
0.0487106
0.0370105
0.0154709
0.011356
0.214315
0.0572271
0.0433882
0.152017
0.0616145
0.23967
0.0795521
0.0352721
0.0405851
0.0685727
0.0825861
0.019409
0.0862227
0.129475
0.06739
0.0925971
0.0400142
0.0524298
0.0565693
0.0410412
0.272586
0.35179
0.155073
0.0491413
0.0928662
0.0306308
0.0769359
0.0529256
0.0360364
0.058405
0.0193157
0.0259071
0.0454026
0.068231
0.0650597
0.0915611
0.0781868
0.0309896
0.0371508
0.0241806
0.0465172
0.0393801
0.0810815
0.0460766
0.0250015
0.0239082
0.0574091
0.250621
0.0387182
0.140665
0.0450172
0.0265813
0.0398865
0.0651888
0.0611146
0.0554923
0.0793616
0.0389273
0.0313927
0.144886
0.0518736
0.0222361
0.03723
0.180396
0.0560472
0.0217882
0.0956244
0.0347009
0.0823232
0.0383203
0.232559
0.0452024
0.00784115
0.0316399
0.0401966
0.181701
0.0838503
0.05416
0.138859
0.104049
0.0671154
0.0929074
0.0549763
0.0306763
0.0937838
0.031381
0.0818717
0.0654071
0.0362241
0.0684418
0.0771983
0.118136
0.0415277
0.0256539
0.0993669
0.0363462
0.194019
0.0379299
0.0417698
0.155548
0.14114
0.0782092
0.159068
0.0701378
0.108477
0.197443
0.0509986
0.0672769
0.129375
0.0464068
0.091284
0.0707879
0.0327136
0.0461994
0.0415145
0.0187433
0.227692
0.051601
0.0317353
0.0746488
0.0358015
0.0315572
0.0619496
0.0397313
0.0462242
0.0420998
0.0329956
0.0370377
0.303375
0.0382597
0.0835506
0.0468239
0.0284038
0.0638436
0.030781
0.0490677
0.221653
0.0414946
0.0558022
0.0429355
0.0163071
0.103221
0.0366983
0.0346159
0.0408393
0.0328109
0.148781
0.186442
0.113455
0.0791061
0.041788
0.0792725
0.0217081
0.13038
0.0488849
0.0524414
0.0347631
0.0859567
0.0349751
0.0318658
0.0350138
0.0457762
0.0362864
0.110416
0.0684123
0.0453029
0.0384237
0.132696
0.197217
0.0316951
0.393837
0.106042
0.168057
0.0473446
0.293947
0.0588522
0.0516036
0.187322
0.0477797
0.061722
0.0399809
0.431693
0.0392319
0.0647847
0.149163
0.174855
0.0818096
0.127622
0.309934
0.0370729
0.129503
0.0357336
0.0400135
0.0350813
0.16327
0.0424682
0.146269
0.0526393
0.0340291
0.0512181
0.118935
0.0324915
0.0574857
0.230485
0.0689694
0.0727385
0.0352858
0.0754411
0.330151
0.0339145
0.166038
0.0700803
0.0573905
0.0479123
0.339347
0.180567
0.0502313
0.0413842
0.14995
0.350132
0.0339494
0.084997
0.147357
0.0362421
0.395314
0.0494279
0.0414803
0.0429027
0.104558
0.0577094
0.0391894
0.0402219
0.0379552
0.0905361
0.0229352
0.0410727
0.0947634
0.0331432
0.0385704
0.0351568
0.13211
0.0709424
0.155222
0.0374159
0.138198
0.294173
0.0508052
0.0802338
0.0556542
0.0487479
0.0291527
0.0545693
0.0514539
0.0709248
0.0518447
0.0456088
0.0352357
0.136725
0.041063
0.124415
0.131304
0.0468606
0.0372749
0.0608916
0.100586
0.0298682
0.29562
0.0435583
0.0988318
0.10062
0.0800276
0.0365471
0.0512767
0.152938
0.0648456
0.057129
0.0493628
0.309115
0.266295
0.0286825
0.0270858
0.0477285
0.0750678
0.040429
0.0460408
0.0304847
0.0334752
0.0497542
0.0866717
0.0351078
0.124318
0.0390948
0.123935
0.0859665
0.0827268
0.0318759
0.183122
0.0466643
0.0601097
0.0668141
0.0638168
0.0358766
0.0683164
0.18568
0.123465
0.0552459
0.0276011
0.233725
0.238943
0.0718527
0.0569776
0.0360406
0.109156
0.0174407
0.328572
0.0385727
0.0413607
0.0478541
0.247538
0.0422028
0.0648204
0.0712261
0.0469471
0.044929
0.0359602
0.0961347
0.0949825
0.0696871
0.217267
0.034245
0.0996501
0.214528
0.0450551
0.0537655
0.0264623
0.0838569
0.0650095
0.0350388
0.10703
0.042511
0.157573
0.0454551
0.149446
0.0637006
0.0531947
0.0393589
0.0256612
0.265298
0.0188973
0.0316464
0.0412796
0.0428957
0.0624876
0.132894
0.331443
0.109873
0.069232
0.0491471
0.0640634
0.171744
0.0817527
0.172982
0.190602
0.0405298
0.0385553
0.0435675
0.0398742
0.0312771
0.0515192
0.149174
0.0272458
0.0595521
0.0311888
0.0210083
0.029995
0.038716
0.059648
0.0485567
0.312441
0.0557919
0.0199184
0.070793
0.0973505
0.0614327
0.0413446
0.0791751
0.108219
0.0387496
0.317013
0.0482484
0.0490509
0.0462013
0.0554879
0.0401258
0.139325
0.055433
0.232252
0.0608263
0.0933132
0.0433853
0.0777779
0.0270821
0.0515005
0.0416008
0.0237726
0.0365097
0.23477
0.051935
0.0570062
0.0827812
0.0904537
0.0438404
0.0272082
0.032892
0.309242
0.178354
0.0492503
0.0969843
0.0780565
0.0414951
0.0477306
0.0299176
0.0227442
0.0196034
0.0612885
0.2964
0.127542
0.270072
0.072412
0.0479811
0.0479079
0.0753465
0.38034
0.0271869
0.0492158
0.0488266
0.0268021
0.0365489
0.0411496
0.0370324
0.0403959
0.0549329
0.0865794
0.0391887
0.0887373
0.0348745
0.051879
0.193766
0.0546751
0.0594691
0.0344995
0.181429
0.0873544
0.226162
0.0570587
0.0321905
0.109968
0.0412217
0.0415563
0.0803443
0.490622
0.268419
0.0785944
0.068334
0.0485886
0.131997
0.0500962
0.0994942
0.0276004
0.046338
0.142975
0.158791
0.0934555
0.025066
0.506538
0.389536
0.0606548
0.0371603
0.0389531
0.0265568
0.0362933
0.0294088
0.0312492
0.0731885
0.0776341
0.416718
0.0445346
0.225398
0.261313
0.0416604
0.0772879
0.0471386
0.0459715
0.0353063
0.04077
0.0354328
0.141457
0.204826
0.387206
0.0279604
0.0307909
0.0619484
0.0418565
0.0469513
0.211543
0.0526568
0.0451344
0.0463042
0.0328281
0.034197
0.0522699
0.0491122
0.101029
0.0714304
0.0398184
0.144345
0.0408952
0.0233759
0.0285373
0.0360158
0.0307057
0.037549
0.03688
0.197039
0.0212228
0.0769016
0.0531034
0.0784679
0.019265
0.216066
0.113887
0.0199579
0.117417
0.372572
0.112777
0.033967
0.0292058
0.109293
0.0608582
0.0708423
0.0962226
0.0533784
0.0288513
0.114649
0.0630845
0.046252
0.0709613
0.0490507
0.0937329
0.0874841
0.0452019
0.0366765
0.0416898
0.0308014
0.234852
0.0669122
0.0660748
0.0540293
0.0335728
0.0402286
0.0545971
0.0878084
0.0985716
0.0487688
0.0405819
0.078681
0.261593
0.0236481
0.261136
0.0255601
0.0734598
0.0247229
0.0732407
0.0923053
0.0928195
0.0242702
0.0610447
0.0694578
0.263719
0.0374484
0.0976798
0.0361282
0.425406
0.0707394
0.0432916
0.0501082
0.0404552
0.040803
0.0478587
0.0478986
0.0408246
0.186304
0.0215
0.250371
0.053122
0.0376696
0.108881
0.306947
0.0569768
0.0460465
0.0426403
0.0363721
0.0489333
0.0375114
0.0637488
0.157337
0.0985098
0.576034
0.0674255
0.0295849
0.053932
0.0961996
0.031701
0.0413804
0.209503
0.366347
0.0603042
0.0289099
0.0820212
0.137948
0.35558
0.0470881
0.0381263
0.0631186
0.225522
0.0394397
0.123865
0.0358909
0.056179
0.177159
0.0414811
0.224753
0.0726012
0.0956274
0.0370334
0.0513091
0.0929383
0.0401084
0.0408547
0.0281243
0.485785
0.0794689
0.0407395
0.0369987
0.0464196
0.091266
0.0370559
0.0356338
0.0392753
0.059999
0.0655214
0.0398172
0.181865
0.0740363
0.0763927
0.0250493
0.301159
0.0827622
0.0436395
0.0422346
0.0482495
0.151186
0.0724342
0.0534923
0.0461503
0.0332077
0.0457437
0.0447906
0.045439
0.36309
0.0433867
0.0857357
0.0985114
0.0398401
0.0370987
0.290058
0.0392671
0.0387269
0.0357162
0.108381
0.0327575
0.0566578
0.0237874
0.176847
0.0490286
0.0303186
0.0432
0.151119
0.0507345
0.235492
0.0477102
0.457627
0.0660855
0.0307009
0.0365248
0.0878822
0.0360913
0.0455492
0.0511572
0.0532663
0.169178
0.0355421
0.107778
0.107075
0.162587
0.029357
0.0642134
0.0388077
0.0610158
0.0459052
0.0236609
0.222591
0.0432154
0.0701866
0.0886067
0.0746402
0.0858346
0.0399536
0.094999
0.0325427
0.139632
0.30457
0.0249028
0.0883851
0.0962697
0.0326737
0.0419206
0.18534
0.0721639
0.035526
0.0929233
0.230596
0.0378138
0.0663425
0.398036
0.0627042
0.0326326
0.294415
0.159168
0.0578488
0.162234
0.0309146
0.0496261
0.0319531
0.387358
0.035463
0.0355906
0.198014
0.0369034
0.119558
0.0436396
0.0532865
0.452306
0.0236728
0.055273
0.0347377
0.0594018
0.0648839
0.111334
0.0407181
0.0961063
0.0290845
0.0142495
0.0356293
0.228282
0.0383207
0.0741035
0.0570614
0.150367
0.0339361
0.0616557
0.247238
0.0507306
0.132108
0.0399447
0.225672
0.0233284
0.0704371
0.294063
0.0435167
0.143614
0.0697534
0.0353239
0.0495316
0.0529071
0.0482889
0.0652266
0.0774266
0.202966
0.226056
0.170172
0.150201
0.18692
0.0360271
0.0367051
0.0371162
0.0412502
0.0735669
0.0624798
0.207579
0.0739978
0.119475
0.0474756
0.258903
0.0587853
0.046029
0.0956211
0.173139
0.0399672
0.056699
0.0622224
0.138179
0.0963872
0.145817
0.223642
0.0715859
0.0509175
0.252546
0.0984134
0.0279795
0.0419211
0.154127
0.153443
0.305948
0.12317
0.0479907
0.0307971
0.0365402
0.0387935
0.0560718
0.0407465
0.0311362
0.0328499
0.0281253
0.224239
0.147982
0.0362628
0.0323521
0.0260001
0.0563795
0.0601605
0.109817
0.0472901
0.0325183
0.140318
0.119621
0.155466
0.026467
0.190321
0.15399
0.255505
0.116636
0.0429267
0.147393
0.240648
0.178337
0.0272804
0.0792281
0.0289007
0.0385844
0.0841212
0.199375
0.114922
0.0789506
0.0471499
0.328507
0.357068
0.191245
0.135058
0.0288869
0.0614598
0.0407764
0.139276
0.333229
0.142831
0.0584603
0.0459962
0.0349132
0.0237518
0.337011
0.0286995
0.0390217
0.0790902
0.0385265
0.0573775
0.128334
0.127072
0.0597144
0.0753975
0.0366424
0.0363835
0.0394765
0.0514359
0.0312274
0.114588
0.0733967
0.0473762
0.0356355
0.0343595
0.0873992
0.0655994
0.0372252
0.035758
0.24882
0.073823
0.0476719
0.062059
0.0921181
0.0928247
0.281577
0.0386691
0.035606
0.278066
0.15108
0.0445131
0.0529631
0.0440021
0.0284831
0.0901763
0.298751
0.113868
0.308531
0.0397183
0.0970151
0.0376452
0.313743
0.0994516
0.167947
0.0606688
0.0690562
0.0397728
0.221091
0.161905
0.0861304
0.40849
0.271542
0.0630781
0.0907539
0.184018
0.0380288
0.0289668
0.111834
0.0791212
0.0803073
0.052482
0.0369027
0.120777
0.0547506
0.0477999
0.185988
0.317764
0.0425413
0.0362572
0.0308316
0.0673436
0.0704527
0.104414
0.0285795
0.0363842
0.0373242
0.0541132
0.0570098
0.0624131
0.170851
0.030994
0.0422781
0.145869
0.0336362
0.026815
0.211514
0.188789
0.23201
0.0359706
0.162881
0.197975
0.099316
0.137794
0.0370963
0.0578166
0.0323247
0.0637961
0.0767973
0.0575542
0.0458906
0.0513509
0.0410383
0.057747
0.0646764
0.112956
0.0343787
0.0348373
0.0196716
0.0362389
0.318807
0.038686
0.0614489
0.183299
0.0307142
0.202133
0.172067
0.028382
0.115121
0.0629817
0.0666331
0.0749443
0.0581945
0.0429029
0.102661
0.0497356
0.0466042
0.0546888
0.0720789
0.0378086
0.0546387
0.0420889
0.079703
0.17148
0.0432277
0.300618
0.0395303
0.0439565
0.0582723
0.0222274
0.0495394
0.036866
0.0624693
0.162005
0.0401355
0.105664
0.200277
0.0570767
0.0453826
0.0451284
0.0907478
0.0364826
0.083752
0.202488
0.0262903
0.0367
0.0722434
0.0475202
0.0448379
0.0432641
0.0322242
0.0507899
0.0483174
0.040731
0.0414405
0.289108
0.034303
0.0527324
0.26611
0.0342164
0.0389631
0.0408064
0.164336
0.211972
0.0581841
0.0352927
0.0541037
0.460334
0.04212
0.0457144
0.0740959
0.0254717
0.0501661
0.0419055
0.0417646
0.146281
0.0590603
0.380826
0.07728
0.0354283
0.294572
0.0544264
0.0660735
0.0919249
0.043108
0.0593008
0.0395159
0.0513818
0.227665
0.0695539
0.209086
0.0485105
0.0672611
0.0421831
0.106699
0.020428
0.126044
0.0320495
0.1844
0.0477496
0.0828468
0.361911
0.0390539
0.0642597
0.0426442
0.0645649
0.0202474
0.329752
0.032442
0.0256946
0.0700515
0.0926274
0.0462322
0.0413026
0.05552
0.0390568
0.0424067
0.169559
0.0505546
0.49855
0.169905
0.0606111
0.0939779
0.0316162
0.293241
0.0332242
0.201659
0.0628429
0.109303
0.0336748
0.0270569
0.0339842
0.0447893
0.0444205
0.0400173
0.0447075
0.428128
0.0661156
0.364072
0.0270078
0.0256091
0.0733303
0.0832089
0.0625155
0.0477704
0.143474
0.0257691
0.0779405
0.274727
0.0338835
0.248914
0.211664
0.0647189
0.0467545
0.0523843
0.12033
0.0415377
0.0246394
0.321604
0.102275
0.054547
0.0847488
0.0308881
0.0288281
0.0337235
0.300078
0.0209344
0.102182
0.0325947
0.046469
0.0840695
0.0422244
0.133806
0.0725426
0.0303348
0.047117
0.0237452
0.185519
0.0368684
0.0562121
0.165624
0.136737
0.0274591
0.074573
0.0399781
0.0915693
0.0872835
0.0498291
0.0733426
0.0346938
0.070718
0.122135
0.0422188
0.0341318
0.0238737
0.0421655
0.0525512
0.0413203
0.0407874
0.0321155
0.0516152
0.0500527
0.0315207
0.244385
0.0457076
0.282229
0.0646857
0.14069
0.189805
0.0805076
0.170076
0.0383451
0.129952
0.0342001
0.0355755
0.0598619
0.0394196
0.0333046
0.3603
0.117198
0.0603135
0.0442191
0.0373988
0.0366916
0.0684794
0.0437699
0.0752816
0.085304
0.0808634
0.065648
0.0386284
0.160109
0.0426961
0.0409424
0.035853
0.224102
0.0211732
0.101355
0.0638959
0.244863
0.235237
0.0470884
0.60475
0.0695979
0.0387966
0.075807
0.049625
0.0620817
0.120866
0.0721893
0.0327003
0.0579893
0.085953
0.0696102
0.0479427
0.0790382
0.0333599
0.030899
0.0666139
0.0438199
0.0466486
0.0966478
0.042591
0.209982
0.128049
0.0377015
0.133121
0.0406247
0.040279
0.0438934
0.0240469
0.0903136
0.212534
0.0391378
0.0224436
0.0384813
0.0888651
0.340869
0.0329611
0.373717
0.137608
0.0771268
0.0344415
0.0273818
0.0889027
0.0460504
0.0411728
0.0333729
0.0348552
0.039938
0.0405503
0.0487074
0.153309
0.0767574
0.111131
0.032458
0.0421432
0.0597857
0.244603
0.239419
0.0188995
0.198631
0.113069
0.0308691
0.101033
0.142688
0.0341761
0.0394983
0.0443681
0.0429871
0.0829878
0.0357356
0.0909733
0.102926
0.360224
0.446464
0.163197
0.0322741
0.0445375
0.179901
0.0319077
0.175216
0.0459958
0.0927984
0.113925
0.0758618
0.154712
0.117375
0.0777812
0.0269239
0.0468524
0.108875
0.125646
0.0438327
0.0557595
0.169054
0.0418673
0.101399
0.0428871
0.10079
0.0577566
0.0498153
0.0330579
0.0592805
0.0441392
0.0274591
0.128883
0.048361
0.028351
0.0630354
0.0376832
0.0790584
0.142868
0.216127
0.100225
0.0481101
0.0407253
0.0279797
0.0677621
0.0355978
0.0717215
0.0885382
0.151313
0.247299
0.0517869
0.062585
0.0508109
0.0580832
0.266186
0.0528608
0.0339704
0.0798432
0.213652
0.0248953
0.224441
0.340543
0.0371512
0.0252552
0.033574
0.0947788
0.0258504
0.03613
0.0350899
0.0866789
0.0340962
0.0310691
0.0431825
0.150467
0.0414579
0.0771878
0.0846843
0.246237
0.0331898
0.101812
0.0384766
0.319491
0.0379861
0.0370936
0.118971
0.0644253
0.0377289
0.0481942
0.091857
0.0761388
0.126183
0.0647165
0.0383073
0.0167158
0.0764768
0.0648462
0.0433076
0.105718
0.04374
0.0243861
0.359698
0.0464728
0.0512786
0.0384705
0.0436828
0.0390564
0.0506001
0.0317815
0.0753955
0.0278879
0.0672874
0.275518
0.17856
0.0404816
0.0507908
0.0496029
0.142217
0.0683838
0.0489173
0.0302747
0.0433169
0.0877187
0.122806
0.0415762
0.0674143
0.254564
0.0362145
0.117992
0.0302286
0.0414866
0.0328619
0.041314
0.0266276
0.0464418
0.379271
0.0422606
0.0670719
0.0175592
0.170017
0.10045
0.0240299
0.0497385
0.0484574
0.0264689
0.121776
0.0259062
0.0939225
0.112032
0.0448028
0.11904
0.0575061
0.0731719
0.255238
0.0388965
0.0557826
0.0537757
0.0323329
0.029023
0.070594
0.0737664
0.0466452
0.0296883
0.0414359
0.0409342
0.358579
0.0484769
0.0287966
0.122955
0.120022
0.120519
0.0568195
0.0480981
0.225403
0.0467894
0.0915269
0.0304302
0.0364787
0.0401337
0.0562585
0.0384538
0.0332932
0.0436484
0.0311898
0.0584087
0.0311998
0.0764624
0.0782603
0.0982859
0.0506202
0.0333403
0.21035
0.0455415
0.0244907
0.0590958
0.0735948
0.0429324
0.0569282
0.0803724
0.0440022
0.169032
0.0395315
0.175944
0.189091
0.0923147
0.142318
0.0691237
0.0809659
0.0514891
0.0621519
0.155233
0.0385417
0.029279
0.3163
0.0240519
0.0449891
0.0516394
0.24925
0.0267949
0.0687648
0.0797921
0.03168
0.0416646
0.0207139
0.029395
0.0295656
0.0299353
0.0686452
0.0282592
0.085472
0.0269151
0.206532
0.0255497
0.0387871
0.12295
0.0369199
0.131695
0.0322556
0.0454314
0.0906302
0.063536
0.131539
0.0576245
0.0299614
0.0572297
0.0448861
0.0749501
0.167636
0.0588242
0.123825
0.0387259
0.0815291
0.0360803
0.135928
0.0407445
0.318785
0.127361
0.0404473
0.124056
0.0633451
0.0717882
0.206051
0.122049
0.0445883
0.0892368
0.0314213
0.0342359
0.0458251
0.031326
0.0416258
0.0378098
0.0692068
0.169149
0.0326126
0.0386431
0.0234657
0.0317001
0.16619
0.041552
0.0964536
0.342919
0.0356216
0.191062
0.0930241
0.100675
0.176014
0.024611
0.0813745
0.0983203
0.0672626
0.0764609
0.0583207
0.169565
0.45719
0.0330525
0.0949551
0.160619
0.0403887
0.33195
0.0330591
0.254232
0.0367899
0.0814664
0.167451
0.0427584
0.0542519
0.080779
0.059233
0.112391
0.237046
0.255356
0.0621076
0.0547043
0.115656
0.0545659
0.0422229
0.0634282
0.0314266
0.0494285
0.060777
0.039175
0.0340066
0.208448
0.160813
0.0483077
0.0399776
0.291577
0.0244784
0.200369
0.042628
0.0542485
0.24326
0.407225
0.0266084
0.0376608
0.0545125
0.0751749
0.36724
0.0452577
0.0727116
0.110753
0.0319954
0.281227
0.0453478
0.132897
0.245144
0.0829986
0.0551695
0.0365895
0.0320884
0.0673743
0.139401
0.0402852
0.0363456
0.0334629
0.0495259
0.0496687
0.0510727
0.0706165
0.289822
0.0680587
0.108451
0.0729292
0.255962
0.0311595
0.0556155
0.0396001
0.0172663
0.0646539
0.0858452
0.107062
0.12982
0.0928206
0.0309827
0.0913119
0.0905892
0.0408629
0.042002
0.0182689
0.0435228
0.0722812
0.106838
0.0570153
0.0444526
0.0293132
0.180769
0.212506
0.0486533
0.0731252
0.0492823
0.0476027
0.0411391
0.0684668
0.0414004
0.26582
0.157434
0.0456672
0.138132
0.0677477
0.079813
0.243265
0.0508316
0.0536421
0.0835769
0.0860259
0.083015
0.0519233
0.0330225
0.223427
0.0318714
0.0372388
0.0864752
0.0506432
0.0681817
0.0302977
0.0438256
0.0267455
0.0177544
0.0575062
0.113778
0.348141
0.0429252
0.111234
0.0795568
0.153261
0.0916501
0.0446361
0.0533291
0.0611311
0.0308867
0.0453916
0.168154
0.0770981
0.0792974
0.0417147
0.0282022
0.0295767
0.25781
0.0352874
0.216144
0.0438048
0.0471866
0.0352558
0.0256407
0.0675553
0.0612353
0.0582978
0.0206636
0.118763
0.457277
0.0375414
0.081171
0.150169
0.263536
0.0361272
0.0307375
0.044644
0.0317222
0.0394885
0.0369793
0.0416044
0.115713
0.125592
0.115227
0.0751868
0.202059
0.0497799
0.181011
0.040096
0.0286938
0.178719
0.341479
0.0368791
0.0590798
0.1011
0.0515345
0.0525758
0.0335699
0.0387318
0.0937874
0.0429063
0.0813185
0.0443003
0.0318908
0.0420642
0.0253826
0.105223
0.0359959
0.0228532
0.0860228
0.0494416
0.0462845
0.21514
0.044818
0.0660196
0.0500434
0.0303576
0.239713
0.0396402
0.0328145
0.0665606
0.224647
0.136179
0.0826287
0.0560432
0.136672
0.227295
0.0401145
0.0326945
0.262542
0.0425111
0.0391941
0.0416813
0.0424028
0.0409983
0.132541
0.0302713
0.0409518
0.0445221
0.0578245
0.106374
0.0470747
0.186201
0.0268227
0.0518334
0.0483561
0.0351898
0.069041
0.0606633
0.153186
0.0341288
0.0404891
0.051786
0.0743965
0.0379736
0.0313842
0.0532816
0.1947
0.0454231
0.0242907
0.0531001
0.0931222
0.0481014
0.0778201
0.230543
0.260727
0.106089
0.0514565
0.20332
0.0468795
0.0431974
0.155674
0.086917
0.0355388
0.0292313
0.148501
0.22034
0.25091
0.0573469
0.0550651
0.100359
0.065051
0.0547282
0.0590464
0.163287
0.0491386
0.043367
0.06478
0.0311444
0.123179
0.361445
0.10286
0.0776935
0.0505356
0.195746
0.0369783
0.329873
0.223944
0.0505338
0.20748
0.0396195
0.0463076
0.296366
0.133524
0.0654956
0.161827
0.0322147
0.127857
0.0628739
0.0428551
0.300004
0.0971958
0.18279
0.0486073
0.350924
0.0419728
0.406898
0.154888
0.0708246
0.0367417
0.0242199
0.0615452
0.157018
0.0986653
0.052714
0.238893
0.134821
0.0398634
0.0256802
0.0509365
0.0881402
0.0577795
0.0230954
0.0826303
0.0359436
0.0401272
0.0346061
0.201735
0.0906912
0.244538
0.0354276
0.0297701
0.0622038
0.0657747
0.0335734
0.15507
0.0406843
0.0217148
0.0910419
0.0476552
0.0449363
0.178874
0.0584688
0.0403891
0.0285826
0.0415774
0.0813387
0.19673
0.0460422
0.0828004
0.0294884
0.35179
0.042127
0.0512934
0.0836062
0.123355
0.0588268
0.0357623
0.06807
0.0539615
0.353531
0.0787508
0.0516692
0.0475611
0.0903715
0.0385775
0.11276
0.395703
0.0465557
0.0626601
0.0355311
0.0863809
0.032163
0.0443349
0.342435
0.0508255
0.0655333
0.0475967
0.0971661
0.0850704
0.117517
0.0275531
0.0373355
0.0308774
0.277112
0.0364601
0.05124
0.0568538
0.040905
0.0562137
0.168952
0.070318
0.0329918
0.032685
0.0380774
0.0236619
0.0299107
0.0772758
0.0519385
0.110312
0.0464418
0.0784162
0.0953352
0.0694592
0.0389818
0.0475234
0.260576
0.09103
0.0711155
0.161904
0.0672289
0.0389322
0.0307213
0.0328377
0.0425058
0.0429406
0.0552487
0.123793
0.0585604
0.0442258
0.0405696
0.0082548
0.0667199
0.178813
0.049656
0.035465
0.153969
0.188208
0.174122
0.0442568
0.0675437
0.0419433
0.0411809
0.197892
0.0302672
0.0458912
0.0561429
0.380273
0.123525
0.0499115
0.0443734
0.0338779
0.114793
0.065801
0.0559413
0.128111
0.0491929
0.0671021
0.0173782
0.0358954
0.0568281
0.110909
0.0257345
0.0983162
0.165561
0.0236607
0.276282
0.302092
0.257837
0.11652
0.0335198
0.0887191
0.0361494
0.0718029
0.0363001
0.0474796
0.0441132
0.0406827
0.272602
0.0256789
0.130122
0.247183
0.253905
0.0332196
0.0758902
0.254626
0.0820811
0.0614856
0.033437
0.273952
0.0680128
0.0865197
0.0618575
0.0659785
0.0332373
0.0458437
0.0837395
0.113141
0.0816471
0.0220141
0.0388895
0.344021
0.107898
0.138528
0.0492255
0.09673
0.258399
0.101359
0.0898243
0.0308944
0.141011
0.10138
0.0764161
0.0588011
0.034313
0.0366738
0.0692819
0.0925065
0.0307661
0.0368193
0.395027
0.0320901
0.0297903
0.0367685
0.0372154
0.214884
0.157023
0.032833
0.0378761
0.0479377
0.0475784
0.10431
0.185725
0.110135
0.0515788
0.0496429
0.137339
0.420836
0.0247962
0.0958554
0.355644
0.0777974
0.102605
0.0326143
0.182082
0.0299946
0.175701
0.0805178
0.0493644
0.0327652
0.0297389
0.0135996
0.328661
0.0532421
0.0336613
0.242727
0.0349563
0.038494
0.0457076
0.140075
0.120537
0.0397707
0.0315391
0.071789
0.0347482
0.23278
0.155797
0.0526904
0.168278
0.0523746
0.0434728
0.298294
0.0438714
0.0389209
0.0715542
0.0521811
0.0545746
0.149397
0.0300366
0.0947067
0.385233
0.0499116
0.02536
0.0351412
0.0379368
0.0983735
0.366331
0.0441814
0.0371805
0.0447337
0.037594
0.0293549
0.0638257
0.101753
0.0210739
0.0785084
0.0805984
0.128453
0.0298351
0.253041
0.172081
0.183149
0.051042
0.0440291
0.108788
0.0556557
0.0491533
0.042101
0.0477702
0.0384987
0.0885957
0.423985
0.111471
0.0363721
0.0572196
0.0379117
0.165524
0.0567692
0.0688521
0.0618094
0.0319931
0.0567275
0.0456534
0.0681173
0.0720962
0.379072
0.0272298
0.0378128
0.0983575
0.225986
0.0328462
0.0425007
0.112461
0.0155984
0.0392909
0.0536371
0.0555721
0.167909
0.0762377
0.0453869
0.23002
0.25172
0.108225
0.0381713
0.0497835
0.405037
0.0534709
0.0315542
0.125815
0.0400478
0.0291819
0.0390256
0.0564036
0.0551427
0.0725452
0.0342664
0.074043
0.0304472
0.0362971
0.0640057
0.0282671
0.042266
0.0348162
0.166976
0.055491
0.0401252
0.0377549
0.0390346
0.208166
0.0607798
0.118379
0.0411991
0.0281278
0.0362011
0.250193
0.0787811
0.0559382
0.157593
0.0869303
0.0408963
0.248552
0.0339721
0.0528768
0.0310709
0.0321694
0.0918744
0.0408184
0.0728642
0.144652
0.0269541
0.0269444
0.0915735
0.0457385
0.0414648
0.031851
0.0673104
0.174021
0.0419517
0.0544466
0.0346859
0.0451089
0.371781
0.0773837
0.0563387
0.0740562
0.128335
0.0837883
0.0232835
0.10575
0.0334995
0.0409118
0.0198972
0.0372631
0.0729015
0.0436946
0.331604
0.0393654
0.0276575
0.0678996
0.0489804
0.0304307
0.0458642
0.0384334
0.0481289
0.208787
0.0530001
0.052788
0.126771
0.0491085
0.03695
0.0402054
0.372771
0.0692414
0.0383999
0.0296965
0.169814
0.0389065
0.070599
0.0716703
0.0729921
0.0900125
0.0441546
0.0418296
0.0456223
0.0375353
0.0195714
0.0329399
0.0574185
0.0461538
0.167479
0.0451851
0.0861794
0.0464173
0.0623131
0.0532703
0.0641012
0.0745396
0.0463245
0.0388044
0.0756687
0.0489016
0.0543047
0.378253
0.0283466
0.0719564
0.0861734
0.0459468
0.0766131
0.144962
0.0441648
0.0962339
0.0365827
0.0406531
0.035016
0.0621726
0.0878775
0.0525051
0.0602605
0.0467883
0.0900148
0.0729728
0.0413147
0.0990773
0.276004
0.026773
0.154712
0.0483876
0.0406407
0.0759019
0.162748
0.190591
0.0337205
0.0442052
0.0352698
0.0333489
0.120151
0.0452701
0.0464055
0.106693
0.0485801
0.282402
0.0967514
0.0717306
0.0603645
0.0497308
0.153438
0.0563156
0.0531192
0.0241186
0.0428468
0.0743635
0.513227
0.0646028
0.0369864
0.0292446
0.0474386
0.0501298
0.0515135
0.0871566
0.0973523
0.0376331
0.0487561
0.0735713
0.0463883
0.0892796
0.0320534
0.322887
0.183624
0.20666
0.28992
0.0637861
0.140472
0.108461
0.280497
0.0354631
0.0627309
0.0434024
0.192221
0.437157
0.163015
0.0458992
0.0415059
0.132849
0.177105
0.0405815
0.0776165
0.0327983
0.0417381
0.040566
0.0694189
0.380166
0.0381181
0.132983
0.0308113
0.0433233
0.0206181
0.0565444
0.039549
0.14381
0.0673167
0.0227353
0.0549358
0.0251592
0.0937923
0.0876641
0.0359331
0.0667393
0.0354789
0.055046
0.0417957
0.223184
0.0363538
0.0387655
0.0494115
0.0253022
0.0816666
0.0529306
0.181302
0.0236671
0.0427681
0.0630807
0.0823079
0.133033
0.174631
0.0344346
0.177479
0.0407827
0.0847962
0.0575115
0.102089
0.0317298
0.0524557
0.0415398
0.229169
0.0837066
0.0233718
0.043719
0.043535
0.026368
0.0292855
0.0427106
0.165059
0.0536982
0.0497987
0.0694128
0.024925
0.0649701
0.0320624
0.269276
0.0457713
0.127208
0.0418879
0.239243
0.0435441
0.0409804
0.0159616
0.0700489
0.167742
0.0279134
0.183896
0.0307598
0.0634247
0.0445198
0.0547036
0.0386926
0.377165
0.0581695
0.0549348
0.0450002
0.1224
0.252638
0.0592762
0.321672
0.039867
0.0928399
0.0323314
0.126338
0.0361921
0.295067
0.0366686
0.281114
0.2152
0.031799
0.0771211
0.0400723
0.0755426
0.0601912
0.0228874
0.0362213
0.0709391
0.0387363
0.223571
0.0357319
0.0469547
0.157553
0.0507897
0.0388019
0.31012
0.113781
0.0329075
0.043338
0.0402465
0.0278777
0.34876
0.0237049
0.0686521
0.0548744
0.0901055
0.0246312
0.0320449
0.0303917
0.0825465
0.0438067
0.106199
0.0832476
0.0536599
0.0705834
0.381265
0.0335163
0.043334
0.0420958
0.0455811
0.0627559
0.0417356
0.0463237
0.0769134
0.0535273
0.055364
0.133645
0.0622111
0.028028
0.0893129
0.0318004
0.144259
0.087291
0.0430639
0.0649447
0.210462
0.0537099
0.0194859
0.0983364
0.032495
0.0830846
0.0774218
0.0266506
0.0283328
0.0519017
0.046661
0.392729
0.462179
0.113736
0.283607
0.174715
0.0372494
0.0359309
0.0290762
0.040447
0.0757626
0.0654136
0.0491171
0.0647643
0.0702789
0.0448195
0.20764
0.0315437
0.0343154
0.0573548
0.0821963
0.103297
0.0454085
0.289478
0.0569689
0.147408
0.0636329
0.086993
0.0299674
0.0355346
0.0378721
0.112762
0.0392882
0.0321273
0.0338316
0.029468
0.0416658
0.0631928
0.0716619
0.0422371
0.0998023
0.0479866
0.0733951
0.0452147
0.0555647
0.0186122
0.0466313
0.172586
0.061061
0.0428444
0.0353395
0.111273
0.0815848
0.0372879
0.132179
0.119202
0.0375624
0.0373582
0.0365548
0.097261
0.0440835
0.0388549
0.040197
0.0873836
0.0791949
0.0294788
0.0284457
0.0692411
0.247455
0.0434827
0.0355751
0.253032
0.0343413
0.0492658
0.0870227
0.0343227
0.056492
0.0277896
0.044158
0.0337889
0.155454
0.044846
0.0746223
0.0352207
0.150345
0.0529949
0.19126
0.0800945
0.0378415
0.0745289
0.0566778
0.0795231
0.0762223
0.0377244
0.0361871
0.0858337
0.233363
0.0520796
0.0503758
0.203792
0.0689459
0.121521
0.0395761
0.0650398
0.377578
0.0236453
0.0457438
0.11882
0.361669
0.0301846
0.044746
0.0506684
0.0657422
0.0430915
0.0623885
0.148373
0.0628193
0.0598225
0.49965
0.0233479
0.0405006
0.0467413
0.0577072
0.176766
0.0316591
0.035025
0.0594143
0.0950187
0.0831315
0.0374107
0.293651
0.0788541
0.0355322
0.0722562
0.0950701
0.0311242
0.0875404
0.264369
0.0505836
0.116468
0.459477
0.0280572
0.0429546
0.0340532
0.047677
0.221504
0.0220629
0.0317452
0.0548076
0.0728806
0.0749725
0.124809
0.248361
0.0307257
0.0508907
0.0936041
0.0263725
0.0430647
0.0451953
0.41269
0.0343869
0.0888803
0.114237
0.281792
0.0451107
0.0882598
0.0454905
0.0372031
0.0450801
0.0265376
0.325081
0.0541788
0.0475398
0.0374499
0.161114
0.0655949
0.380795
0.124141
0.220296
0.0821681
0.0425209
0.0734829
0.0504187
0.0432314
0.0853864
0.0685754
0.0263986
0.019678
0.197287
0.0393319
0.0809124
0.0516543
0.101517
0.0478303
0.467539
0.0463495
0.0280608
0.144296
0.0831854
0.0376475
0.0404377
0.258832
0.0672483
0.107772
0.028873
0.0348762
0.0741047
0.061029
0.421761
0.107727
0.230742
0.110806
0.0718073
0.045385
0.20571
0.0303119
0.0675232
0.0325933
0.143005
0.0373383
0.0298053
0.0303972
0.148397
0.163986
0.147781
0.0597828
0.083097
0.0605909
0.442627
0.0308036
0.0994545
0.0739341
0.153053
0.045007
0.267531
0.048445
0.195479
0.21296
0.220728
0.117286
0.027104
0.0450861
0.0296466
0.0625265
0.0404925
0.233219
0.0654662
0.0421714
0.0389737
0.0952554
0.130764
0.155823
0.360991
0.0503462
0.0514481
0.244002
0.025544
0.0359462
0.023855
0.107572
0.0763816
0.0343513
0.0270052
0.0383777
0.135183
0.0470446
0.0374804
0.0549932
0.045156
0.143863
0.0318518
0.0400343
0.0564973
0.030502
0.0331913
0.0783452
0.0859432
0.325624
0.155233
0.325117
0.0896628
0.0476058
0.0580361
0.269713
0.0360066
0.398069
0.143231
0.0397482
0.0386987
0.171967
0.0502403
0.0175862
0.0241734
0.022037
0.050598
0.0462811
0.0308816
0.0765463
0.0325496
0.0416641
0.0342754
0.0336649
0.0626802
0.0673779
0.0484134
0.0318115
0.0408961
0.0476653
0.0468404
0.375171
0.0558181
0.247071
0.0896964
0.0534992
0.160934
0.0341592
0.196743
0.0571601
0.0265487
0.0288967
0.280234
0.151588
0.0333016
0.120708
0.0324294
0.0179662
0.0343161
0.034831
0.040636
0.0931606
0.0430429
0.0178383
0.0423154
0.0504002
0.0376453
0.0345892
0.0698589
0.0856932
0.0429951
0.0876301
0.0871649
0.0323431
0.350707
0.0335039
0.0475763
0.0947533
0.0265112
0.0391771
0.403582
0.0319477
0.156026
0.15981
0.0915264
0.125325
0.0965207
0.124021
0.0348962
0.145789
0.137257
0.116577
0.0521897
0.0303165
0.162425
0.137226
0.0409562
0.394166
0.0420484
0.0414714
0.188714
0.0795437
0.0810439
0.035513
0.177949
0.0463197
0.050126
0.227548
0.0480812
0.0862036
0.0485565
0.0262161
0.0326794
0.0437022
0.0350781
0.0717357
0.0415179
0.0284678
0.191731
0.124472
0.20323
0.0312653
0.0252683
0.0204616
0.0752213
0.035474
0.07634
0.0419492
0.104604
0.0339393
0.0476257
0.140946
0.0406064
0.0402798
0.0314803
0.0335798
0.0893235
0.0747135
0.0630022
0.0406309
0.395725
0.050345
0.0894003
0.0446288
0.36136
0.0560939
0.0375148
0.464703
0.357656
0.0622118
0.0547712
0.181221
0.0444228
0.0930248
0.0557248
0.175712
0.0145465
0.133453
0.0327373
0.0538563
0.0297957
0.0383828
0.052808
0.276045
0.170165
0.0330574
0.310975
0.229571
0.0676559
0.0485979
0.143463
0.404863
0.0439123
0.329782
0.0380903
0.0700902
0.0789618
0.0714606
0.0444607
0.0349957
0.0486047
0.0378227
0.0180316
0.0565639
0.0903275
0.0402218
0.0203329
0.0920939
0.0934266
0.0320598
0.0506068
0.0442776
0.555397
0.0712746
0.114925
0.130499
0.054292
0.034226
0.0780051
0.0128289
0.293408
0.0504049
0.0507693
0.225108
0.0603371
0.0400792
0.100076
0.0988278
0.0349896
0.0540769
0.0919627
0.0456959
0.0458834
0.139841
0.104692
0.0606468
0.0347828
0.186841
0.115084
0.161491
0.0225839
0.0477417
0.0402292
0.0310758
0.0608923
0.0352773
0.135217
0.539852
0.108714
0.210704
0.121521
0.062836
0.038157
0.0364992
0.0791578
0.0575087
0.0457041
0.069721
0.108039
0.0346416
0.111123
0.037239
0.0462769
0.0357296
0.0434965
0.101225
0.0416255
0.0551932
0.0591825
0.0348536
0.0258003
0.0352612
0.046375
0.0741752
0.0422598
0.0393638
0.0525311
0.168924
0.0893623
0.0870363
0.0262231
0.020083
0.0375537
0.0499875
0.0360959
0.0256438
0.119549
0.0443429
0.0280022
0.198576
0.036291
0.037519
0.121901
0.0235054
0.0266203
0.0376148
0.137146
0.0410095
0.0765791
0.0463513
0.0507793
0.0966797
0.0255788
0.240233
0.0397706
0.0503481
0.155691
0.131988
0.0346313
0.0564481
0.0437821
0.0363093
0.0551863
0.0447863
0.103263
0.0346465
0.128447
0.137909
0.107259
0.202215
0.0432718
0.076687
0.0280104
0.0908761
0.0761966
0.33356
0.0567703
0.243488
0.0477364
0.0864049
0.246926
0.292585
0.0501584
0.112082
0.152753
0.0301432
0.302663
0.0458513
0.0257199
0.111793
0.0538575
0.229137
0.0531214
0.0719418
0.044713
0.125937
0.0350368
0.13614
0.421162
0.349575
0.0638162
0.267587
0.030059
0.0392971
0.0664187
0.0732083
0.0529805
0.314255
0.035457
0.032707
0.102959
0.0799052
0.0321387
0.0351264
0.240308
0.0321193
0.0504343
0.0357497
0.0281192
0.149445
0.0407295
0.0408053
0.032393
0.0589938
0.0447267
0.050865
0.0503584
0.325233
0.064568
0.0654527
0.0287026
0.327461
0.0456457
0.0611931
0.241535
0.038249
0.0511377
0.0504188
0.0328786
0.0944295
0.04215
0.0405186
0.0466102
0.0261343
0.0399945
0.0359751
0.175987
0.0539422
0.0320422
0.122212
0.0513304
0.0351043
0.0522619
0.0273725
0.124313
0.026459
0.0490368
0.0420742
0.257961
0.190389
0.0615208
0.418254
0.224764
0.0416589
0.0270061
0.0429433
0.0688077
0.0468161
0.395283
0.0533323
0.0578668
0.151218
0.165767
0.0315487
0.0531627
0.0268716
0.182284
0.0196884
0.280881
0.0408046
0.103349
0.0140731
0.0540032
0.032459
0.107041
0.0311582
0.0308882
0.369995
0.0406452
0.030585
0.0695953
0.197709
0.035023
0.383955
0.0487334
0.0541233
0.0358602
0.0566906
0.0449004
0.0361608
0.0669272
0.0388861
0.0555011
0.0609004
0.105792
0.179739
0.0548398
0.0849533
0.0282532
0.0576514
0.23288
0.230166
0.0558408
0.287467
0.142274
0.0473205
0.0279351
0.0580497
0.0353527
0.0577595
0.146236
0.0391648
0.184043
0.0443772
0.038516
0.0247259
0.0372393
0.260351
0.0249099
0.0413482
0.131136
0.0341524
0.0210099
0.0813606
0.0541138
0.0356481
0.0363728
0.0410733
0.0572326
0.0312653
0.101527
0.0577835
0.0503796
0.229316
0.0465353
0.163423
0.114755
0.0748608
0.0700626
0.224707
0.0694231
0.106911
0.0770782
0.0298475
0.0317716
0.210708
0.0374734
0.0462396
0.0384113
0.105253
0.0417038
0.0346713
0.0371245
0.294058
0.0390962
0.0302146
0.0362281
0.0438922
0.11203
0.0591016
0.26386
0.0380501
0.0555063
0.0872006
0.0554843
0.0415515
0.0906607
0.0579512
0.0419183
0.0338339
0.213372
0.0426716
0.0464687
0.0320532
0.107489
0.0361989
0.0401883
0.0853871
0.0383062
0.0327451
0.0770344
0.0210709
0.12022
0.0632271
0.155479
0.0262773
0.0527444
0.0433053
0.0257709
0.184195
0.0677346
0.0578986
0.224467
0.0341795
0.0344363
0.0923308
0.262444
0.0371586
0.115653
0.222725
0.411289
0.0718146
0.0545591
0.0474381
0.135525
0.177793
0.342694
0.0387588
0.0446962
0.0867409
0.0387217
0.0299735
0.0411076
0.0671967
0.0509065
0.0295442
0.0349628
0.041258
0.0438874
0.0283445
0.08625
0.0682915
0.0326875
0.0497039
0.0251524
0.0307284
0.0297344
0.126602
0.218889
0.0267538
0.0554585
0.0389786
0.0344671
0.0586986
0.0308845
0.0467879
0.0298824
0.123922
0.0319916
0.0384565
0.0374612
0.0771241
0.0540263
0.033784
0.0366376
0.0385738
0.0251779
0.0886453
0.0377692
0.213467
0.126528
0.116684
0.050068
0.0552622
0.0517596
0.131788
0.0399763
0.166655
0.0578519
0.0390218
0.0391359
0.0378599
0.0447564
0.0460611
0.0370084
0.0334653
0.262237
0.0726773
0.155829
0.0497968
0.311313
0.0320517
0.0145483
0.106196
0.0379571
0.216833
0.117281
0.139323
0.023146
0.0548482
0.0810392
0.0568018
0.107922
0.0643508
0.0343116
0.116811
0.0320579
0.0700495
0.0321534
0.292776
0.0595355
0.117407
0.0675016
0.0497483
0.167126
0.0961104
0.0269495
0.202271
0.0455178
0.0934318
0.0905773
0.367959
0.364494
0.0893068
0.0855631
0.0526863
0.0306416
0.133781
0.0742287
0.0422946
0.0760264
0.115447
0.293435
0.0338558
0.088381
0.306125
0.0347257
0.165778
0.234046
0.101937
0.0729961
0.032922
0.116152
0.0407057
0.0474182
0.0715234
0.0772374
0.0682106
0.0538108
0.10198
0.0541685
0.0487117
0.329948
0.0341457
0.0388871
0.0760268
0.0253004
0.207608
0.0547794
0.109751
0.10355
0.0291926
0.0393425
0.174548
0.22233
0.0370384
0.068667
0.0453807
0.0957046
0.0180698
0.0472954
0.0547536
0.395237
0.0813446
0.0352482
0.0337674
0.0431842
0.0248285
0.0382066
0.241297
0.348674
0.0175546
0.0353793
0.0750431
0.150341
0.12468
0.0473994
0.379231
0.209329
0.0461745
0.0556908
0.0547163
0.0650888
0.056977
0.0786832
0.0481139
0.0780938
0.221879
0.0486194
0.0230229
0.0397475
0.0427597
0.0355959
0.0442849
0.0879362
0.0565981
0.0360873
0.0408232
0.125787
0.0404611
0.0848694
0.0395307
0.0463256
0.03572
0.0578948
0.0476795
0.106144
0.129166
0.0783564
0.0830702
0.0410108
0.0318448
0.0820832
0.183401
0.0553318
0.184777
0.140424
0.0503625
0.0892039
0.0694816
0.0487153
0.0880019
0.188034
0.0663237
0.136745
0.0526867
0.100909
0.0469656
0.0513668
0.0788258
0.0372454
0.0309286
0.0872934
0.0793243
0.382852
0.308621
0.215152
0.0475323
0.0560405
0.0727323
0.106856
0.117402
0.0661178
0.0434405
0.0584834
0.0683416
0.172242
0.0442319
0.0378465
0.0296695
0.123621
0.0583007
0.115053
0.0259987
0.0688273
0.0436583
0.317762
0.128925
0.0609227
0.0438408
0.0518508
0.114841
0.11039
0.037573
0.0404464
0.0287928
0.114602
0.0442525
0.252062
0.028842
0.0182909
0.169849
0.0303036
0.0389898
0.195024
0.199722
0.0414566
0.048499
0.184521
0.194476
0.0341351
0.208228
0.0411449
0.0629956
0.0691658
0.0701143
0.249329
0.0589437
0.108335
0.0704722
0.266157
0.0372026
0.0274178
0.120078
0.0443189
0.207474
0.441038
0.0271098
0.200875
0.0660466
0.331978
0.0511107
0.359268
0.0418538
0.0835387
0.0353328
0.0490612
0.187108
0.0770294
0.0375621
0.0368761
0.0386554
0.0367671
0.0510392
0.0361977
0.0704146
0.0821459
0.244884
0.073423
0.0442234
0.0388206
0.106452
0.0673894
0.0725887
0.035312
0.0622741
0.0381148
0.0334529
0.433555
0.0902922
0.0766658
0.0421111
0.115078
0.1445
0.226823
0.0422359
0.0270114
0.103347
0.13813
0.0382437
0.041995
0.0354394
0.0515464
0.0441369
0.0772475
0.148093
0.0506393
0.0538833
0.0406915
0.0446251
0.0813503
0.0371291
0.0343457
0.0465099
0.038462
0.041427
0.135233
0.05034
0.0745028
0.223926
0.0408615
0.114994
0.0430302
0.043811
0.0466253
0.0220544
0.1639
0.0417569
0.0438077
0.0345022
0.0299173
0.12722
0.0414051
0.0413848
0.053355
0.218513
0.471022
0.361884
0.146514
0.0377728
0.416179
0.0877945
0.0374286
0.0304913
0.120747
0.0558362
0.102667
0.0619493
0.0933276
0.0676393
0.0315235
0.0376142
0.0545673
0.0397699
0.203449
0.0382705
0.030216
0.153083
0.0572353
0.0154934
0.0252808
0.146753
0.0327344
0.183833
0.20141
0.0886687
0.0610628
0.0317256
0.0417687
0.0474813
0.0461004
0.157643
0.0428482
0.0440129
0.113501
0.0624473
0.0599843
0.0638614
0.0451935
0.0482915
0.0804792
0.108583
0.266552
0.0314047
0.16166
0.0226507
0.071495
0.146553
0.0489456
0.0692233
0.0376521
0.0708069
0.203521
0.0954677
0.0621344
0.118688
0.213451
0.166734
0.0303033
0.0454312
0.0265081
0.313265
0.0442389
0.0387357
0.384892
0.063993
0.177155
0.0437958
0.0724946
0.0403541
0.0759136
0.0572726
0.0455235
0.0267552
0.0606374
0.0457692
0.0747517
0.0803581
0.340218
0.0397069
0.0447917
0.0530402
0.148659
0.256098
0.135127
0.332601
0.15567
0.0963152
0.0687899
0.038241
0.193242
0.0315559
0.181891
0.0445316
0.061989
0.0574557
0.0929284
0.0390566
0.0715578
0.0497396
0.175309
0.0630135
0.0824117
0.0470208
0.0782593
0.0350555
0.190616
0.046647
0.0987705
0.0748426
0.0399282
0.0175949
0.0394606
0.0585302
0.0702181
0.0341227
0.13793
0.0266254
0.0371783
0.0974687
0.298553
0.0396389
0.0917265
0.0619993
0.0364329
0.111308
0.42071
0.175361
0.0435745
0.0505273
0.0605093
0.0831
0.0383997
0.0668147
0.0717545
0.0333032
0.0385886
0.257496
0.0743791
0.0444777
0.121202
0.0509017
0.171383
0.0277369
0.197084
0.0378079
0.0466611
0.092458
0.0450247
0.0418978
0.0290141
0.0448292
0.204722
0.0458173
0.0229436
0.0411396
0.0395237
0.0461696
0.0393416
0.0322214
0.0321238
0.037994
0.0620841
0.028072
0.0510293
0.0645969
0.0513502
0.074057
0.0384325
0.156033
0.0545648
0.0519112
0.0451304
0.665025
0.051376
0.0664011
0.0895738
0.0453102
0.0857436
0.0259287
0.0587145
0.0366951
0.0283773
0.0607709
0.0891332
0.0228574
0.183127
0.081637
0.0682963
0.0346056
0.0316322
0.120346
0.0203636
0.240753
0.0413474
0.117884
0.079923
0.20257
0.10752
0.033405
0.12104
0.072402
0.100083
0.073818
0.10685
0.069679
0.0366671
0.0837403
0.179799
0.0288441
0.0415154
0.0770046
0.0657918
0.205487
0.0675875
0.243837
0.0666162
0.0553838
0.0348619
0.182535
0.036185
0.145621
0.051751
0.0475755
0.0689077
0.0623349
0.168688
0.0243684
0.11813
0.0796536
0.0636401
0.130423
0.0324706
0.0870915
0.0519345
0.376421
0.388904
0.0596661
0.0317653
0.164278
0.0597921
0.0456503
0.19561
0.058749
0.0794267
0.0671833
0.067727
0.24617
0.0702858
0.0641733
0.0362359
0.0394282
0.0376272
0.0467146
0.0284973
0.0978648
0.299804
0.0254244
0.0661299
0.19549
0.0550753
0.0507621
0.0524569
0.0149833
0.0380899
0.067544
0.0487716
0.0592544
0.109408
0.10413
0.327191
0.152131
0.039747
0.0393887
0.158272
0.218247
0.362631
0.0678916
0.0357177
0.0462199
0.0297888
0.128654
0.0410117
0.0408331
0.0394249
0.060038
0.128836
0.086952
0.174033
0.0441207
0.0623637
0.0514155
0.0986244
0.035705
0.10214
0.196192
0.0382761
0.0645768
0.0361284
0.0256488
0.0560386
0.30726
0.0499627
0.0484911
0.0809546
0.0575462
0.0224514
0.0525347
0.36306
0.0432043
0.079985
0.0367723
0.0968179
0.109375
0.0387153
0.103921
0.422856
0.0367741
0.0649479
0.113417
0.414499
0.0516221
0.0516988
0.0434919
0.0645705
0.305106
0.0464603
0.0461819
0.0747973
0.0405091
0.0309274
0.02924
0.0346728
0.0604755
0.0495037
0.053183
0.0663865
0.0902139
0.0644631
0.0836217
0.0422075
0.0326875
0.0790673
0.0440708
0.0977896
0.0417477
0.152159
0.038101
0.0555837
0.0504383
0.0370049
0.0314174
0.0300482
0.0545323
0.0359191
0.209531
0.0934688
0.0593698
0.36143
0.0295252
0.11877
0.0465485
0.0523882
0.046386
0.34785
0.156161
0.146627
0.0248751
0.0386731
0.0351892
0.03898
0.0752245
0.026919
0.0328094
0.0327001
0.0575881
0.0594723
0.0459138
0.147461
0.0299582
0.266924
0.0368435
0.394541
0.0564511
0.0347946
0.0342453
0.239527
0.0712045
0.212521
0.0537157
0.106351
0.0710829
0.0351821
0.111252
0.104781
0.0633481
0.0929028
0.0566504
0.0648047
0.0401235
0.0410528
0.0659637
0.0333814
0.174387
0.167584
0.0468121
0.081179
0.0970234
0.0432037
0.0686888
0.0393861
0.290215
0.0340884
0.0482669
0.13409
0.0492087
0.0541166
0.0411509
0.0374981
0.245858
0.0449001
0.179006
0.0466838
0.0628332
0.0525664
0.110002
0.108442
0.0422242
0.159542
0.0487505
0.0400175
0.261997
0.0441087
0.0699788
0.0880328
0.110442
0.106021
0.0945092
0.0655999
0.0665174
0.0401696
0.062416
0.102407
0.180136
0.0368024
0.0534337
0.033283
0.181063
0.142419
0.143651
0.0280489
0.0747082
0.0356436
0.0652399
0.180748
0.302268
0.0470974
0.0246201
0.245459
0.066583
0.027889
0.253354
0.0980381
0.041899
0.0542923
0.0625683
0.0513153
0.0458908
0.0683808
0.0392357
0.0281532
0.0465957
0.0376153
0.0674359
0.0324139
0.0379657
0.0355209
0.04388
0.038454
0.038192
0.0293396
0.0636697
0.352916
0.285934
0.205871
0.0555912
0.0978072
0.044139
0.255824
0.0465892
0.02958
0.0535692
0.265889
0.029908
0.055507
0.212193
0.0711664
0.0285806
0.0358496
0.231801
0.0294439
0.0387798
0.0662616
0.317305
0.0983902
0.0324021
0.0502551
0.0467612
0.267238
0.0558286
0.330238
0.147042
0.0983671
0.0753413
0.247905
0.0216868
0.0478861
0.0387767
0.128738
0.0606679
0.0501852
0.148081
0.0621296
0.0666233
0.0714507
0.0647384
0.0873117
0.0433376
0.036427
0.0392911
0.0257013
0.0466523
0.185943
0.194332
0.0407422
0.0319728
0.0282679
0.0411261
0.0733753
0.0377329
0.100866
0.268218
0.105278
0.0504087
0.0699662
0.236617
0.0246549
0.053234
0.034644
0.0997802
0.156172
0.0648108
0.0156306
0.0345721
0.189183
0.0439266
0.0347841
0.300096
0.0928575
0.0590886
0.0383344
0.035692
0.0873156
0.0408297
0.0655518
0.0401392
0.189631
0.0221607
0.0245829
0.0385491
0.0216072
0.0377742
0.0615387
0.0326942
0.225697
0.0356562
0.232247
0.0433102
0.196007
0.0226712
0.0417947
0.0917477
0.0455885
0.0368427
0.0327708
0.055852
0.033515
0.0500427
0.0439919
0.105615
0.103374
0.0422556
0.0465505
0.0971671
0.323694
0.129876
0.0270031
0.0305933
0.0351973
0.0425237
0.0993647
0.0340133
0.0391899
0.0179209
0.0287415
0.0555941
0.0410373
0.170711
0.0417009
0.0485869
0.143725
0.0626519
0.027529
0.0702383
0.262358
0.0395267
0.163083
0.0399529
0.0281117
0.0459557
0.0220148
0.11594
0.0472996
0.0246806
0.0979472
0.0353178
0.23926
0.0521016
0.0332625
0.039091
0.0447901
0.186549
0.0682124
0.127869
0.0318824
0.0324844
0.0461563
0.0596699
0.0485656
0.0705006
0.0422525
0.0554581
0.154161
0.0405153
0.0373834
0.0865472
0.0582702
0.0420684
0.0752454
0.0572565
0.174648
0.0630999
0.12255
0.046852
0.0383491
0.0360195
0.219532
0.0280201
0.162222
0.138447
0.0463633
0.0555839
0.0400751
0.071697
0.0266972
0.025874
0.0328668
0.0490836
0.416198
0.057826
0.0218609
0.145733
0.0508967
0.0151891
0.186804
0.0321026
0.0287638
0.0315678
0.0615093
0.0302703
0.140646
0.054647
0.0262045
0.0327805
0.0777581
0.0319714
0.0326537
0.100285
0.0637661
0.0712359
0.0237488
0.0369268
0.0383006
0.131239
0.0640778
0.0338798
0.111535
0.0453103
0.089506
0.0434652
0.201238
0.0287281
0.0721896
0.054027
0.183395
0.118759
0.0584376
0.0274048
0.126545
0.0376469
0.0513688
0.0540587
0.062544
0.337567
0.0397255
0.134902
0.0306509
0.0523664
0.261154
0.0354203
0.0166427
0.0432618
0.0835884
0.071986
0.133896
0.0837286
0.0413294
0.127925
0.0392235
0.0790686
0.157075
0.045862
0.0443178
0.311223
0.044385
0.13548
0.0724134
0.0436682
0.0560031
0.223011
0.0522418
0.033981
0.0378949
0.0360279
0.439705
0.0310663
0.0868608
0.0363217
0.0380223
0.0391471
0.0407168
0.0382734
0.0586856
0.0481585
0.316282
0.0496251
0.0414625
0.0327649
0.0915695
0.0490165
0.0718516
0.0224153
0.104899
0.0407014
0.0185286
0.0424872
0.235569
0.177246
0.039332
0.0742187
0.131691
0.0657829
0.0289955
0.0926686
0.0338621
0.0443699
0.0287563
0.0303912
0.0599464
0.0432577
0.036858
0.0514503
0.298171
0.0446723
0.06903
0.0417408
0.0880505
0.0218027
0.0396558
0.0181615
0.0657014
0.0382605
0.035556
0.0496444
0.043488
0.0402542
0.171449
0.0428654
0.036597
0.0339939
0.053132
0.231521
0.0352231
0.0274615
0.357617
0.0307656
0.145775
0.352953
0.0532327
0.0557625
0.0345153
0.114426
0.0282898
0.110185
0.0393856
0.162216
0.161303
0.0401224
0.0491045
0.0835094
0.0503822
0.0410963
0.0316468
0.0343795
0.0342228
0.0499135
0.235883
0.101547
0.0940954
0.0358029
0.0382257
0.048775
0.0752714
0.0249105
0.0440246
0.0485321
0.119396
0.0409857
0.0429747
0.0862927
0.0296752
0.0229171
0.114455
0.0402995
0.0702179
0.0580887
0.0500514
0.0309974
0.0496384
0.253808
0.0201318
0.195935
0.183623
0.0491961
0.0460947
0.113379
0.377045
0.0368729
0.0885879
0.107403
0.0458784
0.0496026
0.185219
0.212359
0.0553971
0.0969056
0.0239374
0.0385481
0.353697
0.18347
0.0300684
0.0280855
0.0579767
0.121636
0.034148
0.0475076
0.0524455
0.123377
0.0365554
0.386394
0.027299
0.0417589
0.0737829
0.0367705
0.0323112
0.0851697
0.0325112
0.24066
0.291158
0.479197
0.0884828
0.0318931
0.0423436
0.09555
0.0501545
0.0820232
0.0339166
0.109015
0.0389478
0.0809783
0.0963723
0.0387644
0.0248232
0.0866304
0.093813
0.267952
0.0428735
0.16983
0.0644811
0.100445
0.0605299
0.0417138
0.208288
0.0268044
0.0873917
0.0299611
0.0563141
0.144303
0.0443277
0.0407136
0.274761
0.0431699
0.0246539
0.062847
0.0708189
0.0475318
0.149525
0.0666539
0.110101
0.0840233
0.0537707
0.0507859
0.0617679
0.0439206
0.0341243
0.107622
0.0348402
0.171283
0.0951922
0.290425
0.0761958
0.0310055
0.029074
0.0356322
0.0318385
0.0756602
0.0492692
0.0946368
0.0559966
0.103676
0.0562603
0.053662
0.053448
0.0824236
0.0732738
0.0756774
0.168287
0.0506712
0.0331545
0.0310146
0.0678385
0.037956
0.0474876
0.0383973
0.0394432
0.0493194
0.0391746
0.0330551
0.140316
0.0641676
0.049519
0.102167
0.0424078
0.0236223
0.0474574
0.0481945
0.0664458
0.201059
0.0367226
0.0483202
0.0470937
0.0725757
0.0225558
0.0678358
0.0271668
0.111711
0.0396524
0.0369293
0.0372051
0.0849062
0.0791515
0.072481
0.03857
0.039236
0.0763747
0.0436258
0.0344778
0.276775
0.247294
0.304798
0.048856
0.0509416
0.0355539
0.0420366
0.104199
0.140629
0.0288265
0.125128
0.0415044
0.0607309
0.15576
0.0374798
0.0494496
0.135382
0.0965666
0.0336191
0.0495748
0.0398727
0.205616
0.267042
0.0666367
0.0604426
0.116604
0.0429167
0.0859044
0.0345016
0.0950859
0.071695
0.149604
0.0690077
0.174595
0.161457
0.15458
0.0530417
0.0986059
0.0998894
0.102535
0.0469177
0.0475599
0.053423
0.0519232
0.461584
0.0528304
0.0344121
0.115762
0.041989
0.0595483
0.0481095
0.0351684
0.11446
0.0336969
0.048531
0.0380608
0.0394299
0.0569119
0.387122
0.216289
0.236483
0.0246088
0.0347398
0.0570511
0.018454
0.0417566
0.0503051
0.177895
0.0410411
0.0595451
0.042446
0.0550133
0.0569811
0.0833291
0.0484157
0.14991
0.337066
0.25744
0.114642
0.117315
0.0534419
0.0758838
0.0978639
0.0349395
0.172942
0.0605398
0.273954
0.0971171
0.0619358
0.0427607
0.0764582
0.0594028
0.070869
0.0960933
0.068226
0.0453926
0.0148228
0.129192
0.0388797
0.0482557
0.0311406
0.075571
0.0270062
0.0590079
0.0353937
0.124593
0.0778642
0.0913984
0.127321
0.0337338
0.0988731
0.100684
0.0373463
0.0348209
0.03531
0.0758275
0.0405708
0.0835415
0.0563097
0.0975474
0.0307346
0.0479973
0.0484739
0.0304652
0.0345333
0.0260876
0.0375767
0.078502
0.148303
0.0457986
0.0275337
0.0561363
0.113352
0.11859
0.0845589
0.0622451
0.0293786
0.117157
0.0544944
0.0504266
0.0640964
0.0391601
0.0367507
0.0771664
0.0481284
0.123439
0.0585104
0.113494
0.0510458
0.0902873
0.033537
0.0291761
0.131578
0.0318602
0.029345
0.0593788
0.113536
0.204046
0.0796243
0.0623654
0.0369266
0.0536858
0.0852872
0.0220541
0.0446683
0.0401237
0.11024
0.267172
0.0392029
0.0399459
0.11786
0.0319718
0.253074
0.0321804
0.0315026
0.129121
0.316283
0.167326
0.249702
0.0392746
0.0461139
0.0449401
0.129337
0.0255359
0.0535364
0.200392
0.0460659
0.22576
0.0523167
0.141426
0.0768688
0.031931
0.0388161
0.227189
0.0840537
0.0375256
0.0542834
0.0651867
0.0413492
0.0471178
0.0591756
0.0850782
0.0392905
0.0460092
0.112938
0.0217965
0.0105485
0.0595058
0.0322336
0.0441056
0.021796
0.0322345
0.026664
0.0774923
0.149304
0.045823
0.0565531
0.0383793
0.0417478
0.141966
0.07921
0.0900848
0.0465553
0.0747815
0.0386356
0.0973833
0.0440784
0.0229148
0.0690947
0.150256
0.0439729
0.0373164
0.284808
0.0506078
0.038023
0.2552
0.0324267
0.0563372
0.0197525
0.0361471
0.040435
0.148408
0.0264095
0.119678
0.0392643
0.183683
0.0499407
0.254398
0.0699981
0.035909
0.310241
0.218194
0.0500406
0.0218677
0.364167
0.0678436
0.210327
0.058022
0.193132
0.0409793
0.12295
0.100867
0.0294353
0.106719
0.0721485
0.123633
0.167979
0.100374
0.0550478
0.0318308
0.0638776
0.248914
0.0739567
0.085733
0.0465321
0.183706
0.0670883
0.0791515
0.27728
0.0588947
0.0532228
0.0539188
0.0585824
0.0665221
0.0708344
0.341976
0.231212
0.0310855
0.0513857
0.114173
0.0456105
0.0613148
0.0711916
0.0637358
0.217524
0.0857753
0.207445
0.0424514
0.0339651
0.0630913
0.0330578
0.0349009
0.0365487
0.0433196
0.36782
0.162883
0.0446704
0.272866
0.0670063
0.0295831
0.101013
0.159911
0.0592091
0.055766
0.0783726
0.077181
0.0259779
0.304352
0.029606
0.159329
0.0466255
0.0938219
0.062474
0.0469539
0.0945853
0.08862
0.0531901
0.0398097
0.160852
0.0624999
0.058089
0.0364725
0.0319926
0.166125
0.0333286
0.0649706
0.0337121
0.115999
0.0674188
0.0488764
0.0327314
0.063526
0.371983
0.108113
0.281136
0.0358919
0.0296734
0.0430622
0.237785
0.0334144
0.113202
0.102966
0.0828944
0.0380717
0.0290419
0.0352022
0.0390274
0.392535
0.0394873
0.380653
0.0288115
0.0628386
0.197737
0.079487
0.0724604
0.0463727
0.126459
0.0545419
0.090062
0.0510832
0.0225246
0.0773074
0.110294
0.0261247
0.0373527
0.0377955
0.0816176
0.0448711
0.0471461
0.0446089
0.0946764
0.100059
0.0624187
0.0509222
0.0943934
0.0416874
0.0331404
0.0633576
0.0760207
0.0689468
0.0486674
0.0584844
0.0873428
0.0328278
0.0172698
0.0478929
0.114834
0.131125
0.0419326
0.092075
0.0783293
0.0374928
0.0361876
0.0458879
0.182583
0.235953
0.0295234
0.0599568
0.078981
0.0390858
0.0422717
0.0499225
0.093697
0.0793703
0.0430122
0.120345
0.0893256
0.0620531
0.0848303
0.071922
0.0490121
0.040959
0.0412324
0.0331062
0.100476
0.063334
0.0437549
0.0605584
0.0369977
0.0477751
0.0697421
0.0478994
0.0439527
0.0382752
0.0631746
0.0721363
0.121708
0.0429306
0.0351875
0.0632071
0.0789037
0.0390355
0.035149
0.246753
0.0284439
0.0371256
0.113546
0.181824
0.0489608
0.07303
0.091311
0.276327
0.0538545
0.0936645
0.124956
0.15924
0.106167
0.0586478
0.060476
0.0886284
0.0658662
0.0415666
0.0359627
0.129591
0.0569961
0.0461217
0.0337862
0.0281259
0.0434297
0.0515399
0.0316743
0.0364778
0.0476975
0.0764428
0.146527
0.0372122
0.137143
0.0474105
0.323025
0.292526
0.0257293
0.0381937
0.338574
0.183809
0.113379
0.20575
0.376093
0.0341074
0.0747118
0.0424237
0.0293913
0.0177067
0.0574157
0.0725053
0.264331
0.242234
0.0274885
0.0376167
0.0830259
0.181336
0.0402209
0.186731
0.112184
0.0580743
0.053781
0.0342804
0.0752929
0.0480124
0.47585
0.0173528
0.0754153
0.0759111
0.0245352
0.0413133
0.0174414
0.0468262
0.208481
0.0377291
0.184266
0.0457797
0.0427821
0.0646626
0.036612
0.0331217
0.0883052
0.0350131
0.0435772
0.0474115
0.118181
0.0762775
0.0580485
0.0437046
0.0451093
0.305839
0.180481
0.0423679
0.0436028
0.0433658
0.0749851
0.0493463
0.0327897
0.224643
0.045982
0.154117
0.116258
0.263221
0.0458592
0.25607
0.0745395
0.066566
0.238744
0.0316718
0.0729161
0.0437184
0.32369
0.0373962
0.198292
0.262252
0.0430727
0.068373
0.0443018
0.0859536
0.107076
0.0389578
0.185989
0.0609389
0.237921
0.147908
0.060955
0.0421589
0.294974
0.0644526
0.0346271
0.0595144
0.040792
0.154425
0.0486359
0.08863
0.158467
0.174881
0.0415901
0.199903
0.0637994
0.0438893
0.0257642
0.0241086
0.192055
0.0810483
0.0342474
0.0712069
0.0550963
0.0246661
0.0358918
0.0487446
0.0666478
0.201459
0.0357114
0.050758
0.16701
0.013196
0.0370411
0.0341935
0.0370553
0.0821828
0.0284571
0.0630966
0.0472435
0.0352417
0.0712063
0.250065
0.0596901
0.0334731
0.0328894
0.19826
0.064584
0.0406964
0.0356045
0.0475193
0.032835
0.143835
0.0452642
0.32003
0.0910247
0.0755217
0.103549
0.0701909
0.0801518
0.222975
0.0503992
0.254059
0.0589362
0.0311868
0.0902667
0.0627868
0.0381339
0.137443
0.02527
0.11562
0.0410474
0.0314694
0.0808148
0.0594576
0.249272
0.317754
0.201596
0.0439976
0.0286543
0.192549
0.0716665
0.0455942
0.0433647
0.0480571
0.0432302
0.285171
0.0291858
0.0926865
0.064027
0.0379272
0.0451455
0.0873806
0.0915114
0.0563037
0.0354036
0.040711
0.0593518
0.0554088
0.247399
0.0609805
0.0992349
0.0431194
0.0368069
0.0777766
0.034864
0.043015
0.116908
0.0527137
0.087011
0.279085
0.0552534
0.0396848
0.0371912
0.0364345
0.0454282
0.0399263
0.0184914
0.0427522
0.0358534
0.0369389
0.0359424
0.0312474
0.0803498
0.0444308
0.0347083
0.0447303
0.0364341
0.0187073
0.110315
0.0463782
0.040434
0.0387104
0.0751693
0.0342381
0.0902111
0.0210578
0.0940159
0.0419732
0.0356247
0.0277853
0.0444172
0.0320428
0.0394928
0.0703223
0.0243211
0.0841376
0.0945942
0.035396
0.206129
0.0614399
0.0375121
0.0489901
0.0684761
0.0262482
0.120589
0.170962
0.03984
0.0276595
0.0240944
0.108473
0.0432967
0.222284
0.0589301
0.234045
0.0381229
0.097089
0.0268687
0.154019
0.0914484
0.116038
0.163646
0.0299124
0.228373
0.0382081
0.0406048
0.0443461
0.128931
0.0371093
0.0590655
0.20128
0.0523397
0.0244546
0.0375639
0.0307892
0.0665548
0.055571
0.0390484
0.0241598
0.241983
0.0625135
0.105484
0.0243489
0.0384284
0.116688
0.094129
0.0761615
0.0361698
0.0464091
0.200473
0.285883
0.0987843
0.0740541
0.0955344
0.0426517
0.0828401
0.0213053
0.0505817
0.116938
0.116267
0.0374855
0.0517428
0.297193
0.0776498
0.156018
0.033537
0.0767214
0.0369146
0.175921
0.0770962
0.0617941
0.0309403
0.255654
0.0466065
0.0370525
0.0810366
0.0920133
0.0292046
0.0476204
0.0302475
0.0425374
0.0614434
0.0487557
0.022626
0.0345057
0.0375929
0.107926
0.361306
0.0427906
0.0623131
0.0724528
0.0279063
0.0726158
0.354782
0.0485267
0.0357225
0.308876
0.0413054
0.0963196
0.0529199
0.105224
0.0283749
0.101973
0.100325
0.107607
0.0345445
0.0431973
0.0523688
0.351469
0.0361311
0.0508282
0.0244657
0.0572709
0.0397271
0.0455259
0.346491
0.0530828
0.0418671
0.206485
0.0395284
0.0882358
0.112059
0.0867896
0.0306
0.0496129
0.0347731
0.141769
0.0498178
0.148923
0.0275986
0.149856
0.0446533
0.037618
0.0453643
0.0631385
0.033379
0.0695006
0.0690482
0.0387131
0.0305041
0.0331723
0.0454902
0.0518234
0.0686632
0.0429246
0.124406
0.0836681
0.0507561
0.160086
0.0519567
0.0720669
0.0328298
0.0361916
0.0428727
0.0361172
0.391741
0.0501806
0.101301
0.108211
0.156206
0.0275664
0.0406345
0.0399527
0.195865
0.0435556
0.0614456
0.0870456
0.0584876
0.0418067
0.13197
0.0512258
0.144625
0.170693
0.0422408
0.248554
0.0478219
0.130906
0.16098
0.054176
0.0375043
0.0598558
0.0306767
0.0204757
0.0362516
0.0341973
0.230055
0.0624062
0.0600411
0.0690764
0.0440087
0.04073
0.0347244
0.0499308
0.328869
0.126825
0.0429232
0.0977631
0.142757
0.0456762
0.0306226
0.0424788
0.0312613
0.0796191
0.0500287
0.0385567
0.0413329
0.0691854
0.0975028
0.048777
0.0523427
0.0239415
0.064457
0.0516598
0.100069
0.160487
0.0279559
0.0545075
0.0517368
0.0496228
0.0414372
0.0444363
0.221058
0.0648572
0.350833
0.157039
0.0359323
0.0780632
0.256127
0.0810508
0.117307
0.0485574
0.103835
0.0554934
0.0303531
0.0391349
0.0971203
0.0489163
0.0848027
0.0487075
0.0502469
0.0430721
0.293763
0.361345
0.112172
0.302662
0.0424596
0.062173
0.0815632
0.13119
0.0513341
0.209587
0.148657
0.0477028
0.0814925
0.0917747
0.0785636
0.0469124
0.0435062
0.0374548
0.0423372
0.311153
0.0372099
0.0405519
0.0725662
0.0849862
0.0435799
0.0358585
0.0301456
0.0473671
0.0394557
0.0298064
0.0342806
0.0641536
0.0657928
0.0307484
0.0319263
0.0482843
0.214553
0.0505487
0.0913144
0.308229
0.0598079
0.0800652
0.0434766
0.0388235
0.0384915
0.0194733
0.0379131
0.0498015
0.175167
0.221889
0.0441548
0.0454829
0.0328085
0.0456772
0.159276
0.0600757
0.0712948
0.204894
0.0406532
0.0500697
0.209072
0.193384
0.0853697
0.30606
0.0649976
0.0319007
0.0561898
0.214752
0.0554965
0.139324
0.0260837
0.0274915
0.0712028
0.324475
0.0292398
0.0433114
0.0617757
0.0511411
0.019438
0.0569427
0.0984832
0.056763
0.154053
0.0454792
0.205378
0.0357213
0.0593244
0.0497209
0.0542457
0.0378785
0.0404084
0.0608365
0.124119
0.0315021
0.0430365
0.0520668
0.13312
0.187475
0.0279187
0.0327269
0.0326876
0.0992839
0.0306682
0.240323
0.0362826
0.0428716
0.0728085
0.0372225
0.0537596
0.0439271
0.0350254
0.0328942
0.0341049
0.236613
0.0430936
0.0423177
0.198506
0.0548625
0.0449078
0.02467
0.0402205
0.236589
0.0575623
0.21827
0.366035
0.174631
0.154356
0.0488197
0.042177
0.232881
0.0860636
0.0292076
0.370601
0.0269476
0.0255858
0.0377828
0.0513343
0.059386
0.0354861
0.0361049
0.178286
0.0360047
0.386943
0.0478748
0.052848
0.154617
0.0355538
0.017366
0.0686692
0.139262
0.0814893
0.0363905
0.0413919
0.0214741
0.116092
0.0471799
0.475368
0.0267482
0.057713
0.0520465
0.135265
0.0329163
0.0493819
0.103915
0.0796002
0.15898
0.063922
0.0870529
0.0450873
0.0319903
0.124123
0.321818
0.0311088
0.0745637
0.0356954
0.0849852
0.177297
0.0521118
0.129991
0.0342908
0.0281355
0.0358606
0.225489
0.0496739
0.0477851
0.1312
0.305136
0.0442105
0.0834863
0.0462967
0.0712396
0.129273
0.0455035
0.142603
0.11284
0.0289172
0.041487
0.045032
0.121503
0.0345448
0.0681799
0.0854486
0.116943
0.0517282
0.0630669
0.432544
0.0640799
0.0619024
0.0477444
0.0671851
0.0429523
0.236697
0.032693
0.0389928
0.194826
0.181924
0.0582974
0.10357
0.047508
0.0285774
0.0502134
0.0425804
0.0913237
0.037037
0.0993603
0.0358265
0.0546281
0.0473183
0.084427
0.0515512
0.100146
0.0375542
0.079704
0.0796275
0.0394425
0.0409434
0.0612634
0.0537406
0.281394
0.0562028
0.0654525
0.0240331
0.0136703
0.398923
0.106928
0.0346122
0.0498326
0.0730238
0.051089
0.0356812
0.0589532
0.0287965
0.0511883
0.190921
0.059016
0.0994199
0.106374
0.0818633
0.0554759
0.0477344
0.0548386
0.0523728
0.24557
0.0549031
0.0450925
0.0609749
0.0397387
0.0908185
0.0866005
0.0357283
0.0397395
0.0419838
0.0465163
0.19546
0.0397473
0.0387064
0.394474
0.040124
0.0590034
0.0565493
0.0415512
0.0252271
0.0324155
0.181522
0.134746
0.109826
0.044682
0.111239
0.0663885
0.0299613
0.0344624
0.101143
0.0314663
0.45243
0.376364
0.0385896
0.154585
0.0551433
0.241447
0.0605523
0.0447797
0.0696144
0.116958
0.0464256
0.101506
0.0412935
0.155349
0.130654
0.124433
0.0862796
0.0228401
0.0359714
0.0469629
0.0393084
0.0694187
0.197632
0.0476208
0.0519729
0.0604515
0.076078
0.037922
0.183195
0.0350104
0.0230148
0.0825702
0.251504
0.0362643
0.0265228
0.0782354
0.0230898
0.0459228
0.234683
0.0540663
0.082062
0.318116
0.0567386
0.0656487
0.0587387
0.0445087
0.028833
0.0379227
0.0293368
0.124996
0.276397
0.0292484
0.171222
0.0363415
0.241244
0.049028
0.0314392
0.334641
0.0772133
0.0495428
0.0162079
0.203546
0.0482525
0.140559
0.0575398
0.0308892
0.20321
0.206653
0.0327424
0.0533958
0.0286665
0.170573
0.0625742
0.0371302
0.0214819
0.0377895
0.0470519
0.074831
0.0458993
0.128495
0.0772294
0.0964079
0.0770102
0.127067
0.309645
0.0490748
0.0312164
0.118623
0.282692
0.0176404
0.256662
0.106129
0.0537213
0.126998
0.0382523
0.102528
0.146369
0.130193
0.0941438
0.0682074
0.0407678
0.0468722
0.0473767
0.107728
0.296643
0.0731138
0.0396507
0.0366312
0.0591238
0.163694
0.192119
0.0826469
0.0317507
0.040935
0.0342053
0.0286768
0.0253821
0.0309879
0.045426
0.040134
0.0261255
0.177168
0.0256218
0.0316978
0.101254
0.0276908
0.509594
0.0482917
0.0367491
0.089311
0.172406
0.0738801
0.0954422
0.0540274
0.184905
0.0516382
0.0377328
0.235389
0.0870572
0.262325
0.0356804
0.0414665
0.0286123
0.0551229
0.0451176
0.118115
0.0484938
0.123896
0.200866
0.185553
0.0530155
0.037874
0.149688
0.0881813
0.0672611
0.0364767
0.0508903
0.0369538
0.0442225
0.0627608
0.100396
0.0320033
0.379118
0.0514002
0.213892
0.0555734
0.0565942
0.0359111
0.039199
0.0381355
0.0917635
0.0496962
0.0484531
0.0365668
0.337495
0.295532
0.0659012
0.100053
0.183892
0.137826
0.0461877
0.037511
0.0338004
0.079865
0.0420896
0.0338533
0.0417894
0.156801
0.356679
0.0261891
0.17613
0.0432335
0.032115
0.0414746
0.0506637
0.0228197
0.0266242
0.0461037
0.0373801
0.237818
0.0885451
0.192485
0.0354895
0.0430079
0.00549748
0.108985
0.0366733
0.0381458
0.356746
0.0241382
0.221183
0.453086
0.0229113
0.121353
0.0562356
0.040977
0.0458151
0.0682455
0.11958
0.0294552
0.0706135
0.0490126
0.0453216
0.163058
0.0346596
0.0716672
0.0758923
0.0927828
0.033906
0.0459535
0.278802
0.106505
0.174702
0.166087
0.0461353
0.0257235
0.0918844
0.0412421
0.0337236
0.0663629
0.0573386
0.0516801
0.0371097
0.169082
0.0426163
0.174526
0.0589815
0.0534743
0.0647702
0.0806773
0.0467793
0.0719693
0.0393583
0.221223
0.0262159
0.0596146
0.0429268
0.219832
0.039141
0.0480313
0.0626084
0.273758
0.064698
0.0471692
0.0152559
0.390566
0.0620003
0.0432274
0.0430738
0.0642419
0.0350927
0.0660825
0.0426314
0.0410112
0.0503405
0.0584506
0.0429449
0.0376179
0.0314559
0.0887886
0.043923
0.0667084
0.18773
0.0749776
0.0474859
0.320077
0.0578064
0.0560363
0.0293501
0.0254118
0.163624
0.042266
0.0318819
0.148642
0.0424437
0.051641
0.0615034
0.0455176
0.288624
0.0475993
0.0310694
0.0290936
0.0624923
0.0123538
0.222679
0.214942
0.0523646
0.165954
0.301262
0.0293957
0.0367087
0.163191
0.0547005
0.0355918
0.0525393
0.0257196
0.134004
0.0468575
0.0453501
0.0490343
0.0360135
0.101154
0.0362228
0.0590695
0.104316
0.0298099
0.0578115
0.0960286
0.0701045
0.295057
0.118771
0.129766
0.0429811
0.0699674
0.0398522
0.250583
0.0505985
0.0433826
0.0609202
0.0339049
0.13693
0.04738
0.0440306
0.0992723
0.113693
0.0739633
0.16677
0.0301122
0.130397
0.0446994
0.0360811
0.116972
0.0314831
0.056614
0.0505557
0.0270863
0.0483429
0.091521
0.0968343
0.0256791
0.0505584
0.0595342
0.0247073
0.0481926
0.0658809
0.0611642
0.0487176
0.0644406
0.0498521
0.0434933
0.0259094
0.067421
0.103268
0.0383608
0.0529229
0.350279
0.0527033
0.123666
0.0869046
0.0816895
0.327855
0.13749
0.0414645
0.24093
0.0481866
0.0576534
0.0335955
0.144077
0.0288926
0.0453394
0.226861
0.0886661
0.0434441
0.0437616
0.0572828
0.114113
0.0767197
0.0323377
0.173386
0.0331525
0.0405568
0.0406943
0.044278
0.0277599
0.0815639
0.152841
0.0390119
0.178394
0.121833
0.0324555
0.047568
0.0425101
0.0325966
0.0699173
0.132575
0.0644044
0.0919345
0.0760819
0.265156
0.225493
0.0412936
0.199573
0.244632
0.0501436
0.024766
0.0391464
0.151847
0.0472096
0.0247717
0.201524
0.0461928
0.0196028
0.0821734
0.194246
0.0158735
0.0641419
0.287752
0.0913915
0.0413975
0.0306911
0.238062
0.0810763
0.120986
0.0846367
0.141324
0.0380522
0.252086
0.314177
0.0428708
0.0740585
0.0393867
0.106529
0.0976318
0.13072
0.196277
0.222897
0.0817682
0.250647
0.0422286
0.0329036
0.179317
0.121117
0.0371635
0.0809627
0.11704
0.0251104
0.0640264
0.0570438
0.0664938
0.216048
0.272825
0.0436898
0.0230622
0.111964
0.0521091
0.0892601
0.127581
0.0754766
0.0715142
0.034436
0.045804
0.037236
0.0710604
0.103292
0.0956421
0.108818
0.0520141
0.0780909
0.0662593
0.0366064
0.0779558
0.074217
0.142048
0.0415838
0.199479
0.0277918
0.169318
0.0271615
0.0262215
0.110371
0.0356617
0.0732542
0.0401232
0.0585662
0.0872514
0.0345841
0.0533897
0.329098
0.0387115
0.259244
0.0444771
0.0251102
0.0774201
0.050444
0.0358425
0.0427943
0.0252233
0.20171
0.0408176
0.0430741
0.0526903
0.0353282
0.0777519
0.0723737
0.147623
0.078225
0.0898652
0.0802304
0.028191
0.0485376
0.0595448
0.0428173
0.0331154
0.0493908
0.0365224
0.0440243
0.0671214
0.33709
0.232829
0.0368701
0.0785468
0.0296573
0.332301
0.147996
0.0251954
0.0357087
0.0804506
0.178523
0.0860957
0.0465316
0.0566485
0.215274
0.0414392
0.0390183
0.0463207
0.205451
0.0520326
0.0195691
0.0456784
0.0434168
0.287996
0.094401
0.0388452
0.16776
0.0816572
0.0329375
0.0506019
0.0315554
0.0743637
0.0252665
0.0993223
0.19248
0.0464699
0.0383436
0.0773461
0.0458009
0.072151
0.0669545
0.0410403
0.100897
0.293822
0.0829241
0.264392
0.0479776
0.0423946
0.044543
0.223587
0.031697
0.120736
0.0252403
0.0730188
0.21772
0.0570717
0.0534652
0.103288
0.0447291
0.0832913
0.0446924
0.0368841
0.0395173
0.0779535
0.0603262
0.0287542
0.0935716
0.0777673
0.046334
0.487753
0.0635857
0.225366
0.0575238
0.0419925
0.0436316
0.0328498
0.0220075
0.0765689
0.101009
0.107119
0.112091
0.0316019
0.0316803
0.103137
0.317427
0.0366413
0.0412856
0.123307
0.0370577
0.185917
0.227258
0.0836037
0.0500993
0.0391253
0.0788493
0.0386976
0.116137
0.0413213
0.101567
0.0350991
0.041136
0.0292601
0.0450988
0.0273593
0.0628989
0.129157
0.0479693
0.0585366
0.0634577
0.0945955
0.0521168
0.0976392
0.0478134
0.118653
0.0491236
0.0388639
0.304956
0.0411439
0.0511998
0.0583686
0.12107
0.261566
0.229827
0.0788012
0.0629932
0.553951
0.0744687
0.0393058
0.115662
0.0734067
0.0393881
0.0718551
0.0537123
0.0380068
0.0385947
0.10999
0.151288
0.0447724
0.0421844
0.039392
0.0304818
0.214471
0.0927957
0.0583246
0.0799542
0.114765
0.0449003
0.0427059
0.041324
0.364184
0.0174801
0.071319
0.0928114
0.180363
0.0221638
0.103866
0.0926794
0.214171
0.0391453
0.033254
0.243588
0.0848667
0.0485926
0.222255
0.0296057
0.0271014
0.0848326
0.0546353
0.0194819
0.0984873
0.0799521
0.0711321
0.046463
0.243056
0.0539064
0.048943
0.0442281
0.0360631
0.0388457
0.269614
0.0393196
0.0388784
0.0294745
0.369959
0.069504
0.357727
0.140751
0.0652553
0.0750686
0.0566221
0.329527
0.0427387
0.0447413
0.0423451
0.0919976
0.0254606
0.0228119
0.0254879
0.028985
0.0542078
0.0320603
0.0301308
0.0260461
0.0454747
0.335178
0.0358624
0.0332122
0.0260869
0.13013
0.0518582
0.0882144
0.0796835
0.0418623
0.11445
0.0963809
0.0331171
0.0531422
0.059335
0.0669723
0.0624506
0.0940797
0.139797
0.0325319
0.238256
0.065847
0.0427506
0.156656
0.124635
0.231787
0.0427154
0.0553143
0.033527
0.291325
0.0649215
0.0518459
0.0588005
0.11483
0.0191876
0.0272016
0.0387899
0.0781884
0.0726484
0.102368
0.143783
0.141831
0.0369586
0.0348043
0.0313171
0.0295617
0.0440291
0.0373394
0.381212
0.142445
0.0500943
0.0450691
0.153105
0.0464382
0.0427683
0.137725
0.0413382
0.0425116
0.188142
0.0524665
0.080683
0.0492833
0.153802
0.0448199
0.159825
0.0836819
0.0339494
0.0459088
0.0328865
0.113535
0.0375278
0.0462918
0.0417027
0.0884531
0.0369714
0.0465126
0.0435287
0.154925
0.0425469
0.0413192
0.0882874
0.072741
0.0227102
0.0364859
0.0756425
0.197022
0.0395573
0.0926113
0.0288525
0.0474065
0.1167
0.0452042
0.0435028
0.161472
0.0221638
0.063253
0.0416261
0.0411262
0.0332952
0.0529019
0.0177348
0.0397223
0.143662
0.0507027
0.0380947
0.0369196
0.0718705
0.0535084
0.0282845
0.0945299
0.0807346
0.0374757
0.033468
0.218943
0.0657907
0.359477
0.0301931
0.0704805
0.0541079
0.0560143
0.0367841
0.0735
0.0423766
0.0931113
0.101566
0.108303
0.104578
0.0645891
0.242021
0.0554664
0.162973
0.128916
0.0445179
0.0494423
0.0377233
0.0643908
0.0441574
0.101019
0.0582233
0.0408048
0.0632181
0.0408814
0.209604
0.0557798
0.0758013
0.117568
0.1831
0.0456711
0.231117
0.0623566
0.0292164
0.0290001
0.258751
0.0503438
0.0538591
0.046434
0.0636497
0.165942
0.0983176
0.166278
0.0360994
0.0344941
0.0409894
0.381578
0.0855397
0.0406212
0.389485
0.0286657
0.074502
0.0371885
0.115113
0.024118
0.0571864
0.19966
0.0523873
0.42668
0.0509052
0.103262
0.0332325
0.245148
0.306717
0.0578045
0.0152035
0.067688
0.0485442
0.0421119
0.116804
0.0397807
0.0442619
0.0343814
0.0379188
0.0695221
0.0743228
0.109402
0.0499791
0.0202583
0.0484636
0.0589398
0.0368883
0.0809101
0.0308756
0.0600799
0.0577895
0.0493907
0.0408738
0.295671
0.20606
0.0963415
0.0459161
0.0534321
0.073972
0.0294436
0.275887
0.0511162
0.0450315
0.0437986
0.196013
0.0292981
0.0765823
0.0462036
0.210145
0.113827
0.0515287
0.04304
0.102473
0.0214957
0.074744
0.0671444
0.0460084
0.0364563
0.0389758
0.0344191
0.102652
0.0286205
0.0293904
0.0474386
0.0299487
0.089356
0.364522
0.0899973
0.0327519
0.0385514
0.191938
0.0381328
0.0894185
0.0364651
0.0376703
0.0269189
0.0784932
0.040825
0.0778078
0.172911
0.0299286
0.0445955
0.0552279
0.0845753
0.132429
0.0410921
0.0412915
0.101157
0.0502867
0.110931
0.211657
0.207882
0.0258979
0.03793
0.0262347
0.0596561
0.126376
0.0806372
0.0315428
0.0337413
0.0975433
0.262289
0.0399418
0.0444227
0.119241
0.0422007
0.0478723
0.0307233
0.0306074
0.0460839
0.0200572
0.120804
0.120316
0.116555
0.046795
0.0576675
0.18021
0.0296045
0.0712874
0.0317871
0.121119
0.0968581
0.0496113
0.0268522
0.135424
0.0440987
0.0503401
0.266769
0.0999828
0.325737
0.070383
0.0395508
0.0490838
0.0392834
0.0794201
0.142127
0.0464987
0.0265104
0.104579
0.0386311
0.0288863
0.0254053
0.0923513
0.0401178
0.0411115
0.0396021
0.0146349
0.0792933
0.0902982
0.0581559
0.349858
0.0565566
0.192424
0.208058
0.327927
0.0379629
0.0272382
0.102457
0.242782
0.107674
0.0383074
0.0469352
0.0728153
0.219968
0.0156493
0.0402053
0.0407497
0.0375071
0.179137
0.0519263
0.0867631
0.238652
0.43137
0.12623
0.0472386
0.0429296
0.0434889
0.0348567
0.0370925
0.034431
0.144863
0.240154
0.0266547
0.391635
0.0874919
0.0538982
0.0368317
0.0487455
0.0982286
0.0823874
0.068713
0.0337141
0.0608045
0.0235461
0.0252327
0.0483965
0.0454055
0.0472769
0.033255
0.0449811
0.0180879
0.208349
0.062821
0.0338016
0.180336
0.0553529
0.0437393
0.631149
0.0385532
0.115562
0.208639
0.0469299
0.0478913
0.0334457
0.209699
0.106607
0.0949646
0.0411691
0.0163899
0.0479464
0.0495133
0.0349001
0.0472577
0.0655237
0.0465528
0.0806999
0.0411004
0.0529001
0.0344589
0.139938
0.0719027
0.0435307
0.0326812
0.0255641
0.0363146
0.0222368
0.0581784
0.0474963
0.0500565
0.0327559
0.0437986
0.198009
0.0611507
0.0398278
0.0473939
0.0603585
0.0548492
0.0717428
0.127129
0.054183
0.137093
0.0222511
0.0792967
0.029115
0.0303263
0.0390514
0.230622
0.0412408
0.0365169
0.0592052
0.0571134
0.0437696
0.0701541
0.0573684
0.0341994
0.0494968
0.088853
0.322906
0.0366013
0.128157
0.067032
0.178269
0.0457364
0.106457
0.0416427
0.0424639
0.0674323
0.0851466
0.0670973
0.0456392
0.0438699
0.0487339
0.0549197
0.0955403
0.0937711
0.0533654
0.0258608
0.0794499
0.0849984
0.0913092
0.0501444
0.0477932
0.0500405
0.177027
0.053683
0.111424
0.0422756
0.044179
0.0431246
0.108379
0.025514
0.0343241
0.0278802
0.0458654
0.0689334
0.0501963
0.0786684
0.0432234
0.119451
0.210774
0.0729642
0.139333
0.0681258
0.0461355
0.0780441
0.149311
0.0542346
0.0491572
0.0774008
0.0586154
0.0771677
0.331776
0.0642478
0.124044
0.198563
0.0385135
0.0386433
0.0373465
0.0277247
0.27857
0.0407508
0.0510548
0.057545
0.0514978
0.311047
0.051124
0.0328494
0.0340135
0.374381
0.0735859
0.100885
0.0340922
0.0329248
0.0850208
0.0461751
0.272713
0.102739
0.0639798
0.0559035
0.0503763
0.0390208
0.0295225
0.0508357
0.0503339
0.053505
0.0355952
0.0683993
0.0437061
0.0697829
0.0657907
0.062725
0.0367416
0.0342187
0.057435
0.0770329
0.154492
0.206662
0.030929
0.0548037
0.0721561
0.0344221
0.0650263
0.0726547
0.119579
0.0301587
0.0793029
0.0154103
0.159317
0.164145
0.0478588
0.0475345
0.0474674
0.211851
0.222034
0.487822
0.0348632
0.0952156
0.0369631
0.0478884
0.0433116
0.0471063
0.0772954
0.283028
0.308812
0.0378753
0.0479123
0.0863207
0.0394573
0.0467502
0.0643898
0.232222
0.0878269
0.051353
0.0647398
0.120496
0.173072
0.0391724
0.0402246
0.0788902
0.0364117
0.169643
0.0527454
0.0376798
0.0360189
0.0302483
0.263599
0.0485402
0.0412565
0.195735
0.0668539
0.0699483
0.107767
0.0164245
0.048849
0.0699445
0.0401176
0.0366396
0.0469316
0.0611965
0.108647
0.0543708
0.0624211
0.0259928
0.0240215
0.0998084
0.0855296
0.0538895
0.0540049
0.0407256
0.0374596
0.237558
0.346429
0.0392379
0.0353508
0.308652
0.040936
0.0384063
0.0307101
0.0254499
0.0266651
0.0376963
0.189564
0.0364221
0.0234718
0.176934
0.0484695
0.0420357
0.0452407
0.173065
0.0542471
0.0362387
0.0466371
0.042685
0.0284288
0.0324472
0.092484
0.278104
0.0437562
0.0489236
0.0392929
0.0255008
0.0376969
0.0209509
0.258474
0.0425237
0.0404236
0.0527655
0.0356281
0.140371
0.0547082
0.0422527
0.0475597
0.0804275
0.0240835
0.0406909
0.173087
0.106535
0.027942
0.04828
0.0290916
0.22281
0.0515359
0.0327967
0.350437
0.0377611
0.0405932
0.0636606
0.0518606
0.198788
0.0365675
0.061212
0.0234017
0.0674968
0.0700473
0.0253485
0.0325798
0.071928
0.0458282
0.113554
0.256468
0.0677931
0.0363899
0.213809
0.0621865
0.0954561
0.067566
0.0943581
0.116163
0.312484
0.442008
0.0145153
0.0208265
0.0618332
0.0703222
0.0545357
0.037837
0.0382253
0.102123
0.0579424
0.366422
0.252348
0.0617379
0.102486
0.16019
0.0428571
0.103969
0.0435318
0.0485925
0.0517296
0.357128
0.14613
0.1003
0.0315542
0.056926
0.0539296
0.0331044
0.319017
0.0528131
0.201988
0.0664654
0.0413028
0.0364122
0.307376
0.0356783
0.0676411
0.0281501
0.180456
0.0484842
0.0573485
0.157797
0.0481962
0.296343
0.454687
0.213232
0.227377
0.042551
0.0458345
0.0401231
0.035852
0.0366624
0.0584227
0.185365
0.0281376
0.0838229
0.282596
0.111513
0.123113
0.0272817
0.138591
0.31271
0.0492502
0.042234
0.0465073
0.0307352
0.257639
0.0400133
0.0420324
0.111959
0.156239
0.0365494
0.107042
0.0314904
0.036674
0.189811
0.280268
0.0473259
0.0901736
0.102551
0.25855
0.0431942
0.293119
0.0455992
0.0529787
0.163484
0.0448027
0.0451644
0.0484799
0.048598
0.283027
0.0420464
0.0489674
0.0852784
0.0741113
0.185678
0.0870193
0.443811
0.0118548
0.0373381
0.0622159
0.209762
0.070134
0.0565594
0.0733938
0.175206
0.0754231
0.0317281
0.0357122
0.0484399
0.035721
0.0425058
0.151592
0.0437225
0.0278082
0.0750942
0.0464576
0.229016
0.140139
0.0211843
0.0885125
0.21208
0.250999
0.301258
0.0322222
0.0284508
0.0739799
0.140898
0.0234391
0.0517914
0.0336262
0.0218008
0.103476
0.0446139
0.0442509
0.0416024
0.0438595
0.0230508
0.0612183
0.0459975
0.0404171
0.0375375
0.0370764
0.0722407
0.0406938
0.240547
0.0733241
0.0456046
0.167746
0.0353933
0.0533143
0.0472644
0.036491
0.0458461
0.0708264
0.0357949
0.0999335
0.0230554
0.0435952
0.144988
0.074294
0.107148
0.324163
0.0536142
0.0474795
0.0289721
0.0744882
0.0565369
0.0669285
0.154481
0.260892
0.0466138
0.054479
0.043977
0.178334
0.0458929
0.199805
0.0587591
0.0492209
0.360804
0.054512
0.0571444
0.0481794
0.0493345
0.0474219
0.194046
0.0503455
0.036174
0.0263632
0.10052
0.169559
0.364211
0.0443558
0.0432515
0.0481943
0.0403433
0.0895801
0.0212479
0.102313
0.0483228
0.0598382
0.0663619
0.103343
0.0320701
0.377105
0.0343741
0.0516923
0.0690245
0.0383188
0.0829285
0.0659077
0.0297489
0.0369063
0.0274302
0.20553
0.029508
0.0725735
0.0388986
0.24226
0.28374
0.0495605
0.0580278
0.202347
0.369523
0.154636
0.0419061
0.0396725
0.0428014
0.0391349
0.260191
0.0364096
0.0387245
0.0501934
0.025433
0.125079
0.0362966
0.311199
0.0399023
0.0636131
0.0826482
0.0746132
0.0511276
0.10377
0.0740973
0.083251
0.0429814
0.026797
0.0554156
0.0441833
0.06405
0.200869
0.0522315
0.0674077
0.209233
0.140153
0.0649163
0.106192
0.0337331
0.0351654
0.121718
0.0612669
0.0905791
0.0290266
0.175698
0.100583
0.0277312
0.0722984
0.035199
0.129041
0.0577519
0.0610407
0.0537591
0.0490827
0.0389827
0.0322355
0.0802044
0.0412627
0.0618943
0.0842279
0.130913
0.229073
0.0571926
0.0568837
0.0826304
0.193391
0.0378168
0.0415544
0.0625962
0.0691457
0.0906263
0.369683
0.0666355
0.0315972
0.0515106
0.0672552
0.0261844
0.0412084
0.161321
0.0241761
0.051734
0.160415
0.0391802
0.0413311
0.00546446
0.0678989
0.0274856
0.035485
0.291244
0.185591
0.0332183
0.0820095
0.0722524
0.0331044
0.0410298
0.0684639
0.23259
0.0922458
0.0572947
0.0804206
0.0396553
0.0385647
0.0928121
0.071426
0.0424487
0.0517733
0.0786021
0.0544589
0.0407912
0.174111
0.0340548
0.0912739
0.405639
0.0207484
0.130006
0.394211
0.040687
0.0325405
0.0392721
0.0340363
0.0527887
0.250013
0.04885
0.0271655
0.408629
0.0386811
0.0251693
0.0789537
0.0239663
0.195829
0.0341252
0.0426808
0.0427454
0.362465
0.0263189
0.167109
0.0543311
0.0263731
0.0402385
0.0303987
0.0608638
0.0393366
0.0416997
0.0632612
0.0241878
0.107912
0.0515769
0.0477294
0.0953189
0.191851
0.0894048
0.0415637
0.0724529
0.0400097
0.0452166
0.0522257
0.0301233
0.103414
0.0338879
0.0287714
0.0739549
0.151837
0.0412162
0.273576
0.0395242
0.080799
0.124535
0.028497
0.0393313
0.0426778
0.0744036
0.124206
0.0352762
0.0536855
0.106225
0.18624
0.352339
0.0355129
0.0548403
0.292693
0.244924
0.0720179
0.0328154
0.0792412
0.0417122
0.200422
0.464932
0.118199
0.0436227
0.0501328
0.287829
0.210331
0.0404854
0.0400029
0.0281906
0.0407852
0.184504
0.0536756
0.0541561
0.350667
0.0939398
0.0286377
0.0342963
0.0436578
0.293144
0.21406
0.0634464
0.0315502
0.035552
0.243214
0.202999
0.426918
0.0397852
0.095501
0.112201
0.0465739
0.0409486
0.0278986
0.107329
0.0853577
0.0345955
0.0527212
0.0463739
0.0409023
0.134534
0.0823249
0.167095
0.0797032
0.101843
0.229591
0.101143
0.157669
0.0603254
0.0515464
0.0613418
0.03659
0.0352308
0.0681157
0.0465574
0.0605799
0.0390947
0.116516
0.0648469
0.116587
0.116778
0.0439768
0.0416208
0.0923467
0.0401644
0.127549
0.10279
0.133953
0.125573
0.038923
0.320142
0.181549
0.0433317
0.357175
0.0335617
0.0449744
0.241253
0.032304
0.268276
0.0870953
0.0439651
0.0652106
0.051799
0.166362
0.142925
0.130877
0.214721
0.0425091
0.0363604
0.0395847
0.0447674
0.0460289
0.0649429
0.0374999
0.0468584
0.14721
0.0546203
0.065203
0.0583733
0.068694
0.0399775
0.100485
0.0620526
0.0724601
0.0555121
0.0787741
0.0409176
0.0502034
0.133721
0.0753283
0.0446412
0.0369321
0.0928474
0.0321661
0.0513714
0.12125
0.058081
0.0358551
0.0409275
0.0287953
0.379811
0.0901751
0.136493
0.152362
0.103056
0.200996
0.0408278
0.283202
0.323554
0.0448808
0.0737017
0.0557692
0.0543092
0.0624838
0.0468254
0.0346575
0.116189
0.093999
