0.297464
0.076991
0.0808492
0.0620168
0.0606198
0.138275
0.143169
0.0857201
0.0823638
0.0862467
0.0813074
0.0613679
0.350602
0.087412
0.0429161
0.0650186
0.0891202
0.0828994
0.0440991
0.153529
0.0725351
0.0521428
0.0689181
0.0433906
0.0733888
0.105969
0.0950394
0.122155
0.0783988
0.0925157
0.0848108
0.0537377
0.083508
0.0916079
0.105075
0.077056
0.112005
0.0499508
0.0758512
0.111679
0.0677252
0.0985121
0.143145
0.0531046
0.174101
0.106602
0.216972
0.042809
0.0479888
0.0826835
0.0717302
0.0658821
0.0891862
0.205202
0.0816498
0.0923935
0.0830522
0.193357
0.0378435
0.0676284
0.246082
0.0827307
0.130898
0.0997332
0.0591809
0.295815
0.141906
0.135135
0.0945763
0.0723671
0.191248
0.0826397
0.0828731
0.0591609
0.0556844
0.147222
0.0581344
0.0763798
0.0475885
0.117795
0.157587
0.135065
0.102609
0.110672
0.0254
0.103211
0.02831
0.621932
0.0622119
0.121924
0.137142
0.0566327
0.0903518
0.0704088
0.141243
0.166473
0.258285
0.061059
0.0759824
0.0941971
0.0778333
0.0845222
0.0942696
0.0694719
0.101511
0.108221
0.078245
0.126174
0.0648735
0.118287
0.0837117
0.096326
0.10098
0.101391
0.0419726
0.0682529
0.0832785
0.180905
0.442852
0.0531785
0.0459699
0.109076
0.103924
0.0639098
0.123712
0.121213
0.0648297
0.0794612
0.102806
0.197025
0.0851829
0.0855971
0.0703523
0.200201
0.0813934
0.078188
0.0418132
0.102853
0.0737422
0.166105
0.0548485
0.0694015
0.234006
0.147278
0.0867037
0.216462
0.0555277
0.0928857
0.066964
0.181901
0.0899263
0.110933
0.0815644
0.344728
0.124835
0.0924844
0.0764752
0.120776
0.0715107
0.118289
0.0984803
0.0567426
0.105308
0.241457
0.134496
0.252604
0.0351458
0.11767
0.0624418
0.118676
0.154676
0.0886086
0.0634914
0.072887
0.0848658
0.110318
0.0678621
0.0545572
0.0709248
0.201968
0.128407
0.238224
0.21948
0.146926
0.0236191
0.0836464
0.0958596
0.07578
0.244929
0.0773097
0.0384713
0.0894632
0.105566
0.0758568
0.0651966
0.0656923
0.27465
0.109161
0.0871265
0.0670104
0.108957
0.053281
0.0673898
0.0878048
0.0391133
0.0566233
0.116827
0.0666732
0.102591
0.082187
0.0763311
0.104581
0.132919
0.146115
0.0859239
0.0558996
0.0991281
0.370259
0.0613329
0.568839
0.0846565
0.100729
0.0988051
0.0823847
0.0610795
0.0492595
0.0887266
0.133839
0.180026
0.0732559
0.0691322
0.102919
0.0891671
0.0631082
0.0497312
0.0747338
0.12583
0.309589
0.153623
0.0901975
0.0319069
0.161376
0.0539346
0.0831986
0.0790178
0.11934
0.114499
0.0711549
0.0718074
0.0558356
0.127723
0.153276
0.10006
0.0591277
0.0457337
0.0661982
0.0718698
0.0945112
0.0895455
0.0507646
0.109214
0.113747
0.111608
0.0531912
0.437388
0.0611966
0.0806535
0.140208
0.0872547
0.0716126
0.199595
0.0624825
0.0652698
0.0888663
0.0563354
0.0731781
0.126217
0.0769727
0.0516244
0.0492843
0.083006
0.0883084
0.0508264
0.0530231
0.074757
0.0924643
0.0487714
0.0913012
0.0767262
0.0833058
0.0993266
0.0934146
0.0996945
0.127388
0.289854
0.108795
0.110968
0.0675474
0.0711744
0.430587
0.0869317
0.0989307
0.0662653
0.0916752
0.0735726
0.0883608
0.0488743
0.0691403
0.0603316
0.0899601
0.0514397
0.0821001
0.127705
0.0258864
0.0698471
0.16678
0.115633
0.15478
0.0651198
0.159544
0.0444346
0.0866347
0.0948246
0.0808104
0.0985892
0.0432313
0.100562
0.118218
0.0609124
0.120853
0.0947505
0.0686885
0.12592
0.169119
0.165382
0.0695296
0.207661
0.0544507
0.0724065
0.0764171
0.180521
0.0596046
0.0743037
0.0997399
0.075209
0.134937
0.131275
0.202684
0.0688659
0.0507352
0.108344
0.0507934
0.0862291
0.129205
0.0779928
0.0712497
0.100969
0.139967
0.305422
0.113122
0.0809063
0.10205
0.183816
0.0820056
0.0550295
0.0863142
0.0724728
0.116794
0.0526396
0.030899
0.0644591
0.0498997
0.239437
0.0983703
0.0812332
0.100325
0.0673778
0.103026
0.109434
0.337339
0.082977
0.117371
0.095432
0.230662
0.11005
0.314194
0.0412404
0.103375
0.0974453
0.145131
0.062632
0.093032
0.088994
0.0665346
0.0543249
0.345824
0.0931601
0.117256
0.240536
0.0842564
0.0650986
0.0437993
0.321378
0.154672
0.120262
0.0608457
0.0587635
0.141037
0.0826053
0.0805634
0.0407129
0.105873
0.0574459
0.288128
0.0753687
0.0715784
0.0698742
0.10756
0.0473849
0.0584894
0.128821
0.148074
0.218507
0.0445085
0.311298
0.149406
0.0741222
0.132437
0.0331431
0.178148
0.416947
0.0900764
0.0789082
0.290128
0.0682697
0.284913
0.108455
0.0727342
0.129262
0.0306085
0.069757
0.037533
0.0319156
0.553472
0.121258
0.0698193
0.0504686
0.0840262
0.0837524
0.0613645
0.0895679
0.0930509
0.245963
0.110565
0.0791977
0.0778761
0.392837
0.249039
0.0810355
0.0926498
0.0459336
0.0615553
0.0779979
0.0814009
0.0728166
0.0583083
0.0969422
0.0660778
0.0589482
0.0912068
0.0767183
0.0735031
0.080788
0.15434
0.217053
0.0810245
0.142756
0.0540508
0.0780965
0.0414968
0.308425
0.0745926
0.0584602
0.077872
0.0777841
0.0905535
0.0876641
0.0981523
0.0898995
0.0629959
0.143083
0.042913
0.0640408
0.047615
0.244815
0.087613
0.0732039
0.0711832
0.0970718
0.126504
0.0622057
0.132288
0.592487
0.118232
0.42551
0.105505
0.111222
0.0263971
0.600505
0.0637411
0.200951
0.192709
0.234883
0.0741534
0.0685503
0.0661247
0.0519575
0.0806911
0.163866
0.419986
0.0573456
0.252703
0.220007
0.0784219
0.168572
0.101127
0.0486087
0.0347962
0.210263
0.0578301
0.12656
0.0789655
0.168783
0.0951126
0.286397
0.0678672
0.0834275
0.0696707
0.0734388
0.0613543
0.0660178
0.0505097
0.048327
0.0821241
0.114399
0.0770914
0.122768
0.0883395
0.111262
0.0582653
0.196165
0.14547
0.519471
0.275087
0.0676071
0.116802
0.104855
0.0520744
0.064425
0.0835479
0.0668964
0.2181
0.0674731
0.0933624
0.0670335
0.0673926
0.0609033
0.098212
0.0840014
0.170072
0.100967
0.0729646
0.463364
0.557904
0.0812959
0.144392
0.0874263
0.0879363
0.0838917
0.19249
0.102214
0.163179
0.0835724
0.0797152
0.489245
0.069224
0.155219
0.0869101
0.171631
0.0983177
0.062559
0.141707
0.0816046
0.130976
0.0793134
0.154585
0.200491
0.103764
0.0531986
0.0914379
0.032578
0.0791717
0.0971943
0.0522429
0.145452
0.147516
0.0405824
0.0990415
0.201546
0.380967
0.145737
0.232192
0.101182
0.124457
0.0820733
0.137741
0.111369
0.124308
0.0765263
0.0837092
0.103365
0.0601532
0.0350609
0.081404
0.133768
0.0645664
0.122222
0.248615
0.081809
0.0739955
0.0783521
0.0830017
0.0957391
0.107354
0.0481744
0.0775302
0.13439
0.117263
0.098101
0.0928943
0.0545798
0.114219
0.0912945
0.123607
0.125998
0.0890448
0.0656553
0.0510502
0.188904
0.112803
0.106751
0.0623102
0.0728392
0.0911903
0.0951236
0.0447221
0.0324148
0.0598394
0.102132
0.109469
0.236355
0.0662113
0.0483353
0.0703326
0.049123
0.0873592
0.0960735
0.0859912
0.122609
0.0655106
0.0636473
0.100852
0.0557953
0.0507311
0.0537578
0.208146
0.132611
0.342598
0.613472
0.0799211
0.173921
0.0800036
0.048095
0.101581
0.0488889
0.102065
0.109335
0.0995273
0.0858452
0.0650057
0.0833268
0.0664132
0.0591668
0.0817926
0.0625824
0.0803388
0.0639936
0.108712
0.0735842
0.0534727
0.208072
0.118334
0.174652
0.0674019
0.28294
0.0566579
0.0563945
0.0609837
0.0362252
0.318333
0.0501747
0.291423
0.352697
0.131464
0.0484461
0.0713589
0.10817
0.0480024
0.185413
0.0961338
0.0734764
0.112093
0.0682945
0.0974972
0.0462242
0.102805
0.0963927
0.0824292
0.129434
0.0528286
0.0612066
0.0903177
0.0791208
0.0611086
0.120268
0.0624765
0.0836743
0.0932055
0.046261
0.0585834
0.20869
0.0544118
0.0468344
0.0888187
0.167878
0.0721594
0.248048
0.233737
0.0754621
0.0474665
0.234204
0.10069
0.0774822
0.0659024
0.0625485
0.046071
0.091537
0.138087
0.098861
0.1068
0.0998304
0.0896844
0.0655173
0.0905576
0.0744228
0.0865656
0.0775626
0.398023
0.0900884
0.0716196
0.0804638
0.0589049
0.0649942
0.0706561
0.0756056
0.0800714
0.146423
0.0510377
0.0898773
0.131249
0.203305
0.0901947
0.14718
0.0455718
0.10116
0.0829804
0.238046
0.0716956
0.0956502
0.065701
0.0923428
0.0497071
0.130572
0.166447
0.109104
0.104559
0.075335
0.199764
0.0590036
0.102763
0.0750558
0.0881205
0.208505
0.493014
0.106655
0.0659345
0.173721
0.0642845
0.0796564
0.0495545
0.239372
0.0547215
0.0664922
0.0397093
0.0567461
0.0721209
0.0663259
0.115225
0.0343813
0.0733614
0.106827
0.0719555
0.0907058
0.0604137
0.0549494
0.0607314
0.0970251
0.0869693
0.100213
0.0826795
0.0551424
0.156215
0.326257
0.0649982
0.59566
0.0854562
0.391469
0.0273903
0.0909541
0.0856735
0.198203
0.46851
0.0786276
0.0681021
0.0858766
0.087353
0.180074
0.117261
0.118042
0.102848
0.0620721
0.0723055
0.104326
0.0675838
0.083817
0.055358
0.0741454
0.087716
0.129058
0.0418675
0.14281
0.0652981
0.0543136
0.0510828
0.0812407
0.0703206
0.0699332
0.0858311
0.145227
0.0747534
0.0890123
0.535979
0.0683877
0.0837402
0.112434
0.216831
0.0629899
0.0797142
0.367354
0.184239
0.0562051
0.0971098
0.119656
0.0744885
0.0474386
0.0285655
0.101178
0.17977
0.109736
0.0686606
0.192514
0.128007
0.0876467
0.0760752
0.195502
0.0578862
0.0776673
0.0926588
0.0631812
0.0753853
0.0597221
0.0540751
0.126743
0.0615692
0.0467851
0.100002
0.136208
0.0596687
0.127925
0.0618509
0.217007
0.066569
0.144207
0.0331002
0.103815
0.0391108
0.0637812
0.0425677
0.105589
0.0875881
0.0724115
0.087246
0.309007
0.112279
0.0673413
0.0651175
0.036357
0.0728038
0.0930158
0.0703246
0.124215
0.0795639
0.0701987
0.0302688
0.0387288
0.11881
0.10682
0.0668807
0.0886779
0.103012
0.0953715
0.0793322
0.0931194
0.104338
0.127741
0.146744
0.0717459
0.0758231
0.084628
0.0645594
0.0395768
0.0702434
0.189513
0.0878901
0.114994
0.165433
0.085806
0.0143067
0.064681
0.101042
0.0913388
0.0475022
0.136852
0.0404754
0.0795126
0.0793937
0.0251441
0.124827
0.0895287
0.0513264
0.05933
0.0891183
0.115828
0.242306
0.0671886
0.0963343
0.0600708
0.0990556
0.0798983
0.0443904
0.230417
0.136354
0.115076
0.253571
0.0829932
0.0902124
0.0546324
0.164209
0.0986142
0.0795125
0.0865862
0.100216
0.0973479
0.109023
0.0701664
0.0929844
0.105898
0.107919
0.131459
0.0708903
0.0900549
0.0876529
0.122354
0.11532
0.0521489
0.0921847
0.110425
0.110689
0.102725
0.155057
0.0752714
0.0483472
0.158172
0.112947
0.18361
0.0500221
0.0868719
0.0942862
0.085923
0.0832809
0.0684506
0.0459207
0.0807979
0.105814
0.0678426
0.330431
0.0600982
0.0853092
0.11079
0.0828108
0.065664
0.10902
0.0357993
0.460365
0.256939
0.172737
0.0535399
0.172759
0.0526428
0.230768
0.065276
0.0859249
0.157767
0.102314
0.109607
0.240047
0.113366
0.074632
0.0454502
0.0840299
0.160918
0.243528
0.0406312
0.0488496
0.0913482
0.0454527
0.0804954
0.0549717
0.0416932
0.191129
0.039183
0.109148
0.172119
0.0556369
0.241936
0.0784846
0.0324357
0.311097
0.0868494
0.0814854
0.0706139
0.0541192
0.107629
0.0858987
0.0977841
0.13181
0.080635
0.0925064
0.07762
0.0627225
0.0798893
0.0508964
0.138421
0.117876
0.162252
0.104686
0.0316497
0.190984
0.116108
0.0830275
0.0576384
0.0763098
0.034133
0.0456978
0.200124
0.061452
0.058012
0.449462
0.211605
0.0745667
0.129528
0.0809071
0.0839532
0.115648
0.0943847
0.0543176
0.0876333
0.066401
0.0845365
0.0435947
0.122307
0.0909064
0.0952805
0.0719633
0.0405257
0.237923
0.0956137
0.0532176
0.262484
0.0646689
0.0368936
0.119461
0.101424
0.103656
0.100857
0.319306
0.501533
0.0723827
0.057036
0.0834928
0.113389
0.0775902
0.0593066
0.133175
0.0678733
0.12101
0.0575404
0.0851948
0.0982023
0.0538977
0.0382744
0.102378
0.0649538
0.101889
0.0633053
0.0680972
0.0667049
0.0507382
0.113517
0.108427
0.0531782
0.0505525
0.0705562
0.100686
0.563129
0.052993
0.126164
0.0517728
0.115009
0.140856
0.129588
0.073674
0.175482
0.0878654
0.149223
0.0681561
0.127334
0.0711149
0.135434
0.196826
0.0584684
0.0610742
0.0572716
0.432908
0.0792748
0.213687
0.0542689
0.23092
0.0810811
0.0568004
0.0766339
0.116565
0.197444
0.0852594
0.0765256
0.0513918
0.147449
0.103182
0.0477131
0.0883145
0.0500925
0.0729484
0.207496
0.0681746
0.356756
0.129396
0.131238
0.0984739
0.0443553
0.0513982
0.0644675
0.30858
0.0935852
0.0930867
0.0609481
0.0768705
0.0852881
0.106023
0.0581979
0.110602
0.0715883
0.146509
0.201752
0.0749201
0.0697767
0.108433
0.168147
0.0582545
0.108343
0.0345596
0.0823055
0.0679877
0.104882
0.0275072
0.0861025
0.0917409
0.0728452
0.0385326
0.097392
0.0833934
0.0748185
0.0763541
0.0758224
0.0819884
0.100324
0.0783045
0.0737588
0.132619
0.168236
0.0624683
0.0391993
0.047711
0.117948
0.0802528
0.108489
0.107806
0.0700609
0.0551166
0.0635271
0.0563183
0.0809156
0.184081
0.313544
0.153963
0.116496
0.118362
0.0602904
0.183298
0.19071
0.0453209
0.0593854
0.397231
0.0355672
0.135561
0.05703
0.0902309
0.124993
0.117543
0.129591
0.217378
0.0928206
0.0467501
0.107604
0.0749265
0.0635488
0.0610586
0.0533237
0.593096
0.502771
0.0743101
0.0975501
0.0491221
0.0681722
0.113111
0.0927852
0.094452
0.0732649
0.0855502
0.0947802
0.136269
0.261174
0.0765607
0.0706897
0.0612844
0.0988989
0.0797296
0.0619089
0.0665258
0.20339
0.167724
0.0694836
0.0390387
0.178136
0.0662969
0.142742
0.0963557
0.0724824
0.0584789
0.087207
0.10404
0.0533625
0.0792162
0.0714237
0.240103
0.0719326
0.226129
0.047116
0.0897379
0.145354
0.178696
0.0552306
0.0688434
0.129806
0.0876007
0.0880061
0.0675907
0.0828005
0.11253
0.067463
0.0296761
0.138451
0.0370281
0.111197
0.245196
0.0951753
0.0745433
0.110573
0.132404
0.270482
0.14554
0.143923
0.0563471
0.0735537
0.134088
0.0780837
0.0737183
0.0691966
0.0497829
0.0672152
0.0604224
0.178321
0.120278
0.046825
0.131625
0.106987
0.238359
0.06649
0.116231
0.0646135
0.0716556
0.0984551
0.0559422
0.103552
0.044663
0.0583159
0.0753923
0.163515
0.221272
0.0558531
0.0659077
0.0588908
0.354623
0.143645
0.105799
0.0694613
0.0951946
0.0366376
0.0723739
0.331874
0.0875971
0.0431577
0.15211
0.0568581
0.0147415
0.135472
0.0734863
0.0631108
0.073726
0.0334351
0.0841052
0.222901
0.141392
0.0591299
0.0410575
0.0775433
0.342613
0.0478441
0.128076
0.0770762
0.0972113
0.0865873
0.0733945
0.0634094
0.095228
0.095914
0.0763065
0.094452
0.103514
0.0988497
0.114784
0.147031
0.066208
0.103553
0.0861084
0.0545512
0.0898043
0.0932873
0.0746677
0.095442
0.0957953
0.095339
0.174569
0.0675647
0.0689925
0.0654926
0.0668348
0.0664416
0.0489548
0.042479
0.138651
0.0807344
0.108293
0.079447
0.0631112
0.0931466
0.357911
0.0841123
0.0809724
0.0420268
0.152726
0.0527209
0.032937
0.137222
0.0614949
0.488159
0.0801242
0.054355
0.073111
0.0368402
0.065723
0.069917
0.0821843
0.0630777
0.102928
0.0891644
0.0744928
0.161855
0.113987
0.0839918
0.0694177
0.263219
0.0527961
0.0978642
0.386376
0.0668027
0.0575056
0.157662
0.0734715
0.0325453
0.0484095
0.204456
0.0831924
0.225613
0.179579
0.070676
0.0965264
0.0587541
0.129857
0.0563938
0.207436
0.0942865
0.103274
0.129026
0.237023
0.0701969
0.0739548
0.108761
0.0813236
0.0565391
0.0813432
0.0838349
0.0722298
0.0794108
0.212729
0.0539507
0.0713985
0.0941587
0.113344
0.0528241
0.0931866
0.0424645
0.0451303
0.150962
0.117493
0.258157
0.0902818
0.0628387
0.13231
0.0831971
0.185496
0.0591215
0.0490218
0.142688
0.0344346
0.109491
0.082082
0.0545044
0.0950543
0.0738195
0.0946753
0.0995097
0.130103
0.0921102
0.0666631
0.081016
0.330055
0.0853913
0.0951391
0.0844358
0.0551977
0.0442101
0.083025
0.0486648
0.138799
0.104675
0.0386619
0.0422672
0.237409
0.0970871
0.0920304
0.102655
0.0616918
0.0681573
0.0819801
0.0831205
0.680333
0.0678477
0.0816929
0.10024
0.0797047
0.0683681
0.0735325
0.129467
0.0618447
0.108846
0.0418942
0.127238
0.0812191
0.0576305
0.128241
0.0942168
0.150164
0.166226
0.0779387
0.026934
0.0883364
0.0802462
0.0498694
0.0810165
0.153677
0.0866449
0.0498107
0.0658612
0.0914858
0.117378
0.072788
0.0762624
0.0954667
0.0834597
0.160522
0.063043
0.0878381
0.329438
0.0565961
0.103448
0.0590717
0.506971
0.104696
0.0744264
0.0962211
0.0510026
0.139889
0.0609269
0.171787
0.172894
0.118717
0.251981
0.0807363
0.0878963
0.132793
0.0949746
0.0697771
0.219198
0.0523408
0.0340092
0.0887008
0.0435987
0.0832347
0.0787854
0.0738149
0.0810576
0.542292
0.0412582
0.0620745
0.172804
0.524411
0.0657054
0.147998
0.0965144
0.197097
0.125037
0.718046
0.103684
0.16077
0.117556
0.117549
0.173792
0.0668488
0.0838287
0.0643639
0.282962
0.150553
0.0779038
0.106191
0.0508224
0.0641653
0.161323
0.0501641
0.13044
0.0296096
0.17892
0.0792043
0.0959735
0.0648953
0.103908
0.09537
0.127043
0.0345036
0.0682964
0.0576193
0.0623281
0.110184
0.0481003
0.10161
0.0653968
0.0943175
0.0506105
0.0516191
0.0555721
0.0977525
0.0821205
0.100005
0.0700294
0.34723
0.0396285
0.126884
0.179846
0.069316
0.0512918
0.0572226
0.0894788
0.118276
0.0699134
0.100121
0.100523
0.142547
0.133889
0.135648
0.0582919
0.0900128
0.0808223
0.164832
0.0704255
0.061403
0.0982375
0.0812622
0.129109
0.135124
0.557292
0.116012
0.107512
0.110386
0.0462881
0.0685481
0.0514192
0.0536456
0.048737
0.309376
0.108401
0.11082
0.215845
0.103974
0.184335
0.0733379
0.464802
0.0418835
0.0632214
0.0656574
0.142457
0.0927966
0.0636515
0.0692198
0.398473
0.0594007
0.0544639
0.0670805
0.111321
0.0830516
0.070845
0.412352
0.121956
0.0930317
0.134086
0.282207
0.217993
0.132237
0.134553
0.0526157
0.0757953
0.0581523
0.096394
0.0559941
0.0910923
0.0504883
0.0535814
0.55299
0.140264
0.297107
0.112525
0.080447
0.097356
0.159194
0.0863375
0.0524277
0.0861463
0.0875642
0.156682
0.0955477
0.0356208
0.0660255
0.147353
0.09418
0.0593148
0.0583951
0.0709543
0.151339
0.0606553
0.085183
0.222944
0.0945652
0.052514
0.0498621
0.0720396
0.0580264
0.617338
0.0514219
0.0571638
0.083394
0.063833
0.10416
0.0511836
0.0699746
0.0566201
0.0778095
0.0955531
0.0567903
0.206181
0.0693504
0.244948
0.0547483
0.148987
0.21629
0.381996
0.0479095
0.0746039
0.0597546
0.0785064
0.0783919
0.0629833
0.118583
0.0758745
0.0955728
0.0461872
0.102941
0.089048
0.363016
0.121391
0.0788731
0.173876
0.0458836
0.106675
0.117723
0.0827233
0.0962429
0.0757183
0.0920986
0.146149
0.348606
0.0639685
0.0719748
0.112976
0.0760857
0.074403
0.0466819
0.0937535
0.0534315
0.0991021
0.193333
0.0894003
0.352661
0.043821
0.100194
0.179214
0.284942
0.0409548
0.130057
0.0664951
0.111641
0.133327
0.047813
0.149481
0.076036
0.127568
0.1276
0.0668856
0.202968
0.0999623
0.0649786
0.16236
0.184264
0.0837401
0.111743
0.059415
0.0571099
0.0991955
0.0673826
0.132186
0.110644
0.0871159
0.0712712
0.0672604
0.0837737
0.0739861
0.087884
0.0984206
0.15412
0.139994
0.12121
0.051114
0.150866
0.104662
0.0492241
0.0732938
0.0728832
0.121605
0.0975916
0.0827143
0.14425
0.0890449
0.127428
0.143153
0.272626
0.0468866
0.102241
0.124016
0.216946
0.0683269
0.109469
0.0578596
0.0867059
0.0802505
0.0701622
0.0886912
0.100145
0.0654636
0.062323
0.0231825
0.0584668
0.0928398
0.102336
0.158524
0.141943
0.0626576
0.0569453
0.0855029
0.14752
0.0759019
0.101433
0.0933085
0.082638
0.161943
0.0452154
0.11743
0.0884916
0.0911159
0.0912429
0.0525398
0.132477
0.0453269
0.112718
0.423062
0.066543
0.0845895
0.0966146
0.0718222
0.0865228
0.051928
0.109504
0.0667838
0.0862976
0.047477
0.11437
0.120062
0.0799427
0.205818
0.144251
0.0760786
0.095863
0.143584
0.0544835
0.0677874
0.179544
0.0952141
0.124373
0.0766957
0.0682563
0.148535
0.0660102
0.085362
0.0753134
0.125223
0.0381531
0.204235
0.0767114
0.0534134
0.10318
0.143726
0.130142
0.106619
0.080625
0.0531827
0.0769038
0.0686094
0.052094
0.0587601
0.142126
0.038096
0.0649254
0.0502281
0.114729
0.122699
0.0323778
0.0664285
0.134844
0.137466
0.0874964
0.0683897
0.0571747
0.356465
0.0814787
0.0446603
0.144369
0.0544003
0.0575187
0.108019
0.0709909
0.283334
0.0674753
0.101494
0.119407
0.0948795
0.0629549
0.0678524
0.112564
0.0603453
0.151309
0.0941758
0.051346
0.101342
0.0807469
0.0349985
0.0812933
0.0374214
0.0882259
0.150657
0.130277
0.082103
0.0782392
0.137429
0.102941
0.660091
0.0966244
0.064677
0.245032
0.05452
0.0667465
0.158718
0.0979802
0.0984991
0.0599428
0.07349
0.136959
0.0570702
0.245232
0.113308
0.0617925
0.0611585
0.22906
0.0879581
0.0556817
0.123593
0.0440278
0.0939901
0.0561751
0.0743573
0.0549362
0.08378
0.183156
0.0747302
0.0345907
0.0781992
0.0721495
0.0842776
0.0860472
0.0805496
0.047883
0.037496
0.0509478
0.0520533
0.0692763
0.0664846
0.117177
0.053562
0.288982
0.349111
0.0878824
0.0672183
0.0602394
0.104098
0.0971544
0.120972
0.0722558
0.0590784
0.166129
0.0792351
0.0586079
0.129861
0.342153
0.256674
0.0546873
0.194908
0.0638805
0.0690868
0.0739612
0.0880796
0.0575654
0.0532755
0.0978024
0.074764
0.0437365
0.0722912
0.0959728
0.0620081
0.171792
0.110068
0.0664956
0.108628
0.120186
0.057343
0.152655
0.125914
0.0828788
0.088712
0.0656081
0.0478605
0.101115
0.124823
0.0708108
0.14253
0.104849
0.0374888
0.0718159
0.231289
0.0655523
0.0722414
0.20908
0.0708515
0.477445
0.0784353
0.0612653
0.0577703
0.0859532
0.0900751
0.0650894
0.149467
0.073279
0.288047
0.105296
0.0872657
0.138752
0.0593754
0.0587899
0.145243
0.0510171
0.0980781
0.301064
0.10131
0.150342
0.0689544
0.11755
0.063434
0.0586037
0.0714099
0.0819395
0.0270499
0.202317
0.125918
0.0888041
0.0702688
0.0870952
0.0671523
0.115911
0.157747
0.0620904
0.0947738
0.135646
0.0641134
0.0802827
0.131965
0.220505
0.172125
0.0528382
0.0860676
0.125707
0.197644
0.0922261
0.0551958
0.142494
0.0827342
0.101304
0.0751012
0.0922037
0.0828862
0.0974584
0.0763964
0.121578
0.0563298
0.0878675
0.490324
0.238015
0.211218
0.0772683
0.0973573
0.0314903
0.0792088
0.109634
0.0713337
0.0479818
0.115133
0.0871908
0.305713
0.0802809
0.303033
0.105783
0.146467
0.0580979
0.0615192
0.102218
0.0920395
0.193019
0.0714271
0.154715
0.11146
0.108999
0.112167
0.140637
0.0841875
0.0640074
0.0989772
0.109663
0.263601
0.104953
0.131083
0.266897
0.0824012
0.0955147
0.189701
0.0975128
0.223504
0.0835419
0.549894
0.0424495
0.115484
0.0897324
0.0700269
0.0957207
0.189889
0.0913241
0.0656948
0.173812
0.0933615
0.0652905
0.0735581
0.0445183
0.32847
0.113375
0.0831851
0.11073
0.052885
0.374094
0.0426218
0.0744147
0.109191
0.0573992
0.0485951
0.0902733
0.180597
0.0838927
0.0786515
0.0890645
0.0819905
0.0829728
0.0489079
0.111765
0.067869
0.0944548
0.0654564
0.0936387
0.296223
0.136464
0.0380357
0.0513889
0.140349
0.0502069
0.0506824
0.0706213
0.0864329
0.0359099
0.0859189
0.112754
0.0586127
0.116606
0.118924
0.0738453
0.0792263
0.183662
0.100041
0.239869
0.145606
0.0607267
0.0421
0.0434308
0.0742476
0.33746
0.0918216
0.0725336
0.0965637
0.0458924
0.0774524
0.253323
0.132023
0.0618908
0.214385
0.131681
0.0798682
0.117358
0.0995751
0.146423
0.0958868
0.154588
0.06667
0.0718222
0.232284
0.0555916
0.0540255
0.116764
0.0604499
0.0646741
0.0513431
0.0850888
0.0586859
0.0519523
0.0970673
0.054017
0.0953711
0.0668464
0.0577619
0.329692
0.182199
0.103595
0.0996248
0.10103
0.124886
0.0898512
0.0876828
0.0973087
0.111998
0.0514674
0.0558151
0.0737089
0.333221
0.0886011
0.0518844
0.111138
0.0623885
0.0938902
0.101914
0.0726147
0.143799
0.0650002
0.131885
0.0569814
0.16169
0.0921399
0.0792391
0.107957
0.0631804
0.375024
0.0664583
0.109301
0.119538
0.0640918
0.149192
0.22384
0.0661369
0.25412
0.135628
0.0393879
0.0559447
0.0742795
0.0470838
0.0534966
0.121264
0.0930179
0.0598042
0.124155
0.0655601
0.101127
0.0651796
0.0861798
0.0751626
0.114797
0.0613597
0.0926373
0.226351
0.0636664
0.335123
0.0579048
0.0528776
0.0741911
0.0765118
0.0762776
0.0790396
0.122166
0.105086
0.0661635
0.0899845
0.0630693
0.150718
0.299502
0.0485689
0.0986572
0.225216
0.106447
0.112128
0.0591018
0.0600869
0.0663955
0.0699259
0.0897219
0.102101
0.2339
0.0933809
0.0650565
0.117477
0.0464429
0.0888973
0.299579
0.0995413
0.0781481
0.0777045
0.155254
0.187016
0.0901998
0.097375
0.112641
0.0594421
0.0686472
0.137832
0.0441919
0.0412487
0.106735
0.0552557
0.0488269
0.0765823
0.138194
0.0689122
0.289546
0.259217
0.0557737
0.0931232
0.0952268
0.0638425
0.0969016
0.111222
0.0424978
0.110476
0.0864184
0.068436
0.0544011
0.111889
0.0316183
0.0897041
0.110963
0.0708684
0.0821998
0.0684732
0.079022
0.0459087
0.107378
0.144563
0.11979
0.219642
0.0829433
0.0746556
0.132439
0.0881238
0.109372
0.131409
0.133615
0.0800821
0.0782037
0.100534
0.0635073
0.0694017
0.062094
0.158152
0.111923
0.0916631
0.144863
0.14887
0.216436
0.0835595
0.108553
0.0756625
0.0864575
0.0739146
0.113636
0.104742
0.106992
0.133949
0.062949
0.0869135
0.0886275
0.118337
0.0759132
0.048973
0.084075
0.0673897
0.077439
0.153269
0.0999683
0.407806
0.0584811
0.161896
0.104791
0.0671672
0.0866625
0.0697939
0.0623947
0.112295
0.0978118
0.0538569
0.212752
0.078473
0.0657269
0.0578797
0.0694021
0.0885853
0.0984874
0.137598
0.0705035
0.200333
0.0535452
0.102562
0.0559394
0.0705744
0.226473
0.0971101
0.091241
0.0917342
0.114906
0.0817417
0.0598604
0.0393112
0.0833631
0.102775
0.0673583
0.053104
0.0876115
0.133893
0.550472
0.340809
0.0342433
0.160358
0.0858363
0.0668213
0.053542
0.0851001
0.0861857
0.601281
0.0633768
0.0874686
0.0441206
0.0923021
0.0906676
0.0508926
0.102477
0.0784768
0.0594548
0.643525
0.0842658
0.0945579
0.183431
0.0472676
0.116261
0.0946099
0.179396
0.0562377
0.0733076
0.0792874
0.0861066
0.0805299
0.323967
0.0654904
0.0815558
0.0844071
0.0711027
0.0899462
0.164395
0.0732444
0.0661982
0.117571
0.0732319
0.0374001
0.102133
0.0615819
0.0701134
0.031606
0.069226
0.102984
0.196699
0.0742948
0.0691788
0.13703
0.190053
0.064059
0.114654
0.080924
0.448039
0.037892
0.0630147
0.113632
0.118513
0.144607
0.0278706
0.0764799
0.3557
0.0708319
0.043756
0.0605273
0.0859382
0.146329
0.104514
0.0880283
0.0647351
0.0506982
0.246163
0.0487956
0.0475426
0.19122
0.116587
0.114674
0.0858518
0.158806
0.0841445
0.0802074
0.0936901
0.0478199
0.0716542
0.0582454
0.0818726
0.0616462
0.0897527
0.0529991
0.114026
0.0718261
0.0718604
0.0911682
0.106266
0.0607494
0.0532701
0.0679646
0.0693817
0.137434
0.112562
0.0481658
0.0377995
0.0762617
0.103161
0.0337467
0.0506644
0.0833315
0.0387111
0.0806463
0.0608074
0.0621492
0.070238
0.0623425
0.0521416
0.106893
0.116675
0.0685954
0.117362
0.084897
0.0893417
0.16195
0.0860437
0.0864495
0.0910848
0.0613687
0.0865277
0.0638549
0.0661664
0.0470024
0.110228
0.174362
0.135603
0.0611885
0.0999422
0.171717
0.1451
0.0659346
0.144901
0.0868647
0.150067
0.0734351
0.0546224
0.0897802
0.0770458
0.0985219
0.104707
0.0525726
0.205032
0.126083
0.113232
0.0804777
0.11952
0.122377
0.0855094
0.0571165
0.101511
0.162489
0.0462113
0.0388053
0.0971657
0.102828
0.238687
0.108779
0.0549818
0.0401847
0.0608034
0.0866643
0.139972
0.0771276
0.0859838
0.121169
0.132463
0.034689
0.0994027
0.0525215
0.0503624
0.0682327
0.0351339
0.0841198
0.230032
0.0626486
0.0632441
0.0596967
0.0630347
0.0337394
0.0851756
0.0598946
0.0370602
0.182214
0.102155
0.0827389
0.0852844
0.0329366
0.0511902
0.053292
0.094959
0.147168
0.106212
0.0980033
0.0595635
0.0879042
0.0643441
0.05365
0.0934432
0.0923837
0.12204
0.133492
0.0471402
0.0716071
0.0609019
0.171337
0.226356
0.0981253
0.0725755
0.0592241
0.0328282
0.0932415
0.0575091
0.178742
0.0752153
0.104479
0.0741523
0.0748796
0.330247
0.095032
0.292755
0.0885287
0.236174
0.0621998
0.191263
0.0574736
0.0882615
0.0799228
0.055276
0.0971535
0.0701026
0.0515293
0.0330051
0.101903
0.115214
0.11956
0.0743292
0.051915
0.150502
0.199081
0.113911
0.063927
0.142817
0.0814255
0.0741322
0.107419
0.182584
0.134183
0.093124
0.0776287
0.0740736
0.047482
0.107307
0.055943
0.0810033
0.177848
0.049953
0.088014
0.0730241
0.0992226
0.116229
0.103472
0.0593171
0.0896849
0.0416004
0.237565
0.289184
0.0761142
0.0494203
0.0701256
0.0602907
0.111875
0.114927
0.0544674
0.050735
0.22305
0.0397438
0.112503
0.0978339
0.176606
0.0846872
0.102582
0.0625047
0.145984
0.0829567
0.086843
0.134701
0.142879
0.0679107
0.14594
0.0702742
0.129186
0.182483
0.107334
0.122085
0.0743409
0.0673182
0.0673528
0.138287
0.0495235
0.0787718
0.0250354
0.20273
0.0910843
0.180844
0.0794885
0.0930296
0.0717652
0.100426
0.0808196
0.110077
0.0913363
0.170245
0.100259
0.176824
0.0771922
0.0729577
0.122452
0.28799
0.11088
0.0775944
0.2355
0.0438193
0.0723749
0.0503618
0.19819
0.0670886
0.18281
0.098311
0.0689352
0.0722686
0.0887544
0.08396
0.2659
0.0457807
0.260112
0.0876448
0.0900397
0.0748529
0.110487
0.0650638
0.104467
0.210716
0.0818858
0.0872759
0.0867598
0.0872028
0.182923
0.0774966
0.0633031
0.0974721
0.0962491
0.0570932
0.0934851
0.0559076
0.0873428
0.385948
0.0848719
0.118013
0.064981
0.475499
0.110358
0.101886
0.0716878
0.0750074
0.0753542
0.117116
0.056706
0.181674
0.124913
0.0937782
0.086843
0.0833709
0.454138
0.205166
0.0898911
0.0472549
0.178727
0.0640279
0.0641016
0.0996263
0.0370757
0.366188
0.0708461
0.0855356
0.109671
0.0937436
0.0833477
0.0366251
0.0761473
0.0699726
0.0891071
0.0882893
0.0975561
0.128623
0.128691
0.0803874
0.0922601
0.0566797
0.0733196
0.0745105
0.049448
0.102309
0.202828
0.0784082
0.108922
0.10182
0.114723
0.19485
0.304812
0.110294
0.134844
0.105025
0.106263
0.0438861
0.232859
0.198464
0.125022
0.079417
0.0697015
0.0749621
0.0625519
0.0904314
0.0926849
0.113448
0.0801459
0.0911822
0.106796
0.0899806
0.0430928
0.617016
0.330519
0.481297
0.149712
0.0735421
0.0344992
0.0919604
0.297159
0.115887
0.216407
0.306926
0.0632185
0.0988467
0.0964827
0.195776
0.248974
0.0541019
0.117374
0.079675
0.0956116
0.0404105
0.0707247
0.145771
0.452907
0.0558744
0.0646191
0.0909717
0.0812205
0.0957207
0.235072
0.116439
0.123311
0.0708569
0.0805898
0.0445332
0.0970326
0.0706359
0.100045
0.0719729
0.060034
0.0912051
0.136827
0.0912802
0.081445
0.0978941
0.0558315
0.127206
0.0924618
0.0604898
0.0717968
0.42132
0.0705445
0.0779912
0.0809987
0.0840295
0.0847279
0.0780607
0.0944998
0.116548
0.0848775
0.0576659
0.0785298
0.0667408
0.118897
0.30653
0.140692
0.100828
0.0517834
0.0675303
0.030424
0.116181
0.417592
0.0806381
0.106577
0.0675683
0.0865811
0.089721
0.0744578
0.0568097
0.0611102
0.0935887
0.129636
0.0747391
0.107621
0.0694595
0.0702641
0.1661
0.0393892
0.0827027
0.0912963
0.0799414
0.110659
0.111173
0.0830871
0.151314
0.118451
0.0849717
0.10793
0.0535811
0.0961278
0.0867859
0.0665036
0.0650162
0.206495
0.136068
0.083439
0.119863
0.141099
0.10345
0.168577
0.089711
0.0643507
0.100567
0.123713
0.093551
0.287779
0.0562994
0.0993137
0.165216
0.0874367
0.056157
0.1062
0.141547
0.109864
0.0445976
0.144127
0.0597047
0.0923708
0.0372922
0.0725579
0.156653
0.0402411
0.06558
0.112008
0.21825
0.0880439
0.134531
0.0657896
0.0935486
0.0709762
0.0485922
0.092604
0.122782
0.0889769
0.0674222
0.0781147
0.0778159
0.0783809
0.0622598
0.209961
0.0795509
0.0826601
0.0739777
0.0752074
0.0910767
0.0833189
0.0319527
0.0619531
0.0592635
0.102713
0.0907135
0.0269143
0.0833359
0.0577477
0.205148
0.092628
0.094232
0.0962404
0.0739872
0.103846
0.071995
0.0857797
0.0852928
0.101955
0.148529
0.0817169
0.0860393
0.113585
0.297134
0.0811411
0.0585209
0.12052
0.0649787
0.0969836
0.0668398
0.0868801
0.0795639
0.0594715
0.0989686
0.0827129
0.0619753
0.1994
0.0869224
0.186476
0.0592686
0.107034
0.0960185
0.117888
0.434041
0.0536467
0.0804891
0.0836142
0.073082
0.0714951
0.0387635
0.0772928
0.271097
0.0932423
0.166829
0.16727
0.0895139
0.0764783
0.0997227
0.112263
0.0753941
0.267486
0.0829731
0.0857443
0.143163
0.0931106
0.0559789
0.128434
0.0558054
0.103935
0.149277
0.104468
0.179169
0.0912518
0.181713
0.13715
0.0759291
0.115138
0.101427
0.457635
0.0791631
0.0840781
0.198707
0.111805
0.115046
0.117707
0.240741
0.0649544
0.0438605
0.0700803
0.0966376
0.095863
0.0391077
0.0394536
0.239068
0.0776333
0.0490835
0.0746373
0.0825881
0.108164
0.0605103
0.108978
0.061564
0.0546192
0.2141
0.22644
0.365114
0.107739
0.119188
0.14664
0.0344817
0.0962662
0.10914
0.098486
0.0372626
0.262224
0.11227
0.621569
0.162179
0.0837186
0.182926
0.0563304
0.58164
0.074327
0.0930377
0.0723083
0.0676838
0.0271675
0.0661739
0.0869705
0.104108
0.172387
0.0878557
0.0671853
0.114923
0.197583
0.122083
0.0466209
0.0654976
0.121298
0.0905353
0.0877608
0.0554362
0.134307
0.039276
0.0597503
0.0903807
0.05744
0.0808533
0.0655405
0.236893
0.0696272
0.11534
0.0709093
0.137176
0.0865601
0.0597912
0.0538917
0.0813254
0.0605952
0.261405
0.0799876
0.0765923
0.0578877
0.069238
0.112663
0.0700907
0.0815416
0.0374149
0.307679
0.159093
0.0818433
0.0683497
0.206863
0.0730344
0.0478381
0.0650115
0.0966249
0.0615624
0.06573
0.142115
0.0520832
0.0574779
0.0589458
0.121783
0.0596792
0.135557
0.0756217
0.0803417
0.0905723
0.0395058
0.0984746
0.0692352
0.090634
0.0474145
0.0551451
0.0766426
0.106484
0.0750042
0.109401
0.138013
0.369667
0.062455
0.0845137
0.159345
0.289593
0.100563
0.109038
0.0362444
0.194421
0.0882057
0.0446077
0.652025
0.0841967
0.0712309
0.394809
0.267436
0.115374
0.0774868
0.193848
0.0961637
0.43875
0.0800199
0.0512205
0.0692849
0.167415
0.0619115
0.0978753
0.24705
0.047146
0.210196
0.044507
0.0532269
0.0163588
0.0402528
0.197065
0.0552572
0.0608634
0.0857419
0.0563124
0.164403
0.110223
0.197254
0.072865
0.126745
0.068907
0.0848826
0.0698491
0.084
0.103203
0.0564819
0.0840869
0.0511692
0.0655449
0.160685
0.0634496
0.0903421
0.103496
0.102838
0.0625431
0.0573394
0.0348314
0.046364
0.126883
0.0689157
0.122715
0.0645676
0.0756437
0.0643044
0.167473
0.0484952
0.113914
0.0830064
0.0497804
0.0939254
0.214569
0.0619811
0.0935921
0.117734
0.136973
0.0366004
0.0846261
0.0709031
0.0729865
0.201529
0.0585699
0.0621197
0.0846074
0.0771427
0.118578
0.204604
0.0922348
0.0445612
0.0665269
0.116403
0.0716563
0.0553239
0.0747858
0.120217
0.0618711
0.0602328
0.109402
0.0968312
0.0964203
0.0814039
0.0433725
0.0537876
0.0994654
0.0608438
0.114606
0.0901244
0.0901929
0.0744683
0.0758322
0.0631378
0.524659
0.10604
0.0854041
0.0633896
0.192517
0.0923182
0.0995574
0.0592286
0.110493
0.1877
0.340527
0.0701795
0.0721906
0.119868
0.120533
0.0885881
0.0732347
0.0533337
0.0883218
0.0807595
0.0849982
0.0776906
0.0936802
0.247931
0.119509
0.0586829
0.0808634
0.0599673
0.136368
0.0897737
0.0712996
0.0937541
0.0766382
0.123882
0.428309
0.0562915
0.05971
0.066008
0.108255
0.0834462
0.0272442
0.0680169
0.108432
0.0606336
0.0865109
0.0512969
0.0927732
0.08304
0.0843119
0.0604716
0.0846042
0.0509206
0.062564
0.0547228
0.0704998
0.0369535
0.0569426
0.0725098
0.101624
0.310622
0.313571
0.0992731
0.0720763
0.0563927
0.105173
0.0530246
0.078436
0.0806752
0.157852
0.146006
0.124039
0.0309551
0.0486832
0.0532449
0.183258
0.089136
0.185742
0.0544816
0.123317
0.0844534
0.0761867
0.100046
0.0520127
0.0315196
0.0729867
0.0668432
0.0958878
0.0611416
0.104384
0.086804
0.0611244
0.0520399
0.170131
0.0500581
0.0987937
0.0813805
0.0811323
0.0337588
0.10554
0.153171
0.106017
0.0562362
0.136132
0.146269
0.0573876
0.104083
0.126001
0.0620909
0.0480977
0.075801
0.0910756
0.0512276
0.155686
0.052431
0.165241
0.111191
0.210842
0.0715853
0.106388
0.0866096
0.0551636
0.0907206
0.0769605
0.0719592
0.0334225
0.102916
0.118359
0.0743978
0.210527
0.0679614
0.141976
0.149504
0.0746729
0.0732461
0.0844342
0.218675
0.0693675
0.0819112
0.0698986
0.0693642
0.0871388
0.0805622
0.0498563
0.104693
0.0932376
0.115833
0.176837
0.240711
0.390265
0.0977364
0.0996219
0.21985
0.045873
0.0935442
0.0939087
0.118718
0.0869939
0.070324
0.178115
0.0534972
