0.237957
0.0774187
0.155944
0.110556
0.00550815
0.0897274
0.132374
0.149374
0.145566
0.173597
0.0715792
0.0890678
0.204656
0.10425
0.122802
0.202768
0.0923502
0.0668818
0.0402645
0.0625206
0.144627
0.11703
0.128251
0.0859737
0.124599
0.0609365
0.132553
0.1395
0.0565719
0.114042
0.0956803
0.0880871
0.152269
0.0737661
0.0825481
0.100194
0.0692951
0.144558
0.128391
0.154038
0.18946
0.106211
0.194236
0.0999687
0.110035
0.0876293
0.124103
0.109468
0.163377
0.0975163
0.0897613
0.12066
0.112894
0.0571981
0.042811
0.154144
0.0354769
0.115838
0.0215012
0.163913
0.0870644
0.0911218
0.036348
0.0896101
0.0686154
0.0854999
0.0939504
0.11348
0.0387031
0.0872588
0.10301
0.0974664
0.126036
0.0899748
0.180845
0.178952
0.0386013
0.0587088
0.0936436
0.142671
0.101947
0.0837835
0.05471
0.0795528
0.165748
0.162945
0.0609499
0.112489
0.0634177
0.10079
0.0307745
0.119244
0.0735564
0.0750371
0.051148
0.0945728
0.232791
0.186387
0.118154
0.0900827
0.164572
0.110554
0.0344896
0.110086
0.215367
0.0917203
0.0869309
0.0722089
0.134649
0.118551
0.222008
0.111203
0.0921906
0.248702
0.228604
0.0933195
0.088058
0.121272
0.0717167
0.172287
0.118972
0.138424
0.133855
0.11163
0.117294
0.0731436
0.170154
0.0665682
0.12478
0.0452758
0.126461
0.159624
0.144662
0.1007
0.139901
0.177803
0.0951441
0.0873087
0.166239
0.0266919
0.141052
0.107008
0.112338
0.0583794
0.0658741
0.131793
0.0557373
0.206229
0.142463
0.145674
0.0556435
0.188424
0.0414625
0.067632
0.0655594
0.0807638
0.0837268
0.187107
0.0416812
0.0896364
0.0436839
0.127515
0.116874
0.121324
0.0439946
0.135317
0.0578999
0.123178
0.189741
0.0768152
0.0885689
0.0879503
0.0933754
0.0532795
0.116113
0.161641
0.0527406
0.130468
0.047213
0.188007
0.0319164
0.0985665
0.104622
0.0631424
0.0705755
0.126518
0.109654
0.184026
0.0802092
0.0630295
0.180017
0.208127
0.196349
0.11955
0.16196
0.106059
0.100582
0.0569167
0.117738
0.127014
0.109574
0.117904
0.126424
0.0829783
0.209242
0.0659145
0.0890733
0.0322429
0.0782842
0.235864
0.0842815
0.172096
0.110794
0.0383477
0.112774
0.103959
0.158454
0.0363023
0.113714
0.0479765
0.0392535
0.13887
0.0866298
0.130413
0.0874457
0.0990778
0.108181
0.121459
0.0687418
0.121985
0.0734411
0.111257
0.15687
0.133034
0.14672
0.110374
0.0634789
0.216458
0.0575394
0.0727457
0.122711
0.112278
0.115594
0.102329
0.116403
0.135653
0.10867
0.0402643
0.0718955
0.169345
0.271925
0.0532336
0.103865
0.159747
0.152634
0.177198
0.0943019
0.0868333
0.121261
0.15477
0.158844
0.128564
0.0267546
0.156832
0.116577
0.065273
0.18096
0.0615922
0.124368
0.160128
0.0614656
0.0889526
0.104458
0.134226
0.104693
0.104118
0.0454075
0.091268
0.109961
0.073624
0.0764612
0.108648
0.0504135
0.131577
0.10179
0.0668555
0.190059
0.111095
0.0903428
0.0812973
0.0723943
0.164851
0.135316
0.0798125
0.22884
0.170352
0.148723
0.148816
0.116041
0.1224
0.282772
0.0549494
0.0931756
0.13289
0.186109
0.173172
0.0480624
0.0305064
0.164414
0.224147
0.105852
0.0434697
0.131098
0.0969832
0.0979147
0.137047
0.138204
0.105484
0.114647
0.025652
0.0937748
0.140082
0.0406245
0.168767
0.0667312
0.0886659
0.175126
0.0952225
0.194948
0.0993353
0.218469
0.125254
0.178869
0.0932396
0.134943
0.292155
0.167398
0.0247576
0.0850693
0.172271
0.150513
0.117628
0.171113
0.053454
0.119618
0.108131
0.136146
0.0651584
0.0571627
0.127204
0.0798421
0.0898736
0.106697
0.133361
0.0586233
0.110159
0.0736664
0.133471
0.120836
0.130007
0.0603488
0.048766
0.0871391
0.0628696
0.137588
0.0874417
0.119645
0.215702
0.121261
0.0702201
0.0676347
0.150145
0.161596
0.111364
0.125377
0.0597949
0.205584
0.216734
0.181297
0.164584
0.165408
0.107038
0.116509
0.126955
0.0531073
0.0884121
0.0994339
0.131374
0.0781512
0.0471912
0.1025
0.0927025
0.125679
0.0963779
0.129482
0.0921534
0.161693
0.0682848
0.0686049
0.203684
0.069399
0.150745
0.0980259
0.155862
0.121472
0.14565
0.124352
0.156817
0.10821
0.148789
0.115334
0.132668
0.129423
0.183118
0.155895
0.189063
0.143658
0.236963
0.101667
0.188383
0.0835768
0.109389
0.19134
0.122825
0.156367
0.129316
0.0598538
0.107691
0.144701
0.146303
0.116306
0.131027
0.152269
0.0635322
0.045723
0.0698181
0.0473698
0.0875615
0.160444
0.193783
0.141516
0.151587
0.228458
0.17468
0.0933188
0.0650797
0.12944
0.0520125
0.123879
0.0811668
0.0697528
0.108928
0.0972338
0.0893651
0.117261
0.108476
0.0937257
0.108695
0.140177
0.118346
0.0315402
0.0931348
0.04444
0.0248639
0.0269073
0.108815
0.0652372
0.0950637
0.140751
0.222793
0.0517445
0.118209
0.147981
0.083095
0.151202
0.102216
0.0795094
0.120675
0.0352419
0.223959
0.171298
0.0361287
0.106757
0.145781
0.126189
0.0552166
0.0987226
0.137764
0.0765427
0.0966226
0.118971
0.149751
0.132634
0.051637
0.111158
0.243593
0.0580888
0.109086
0.129249
0.0694732
0.0611784
0.154291
0.164762
0.151497
0.0897552
0.104536
0.102185
0.0457567
0.0851565
0.196836
0.0449719
0.10862
0.0767038
0.136146
0.121522
0.0807315
0.122595
0.118543
0.0771764
0.132866
0.0567097
0.145666
0.0777518
0.0471877
0.0509983
0.131567
0.0669971
0.0968707
0.0911928
0.0677772
0.229245
0.153292
0.0907225
0.0708971
0.0680602
0.0805085
0.111154
0.0953185
0.163735
0.0512216
0.0788447
0.117208
0.0804084
0.0659819
0.114977
0.104496
0.172493
0.193395
0.107724
0.0830099
0.0520729
0.10783
0.0637325
0.0359919
0.132602
0.187138
0.0215967
0.028375
0.10641
0.122229
0.168066
0.146216
0.055627
0.119455
0.046034
0.133984
0.0822607
0.109396
0.189956
0.1103
0.213351
0.131303
0.0432855
0.0778018
0.0617515
0.0941758
0.200713
0.0808876
0.0639532
0.0258343
0.0926108
0.0163006
0.124601
0.107458
0.117271
0.0684243
0.116838
0.0884535
0.0252756
0.0960761
0.098898
0.092384
0.140802
0.0654868
0.126912
0.0969943
0.094854
0.104886
0.0682532
0.153293
0.0829014
0.0592343
0.108491
0.108998
0.217697
0.0656636
0.0982106
0.132649
0.119944
0.156396
0.106886
0.0559242
0.0919947
0.0926602
0.0715449
0.0898632
0.135418
0.0605556
0.141002
0.16897
0.113921
0.133849
0.124656
0.0797354
0.0636548
0.165432
0.0290569
0.10004
0.121829
0.131391
0.0841894
0.130919
0.0828207
0.0899981
0.147945
0.0872494
0.169265
0.117172
0.0760525
0.108801
0.0826996
0.119933
0.0786746
0.111562
0.076294
0.0394709
0.0992374
0.122498
0.0776899
0.0950582
0.0641597
0.200586
0.0556191
0.0890951
0.130947
0.118164
0.17718
0.153459
0.154674
0.146538
0.174736
0.12616
0.118596
0.0798406
0.121765
0.188947
0.0830091
0.103454
0.0755392
0.117428
0.150953
0.085895
0.130474
0.0775464
0.18911
0.105692
0.166262
0.216427
0.0495752
0.030283
0.123222
0.0342674
0.0557959
0.12542
0.109664
0.0901626
0.152783
0.125049
0.0274283
0.0885619
0.127332
0.047004
0.116488
0.159871
0.0652009
0.128217
0.12423
0.126938
0.136906
0.0878307
0.10805
0.0929063
0.109482
0.155106
0.224816
0.180002
0.179031
0.0940199
0.11016
0.284494
0.0594178
0.0635909
0.0342543
0.0710939
0.065928
0.107825
0.152578
0.114215
0.113074
0.180301
0.115131
0.162024
0.136126
0.147269
0.219937
0.179187
0.0898931
0.0258934
0.139438
0.0250915
0.0667582
0.123737
0.0852655
0.149842
0.173328
0.123809
0.182122
0.0277146
0.0438632
0.0414178
0.102364
0.143879
0.140069
0.0212423
0.072666
0.117812
0.061971
0.0928789
0.0818873
0.168558
0.101493
0.112455
0.0796377
0.0698541
0.0988544
0.102599
0.143158
0.184345
0.200859
0.158998
0.0684261
0.113943
0.0456545
0.125427
0.23085
0.201933
0.105602
0.0528255
0.170529
0.0565398
0.121714
0.100747
0.0890584
0.0894881
0.10869
0.105916
0.0623494
0.156053
0.158371
0.135269
0.143378
0.0573628
0.169068
0.11408
0.1076
0.0980529
0.0979078
0.0819109
0.0691671
0.13411
0.176921
0.0852642
0.100426
0.0957144
0.0923453
0.128099
0.142027
0.115913
0.130956
0.0377462
0.0644651
0.116484
0.143203
0.124529
0.0938378
0.0609502
0.241974
0.0890505
0.120555
0.132551
0.119818
0.0961152
0.183628
0.153899
0.102337
0.0988696
0.0850074
0.0924661
0.0412208
0.19814
0.0410198
0.105508
0.0487549
0.0917278
0.130727
0.058056
0.0786084
0.165824
0.197705
0.0801771
0.0659544
0.162754
0.0824488
0.158327
0.0970146
0.119898
0.0756719
0.0628777
0.0796575
0.0679453
0.131168
0.0695202
0.128522
0.104631
0.157171
0.200721
0.0974098
0.0919602
0.0848618
0.056484
0.0296052
0.127537
0.0526736
0.184005
0.0879029
0.066248
0.149892
0.161592
0.0824841
0.0829205
0.0971346
0.103533
0.118461
0.121055
0.151467
0.101402
0.103777
0.106113
0.175986
0.0641171
0.134621
0.19035
0.0896524
0.0868785
0.0535527
0.0909916
0.112726
0.173572
0.0782744
0.104878
0.0542505
0.095879
0.144105
0.101388
0.102933
0.109622
0.0865606
0.121983
0.188847
0.039096
0.120462
0.0955675
0.0380377
0.172466
0.118409
0.130577
0.0491754
0.149006
0.238449
0.0977306
0.108233
0.053235
0.0813173
0.0886906
0.155929
0.106859
0.0858549
0.0358462
0.123411
0.121299
0.207318
0.0405776
0.124222
0.163978
0.0754018
0.118431
0.0403767
0.0458634
0.0785183
0.0691038
0.100874
0.0763839
0.0959425
0.0320334
0.0714302
0.17838
0.0760115
0.181804
0.128431
0.0498033
0.0947547
0.0791706
0.13331
0.0734941
0.0616544
0.098806
0.116954
0.231777
0.154566
0.109322
0.134154
0.121225
0.160387
0.078447
0.0782494
0.140679
0.106192
0.064121
0.104516
0.14146
0.054947
0.0776216
0.157216
0.0761706
0.112775
0.0899403
0.0936356
0.115392
0.0690032
0.150231
0.112674
0.0813362
0.0355126
0.134588
0.171446
0.187922
0.0468864
0.0664504
0.0810769
0.157646
0.18429
0.161112
0.177782
0.122784
0.11146
0.120701
0.148986
0.132252
0.0376248
0.20849
0.0311751
0.066571
0.183498
0.205588
0.170365
0.0528143
0.0975804
0.0534006
0.256995
0.100145
0.0859826
0.056369
0.0748239
0.113752
0.0957315
0.0584711
0.0796282
0.133462
0.0875137
0.11758
0.0823805
