0.0507132
0.0795223
0.0564832
0.0766567
0.0562338
0.0238466
0.0682874
0.0789356
0.065052
0.121382
0.178092
0.0505129
0.247704
0.0478928
0.143764
0.0495426
0.03941
0.106472
0.182156
0.112681
0.0553408
0.189288
0.0494218
0.232641
0.058597
0.156724
0.0466609
0.0612315
0.0404724
0.0490613
0.349524
0.0585863
0.0911128
0.0536428
0.0629344
0.0753017
0.121182
0.0393124
0.0521438
0.0720272
0.0618701
0.0667764
0.19925
0.0796657
0.0401899
0.0409471
0.0302003
0.0461896
0.0227581
0.0506638
0.0484051
0.057264
0.0730291
0.0189619
0.0579767
0.0514043
0.036039
0.0284847
0.280849
0.0716543
0.42805
0.0390704
0.084249
0.0665578
0.0444438
0.0571672
0.0458038
0.0688563
0.0848502
0.0734062
0.0616217
0.0508651
0.0435447
0.395948
0.175329
0.0878986
0.071825
0.0263534
0.038485
0.20616
0.174201
0.0434696
0.0326536
0.0718734
0.0438241
0.033671
0.388392
0.11939
0.0433931
0.0713976
0.065559
0.0326745
0.0569348
0.0689315
0.108055
0.133458
0.0312118
0.0479292
0.0529998
0.0509629
0.0762872
0.0579341
0.05391
0.176372
0.0978251
0.486853
0.0511727
0.068118
0.0568024
0.329557
0.0804189
0.0507227
0.0574973
0.0638572
0.0490758
0.103184
0.0389535
0.0608253
0.0645681
0.0682482
0.359094
0.106157
0.0556548
0.075253
0.0603987
0.0623743
0.0501656
0.339888
0.0693803
0.118481
0.0340381
0.182334
0.0506372
0.0428903
0.0612371
0.0636634
0.0731882
0.0559255
0.223623
0.0491216
0.0640269
0.269486
0.0747696
0.188793
0.128118
0.120254
0.0792363
0.0415834
0.0775437
0.0411369
0.0852607
0.324248
0.230286
0.0806047
0.287085
0.139478
0.0700602
0.15176
0.123082
0.0419552
0.144953
0.315475
0.0501166
0.118737
0.0466558
0.0389839
0.0853058
0.0448383
0.204476
0.0458893
0.0955676
0.169386
0.0376466
0.0999978
0.0930663
0.282679
0.0627278
0.11954
0.219734
0.0498353
0.0504141
0.0725715
0.0726171
0.0278179
0.1505
0.0432624
0.067036
0.269692
0.120373
0.399057
0.0550891
0.0816455
0.0425031
0.342705
0.10279
0.0537326
0.0392747
0.0578975
0.0469149
0.0865646
0.0295643
0.0849109
0.0511923
0.040017
0.0491279
0.2912
0.0523563
0.0484287
0.0425201
0.0858465
0.0354905
0.159722
0.0510995
0.0614822
0.0625796
0.0865303
0.0769483
0.0492732
0.332063
0.0443441
0.0816504
0.111951
0.097897
0.202026
0.0711693
0.0325782
0.0363459
0.0367594
0.0874025
0.0441482
0.301467
0.0541123
0.0474832
0.0416215
0.0732273
0.180794
0.0922184
0.0778736
0.463406
0.150165
0.0248426
0.0237359
0.161929
0.0445116
0.0330004
0.0823117
0.130329
0.256859
0.054035
0.0573949
0.0320208
0.0540771
0.272892
0.0663393
0.105212
0.078125
0.0395986
0.0501156
0.448585
0.0809798
0.0375699
0.0496125
0.0911674
0.0454497
0.352443
0.126184
0.164223
0.0518081
0.0344754
0.0518416
0.0597039
0.0641307
0.213827
0.0553706
0.0471558
0.0398073
0.0385428
0.0665502
0.0583854
0.0436074
0.0459058
0.0696486
0.0775539
0.141925
0.0719121
0.0548064
0.0578185
0.0540174
0.307394
0.0363641
0.155568
0.0612573
0.139904
0.109915
0.0638917
0.0569424
0.0465005
0.0425579
0.0634243
0.0702348
0.310287
0.103814
0.0573128
0.0587176
0.0482384
0.0989866
0.071324
0.0518096
0.0910691
0.0348739
0.0629447
0.0377374
0.0453821
0.116816
0.119266
0.333346
0.0379567
0.110651
0.045832
0.0505255
0.0595175
0.0414489
0.121826
0.138752
0.0661184
0.0221843
0.106328
0.0619363
0.0742491
0.0647167
0.0342341
0.0874792
0.0396471
0.23164
0.0616343
0.0532317
0.0567759
0.0708234
0.0765361
0.117684
0.0623862
0.267589
0.0516073
0.0408263
0.0539273
0.0334092
0.0970843
0.0613143
0.207332
0.259992
0.139583
0.0436222
0.180522
0.12505
0.044606
0.078877
0.0235178
0.0973449
0.053898
0.0904431
0.0662578
0.410437
0.103285
0.0424544
0.389379
0.0495501
0.0457878
0.088678
0.116787
0.202979
0.0573327
0.0493308
0.0745853
0.34279
0.0669655
0.301358
0.223783
0.0639345
0.0376457
0.0739515
0.0255045
0.058506
0.062532
0.113072
0.0629703
0.262521
0.0531163
0.0390394
0.042981
0.0539131
0.0679815
0.0536727
0.137619
0.0500022
0.0685123
0.041352
0.0435412
0.0795761
0.0759018
0.0267073
0.120906
0.104913
0.0885457
0.0756435
0.116033
0.142053
0.0664218
0.055491
0.549844
0.0723691
0.0566114
0.0430829
0.0561059
0.0670094
0.121904
0.0581578
0.0767445
0.0541542
0.0473865
0.0488189
0.0354472
0.0349841
0.132305
0.0688901
0.0389804
0.0514285
0.0492397
0.111928
0.0740401
0.496505
0.0440614
0.16826
0.0453844
0.0730099
0.0617301
0.175369
0.036425
0.223839
0.0516612
0.115041
0.298825
0.0287024
0.0602513
0.0432345
0.0710607
0.0559779
0.0383153
0.046049
0.0582039
0.0978845
0.0576798
0.0639827
0.0901904
0.0598584
0.0682001
0.0403479
0.0528889
0.0528813
0.0507668
0.0514331
0.0486375
0.0779257
0.0526257
0.0549388
0.117658
0.0797033
0.231097
0.0572457
0.0584656
0.145667
0.352961
0.0580914
0.0560958
0.0970884
0.176603
0.0493023
0.0419968
0.0540735
0.0680726
0.049201
0.331016
0.191063
0.228998
0.305727
0.0493534
0.0526977
0.0580586
0.0523157
0.0367189
0.427592
0.319908
0.0344276
0.0465792
0.343004
0.267705
0.0438929
0.223396
0.0614252
0.0780945
0.162428
0.0500901
0.148049
0.0486483
0.0385663
0.0568805
0.0618119
0.109113
0.0504887
0.0837685
0.0612078
0.152194
0.147847
0.0408249
0.0848329
0.0720712
0.0485755
0.0465367
0.0570338
0.156782
0.0677771
0.0938383
0.120748
0.0743951
0.0658228
0.0381861
0.117673
0.0668436
0.0910849
0.0542609
0.0440331
0.0422804
0.038283
0.0547105
0.227131
0.0487993
0.0378391
0.567447
0.0669802
0.374838
0.0474531
0.0812084
0.19115
0.0616002
0.500525
0.0465489
0.0703083
0.0560028
0.0526088
0.0518785
0.157321
0.0569262
0.0855228
0.280168
0.0619194
0.0518997
0.0403086
0.137163
0.0473043
0.0831084
0.238598
0.218717
0.046349
0.0440794
0.0581219
0.0796841
0.0757277
0.110709
0.111567
0.0446855
0.321487
0.126634
0.0610578
0.0597938
0.0561895
0.247358
0.0554783
0.0416518
0.267226
0.199478
0.127816
0.076302
0.0266044
0.446019
0.0546788
0.130448
0.0662657
0.111927
0.0323206
0.0488619
0.0442483
0.118865
0.10943
0.0924357
0.143455
0.513691
0.469028
0.0503973
0.0377103
0.0610173
0.0468679
0.522982
0.0399394
0.0958707
0.0392875
0.0561098
0.0460123
0.164658
0.0353323
0.0818382
0.0695069
0.0699556
0.0856761
0.0910491
0.103795
0.0564395
0.341819
0.0861524
0.0403564
0.0954774
0.0712971
0.105306
0.0464644
0.0670799
0.0716825
0.1387
0.20225
0.0332234
0.048276
0.0903307
0.101355
0.101081
0.167998
0.35485
0.220528
0.522201
0.0454828
0.426805
0.218375
0.0608719
0.0613559
0.385531
0.237357
0.0264622
0.0671962
0.0479366
0.0451481
0.0382201
0.0798724
0.16213
0.224076
0.0779083
0.146667
0.100616
0.0416068
0.0871073
0.104518
0.0533365
0.0419646
0.450924
0.0525068
0.180776
0.0818728
0.055306
0.0472254
0.0748333
0.0475941
0.105806
0.0932373
0.049007
0.0554418
0.20434
0.0434366
0.0607848
0.0576145
0.0600449
0.460377
0.122742
0.0350192
0.0330205
0.0589863
0.0941578
0.0635058
0.248419
0.107875
0.0432383
0.091969
0.043604
0.0583427
0.0958711
0.0548186
0.0383967
0.0455432
0.0970653
0.112492
0.151069
0.0341823
0.0596011
0.049145
0.104055
0.134945
0.0370249
0.0423085
0.44782
0.0487
0.0638831
0.170449
0.108377
0.585568
0.0648197
0.0665864
0.0454889
0.0310014
0.0390976
0.345073
0.0913087
0.600269
0.0980666
0.0415028
0.0619823
0.08235
0.263153
0.0611434
0.0190366
0.323022
0.0524602
0.0752111
0.107507
0.127936
0.0350664
0.0345053
0.0465431
0.0458983
0.0537031
0.0614184
0.0506803
0.0452874
0.0441609
0.119025
0.071921
0.329844
0.0708227
0.0589538
0.0522714
0.0588601
0.0619179
0.0403113
0.0557615
0.0457064
0.0429079
0.309504
0.236561
0.0522974
0.107276
0.0730849
0.314192
0.166408
0.327695
0.090729
0.0693234
0.140503
0.114811
0.0854332
0.257364
0.0382046
0.0697653
0.0542865
0.0446824
0.0296944
0.0959316
0.0976272
0.355528
0.0487844
0.31678
0.0333211
0.2725
0.0618066
0.0684878
0.0568985
0.0439407
0.100493
0.0627627
0.0486232
0.0438889
0.0431384
0.0455632
0.0788725
0.136918
0.0879752
0.141641
0.409419
0.0440673
0.144798
0.0625818
0.282674
0.442808
0.0554791
0.0405829
0.0652001
0.320989
0.121573
0.0604667
0.148944
0.0638923
0.0363073
0.0432662
0.0460044
0.0807528
0.0836444
0.0571553
0.0787103
0.0562784
0.146982
0.0372063
0.0497934
0.0384809
0.0627674
0.130909
0.162567
0.0704827
0.0670722
0.194099
0.0912994
0.124381
0.0574039
0.0912692
0.0557727
0.0338511
0.0631571
0.0671691
0.159637
0.339163
0.0741996
0.0854403
0.0490582
0.467145
0.0521957
0.077524
0.0518409
0.057121
0.112573
0.0600715
0.0603411
0.0543715
0.047982
0.115256
0.0314975
0.0699978
0.0549706
0.11539
0.0488156
0.358167
0.083338
0.106973
0.0931914
0.0490877
0.055133
0.0600534
0.0306754
0.0279839
0.160274
0.0568927
0.28847
0.0372538
0.199341
0.0435028
0.257877
0.141572
0.102232
0.201015
0.0447966
0.0491932
0.126111
0.0550671
0.0786961
0.0502131
0.0659032
0.0517937
0.0711752
0.198196
0.0578312
0.121453
0.0744928
0.356039
0.247037
0.224772
0.0837646
0.42621
0.102026
0.405737
0.0588327
0.113624
0.0513759
0.0473169
0.108125
0.0607424
0.37825
0.0665075
0.180821
0.0475666
0.0650374
0.0825398
0.0965389
0.100835
0.0844339
0.168688
0.0580533
0.0462777
0.189453
0.0554017
0.0220014
0.0707969
0.0559334
0.0350708
0.203322
0.468251
0.046401
0.044003
0.125648
0.296646
0.0842968
0.0618654
0.0850347
0.0901709
0.045004
0.0952916
0.0652595
0.035826
0.0315216
0.0336375
0.123637
0.0946042
0.0480528
0.281986
0.0580137
0.073401
0.279657
0.0347088
0.0578017
0.1828
0.0450288
0.114597
0.127183
0.0609206
0.08518
0.0858766
0.0324833
0.0665996
0.0592508
0.0824123
0.0553196
0.0460267
0.0697373
0.394996
0.067362
0.0249668
0.0409916
0.0592865
0.0514059
0.0880276
0.0909025
0.0492355
0.0469383
0.0546664
0.0420189
0.0507358
0.0336799
0.038327
0.0621912
0.201641
0.10503
0.0916947
0.0290846
0.0527341
0.101564
0.0297644
0.134565
0.0535661
0.0471066
0.0584073
0.0493929
0.085648
0.195113
0.056772
0.0425018
0.0379483
0.0499298
0.0783891
0.237425
0.031033
0.117075
0.0814751
0.115909
0.0544543
0.134851
0.0478627
0.0564488
0.0305667
0.0812138
0.410424
0.0833262
0.150786
0.0607669
0.0600968
0.0893573
0.280813
0.0531506
0.0710599
0.0645048
0.0627395
0.0572623
0.615898
0.101617
0.0554271
0.0797197
0.0530395
0.040143
0.0841123
0.175168
0.0576642
0.0583581
0.580779
0.0391474
0.104619
0.126784
0.0743705
0.10388
0.31027
0.0711036
0.0423549
0.0501799
0.0534475
0.122776
0.0354034
0.0923889
0.0502189
0.0509037
0.0315366
0.0531338
0.221286
0.107949
0.374845
0.643181
0.480673
0.0481851
0.371451
0.0386221
0.0413475
0.0370884
0.140947
0.257218
0.0837898
0.0515614
0.0393505
0.0989572
0.0592466
0.169536
0.098629
0.0489798
0.0631003
0.0384644
0.0624037
0.0841337
0.154014
0.0772497
0.316113
0.0757628
0.0957507
0.087127
0.2644
0.0475642
0.0419229
0.0505331
0.320865
0.0763643
0.082415
0.0431177
0.0980478
0.0512933
0.0825355
0.0905091
0.0223561
0.103502
0.0689243
0.160793
0.249963
0.088151
0.0326016
0.0399534
0.0551435
0.0476911
0.107871
0.0747309
0.10244
0.0651089
0.0811448
0.0317995
0.0467325
0.0444789
0.0222916
0.0300238
0.0336724
0.146514
0.05597
0.214974
0.0291998
0.0280424
0.0316328
0.0659001
0.0638759
0.0174482
0.0796333
0.152102
0.136287
0.132345
0.0237929
0.0484739
0.0645096
0.0428567
0.189506
0.157734
0.256057
0.0770613
0.104102
0.0715398
0.0339465
0.111734
0.0377453
0.0526392
0.0602431
0.0796441
0.118022
0.0394742
0.0574465
0.046223
0.060478
0.0444002
0.0524749
0.0542783
0.0598847
0.063428
0.0832267
0.068452
0.0788707
0.0841148
0.0713647
0.0517513
0.0369682
0.0293626
0.160044
0.448698
0.0189595
0.034687
0.0395261
0.105075
0.053834
0.0922496
0.252011
0.0397573
0.0703743
0.0517791
0.0834257
0.102796
0.0417758
0.0328815
0.445064
0.0403248
0.169243
0.120043
0.0859259
0.0546831
0.0718638
0.0441633
0.0466499
0.154501
0.200312
0.0343028
0.0440438
0.0484926
0.0662042
0.0218631
0.0399527
0.0984362
0.0676233
0.0578294
0.0610249
0.113873
0.0712966
0.463952
0.0515824
0.0662994
0.137679
0.0405045
0.0587664
0.053654
0.45815
0.0645866
0.0375181
0.0542774
0.144732
0.0334563
0.358338
0.164088
0.0314755
0.062356
0.0401893
0.0539838
0.0372055
0.0519053
0.169615
0.0778275
0.0598933
0.0857843
0.200796
0.134653
0.151796
0.0729694
0.340751
0.155029
0.0328457
0.272258
0.0673598
0.054499
0.174029
0.206342
0.0714431
0.0581857
0.034622
0.0614635
0.101421
0.068064
0.0492837
0.0373129
0.113797
0.060427
0.0529093
0.0569039
0.392961
0.0564098
0.0384378
0.091869
0.226591
0.0376094
0.049985
0.0912351
0.0701098
0.0696417
0.110882
0.0323432
0.0857119
0.0719007
0.338306
0.0526134
0.0607468
0.0362269
0.0573038
0.0834586
0.0342892
0.0908075
0.0535256
0.0489789
0.0310169
0.238576
0.095273
0.529103
0.0578018
0.0734407
0.0451817
0.0486975
0.0691728
0.0625179
0.0651272
0.0494842
0.040119
0.182529
0.0560126
0.0517974
0.027268
0.0558654
0.307368
0.0472926
0.0331752
0.107964
0.143137
0.0316795
0.384529
0.0698353
0.0818755
0.076492
0.111241
0.0715399
0.0289304
0.103611
0.061037
0.0624766
0.0509345
0.0702681
0.0732413
0.456157
0.0543033
0.075263
0.0499796
0.0334327
0.0379643
0.108736
0.310042
0.0588581
0.043462
0.195354
0.0502958
0.0687761
0.0613234
0.0464316
0.0661566
0.059803
0.0861901
0.123973
0.0648011
0.050551
0.362049
0.0421745
0.175246
0.0739209
0.0663454
0.0441235
0.137228
0.0843553
0.124524
0.0624152
0.0845058
0.385565
0.075747
0.124964
0.114259
0.0575981
0.0366433
0.0268075
0.055338
0.124666
0.0458698
0.199395
0.112201
0.140431
0.0494724
0.275694
0.0921459
0.0432054
0.111114
0.136787
0.256632
0.0758747
0.1926
0.141625
0.179487
0.0226081
0.0653934
0.064259
0.0473126
0.0532071
0.0551342
0.155794
0.088793
0.061585
0.0487967
0.0389286
0.0387317
0.0427548
0.123999
0.0380175
0.0461366
0.130574
0.126193
0.135787
0.0964475
0.114314
0.0495079
0.047533
0.0660348
0.0557285
0.199058
0.055471
0.0343165
0.0436231
0.0525961
0.0653868
0.0362033
0.0974103
0.0892463
0.040272
0.0469776
0.0652294
0.058696
0.0680268
0.130904
0.074999
0.0508226
0.0425401
0.227963
0.0924108
0.0576052
0.0639298
0.0471838
0.0448868
0.0563776
0.0358781
0.615825
0.080738
0.109878
0.0711623
0.0586573
0.197295
0.0332203
0.440777
0.102949
0.0381907
0.124784
0.0585958
0.0704174
0.0415572
0.0462931
0.0628987
0.258584
0.298691
0.0456858
0.0330619
0.125778
0.260187
0.0518796
0.0861668
0.077718
0.09633
0.0568798
0.246627
0.034028
0.140005
0.0673948
0.116548
0.110659
0.139334
0.0481272
0.249615
0.116093
0.0556001
0.125642
0.0513123
0.0883961
0.206242
0.0638806
0.0950656
0.0934114
0.0589961
0.160103
0.031976
0.0559875
0.193692
0.0685597
0.109406
0.032695
0.259608
0.497891
0.237697
0.0862251
0.0726664
0.175074
0.0510064
0.0371375
0.15186
0.230881
0.308541
0.0539877
0.0578046
0.0697633
0.0519033
0.175861
0.079242
0.0650355
0.0594341
0.389642
0.0583968
0.060559
0.0906038
0.0387108
0.118855
0.0588378
0.0355631
0.0730295
0.0809767
0.0474936
0.0502766
0.124904
0.0644231
0.0744408
0.0457627
0.0295946
0.119804
0.0483421
0.0642734
0.0474176
0.063532
0.0666988
0.0476584
0.0712129
0.0543202
0.0372908
0.289675
0.0605595
0.350935
0.0550848
0.0455067
0.0449047
0.0630265
0.164636
0.0887087
0.10341
0.0363111
0.064655
0.182227
0.0478493
0.0900314
0.0530232
0.0547252
0.19314
0.126021
0.0939238
0.0453118
0.0372237
0.0644246
0.0555125
0.055551
0.0516291
0.464551
0.0491323
0.0530197
0.418638
0.0403526
0.0694589
0.217602
0.231001
0.117508
0.0748289
0.250839
0.229371
0.347876
0.0404581
0.0809752
0.09819
0.122122
0.0218406
0.0812614
0.0747538
0.0457598
0.33005
0.0653094
0.315938
0.0348745
0.0664153
0.054459
0.0777541
0.0291362
0.38412
0.0614426
0.114907
0.0990543
0.064279
0.0407093
0.0594723
0.0408645
0.0559633
0.063352
0.069285
0.0348023
0.055461
0.105349
0.168392
0.0811945
0.43695
0.0463555
0.348689
0.081702
0.0551672
0.048689
0.042453
0.14432
0.363264
0.260363
0.0281552
0.38467
0.0892749
0.0649406
0.0650171
0.0780466
0.0565742
0.088761
0.0485732
0.172837
0.130891
0.0440182
0.452625
0.0414755
0.0510012
0.0548132
0.0942527
0.165353
0.0474793
0.0880408
0.0521542
0.0609051
0.041546
0.0734677
0.0667298
0.0595661
0.0360669
0.202476
0.0356075
0.0265747
0.0787561
0.109818
0.070106
0.0441898
0.0506332
0.0514288
0.0709296
0.0580224
0.0486589
0.10661
0.0717537
0.0668467
0.131707
0.0451761
0.0682388
0.0712374
0.0731242
0.0412384
0.0964099
0.0590595
0.0477237
0.183627
0.162663
0.11617
0.0963412
0.0649792
0.0659577
0.0807588
0.066216
0.0333194
0.0557487
0.0418638
0.37503
0.159978
0.068912
0.054646
0.0881686
0.0500247
0.0567269
0.0527423
0.0955923
0.0603823
0.113917
0.075243
0.188025
0.0468907
0.0611557
0.0536546
0.0615684
0.0405906
0.185826
0.128986
0.0644346
0.0326198
0.160625
0.0989691
0.175993
0.37972
0.0753406
0.0428361
0.0436384
0.114501
0.0355856
0.0550296
0.0489508
0.0402644
0.0504949
0.0508486
0.0581923
0.0567386
0.0606128
0.0423109
0.0499025
0.041287
0.0532639
0.107401
0.0406199
0.0736792
0.0685779
0.0443396
0.0338382
0.057534
0.0550012
0.0681189
0.0478467
0.0385796
0.135423
0.043198
0.129311
0.065383
0.279466
0.281073
0.0522259
0.0679941
0.414132
0.228683
0.0345075
0.061867
0.068701
0.0422376
0.0465512
0.0528052
0.0474134
0.122
0.0390837
0.0429195
0.032265
0.0723556
0.0580172
0.162041
0.0598039
0.0507301
0.0887727
0.044876
0.0781953
0.437572
0.0531428
0.0355442
0.0556167
0.187528
0.0476668
0.0637089
0.059787
0.0542672
0.0309945
0.0369866
0.0495047
0.053689
0.236523
0.0579663
0.251055
0.0393052
0.0841766
0.105972
0.147449
0.0332938
0.0489359
0.0608308
0.0479778
0.0589095
0.0605296
0.0898932
0.171602
0.0639152
0.331872
0.113314
0.245849
0.0403341
0.0845766
0.052303
0.0588608
0.0435825
0.0730958
0.0601887
0.0440385
0.0844627
0.24715
0.0781981
0.0579183
0.486487
0.0417509
0.0405412
0.0964275
0.0939375
0.0539538
0.0601299
0.0564587
0.0507615
0.0969715
0.233158
0.173676
0.0564388
0.0932742
0.067969
0.371469
0.0448434
0.0515888
0.240807
0.0454856
0.0457943
0.203601
0.072167
0.121614
0.0382695
0.0864486
0.0497103
0.0987056
0.0332903
0.0607127
0.0708122
0.0363855
0.0585729
0.200269
0.0641243
0.0523351
0.0534074
0.0969571
0.56428
0.286444
0.0831645
0.0473266
0.0494208
0.0425051
0.42645
0.0622002
0.277496
0.0380696
0.0431581
0.157148
0.0362369
0.378352
0.033854
0.135799
0.0488956
0.0694552
0.0541016
0.0880318
0.0957751
0.0537452
0.0468569
0.0812384
0.0412185
0.048715
0.146534
0.0156343
0.0957778
0.207585
0.0624244
0.170462
0.047972
0.113054
0.0650229
0.526434
0.0409185
0.0914273
0.0365361
0.0426271
0.11977
0.0429165
0.513681
0.0819707
0.0421786
0.0559041
0.0581713
0.394623
0.13399
0.0757373
0.0427005
0.05354
0.0458985
0.0623316
0.0865422
0.0527082
0.0547573
0.0308974
0.0551202
0.100347
0.0827183
0.0565865
0.0679989
0.102039
0.0810216
0.0520035
0.0687931
0.0447911
0.0803375
0.112566
0.0495554
0.0484264
0.380682
0.072916
0.192297
0.291567
0.0724193
0.0443722
0.0629029
0.276242
0.0642176
0.043742
0.0749379
0.227129
0.0403562
0.0616425
0.0461423
0.0841995
0.0438109
0.0463712
0.149001
0.0963656
0.3963
0.305829
0.0775607
0.0694457
0.0525138
0.0655478
0.106762
0.0468904
0.0356124
0.0454201
0.0744062
0.0498798
0.041613
0.0540454
0.0945722
0.026188
0.0525957
0.159066
0.061863
0.106566
0.0260831
0.118581
0.306034
0.348242
0.0887814
0.106331
0.0466208
0.140196
0.0463321
0.0893659
0.0704995
0.165468
0.134009
0.118041
0.0403742
0.518668
0.0679447
0.034113
0.348582
0.598204
0.0406876
0.0528675
0.0465748
0.0476765
0.364995
0.0462532
0.0652373
0.0598783
0.0819335
0.0571607
0.0748102
0.383479
0.0438117
0.227732
0.147449
0.0832931
0.0475948
0.0504541
0.0682235
0.0569148
0.0482698
0.0624778
0.0313429
0.0647741
0.0461466
0.0421438
0.0417525
0.243577
0.0927099
0.0437998
0.0350721
0.210486
0.0563541
0.066919
0.0564522
0.0796255
0.129825
0.0506119
0.0558307
0.0588362
0.0523598
0.104296
0.0466425
0.0458052
0.134597
0.14507
0.0339385
0.0591212
0.0484222
0.0471029
0.0459024
0.107349
0.0627496
0.057942
0.111529
0.0716792
0.134452
0.0467745
0.0723466
0.211308
0.125479
0.381569
0.522043
0.0580935
0.105059
0.286771
0.0634231
0.17597
0.222936
0.149979
0.0486607
0.0854181
0.0457536
0.105304
0.101836
0.0450269
0.265627
0.0707933
0.0864375
0.205184
0.056297
0.0225416
0.0564799
0.0798311
0.0450188
0.0890597
0.0202106
0.0461555
0.0625265
0.0338033
0.0854177
0.0810181
0.295649
0.0972813
0.0679116
0.388319
0.134235
0.196643
0.04857
0.169269
0.0463792
0.0537711
0.0620021
0.0449343
0.0577703
0.0276833
0.0907245
0.0986165
0.0510996
0.0900383
0.0722679
0.0681018
0.0381947
0.0420892
0.0456613
0.0584021
0.0526504
0.0463598
0.0981393
0.0763441
0.0449864
0.045017
0.0634128
0.0644563
0.263845
0.0424845
0.0344284
0.0527154
0.0666477
0.0384381
0.237056
0.0899288
0.101019
0.0799507
0.0533752
0.090777
0.0889874
0.228329
0.0738923
0.0647027
0.586277
0.0503452
0.0550338
0.048653
0.0336409
0.0210559
0.173169
0.0532857
0.0477697
0.0604491
0.119891
0.472509
0.102291
0.116449
0.058009
0.0552742
0.0365783
0.274865
0.0321753
0.138961
0.0453549
0.122311
0.0608094
0.0420099
0.26885
0.0893985
0.0521968
0.0601669
0.0958737
0.094397
0.164199
0.0465277
0.0541909
0.0755637
0.20659
0.114142
0.260181
0.221626
0.194972
0.0621236
0.0656357
0.10012
0.0604929
0.154318
0.196016
0.0874266
0.103201
0.0421087
0.0471499
0.392535
0.281098
0.0483313
0.0435103
0.12065
0.0667208
0.184279
0.0435527
0.208092
0.075093
0.0438954
0.0566771
0.0480321
0.0615584
0.055308
0.0498464
0.0503292
0.0783395
0.0495718
0.568403
0.0771707
0.0592609
0.0515833
0.194049
0.0773645
0.0640514
0.090582
0.0602093
0.0541048
0.123361
0.0675752
0.0510774
0.215485
0.137204
0.203195
0.129988
0.0578197
0.119913
0.156726
0.118765
0.0573545
0.0161176
0.0989047
0.0536123
0.184645
0.0267502
0.0406341
0.027758
0.0400352
0.207747
0.0745512
0.0382497
0.0646375
0.0554965
0.121801
0.126058
0.0656075
0.0731672
0.0504013
0.0611691
0.25649
0.0740808
0.0568666
0.0416907
0.0570449
0.0889422
0.0796551
0.0275683
0.0480289
0.031236
0.0605522
0.0718219
0.0244515
0.0493668
0.105019
0.0530019
0.0508142
0.0929538
0.0451626
0.306706
0.0544049
0.079624
0.0521311
0.0604772
0.050556
0.0779334
0.0687197
0.0498743
0.0442397
0.0671231
0.15112
0.0931104
0.0541976
0.369122
0.047616
0.0392868
0.106059
0.0578117
0.0416854
0.0595125
0.0397378
0.0499707
0.100733
0.191045
0.437005
0.0382617
0.0945552
0.0611294
0.0430742
0.0564948
0.0530847
0.102226
0.0574442
0.0678302
0.0369185
0.0405336
0.0983834
0.0979589
0.0574176
0.0895113
0.0479255
0.036567
0.204134
0.0415187
0.0627498
0.195928
0.0253885
0.195827
0.0456579
0.152554
0.0499865
0.0483942
0.0529005
0.0470573
0.030957
0.127439
0.120646
0.0527903
0.500324
0.0339991
0.0542163
0.0870687
0.082605
0.0559811
0.0503209
0.102973
0.0436777
0.163211
0.0533114
0.0630036
0.0725055
0.228691
0.0921701
0.128428
0.0483374
0.0396946
0.0960925
0.234528
0.36586
0.0952717
0.138258
0.0467105
0.036873
0.0944008
0.0454772
0.102814
0.0842212
0.038609
0.0821571
0.058236
0.0606794
0.0381022
0.0918067
0.439581
0.0643821
0.157291
0.16925
0.124098
0.110075
0.0369549
0.0579789
0.0506041
0.0629797
0.259059
0.0486624
0.044184
0.0374153
0.0327371
0.0479403
0.0524557
0.0646836
0.0410485
0.112509
0.0472214
0.0386617
0.0849831
0.0290708
0.0615011
0.0571976
0.0518651
0.0467833
0.0446895
0.0856601
0.055128
0.0720754
0.0697031
0.0606785
0.103632
0.0792016
0.25919
0.0548438
0.0574566
0.356302
0.069035
0.0829284
0.0402052
0.0706484
0.154662
0.0643385
0.0582266
0.048742
0.0856157
0.0488872
0.0512201
0.115987
0.544979
0.0548683
0.0391763
0.0482506
0.0510602
0.153784
0.0725763
0.0478017
0.273466
0.0426945
0.0837781
0.0367125
0.377111
0.0880457
0.0408953
0.0419011
0.0564671
0.0258444
0.301403
0.0477674
0.0912042
0.129271
0.0452443
0.0320832
0.47255
0.0419057
0.0817116
0.0599454
0.0770606
0.0484261
0.0589996
0.0570024
0.0394889
0.0500639
0.0413415
0.0530175
0.0598372
0.0604431
0.108702
0.0381005
0.0477523
0.0589792
0.0660236
0.229532
0.125298
0.0517836
0.0607165
0.0442838
0.0909123
0.0546086
0.195128
0.0467826
0.0392622
0.0565314
0.120016
0.0719722
0.306067
0.0458776
0.0421293
0.10815
0.0564421
0.0585726
0.0350067
0.214634
0.346012
0.0751558
0.0969142
0.142418
0.0979614
0.229102
0.0257998
0.0669286
0.111474
0.0609577
0.240849
0.266176
0.0775846
0.058315
0.0747102
0.0815921
0.257093
0.0523992
0.0511426
0.0624943
0.0402628
0.0540437
0.194325
0.162414
0.0516691
0.0896106
0.0416121
0.0468959
0.132789
0.0518254
0.0382234
0.202419
0.0397418
0.0511537
0.173443
0.136892
0.0911295
0.0931486
0.0898974
0.0526998
0.200858
0.0876499
0.0609259
0.0491313
0.211325
0.0193166
0.131208
0.0809158
0.234495
0.0560818
0.0397725
0.0497021
0.0566339
0.0655175
0.0447974
0.0339743
0.0810559
0.0435825
0.0496194
0.0524814
0.0624496
0.0416134
0.0815733
0.0855433
0.0469498
0.0481345
0.136814
0.0854607
0.0356344
0.0595457
0.116251
0.155736
0.0480008
0.0887982
0.365421
0.0505941
0.0954185
0.0687826
0.0399139
0.0416873
0.105276
0.0579995
0.233595
0.0524823
0.106043
0.0584315
0.0343759
0.087759
0.0853691
0.059684
0.0606787
0.0738628
0.0779142
0.308498
0.114364
0.0508353
0.0493045
0.0801334
0.0569761
0.0331512
0.0622141
0.443036
0.268555
0.0428864
0.134624
0.0825833
0.225329
0.295396
0.0431697
0.139982
0.182383
0.117352
0.0475109
0.0674106
0.050666
0.140368
0.0398839
0.0446495
0.024699
0.0650933
0.0900519
0.0604952
0.0426774
0.0882714
0.0694993
0.0620359
0.0589464
0.257014
0.0984285
0.303606
0.0421804
0.0875961
0.0379435
0.050462
0.0329733
0.063208
0.0426185
0.0471108
0.0684841
0.0427082
0.062804
0.141828
0.0438783
0.0402445
0.0474739
0.0617997
0.0353971
0.0868515
0.0424304
0.110836
0.064935
0.231177
0.127609
0.0498312
0.131977
0.0837644
0.0845357
0.0631798
0.0561501
0.0944276
0.192176
0.418275
0.0609892
0.0379184
0.0558361
0.327845
0.099052
0.0617049
0.279678
0.0987209
0.0462009
0.0595198
0.111472
0.046016
0.0423246
0.0626434
0.0323901
0.0586887
0.0629965
0.0462781
0.0716295
0.232357
0.0592468
0.118669
0.0411277
0.0461843
0.0228605
0.125007
0.0871346
0.0973267
0.256064
0.473456
0.0813508
0.0607711
0.050881
0.0794071
0.0467047
0.0307465
0.0695394
0.0693478
0.286017
0.0656486
0.0452031
0.0573262
0.0466116
0.0356025
0.0714379
0.0853988
0.0998947
0.0726203
0.0669265
0.324334
0.0426176
0.0469632
0.0370655
0.0518106
0.304654
0.0652068
0.070396
0.0188505
0.0595118
0.0611403
0.124501
0.258188
0.152183
0.0627615
0.10891
0.0539878
0.158533
0.0720999
0.103569
0.0623678
0.0663199
0.104851
0.0315511
0.045484
0.0605426
0.416844
0.0646471
0.0501369
0.0398885
0.0510177
0.0408851
0.132484
0.0394499
0.0814329
0.288273
0.0609696
0.0659066
0.0838216
0.0363295
0.0661157
0.151103
0.0450994
0.0926111
0.0715435
0.105969
0.128983
0.0564326
0.10072
0.0482171
0.074489
0.112009
0.187892
0.0467441
0.123462
0.0497101
0.0439343
0.0532134
0.0481156
0.0608708
0.0542155
0.426169
0.101521
0.0388086
0.0415857
0.0580736
0.0698977
0.0450839
0.256121
0.0492225
0.0886105
0.0427266
0.0580901
0.128374
0.0745871
0.06517
0.0563516
0.0611605
0.0550084
0.11113
0.107766
0.323945
0.058735
0.0722233
0.0930776
0.0359904
0.0583895
0.0561381
0.0513646
0.155564
0.118954
0.0455932
0.0864647
0.0465131
0.0664373
0.0613405
0.235797
0.0528807
0.0414454
0.147275
0.0834303
0.0595937
0.0811561
0.0676768
0.12326
0.25803
0.0469529
0.0635512
0.0819211
0.0430935
0.128119
0.0411653
0.0755748
0.0270328
0.0952679
0.0598053
0.116076
0.056376
0.214039
0.0534676
0.0578779
0.0864862
0.0554076
0.0426968
0.0827993
0.101948
0.045147
0.072324
0.0534896
0.0599711
0.0521624
0.0501381
0.0509032
0.0682569
0.0623337
0.45719
0.186801
0.190506
0.153612
0.058985
0.0562314
0.115228
0.0273426
0.0462543
0.0378261
0.0522524
0.0353974
0.0875721
0.0278036
0.0618444
0.270663
0.138286
0.0685446
0.0596389
0.188994
0.076593
0.0801086
0.0531051
0.104945
0.0621293
0.0670371
0.0483591
0.0757031
0.10141
0.17852
0.0579985
0.0352022
0.0483434
0.0490632
0.181172
0.0440352
0.0699634
0.439968
0.0511459
0.0380734
0.0575714
0.0444664
0.0552612
0.0509367
0.0563547
0.0437518
0.19898
0.0725941
0.135539
0.0287979
0.0421391
0.0680262
0.0404932
0.138877
0.248963
0.0402246
0.0341942
0.436928
0.408637
0.113485
0.0948602
0.049477
0.0601836
0.0428945
0.0675933
0.241451
0.282437
0.181117
0.0592678
0.0429612
0.0564259
0.137154
0.0548377
0.0530664
0.0731079
0.150429
0.0648654
0.490237
0.0757078
0.0937218
0.0522581
0.031988
0.037748
0.13572
0.109102
0.222374
0.0910009
0.0542467
0.054302
0.0720448
0.0566327
0.0662761
0.0554847
0.0874195
0.0508252
0.0510492
0.418824
0.0682969
0.0348224
0.100461
0.041888
0.0558324
0.053349
0.0696252
0.0756212
0.0716608
0.0424511
0.204728
0.0382398
0.269619
0.0426756
0.039323
0.0451103
0.0425375
0.0371467
0.131616
0.118281
0.111891
0.122813
0.0736927
0.0863279
0.0365804
0.108545
0.0737192
0.255788
0.0625335
0.0623583
0.0739107
0.057185
0.0471825
0.042835
0.0428039
0.139295
0.0323737
0.0701065
0.0464058
0.0523293
0.0423528
0.0943001
0.108906
0.111855
0.0610143
0.0767627
0.0890356
0.0474085
0.103368
0.113015
0.202865
0.149905
0.101621
0.272508
0.077216
0.109204
0.0932502
0.217823
0.0362841
0.0595454
0.025234
0.0639582
0.0652578
0.0368863
0.0951368
0.0622532
0.0558114
0.0842423
0.0481707
0.0696967
0.0410846
0.0702469
0.124608
0.359205
0.277032
0.0298247
0.0919081
0.0384487
0.0400031
0.262822
0.100141
0.0946358
0.0646513
0.196976
0.0838063
0.187249
0.164323
0.066722
0.0496467
0.062784
0.0863049
0.0761267
0.0329063
0.128117
0.0641321
0.128972
0.0610203
0.0939608
0.129652
0.059591
0.0321451
0.156225
0.0553551
0.0522414
0.114774
0.0514912
0.0541826
0.102465
0.0589191
0.0375096
0.0442771
0.189915
0.0696504
0.0529469
0.039364
0.0527762
0.176087
0.251117
0.0544099
0.156446
0.0543404
0.0236893
0.0726904
0.0460678
0.0580357
0.163572
0.0449122
0.0470872
0.0531571
0.0872951
0.0752062
0.0866305
0.118559
0.0546262
0.0410152
0.103491
0.0479891
0.0266369
0.455579
0.0474367
0.0457131
0.0626647
0.0352903
0.116776
0.311944
0.0436041
0.367685
0.0789481
0.0340659
0.174324
0.142564
0.0325303
0.0472003
0.042974
0.0593888
0.0438656
0.100163
0.326226
0.153187
0.0539861
0.0554792
0.0796074
0.0816952
0.0505339
0.0639868
0.319459
0.0552324
0.0577882
0.0735418
0.0613494
0.0712907
0.0650327
0.195724
0.0769148
0.0871327
0.324111
0.0821757
0.0366299
0.167466
0.0403414
0.0684015
0.0515805
0.597763
0.380231
0.152545
0.0520259
0.346848
0.0330763
0.0403106
0.0737561
0.030286
0.153384
0.042507
0.0716541
0.0247541
0.0845614
0.0721103
0.254203
0.290141
0.0435758
0.10777
0.0608889
0.0657389
0.050372
0.0479567
0.40801
0.11576
0.0372372
0.0559888
0.0422204
0.0213085
0.198954
0.0491384
0.0478255
0.0660133
0.0610668
0.0791194
0.0974675
0.0478804
0.0773615
0.0981478
0.0740799
0.120434
0.0699321
0.296271
0.0414783
0.0877514
0.046613
0.0359488
0.0477149
0.114698
0.0662441
0.0434377
0.0431475
0.033445
0.0606559
0.0562454
0.0338087
0.0749847
0.213781
0.0673613
0.0451228
0.125336
0.0482207
0.15817
0.0448493
0.0287624
0.388818
0.0373364
0.0645307
0.0296893
0.0654764
0.0639503
0.0342703
0.0929247
0.0249776
0.133187
0.0543062
0.0661238
0.0624809
0.0534429
0.167137
0.0410452
0.0357279
0.263714
0.0301582
0.0784411
0.0625194
0.0489394
0.132931
0.0494701
0.0469149
0.0492062
0.108698
0.0471822
0.0410934
0.0876624
0.0475223
0.0473879
0.0524702
0.0635441
0.0527347
0.0532321
0.101252
0.0549804
0.0554337
0.0406425
0.0888928
0.0333599
0.0377147
0.0652333
0.0689502
0.109778
0.0440943
0.101267
0.106877
0.0578566
0.0484614
0.0617292
0.05168
0.0608789
0.0462026
0.0782946
0.0464326
0.0570713
0.14103
0.0434256
0.0559321
0.0704465
0.0541804
0.0660287
0.125649
0.0682069
0.131238
0.0339326
0.0679705
0.106237
0.0542872
0.0419256
0.0607203
0.0928095
0.0314197
0.268045
0.176852
0.0386324
0.055379
0.0549194
0.0488386
0.224753
0.0650468
0.036501
0.0436814
0.0418285
0.272448
0.0529052
0.0701515
0.0518921
0.104078
0.0500356
0.051391
0.145401
0.0296344
0.0739407
0.0437277
0.0422513
0.0562842
0.149559
0.324939
0.0477816
0.122465
0.0100865
0.0304147
0.0518784
0.0754389
0.016552
0.113114
0.0366332
0.0532324
0.0903948
0.0247428
0.0317482
0.048116
0.235056
0.0735568
0.0881176
0.0800508
0.127813
0.0424418
0.0393555
0.0387995
0.103117
0.0704433
0.282018
0.0332794
0.0322387
0.0810808
0.220518
0.0521567
0.0671552
0.0568555
0.0278106
0.0448423
0.201304
0.0771868
0.056982
0.0941931
0.0623852
0.0441274
0.0596032
0.116212
0.0250458
0.212602
0.0517211
0.0836538
0.0593342
0.0605565
0.146645
0.017918
0.168966
0.0693741
0.040582
0.0742718
0.0384314
0.050671
0.0538156
0.0944449
0.0617446
0.0498623
0.0608876
0.0443777
0.0609819
0.0395863
0.183249
0.185111
0.0305294
0.119899
0.0583505
0.045532
0.133436
0.0362104
0.0558882
0.0254434
0.114519
0.0411989
0.0516398
0.110564
0.402365
0.0404977
0.0967646
0.0394325
0.0705914
0.0436461
0.0991368
0.0441063
0.100466
0.0450578
0.0369052
0.0691652
0.384806
0.0328474
0.0363769
0.0358749
0.0639082
0.0738357
0.0416497
0.125494
0.0486383
0.217254
0.0427511
0.107955
0.0651789
0.0531331
0.1136
0.0470635
0.0319045
0.190443
0.0617991
0.0394905
0.0404748
0.430152
0.0834468
0.0748074
0.0578333
0.0562935
0.0498845
0.0644195
0.0673829
0.24243
0.0730634
0.051017
0.0564514
0.0519186
0.0512501
0.067872
0.0848627
0.0366695
0.0429775
0.0595579
0.0480382
0.106181
0.0645447
0.182653
0.0296385
0.0841854
0.0679767
0.291896
0.0526988
0.0613088
0.0498708
0.0415482
0.164053
0.0818047
0.0639721
0.0316595
0.0640885
0.0242082
0.0372113
0.0364199
0.0488011
0.0726907
0.0368111
0.187013
0.0535815
0.0327847
0.0480467
0.0382501
0.119227
0.0416471
0.198575
0.0966979
0.0980416
0.0625936
0.0632978
0.0463375
0.0586895
0.0535557
0.0288367
0.0438222
0.0795641
0.054157
0.0258588
0.0343599
0.129053
0.022229
0.0829016
0.0392809
0.0338292
0.0562031
0.0485048
0.0956293
0.0637183
0.0237128
0.0413096
0.110238
0.247335
0.103797
0.0596945
0.0738205
0.0625593
0.0339919
0.0420272
0.212943
0.0330195
0.051671
0.086104
0.131527
0.0962033
0.0515372
0.0575477
0.0473368
0.277915
0.0731693
0.698685
0.050151
0.0971828
0.0311092
0.0534111
0.0538969
0.158334
0.0343815
0.125525
0.0552598
0.0668298
0.174273
0.0869896
0.233047
0.0571472
0.0446409
0.103473
0.0552735
0.0609107
0.17002
0.0614029
0.0436523
0.0514893
0.0543321
0.0414112
0.0336754
0.0485932
0.0989604
0.128825
0.0433709
0.0667631
0.0579151
0.0613155
0.0441135
0.0741667
0.2381
0.0373021
0.119322
0.0488541
0.0691918
0.0491327
0.114261
0.220279
0.0380813
0.0336893
0.0404556
0.110947
0.211773
0.0523644
0.0527542
0.0554591
0.0725405
0.272504
0.0476857
0.0436765
0.0415591
0.0337415
0.0997197
0.112964
0.303361
0.219354
0.0291748
0.0690746
0.0611339
0.182691
0.110754
0.0719446
0.0580924
0.0707357
0.0423546
0.0446315
0.118981
0.0702264
0.0663547
0.0548507
0.0504856
0.142989
0.069988
0.259313
0.40872
0.075348
0.0481265
0.0477909
0.135486
0.0342379
0.0456427
0.0320474
0.21275
0.0304375
0.0552255
0.411638
0.0518678
0.0411563
0.0341937
0.0786647
0.0487207
0.167383
0.0994111
0.0449664
0.0983187
0.0737794
0.109865
0.0510754
0.0437044
0.0441903
0.0876686
0.151295
0.0671559
0.0544626
0.297169
0.0579056
0.122002
0.0636926
0.0669101
0.0664616
0.0235172
0.157755
0.0359641
0.0557495
0.105087
0.0738596
0.089584
0.0452649
0.0405413
0.0905796
0.0536809
0.0312114
0.156644
0.0829693
0.0620535
0.0587852
0.0454895
0.420912
0.0864213
0.0665551
0.0677431
0.0756371
0.0774987
0.0873414
0.0480743
0.107831
0.101078
0.0707407
0.0742043
0.18899
0.0522168
0.120682
0.096502
0.0592163
0.0423514
0.0604276
0.101428
0.0315846
0.0446981
0.0626714
0.0643441
0.0622703
0.052184
0.0315754
0.0822216
0.0813839
0.130775
0.04841
0.0894213
0.0520737
0.0986728
0.0201145
0.0343284
0.150733
0.0396851
0.0632645
0.148129
0.0791808
0.0565681
0.113772
0.190609
0.0488987
0.142869
0.0619162
0.262112
0.0810374
0.0565783
0.305765
0.0543893
0.0624506
0.0436749
0.0893059
0.250672
0.335498
0.088685
0.033515
0.0539069
0.182607
0.480915
0.066319
0.251178
0.165826
0.141445
0.057206
0.0542347
0.0402485
0.137997
0.0692969
0.0512648
0.0633429
0.0967088
0.0914658
0.230797
0.0920361
0.0885119
0.0661875
0.0509593
0.285343
0.104629
0.0520844
0.0710125
0.0693168
0.0334984
0.0699872
0.0427664
0.212464
0.0249354
0.0459894
0.155387
0.0502213
0.185941
0.0513487
0.0582761
0.0574149
0.050318
0.0691613
0.0625318
0.120175
0.0981399
0.0375071
0.0467238
0.0405831
0.41402
0.0578045
0.0565576
0.0590498
0.368351
0.0503396
0.0730392
0.0913369
0.168328
0.0900894
0.0300922
0.0916096
0.0632703
0.0665481
0.04532
0.212967
0.102121
0.0449536
0.0676476
0.100724
0.17026
0.0530208
0.253108
0.217575
0.0499343
0.0522634
0.0703463
0.157898
0.0954231
0.068718
0.2293
0.0542809
0.116563
0.0378881
0.0372716
0.0376102
0.149715
0.0663012
0.0629225
0.0571381
0.0809838
0.202969
0.0525531
0.275838
0.18093
0.261128
0.0530055
0.127402
0.0665903
0.0553767
0.25255
0.0923354
0.123088
0.0354492
0.101283
0.0319145
0.101654
0.0371305
0.0734038
0.0509237
0.0464484
0.17969
0.111843
0.0469089
0.0412707
0.0784141
0.0738009
0.141359
0.0679125
0.044938
0.127386
0.055441
0.246207
0.115332
0.0598763
0.17728
0.0783914
0.0536988
0.082843
0.0253726
0.0516358
0.101651
0.0254544
0.0695066
0.0568909
0.0692606
0.0656016
0.0529867
0.0837481
0.0321606
0.0302719
0.0445062
0.102709
0.0727918
0.297546
0.0991318
0.0406285
0.0367553
0.169631
0.0362176
0.0763904
0.0451219
0.0624019
0.0398694
0.19711
0.056138
0.115488
0.0482832
0.0526177
0.13547
0.186124
0.248015
0.154882
0.0643349
0.0517834
0.0512991
0.0528815
0.0710284
0.176462
0.0558658
0.0710916
0.161126
0.0722841
0.0461956
0.156253
0.0569583
0.28564
0.0803835
0.0498208
0.0663666
0.0196514
0.0619673
0.0545472
0.0525113
0.0834507
0.0476119
0.134803
0.0496627
0.12761
0.0515854
0.436003
0.324735
0.169108
0.0446747
0.0442756
0.0525783
0.0550445
0.0532175
0.062928
0.533281
0.0646828
0.0560399
0.037857
0.053104
0.323137
0.0554633
0.209928
0.0463658
0.0476467
0.0340611
0.077819
0.485602
0.32049
0.0342624
0.293111
0.0597646
0.0557986
0.0504167
0.126004
0.115883
0.045941
0.0492063
0.124102
0.0686355
0.26038
0.176691
0.0982427
0.0656999
0.0573647
0.0942625
0.0436823
0.0284458
0.202061
0.0661256
0.0508391
0.0392631
0.0490595
0.0543146
0.171629
0.0681334
0.0363
0.103499
0.0542229
0.0920642
0.378139
0.10586
0.32923
0.103981
0.0611328
0.0501841
0.088917
0.0734823
0.0731768
0.0628076
0.0703785
0.0388714
0.0653677
0.0516457
0.0354744
0.090958
0.0434254
0.0489784
0.159767
0.0504775
0.321563
0.0771398
0.074438
0.067968
0.0411553
0.0610639
0.148697
0.0486067
0.131889
0.078886
0.206647
0.0620489
0.0296405
0.121392
0.0475585
0.0497454
0.0912731
0.0742691
0.123043
0.0448874
0.0646583
0.0368034
0.329246
0.0435851
0.165814
0.0444263
0.226288
0.376019
0.107241
0.15941
0.115374
0.0509338
0.0503229
0.0892472
0.166449
0.199614
0.0465455
0.0684164
0.387443
0.0523841
0.0727748
0.0414109
0.0440247
0.0520448
0.0523719
0.0431937
0.119752
0.0567981
0.131545
0.0544051
0.0709835
0.28102
0.046248
0.374398
0.124704
0.162075
0.041248
0.235589
0.0515798
0.174387
0.0404409
0.0747077
0.0415521
0.110322
0.0515924
0.0374942
0.0320744
0.178847
0.305153
0.0863666
0.305875
0.165011
0.0260322
0.0662378
0.201595
0.236076
0.0651142
0.120397
0.0362688
0.0628832
0.039197
0.0752082
0.0421968
0.067449
0.151161
0.0750923
0.403068
0.0514422
0.163257
0.0560758
0.192645
0.0415951
0.0358405
0.0564202
0.0454383
0.0673948
0.121145
0.056848
0.0441305
0.0870426
0.0545904
0.0588904
0.0329934
0.0231208
0.0602593
0.353511
0.0435769
0.0462445
0.0707223
0.0333466
0.102325
0.0851647
0.0770257
0.0647053
0.525034
0.0539481
0.0543697
0.0442679
0.0492381
0.110661
0.353312
0.0603725
0.0706405
0.0547965
0.064692
0.111951
0.0448028
0.106228
0.0873805
0.0539787
0.0907725
0.138709
0.0591957
0.0548386
0.0456732
0.188561
0.0854478
0.0664975
0.0486677
0.0784913
0.20481
0.277457
0.0973467
0.0468355
0.0406773
0.0244406
0.0588154
0.0213994
0.0573113
0.041548
0.123803
0.0676691
0.0544944
0.056547
0.454546
0.149603
0.0379653
0.049596
0.0539745
0.0437345
0.111761
0.0563598
0.0424352
0.107719
0.0483288
0.0475795
0.0902471
0.0591156
0.0374
0.0593968
0.130781
0.0429552
0.0540591
0.179794
0.159468
0.140455
0.0367283
0.0328027
0.0379933
0.0673383
0.0486005
0.0739434
0.0464184
0.499568
0.0580168
0.0458334
0.134591
0.288682
0.0526895
0.263968
0.0260215
0.122146
0.0680046
0.037858
0.119097
0.0993334
0.056859
0.0555183
0.0244471
0.0422821
0.10112
0.449694
0.145317
0.0563459
0.280264
0.041762
0.0690807
0.0519854
0.103028
0.0619065
0.11534
0.0363677
0.0752762
0.0199439
0.090415
0.0993654
0.0771569
0.0697532
0.0518237
0.0690228
0.157902
0.521467
0.0427546
0.0339702
0.0568173
0.190102
0.063025
0.116157
0.0959668
0.092185
0.046813
0.058244
0.0621796
0.271777
0.0993637
0.0281493
0.0585081
0.050181
0.182644
0.0703586
0.148095
0.0421098
0.41334
0.0455805
0.024686
0.0396324
0.0662336
0.0609468
0.0502255
0.0374163
0.0386058
0.0329614
0.0632618
0.0493539
0.0424331
0.0468787
0.111226
0.0376386
0.0558648
0.05872
0.0953704
0.0535787
0.103569
0.0446798
0.207044
0.064249
0.451084
0.0881357
0.057811
0.0854682
0.0682112
0.0591728
0.467647
0.322253
0.0584647
0.0546306
0.0523585
0.0535729
0.0515593
0.0512566
0.0541057
0.182161
0.0471833
0.0804804
0.0268868
0.0539058
0.0456594
0.0760152
0.0819199
0.0516932
0.0420797
0.0769291
0.252791
0.0563012
0.0393327
0.0814752
0.0749894
0.065398
0.0446629
0.0657952
0.0917306
0.0444973
0.0626525
0.636125
0.162901
0.120889
0.0554439
0.0412451
0.0464019
0.0555198
0.0952594
0.106968
0.0586144
0.224823
0.0678736
0.0345285
0.0477021
0.125665
0.0769884
0.156917
0.213722
0.0677564
0.459876
0.0587095
0.0531956
0.378913
0.327144
0.0469144
0.149803
0.0482357
0.0453786
0.104175
0.0537609
0.0966225
0.466648
0.0889016
0.30221
0.122087
0.0634062
0.192471
0.05557
0.296991
0.0849931
0.0708002
0.103754
0.0471765
0.12774
0.0395341
0.0343214
0.0371438
0.0657987
0.322336
0.104144
0.0767559
0.101073
0.12846
0.370171
0.0750203
0.0823665
0.401511
0.0472632
0.0268555
0.148921
0.129096
0.041684
0.166439
0.05432
0.0379853
0.0753188
0.0334638
0.0631539
0.463889
0.0568567
0.0793643
0.0293444
0.0554733
0.0741364
0.262347
0.0666899
0.0509284
0.0942186
0.0451494
0.0969429
0.0909397
0.0337306
0.0432518
0.0509713
0.0495481
0.123785
0.239682
0.0520435
0.0557286
0.127357
0.340857
0.0994527
0.064293
0.512002
0.0617729
0.056449
0.212774
0.31454
0.0769913
0.0950548
0.0405036
0.0495078
0.15447
0.0628371
0.0930239
0.099786
0.0547568
0.0337294
0.113568
0.233956
0.10739
0.0549263
0.231725
0.119253
0.202122
0.062022
0.0485767
0.115747
0.0459405
0.106223
0.112624
0.0766348
0.480458
0.171661
0.0552384
0.183981
0.0462193
0.0435864
0.0630094
0.280022
0.0805961
0.230089
0.0265577
0.0426352
0.0858811
0.347873
0.0509327
0.0678684
0.0284468
0.062872
0.0557873
0.0581525
0.153617
0.0531879
0.0220089
0.0380317
0.0544436
0.0561981
0.375001
0.0472745
0.0453811
0.0537483
0.0861522
0.0363526
0.0269654
0.0575903
0.054131
0.0344357
0.0835302
0.0424352
0.0583686
0.0576584
0.273058
0.118591
0.118602
0.455325
0.0499648
0.216105
0.0400232
0.0456314
0.0518878
0.142655
0.0923287
0.121394
0.0317481
0.13192
0.0460415
0.0868636
0.0846197
0.0633934
0.06228
0.0462219
0.0496056
0.0360249
0.0872949
0.10776
0.0552897
0.160961
0.0933366
0.125821
0.112602
0.046945
0.0404759
0.0388035
0.0390303
0.059691
0.0504082
0.0464511
0.0465854
0.0463016
0.186585
0.0408602
0.0381703
0.0480793
0.0732933
0.32187
0.11076
0.0468227
0.0609667
0.0977232
0.0547933
0.0361569
0.0551098
0.0966908
0.154174
0.0572029
0.0373337
0.132566
0.0467872
0.0365545
0.0622254
0.10401
0.127956
0.277392
0.0446861
0.0864511
0.0342697
0.0853159
0.0572548
0.0563245
0.0633118
0.203294
0.0541945
0.0450744
0.253733
0.0235756
0.097183
0.0764731
0.099199
0.0719927
0.0681948
0.0491649
0.0793759
0.0715997
0.0536456
0.136318
0.0860442
0.0374308
0.0416005
0.0637675
0.0568396
0.106128
0.37265
0.03631
0.0454565
0.0318539
0.0730603
0.0426772
0.0892493
0.0675362
0.051414
0.0447422
0.0561896
0.0366099
0.0706564
0.0435929
0.0511431
0.0490324
0.379501
0.134668
0.0535947
0.0434509
0.428548
0.105477
0.0417418
0.120086
0.0476684
0.0422349
0.0534997
0.0576232
0.0463769
0.108085
0.0424015
0.0706959
0.0397212
0.0912055
0.044727
0.063741
0.0655434
0.0664186
0.0485828
0.0842962
0.0909554
0.5256
0.0441648
0.0520574
0.0564015
0.0854457
0.10708
0.0582263
0.0871113
0.186709
0.0622085
0.161401
0.0807002
0.136828
0.0610115
0.0494519
0.0804618
0.0656428
0.0522863
0.0703355
0.101427
0.0649075
0.0388026
0.0558691
0.0340205
0.0610846
0.179913
0.0656562
0.207992
0.145669
0.0602585
0.0582695
0.0591182
0.0662789
0.276346
0.274155
0.330125
0.0310806
0.271871
0.148579
0.0417725
0.250646
0.0352152
0.0448114
0.0739884
0.0987388
0.0533289
0.0996651
0.0982668
0.118655
0.463037
0.0476879
0.0727164
0.435099
0.0515221
0.392916
0.0551915
0.0567004
0.0512635
0.0630154
0.035498
0.0947949
0.0477251
0.0516279
0.051341
0.0420791
0.0483557
0.259328
0.0570554
0.131523
0.0668741
0.181829
0.222931
0.0506624
0.19808
0.132177
0.0427318
0.289943
0.0834421
0.0426323
0.0576911
0.0147021
0.334275
0.23924
0.0586432
0.0911269
0.0539041
0.207784
0.0809452
0.076542
0.0555243
0.0913519
0.0471392
0.0763958
0.0599258
0.190718
0.0437423
0.0587476
0.0679639
0.0381723
0.0510251
0.0525053
0.0403561
0.0331999
0.0374109
0.0684635
0.0947655
0.0408303
0.0681694
0.0471538
0.0389795
0.185223
0.0996615
0.0576888
0.0417294
0.060595
0.162847
0.0710941
0.0501493
0.390926
0.191941
0.0588498
0.0551569
0.0572989
0.129866
0.0717627
0.0427899
0.206346
0.065303
0.154686
0.513844
0.0337539
0.0785119
0.0253536
0.0324172
0.0469295
0.0497514
0.039111
0.170566
0.0828605
0.0336181
0.292184
0.354552
0.0604358
0.113985
0.0556586
0.162357
0.050644
0.0452265
0.0421178
0.0603992
0.104665
0.087186
0.0606997
0.11831
0.0553484
0.0829811
0.0737789
0.0578984
0.0553987
0.0724817
0.0323759
0.595984
0.0690645
0.0650083
0.0798999
0.465757
0.0546835
0.0297079
0.25097
0.0448672
0.0910028
0.0654401
0.223391
0.0497217
0.048054
0.088488
0.0819853
0.0568389
0.0433701
0.320597
0.052671
0.0543973
0.0623439
0.0817706
0.0952686
0.104144
0.322906
0.0868895
0.137711
0.300806
0.177892
0.113003
0.119175
0.0507203
0.0401821
0.192508
0.230926
0.407393
0.285038
0.0948306
0.0488249
0.0469469
0.047785
0.0693198
0.037524
0.061574
0.305191
0.0226621
0.0540061
0.0626754
0.0834012
0.0964936
0.0566815
0.053535
0.149318
0.0511577
0.222186
0.469375
0.0660426
0.0306788
0.0633232
0.0563375
0.156748
0.0391803
0.0176557
0.101573
0.0453838
0.514359
0.146445
0.0682709
0.204982
0.10608
0.118146
0.347784
0.0339399
0.206995
0.0414256
0.0402609
0.0536733
0.0539239
0.0635619
0.171958
0.0897993
0.0562945
0.0536908
0.0382767
0.3531
0.167039
0.0431917
0.11572
0.113252
0.059505
0.0458159
0.0245174
0.111633
0.159462
0.186907
0.219188
0.0531446
0.206019
0.0258659
0.049562
0.340329
0.0505729
0.113494
0.0840676
0.0659701
0.11363
0.0518599
0.268445
0.0422513
0.0566186
0.0771201
0.0493939
0.0366518
0.294626
0.0461541
0.0345662
0.0543466
0.047279
0.0701524
0.0554777
0.111087
0.035047
0.0447659
0.0407881
0.399924
0.0416897
0.0513238
0.091761
0.058141
0.0738562
0.195678
0.0482335
0.0787446
0.0821361
0.373867
0.0606437
0.0321995
0.122638
0.0585382
0.0536732
0.0990984
0.0330213
0.0662811
0.386195
0.0868383
0.0485793
0.0603033
0.384994
0.0770899
0.0708601
0.0773404
0.0557148
0.0469631
0.0409001
0.0574043
0.0548438
0.0501953
0.105681
0.168702
0.0415726
0.433426
0.0498198
0.0722696
0.051247
0.061536
0.0405876
0.2796
0.0462656
0.0292275
0.0987649
0.142807
0.0715429
0.0554926
0.0895896
0.0833319
0.238364
0.164854
0.101274
0.063567
0.0876687
0.0476731
0.338075
0.0339075
0.172694
0.0964386
0.0533501
0.099014
0.1192
0.0698239
0.0584627
0.0562445
0.175578
0.0735079
0.0372636
0.134033
0.0905405
0.0704535
0.119334
0.134467
0.115745
0.0449008
0.0842507
0.090445
0.11067
0.182132
0.0666282
0.0530469
0.0501543
0.114106
0.115888
0.0535487
0.0738231
0.166465
0.0559092
0.0512618
0.0739317
0.0468084
0.109017
0.0663957
0.0586131
0.115278
0.0525817
0.0179934
0.0652595
0.0559612
0.0300399
0.0358888
0.062262
0.0502307
0.201384
0.0809884
0.0802092
0.0582946
0.0718868
0.0615538
0.0547743
0.0353107
0.358958
0.150106
0.0684363
0.0421414
0.0511369
0.068506
0.0587464
0.0379714
0.193144
0.0441025
0.064572
0.538131
0.0679747
0.129743
0.0949352
0.0591238
0.0470574
0.0491607
0.022377
0.0799479
0.0684871
0.114646
0.0410845
0.0536088
0.0491067
0.028423
0.0827007
0.0618581
0.0691614
0.0682608
0.0377555
0.0700261
0.0669488
0.132306
0.202864
0.0513708
0.0438763
0.0608205
0.0565494
0.0743318
0.0635288
0.0449431
0.0393041
0.201454
0.0467952
0.0667628
0.063316
0.0555943
0.157262
0.170058
0.0657669
0.0439386
0.0618485
0.234189
0.0526663
0.150276
0.531592
0.0358881
0.0449779
0.0756392
0.0553894
0.0426661
0.0518519
0.0607613
0.0828968
0.0241323
0.0860113
0.106994
0.046343
0.0676148
0.0642553
0.0525193
0.0590256
0.157255
0.0399513
0.048885
0.0480055
0.0420796
0.0523509
0.0500764
0.0322913
0.118664
0.0528191
0.308941
0.360601
0.0463893
0.0457854
0.0319759
0.0762411
0.0843603
0.0760728
0.033653
0.0752733
0.0641413
0.0698558
0.126756
0.289255
0.0454241
0.0716432
0.130605
0.43341
0.0540185
0.0443853
0.191248
0.487357
0.0539039
0.0710862
0.276379
0.0610015
0.0623091
0.0411242
0.0412419
0.0532357
0.0381839
0.0326851
0.183592
0.0565708
0.160102
0.0745298
0.0446208
0.052986
0.0397939
0.051818
0.0525114
0.269552
0.0474978
0.0598086
0.0983097
0.0425389
0.0674291
0.0620687
0.0530492
0.060149
0.0739469
0.0315889
0.176297
0.103645
0.0691686
0.0722991
0.0468716
0.0889791
0.0143957
0.0616434
0.15735
0.0477996
0.0528241
0.037702
0.316312
0.0453781
0.0516505
0.0890207
0.221942
0.0824413
0.128761
0.490369
0.0791277
0.0617321
0.037348
0.0491465
0.136028
0.0777288
0.135693
0.0489363
0.0429054
0.227293
0.0665696
0.0560333
0.0491365
0.111813
0.0869259
0.06145
0.0651954
0.0527261
0.0282523
0.0622659
0.0952932
0.087094
0.0482847
0.0899946
0.251144
0.126895
0.223463
0.0382546
0.141934
0.141293
0.0497054
0.10178
0.0548177
0.14069
0.0503784
0.0425851
0.0642035
0.0548457
0.0758394
0.0330054
0.0912876
0.128268
0.274665
0.102285
0.0716917
0.0609227
0.0388275
0.0308817
0.0612464
0.0702364
0.0789538
0.116274
0.0814358
0.0395112
0.0712204
0.234472
0.0947128
0.101487
0.0897962
0.0273322
0.0818655
0.205404
0.0743188
0.0437849
0.144324
0.0488247
0.260261
0.104131
0.0718587
0.061219
0.0508425
0.0555316
0.186408
0.0412686
0.0679984
0.216068
0.347236
0.0369462
0.063558
0.0300893
0.0362392
0.178378
0.216755
0.157711
0.0366186
0.0721411
0.0615558
0.0558891
0.0812769
0.0879888
0.0733554
0.201455
0.0831924
0.0542068
0.119649
0.139093
0.0366431
0.0717776
0.0557013
0.351888
0.0462073
0.0376429
0.079978
0.0486141
0.0452938
0.0586264
0.0822569
0.124293
0.0483986
0.194447
0.0491947
0.0507939
0.0658455
0.0580711
0.0565714
0.141301
0.0631088
0.062475
0.0811353
0.0433128
0.200306
0.0562557
0.0777772
0.149292
0.100737
0.0503249
0.0700248
0.0836825
0.0439427
0.0435257
0.0234323
0.0331642
0.047977
0.0393132
0.079797
0.046372
0.0535227
0.0775857
0.264849
0.0545115
0.0603787
0.0509383
0.0649921
0.0766384
0.0672075
0.0857368
0.0599972
0.164863
0.0555455
0.0656469
0.034852
0.0422623
0.0632467
0.321809
0.140589
0.0532737
0.0790092
0.0323831
0.0583516
0.0498253
0.0535878
0.0753297
0.0503628
0.0745613
0.0512883
0.0536018
0.0598387
0.0618323
0.0404124
0.0719693
0.0544055
0.0365737
0.058274
0.0550375
0.0836836
0.23051
0.0303388
0.0544131
0.0465857
0.044488
0.0450909
0.0734677
0.243142
0.0391676
0.138022
0.0336374
0.0426847
0.0568703
0.163767
0.0583702
0.292723
0.104982
0.058596
0.0589496
0.230112
0.111657
0.034766
0.112808
0.0653625
0.091262
0.0575698
0.488955
0.059213
0.229407
0.0631356
0.232545
0.0445619
0.102566
0.0840119
0.0325633
0.0679809
0.0270279
0.0521121
0.184484
0.0530483
0.0669729
0.0650009
0.0543016
0.0475211
0.14941
0.438601
0.0493298
0.0600469
0.0961536
0.0401251
0.0378652
0.0554128
0.127354
0.122289
0.336396
0.0820425
0.117701
0.28968
0.552767
0.0660299
0.0591186
0.157699
0.050975
0.0491486
0.136052
0.13111
0.0536687
0.0830167
0.0389334
0.195232
0.0442307
0.0648703
0.144363
0.134739
0.0520161
0.0510567
0.0480241
0.193981
0.254
0.254431
0.0568103
0.0720839
0.27903
0.0657435
0.0226048
0.0635568
0.0923477
0.0925145
0.547454
0.05044
0.0405883
0.0961072
0.0778425
0.179378
0.0558836
0.0623944
0.281271
0.0306534
0.0486687
0.0406161
0.0425094
0.203505
0.0501127
0.17046
0.0505416
0.060878
0.0999483
0.0391319
0.0957027
0.0743596
0.344134
0.0695066
0.0487611
0.0880498
0.0851165
0.228712
0.112317
0.0967683
0.0540817
0.150436
0.0718527
0.0611866
0.0467697
0.101701
0.0430377
0.0542398
0.144423
0.0432774
0.219959
0.261697
0.0685856
0.0359399
0.0508131
0.0556453
0.139193
0.0256235
0.259865
0.0679922
0.059402
0.0899825
0.0274267
0.0334946
0.055563
0.0900571
0.0497001
0.230374
0.0794781
0.052573
0.481191
0.0926687
0.0443209
0.0413017
0.0453751
0.0566446
0.145805
0.0540971
0.315561
0.0645286
0.0544333
0.0472689
0.0265087
0.0455697
0.125139
0.0684835
0.104779
0.273659
0.0596836
0.0930815
0.0686724
0.192919
0.0534312
0.0505654
0.060878
0.0557526
0.246056
0.102032
0.0823378
0.0343015
0.338164
0.49949
0.325189
0.0816123
0.0782021
0.0439377
0.057964
0.0606894
0.0861905
0.0512826
0.100639
0.072275
0.321714
0.224634
0.0470767
0.397799
0.0537859
0.072721
0.0473678
0.322782
0.106811
0.220508
0.047386
0.142473
0.0508384
0.0604233
0.0584223
0.0349773
0.0407236
0.0474238
0.0511796
0.0768709
0.0581069
0.0595564
0.0470531
0.279934
0.130068
0.043204
0.0425843
0.0224882
0.0664695
0.208079
0.0593712
0.0478445
0.0590847
0.0642709
0.051042
0.0517505
0.067248
0.0679746
0.109603
0.27897
0.0504327
0.088188
0.100205
0.102212
0.0506194
0.0693331
0.044685
0.0639707
0.0406199
0.0228943
0.0670951
0.044292
0.163759
0.0936531
0.193187
0.049223
0.0666106
0.249086
0.0642666
0.0642555
0.039466
0.112873
0.037913
0.0610622
0.0571244
0.0257408
0.0487434
0.0558413
0.128456
0.0482397
0.119832
0.0406503
0.0375585
0.137918
0.560562
0.112426
0.0581734
0.0488786
0.0466243
0.218792
0.0736767
0.336931
0.13594
0.047689
0.0690773
0.0482118
0.226506
0.193378
0.273152
0.0879336
0.0765654
0.0735145
0.123193
0.0958042
0.0637027
0.30419
0.181094
0.0825584
0.195757
0.0507646
0.0353053
0.629949
0.0425254
0.0571727
0.0397137
0.0396737
0.0432694
0.045577
0.0805112
0.0421197
0.0560736
0.246737
0.106136
0.0733738
0.345809
0.39483
0.0547448
0.0316716
0.564106
0.405717
0.0469863
0.0428763
0.0365396
0.0513069
0.124321
0.040557
0.0613453
0.052889
0.0456318
0.26169
0.12731
0.233231
0.125335
0.0781155
0.0352436
0.0772874
0.225553
0.122474
0.0528593
0.0839905
0.0581997
0.0611645
0.0687291
0.268791
0.0428555
0.0502108
0.247892
0.0497398
0.0558711
0.120619
0.279952
0.0575934
0.330651
0.0885192
0.0724911
0.0433087
0.0737902
0.0499601
0.175383
0.0357885
0.0687964
0.0891598
0.383146
0.0473549
0.162251
0.0869589
0.0797258
0.0405545
0.0958722
0.0740256
0.0610695
0.0551607
0.0706236
0.214502
0.0445711
0.141989
0.0390551
0.113665
0.0771157
0.356576
0.0525441
0.0722236
0.0670415
0.0666296
0.0630526
0.090672
0.0516175
0.0850164
0.0620096
0.340749
0.1427
0.0512479
0.0407043
0.207368
0.0619144
0.225497
0.0899042
0.0544082
0.0593868
0.184645
0.0825147
0.046525
0.530198
0.125393
0.0390122
0.0796625
0.0480944
0.0251471
0.0399283
0.0428524
0.0344975
0.0605703
0.0521462
0.0900013
0.0620397
0.168609
0.139973
0.10359
0.0620831
0.176258
0.105275
0.0534542
0.171202
0.055109
0.0459082
0.0464871
0.0550729
0.411394
0.0817614
0.0477357
0.0541029
0.0490661
0.0290166
0.0422703
0.050987
0.0447314
0.0956892
0.382577
0.133879
0.0678112
0.0527092
0.238774
0.0681524
0.184413
0.0696915
0.0483897
0.0874935
0.0660433
0.0942208
0.720827
0.051651
0.205642
0.0525017
0.0662611
0.0458425
0.112709
0.227199
0.463076
0.0472097
0.0641218
0.0384801
0.0271511
0.0689023
0.0600431
0.265405
0.0467645
0.121783
0.0431424
0.106148
0.237075
0.100417
0.114798
0.044187
0.0947473
0.0534453
0.0477881
0.0382485
0.103072
0.0851154
0.0717352
0.0960325
0.06654
0.112101
0.056025
0.155628
0.0600935
0.0449167
0.0587139
0.0547528
0.0379367
0.0466191
0.0792923
0.0479632
0.0319055
0.0475179
0.0667867
0.0822446
0.573676
0.0673181
0.203241
0.110449
0.0592255
0.0632978
0.119382
0.0474601
0.11457
0.0635928
0.245217
0.0784154
0.0724073
0.123562
0.0489841
0.47873
0.37566
0.0347944
0.0382463
0.0614709
0.0473045
0.0825675
0.198255
0.116093
0.103988
0.314227
0.0718048
0.060084
0.0425693
0.110607
0.359489
0.282788
0.123305
0.0382817
0.0614031
0.071422
0.0887687
0.039692
0.17648
0.0497838
0.0322284
0.0520356
0.0619527
0.0362988
0.0447065
0.37079
0.207709
0.0371356
0.506972
0.0604319
0.0485294
0.440996
0.119627
0.0340759
0.28435
0.0532596
0.0962625
0.0534714
0.118407
0.0439746
0.0409817
0.220655
0.341377
0.0912882
0.0452777
0.101901
0.0391032
0.0423547
0.0651876
0.0434245
0.118754
0.184454
0.0864957
0.108044
0.0334858
0.118392
0.161867
0.0533046
0.0755313
0.103618
0.0592798
0.0551011
0.25632
0.0998787
0.0834624
0.0642827
0.0735879
0.0607335
0.10676
0.0328892
0.245199
0.118428
0.0803095
0.0607003
0.0747044
0.100578
0.168649
0.0208138
0.182864
0.0969208
0.253088
0.0680543
0.0742855
0.0465187
0.0336298
0.0226282
0.0525364
0.0347137
0.0727903
0.0546313
0.045193
0.0648994
0.157855
0.112295
0.0943448
0.0388272
0.260271
0.0442734
0.0518998
0.0661565
0.0551488
0.338393
0.0620039
0.0400129
0.0510865
0.0643681
0.0441514
0.0493276
0.0445663
0.367406
0.0413796
0.0650015
0.0679877
0.170438
0.0274821
0.0484093
0.0474706
0.133922
0.320756
0.0549264
0.0616934
0.0525865
0.145345
0.184707
0.174666
0.125067
0.0579546
0.0564819
0.231622
0.060984
0.0662881
0.0314348
0.0277173
0.0756966
0.0671173
0.0576687
0.0430618
0.0490973
0.101812
0.216666
0.102656
0.0506824
0.0530283
0.050193
0.0387762
0.0594063
0.101566
0.0446483
0.0546071
0.0292529
0.0590598
0.322142
0.0510824
0.0323446
0.062371
0.0640183
0.0281751
0.360605
0.092362
0.0784618
0.0565115
0.150567
0.0504731
0.367612
0.0490675
0.0717535
0.0510293
0.0557774
0.0581815
0.0434524
0.0432361
0.0992269
0.0646743
0.160249
0.0507082
0.0630548
0.4772
0.0785431
0.400175
0.150986
0.0395719
0.371263
0.0522169
0.0696576
0.215936
0.0607502
0.0601774
0.0464542
0.0889135
0.112853
0.125099
0.210266
0.172017
0.0296899
0.218011
0.0472957
0.260235
0.0830058
0.0483009
0.0544534
0.100241
0.259607
0.0523035
0.154914
0.0528139
0.105888
0.279584
0.0358162
0.0603582
0.314815
0.155751
0.0802762
0.0376216
0.0507288
0.453086
0.204767
0.0463095
0.0431356
0.0387285
0.355136
0.118452
0.30609
0.0773109
0.121215
0.0698636
0.114766
0.333431
0.045774
0.037631
0.0464481
0.0602584
0.1304
0.108417
0.0275034
0.048654
0.0418747
0.0406038
0.312969
0.0844466
0.0602113
0.0560016
0.0418485
0.0623641
0.0609194
0.0509196
0.115894
0.0396283
0.0531224
0.0442227
0.0337102
0.0556294
0.138941
0.0514594
0.077539
0.136826
0.0658595
0.319216
0.241379
0.030199
0.294908
0.0416238
0.350106
0.290277
0.0736595
0.0627075
0.0481438
0.293246
0.0380125
0.14095
0.0503511
0.100102
0.126448
0.0411995
0.44617
0.043841
0.0494144
0.157234
0.108332
0.378124
0.0552876
0.129483
0.0988501
0.0799443
0.0877559
0.206007
0.0669288
0.0444314
0.0489713
0.0566991
0.1712
0.126576
0.0590376
0.0348983
0.0444698
0.0639795
0.170361
0.0376839
0.184043
0.110404
0.472578
0.0392391
0.0815123
0.103013
0.039987
0.0616463
0.0486849
0.0245913
0.111046
0.0489486
0.0701197
0.0317499
0.131963
0.110877
0.0576535
0.0733272
0.0262033
0.0412305
0.052151
0.0348715
0.0859071
0.0360297
0.0582491
0.0535066
0.0678331
0.0624642
0.0723126
0.475456
0.0356609
0.0423301
0.0514616
0.206422
0.0236322
0.0437382
0.0500191
0.0667347
0.116532
0.07326
0.0596126
0.0556017
0.0566941
0.196893
0.153453
0.0935511
0.0370041
0.0552335
0.0392833
0.0375264
0.0441007
0.0945473
0.0612414
0.0477624
0.051855
0.0624504
0.0470412
0.133565
0.0633793
0.473568
0.0601975
0.179598
0.0578753
0.0912223
0.0398085
0.0236869
0.401702
0.0238751
0.0498807
0.0434
0.0727301
0.0523569
0.0916178
0.0607221
0.0308197
0.17006
0.339637
0.0854848
0.0372191
0.328078
0.0619073
0.0784152
0.0568369
0.0523768
0.0615085
0.11514
0.107735
0.106278
0.0517022
0.11846
0.438854
0.0583461
0.0278611
0.224572
0.232355
0.0999161
0.0556421
0.0549487
0.474927
0.108145
0.031149
0.041941
0.0486962
0.0715781
0.0988091
0.328194
0.0677055
0.142924
0.0573847
0.0540887
0.0481945
0.0585722
0.0963081
0.101909
0.0631049
0.0560518
0.0550072
0.146905
0.0688443
0.0444446
0.0547073
0.296446
0.195292
0.0949073
0.296356
0.0453931
0.0569999
0.0503532
0.0448462
0.0665657
0.0580732
0.0567189
0.0456626
0.0652701
0.0489163
0.0584045
0.133997
0.271493
0.0474103
0.105937
0.039109
0.0561394
0.0586204
0.0290724
0.372874
0.0639971
0.119493
0.0474582
0.0488858
0.245452
0.0626325
0.153369
0.0815943
0.053864
0.0605282
0.0478254
0.397239
0.182656
0.149944
0.053067
0.0296757
0.150054
0.0912252
0.0419956
0.0691725
0.0734098
0.0544158
0.0562108
0.0524475
0.0979228
0.0444919
0.265774
0.0518353
0.0542152
0.0605909
0.0533762
0.105175
0.424317
0.0779333
0.107677
0.104512
0.0581369
0.247886
0.0445854
0.086828
0.0906972
0.0338371
0.0540831
0.0781343
0.0402271
0.0348454
0.0263432
0.0187165
0.276649
0.0478242
0.0746638
0.280535
0.044059
0.047459
0.169099
0.0491819
0.402317
0.125399
0.0440538
0.0522251
0.0542268
0.198411
0.0919899
0.0740522
0.16798
0.0458543
0.215098
0.0647655
0.0533974
0.0398823
0.0777946
0.0368292
0.0392286
0.0459828
0.059788
0.0666563
0.314527
0.065101
0.117263
0.418221
0.0744694
0.190846
0.0450409
0.0453633
0.177468
0.122842
0.0778885
0.0670665
0.116694
0.0739839
0.213872
0.1307
0.0504272
0.0362762
0.0883806
0.06255
0.21162
0.0627687
0.0759968
0.0446982
0.0509016
0.0431184
0.0576811
0.0444245
0.0685059
0.0601875
0.051593
0.200663
0.0367203
0.110587
0.166938
0.0896735
0.0652225
0.0546001
0.312954
0.198148
0.133202
0.0580039
0.184831
0.386042
0.0948967
0.263511
0.046401
0.155753
0.0406031
0.115668
0.241507
0.0392751
0.0855056
0.177131
0.0443278
0.0438883
0.0279972
0.0346702
0.0397002
0.0936919
0.0538173
0.0269515
0.0413062
0.426089
0.0631345
0.0904
0.0483673
0.0788226
0.0937743
0.0564398
0.195552
0.315496
0.0449137
0.178845
0.064989
0.078836
0.0540354
0.0902804
0.0996479
0.327831
0.0439897
0.0489633
0.0576816
0.0593412
0.137829
0.0655719
0.0500755
0.0422586
0.324956
0.0983285
0.073104
0.0762725
0.0488215
0.0587924
0.0872448
0.0426631
0.055909
0.0531521
0.0523163
0.0474729
0.0650044
0.0440859
0.0549004
0.163829
0.0625482
0.0364934
0.0651489
0.0507979
0.068454
0.0452166
0.0533951
0.0760725
0.0215486
0.113828
0.047923
0.0617748
0.225899
0.0541543
0.322246
0.420512
0.05205
0.117524
0.207072
0.0589037
0.0869379
0.0820219
0.0372908
0.0953523
0.0652595
0.106407
0.0817488
0.261444
0.0200451
0.0603388
0.0353992
0.337398
0.0470806
0.457858
0.474939
0.0416606
0.0500176
0.0347823
0.0245433
0.136438
0.0719284
0.147192
0.0514271
0.0347949
0.0595055
0.579276
0.0321043
0.105829
0.0632458
0.0457332
0.0812871
0.0511425
0.0487946
0.10169
0.0517418
0.0508133
0.0477135
0.156473
0.106747
0.291334
0.06864
0.0826824
0.399044
0.0733181
0.0425851
0.106228
0.0552612
0.118655
0.0457023
0.0426164
0.0379148
0.0832685
0.183455
0.0533665
0.0453071
0.191084
0.0850765
0.0727548
0.301613
0.048539
0.0446726
0.0573677
0.0371864
0.0417833
0.0359462
0.0689869
0.046609
0.0629334
0.0459736
0.0377723
0.0773794
0.107778
0.0394203
0.465339
0.060713
0.0661088
0.0891313
0.059682
0.0396267
0.0437116
0.118409
0.0406101
0.182019
0.0434875
0.0501874
0.346647
0.0520275
0.0734559
0.147582
0.375577
0.0538907
0.0622609
0.0329429
0.0591234
0.0486809
0.153914
0.0397125
0.0942141
0.0545965
0.0878733
0.134505
0.263662
0.0788836
0.0391439
0.0931776
0.0597843
0.0169395
0.0813739
0.121446
0.0430172
0.121266
0.0568343
0.0435772
0.054655
0.0495982
0.0587042
0.048458
0.127561
0.0509557
0.0544108
0.03397
0.0993443
0.109602
0.0668646
0.0722646
0.0566656
0.0536461
0.0523791
0.0454422
0.0392354
0.0547009
0.156127
0.132515
0.0367913
0.135939
0.0432221
0.0473233
0.0476231
0.0568287
0.0543517
0.278309
0.163534
0.0782144
0.048748
0.11573
0.0462643
0.120418
0.113508
0.0329136
0.0511398
0.152357
0.0330339
0.0411078
0.0773293
0.0666607
0.197537
0.0475188
0.489627
0.044684
0.0259167
0.0669322
0.0775939
0.0496882
0.105728
0.0383534
0.0547626
0.301874
0.0468645
0.0413197
0.0239292
0.105102
0.306106
0.0586102
0.0826289
0.0561779
0.0952433
0.0391384
0.119309
0.0492115
0.0961385
0.121236
0.0614441
0.322321
0.0580982
0.0480598
0.0543454
0.0366324
0.0555568
0.117137
0.0650339
0.0993364
0.0911973
0.0742171
0.154864
0.0757974
0.045246
0.0435942
0.0574266
0.0470305
0.062507
0.0147878
0.0974368
0.138863
0.0597386
0.0579854
0.0605456
0.0704712
0.0948452
0.0495024
0.0667997
0.110362
0.0419998
0.0364489
0.0457418
0.0982846
0.0664281
0.179255
0.120799
0.0472529
0.0250247
0.0651065
0.0535468
0.0503657
0.0722019
0.25469
0.392793
0.145205
0.114805
0.145161
0.126709
0.0405425
0.13786
0.0478031
0.099118
0.0517729
0.146822
0.0492649
0.130624
0.0469374
0.0523761
0.13573
0.082387
0.0321768
0.246619
0.0527536
0.0517809
0.0562454
0.02387
0.166809
0.0442696
0.0325695
0.110266
0.058388
0.17631
0.110629
0.0291131
0.0434445
0.10389
0.0517265
0.107499
0.0670612
0.0848502
0.046376
0.111219
0.0330983
0.161421
0.0539191
0.0626608
0.12009
0.113254
0.0515277
0.150806
0.0670486
0.0936993
0.337106
0.106997
0.284335
0.0637233
0.033941
0.0666229
0.0457288
0.0751083
0.294546
0.0930162
0.0513908
0.217167
0.044679
0.0488568
0.162046
0.0440757
0.0479828
0.192684
0.0873759
0.0766999
0.0758598
0.0278886
0.201487
0.0509021
0.374376
0.0846518
0.0495915
0.064085
0.0539403
0.146653
0.308555
0.0523563
0.2166
0.0488941
0.0878392
0.168089
0.140994
0.0592433
0.0528548
0.106265
0.0636665
0.0717131
0.130521
0.273369
0.0932819
0.0497433
0.328651
0.0963187
0.0470852
0.0908992
0.0603816
0.0886889
0.0404619
0.0419119
0.0966861
0.05845
0.1021
0.0988013
0.180555
0.0423824
0.0727732
0.0619022
0.0552328
0.301163
0.205364
0.0373384
0.0878594
0.0615991
0.0464353
0.158961
0.0507813
0.0788178
0.0848636
0.0498711
0.111706
0.0573722
0.038514
0.0475934
0.0696766
0.196189
0.10906
0.077711
0.0924208
0.0639648
0.0883739
0.292092
0.0354772
0.0770797
0.0378484
0.0671903
0.0745873
0.0384228
0.05035
0.0474092
0.0614684
0.0650041
0.0504884
0.0470527
0.0558688
0.0693517
0.252088
0.0501354
0.0633968
0.0731763
0.0321043
0.0642221
0.0515894
0.0595039
0.0485966
0.141654
0.467486
0.184812
0.0393619
0.0422182
0.0581157
0.0609016
0.057438
0.0347532
0.0591162
0.18076
0.436534
0.036998
0.0433756
0.0457376
0.0451682
0.0621217
0.0679764
0.0850571
0.084313
0.0794313
0.286558
0.0704407
0.368498
0.0445292
0.0512844
0.0360814
0.0803586
0.041488
0.0446298
0.131529
0.0562054
0.111264
0.041646
0.0606649
0.042988
0.0632579
0.0650779
0.0292695
0.103655
0.0700381
0.0526448
0.0561774
0.0705535
0.057256
0.442109
0.306161
0.0682515
0.246245
0.0578204
0.0802062
0.0451835
0.027437
0.225506
0.11896
0.47291
0.0698034
0.113185
0.0341825
0.0793784
0.0600697
0.0527163
0.0479005
0.200436
0.0523116
0.0665833
0.0612528
0.0376707
0.0623535
0.0767891
0.124287
0.178203
0.10548
0.263533
0.0570175
0.131991
0.330218
0.06013
0.0882121
0.100439
0.130818
0.0332249
0.0556546
0.0855652
0.0405769
0.179618
0.187485
0.0578405
0.0284441
0.0451726
0.0530852
0.0458294
0.0351152
0.119415
0.419686
0.191262
0.103172
0.385926
0.205141
0.0780621
0.0678063
0.0312534
0.34566
0.0506122
0.0664958
0.178661
0.162325
0.0532014
0.386942
0.0574185
0.0448177
0.112459
0.150863
0.0631988
0.0419151
0.0413985
0.0603424
0.30302
0.0385256
0.0363839
0.1421
0.0384204
0.0832218
0.115543
0.0757348
0.0607996
0.135862
0.0937688
0.0756507
0.0230038
0.0768351
0.055282
0.0465054
0.0371216
0.0677391
0.0982068
0.059552
0.0581498
0.041945
0.285307
0.0776129
0.0410546
0.308124
0.0585104
0.0516249
0.0442661
0.0622035
0.0544861
0.0606171
0.0481994
0.0685263
0.0786088
0.0948288
0.111141
0.353549
0.0644068
0.147891
0.0486858
0.0709222
0.0508731
0.0633029
0.189387
0.114407
0.0439632
0.127113
0.117147
0.0850303
0.0670754
0.277285
0.0329424
0.117168
0.0506941
0.056843
0.173132
0.221588
0.125354
0.0522834
0.0576406
0.109106
0.0549685
0.0650852
0.13967
0.0429913
0.0828463
0.0721554
0.0838423
0.0941862
0.0469333
0.286862
0.0822518
0.0355717
0.0342433
0.0628268
0.1441
0.0651001
0.0290172
0.0497009
0.0678205
0.0959708
0.238934
0.0806344
0.0509037
0.0717842
0.0449967
0.0519782
0.0524497
0.252488
0.12761
0.24858
0.0781259
0.0198586
0.116882
0.35703
0.0466688
0.0867423
0.0412434
0.0667006
0.0409656
0.0410704
0.215457
0.0475206
0.0409254
0.0669014
0.127681
0.121502
0.0459512
0.359426
0.0657887
0.0422724
0.0430551
0.166781
0.0520783
0.225
0.0549386
0.434708
0.217308
0.0619768
0.390432
0.394016
0.0576141
0.0527433
0.0954559
0.104779
0.353051
0.212655
0.273781
0.0622665
0.19726
0.0435125
0.238714
0.0414327
0.0668676
0.0798525
0.0953074
0.0432147
0.0468767
0.100947
0.147063
0.139117
0.084655
0.151599
0.0337579
0.623735
0.0418968
0.0611458
0.0523964
0.057798
0.0413672
0.106447
0.428266
0.116691
0.0435517
0.251842
0.0937628
0.0552132
0.0326128
0.0997674
0.0530761
0.0970435
0.056989
0.0508403
0.0485922
0.0561553
0.155235
0.0401913
0.150169
0.159386
0.146762
0.0533272
0.0490173
0.0664285
0.056755
0.05159
0.0464274
0.0716023
0.115325
0.0761228
0.132742
0.0806952
0.396753
0.0583896
0.0974336
0.0321805
0.0464596
0.0344466
0.198201
0.0735904
0.0986781
0.165922
0.0572538
0.1876
0.0451706
0.0518595
0.118028
0.0817515
0.0386569
0.0598672
0.0328258
0.226359
0.0557604
0.123117
0.0795576
0.0836853
0.0523007
0.0435194
0.140805
0.10568
0.0377769
0.0331657
0.0827237
0.0847636
0.133451
0.0829007
0.0390726
0.0414835
0.217483
0.0574247
0.0615143
0.191775
0.0189454
0.0773828
0.0581756
0.05746
0.0789262
0.22082
0.0845405
0.0411168
0.0520489
0.0427985
0.101538
0.0641951
0.260134
0.0831726
0.0516434
0.118422
0.049231
0.0441785
0.20084
0.254935
0.0611857
0.155235
0.0657226
0.0419559
0.0486889
0.0697612
0.0487049
0.0387982
0.0641056
0.08324
0.15761
0.184117
0.0640717
0.102179
0.0673544
0.0502703
0.0517961
0.0523061
0.215424
0.0502635
0.0645013
0.103891
0.284172
0.129804
0.0704657
0.377091
0.426091
0.416359
0.240249
0.465252
0.174285
0.0664572
0.124161
0.0726017
0.0562566
0.0592762
0.0346851
0.0768345
0.0857014
0.110798
0.0881188
0.0989928
0.0266102
0.108538
0.0602348
0.0391504
0.0330207
0.0547556
0.0949232
0.186257
0.0509807
0.061531
0.194806
0.0976057
0.0640055
0.0353989
0.104454
0.0482896
0.187405
0.0458599
0.065125
0.0713394
0.0917235
0.052252
0.362178
0.0664959
0.0510685
0.133607
0.0574543
0.0551006
0.0517672
0.547131
0.038475
0.0662116
0.109108
0.0375456
0.208239
0.093667
0.172766
0.0535722
0.0630378
0.0299227
0.0581835
0.122409
0.134646
0.0871105
0.119404
0.0502546
0.095141
0.0485353
0.0439521
0.0682089
0.0742721
0.0550723
0.0539617
0.0384091
0.242824
0.0459789
0.0683865
0.049015
0.0591684
0.0411404
0.0672307
0.0596289
0.0464498
0.10313
0.0542905
0.0639264
0.0835546
0.0603586
0.181752
0.0668405
0.044599
0.0936322
0.0782554
0.0850034
0.0568422
0.058417
0.0487812
0.0551076
0.0716264
0.394585
0.0481947
0.067717
0.0512643
0.161232
0.0423265
0.126233
0.0734706
0.0565374
0.0532413
0.0414652
0.0323161
0.103044
0.284352
0.183913
0.123969
0.0461097
0.0631019
0.0457135
0.0979436
0.0544647
0.0798863
0.119956
0.0651338
0.0516134
0.041918
0.0457979
0.0464802
0.0271283
0.306075
0.05486
0.37272
0.0349517
0.0608892
0.0517311
0.11798
0.0457076
0.366575
0.0542723
0.0304042
0.0250042
0.0564389
0.205315
0.0985793
0.0491054
0.042909
0.170544
0.0798138
0.0667808
0.102911
0.278143
0.0372694
0.116635
0.0528574
0.202683
0.288774
0.0498746
0.123275
0.0275225
0.050573
0.172541
0.0972082
0.149669
0.30952
0.0662656
0.140365
0.0592557
0.0557632
0.354551
0.0597493
0.154112
0.0742811
0.0585058
0.191563
0.241755
0.056766
0.0482225
0.155511
0.117972
0.0630608
0.0584873
0.0639606
0.0424592
0.039581
0.151361
0.25778
0.0850579
0.0443548
0.218033
0.50225
0.0682412
0.087143
0.0731325
0.0356734
0.0616184
0.0788762
0.0514994
0.0395651
0.112475
0.0542304
0.137144
0.0499723
0.1475
0.385971
0.0296825
0.175986
0.0439658
0.0495798
0.0494749
0.0533187
0.0524643
0.0619237
0.0462424
0.13648
0.289544
0.0939527
0.158975
0.0340324
0.116994
0.102263
0.0593162
0.102931
0.0505599
0.0739705
0.0683737
0.078747
0.105995
0.0494362
0.144943
0.0363309
0.0378133
0.100819
0.0493545
0.0558768
0.0916747
0.104199
0.0527581
0.0516688
0.0739052
0.176691
0.0523216
0.0418321
0.0469669
0.270394
0.0413938
0.0909368
0.06282
0.0698202
0.295533
0.0699562
0.0406639
0.0514905
0.236816
0.0769876
0.0975347
0.0985879
0.0264386
0.0393845
0.0807828
0.129409
0.0621774
0.127652
0.080647
0.0406066
0.0704183
0.183445
0.086121
0.214963
0.0635015
0.0403243
0.0682068
0.037836
0.0455058
0.132416
0.0271545
0.065175
0.0900691
0.046856
