0.0580261
0.0362786
0.0565615
0.101496
0.0794788
0.156256
0.0301289
0.542065
0.0524481
0.0535847
0.125736
0.0916408
0.157698
0.0583768
0.0671357
0.0566908
0.0739118
0.0429613
0.0315867
0.0766896
0.0785684
0.0599669
0.222501
0.147071
0.0658584
0.15226
0.0649677
0.175943
0.0657193
0.086045
0.0916146
0.196533
0.118884
0.05139
0.145133
0.0575747
0.113262
0.231646
0.106523
0.062922
0.0640646
0.0441965
0.0924798
0.0298487
0.0643844
0.0499672
0.0454715
0.141683
0.0739918
0.074523
0.392357
0.0624444
0.0382721
0.0490451
0.294932
0.0508836
0.0638921
0.055308
0.0337223
0.0517766
0.0814187
0.0507225
0.0645189
0.0500515
0.0583701
0.0548852
0.0672003
0.0732501
0.0489882
0.0507627
0.381289
0.0600024
0.125234
0.344622
0.0543303
0.0546884
0.122526
0.0440088
0.140348
0.0577566
0.0676611
0.124256
0.0484906
0.230626
0.318666
0.0996111
0.163123
0.092645
0.0920195
0.0813252
0.0533613
0.17144
0.0541039
0.165444
0.160042
0.0987969
0.0465777
0.112077
0.182263
0.102301
0.143944
0.192179
0.0596198
0.040837
0.0951897
0.0639137
0.0854353
0.0633429
0.0444068
0.168031
0.16434
0.0721839
0.308713
0.0425598
0.0876877
0.124329
0.0778274
0.034967
0.114241
0.579159
0.0929891
0.0632749
0.289799
0.0793698
0.0837052
0.068993
0.0633698
0.0609213
0.296005
0.490719
0.0829563
0.0948816
0.0507984
0.0866362
0.0603168
0.333857
0.045068
0.0583574
0.0922681
0.19083
0.0571243
0.0674421
0.0658872
0.0940135
0.120874
0.0907079
0.0617995
0.0607411
0.0580986
0.0638958
0.0361805
0.228643
0.0667391
0.116193
0.0613439
0.0508298
0.263096
0.0490258
0.0719608
0.221621
0.119514
0.0471804
0.135023
0.069279
0.134142
0.0510952
0.0380232
0.0425958
0.206573
0.0456255
0.0804866
0.0495697
0.0616727
0.0890299
0.101543
0.19872
0.061394
0.0513086
0.0737457
0.0329561
0.476952
0.0814963
0.222245
0.524307
0.0452083
0.0541754
0.0521273
0.138904
0.11525
0.0843377
0.19789
0.080449
0.0571678
0.0792224
0.509203
0.0864421
0.0494405
0.162413
0.0552516
0.0649126
0.196893
0.384792
0.164049
0.0607164
0.173929
0.0725137
0.061957
0.0540147
0.0785165
0.0762432
0.0699225
0.0614242
0.0589146
0.0536571
0.0547975
0.0522038
0.0623731
0.119
0.0407144
0.0309322
0.0829174
0.061965
0.0657269
0.0644341
0.0630194
0.40465
0.268323
0.0555739
0.0674708
0.060296
0.116497
0.0556672
0.192178
0.0627536
0.0895321
0.0645718
0.0780501
0.18499
0.10315
0.300465
0.0957276
0.0669459
0.317895
0.277803
0.0380546
0.0464313
0.0596825
0.0405818
0.0485718
0.240768
0.0714557
0.0572542
0.066791
0.0670453
0.118054
0.287415
0.112441
0.0794401
0.0922952
0.0437313
0.0401243
0.0687357
0.10932
0.0805318
0.0578223
0.067868
0.171372
0.0752969
0.107207
0.221382
0.0578415
0.0374209
0.105875
0.0650327
0.0564279
0.0367997
0.0519714
0.170465
0.0459073
0.070866
0.0876365
0.0576503
0.485676
0.0544733
0.0604518
0.0429511
0.034816
0.0397719
0.0639991
0.0991132
0.0441829
0.0348715
0.05978
0.0419565
0.102869
0.369132
0.0559268
0.147506
0.161487
0.102219
0.0618638
0.0793576
0.179456
0.0726937
0.032382
0.0848721
0.07851
0.0608665
0.063085
0.0881152
0.160267
0.309539
0.0373165
0.0663528
0.0459344
0.208116
0.036319
0.0740707
0.23486
0.166262
0.0759672
0.0359953
0.17945
0.0609074
0.104375
0.0797765
0.703239
0.0468316
0.0574038
0.110152
0.112913
0.103459
0.339256
0.162097
0.0900327
0.0372996
0.116663
0.109551
0.0713777
0.12222
0.0997007
0.0578668
0.102134
0.404659
0.188434
0.189373
0.101696
0.0543301
0.181507
0.227771
0.162975
0.0868095
0.0990665
0.100303
0.322207
0.0949161
0.183664
0.0513475
0.243067
0.0524662
0.0606324
0.510457
0.0604775
0.0656044
0.0989119
0.062458
0.0639375
0.101203
0.0879557
0.0625058
0.0431375
0.268905
0.113535
0.111634
0.049037
0.0547658
0.0805494
0.04387
0.0335437
0.0711739
0.0382696
0.0405181
0.110099
0.0938549
0.0570885
0.0432455
0.0556944
0.195102
0.464608
0.117821
0.267884
0.0556735
0.389471
0.0546987
0.0575999
0.0670972
0.0656746
0.083914
0.287824
0.0836347
0.088828
0.0547391
0.060534
0.0545257
0.234343
0.0976192
0.0806616
0.44664
0.223636
0.0164543
0.0842208
0.0571487
0.0988081
0.296547
0.0539539
0.0604414
0.0588075
0.0989103
0.0547896
0.14516
0.0415087
0.25852
0.0799545
0.0605851
0.0704594
0.0533475
0.0562532
0.247428
0.0455651
0.0452737
0.0449977
0.115016
0.0559656
0.0460436
0.193487
0.051564
0.060665
0.0735351
0.056003
0.430826
0.410868
0.0946266
0.101267
0.0523752
0.0585361
0.115689
0.0400491
0.0508952
0.0587265
0.132311
0.0815408
0.0558257
0.0924504
0.0443625
0.0842821
0.0282078
0.056878
0.0964804
0.0405782
0.0629175
0.525489
0.0773239
0.0520568
0.269465
0.218656
0.0474379
0.0574897
0.284556
0.0858769
0.119563
0.130359
0.124375
0.137375
0.068789
0.530463
0.0559621
0.0466113
0.210485
0.0705671
0.319804
0.0522431
0.0665102
0.0616741
0.0888185
0.212315
0.0934141
0.0844054
0.0684102
0.0365583
0.190486
0.0876121
0.0634706
0.0454651
0.042424
0.277992
0.147207
0.0764018
0.0564564
0.207531
0.109595
0.0926377
0.203066
0.0579752
0.0477614
0.070696
0.0620772
0.068844
0.10898
0.11284
0.0467603
0.0512838
0.307139
0.0690229
0.0599298
0.0777231
0.0827738
0.438018
0.0647307
0.115958
0.280821
0.06397
0.0563231
0.0612229
0.0593798
0.061475
0.0503378
0.250109
0.139598
0.465148
0.332277
0.0485806
0.0517474
0.0527896
0.0310955
0.108632
0.0650245
0.0592207
0.0816939
0.0421565
0.0325594
0.0918517
0.0474631
0.19485
0.133694
0.3564
0.0494091
0.0799642
0.0496771
0.0569099
0.137146
0.185848
0.0690864
0.0448232
0.045607
0.0600463
0.0591865
0.235515
0.288533
0.188702
0.0526327
0.0553345
0.0621464
0.0440677
0.0738664
0.0545088
0.0485114
0.157586
0.463352
0.192452
0.0851615
0.181143
0.148358
0.482282
0.0504888
0.0568565
0.167367
0.0559385
0.0662465
0.0977553
0.0436955
0.0555204
0.123431
0.0505021
0.0721253
0.105971
0.126607
0.0592561
0.135823
0.173504
0.0979011
0.400097
0.111063
0.0355521
0.273049
0.0607579
0.168465
0.0909735
0.0417791
0.0657538
0.0690918
0.30387
0.0675435
0.0767321
0.0543926
0.0587698
0.0635602
0.0546188
0.065171
0.209
0.108827
0.127441
0.0710291
0.106044
0.056364
0.0684777
0.0684589
0.100248
0.111952
0.114081
0.0635083
0.0534793
0.0471141
0.0420153
0.084447
0.0546295
0.261307
0.0575748
0.110727
0.0649979
0.0531099
0.0430134
0.0529541
0.0544122
0.115095
0.167499
0.0828693
0.50919
0.185593
0.352628
0.05783
0.0675617
0.0594521
0.0669374
0.0553394
0.0653676
0.0562632
0.0613875
0.167024
0.0407286
0.0468516
0.214518
0.0445589
0.0514079
0.0526343
0.0721825
0.0638398
0.0888061
0.0270335
0.0529093
0.0534831
0.0649563
0.168781
0.073486
0.0564113
0.0641032
0.12455
0.0782019
0.0592618
0.054865
0.0662237
0.0344771
0.0797962
0.105663
0.0500227
0.0736619
0.0545022
0.0612164
0.0643167
0.0603096
0.0792741
0.0625705
0.0501358
0.0558053
0.0639352
0.0686626
0.218837
0.0330339
0.0576113
0.083531
0.0557417
0.0666133
0.0482725
0.0523147
0.0945787
0.0514788
0.110368
0.0484463
0.0688005
0.0540767
0.378978
0.0330191
0.060352
0.0420911
0.47992
0.0476089
0.208382
0.135963
0.330418
0.0561657
0.0518235
0.0592042
0.034669
0.0540768
0.573992
0.0662474
0.0582288
0.059155
0.0423345
0.134689
0.0745699
0.0956747
0.0447749
0.0655767
0.0384615
0.0539719
0.524114
0.0901126
0.0553734
0.0660197
0.0465465
0.0665464
0.0499398
0.0391412
0.0553931
0.0557327
0.0916937
0.0583298
0.135619
0.243902
0.0371056
0.0583232
0.0528699
0.0546087
0.156577
0.107316
0.195309
0.0607504
0.0402333
0.138889
0.0494656
0.192702
0.0440595
0.088159
0.0616696
0.0683457
0.0571367
0.039928
0.094838
0.0939168
0.1122
0.0899981
0.308505
0.0399374
0.152955
0.0938725
0.0468327
0.114674
0.0456276
0.0844019
0.210383
0.175307
0.195919
0.0612972
0.0673987
0.120684
0.0887217
0.0436271
0.0614317
0.0496077
0.0637242
0.233081
0.0499396
0.124694
0.0596625
0.124124
0.0670114
0.128778
0.354768
0.0549464
0.0380744
0.105902
0.0394737
0.0571107
0.0296701
0.466578
0.0720773
0.0526293
0.0618026
0.0603596
0.28031
0.0478635
0.0653058
0.0470715
0.0691511
0.0640996
0.0710545
0.0553323
0.0909778
0.0593603
0.248348
0.12941
0.116322
0.135019
0.0614736
0.252609
0.047283
0.124284
0.0388881
0.255295
0.108686
0.0615012
0.0578469
0.0420628
0.0545612
0.0822158
0.0746273
0.16037
0.0509346
0.144497
0.072389
0.123061
0.0548556
0.0791022
0.087246
0.0564538
0.0987378
0.0616437
0.0729938
0.0579159
0.378885
0.0632401
0.0586351
0.10476
0.270004
0.0657546
0.056285
0.053025
0.0433675
0.148478
0.0843963
0.0639252
0.0676956
0.105076
0.049472
0.252659
0.0911285
0.141372
0.343502
0.0650641
0.0818697
0.0679609
0.107764
0.255305
0.0483857
0.255306
0.107203
0.0685569
0.0451057
0.0732387
0.265245
0.0460195
0.0909964
0.101447
0.0702
0.0482509
0.155686
0.2163
0.0630823
0.0342947
0.0329707
0.0518486
0.1039
0.0458049
0.544313
0.039386
0.0828164
0.137873
0.0614406
0.0806395
0.0602915
0.0633498
0.537049
0.213335
0.0350762
0.129398
0.044351
0.147615
0.0393454
0.0767516
0.0344927
0.161411
0.0448275
0.162877
0.34816
0.0488963
0.058438
0.0630563
0.0462299
0.0626502
0.477561
0.0612411
0.0439065
0.122088
0.110091
0.132172
0.0626241
0.0771331
0.059964
0.0554832
0.0613496
0.236799
0.0806104
0.0660289
0.122926
0.0552099
0.175514
0.0729922
0.0553644
0.0432583
0.0553619
0.0771456
0.0587291
0.0546162
0.209476
0.101687
0.0554942
0.0947445
0.0612456
0.0466222
0.0550252
0.0464815
0.252787
0.0655984
0.115236
0.11899
0.265622
0.0540188
0.305772
0.194359
0.014264
0.056777
0.119571
0.0912339
0.157009
0.0957069
0.0832302
0.0507066
0.110177
0.0684093
0.0623073
0.185601
0.0584991
0.0537274
0.0697863
0.0982518
0.0905805
0.0422552
0.0585678
0.0585162
0.166578
0.162316
0.056425
0.0907967
0.0535197
0.0855421
0.0965089
0.0977794
0.10419
0.20608
0.0570677
0.0427228
0.201852
0.0625845
0.253643
0.0665702
0.0904337
0.0904754
0.071879
0.0500626
0.207184
0.323512
0.0731461
0.420224
0.0437573
0.350494
0.0579483
0.441182
0.054076
0.106371
0.222527
0.0440263
0.0558931
0.0918929
0.063677
0.0626509
0.0560459
0.0518359
0.0553312
0.0932355
0.0459738
0.0376222
0.0472745
0.0772047
0.0531066
0.0633085
0.219501
0.0496901
0.0511958
0.592709
0.248363
0.155083
0.0496225
0.052814
0.0608044
0.0861479
0.0504892
0.0571529
0.0571755
0.0774648
0.0600615
0.338018
0.0628421
0.0822342
0.203121
0.066681
0.0676346
0.0330011
0.0716667
0.0559253
0.0625806
0.0475646
0.0506324
0.0514606
0.0673495
0.0304065
0.0714917
0.0592739
0.248055
0.102211
0.134205
0.0653037
0.0617222
0.0406941
0.0633248
0.048341
0.0599872
0.295116
0.563045
0.0543369
0.109449
0.0607202
0.157727
0.0411534
0.100557
0.052096
0.084909
0.0532798
0.356329
0.0607149
0.169257
0.114225
0.0797914
0.388672
0.042475
0.100111
0.162471
0.0858066
0.098435
0.0574783
0.0807213
0.0484738
0.0563684
0.180548
0.0466862
0.0676367
0.0589852
0.0613343
0.056465
0.0594977
0.0784774
0.433096
0.0585496
0.052851
0.161543
0.0437924
0.0814146
0.0536557
0.244759
0.0561536
0.0436856
0.0307027
0.0546488
0.382041
0.194273
0.0901654
0.0722113
0.0638481
0.0695713
0.0868951
0.285881
0.0990849
0.054892
0.177164
0.0417371
0.05267
0.0470567
0.265277
0.0840502
0.0657266
0.133428
0.0928395
0.0924531
0.160604
0.104926
0.121641
0.0615993
0.185325
0.0981725
0.0791314
0.0785069
0.0647439
0.0632528
0.0981496
0.0602202
0.352499
0.0529674
0.0557256
0.0493831
0.0590745
0.0907824
0.0456762
0.216659
0.0584629
0.0624541
0.047294
0.0494132
0.0442211
0.0497432
0.0661101
0.152104
0.0719569
0.0429992
0.0457256
0.218189
0.108643
0.0701402
0.0601299
0.0600333
0.0867682
0.0434997
0.140114
0.0657482
0.0655417
0.0423442
0.0629979
0.0533817
0.293285
0.054157
0.0480366
0.0565399
0.136227
0.100378
0.424591
0.329687
0.0595845
0.27975
0.173933
0.0422304
0.0629076
0.0966761
0.0590408
0.0601019
0.0614275
0.0692183
0.0484602
0.0485809
0.0353352
0.0763157
0.0629207
0.0928791
0.0705272
0.0576174
0.0437478
0.0565108
0.061523
0.0873811
0.0684035
0.061154
0.0593421
0.072991
0.0524208
0.0615002
0.0391664
0.051278
0.0608571
0.0627399
0.190215
0.0420128
0.0590834
0.0711818
0.0977224
0.0847864
0.0824737
0.249081
0.066165
0.0713515
0.0659068
0.0661946
0.0525
0.0602849
0.0681697
0.0634079
0.0468275
0.0963651
0.0558706
0.0596987
0.146034
0.098085
0.0951621
0.110214
0.223634
0.043507
0.0365217
0.075468
0.0434162
0.203774
0.0854862
0.172218
0.0690033
0.201364
0.0527746
0.0586408
0.0624522
0.0569645
0.0732556
0.0600871
0.0688029
0.180001
0.0475829
0.0588554
0.042166
0.0857718
0.0854769
0.044372
0.0563259
0.0482386
0.0384148
0.0701227
0.0593746
0.05808
0.258109
0.022714
0.0924585
0.0596565
0.081717
0.0549689
0.0570947
0.0582506
0.0574005
0.181234
0.0659537
0.0388852
0.150006
0.271803
0.0479959
0.0410247
0.19634
0.333086
0.0622956
0.0833413
0.0605005
0.0569126
0.119106
0.0332836
0.042553
0.0389041
0.152336
0.0714759
0.115864
0.116619
0.0838755
0.149264
0.0834059
0.057155
0.100293
0.0396354
0.0450539
0.057289
0.0538435
0.0555439
0.145948
0.0396983
0.074707
0.0687852
0.042683
0.177785
0.171693
0.0719829
0.268528
0.112593
0.138162
0.295271
0.0602685
0.0577115
0.0684666
0.11191
0.236662
0.0551577
0.125535
0.0648123
0.0680697
0.120829
0.0322117
0.661775
0.0653841
0.192571
0.0409868
0.0454581
0.0827443
0.0531926
0.181816
0.056608
0.040508
0.197353
0.078617
0.025744
0.285816
0.255244
0.0631208
0.0761863
0.296813
0.0420971
0.0628308
0.1051
0.0942414
0.0703859
0.178286
0.435178
0.68796
0.204541
0.0769607
0.0768534
0.063368
0.0580274
0.0458409
0.429789
0.056939
0.107846
0.0733163
0.063098
0.194013
0.0299034
0.194004
0.156159
0.106513
0.119018
0.115042
0.115082
0.048093
0.075093
0.0641322
0.0485639
0.11264
0.242521
0.0679483
0.0644273
0.316499
0.230549
0.0556789
0.0742585
0.038045
0.102664
0.186884
0.0532058
0.052032
0.0605363
0.0796686
0.0578856
0.505526
0.152629
0.048839
0.049655
0.181473
0.0557033
0.11113
0.0517916
0.0646865
0.04857
0.0643633
0.10413
0.0905612
0.0619184
0.060686
0.106003
0.0974602
0.0646544
0.0608524
0.265968
0.058893
0.461354
0.525801
0.275631
0.151513
0.0397994
0.0812291
0.0340981
0.0329408
0.237207
0.0592053
0.136332
0.317982
0.0575009
0.177674
0.0511019
0.0404899
0.0445918
0.0490935
0.0637689
0.065285
0.131372
0.0364374
0.0637187
0.357394
0.173532
0.0674043
0.0666965
0.0420937
0.154133
0.0524498
0.0881566
0.148767
0.0549497
0.0510712
0.182987
0.0654849
0.0767945
0.0677507
0.0686986
0.204896
0.088482
0.254957
0.0707406
0.103423
0.052457
0.0619776
0.0523144
0.0420063
0.271429
0.442939
0.0505629
0.0549462
0.292094
0.133834
0.12083
0.149214
0.132489
0.0421891
0.0526814
0.0756951
0.0269425
0.0637414
0.0613935
0.290209
0.0648114
0.0680742
0.065717
0.0862451
0.224955
0.134796
0.084054
0.0677517
0.0439325
0.0485169
0.0474201
0.125829
0.0743389
0.0576054
0.0426672
0.0551159
0.0690768
0.0751905
0.0376727
0.117359
0.106026
0.163877
0.0823588
0.0786533
0.28553
0.0753331
0.09706
0.0409878
0.0972755
0.0610341
0.055484
0.249858
0.0299274
0.0585487
0.0438993
0.18528
0.228161
0.0385741
0.229588
0.0948655
0.042294
0.0587094
0.0620468
0.173114
0.0773901
0.105095
0.204006
0.0533197
0.0448904
0.0602636
0.0547726
0.0553105
0.0447727
0.0951241
0.17012
0.508774
0.0471081
0.471477
0.0435928
0.0771737
0.119828
0.113104
0.140155
0.0502445
0.0655188
0.0422246
0.0685587
0.111196
0.0989342
0.0738664
0.0356997
0.0457024
0.0461712
0.341557
0.0625165
0.062714
0.0281492
0.0613461
0.0883643
0.274883
0.205685
0.119192
0.0749175
0.0549777
0.108687
0.0764385
0.0681043
0.0544394
0.552324
0.0652197
0.0466831
0.12082
0.0624719
0.110646
0.0518603
0.0381028
0.521687
0.0402372
0.0713632
0.0540427
0.108932
0.110643
0.27558
0.0996237
0.182921
0.100367
0.109054
0.0742396
0.0513406
0.0621494
0.0523268
0.0344346
0.0624214
0.0484343
0.0515281
0.0840167
0.0527228
0.0678867
0.390392
0.0326996
0.0585428
0.0464763
0.0559466
0.0995228
0.535089
0.0433291
0.0526931
0.0693478
0.0488852
0.104627
0.0353143
0.18921
0.0535441
0.103771
0.0494123
0.128498
0.0565173
0.232003
0.227258
0.0583506
0.116963
0.156557
0.0722123
0.0483628
0.289208
0.0613299
0.033741
0.0580083
0.0500252
0.119376
0.0832367
0.05716
0.262345
0.127811
0.0487853
0.0829243
0.150737
0.0518003
0.193035
0.0490143
0.0652006
0.062481
0.0550863
0.204313
0.154742
0.0616991
0.0482512
0.0470635
0.05881
0.259372
0.0516175
0.0920126
0.0414223
0.479514
0.0492704
0.0395405
0.0463543
0.308459
0.194596
0.192695
0.0536165
0.0601204
0.0938716
0.15778
0.0793702
0.198022
0.06669
0.109781
0.0258476
0.177594
0.062945
0.0575283
0.0640908
0.050276
0.0858378
0.50904
0.0601864
0.05547
0.0865412
0.143853
0.0520586
0.308118
0.0828981
0.0387264
0.0692876
0.101748
0.58149
0.0171811
0.060015
0.0849913
0.233586
0.0985337
0.136686
0.100686
0.068101
0.227363
0.0484904
0.0518183
0.289917
0.202955
0.0695143
0.0436159
0.0432639
0.054139
0.0882997
0.258497
0.0641311
0.306704
0.0436686
0.312457
0.0478064
0.154557
0.140302
0.104287
0.0820032
0.0550154
0.0545335
0.0768609
0.060371
0.0587294
0.0598063
0.043247
0.0619809
0.109468
0.0907477
0.0619738
0.0987254
0.281436
0.0492931
0.0680871
0.045644
0.0404718
0.221877
0.0558524
0.0459988
0.0684606
0.0344903
0.0641198
0.240539
0.106008
0.0445303
0.049122
0.086207
0.0705218
0.0713282
0.0796418
0.0391059
0.0594106
0.11779
0.0777075
0.0751033
0.0512177
0.191826
0.0973218
0.074879
0.0553809
0.05266
0.406174
0.0498561
0.0517672
0.260093
0.055083
0.0563621
0.36967
0.0899146
0.0739111
0.103877
0.0749013
0.415063
0.0281063
0.0721506
0.0622443
0.105227
0.114209
0.0320552
0.0573788
0.0199009
0.0654511
0.36302
0.111634
0.0599773
0.0466797
0.0561933
0.0501063
0.150232
0.151451
0.0583185
0.0562559
0.110281
0.0613349
0.0522344
0.114346
0.0878047
0.0577995
0.0659156
0.148822
0.0603902
0.0656354
0.0926091
0.0332499
0.0634833
0.154252
0.0848891
0.345453
0.0878301
0.0680903
0.340429
0.0431385
0.0458789
0.0405421
0.16673
0.0448246
0.339331
0.0912815
0.0535998
0.0480238
0.0846779
0.048276
0.053801
0.064609
0.165276
0.121928
0.0464179
0.05375
0.0924977
0.140406
0.187748
0.0642888
0.101831
0.0449029
0.0638469
0.0577791
0.441553
0.0642505
0.0584006
0.359567
0.156565
0.0437687
0.069786
0.0965792
0.179641
0.0393896
0.0656001
0.0637493
0.267818
0.250946
0.257818
0.0426691
0.203797
0.0283668
0.031177
0.18058
0.0477215
0.146728
0.30163
0.0856459
0.0741226
0.252516
0.0465445
0.0471712
0.188813
0.0412823
0.0943808
0.287417
0.0599495
0.516781
0.0342195
0.0961223
0.0564767
0.0726489
0.108123
0.0695951
0.0681974
0.0585054
0.222911
0.0666247
0.0553465
0.0503203
0.0996873
0.0297021
0.0599909
0.086018
0.0974564
0.0981903
0.0517709
0.0545093
0.125749
0.00908584
0.0582816
0.0770615
0.0827287
0.0962363
0.0641973
0.391067
0.0578712
0.16864
0.14521
0.273044
0.0533404
0.04501
0.0646665
0.0626501
0.076377
0.0601846
0.340221
0.239915
0.0873249
0.148235
0.0609607
0.219203
0.0529602
0.122996
0.0460903
0.0658108
0.0605954
0.143517
0.0413048
0.0537395
0.320802
0.079608
0.0950311
0.0562069
0.254287
0.476896
0.174137
0.0714973
0.0527919
0.0519581
0.0587489
0.0386242
0.0586709
0.132253
0.0712638
0.080107
0.175537
0.0610586
0.0765922
0.0373234
0.119513
0.0655712
0.0502859
0.0604365
0.0444961
0.0645277
0.118773
0.0634018
0.150829
0.189273
0.0620675
0.194439
0.0613626
0.139744
0.0922158
0.0538729
0.0704696
0.0659348
0.141707
0.0544231
0.1522
0.0572946
0.224968
0.0560621
0.0507936
0.0509608
0.0718487
0.237437
0.0614378
0.0421078
0.0657174
0.261388
0.0221725
0.0141073
0.0339084
0.269388
0.0617725
0.322031
0.0435954
0.250196
0.0534301
0.471689
0.127039
0.069582
0.0807449
0.209446
0.0677937
0.0499504
0.0346936
0.0581957
0.0598827
0.073392
0.0397002
0.0690903
0.0616056
0.0949684
0.174237
0.0453531
0.0662124
0.0601458
0.0647584
0.0570627
0.0547701
0.0944217
0.217053
0.127717
0.0509022
0.171096
0.0480232
0.0501494
0.283183
0.101753
0.0516126
0.0680647
0.174501
0.0336656
0.119672
0.0606885
0.092005
0.0689261
0.034262
0.0398383
0.099516
0.109994
0.0791512
0.203295
0.0424558
0.127325
0.167346
0.0587842
0.0534548
0.27239
0.127412
0.0550984
0.0568818
0.142538
0.101737
0.24214
0.0848124
0.0521793
0.257712
0.0484097
0.132733
0.0525439
0.101926
0.163448
0.115182
0.0794607
0.292404
0.2852
0.0592481
0.107496
0.041052
0.0599273
0.111842
0.0541081
0.192051
0.175077
0.0618442
0.0738796
0.0665278
0.0669522
0.131692
0.0732419
0.0502917
0.0636216
0.105745
0.0740746
0.101426
0.0570987
0.0524411
0.0568384
0.0986389
0.10508
0.060396
0.161
0.0431537
0.0487464
0.0405293
0.0484893
0.379472
0.0967175
0.0596943
0.0428828
0.034151
0.0844446
0.251571
0.0396892
0.0486591
0.0577316
0.0652743
0.0531746
0.298946
0.0566327
0.345818
0.0437396
0.0595032
0.0698288
0.0469359
0.0509727
0.218692
0.0426246
0.103908
0.155769
0.476085
0.0342636
0.118682
0.0485642
0.0480399
0.163469
0.198116
0.0555727
0.0683125
0.0712781
0.0589062
0.0466056
0.136157
0.197679
0.137793
0.0981193
0.0919101
0.0626198
0.108909
0.0467986
0.140499
0.076878
0.0976959
0.0945283
0.0637192
0.0294506
0.0322507
0.101383
0.0558817
0.40139
0.238032
0.0301686
0.076736
0.0616073
0.0430788
0.0540426
0.208834
0.0476467
0.113584
0.0468133
0.171015
0.0442371
0.0466112
0.0609437
0.0792981
0.0588813
0.216335
0.0549237
0.051079
0.112107
0.560392
0.0610895
0.114233
0.0612313
0.0648824
0.161702
0.056187
0.0505183
0.0894397
0.0670946
0.052194
0.0494315
0.0948959
0.0568431
0.225018
0.0527187
0.0619525
0.0438437
0.056816
0.0647672
0.260561
0.239846
0.04669
0.0503386
0.205463
0.0451417
0.0570264
0.0713895
0.0628432
0.135746
0.0465741
0.0419726
0.0571273
0.138904
0.150848
0.0525467
0.182992
0.259317
0.0470431
0.234432
0.195981
0.0389607
0.188249
0.28205
0.0443897
0.0895641
0.0513024
0.0531994
0.0418915
0.031471
0.063283
0.0543991
0.0532375
0.0457781
0.0460502
0.0529941
0.182377
0.0555156
0.0750099
0.0220895
0.0409533
0.344384
0.158237
0.0784774
0.0713308
0.122655
0.244489
0.0662278
0.079617
0.108207
0.183218
0.0400144
0.0678624
0.0369901
0.0851029
0.0434793
0.161698
0.0587005
0.321572
0.077215
0.0494409
0.118988
0.14718
0.0796089
0.316445
0.0637763
0.0569813
0.036762
0.0592245
0.428081
0.0501562
0.264197
0.0570215
0.0593776
0.257113
0.0504991
0.0574959
0.064959
0.102099
0.239916
0.0620405
0.0467067
0.0437632
0.101734
0.18504
0.0587465
0.091442
0.0610017
0.0586366
0.186649
0.0511747
0.0705252
0.0728002
0.0860944
0.0938977
0.0592379
0.163172
0.0875947
0.0541655
0.0893756
0.0349481
0.0682706
0.0475337
0.429139
0.245437
0.0388256
0.101287
0.187708
0.0652616
0.0585029
0.0514814
0.227838
0.112107
0.102085
0.262689
0.0710871
0.419902
0.184763
0.106041
0.161453
0.31145
0.525289
0.102082
0.0811719
0.0778991
0.156754
0.0581089
0.0485556
0.0405143
0.151778
0.0233423
0.0997775
0.0552675
0.0401335
0.061904
0.160427
0.0459612
0.153565
0.265784
0.0441054
0.306643
0.0821808
0.0435076
0.052542
0.0614244
0.198688
0.0805006
0.141569
0.0511913
0.0444417
0.0431034
0.0543755
0.0526936
0.0424809
0.468587
0.0450701
0.0475871
0.0413976
0.0590255
0.0900369
0.0594215
0.352023
0.170262
0.427429
0.0853034
0.0925534
0.0875075
0.113916
0.0697561
0.106792
0.0855511
0.289201
0.101662
0.0627913
0.055289
0.0961633
0.0581027
0.0605715
0.170852
0.0483148
0.0822183
0.0543253
0.066303
0.0643919
0.100181
0.0534529
0.0626235
0.0597196
0.0453361
0.0598983
0.0632151
0.100145
0.0961412
0.0833305
0.0604543
0.0689077
0.0531816
0.0597668
0.123927
0.313274
0.0512768
0.0574337
0.200678
0.176888
0.0441136
0.0718019
0.139384
0.0686422
0.370767
0.0376101
0.0487002
0.243204
0.0548024
0.251567
0.0414034
0.0639777
0.19844
0.112385
0.0495191
0.0629217
0.264736
0.17031
0.0767433
0.0491514
0.0764994
0.0676179
0.0574571
0.0616019
0.0666165
0.0431479
0.126676
0.186657
0.0542231
0.0805779
0.118611
0.0641419
0.0605924
0.0424855
0.0328679
0.0451247
0.058142
0.132832
0.0484617
0.0492124
0.0422506
0.0669113
0.151442
0.0591202
0.346521
0.0850136
0.0328884
0.0443855
0.0483002
0.0319635
0.0521358
0.0386569
0.0671469
0.0555226
0.0576601
0.0773554
0.0610125
0.174446
0.0984994
0.0895213
0.0825759
0.0412029
0.0782099
0.0837496
0.0596023
0.0371996
0.223009
0.225341
0.0643074
0.0336689
0.0464269
0.0548196
0.145067
0.121777
0.119871
0.146612
0.0642552
0.0725284
0.0581028
0.142575
0.0613135
0.124825
0.165489
0.155193
0.0665693
0.0560749
0.0568757
0.121694
0.0840872
0.0385561
0.203326
0.0591919
0.076298
0.0715673
0.0550004
0.0750788
0.0970293
0.0593769
0.0584657
0.252137
0.0636931
0.288236
0.0388279
0.190537
0.0847762
0.0476001
0.103049
0.0951847
0.355175
0.0523802
0.107272
0.0547052
0.0541993
0.0595747
0.0851009
0.0936987
0.11619
0.165411
0.0357311
0.11875
0.0795587
0.0922084
0.496516
0.129602
0.0968843
0.12402
0.0605731
0.186859
0.060869
0.0569868
0.0584489
0.330023
0.13977
0.0660723
0.108943
0.0544013
0.0487305
0.098966
0.0438469
0.0452197
0.0570842
0.0659427
0.195816
0.0393972
0.042792
0.0182432
0.270884
0.0681105
0.10255
0.0466673
0.0641908
0.204564
0.0471333
0.034474
0.168586
0.0674859
0.0468458
0.0364057
0.0835117
0.201672
0.0801049
0.0553372
0.243308
0.284396
0.0621461
0.049525
0.0901491
0.127183
0.041935
0.0506089
0.0507296
0.0441718
0.0388928
0.0648917
0.0438839
0.218309
0.0521464
0.0646492
0.0913293
0.0546022
0.0673026
0.0546176
0.100484
0.0509105
0.0585059
0.0673353
0.0708422
0.0461913
0.170676
0.0447883
0.0470358
0.0551149
0.0915751
0.0668616
0.0625736
0.0452839
0.0885344
0.0299558
0.152986
0.127251
0.334976
0.0652546
0.11391
0.0564004
0.0193887
0.0501416
0.0897229
0.335947
0.112044
0.137206
0.0767226
0.170152
0.232367
0.0426169
0.066109
0.0986342
0.0611676
0.0395143
0.0571709
0.0639987
0.100588
0.0477323
0.0547123
0.0154739
0.0905217
0.128078
0.0408457
0.428395
0.235977
0.0641695
0.0608997
0.0588783
0.0919673
0.0468636
0.0492517
0.246746
0.0521758
0.0945327
0.293785
0.0611777
0.0540137
0.0927554
0.273198
0.175354
0.0617856
0.303766
0.0520859
0.099928
0.056881
0.0650648
0.0886062
0.0667459
0.24263
0.188641
0.0927909
0.080763
0.135696
0.0604075
0.31312
0.0435388
0.0927846
0.0509134
0.0654445
0.221686
0.0701983
0.0723148
0.0467395
0.062412
0.166746
0.0550171
0.0496458
0.0681408
0.0603194
0.0604199
0.0445628
0.046873
0.0910256
0.0710656
0.146347
0.0521559
0.0518479
0.0459781
0.310523
0.151122
0.259274
0.185846
0.289971
0.0711649
0.0523577
0.0873488
0.0525728
0.053897
0.0400425
0.226986
0.0555756
0.113701
0.0465058
0.0555904
0.149314
0.0446566
0.0579582
0.0617747
0.0544756
0.093969
0.0596867
0.0708023
0.279187
0.0565087
0.332669
0.0592539
0.0437772
0.0423808
0.0735408
0.0869994
0.0532584
0.0636068
0.257097
0.037488
0.064426
0.0633871
0.0439301
0.0445656
0.0243774
0.0825681
0.515843
0.186253
0.0504554
0.0422095
0.289108
0.121196
0.042287
0.0465968
0.088232
0.0861729
0.131842
0.053348
0.0769805
0.0641811
0.0497974
0.0852739
0.0799471
0.0759975
0.0552308
0.0550308
0.0883736
0.0485799
0.0577567
0.0616501
0.0556497
0.0965133
0.101602
0.04408
0.220815
0.383341
0.195102
0.028018
0.0579418
0.053746
0.045833
0.0530217
0.0506341
0.353645
0.407541
0.0644268
0.225758
0.0400695
0.0499222
0.0441677
0.165307
0.108678
0.0438115
0.122137
0.313387
0.22571
0.0597432
0.160895
0.0478631
0.0771123
0.102443
0.0449094
0.147293
0.0382277
0.223112
0.0620183
0.126472
0.0925309
0.060475
0.0558272
0.0653412
0.0439349
0.163923
0.105777
0.0856186
0.0407209
0.0766865
0.0766198
0.0486785
0.0581887
0.0588136
0.151753
0.102405
0.132833
0.255562
0.0505576
0.0771683
0.0632605
0.0912031
0.112652
0.0740977
0.0914941
0.0678872
0.0592808
0.156646
0.128042
0.0415493
0.0921599
0.0672649
0.0466399
0.445831
0.0746947
0.0455736
0.055766
0.0381132
0.055912
0.0471573
0.0686104
0.133225
0.0245036
0.0583608
0.056139
0.0811969
0.065351
0.425972
0.0637086
0.056152
0.041354
0.0620139
0.0958961
0.113349
0.100557
0.293968
0.097383
0.0518955
0.0458229
0.0596764
0.0392322
0.0594299
0.131424
0.0765573
0.110707
0.0540623
0.0507216
0.0705878
0.0335234
0.364253
0.0444387
0.109968
0.0668882
0.107987
0.131682
0.158564
0.186048
0.0713573
0.0541645
0.0745116
0.21648
0.137416
0.0478455
0.0481784
0.0626678
0.153024
0.100515
0.192644
0.0379172
0.172247
0.106621
0.16836
0.0479071
0.0755402
0.0782407
0.197067
0.072235
0.102827
0.327152
0.0430879
0.0949883
0.0632529
0.32756
0.167102
0.060767
0.0417924
0.0564085
0.0639306
0.0558469
0.0848496
0.0633875
0.0528502
0.064538
0.106868
0.057913
0.051859
0.0449692
0.0412278
0.260433
0.143181
0.04803
0.117892
0.0356575
0.0656004
0.0257472
0.107995
0.0511985
0.0619071
0.447425
0.0505533
0.0408914
0.0904872
0.105853
0.0524672
0.0406178
0.201439
0.0505578
0.0592302
0.0552522
0.0832708
0.17159
0.0434992
0.0723841
0.0601088
0.0743015
0.0776405
0.228109
0.0734629
0.178562
0.0398818
0.504847
0.0654329
0.0538369
0.0554859
0.0537832
0.063403
0.0563941
0.358439
0.0690773
0.0990016
0.413246
0.100395
0.0863371
0.0890782
0.0700518
0.086105
0.109359
0.305987
0.0595602
0.227365
0.143849
0.0442133
0.0807358
0.133824
0.072127
0.231565
0.0560657
0.413647
0.0479736
0.0526175
0.0606976
0.104883
0.0169371
0.462957
0.0918304
0.0795287
0.0848765
0.049831
0.179182
0.192193
0.42693
0.0593206
0.0686971
0.157393
0.031763
0.399242
0.0663645
0.0947573
0.0768772
0.0861496
0.0519049
0.0593087
0.140775
0.0470846
0.478658
0.0571696
0.0431427
0.0926412
0.0697233
0.129366
0.209429
0.182136
0.217099
0.0522481
0.0867626
0.0876008
0.107256
0.0749692
0.0709361
0.0685978
0.0415505
0.12523
0.0611773
0.0503304
0.108379
0.0576118
0.0446094
0.0598874
0.312306
0.0458842
0.066045
0.0506515
0.0245198
0.139305
0.0304862
0.0642644
0.171197
0.122789
0.0560484
0.0557267
0.0612608
0.0635086
0.0631336
0.0647667
0.0587313
0.264533
0.144509
0.120395
0.316517
0.0730763
0.0729437
0.0453077
0.178693
0.0790464
0.0578984
0.097321
0.0489629
0.111122
0.0765669
0.178023
0.0705669
0.0862436
0.112558
0.336132
0.0594628
0.0603618
0.0559173
0.0585389
0.0464869
0.0360343
0.0388047
0.0628504
0.122176
0.05404
0.0621246
0.0728326
0.0719326
0.0395156
0.0894649
0.0614581
0.071246
0.0604852
0.0586895
0.0559727
0.0735882
0.213554
0.0523919
0.045847
0.0511526
0.044399
0.0904732
0.0484488
0.0496972
0.0623314
0.0727514
0.0590506
0.0604967
0.0575592
0.054494
0.0512232
0.0659405
0.0917597
0.0568816
0.0560211
0.306643
0.213388
0.106238
0.0911237
0.0480487
0.0463989
0.0652695
0.0749566
0.0507305
0.0712497
0.0943798
0.100396
0.0828627
0.0645789
0.0635535
0.0662446
0.0981781
0.0430713
0.0440389
0.107757
0.0560321
0.353511
0.0328335
0.0926119
0.0288276
0.0545523
0.0530722
0.0503993
0.179947
0.0491211
0.0916938
0.0966454
0.197263
0.340839
0.0631112
0.0410958
0.0487841
0.0786436
0.0437018
0.0565068
0.119972
0.0457021
0.122098
0.174711
0.0949079
0.0449981
0.0346169
0.0732505
0.10111
0.0344714
0.0453926
0.0981155
0.0422855
0.0617435
0.139611
0.124645
0.0537449
0.0803858
0.12194
0.05144
0.0376604
0.0885711
0.0313226
0.0790637
0.0626668
0.565525
0.0600496
0.0580392
0.0434197
0.0741081
0.0738234
0.0629555
0.096477
0.109306
0.0674636
0.0802741
0.0665018
0.062502
0.07171
0.0986142
0.0344897
0.0666252
0.0549612
0.0352818
0.0256412
0.0520972
0.0582526
0.145583
0.0490118
0.0706373
0.440314
0.0856071
0.263446
0.044706
0.0656745
0.0574934
0.173263
0.280324
0.0971034
0.141934
0.0626997
0.0643037
0.0872473
0.0663105
0.0519644
0.0670836
0.0543762
0.174284
0.256394
0.0804338
0.0731066
0.0522923
0.060825
0.0942561
0.0574346
0.037358
0.0894152
0.231194
0.160642
0.0911604
0.0549996
0.0432499
0.0547071
0.0560048
0.0774078
0.0556733
0.0535944
0.043956
0.0424549
0.0641342
0.11019
0.193424
0.0595151
0.206892
0.0625486
0.0469012
0.132199
0.0578364
0.0518405
0.0838758
0.149774
0.129169
0.140817
0.0430774
0.0560574
0.0552177
0.110594
0.0921007
0.0361392
0.0904304
0.0670747
0.184206
0.0553046
0.0618644
0.032463
0.06239
0.0553203
0.128037
0.0448297
0.0538164
0.0331042
0.0617797
0.0755041
0.0577453
0.108443
0.0496474
0.0896567
0.0901045
0.0608625
0.0578791
0.100316
0.0715512
0.0542859
0.0651769
0.0422723
0.0600786
0.0578664
0.0403432
0.0519815
0.0920959
0.0831502
0.0489551
0.299465
0.142621
0.289021
0.0883858
0.0513411
0.343882
0.0435554
0.0428087
0.487216
0.0445895
0.379554
0.103775
0.123287
0.0639862
0.106384
0.0577286
0.0526594
0.0431574
0.20659
0.0493902
0.0843233
0.129251
0.20732
0.0560964
0.462305
0.12282
0.105043
0.0615778
0.102688
0.0637463
0.22179
0.187275
0.0469749
0.0896771
0.0691018
0.0934283
0.0801719
0.0766872
0.0673147
0.0726758
0.113931
0.090543
0.0899647
0.0521155
0.0394294
0.0588219
0.226425
0.102706
0.431058
0.0734535
0.111141
0.132485
0.0576427
0.0417023
0.0647801
0.448049
0.0525926
0.045206
0.0561472
0.15199
0.210146
0.0711501
0.0471067
0.102181
0.0984184
0.118482
0.262774
0.0545937
0.391851
0.197642
0.0650078
0.0564314
0.0579359
0.120051
0.0677194
0.0555302
0.0863417
0.283952
0.0470888
0.0362344
0.0428526
0.48547
0.10947
0.0502345
0.0618279
0.121681
0.0399641
0.0416104
0.0875694
0.0728869
0.0623772
0.0618467
0.107936
0.0562588
0.0340391
0.415184
0.0535523
0.0499832
0.094541
0.0450746
0.0495221
0.0805087
0.0717065
0.0521394
0.0825035
0.0606421
0.0640308
0.0519385
0.0654366
0.0584549
0.0582481
0.0630225
0.0683287
0.137772
0.0691655
0.0515704
0.184318
0.47718
0.108982
0.0629502
0.115875
0.0451993
0.0630486
0.0629182
0.0601126
0.0441746
0.219425
0.0372368
0.0661926
0.051524
0.0603485
0.0560615
0.0496792
0.064446
0.0543024
0.0778921
0.0585551
0.124176
0.0186706
0.118768
0.0509519
0.0618081
0.0403597
0.106422
0.209076
0.153712
0.1066
0.109121
0.0533719
0.044529
0.24739
0.0620643
0.228744
0.0953371
0.0807959
0.0572903
0.156019
0.634412
0.0807781
0.426058
0.14212
0.139265
0.0622388
0.0805955
0.122748
0.163714
0.12823
0.293862
0.0545241
0.0331393
0.0569498
0.041132
0.0481062
0.11732
0.34407
0.0981494
0.0593349
0.0631688
0.0546648
0.223947
0.0572375
0.032435
0.0596779
0.356185
0.0622069
0.0541049
0.25778
0.0559196
0.074333
0.0500508
0.0937903
0.0442776
0.205642
0.146355
0.0668902
0.0592779
0.200993
0.0403924
0.0552606
0.0269055
0.0490287
0.127727
0.0558714
0.0346027
0.0500348
0.0639625
0.10725
0.0398204
0.0747562
0.0591618
0.106443
0.0532271
0.0483156
0.0622761
0.06212
0.0740497
0.158348
0.0456119
0.0572058
0.214101
0.0904724
0.0487412
0.213487
0.0782031
0.0621517
0.182468
0.0674784
0.0607003
0.0517949
0.234664
0.205266
0.0533542
0.106137
0.052394
0.0371974
0.0416524
0.0729796
0.506444
0.152873
0.073888
0.061176
0.0504676
0.0578085
0.0627387
0.0788015
0.0963572
0.0447305
0.513672
0.0875337
0.0885268
0.527635
0.033721
0.0620562
0.229019
0.0641797
0.178859
0.115718
0.0651674
0.0524655
0.0470663
0.155464
0.0873605
0.0447343
0.0766383
0.329421
0.121291
0.0658302
0.0515415
0.0573733
0.0638616
0.0521756
0.0601359
0.049394
0.0453226
0.0410857
0.0670314
0.3403
0.0628922
0.0576932
0.0919033
0.0573118
0.038863
0.184478
0.0464248
0.0624018
0.0617965
0.0697789
0.0363109
0.0497385
0.0535208
0.0464189
0.0692353
0.0883064
0.186435
0.0632044
0.0430851
0.0885027
0.0577149
0.0460533
0.0517095
0.0847027
0.0547812
0.380462
0.0427349
0.0826837
0.0934031
0.0342364
0.054928
0.052055
0.0391536
0.105142
0.0535363
0.234133
0.0427767
0.0410332
0.557519
0.0509231
0.0733185
0.0481921
0.173926
0.0486963
0.407712
0.2875
0.0841102
0.0610389
0.150061
0.0598577
0.0599224
0.0622464
0.0574152
0.0898078
0.0528748
0.200684
0.174398
0.104392
0.0427975
0.0646343
0.3172
0.11952
0.0724269
0.0534456
0.306544
0.065212
0.630021
0.18508
0.0510138
0.041665
0.0470379
0.0500782
0.160055
0.0623069
0.403717
0.149797
0.058161
0.498045
0.0298923
0.065666
0.335718
0.474483
0.0958632
0.103399
0.18214
0.26859
0.0636357
0.0946395
0.177995
0.052189
0.140368
0.0400939
0.0716436
0.104089
0.0838584
0.0405423
0.0965914
0.124654
0.0387044
0.0596524
0.0384347
0.243874
0.119402
0.127442
0.0801854
0.0662797
0.0879047
0.0373311
0.0932603
0.104678
0.0517711
0.0450091
0.114658
0.0438251
0.358391
0.169681
0.0580559
0.058015
0.0365062
0.0482849
0.0519514
0.402566
0.0978676
0.0562306
0.14029
0.0662585
0.0797954
0.174022
0.101811
0.0511309
0.0636328
0.0488144
0.0368572
0.221906
0.0481242
0.143363
0.144051
0.0569318
0.145393
0.0744423
0.049226
0.0648873
0.485563
0.0779558
0.0546269
0.0693557
0.0583844
0.0586315
0.163912
0.648707
0.149557
0.0464376
0.0554694
0.063351
0.259517
0.11729
0.0610624
0.185334
0.0435494
0.0523707
0.0445542
0.0922384
0.186132
0.151738
0.0532438
0.0975425
0.113882
0.137587
0.270311
0.0628422
0.0523872
0.143115
0.0477112
0.0572302
0.0688654
0.0526388
0.0367522
0.108265
0.0497724
0.386131
0.0692599
0.0658531
0.140127
0.0600037
0.0728838
0.029931
0.0745509
0.0759687
0.0871343
0.188986
0.057754
0.224768
0.0515608
0.0461497
0.100892
0.231492
0.0320343
0.165314
0.0588145
0.0358281
0.150641
0.178029
0.299498
0.37541
0.115642
0.197404
0.13836
0.186221
0.0891362
0.138363
0.0463628
0.0609434
0.0568922
0.226875
0.0568031
0.0564383
0.192311
0.0190426
0.0329537
0.342323
0.172289
0.0362259
0.263787
0.0595408
0.140217
0.0608457
0.056762
0.0962721
0.123536
0.088376
0.0874726
0.0536002
0.0586325
0.0547403
0.328339
0.046233
0.0340453
0.04257
0.168678
0.118648
0.138107
0.0523642
0.201601
0.0619017
0.0978363
0.087733
0.110762
0.0404092
0.0510132
0.062678
0.0676589
0.0834563
0.119615
0.0517194
0.0664125
0.117368
0.0537307
0.081022
0.0269271
0.179962
0.0574766
0.0482006
0.0576771
0.0792321
0.103141
0.063911
0.0634521
0.0492849
0.0523031
0.388963
0.053784
0.0598681
0.064669
0.088372
0.0541496
0.0740816
0.0299477
0.106561
0.0578524
0.120754
0.0430363
0.289427
0.0549164
0.0461865
0.102706
0.117531
0.333484
0.128997
0.0615492
0.0550999
0.0705217
0.176133
0.0895555
0.0558959
0.0565452
0.0715769
0.0912197
0.0991365
0.103303
0.0441185
0.0538075
0.093828
0.0601458
0.0556597
0.23305
0.0571206
0.0619811
0.0843425
0.0514909
0.133109
0.131535
0.0579122
0.022833
0.125648
0.117815
0.0555273
0.0605772
0.200855
0.078539
0.211669
0.0561294
0.213904
0.0558944
0.040062
0.30966
0.0465664
0.0731437
0.110766
0.0519824
0.072825
0.0488762
0.0458737
0.429968
0.0660005
0.0567178
0.0655043
0.0462808
0.0524817
0.0630973
0.035965
0.048216
0.182144
0.271599
0.0917942
0.144885
0.216458
0.0619951
0.0490988
0.0471591
0.102958
0.303417
0.0689169
0.15257
0.0649491
0.0639226
0.0542331
0.0864546
0.0880707
0.0500956
0.0625255
0.0542395
0.249064
0.056002
0.204818
0.0635938
0.0447635
0.0815286
0.168506
0.0623753
0.0841248
0.222773
0.0775069
0.0350809
0.032623
0.116055
0.117631
0.285481
0.322142
0.0599221
0.0822677
0.0769991
0.04496
0.222331
0.0482893
0.0546404
0.043742
0.0544343
0.129165
0.0545736
0.0770602
0.0682458
0.0608752
0.281961
0.138305
0.0577605
0.0955873
0.0807883
0.0411404
0.0811243
0.084095
0.0582913
0.0269456
0.115659
0.0457628
0.372253
0.041606
0.213636
0.0693867
0.133952
0.0940197
0.0549547
0.234302
0.0730577
0.237538
0.334724
0.0543709
0.261474
0.0736015
0.123606
0.107406
0.069813
0.238425
0.0645979
0.0643771
0.34843
0.0562062
0.0410262
0.0813939
0.209953
0.0531223
0.0839479
0.0627138
0.0481619
0.21454
0.406953
0.0460488
0.0624287
0.167542
0.0431049
0.0446316
0.0531204
0.0434698
0.0858544
0.0514198
0.0451503
0.365665
0.0431593
0.0973808
0.0670992
0.0439779
0.0539498
0.0380033
0.0895759
0.0364468
0.0800869
0.164236
0.469008
0.0786465
0.0866913
0.0554884
0.0566532
0.139346
0.133622
0.0451588
0.0600742
0.106952
0.0495752
0.0458067
0.0536072
0.131167
0.0643284
0.28315
0.064249
0.0937984
0.226445
0.0347947
0.12375
0.125439
0.0525914
0.0601358
0.1453
0.0613472
0.0570612
0.0427676
0.448952
0.137022
0.108805
0.0622726
0.172427
0.0567221
0.0537654
0.124581
0.1316
0.205886
0.0570007
0.0473939
0.269726
0.0625436
0.163253
0.200453
0.210114
0.176553
0.0407167
0.040726
0.0513195
0.128626
0.0710185
0.0618708
0.0559453
0.161111
0.0341252
0.0562175
0.0480222
0.0624466
0.0639516
0.0924419
0.104867
0.0927115
0.0525239
0.130735
0.0532384
0.08875
0.0924087
0.318498
0.0627774
0.0568553
0.399285
0.101686
0.161964
0.180849
0.339439
0.549224
0.162644
0.0476547
0.0647413
0.602467
0.053868
0.0673333
0.0594217
0.107708
0.0595366
0.0295082
0.224545
0.0573703
0.264729
0.0470275
0.0919401
0.0692901
0.0181683
0.0981554
0.0424751
0.0418353
0.0520252
0.10998
0.0711338
0.0806396
0.0382741
0.103704
0.0829237
0.0728209
0.081331
0.0516681
0.172812
0.0641504
0.058199
0.0977325
0.0617813
0.0424882
0.0470531
0.0592121
0.0358435
0.0430009
0.0552452
0.0591909
0.0635183
0.0842383
0.054669
0.120037
0.126386
0.0716918
0.0727111
0.0754274
0.121903
0.243651
0.0438497
0.0583764
0.348695
0.040405
0.062128
0.190042
0.108211
0.394269
0.0607052
0.0525094
0.0663515
0.0506644
0.267475
0.0661353
0.0436668
0.391225
0.197612
0.0534215
0.339844
0.366336
0.132458
0.0629882
0.0625078
0.155368
0.453772
0.0522747
0.0867946
0.389063
0.286047
0.0888607
0.0672185
0.0503923
0.0993308
0.0608233
0.155592
0.0291622
0.0569943
0.0461239
0.0274959
0.0777972
0.0474712
0.0468189
0.0659895
0.0531451
0.0597454
0.116693
0.089793
0.0472375
0.0526948
0.060387
0.056949
0.110328
0.0445968
0.310036
0.0579791
0.183327
0.170728
0.0478933
0.0581138
0.0972408
0.0576878
0.0482476
0.0722292
0.0239235
0.0668399
0.0458055
0.0572631
0.427957
0.0533555
0.121686
0.12889
0.0394602
0.208361
0.143492
0.0351042
0.029296
0.0883097
0.0900071
0.0693959
0.0935207
0.0498325
0.160676
0.0626206
0.120455
0.064755
0.0374416
0.119404
0.0416684
0.0668344
0.129996
0.0576632
0.0539536
0.0658311
0.137823
0.0596138
0.0577144
0.140648
0.135778
0.0470099
0.0775294
0.0653694
0.0406515
0.0583414
0.0540063
0.0501249
0.127295
0.0612453
0.440296
0.0444485
0.0609271
0.335162
0.0724842
0.288002
0.0626552
0.0516387
0.116813
0.0474918
0.106096
0.0629771
0.0782024
0.053446
0.0487486
0.0631256
0.405776
0.050083
0.276766
0.0794665
0.0547724
0.0561034
0.107876
0.357378
0.335237
0.111478
0.0484929
0.113376
0.194644
0.24427
0.0389061
0.0558894
0.0618283
0.386792
0.059901
0.0965743
0.057931
0.0439852
0.0528946
0.0579261
0.064858
0.158812
0.267664
0.0618234
0.0642636
0.0451989
0.317604
0.453234
0.060452
0.0706495
0.123974
0.138781
0.0520349
0.336805
0.0703836
0.0571973
0.0484757
0.0979319
0.0478057
0.0606616
0.0564468
0.0582452
0.133765
0.031416
0.0507123
0.165966
0.0496354
0.0452403
0.481179
0.0722223
0.0284563
0.0666231
0.111197
0.126008
0.102395
0.120675
0.0453603
0.0544223
0.0899932
0.055756
0.0593603
0.131504
0.145508
0.0863682
0.0430147
0.214268
0.27833
0.0464079
0.256323
0.044537
0.0623129
0.0663535
0.255651
0.0551697
0.539562
0.148577
0.070719
0.0824536
0.0945828
0.0650341
0.119504
0.0664995
0.0931978
0.423129
0.0652481
0.27297
0.124086
0.0604061
0.0403744
0.0602135
0.0593023
0.533028
0.0581267
0.0408494
0.0803383
0.0507265
0.208548
0.15077
0.0458667
0.133282
0.109419
0.0409364
0.0430167
0.0759019
0.0940072
0.0512302
0.0606725
0.0501959
0.0635281
0.0446284
0.0481021
0.0686964
0.0875229
0.142154
0.0890964
0.0571147
0.0834005
0.0551987
0.103752
0.0637147
0.066918
0.0506884
0.0698959
0.0524893
0.0383968
0.0600974
0.0506655
0.263069
0.10726
0.256891
0.130357
0.436042
0.057783
0.124358
0.0631357
0.0671843
0.0950976
0.0653015
0.0548121
0.0707144
0.0445276
0.0457041
0.0556408
0.0739525
0.0681607
0.0864872
0.268162
0.067907
0.0326175
0.0995491
0.303781
0.0716453
0.23557
0.0453643
0.343378
0.200006
0.222584
0.074502
0.293864
0.0531978
0.665357
0.0510461
0.0843517
0.10284
0.0655573
0.067967
0.0383766
0.307264
0.0794002
0.038508
0.280724
0.154493
0.253367
0.0459543
0.0834275
0.051757
0.0522755
0.119029
0.162714
0.136402
0.0742327
0.063835
0.200918
0.077293
0.0809215
0.0598096
0.0511192
0.0910835
0.0449184
0.209251
0.0785453
0.0504208
0.0635509
0.515776
0.0823472
0.147541
0.10614
0.297518
0.126782
0.0591867
0.0543833
0.0649318
0.079521
0.0379563
0.0403657
0.0905615
0.0709858
0.147221
0.0575613
0.0861048
0.062027
0.0594413
0.119836
0.0771981
0.110791
0.0510803
0.0593952
0.106232
0.164751
0.128162
0.0636728
0.122578
0.0958772
0.181846
0.0961195
0.0802328
0.150954
0.0518818
0.0451275
0.109111
0.0410055
0.108386
0.0441349
0.0601748
0.0644918
0.11742
0.107572
0.0581859
0.0424042
0.0443621
0.100014
0.0683383
0.0778592
0.0572854
0.182629
0.191352
0.060974
0.0859831
0.189549
0.0756361
0.379618
0.0567618
0.0647754
0.092311
0.0846134
0.0585687
0.0695782
0.149209
0.0483406
0.204171
0.0996928
0.0793745
0.0567341
0.057747
0.051991
0.0857296
0.0664041
0.154154
0.0814731
0.0710941
0.121354
0.629439
0.296665
0.0524548
0.0592202
0.400281
0.0541998
0.574729
0.0505729
0.346132
0.0708564
0.052551
0.0624211
0.0602563
0.0690573
0.29684
0.264367
0.0580531
0.117578
0.0842039
0.0986095
0.0724414
0.0476505
0.106542
0.0680224
0.0456663
0.0430648
0.05313
0.0594395
0.064259
0.0599907
0.0703498
0.140342
0.0425794
0.105618
0.0369318
0.237443
0.0719466
0.0629226
0.0433691
0.284893
0.0661089
0.0772836
0.0922114
0.293058
0.0957277
0.133793
0.0916271
0.0484887
0.129426
0.102299
0.0553948
0.102636
0.0878449
0.103452
0.0656442
0.0491212
0.0551961
0.0466733
0.202662
0.0510663
0.0620197
0.0550455
0.423402
0.062547
0.0550353
0.281255
0.0650825
0.44589
0.098651
0.137532
0.045462
0.115697
0.180603
0.592691
0.0840869
0.0610607
0.105251
0.0551116
0.307924
0.0879951
0.0646459
0.0524477
0.246755
0.06785
0.0723969
0.0495558
0.0370951
0.0713339
0.0392944
0.0964505
0.0567992
0.0800126
0.147092
0.0616686
0.0706106
0.0539531
0.104746
0.0617414
0.316392
0.17192
0.0818074
0.445457
0.0519933
0.0540806
0.053983
0.137405
0.371708
0.0510413
0.0724141
0.0511178
0.0435027
0.0583513
0.209283
0.0525723
0.0577945
0.0959322
0.0422963
0.0519448
0.0569051
0.0539385
0.332915
0.065093
0.0941076
0.336891
0.446555
0.0724054
0.079123
0.0590224
0.0748117
0.171405
0.0735757
0.0552465
0.0514413
0.0626185
0.0907862
0.0599735
0.123674
0.0702839
0.0679902
0.0389004
0.332329
0.0738129
0.0423642
0.10863
0.049353
0.0947141
0.0337803
0.414478
0.232319
0.0967216
0.0891866
0.0343269
0.109527
0.0418612
0.0378541
0.0560794
0.0453912
0.429738
0.0563172
0.152517
0.0627312
0.047859
0.617861
0.199185
0.0757937
0.129635
0.0544541
0.0499635
0.0670437
0.0541199
0.122117
0.0547706
0.0646059
0.0868909
0.0328026
0.168082
0.220359
0.0579923
0.0644154
0.124793
0.111453
0.322167
0.0541995
0.0544503
0.0397514
0.0501059
0.050176
0.226224
0.110563
0.147818
0.0572502
0.317636
0.040527
0.0754791
0.0600181
0.051695
0.0731056
0.31613
0.0684357
0.0740622
0.0598212
0.0625577
0.128778
0.0471353
0.117803
0.0592494
0.0693641
0.0533035
0.0650543
0.0838553
0.0521963
0.0553688
0.551248
0.0611513
0.0341993
0.063084
0.0638079
0.0871584
0.0662709
0.0921272
0.0583931
0.0462285
0.0485408
0.0383952
0.152897
0.0571376
0.402176
0.0595254
0.0457285
0.0453581
0.044477
0.362275
0.141381
0.0363332
0.0681613
0.0687577
0.0668898
0.113227
0.0293139
0.0443673
0.107101
0.0601449
0.056899
0.0848701
0.0659
0.0565836
0.108282
0.0625416
0.179067
0.0657377
0.0469364
0.0183901
0.367963
0.0606999
0.048139
0.0517989
0.0513843
0.0543654
0.135508
0.102283
0.0569189
0.0813636
0.104784
0.171759
0.320825
0.0514042
0.0816394
0.0591524
0.0687324
0.057959
0.0499508
0.0608503
0.199219
0.173642
0.0411658
0.0606446
0.108739
0.0701989
0.0483713
0.0925124
0.347933
0.0616265
0.107552
0.053007
0.129134
0.0488761
0.063587
0.0432097
0.0605345
0.0640943
0.210389
0.0784508
0.0431165
0.166779
0.0896936
0.178626
0.0650057
0.469893
0.0582898
0.135595
0.432367
0.0478077
0.286851
0.0499235
0.477577
0.0646851
0.167289
0.151701
0.0570016
0.141416
0.131518
0.302861
0.15701
0.166836
0.147624
0.336589
0.0754468
0.271896
0.119706
0.308042
0.0715229
0.068699
0.0474965
0.0648383
0.056941
0.0459764
0.0642196
0.0374173
0.40267
0.19076
0.0544947
0.17029
0.127327
0.208872
0.0434667
0.0535407
0.304054
0.0386352
0.0686193
0.122405
0.053794
0.0419857
0.425517
0.0534384
0.0670857
0.504001
0.0639891
0.141511
0.11723
0.0486142
0.289911
0.0654705
0.032184
0.0669166
0.056858
0.407029
0.0515801
0.0546649
0.0765165
0.0844131
0.0393761
0.0526756
0.195623
0.29915
0.0632038
0.179431
0.0553968
0.0344869
0.151001
0.0544161
0.0627092
0.111447
0.0874337
0.287389
0.0410908
0.173817
0.394275
0.374131
0.0512011
0.061219
0.0284165
0.287943
0.0826512
0.0789427
0.287573
0.214546
0.0590491
0.0326763
0.215139
0.0698176
0.146405
0.0643566
0.042491
0.129488
0.305936
0.355242
0.126797
0.0523481
0.0593104
0.140584
0.073622
0.0389139
0.101585
0.043366
0.0752733
0.0356368
0.190338
0.0598688
0.151691
0.0673223
0.0379012
0.0674373
0.553129
0.0557643
0.1038
0.066284
0.0352011
0.0647664
0.0980653
0.127883
0.0401852
0.112251
0.0579647
0.0274144
0.154282
0.0500103
0.0892907
0.0769381
0.0331884
0.109787
0.0532012
0.0718348
0.0546364
0.0361892
0.0650398
0.224733
0.0696066
0.281706
0.0477296
0.068615
0.0590521
0.0501874
0.0873806
0.118702
0.054678
0.539931
0.121165
0.0603072
0.0563505
0.0587093
0.113953
0.046121
0.0525393
0.0487214
0.0484404
0.0761994
0.106249
0.401831
0.107034
0.222191
0.105949
0.07893
0.424417
0.507107
0.121207
0.0399641
0.111317
0.315472
0.0683986
0.346174
0.0386936
0.0516846
0.0628662
0.0570507
0.0429345
0.0673727
0.0535549
0.0526931
0.0571456
0.0509398
0.377404
0.0616785
0.185373
0.195336
0.0664473
0.0548621
0.313434
0.044362
0.189375
0.0453056
0.082508
0.0600258
0.0611618
0.0573147
0.0591839
0.24861
0.036861
0.0459361
0.0646754
0.0605424
0.0652334
0.084569
0.0785964
0.135607
0.0743393
0.0522062
0.0550378
0.0869989
0.106828
0.10514
0.05631
0.0937297
0.0457863
0.0632282
0.0454692
0.0840347
0.055572
0.180829
0.0396876
0.318461
0.17061
0.473044
0.261669
0.0623298
0.0593946
0.183164
0.489479
0.0440512
0.399154
0.0595693
0.210413
0.0419296
0.0774289
0.185624
0.0530403
0.0421235
0.102558
0.128941
0.0695178
0.11772
0.0236103
0.0837798
0.0938421
0.109428
0.0864113
0.195291
0.285732
0.0895665
0.0440465
0.0585035
0.0461329
0.0914243
0.386618
0.143581
0.0409699
0.197283
0.0475148
0.0399232
0.073175
0.040791
0.038256
0.0654512
0.0667699
0.0184121
0.0466324
0.0510912
0.0420755
0.0593666
0.0627784
0.060374
0.0678857
0.0528552
0.0468039
0.101107
0.0507587
0.0923597
0.236852
0.0613147
0.0564428
0.0444456
0.0672247
0.0339498
0.0685715
0.044817
0.0676197
0.044756
0.0648877
0.0528198
0.0961037
0.0676009
0.356863
0.0609545
0.0615577
0.0599403
0.0550647
0.212672
0.0352635
0.069268
0.0690618
0.148361
0.0327989
0.0475729
0.0666
0.107852
0.461341
0.0468508
0.0424551
0.056706
0.0930494
0.0654009
0.0303313
0.105205
0.0575979
0.0518455
0.0913566
0.459748
0.0769888
0.0762655
0.0525555
0.155191
0.0462724
0.0606021
0.053629
0.0995087
0.274489
0.0474636
0.0461469
0.0682615
0.0472402
0.177745
0.217749
0.0584648
0.0708567
0.285073
0.0647647
0.0563856
0.177049
0.0441307
0.0714097
0.0794297
0.0803349
0.135113
0.159802
0.0561574
0.112516
0.114924
0.119647
0.0740802
0.0675114
0.0666021
0.146941
0.066138
0.106592
0.0546777
0.0791299
0.0433323
0.0273581
0.0748737
0.216666
0.219466
0.0608498
0.0718375
0.0635724
0.077851
0.0617854
0.0734923
0.293705
0.21458
0.0508272
0.12247
0.0381686
0.0473372
0.319262
0.0293822
0.0554379
0.0594138
0.0645091
0.0638936
0.0544175
0.0971493
0.0841499
0.156562
0.064993
0.107397
0.154167
0.0587083
0.0556997
0.125491
0.0409447
0.222066
0.148899
0.0994592
0.439012
0.0567363
0.0575808
0.0614845
0.0574813
0.0607068
0.0856974
0.0560704
0.247815
0.065461
0.204469
0.055988
0.0599799
0.125092
0.0873259
0.100457
0.375236
0.0988943
0.0404404
0.0875256
0.0218546
0.0548303
0.0708624
0.0536562
0.0846627
0.0487201
0.0587327
0.0780676
0.265541
0.0633283
0.0902947
0.0632118
0.0397388
0.0487201
0.0452828
0.0699452
0.0421264
0.058531
0.030345
0.0596599
0.0422761
0.0386218
0.143588
0.0235313
0.115421
0.0488781
0.107173
0.134963
0.0322426
0.0890165
0.044121
0.0494572
0.0663021
0.0541844
0.0424646
0.171056
0.066778
0.0638471
0.0471203
0.0619339
0.0606413
0.0383514
0.0378095
0.543666
0.0378328
0.0505899
0.0584956
0.0654219
0.0580168
0.214248
0.0807717
0.0972493
0.0565778
0.0593111
0.0528123
0.263516
0.0737591
0.383746
0.048742
0.0715904
0.0507052
0.0866467
0.0587841
0.0567822
0.0856584
0.0481984
0.0508575
0.315797
0.0624165
0.0578099
0.0454899
0.0434278
0.140018
0.0589465
0.255421
0.277439
0.0957493
0.0549188
0.446104
0.0871974
0.146106
0.153044
0.0359597
0.0504093
0.233103
0.037749
0.0595067
0.0839424
0.0566529
0.437723
0.0282863
0.0430868
0.0576552
0.0611245
0.116159
0.0565658
0.153139
0.0570045
0.172788
0.0538714
0.405137
0.054555
0.0682615
0.188388
0.276851
0.0689499
0.107108
0.0510997
0.0137453
0.0547044
0.0938994
0.0652668
0.303684
0.0678227
0.0760335
0.150623
0.172194
0.0777525
0.0536409
0.0934901
0.0508314
0.0329028
0.100581
0.0594357
0.0701583
0.387323
0.0605705
0.0707129
0.0946802
0.0747881
0.0531596
0.101987
0.0779277
0.0686828
0.0669718
0.0926372
0.0576232
0.281383
0.0612714
0.0444008
0.183476
0.0698496
0.0559251
0.169821
0.0852306
0.0874818
0.0629664
0.335537
0.0654837
0.164248
0.0842076
0.474798
0.195399
0.12769
0.0382734
0.0692108
0.0556342
