0.012699
0.0169811
0.0205293
0.0481773
0.0204388
0.0277859
0.0335714
0.0789405
0.0280368
0.0491614
0.0225463
0.0383774
0.0109273
0.0362586
0.0246478
0.0537323
0.0621
0.0549198
0.0290033
0.0146955
0.0282348
0.031231
0.0309279
0.0641439
0.016084
0.00552104
0.026197
0.0363067
0.023873
0.0434942
0.0470122
0.0298818
0.0412681
0.0301926
0.028854
0.0371672
0.0152451
0.00263085
0.0235984
0.0111725
0.076815
0.0216298
0.0325861
0.0708249
0.0310322
0.00913482
0.029088
0.0453153
0.0684563
0.00691091
0.0412053
0.0421831
0.0161851
0.0413001
0.0490051
0.0713142
0.0514117
0.0421922
0.0237017
0.0123456
0.0625018
0.0248006
0.0134332
0.0304747
0.00968255
0.045602
0.000697923
0.0358132
0.0378495
0.0289976
0.0411376
0.054684
0.029703
0.0494063
0.0290392
0.00638814
0.060323
0.0730741
0.0166117
0.0174963
0.00205134
0.0350438
0.0551002
0.102877
0.0171771
0.0711309
0.0695965
0.00704658
0.0320718
0.0181471
0.0330342
0.0278566
0.087927
0.02777
0.0640979
0.0209667
0.014055
0.0430912
0.0754337
0.0594219
0.0174008
0.0142542
0.0356384
0.0530755
0.0513981
0.0491681
0.024093
0.0209234
0.0540539
0.0362676
0.0641481
0.0348716
0.0790174
0.0247457
0.00341333
0.0501152
0.00710819
0.00326429
0.0210453
0.0226869
0.0159319
0.0425198
0.0298845
0.0384756
0.0377977
0.0164831
0.0260113
0.0164328
0.0461623
0.0144624
0.0488119
0.0705649
0.015432
0.0175248
0.0242481
0.0284465
0.0362545
0.0324546
0.0561356
0.0285514
0.0521349
0.0157764
0.0028402
0.0218228
0.000640463
0.0661566
0.0677198
0.00666336
0.0251267
0.00337273
0.000962809
0.0446737
0.0450702
0.0306991
0.0317988
0.0125937
0.0340878
0.0357758
0.0263655
0.0243183
0.0279801
0.00389398
0.0744144
0.051063
0.0131778
0.0175053
0.0108888
0.0327415
0.0239131
0.0109043
0.0548137
0.0346602
0.0233902
0.0283069
0.0524936
0.0356535
0.0429201
0.00196434
0.0133681
0.0148323
0.0394078
0.0411464
0.0313711
0.00769756
0.0572385
0.0454638
0.0488694
0.0233939
0.0345611
0.00298229
0.0196137
0.00186385
0.0246113
0.0481167
0.0245235
0.0027922
0.0897471
0.0551066
0.0485945
0.0214902
0.0179921
0.0678851
0.0405582
0.0699557
0.0178247
0.030311
0.0169549
0.0209224
0.0593657
0.00303456
0.0132422
0.0371865
0.0328239
0.0444744
0.00167972
0.0575409
0.00432064
0.0439336
0.0410719
0.0525076
0.0584004
0.0469109
0.0523581
0.0132709
0.10799
0.00187305
0.0850871
0.0301803
0.0376961
0.0461729
0.0473978
0.0111101
0.00373239
0.0161301
0.0183113
0.0231251
0.038841
0.0557096
0.0331645
0.0425223
0.039375
0.0600321
0.0818464
0.0536995
0.00130166
0.0695305
0.0374206
0.0247877
0.0249786
0.0687056
0.0480617
0.00357147
0.0316961
0.047057
0.0560888
0.0263423
0.0182773
0.0284979
0.0405098
0.0270418
0.0782235
0.016977
0.0485004
0.015612
0.0308359
0.00317488
0.0347533
0.0159531
0.0352253
0.0533687
0.0123111
0.00350858
0.0755316
0.0811747
0.0114709
0.0314409
0.0448201
0.0167644
0.0340978
0.0667792
0.0496735
0.0476256
0.0198678
0.0202151
0.0348175
0.0183875
0.00177018
0.025372
0.063725
0.0166088
0.0312001
0.0252185
0.0471418
0.0505908
0.021111
0.00253618
0.0405569
0.0432225
0.0391557
0.00238908
0.0167223
0.0399697
0.0344646
0.0358199
0.0185743
0.0626786
0.0212895
0.0411349
0.0216962
0.0220854
0.0342158
0.0781814
0.0103596
0.021526
0.0161746
0.0458335
0.0311227
0.0111505
0.0578798
0.0282958
0.0335855
0.0490248
0.00354314
0.0255279
0.0326967
0.0365167
0.00888021
0.0306267
0.0148891
0.00261721
0.0130413
0.0172646
0.0249432
0.037045
0.0400551
0.0262455
0.0642839
0.0292006
0.0275177
0.10465
0.0618317
0.022843
0.00265039
0.0413114
0.0388538
0.0480551
0.0561544
0.0240492
0.0406607
0.0434058
0.0587451
0.00647616
0.0734129
0.0544476
0.021771
0.0294945
0.0266695
0.0240142
0.0502628
0.0245721
0.0595188
0.0482633
0.0387732
0.0497588
0.0616721
0.0276889
0.0267951
0.0210416
0.0127231
0.0463909
0.000819359
0.0387465
0.00349417
0.0169918
0.0585507
0.0239046
0.0183019
0.00124154
0.0458748
0.0253389
0.0188853
0.00338891
0.0389854
0.0101047
0.0260935
0.0405407
0.00189944
0.0262323
0.0274659
0.0180348
0.0411473
0.0446177
0.00232797
0.0268075
0.0378343
0.0158593
0.0745365
0.0192332
0.0156224
0.0387071
0.027465
0.0115043
0.00469437
0.0151676
0.0371544
0.0729649
0.00160305
0.0242835
0.0306762
0.0334826
0.0344932
0.0382398
0.0120354
0.0431018
0.0485781
0.000695318
0.0631886
0.00971765
0.0441671
0.0862226
0.00197357
0.0471508
0.0371511
0.0544115
0.00934281
0.0323019
0.0154344
0.0250742
0.032483
0.0164779
0.0540041
0.0287182
0.010843
0.0312007
0.0525984
0.0401458
0.0842863
0.0354776
0.00927556
0.0325095
0.0321133
0.0301138
0.0235974
0.00770422
0.0124732
0.0137897
0.00149009
0.025382
0.0771387
0.0596879
0.0550739
0.00139245
0.0234334
0.0363321
0.0308812
0.0235655
0.0360407
0.00093193
0.0299141
0.0300896
0.0246848
0.035296
0.0314817
0.0242881
0.0310352
0.0113874
0.0464566
0.00107979
0.0335313
0.122127
0.0362959
0.00276823
0.044963
0.0545214
0.0865066
0.0325846
0.00336435
0.0169769
0.0523914
0.00348572
0.0424035
0.0027093
0.0121473
0.00546108
0.0332101
0.0472533
0.0797753
0.0188722
0.0169623
0.0164871
0.0516984
0.021443
0.0196866
0.00400739
0.00551841
0.0464855
0.0207663
0.00649273
0.0189453
0.0282268
0.00642242
0.00558611
0.0641406
0.0373252
0.0138303
0.0268249
0.0363608
0.0576758
0.0272433
0.0388233
0.00986368
0.0574993
0.0451692
0.0205425
0.0323107
0.0030976
0.032147
0.0052061
0.0529752
0.0140885
0.0180771
0.0509849
0.0184941
0.0514008
0.0929257
0.0253027
0.000828598
0.0230559
0.116812
0.0587246
0.0134624
0.0359848
0.0561751
0.0574231
0.0567667
0.00671794
0.00388701
0.0445668
0.00961849
0.124836
0.0166478
0.0228059
0.0251843
0.0213854
0.0189689
0.0509216
0.0033692
0.0597262
0.0529697
0.0104896
0.0141893
0.0134344
0.0211727
0.0652924
0.00203687
0.0174331
0.0136746
0.0549086
0.0636859
0.00244675
0.0644011
0.0216032
0.00308481
0.0147887
0.0453123
0.0574206
0.0179394
0.0139738
0.0510366
0.0580814
0.0157761
0.0302971
0.035164
0.0184173
0.0586822
0.0118999
0.0352655
0.0929927
0.00139287
0.0541546
0.0151797
0.0185208
0.0766439
0.0550309
0.026539
0.0265765
0.0354961
0.0413096
0.0316138
0.0547515
0.0338999
0.000940765
0.00184521
0.0139892
0.00680807
0.0241782
0.0164428
0.0211908
0.0474575
0.0376685
0.0183086
0.0420282
0.0543313
0.0636976
0.037898
0.0229865
0.0150996
0.0526037
0.00278249
0.0208581
0.0279679
0.0342879
0.0848711
0.0474659
0.015509
0.0513614
0.0248003
0.0132946
0.0449852
0.0579054
0.0752757
0.0358416
0.0236791
0.0477034
0.0401719
0.0920096
0.0256868
0.0426732
0.0305919
0.00171556
0.0329309
0.0859204
0.0386773
0.068386
0.043793
0.0496855
0.00127392
0.020847
0.0149435
0.00327577
0.0519177
0.0935875
0.0311562
0.00186875
0.0302568
0.0151068
0.0307606
0.0735584
0.0258141
0.0320399
0.0219766
0.0342725
0.0675247
0.0407801
0.0275021
0.0682062
0.0312193
0.0386943
0.02934
0.00461954
0.00127555
0.0575475
0.031827
0.00258413
0.0352085
0.0720068
0.0722184
0.0734952
0.0570547
0.0201146
0.0114927
0.0189667
0.0147479
0.0190756
0.0244365
0.0301796
0.0106178
0.0220464
0.00341637
0.0143613
0.0188329
0.0439477
0.0364143
0.0888018
0.0430359
0.0211585
0.0629068
0.0680384
0.0393329
0.0445125
0.0193062
0.0246534
0.0151973
0.00223297
0.0216681
0.0428276
0.0175402
0.0281502
0.0189226
0.0325301
0.0788348
0.0716699
0.0449802
0.0196647
0.100992
0.0313461
0.0264577
0.0457754
0.0121501
0.0323191
0.0155067
0.0171594
0.0190788
0.0578368
0.0486638
0.0101025
0.0306568
0.0321925
0.0341653
0.0266517
0.0528807
0.0327781
0.0378264
0.0137992
0.0527706
0.0325153
0.0941529
0.00298154
0.0569904
0.0178441
0.0858229
0.0233563
0.0480098
0.0433409
0.0396001
0.0641423
0.039541
0.0526133
0.0293884
0.0524007
0.0400643
0.0667925
0.0864002
0.0116562
0.0262239
0.0512682
0.0347104
0.0534052
0.0280248
0.0622536
0.0211023
0.0327265
0.0362018
0.0314005
0.0313275
0.000943816
0.0450053
0.0605933
0.0134573
0.0460313
0.0182619
0.00592023
0.0354539
0.0443478
0.0713178
0.0354335
0.0261311
0.00243272
0.0681446
0.0761866
0.00421194
0.0333289
0.0489915
0.0384189
0.0283877
0.054852
0.0365867
0.0011814
0.00637643
0.0751452
0.0387272
0.0641713
0.00301725
0.0552818
0.0659191
0.0224774
0.0272941
0.0331353
0.0362807
0.0611734
0.0710549
0.0470703
0.0128906
0.0536669
0.00137116
0.0242621
0.0479025
0.0262198
0.00634128
0.0511919
0.02687
0.01134
0.0226948
0.0105529
0.0193484
0.0491496
0.0316116
0.0336502
0.0298559
0.0335813
0.0459136
0.0349721
0.0449772
0.0209008
0.0621837
0.0135961
0.0527686
0.055994
0.0322693
0.0111804
0.0131409
0.0571424
0.0288811
0.0629968
0.0919944
0.0235183
0.0448631
0.0187825
0.0187756
0.0222998
0.0435053
0.00104329
0.0186037
0.01717
0.0465333
0.0133398
0.000904664
0.0221254
0.0497826
0.00171547
0.0524371
0.0364039
0.0474547
0.0389415
0.0362081
0.0581509
0.0330059
0.0480199
0.0144152
0.0176611
0.0293829
0.0380692
0.0227485
0.0778148
0.0453058
0.0365286
0.0372123
0.0322686
0.0388824
0.0348981
0.0361265
0.0653897
0.0116794
0.00989766
0.0288662
0.0403448
0.0410669
0.0217966
0.00214479
0.0540173
0.0804315
0.0277456
0.00253926
0.0275088
0.0517237
0.0621547
0.0163461
0.0370204
0.0392749
0.0165831
0.00189404
0.0285226
0.0193632
0.0113733
0.0271198
0.0526484
0.0163078
0.00274285
0.0456943
0.0102388
0.0217181
0.00962017
0.0732003
0.0368457
0.0320845
0.0448135
0.00209043
0.0562516
0.0961024
0.0939266
0.0165907
0.041558
0.0393465
0.000726329
0.0297253
0.0210846
0.0222612
0.0212061
0.0472615
0.0147636
0.0016609
0.0300957
0.0268194
0.0621361
0.0472328
0.0193065
0.0556474
0.0364345
0.0120548
0.018479
0.0625384
0.025077
0.0268535
0.0166514
0.0651279
0.0351608
0.0385505
0.00591854
0.0371288
0.0544216
0.0478654
0.0340101
0.0466526
0.0298886
0.0185019
0.0247716
0.013744
0.0640848
0.0600619
0.0321138
0.062874
0.0144175
0.0190323
0.0265509
0.0402312
0.0215441
0.0869751
0.0732314
0.0301805
0.0209445
0.0320128
0.036045
0.00536008
0.0303739
0.00251886
0.0338245
0.0221501
0.0362906
0.0355376
0.0425711
0.03519
0.0151008
0.0696462
0.0377413
0.0492576
0.0490386
0.0516572
0.115034
0.0395113
0.0271306
0.0352711
0.052654
0.0153231
0.00224018
0.00105275
0.0334877
0.0440036
0.0614229
0.0146306
0.0191231
0.0028707
0.0707713
0.0550448
0.0586563
0.0307834
0.0504024
0.038586
0.0501662
0.0535482
0.0726193
0.0574179
0.0510199
0.0261034
0.0190387
0.0781503
0.0153068
0.0272388
0.0361947
0.00137004
0.041108
0.0643231
0.0520916
0.0134772
0.0414383
0.00878487
0.0808172
0.0134642
0.0250396
0.019825
0.0400479
0.0287169
0.0331667
0.0227608
0.0595201
0.0351944
0.0163023
0.0326045
0.0436204
0.0225027
0.037479
0.0499372
0.0472263
0.0221582
0.0637839
0.0232432
0.0204045
0.0165995
0.0460728
0.0401262
0.0365383
0.0331741
0.00261853
0.0754576
0.0204357
0.0467862
0.044805
0.0198808
0.0327991
0.0168083
0.0438604
0.0288048
0.0151713
0.0279099
0.0263929
0.0573808
0.0232775
0.023878
0.0377579
0.022728
0.0319384
0.0175309
0.0841943
0.0373091
0.0525526
0.0568998
0.00401653
0.00735401
0.0266553
0.0390408
0.00401759
0.0438116
0.0254985
0.0381306
0.0162262
0.0291388
0.028473
0.0240795
0.0681163
0.0454822
0.0758985
0.0400567
0.0391323
0.0343063
0.0547651
0.00559884
0.0319233
0.050888
0.0352535
0.0484219
0.0872033
0.0181144
0.0700907
0.0227326
0.032732
0.0113763
0.0277247
0.0604288
0.017656
0.0378892
0.0198212
0.0453498
0.0178477
0.0444356
0.0236818
0.0203182
0.00712605
0.0130214
0.0893376
0.0261413
0.038728
0.0237532
0.0078934
0.0320889
0.103784
0.0424633
0.0184081
0.128939
0.0564952
0.00371386
0.00181606
0.0325941
0.0518489
0.0295472
0.0260119
0.0216672
0.0431363
0.0315456
0.0248256
0.0295737
0.0357444
0.00113308
0.0430007
0.0303884
0.0874415
0.0291478
0.0851948
0.0564683
0.0478185
0.0215228
0.0603581
0.0294578
0.0452407
0.000339233
0.0323771
0.0310938
0.00506446
0.0277286
0.0145814
0.0136733
0.00142962
0.0816573
0.0609858
0.00083402
0.02582
0.0372395
0.0147606
0.0393973
0.0337613
0.0266548
0.0673423
0.0252538
0.02918
0.0239366
0.0723718
0.0224566
0.0249125
0.00308904
0.0121009
0.00225747
0.0616229
0.0178346
0.0200606
0.00566867
0.0108907
0.0500779
0.00422373
0.0513284
0.00952675
0.0366205
0.0675479
0.0428544
0.0324837
0.0363824
0.0448391
0.0274231
0.0296259
0.0469686
0.0432572
0.0204166
0.0531587
0.0680423
0.0397482
0.0250859
0.0430464
0.0364403
0.0548948
0.0362178
0.0461854
0.050956
0.00320863
0.033292
0.0610425
0.00120111
0.0304446
0.0327042
0.0310026
0.045092
0.0134879
0.0902563
0.0190413
0.00183208
0.0609854
0.00145208
0.0410635
0.075742
0.0291922
0.0520236
0.0654876
0.00373481
0.00223947
0.0268851
0.0167633
0.00158057
0.0092386
0.0523293
0.0421998
0.0242384
0.0211156
0.00150897
0.0634713
0.0499721
0.000913369
0.0130809
0.0320017
0.00308492
0.0337426
0.0344719
0.00112446
0.00319444
0.0336142
0.00411455
0.0344019
0.000877368
0.0123183
0.0171139
0.0406178
0.043887
0.031254
0.0022253
0.0371217
0.0017219
0.00880172
0.039395
0.0359649
0.0181695
0.0373461
0.0452115
0.0301479
0.0465483
0.0427076
0.0723931
0.0089504
0.0277851
0.0274439
0.00762495
0.0445816
0.0556339
0.0340001
0.0596697
0.0342611
0.0642491
0.0671144
0.0108867
0.06339
0.0456731
0.0017716
0.0391644
0.0316967
0.0205183
0.0232576
0.0491391
0.0180487
0.0470458
0.046925
0.041324
0.0232436
0.0459769
0.0327171
0.0131273
0.0259632
0.0563398
0.0172142
0.0239299
0.0466404
0.0335336
0.0250202
0.0228264
0.062012
0.0283608
0.036187
0.0837157
0.0228565
0.0401161
0.0318347
0.0332987
0.0414308
0.00191202
0.0407553
0.0253898
0.0251224
0.0296297
0.0029653
0.0304485
0.0466659
0.0124604
0.0287368
0.00411056
0.0205249
0.0617862
0.0556308
0.0348471
0.053214
0.0326126
0.00223489
0.0781436
0.0199089
0.027203
0.0428542
0.0335783
0.0238358
0.02803
0.0289683
0.00516775
0.0607654
0.00541675
0.0211833
0.0273335
0.0746545
0.0199
0.0288351
0.0679794
0.0730353
0.0342814
0.0488972
0.0376287
0.0567023
0.0144951
0.0281848
0.052102
0.041833
0.0406899
0.0337975
0.0267563
0.0489368
0.0205361
0.0360792
0.0519859
0.0299976
0.0886908
0.0643506
0.0537902
0.0170992
0.0524266
0.0286908
0.022914
0.033157
0.0176618
0.0249948
0.00262833
0.0544776
0.0301154
0.00441036
0.00278571
0.0234352
0.0300454
0.0584438
0.0122129
0.00248694
0.0391713
0.0429257
0.056015
0.0626035
0.0105778
0.0371017
0.0337045
0.0114909
0.0760626
0.0087056
0.0270775
0.0295746
0.0405786
0.0325773
0.027418
0.034692
0.0522789
0.101697
0.0376562
0.0899045
0.0447213
0.028223
0.00112796
0.0229817
0.0211417
0.0277946
0.00219837
0.0388733
0.0247498
0.00660048
0.0244106
0.0330503
0.0542421
0.024904
0.0242012
0.048018
0.0123965
0.0184883
0.0162751
0.00111025
0.0460884
0.0419774
0.0178979
0.0574063
0.0266876
0.0507488
0.065372
0.011067
0.0413369
0.0181722
0.0405096
0.00266335
0.0318681
0.0510753
0.0599562
0.0166477
0.0405771
0.0633241
0.0430054
0.0207236
0.0270001
0.060003
0.0158392
0.0245463
0.00159111
0.104163
0.0353553
0.0301333
0.016816
0.0284896
0.0335599
0.0298522
0.0358168
0.0465458
0.0137636
0.000473927
0.0208586
0.0432787
0.0156205
0.0133106
0.0438514
0.00565261
0.0435882
0.0332003
0.0787768
0.0236642
0.0283325
0.0198081
0.0136965
0.021726
0.0139519
0.0272105
0.0550694
0.0562861
0.0220107
0.0208999
0.0181211
0.0246244
0.0200547
0.0418462
0.0436087
0.022496
0.0333759
0.0571683
0.0246189
0.0387365
0.0504214
0.00914242
0.014752
0.0511027
0.00624902
0.0407169
0.0192951
0.0605786
0.0245462
0.0676982
0.0007569
0.0573745
0.0442266
0.0369332
0.0148132
0.0895683
0.0396674
0.032271
0.0571634
0.0214315
0.0491843
0.00949776
0.036078
0.0337958
0.0291008
0.0624195
0.0560739
0.0570172
0.0234741
0.0841344
0.0117327
0.00967299
0.0417425
0.0258681
0.0248693
0.0256583
0.010268
0.064167
0.0325865
0.0171258
0.0177984
0.0403158
0.0320663
0.0359441
0.0268615
0.0276171
0.0362062
0.0667472
0.035895
0.040519
0.0384698
0.0255561
0.0456323
0.0561631
0.0345615
0.0797863
0.0127413
0.0519312
0.0429104
0.058974
0.0417022
0.0456603
0.0232342
0.0146074
0.0242849
0.0156933
0.0213297
0.05325
0.00904342
0.0573419
0.00201165
0.0268148
0.0124305
0.0373447
0.0514649
0.0388824
0.052018
0.0399307
0.0418376
0.0452973
0.0657076
0.0103732
0.0250823
0.031151
0.0442125
0.00093961
0.00248338
0.0124657
0.0559124
0.0153308
0.0445522
0.0735159
0.0598868
0.10548
0.0263492
0.0574509
0.0509932
0.0437976
0.028917
0.0732698
0.0446753
0.0286578
0.0421074
0.0209805
0.0342999
0.0187635
0.0166654
0.0454314
0.0477664
0.0194253
0.0581401
0.0389826
0.0783281
0.0470984
0.0375165
0.0296787
0.0108937
0.0305861
0.00260599
0.0359397
0.0440602
0.0446641
0.0218754
0.0141724
0.0152785
0.0550769
0.0351928
0.0415109
0.0346021
0.0235396
0.0273754
0.0447014
0.0548408
0.0598023
0.0419792
0.0673075
0.00214346
0.0356186
0.0071966
0.0272477
0.0137318
0.0427369
0.0498167
0.0178886
0.00740419
0.0583392
0.0464676
0.0169074
0.04567
0.0425143
0.0318032
0.00801466
0.0264547
0.0109485
0.0179959
0.037452
0.0704599
0.0486438
0.00302799
0.0254072
0.0180943
0.0643877
0.0107452
0.00530611
0.0363035
0.0238415
0.0232785
0.0262375
0.0520979
0.0452236
0.058628
0.0358736
0.0022465
0.0267399
0.0144334
0.0192194
0.0384837
0.0196133
0.0303744
0.0881136
0.00458306
0.0381509
0.0219243
0.0144469
0.0184416
0.0411744
0.0455937
0.0144121
0.00975441
0.0577686
0.04604
0.00114241
0.00159636
0.000590651
0.0274254
0.00769248
0.0389022
0.0389068
0.00285508
0.00107989
0.0332245
0.0413302
0.0419906
0.0502639
0.021004
0.00816353
0.0339999
0.0351593
0.0542268
0.00746789
0.0355725
0.0315905
0.0409195
0.0301237
0.0804245
0.0129527
0.0503943
0.0363227
0.0289115
0.0612097
0.0424046
0.0795325
0.0413691
0.0306003
0.0157551
0.0266968
0.0685249
0.043394
0.0597021
0.0332705
0.0169503
0.0209072
0.0263735
0.053185
0.0227289
0.0454508
0.0287761
0.0261563
0.0453749
0.0361945
0.0604476
0.0184576
0.048087
0.0725219
0.0327748
0.00324545
0.036015
0.0339144
0.000804972
0.0278326
0.0338598
0.0419445
0.0219339
0.0708458
0.074278
0.018486
0.0155386
0.085195
0.0243596
0.00280532
0.0655593
0.0577053
0.0302892
0.0525454
0.0398102
0.0384423
0.0336429
0.0125785
0.0246967
0.0525558
0.00407109
0.0132462
0.0361611
0.0224739
0.0841447
0.0504453
0.0145338
0.046304
0.010849
0.0708279
0.00820344
0.0285702
0.0600361
0.0536133
0.011123
0.0679942
0.000390733
0.032939
0.0348825
0.0360561
0.0366477
0.0557725
0.0489133
0.026908
0.0201519
0.0190653
0.00129805
0.0447836
0.121538
0.0524975
0.0263845
0.0165912
0.00276624
0.0398127
0.0597176
0.0323015
0.0126442
0.0498292
0.00654959
0.0569576
0.0441134
0.0643217
0.0687324
0.00366861
0.00298639
0.031748
0.0334978
0.0161874
0.0198104
0.0234992
0.0532417
0.0209916
0.0618568
0.0102482
0.0272797
0.03769
0.0471565
0.0412121
0.0361763
0.0530859
0.0667362
0.0358537
0.0180757
0.0267097
0.0441921
0.0207391
0.0119697
0.0157616
0.0378492
0.0253905
0.0285358
0.0402164
0.0472776
0.0389112
0.0534921
0.0304318
0.034968
0.00991025
0.0415049
0.0177513
0.0515731
0.0529525
0.0292566
0.0353661
0.0341784
0.0288981
0.0294097
0.0223876
0.0353932
0.0538606
0.00595926
0.00347181
0.0510994
0.0352126
0.0347286
0.0427037
0.0235908
0.0222322
0.0192952
0.0313962
0.0601776
0.0356601
0.00954131
0.00920161
0.0382245
0.0809555
0.043713
0.0228798
0.03061
0.0153894
0.0293079
0.0350764
0.0317782
0.0458496
0.0108017
0.0218516
0.0931722
0.0225562
0.0668576
0.04825
0.0200952
0.0196011
0.0256707
0.0516879
0.0480477
0.0301566
0.00879488
0.0333847
0.0529801
0.02863
0.0264199
0.00928516
0.0382811
0.033432
0.0843807
0.0174834
0.0485015
0.0610039
0.02732
0.0131468
0.0342175
0.0137007
0.0215026
0.0414958
0.0237894
0.0101817
0.0174414
0.070857
0.0114448
0.0164795
0.0211543
0.0268532
0.0509815
0.0556446
0.0288085
0.0410933
0.0213266
0.0405915
0.0339653
0.0284856
0.056889
0.00141914
0.01245
0.0397913
0.0207409
0.0326535
0.00140259
0.0490821
0.0563639
0.045257
0.0432816
0.0249594
0.026917
0.0225088
0.0300696
0.0425774
0.0244762
0.00556956
0.0417122
0.0635486
0.0155044
0.041359
0.0316228
0.0362477
0.079036
0.0193865
0.00822986
0.0368743
0.0756347
0.0715392
0.0275125
0.00122872
0.00266469
0.0232158
0.0418082
0.0653846
0.0604928
0.0518045
0.104434
0.0577202
0.050217
0.0348408
0.0701044
0.0561011
0.0356171
0.00157304
0.0196079
0.0143739
0.0324221
0.0298849
0.0509095
0.0756278
0.0223618
0.0233932
0.0135914
0.0276783
0.0034713
0.0454959
0.0443929
0.0391952
0.056534
0.00176031
0.0347966
0.0745932
0.0445215
0.0325487
0.0528289
0.044823
0.0407416
0.0480144
0.0481996
0.0214406
0.0256267
0.0575165
0.0369575
0.00429707
0.0400066
0.0428407
0.0434996
0.0342585
0.0124712
0.045323
0.0268386
0.00229606
0.0645441
0.107116
0.0483267
0.0384463
0.0786149
0.0470845
0.0242909
0.0975729
0.0212174
0.0456627
0.0489445
0.0330454
0.018468
0.0452534
0.0396983
0.0477085
0.0391421
0.0200861
0.0494957
0.039267
0.0398253
0.0359864
0.043347
0.00135227
0.0268304
0.0470104
0.0252161
0.0310349
0.0329387
0.0256833
0.0707371
0.0397563
0.0425704
0.0652193
0.023877
0.0439059
0.0201761
0.0538544
0.0468244
0.0239332
0.0799998
0.0133435
0.0109396
0.0723335
0.0728916
0.0414835
0.0390725
0.0288479
0.0870137
0.00280055
0.0321125
0.0518422
0.0295397
0.0328309
0.0761642
0.0672345
0.00093435
0.0575716
0.0356199
0.0352263
0.0252035
0.0375613
0.00888823
0.00928688
0.0203276
0.0629937
0.027082
0.0234651
0.0256128
0.0655024
0.0321185
0.0243474
0.0671272
0.032764
0.0017414
0.0376637
0.0716006
0.052419
0.0148782
0.0696842
0.0248683
0.0439659
0.035907
0.0436299
0.00177421
0.0447837
0.0140479
0.0191754
0.0133778
0.0262331
0.0444323
0.0139315
0.0509832
0.0673151
0.0265669
0.0179528
0.0323212
0.0206443
0.052799
0.0280046
0.0271742
0.0391336
0.0205936
0.0370566
0.0147038
0.0358613
0.0143724
0.011898
0.0932768
0.0428098
0.0588115
0.0297876
0.0360493
0.00408658
0.0182578
0.0742472
0.0176921
0.0179353
0.0162114
0.0277001
0.0677597
0.0291568
0.0470572
0.0813905
0.0611403
0.01054
0.0519975
0.020765
0.0313239
0.032896
0.0450703
0.0642561
0.0327474
0.0363963
0.042758
0.0176868
0.020437
0.0274899
0.0276598
0.0740532
0.0244825
0.0431241
0.0478084
0.00187807
0.0426706
0.0218917
0.0568606
0.0362165
0.0569701
0.0438461
0.0468999
0.0242035
0.00217142
0.0476736
0.0247533
0.0447515
0.0391541
0.0172423
0.0359388
0.0487657
0.031754
0.0254485
0.0140845
0.0639748
0.0461243
0.0162148
0.00805228
0.0664607
0.0102366
0.013153
0.0382765
0.053724
0.0597961
0.0293555
0.00617844
0.0411579
0.0552066
0.0606478
0.0604134
0.0305627
0.0662292
0.00189974
0.0606085
0.0030167
0.00335314
0.034493
0.0139064
0.0220567
0.0257671
0.0120057
0.0320449
0.02858
0.0392744
0.073753
0.0404178
0.0446238
0.00725652
0.0231863
0.0277316
0.0301481
0.0300238
0.0696405
0.00201854
0.0602361
0.0288254
0.000975714
0.00149742
0.0399973
0.0315489
0.00135539
0.0492116
0.0410854
0.0525989
0.0343501
0.019155
0.0246052
0.0261193
0.0190617
0.0342121
0.0364147
0.0221006
0.0299468
0.000242851
0.0333571
0.0199128
0.0422386
0.0477302
0.0459453
0.0390663
0.0280232
0.0030597
0.0302019
0.0478785
0.0417862
0.0238498
0.00657466
0.0857802
0.0253027
0.0250659
0.00209512
0.0422092
0.0444869
0.00241455
0.00363225
0.0400392
0.0118179
0.0135409
0.0254672
0.00914162
0.0609034
0.0675907
0.00382615
0.0473212
0.00977878
0.0103642
0.0196078
0.0256654
0.0619721
0.0280046
0.0579132
0.0330918
0.0332728
0.0358252
0.0352135
0.0363894
0.033803
0.0653495
0.0185589
0.0366657
0.0062526
0.0357077
0.0497846
0.0351411
0.0277962
0.068078
0.0429394
0.0843281
0.0282654
0.0269512
0.0163513
0.0137309
0.0252778
0.00391361
0.0417023
0.0373564
0.0629214
0.0357694
0.0202352
0.0243727
0.0854079
0.0059371
0.0384644
0.0215845
0.0373359
0.0267726
0.0507683
0.0255064
0.0868446
0.0412614
0.0191543
0.0485664
0.0306451
0.0235448
0.00101827
0.0314087
0.0189661
0.0102201
0.0153848
0.0359522
0.0266751
0.0403288
0.0272786
0.0016858
0.00156171
0.0208408
0.0661868
0.0304086
0.0371879
0.065434
0.0331121
0.0336327
0.0149569
0.0199565
0.01859
0.0672442
0.0338922
0.0341936
0.00868433
0.022473
0.0141872
0.010548
0.0357871
0.0482414
0.0348283
0.0324026
0.0707074
0.000258377
0.00773916
0.00438544
0.0656741
0.0313293
0.00167443
0.0484947
0.0239303
0.0212667
0.062695
0.0430603
0.0127322
0.0590833
0.0389613
0.0136431
0.031734
0.0391607
0.0475071
0.0346803
0.0211819
0.0451362
0.0389033
0.0325034
0.0134864
0.00757971
0.0518102
0.0300116
0.0389525
0.0222496
0.0199007
0.0374491
0.0320661
0.02216
0.0669158
0.0334573
0.0481507
0.0375932
0.0280662
0.0446376
0.0328671
0.0250574
0.00145759
0.0408331
0.0390458
0.052237
0.045079
0.0222853
0.0209992
0.0233862
0.0313487
0.0181824
0.0234058
0.0341706
0.0285151
0.0113411
0.0516286
0.00374679
0.0890563
0.06661
0.0486843
0.0142789
0.0669443
0.0382668
0.0433437
0.0151902
0.0628648
0.059146
0.0361529
0.0369104
0.0373724
0.0432264
0.0480479
0.0637785
0.0206062
0.0390622
0.0329121
0.0297021
0.00153341
0.0664383
0.0601278
0.0173942
0.0344372
0.0716848
0.0343035
0.0740654
0.0539356
0.0280709
0.0531665
0.0657752
0.0588417
0.101449
0.0259419
0.078719
0.0148713
0.0498145
0.0494623
0.0315516
0.0112788
0.055642
0.0582373
0.0147061
0.0566362
0.0538698
0.0339742
0.0473019
0.040897
0.0568646
0.0259961
0.0360833
0.0273026
0.0433258
0.00512939
0.0499148
0.0475142
0.0191739
0.0270813
0.0256352
0.0126026
0.0206956
0.0406259
0.0331234
0.0395828
0.0419469
0.0354571
0.0418098
0.0509391
0.0920843
0.0815907
0.0739537
0.0297737
0.0332669
0.0180007
0.0691693
0.0395025
0.0345649
0.0301523
0.0592991
0.052537
0.0427169
0.0158397
0.00784066
0.0275538
0.098211
0.0546758
0.0194362
0.0617742
0.0380637
0.0211052
0.0448876
0.0397977
0.0461125
0.0475254
0.0453513
0.0403656
0.04256
0.0625505
0.0584355
0.0858702
0.0037329
0.021082
0.0304704
0.0176349
0.0190733
0.0388559
0.0740825
0.0206967
0.0138234
0.0599444
0.00219757
0.112937
0.0438519
0.0584516
0.0387543
0.00239758
0.00831237
0.0148826
0.0317025
0.0669506
0.0439004
0.0460219
0.0593802
0.0865413
0.0471536
0.036314
0.0203928
0.0348414
0.00246145
0.0530051
0.0443582
0.0208484
0.0284338
0.0493047
0.01901
0.0136059
0.040126
0.0169823
0.0943165
0.0496077
0.0233644
0.0513443
0.00965957
0.0438912
0.0209763
0.0694319
0.068409
0.0595166
0.0423024
0.0296916
0.0437564
0.0525399
0.136945
0.0194633
0.0139283
0.025051
0.040383
0.0207428
0.0253419
0.0674979
0.0272104
0.0309068
0.0609297
0.0251796
0.0370454
0.00261229
0.051652
0.0365067
0.0531806
0.0276885
0.0466883
0.0347059
0.0399404
0.0334159
0.0201998
0.0369386
0.064217
0.0123145
0.0375264
0.0415748
0.0228206
0.0384345
0.0139757
0.00583118
0.0549279
0.0722423
0.106723
0.0445205
0.0385507
0.00227939
0.0106164
0.0154177
0.0330673
0.0633132
0.0469368
0.0199294
0.0594516
0.0343074
0.0435302
0.0581094
0.0270699
0.0477799
0.0544386
0.0299225
0.00282412
0.0411461
0.01865
0.064628
0.0218731
0.0339983
0.0606301
0.00172452
0.0317517
0.00265628
0.0156336
0.0423311
0.0317419
0.02325
0.0523434
0.00178717
0.0418307
0.039979
0.0428774
0.0374171
0.0294798
0.0876175
0.0951817
0.0617629
0.078537
0.00172015
0.046363
0.0227823
0.000497965
0.017492
0.0283878
0.0523028
0.00275968
0.036807
0.0600522
0.0287881
0.0325808
0.0126267
0.0324526
0.0553849
0.0318764
0.0644948
0.0548981
0.0434269
0.0293967
0.0259813
0.00265071
0.0124942
0.0336941
0.0319397
0.0134248
0.0326943
0.0151416
0.041575
0.0225129
0.040502
0.0385191
0.0104976
0.0391658
0.0459234
0.0451483
0.0713465
0.0580209
0.0604176
0.02888
0.0197096
0.0461715
0.0800314
0.0332388
0.0405559
0.0192838
0.0229443
0.0123049
0.0146252
0.00856357
0.0464487
0.00227098
0.0255014
0.0658944
0.0218712
0.068786
0.0113915
0.0241308
0.00213105
0.0484126
0.0256796
0.0111685
0.0795391
0.0374485
0.0163457
0.0405324
0.0652762
0.0226889
0.0272021
0.0466674
0.0297474
0.045916
0.0620817
0.0584394
0.0199997
0.0136946
0.0159418
0.0516546
0.0475482
0.0185623
0.0167381
0.0131502
0.00793096
0.0955931
0.0166838
0.08036
0.0196132
0.0362423
0.0428118
0.0476532
0.0275879
0.01585
0.0446784
0.0123147
0.0345278
0.019279
0.0264367
0.0454911
0.0261651
0.0427502
0.0708608
0.0579574
0.0193927
0.020249
0.0330897
0.0169751
0.0333245
0.0115756
0.0259177
0.0197028
0.0631967
0.0514573
0.0165532
0.0301548
0.0803413
0.0332506
0.0750388
0.0913838
0.00106654
0.0206504
0.0299515
0.00327373
0.0520928
0.00592517
0.0410491
0.0619847
0.0303472
0.0404373
0.0416823
0.0203592
0.0518901
0.0417876
0.0264957
0.0286426
0.0429157
0.0480685
0.0271635
0.0427914
0.0436204
0.0400665
0.00715022
0.0271117
0.0703034
0.0249133
0.0732619
0.0183228
0.0463489
0.0636247
0.000702013
0.0206752
0.0301907
0.0172305
0.0323629
0.00528103
0.00729119
0.0528316
0.0364834
0.0384388
0.019064
0.117854
0.0598853
0.0681369
0.0507783
0.0426482
0.0410295
0.0259022
0.0164247
0.00237667
0.024001
0.0297337
0.0237508
0.0176291
0.030899
0.0198743
0.0478485
0.00196341
0.0449601
0.0611049
0.0624204
0.00143776
0.0399589
0.0709657
0.00797809
0.0444754
0.155258
0.0203664
0.0188528
0.0218002
0.0357414
0.0371773
0.0192852
0.00739668
0.0454601
0.0103161
0.0136371
0.0191268
0.0492491
0.0474119
0.0777123
0.0674044
0.0835897
0.0391101
0.0678734
0.0736997
0.0583951
0.0262114
0.034951
0.0120549
0.0402963
0.0450772
0.0347106
0.0644367
0.0123746
0.037234
0.0553388
0.0234057
0.0258173
0.05905
0.015507
0.0290268
0.0192468
0.0328669
0.0329631
0.0331407
0.0299317
0.0584935
0.0476343
0.0087163
0.0693542
0.0172526
0.0339475
0.00134732
0.0345461
0.0512094
0.0645489
0.00105496
0.00156315
0.0512724
0.0208834
0.0159204
0.0725756
0.0269275
0.0636278
0.035745
0.0394406
0.0618245
0.0222767
0.0471195
0.0317
0.0360368
0.0161068
0.0572274
0.0425748
0.0333759
0.06978
0.0224804
0.0395418
0.00907048
0.0400398
0.0367458
0.0458717
0.0366702
0.0800461
0.0504581
0.0340901
0.0530059
0.0227469
0.0416758
0.0373056
0.0223421
0.0271041
0.0332916
0.0180765
0.020511
0.0166488
0.0648721
0.0390584
0.0433986
0.0202215
0.0286039
0.0692015
0.0124322
0.031636
0.0286671
0.0493741
0.0511765
0.0121688
0.0261196
0.0544272
0.0380507
0.0369048
0.0204155
0.0620089
0.00246244
0.0442834
0.0173684
0.0128977
0.0167797
0.0147631
0.0403898
0.0328556
0.0386434
0.00115627
0.0328985
0.046869
0.0273782
0.062289
0.0765358
0.0206155
0.0316768
0.0498057
0.0545966
0.0297366
0.0338593
0.017148
0.0496965
0.0222376
0.0551081
0.017472
0.0338898
0.0359051
0.0372563
0.0502078
0.0106873
0.0844895
0.035048
0.041674
0.0514788
0.0138661
0.0205811
0.0520402
0.00246392
0.0218846
0.0419518
0.0193917
0.0545476
0.0240785
0.0692917
0.0414182
0.0479253
0.0208469
0.0221822
0.0390169
0.0249063
0.0323452
0.0109986
0.0524362
0.0263157
0.0090451
0.0234035
0.0680639
0.0647395
0.0321102
0.0923062
0.0280496
0.00215395
0.0326969
0.00221481
0.0575249
0.0366386
0.0328907
0.00358296
0.024774
0.0208951
0.026236
0.0394591
0.0165601
0.0393161
0.0533426
0.0622707
0.026075
0.00489909
0.0333574
0.0365836
0.0954812
0.0452483
0.0203784
0.0158916
0.00159971
0.0420726
0.00930698
0.00435329
0.0839223
0.0246613
0.106601
0.0196653
0.00254627
0.053739
0.0414426
0.0280197
0.00378802
0.00549249
0.00546381
0.0292493
0.0200777
0.0164419
0.0254537
0.0390959
0.0145246
0.0367513
0.0692287
0.0134664
0.0472342
0.0761538
0.0083652
0.0329411
0.0291339
0.0206954
0.0282308
0.0683807
0.0165936
0.0497858
0.0367125
0.0292871
0.0166022
0.0013241
0.0618937
0.0547297
0.0258311
0.0996261
0.00138154
0.0356557
0.048847
0.0176474
0.0378641
0.0405582
0.0400201
0.0525818
0.0293044
0.000699897
0.0207515
0.0334201
0.00261256
0.0490895
0.0534347
0.0185049
0.0291677
0.0254436
0.00359373
0.0483214
0.0330144
0.0289608
0.0156462
0.0444035
0.0459174
0.0518387
0.0192553
0.0225307
0.0272967
0.0316095
0.0669687
0.0380194
0.0312057
0.0371744
0.0486362
0.0351273
0.0174607
0.0112548
0.0376183
0.0746167
0.021812
0.0163296
0.0501106
0.00352763
0.0342358
0.0465584
0.0414841
0.0446206
0.0126202
0.0499887
0.048179
0.0483593
0.0605701
0.0240601
0.0386386
0.0327851
0.0312688
0.0545877
0.0156703
0.053633
0.0811994
0.00458591
0.00450379
0.0816171
0.00269304
0.0195799
0.0331033
0.0375503
0.017125
0.0184155
0.0456156
0.022633
0.070981
0.0470281
0.0210283
0.0374113
0.0227173
0.0184619
0.0554823
0.0437252
0.0171606
0.00239183
0.0314354
0.0323021
0.0441797
0.00192523
0.0191662
0.0600422
0.0629191
0.0672243
0.0225102
0.0732349
0.0063343
0.00142437
0.0210367
0.0285997
0.0204936
0.0100609
0.0336088
0.0164562
0.00108036
0.00194445
0.0038465
0.0360161
0.071074
0.050354
0.0148188
0.045465
0.0870682
0.0251911
0.069313
0.0635647
0.0267607
0.0553281
0.0492019
0.0159879
0.00758265
0.00636693
0.0358644
0.0314404
0.0399115
0.00936853
0.0102873
0.0270905
0.0463964
0.00296044
0.0555135
0.0289468
0.0148522
0.03761
0.0184201
0.0385551
0.00490049
0.0482241
0.0263798
0.0184807
0.0230402
0.0120509
0.0369572
0.0157234
0.0467587
0.01465
0.0338176
0.0583509
0.0287455
0.0200044
0.0359589
0.0112839
0.0555599
0.0165132
0.0285783
0.0148538
0.0413074
0.0291812
0.0252518
0.0543901
0.0366449
0.0268144
0.0245228
0.0340929
0.0402438
0.0584456
0.00176395
0.0620434
0.0717932
0.022772
0.0100963
0.0405037
0.0491118
0.027994
0.0216513
0.0105102
0.031644
0.0284849
0.101364
0.0460123
0.0559837
0.0149055
0.00120986
0.0157824
0.0385316
0.00179327
0.047444
0.0205081
0.0240269
0.0164569
0.0741925
0.00999079
0.0333554
0.0297596
0.0582738
0.0171259
0.0507686
0.0227444
0.0233243
0.0390602
0.0533553
0.0658126
0.10871
0.0271294
0.0509354
0.0163217
0.0152289
0.0417654
0.0148015
0.0464541
0.0227028
0.038588
0.0432086
0.0531948
0.106362
0.0265951
0.0485718
0.00165382
0.037494
0.00218312
0.0212247
0.00160722
0.0476471
0.00329879
0.034809
0.00114137
0.0298416
0.0426165
0.0340758
0.00727431
0.0342631
0.0377921
0.0568581
0.0628875
0.016142
0.0361102
0.059936
0.0303886
0.0345067
0.0433678
0.0417501
0.0527817
0.0319637
0.00127109
0.0217592
0.0352448
0.00169147
0.0566071
0.0344291
0.104775
0.0706547
0.0944215
0.0389762
0.037516
0.0555378
0.0903701
0.0150171
0.0375607
0.0849505
0.0229229
0.0435545
0.032322
0.0278043
0.0669532
0.0276229
0.0475723
0.0315595
0.0733691
0.0495908
