0.0126469
0.00195241
0.00199379
0.00560235
0.0145051
0.0109949
0.000652655
0.00447747
0.00337874
0.00809834
0.00209065
0.00413974
0.00165098
0.00330996
0.00728195
0.00142124
0.00232969
0.00893464
0.000850618
0.00252591
0.00124236
0.00294368
0.00955544
0.00128133
0.00354418
0.00152768
0.000663616
0.00130553
0.00383984
0.00227092
0.00602759
0.00754279
0.00199297
0.00340617
0.00597339
0.00185507
0.00287662
0.00342628
0.00508183
0.0051738
0.00307896
0.00207935
0.00216256
0.000862196
0.00240409
0.00261142
0.00202691
0.00245119
0.00789481
0.0030714
0.00359937
0.0165341
0.0058647
0.00320454
0.0149628
0.0024446
0.00453348
0.00639917
0.00627997
0.0265884
0.00407561
0.00376311
0.0147124
0.00392547
0.00252532
0.00809276
0.0197236
0.000599559
0.0014645
0.00411028
0.0184021
0.00226228
0.0107132
0.0064124
0.00022941
0.00232513
0.00260337
0.00790453
0.000907598
0.00317579
0.00225826
0.00243276
0.00168797
0.00104045
0.00157018
0.00210693
0.00264982
0.00204277
0.000736892
0.00198382
0.00220392
0.00242736
0.00188302
0.00232717
0.000656511
0.00471115
0.0043567
0.00120153
0.0038465
0.00266698
0.00207771
0.0143301
0.000961646
0.00430763
0.000257847
0.00220066
0.0034693
0.00646448
0.00349169
0.0025054
0.00178141
0.0162644
0.00344763
0.00296517
0.00252064
0.00474571
0.000219023
0.00458182
0.00166187
0.0163804
0.00129155
0.0188022
0.00484947
0.00281985
0.00273151
0.00208258
0.00814605
0.00345077
0.00376276
0.00256365
0.00211298
0.0044979
0.00105168
0.0100278
0.0047077
0.0212813
0.00173741
0.000930432
0.0055258
0.000669954
0.00343285
0.00220606
0.00334806
0.00255191
0.00400561
0.00555179
0.00253726
0.00716518
0.0274385
0.00501912
0.00487282
0.00483336
0.0193082
0.00323495
0.004126
0.00189357
0.00331673
0.00229579
0.00220057
0.0147911
0.012263
0.00317777
0.0143949
0.00209269
0.00160298
0.00232261
0.00219783
0.00388794
0.00111931
0.000277792
0.0037043
0.00310535
0.00322213
0.000971595
0.00666093
0.00107095
0.00271639
0.00387547
0.0086273
0.00219765
0.00270837
0.00209868
0.00208914
0.0153271
0.00404107
0.00661145
0.00547747
0.00129861
0.00131
0.0053125
0.00341818
0.00438206
0.00263985
0.000182132
0.00805024
0.000418229
0.0128111
0.00131108
0.00958649
0.00213984
0.00515944
0.000657225
0.00233504
0.00169494
0.00223902
0.00170348
0.00142075
0.00238085
0.00286861
0.0030979
0.00786969
0.023754
0.00362485
0.00882521
0.0156613
0.00274732
0.00211158
0.00116358
0.00515837
0.00205695
0.00662103
0.00774268
0.000993609
0.0127215
0.00848953
0.00873998
0.00298508
0.00624135
0.001328
0.00364868
0.00462979
0.000496064
0.00463315
0.00392802
0.000357225
0.00200235
0.00274694
0.00230942
0.000478544
0.000750092
0.00305753
0.00322533
0.0206644
0.00231897
0.00256828
0.00368471
0.00668775
0.00279001
0.000516812
0.00301555
0.00182341
0.00134472
0.0031891
0.00328353
0.0070289
0.0039159
0.00228247
0.00247689
0.00239373
0.00227701
0.00214646
0.00162723
0.00176118
0.00756222
0.00791498
0.000495858
0.00089931
0.00158726
0.00413274
0.0106032
0.00404555
0.00312567
0.00252635
0.00781261
0.00160763
0.00604698
0.00231315
0.00394019
0.00528925
0.00283777
0.00203576
0.00236513
0.000708221
0.00521453
0.00778609
0.00107849
0.0168195
0.00209511
0.00405775
0.00335944
0.0038029
0.00388268
0.00837579
0.000660748
0.00407292
0.00617763
0.00196236
0.00592813
0.00257131
0.0012294
0.000679128
0.00397349
0.0011432
0.0021156
0.00375719
0.0114943
0.000942086
0.00181265
0.0146468
0.00472799
0.0129894
0.00160732
0.00330362
0.00235979
0.00714503
0.00649674
0.0034498
0.00412102
0.00320422
0.00175792
0.00423033
0.00252742
0.0014566
0.00268423
0.00843542
0.00428363
0.000940927
0.00504327
0.00377912
0.00241273
0.00467817
0.000563699
0.00579338
0.000923111
0.00589194
0.00417653
0.00306862
0.00452603
0.0024765
0.00496423
0.00351172
0.00135007
0.00224497
0.00107336
0.0221237
0.00394392
0.00253071
0.0122266
0.00308147
0.0133643
0.00359554
0.0103414
0.0130233
0.0225836
0.00212459
0.00257693
0.00470503
0.00379765
0.0019777
0.000787122
0.00200718
0.00168297
0.0180877
0.00107729
0.00334041
0.0037123
0.00347264
0.00413374
0.00656621
0.0045827
0.00245603
0.00427752
0.00250048
0.0035718
0.00372895
0.0189933
0.00349837
0.00255101
0.00235809
0.0030586
0.00227963
0.0115952
0.00229828
0.00506651
0.0020563
0.00100058
0.00982837
0.00252643
0.00364003
0.00491995
0.00336423
0.00100551
0.00277853
0.00260859
0.00335829
0.0021914
0.00203997
0.00201105
0.00258101
0.00163877
0.00109933
0.0147717
0.00271518
0.0131341
0.00451946
0.000742243
0.000815257
0.00414117
0.000853074
0.00643636
0.00334356
0.00127434
0.00428168
0.00515415
0.000773162
0.00215793
0.00297485
0.0163812
0.00177451
0.00339759
0.00550251
0.0029307
0.00332381
0.00344695
0.000884745
0.00093211
0.00234775
0.0021326
0.00239552
0.00276593
0.00546275
0.00238489
0.0051804
0.0266662
0.00570679
0.00673958
0.00267526
0.00127897
0.00707629
0.00323763
0.0129124
0.00338958
0.0015506
0.00582378
0.00192885
0.00325133
0.00398031
0.00397243
0.00371116
0.00281132
0.00458595
0.00148369
0.0028691
0.00273252
0.00113403
0.0017235
0.0029449
0.00200888
0.00204497
0.01396
0.00943328
0.00205831
0.00169751
0.002424
0.00333983
0.00144338
0.00130749
0.00292059
0.0179335
0.00918674
0.00146448
0.0020831
0.00246765
0.000281757
0.0031832
0.00768106
0.00106993
0.0138201
0.00332396
0.00343394
0.00199486
0.010222
0.00390033
0.00118517
0.012366
0.00351816
0.00448739
0.00479922
0.00275359
0.00936939
0.0146668
0.00140366
0.0119299
0.00552337
0.00674824
0.00410383
0.0125997
0.000926926
0.00258007
0.00376993
0.00221495
0.00233551
0.00129758
0.0056538
0.00237681
0.00831548
0.00121367
0.0046753
0.00204834
0.0164417
0.0182655
0.00312944
0.00160197
0.0027634
0.0113082
0.00666396
0.00236026
0.00322117
0.00337941
0.00374606
0.0038296
0.00231871
0.0029663
0.015007
0.00191554
0.00167907
0.0031083
0.00462143
0.00168282
0.0049753
0.000469912
0.00502851
0.00213459
0.0151923
0.0127142
0.00191313
0.00346974
0.00685529
0.0256653
0.00289658
0.000881637
0.00130846
0.00435214
0.00147565
0.0165148
0.0037762
0.00277407
0.0198038
0.00196048
0.00696255
0.00521589
0.00805466
0.0135947
0.0139908
0.000543702
0.0154942
0.0122895
0.00103739
0.00384137
0.000655784
0.00482545
0.00208809
0.00331064
0.00188561
0.000647569
0.011978
0.00210104
0.00657733
0.00449295
0.000451461
0.00240765
0.00026203
0.00580917
0.0011302
0.00761146
0.00170196
0.00218724
0.0067297
0.0019689
0.00348296
0.00765208
0.00316797
0.00190608
0.0068376
0.00143296
0.00320866
0.00447331
0.00459478
0.0119878
0.00440092
0.00132118
0.0112415
0.00236732
0.00176203
0.00113795
0.0252967
0.00723543
0.0206796
0.00588542
0.0129037
0.00162528
0.00368303
0.00988544
0.00443162
0.00422743
0.00234742
0.00239112
0.00272444
0.00109533
0.00556295
0.00673556
0.00791363
0.00541309
0.00207465
0.0245655
0.00417126
0.000824387
0.00416637
0.00459352
0.00549168
0.00410174
0.00137474
0.00287458
0.0030968
0.000619132
0.000685934
0.00126163
0.00304107
0.00259041
0.0162562
0.000594623
0.0145805
0.00643929
0.00102876
0.00142695
0.000823168
0.0109109
0.00320534
0.0073835
0.000799333
0.0055031
0.00234201
0.00263369
0.00511729
0.00347358
0.0212084
0.0130613
0.0020103
0.00325715
0.00441386
0.00435105
0.00361651
0.00360488
0.0043275
0.00136124
0.00188156
0.0034489
0.00308777
0.00144083
0.00427834
0.00508907
0.00536427
0.00846205
0.00386672
0.00274861
0.00102111
0.00137519
0.00261101
0.00399549
0.00213845
0.0046969
0.0075997
0.00546371
0.00225907
0.00420366
0.00712737
0.0116905
0.00269522
0.00635892
0.00367097
0.00166907
0.00381306
0.00498921
0.00148289
0.00233526
0.0323009
0.000508412
0.00533931
0.000589968
0.000855935
0.000616083
0.00464573
0.011765
0.00351059
0.012988
0.0104248
0.00122728
0.00236603
0.0144514
0.00235881
0.00337042
0.00430631
0.0371779
0.00274312
0.00171724
0.00180262
0.00386646
0.0082131
0.0157515
0.00229879
0.00175727
0.000909141
0.0147482
0.00225853
0.000861907
0.00130988
0.00554846
0.00198818
0.00166259
0.0070328
0.00496713
0.0019129
0.00123612
0.00412452
0.0244651
0.0017552
0.0135482
0.0245019
0.00277591
0.0040193
0.0150649
0.00201304
0.00422583
0.00204398
0.0010996
0.00716925
0.00336487
0.00490207
0.001629
0.00277643
0.00115835
0.00283119
0.00801567
0.00193809
0.00220955
0.000846798
0.0222742
0.00275186
0.00271365
0.00529276
0.00171044
0.0043275
0.00106702
0.00212116
0.000545936
0.00106206
0.0165078
0.00031989
0.00443908
0.000526565
0.0103236
0.0120671
0.00251393
0.00187858
0.00243091
0.000336515
0.00191914
0.000974825
0.00296352
0.00181781
0.00114296
0.0139305
0.00736189
0.0028665
0.00292155
0.0095711
0.00211845
0.011101
0.0152303
0.0016626
0.0025501
0.001646
0.0157722
0.00648126
0.0036302
0.000643941
0.00943249
0.00932368
0.00631801
0.000674219
0.00102025
0.00129194
0.00313837
0.0142063
0.00265345
0.0019278
0.00236399
0.00306845
0.0171985
0.00236752
0.00721283
0.00127465
0.0163773
0.00157202
0.0140871
0.00268325
0.00642723
0.00113487
0.0242932
0.0031186
0.00622872
0.0023586
0.00308559
0.00347139
0.00351949
0.002733
0.00167791
0.00984298
0.007917
0.00430062
0.0024105
0.00314648
0.000592431
0.00166194
0.000340119
0.000997784
0.00157685
0.00209787
0.00428628
0.0112922
0.00219915
0.00815132
0.00459023
0.0264004
0.00562137
0.00322493
0.00388656
0.00172422
0.00100686
0.00258074
0.00352188
0.00797373
0.00223244
0.0027602
0.000321732
0.0112476
0.00671765
0.00299595
0.00349813
0.0212179
0.00164726
0.00199815
0.00220276
0.00111957
0.00302711
0.00260262
0.0024856
0.00307548
0.0126253
0.00205442
0.00258647
0.001671
0.00178417
0.00284652
0.0100349
0.00445311
0.00147125
0.0233888
0.000755789
0.00227706
0.00162783
0.00209297
0.0046593
0.00134385
0.00365865
0.00177606
0.000780111
0.00193041
0.00260562
0.0159458
0.00130259
0.00124832
0.00765623
0.00562895
0.00533138
0.00179409
0.00406892
0.00183065
0.00549069
0.0121015
0.00296149
0.00199001
0.00484572
0.0230573
0.00393198
0.00738677
0.00277048
0.00447847
0.00431289
0.00418898
0.00193958
0.00272742
0.00920568
0.0042784
0.0040037
0.000925301
0.0206966
0.000149654
0.0238649
0.0018313
0.0109473
0.00530049
0.00363301
0.00740217
0.00264529
0.0164509
0.00195725
0.00206344
0.00344563
0.00564633
0.0219378
0.00233753
0.0053579
0.0015853
0.00748231
0.00491833
0.00637985
0.00412001
0.00138559
0.00287353
0.00409684
0.00302663
0.00249036
0.00449709
0.00214845
0.00773351
0.00306277
0.00367432
0.0102373
0.00262252
0.00731671
0.0019554
0.00302566
0.00323492
0.00548175
0.0020713
0.0029471
0.00373344
0.0193596
0.00233696
0.0109689
0.00575824
0.00578259
0.0015176
0.00169294
0.00163127
0.00215501
0.00338073
0.00410244
0.0170669
0.0020177
0.00306915
0.00294663
0.00971663
0.00295765
0.00804346
0.00227861
0.000731241
0.00222876
0.0060605
0.0010005
0.00233736
0.00672331
0.00242827
0.00298564
0.0021046
0.00181305
0.0135002
0.0022849
0.00300176
0.00129093
0.00104336
0.000722391
0.00450534
0.00544591
0.00179406
0.00382563
0.00431316
0.00476814
0.00205866
0.000455159
0.000680136
0.00151631
0.00219801
0.0125891
0.00282066
0.000586067
0.000678593
0.00507557
0.000790833
0.0135437
0.00406628
0.00279944
0.00667935
0.0146861
0.00474124
0.0194332
0.0178901
0.00659217
0.00371377
0.00621084
0.00694515
0.00245188
0.000944928
0.00222397
0.0062528
0.00670386
0.00380975
0.00219177
0.00139564
0.00181862
0.0046369
0.00164588
0.00416523
0.00545182
0.0152433
0.00177244
0.02002
0.00158169
0.00285905
0.00145856
0.00499873
0.00227
0.00116206
0.00249936
0.0254837
0.00234313
0.00245327
0.000899769
0.00576822
0.00386894
0.0202296
0.00130828
0.00232753
0.00161449
0.00463399
0.000816394
0.00743297
0.00209024
0.000150327
0.00277465
0.0278263
0.00174894
0.00699032
0.00366396
0.00290769
0.00131396
0.00325966
0.00224463
0.00243965
0.00298057
0.00316192
0.00372057
0.00145418
0.00826625
0.00342961
0.00115564
0.00487779
0.00212999
0.000782086
0.0111129
0.00179708
0.0057546
0.00137521
0.00302118
0.00134433
0.00239471
0.00110508
0.00136926
0.00348206
0.00224985
0.035215
0.0218448
0.00210113
0.000540609
0.00129199
0.00181945
0.00355491
0.00142789
0.00199906
0.0011553
0.0101346
0.00451913
0.00358681
0.00467357
0.00131608
0.00733109
0.0116041
0.00224602
0.00163195
0.00272868
0.00310771
0.0103841
0.00617564
0.00206399
0.00158368
0.0061586
0.00157446
0.00166348
0.0110716
0.00177724
0.00422229
0.00285359
0.0119115
0.0020104
0.00147108
0.0277086
0.00305736
0.00129151
0.0207178
0.00196623
0.00338295
0.0231697
0.00172613
0.00254713
0.0027429
0.00365656
0.00218782
0.00523573
0.00344332
0.0137373
0.00323849
0.00428763
0.00640328
0.00853809
0.0257382
0.00150086
0.00205776
0.00300038
0.0021616
0.00270959
0.00743466
0.019711
0.00141156
0.00196332
0.00258117
0.00202203
0.00318354
0.00175352
0.0108038
0.00550535
0.00583644
0.00217187
0.00648763
0.0020963
0.00374034
0.00617899
0.00208937
0.00123745
0.00402205
0.00140226
0.00333337
0.0040255
0.00197651
0.00465875
0.0183673
0.00225354
0.0209835
0.0048203
0.00373699
0.00135981
0.00586213
0.0235203
0.00630181
0.00233014
0.0117984
0.00394967
0.00214877
0.00650146
0.00066783
0.00218588
0.00338319
0.0128037
0.00507046
0.00166346
0.000887734
0.00175987
0.0234358
0.000639022
0.00413626
0.00288682
0.000229601
0.0163472
0.00366036
0.00295172
0.0035146
0.00313984
0.0172839
0.0026489
0.0014222
0.0141822
0.00317826
0.00321618
0.00239132
0.00376508
0.00300321
0.0055373
0.0110838
0.00552813
0.00830473
0.000802426
0.00222953
0.00466615
0.00263078
0.00228859
0.00558158
0.012392
0.00393688
0.00751878
0.0132823
0.00186912
0.00368349
0.00307189
0.00281024
0.00132894
0.0100743
0.00242039
0.00648671
0.000357145
0.0112643
0.00120775
0.00256623
0.00480684
0.00604095
0.0029767
0.00198785
0.00309555
0.012827
0.00434916
0.00182357
0.00172741
0.00741442
0.00721678
0.00107583
0.00138382
0.00204117
0.00558731
0.00183483
0.00210224
0.0059948
0.00149215
0.0015671
0.00361669
0.00159261
0.0291659
0.00482857
0.00113185
0.00256043
0.00284861
0.00312942
0.0181813
0.002848
0.00896493
0.00184507
0.00392653
0.00424767
0.001732
0.00342212
0.00447354
0.00370067
0.00352187
0.00294213
0.000419266
0.00681869
0.00243568
0.00627729
0.0032339
0.00257753
0.00208872
0.00198729
0.00361156
0.00201628
0.00379839
0.00462542
0.00878154
0.0100097
0.00223798
0.00019537
0.00187131
0.00274157
0.000716445
0.00247269
0.00560282
0.0230856
0.00276504
0.00163997
0.0030398
0.00411786
0.00225821
0.000439479
0.00130048
0.0013021
0.00372447
0.00228785
0.00189687
0.00471589
0.00296941
0.00272208
0.0035428
0.00318428
0.000924072
0.00619337
0.00850561
0.00174865
0.00375313
0.00396056
0.00615825
0.00849347
0.00268847
0.00252493
0.00868644
0.00476451
0.00434605
0.00190699
0.00161417
0.00191677
0.00100096
0.00486591
0.00310099
0.00170293
0.00538859
0.00125664
0.000574605
0.00140155
0.00143921
0.00330164
0.00150963
0.00472495
0.00407326
0.00525586
0.00495039
0.00591233
0.00604083
0.00933373
0.00290645
0.00315119
0.000928762
0.00383333
0.000725251
0.0015806
0.00408227
0.0070218
0.00504997
0.00658998
0.00417246
0.00360646
0.00153813
0.00309321
0.00237859
0.00217237
0.00153642
0.00528731
0.00492757
0.00164048
0.000339493
0.00135888
0.00252445
0.00168668
0.00224392
0.00731569
0.0193391
0.00208691
0.00207348
0.0203
0.00222052
0.027621
0.0025026
0.000381395
0.00163284
0.0086097
0.00144671
0.00155215
0.000741253
0.00303211
0.000568445
0.000616934
0.00345868
0.00376173
0.00065358
0.00150178
0.0059537
0.00272039
0.0241282
0.00166122
0.00204265
0.00840994
0.0025339
0.0105347
0.00203746
0.00105703
0.00068617
0.00320857
0.00142338
0.0229847
0.00208016
0.00305862
0.00197692
0.00261239
0.000950017
0.00221718
0.00211296
0.00228553
0.00368015
0.0048516
0.000730314
0.00256009
0.00189223
0.00637973
0.00167513
0.00207637
0.00302531
0.00260611
0.00269447
0.000668112
0.00286637
0.00255679
0.00403003
0.00249622
0.00417785
0.000905224
0.00315367
0.00501869
0.0191146
0.00832056
0.00152346
0.0016241
0.0204173
0.00908695
0.00122356
0.00311711
0.00362879
0.00195216
0.00340432
0.00139915
0.000533123
0.00406367
0.0014625
0.00220452
0.00263954
0.00167651
0.0160755
0.00201499
0.00408404
0.00611608
0.00552774
0.0226997
0.0145487
0.00179948
0.00206824
0.0203614
0.00292897
0.00870639
0.0108147
0.00180805
0.00478651
0.00370689
0.00358913
0.00117896
0.000282837
0.000933794
0.000871965
0.00200808
0.0044551
0.0126082
0.000713491
0.00404179
0.00158369
0.00199097
0.000915779
0.00149277
0.00463502
0.0012724
0.00284429
0.00970673
0.00634952
0.00514879
0.0163447
0.00901552
0.0023471
0.00418919
0.00241395
0.00573692
0.00335034
0.00407522
0.00198813
0.00407551
0.00586389
0.00664934
0.0013639
0.0070813
0.00164016
0.00158176
0.00848321
0.00324563
0.000797758
0.00305288
0.00202107
0.00452518
0.0155369
0.0050312
0.00162845
0.00143215
0.00251705
0.000640892
0.00238243
0.00436656
0.0094186
0.00414136
0.00362499
0.00309159
0.00443384
0.00242489
0.00513745
0.0196865
0.00370181
0.00680815
0.00119769
0.00232434
0.00184417
0.00264189
0.000517786
0.00731152
0.0033022
0.00251796
0.0034122
0.0326701
0.00405829
0.00385738
0.0035559
0.00305522
0.00485073
0.0105155
0.000659074
0.00233827
0.00202322
0.004127
0.0044042
0.00234751
0.00200623
0.00477352
0.00287688
0.000518479
0.00133565
0.00109868
0.00246102
0.0023519
0.0168562
0.00664297
0.00374082
0.0025763
0.00349948
0.00277965
0.00295393
0.000467483
0.00335388
0.00238123
0.00238896
0.00410131
0.00498341
0.00142392
0.00218139
0.00605998
0.00238308
0.00282502
0.00269644
0.00622825
0.00432797
0.00253841
0.00383916
0.00412495
0.00256134
0.0033884
0.0148235
0.00381569
0.00199777
0.00321728
0.00416594
0.00320473
0.0023352
0.00273367
0.00357093
0.00544704
0.0011822
0.00433287
0.00636121
0.00173431
0.00965919
0.00225705
0.00117901
0.00354743
0.00214058
0.00257261
0.00256152
0.00523935
0.0189941
0.00547079
0.000968372
0.00233971
0.00196086
0.00112104
0.00102098
0.00388009
0.0146074
0.00558015
0.0224945
0.00109678
0.00953362
0.00404726
0.00179107
0.00262246
0.0060247
0.00285561
0.00394053
0.00292103
0.00358945
0.00179485
0.00262835
0.0131844
0.00447074
0.00467354
0.00726722
0.00396978
0.00158427
0.00230515
0.0137171
0.00306555
0.000998135
0.00347566
0.00479141
0.00314402
0.00355732
0.00191877
0.0027244
0.0044002
0.00598067
0.00426526
0.0213969
0.000313062
0.00241913
0.0194434
0.00155074
0.00129457
0.00351612
0.00252613
0.00325046
0.00876787
0.00229896
0.00462231
0.00220293
0.00287575
0.0192706
0.00966903
0.00129104
0.00246227
0.00281317
0.0041515
0.00494584
0.00912952
0.0012527
0.00116229
0.00168133
0.000696076
0.00207592
0.00191625
0.00275921
0.00660627
0.00449657
0.0068288
0.00494534
0.0034226
0.0123658
0.00419472
0.00661799
0.00914957
0.0105761
0.00597601
0.00181136
0.00766372
0.00551025
0.00325097
0.00252648
0.00440087
0.00498242
0.00633149
0.000712693
0.00335277
0.00351927
0.0110417
0.00621175
0.00429777
0.00467319
0.00109668
0.00186732
0.000684912
0.000378671
0.013736
0.000607033
0.00344977
0.0122785
0.0195812
0.00345215
0.00134754
0.00477
0.000639421
0.00406192
0.00328111
0.00244016
0.0149111
0.00174845
0.00371254
0.00392123
0.00175504
0.00249678
0.00165731
0.00211708
0.0014573
0.000787475
0.00337374
0.00346003
0.00671494
0.00333816
0.00186771
0.00350265
0.00396009
0.00132448
0.00126803
0.00208355
0.00454149
0.00629212
0.00245894
0.00103712
0.00244951
0.0057828
0.00514697
0.00449141
0.00610649
0.00104186
0.00184107
0.00339171
0.0050924
0.0046281
0.0015281
0.0164526
0.00219326
0.000483358
0.00250806
0.0035673
0.00728996
0.016986
0.00190839
0.00483599
0.0140798
0.00195878
0.0052704
0.00103474
0.00220678
0.00431029
0.00188126
0.00410373
0.00606403
0.0148921
0.00158193
0.00278989
0.000159568
0.0041365
0.00365967
0.000159484
0.00479302
0.00453318
0.00134636
0.00335033
0.0042821
0.0038206
0.00426053
0.0110899
0.0167692
0.00320357
0.00599059
0.00101709
0.00954193
0.0152618
0.00211796
0.00153921
0.005439
0.00187808
0.0072692
0.00133782
0.0107711
0.00433241
0.00509545
0.00438612
0.00343537
0.000996405
0.00178432
0.00651287
0.00580435
0.00179689
0.00227016
0.00267597
0.00234034
0.00129946
0.00217298
0.00502686
0.0169921
0.0070645
0.00108342
0.01668
0.00215544
0.0032308
0.00153329
0.00296697
0.00286794
0.00410717
0.000942893
0.000791658
0.00135419
0.00407819
0.00255647
0.000845622
0.000667833
0.00537979
0.00170454
0.0100382
0.0123671
0.0111925
0.00581723
0.00458587
0.0302345
0.00173747
0.00122491
0.00233688
0.00185639
0.00597434
0.0013094
0.00700658
0.00308967
0.00184723
0.00128317
0.00224947
0.00160882
0.0155092
0.000241468
0.00216215
0.00139973
0.00597883
0.00354781
0.00270246
0.00192645
0.000725362
0.00173071
0.00189101
0.00175756
0.0022041
0.000798129
0.00101603
0.00211455
0.00169944
0.00870825
0.00417499
0.0038095
0.00567629
0.009912
0.0155474
0.0015308
0.0068266
0.000751321
0.00119753
0.00377528
0.00146594
0.00124528
0.00359885
0.0135296
0.00607657
0.00163331
0.00335658
0.00123818
0.000389822
0.00130151
0.00119736
0.00218925
0.00573796
0.0017402
0.0045815
0.00250891
0.0177466
0.00214135
0.014617
0.0036758
0.00231329
0.00180805
0.00366903
0.00229253
0.00316865
0.00451923
0.000316931
0.00418632
0.00264558
0.00515261
0.00428321
0.00191727
0.00111787
0.00124379
0.0058396
0.0133222
0.00176389
0.0036394
0.00128038
0.0022417
0.00108953
0.00818595
0.00138367
0.00808125
0.0277467
0.0133926
0.00382141
0.0154672
0.00315675
0.00285518
0.000361453
0.00384325
0.00104679
0.00197225
0.00632235
0.0101207
0.00256574
0.0124346
0.003195
0.00429788
0.00374857
0.00331676
0.00299065
0.0219036
0.00202321
0.0187601
0.00108027
0.00412987
0.0359332
0.00131272
0.00296181
0.0326081
0.00131044
0.0131723
0.000336135
0.00126478
0.00748325
0.00261432
0.00472535
0.0174746
0.00148835
0.00725407
0.00156986
0.00449499
0.00706134
0.00293555
0.00297883
0.00287402
0.00197038
0.00256562
0.00282577
0.00144593
0.00309037
0.00377749
0.00639464
0.00148267
0.000941854
0.00141698
0.00156681
0.00204824
0.00163659
0.00139416
0.00257386
0.00390087
0.0246462
0.00314887
0.00188092
0.00126346
0.00901088
0.00167911
0.0180563
0.00518311
0.00264679
0.0016846
0.00319887
0.0156276
0.000791915
0.00291294
0.0131748
0.00329973
0.00336078
0.00397752
0.00230358
0.00495344
0.00127002
0.00296756
0.00425045
0.00254411
0.00355827
0.00349172
0.00379698
0.000433046
0.00414709
0.00175577
0.00135022
0.00212803
0.0101614
0.00371608
0.000909495
0.00267385
0.00090053
0.0288132
0.000537228
0.00295821
0.00333571
0.00157429
0.0164064
0.00139056
0.00523212
0.00219475
0.00300148
0.00407888
0.00119022
0.00235722
0.00839417
0.00546516
0.00251229
0.000867211
0.00244094
0.0269489
0.0057562
0.0170588
0.00196314
0.00372904
0.00813159
0.00149341
0.00367372
0.00263359
0.00256942
0.00368413
0.000617124
0.00192361
0.00289986
0.00343762
0.00255377
0.00207422
0.00492202
0.00315629
0.00383555
0.0161233
0.000847078
0.00802069
0.0251351
0.00133417
0.00612451
0.00561098
0.00272217
0.0117391
0.00654905
0.00236198
0.00341791
0.00491445
0.00157668
0.00310066
0.00435022
0.00578076
0.00742388
0.000452127
0.017276
0.00708451
0.00330121
0.00399853
0.00575368
0.00122335
0.00420629
0.00263396
0.0289821
0.00326806
0.00251734
0.0143579
0.000649321
0.0181017
0.00062601
0.00126847
0.00450986
0.00461371
0.00207263
0.000510603
0.00621425
0.00300583
0.00183688
0.00522523
0.00290739
0.001926
0.00351946
0.0148013
0.00312129
0.00271105
0.0138933
0.00264576
0.00224649
0.00218938
0.00559552
0.00787198
0.0041018
0.00377109
0.0028501
0.00347425
0.00243616
0.00601895
0.0031513
0.0134252
0.0020357
0.00359795
0.00194731
0.012003
0.00312988
0.000749109
0.00270269
0.00109963
0.00376369
0.0183327
0.00295705
0.000480049
0.00496408
0.00264918
0.00507996
0.00257192
0.00135364
0.0118358
0.00274178
0.0016098
0.00213092
0.00232746
0.00105823
0.00435543
0.0137296
0.00147719
0.00199003
0.0150023
0.00164357
0.00440455
0.0217047
0.00218008
0.00172661
0.00309654
0.00623173
0.00117363
0.00174362
0.000668575
0.00468817
0.00236727
0.00258907
0.00317691
0.00145577
0.00682845
0.0132651
0.0028054
0.00582126
0.00085288
0.0277955
0.00416995
0.0112705
0.00197315
0.00206909
0.00406876
0.0117749
0.0107298
0.00206611
0.000502664
0.00488388
0.00304893
0.00236353
0.000319275
0.00409122
0.00177802
0.0127731
0.00115016
0.0039781
0.00149139
0.0213936
0.00173114
0.00183696
0.0184643
0.00731111
0.00143325
0.000840975
0.0028731
0.00104601
0.00602546
0.00342533
0.00170798
0.0135481
0.00123558
0.00698486
0.00479897
0.00335581
0.0026719
0.00285877
0.00334328
0.00364033
0.00257292
0.00709111
0.0048018
0.00156008
0.00973458
0.0012767
0.00327663
0.00417107
0.0110822
0.00395267
0.011837
0.0266591
0.00259837
0.00124686
0.0194988
0.00339694
0.00293989
0.00534242
0.00747641
0.00499827
0.00183226
0.00379986
0.00135886
0.00425042
0.0041501
0.00296806
0.0354408
0.007762
0.000208084
0.0119068
0.0199023
0.0174834
0.0017202
0.0020804
0.0123442
0.00313796
0.00380731
0.0010769
0.00543373
0.0016847
0.0017409
0.00215763
0.000304362
0.00261768
0.0034025
0.00309483
0.00277178
0.00103425
0.00232477
0.0130724
0.0015137
0.00826701
0.021865
0.00168983
0.00414677
0.00386932
0.00385172
0.0106582
0.0250624
0.00361255
0.0036699
0.00185135
0.0111946
0.0184721
0.0157393
0.000894925
0.00470718
0.00254105
0.00394809
0.00714777
0.0017104
0.00214658
0.00759776
0.00145492
0.00118016
0.00170951
0.00269157
0.0131433
0.00351732
0.0141448
0.00205893
0.00355056
0.00774501
0.00627781
0.00417231
0.00242399
0.00296635
0.000861953
0.00395183
0.00115665
0.00335244
0.0158327
0.0107159
0.0042301
0.00107283
0.00119437
0.004253
0.00259478
0.00219408
0.00130014
0.00336781
0.00125616
0.00498256
0.00398365
0.0107125
0.00164138
0.0018623
0.00906525
0.00140901
0.00180075
0.0136193
0.000565521
0.00481613
0.000825016
0.00242686
0.00389506
0.0105288
0.00400027
0.00284655
0.00331126
0.00175481
0.00572631
0.000658191
0.00193184
0.00858184
0.00480146
0.00259578
0.000943321
0.00355305
0.00276396
0.0155178
0.0156938
0.00965079
0.00161911
0.00425295
0.00290978
0.00213192
0.00161605
0.000732643
0.00157736
0.0018517
0.00116064
0.00244331
0.00485716
0.00367012
0.00364601
0.000874749
0.00250836
0.00528895
0.00678437
0.000966561
0.0109798
0.00361092
0.00620483
0.00266965
0.00273085
0.00223535
0.00184416
0.0026957
0.000766193
0.00434617
0.000919273
0.0153533
0.00200497
0.0113954
0.00397974
0.00581834
0.00101602
0.000709879
0.00242661
0.00246689
0.0016839
0.00514038
0.00802236
0.000660689
0.00276009
0.00284318
0.00158518
0.0162024
0.00605543
0.00293232
0.00857133
0.00250305
0.00190247
0.0020424
0.00255129
0.00139043
0.00213287
0.00240217
0.00197455
0.00169633
0.00375244
0.00298964
0.0042659
0.00984101
0.00443738
0.00361871
0.000798551
0.00923848
0.00138781
0.0015777
0.00611777
0.00279758
0.00620854
0.00411498
0.00241099
0.00200485
0.00297964
0.000942791
0.01792
0.00213188
0.0119839
0.0121476
0.00964548
0.00294424
0.00335085
0.00249151
0.00213428
0.00285715
0.00146853
0.00364609
0.00497869
0.000601921
0.00475431
0.00158994
0.00233881
0.003384
0.00278491
0.00389174
0.00262205
0.00549957
0.00080476
0.00380224
0.00429711
0.0192698
0.00713494
0.00276646
0.00185284
0.00418998
0.00145485
0.00115373
0.0033121
0.00269418
0.00207615
0.0161652
0.0138128
0.00316921
0.00493534
0.00331802
0.00242538
0.00531957
0.0127824
0.00119306
0.00396296
0.00260659
0.00444787
0.0189048
0.0112662
0.00191159
0.0041425
0.00257416
0.00209619
0.00171783
0.0270341
0.000617755
0.00337573
0.00307129
0.00506721
0.00268214
0.00104873
0.022027
0.00399332
0.000586155
0.00163169
0.000961313
0.0049173
0.00163213
0.00191547
0.00200539
0.00242931
0.00157916
0.00114444
0.00124445
0.00420418
0.0018109
0.00239993
0.0166281
0.00311082
0.00111284
0.00320017
0.00334027
0.0298636
0.0172327
0.0112094
0.00336955
0.00329255
0.00703169
0.000904765
0.00120306
0.00118845
0.0186811
0.00477421
0.0128036
0.00262916
0.00348708
0.0055032
0.00178494
0.00118173
0.00196093
0.0034293
0.00440685
0.0152754
0.0046562
0.00451729
0.029557
0.013624
0.00163299
0.00262485
0.000782863
0.0112947
0.00164968
0.0015522
0.00536259
0.028051
0.00209041
0.00414702
0.00355287
0.00261323
0.00400941
0.00212338
0.00269208
0.000835687
0.00449978
0.0251967
0.00433456
0.00359112
0.00463652
0.000778632
0.0027115
0.00181232
0.00173385
0.00262388
0.000956523
0.00307754
0.0018062
0.00280514
0.00263206
0.0034099
0.00279636
0.0158099
0.000680465
0.00125583
0.00264787
0.00299832
0.00457103
0.00591005
0.00247783
0.00125057
0.00267619
0.00326766
0.00109226
0.00410389
0.00235042
0.00566506
0.00455336
0.0374711
0.000392921
0.00139555
0.0101772
0.00214773
0.000779593
0.00274031
0.000989286
0.00730938
0.00657672
0.00126339
0.00090743
0.00233556
0.00169356
0.00407761
0.00679618
0.00983846
0.00159767
0.00121362
0.00265461
0.000467333
0.00317298
0.0163076
0.00168536
0.00543316
0.0148778
0.00264294
0.00920144
0.0037893
0.00243817
0.00296903
0.00174132
0.00259876
0.00746506
0.000148069
0.00326249
0.00255217
0.00161008
0.00567459
0.00661872
0.0152714
0.00446393
0.00468672
0.0144713
0.00263091
0.00223802
0.00187747
0.00482395
0.00139087
0.00309804
0.0139502
0.00215759
0.00140419
0.00252398
0.0069776
0.00397749
0.00831859
0.00562066
0.000483501
0.000366836
0.00181663
0.00452923
0.000349398
0.00140749
0.00850506
0.00494259
0.00240849
0.00132909
0.00235026
0.00112616
0.00336221
0.00331145
0.0030735
0.00311175
0.00174976
0.0112699
0.00351248
0.00387872
0.0266548
0.00140714
0.00268093
0.00291836
0.00629476
0.0025907
0.00370569
0.00135998
0.00144671
0.0173238
0.00259885
0.00489581
0.0197997
0.00419586
0.00273881
0.00413647
0.00776792
0.00258653
0.00222693
0.00151722
0.00516995
0.00245272
0.00661233
0.0058646
0.0015159
0.0089941
0.000739566
0.000505679
0.00447931
0.00296278
0.00352483
0.00155303
0.00163556
0.00154695
0.00137067
0.0161936
0.00375283
0.000674918
0.00124621
0.00222604
0.0214635
0.00272306
0.00298065
0.00292356
0.00348557
0.0197849
0.00244913
0.00401777
0.00255285
0.0260328
0.00150033
0.000721979
0.00935182
0.00224555
0.00027633
0.00274665
0.00223177
0.00245942
0.00302516
0.00221492
0.0114332
0.0330955
0.00214521
0.0110453
0.00233527
0.00488974
0.00220092
0.00481866
0.00203246
0.00271836
0.00195405
0.00357485
0.00455699
0.00341665
0.000510406
0.00166153
0.000437358
0.00484071
0.00348593
0.0019032
0.00277099
0.00175094
0.00656962
0.000843405
0.00641453
0.003557
0.000597106
0.00144166
0.00191274
0.00178664
0.00302021
0.00444332
0.00119082
0.00151317
0.00196411
0.00272476
0.00234924
0.00182714
0.00220296
0.00223033
0.00299944
0.00362208
0.00165187
0.00365676
0.00369075
0.00567012
0.0153515
0.001987
0.00154858
0.00288665
0.00145285
0.0067168
0.00444419
0.00145024
0.00311393
0.000923481
0.00439568
0.00252513
0.0193981
0.00207094
0.00497262
0.00538662
0.00137546
0.000194083
0.00775782
0.00372936
0.0042219
0.00604459
0.0179374
0.0055212
0.00124058
0.0110167
0.00174742
0.00261653
0.00241038
0.00359944
0.00202874
0.00134538
0.00821876
0.00114902
0.00145116
0.00464438
0.00562499
0.00193004
0.00194605
0.00823365
0.00495679
0.00333754
0.00867179
0.00529517
0.00289355
0.0032729
0.00940967
0.00431705
0.00166292
0.00211539
0.004753
0.00891302
0.0134481
0.0133272
0.00228035
0.00258838
0.00341403
0.0118138
0.00227457
0.00149277
0.00196465
0.00172202
0.00121587
0.00423421
0.0298583
0.00416236
0.0038209
0.0020348
0.00122515
0.00238733
0.00302671
0.00191221
0.000950304
0.00070065
0.00260407
0.00287549
0.00279001
0.00180011
0.000341964
0.022533
0.0149076
0.00107618
0.0023661
0.00105693
0.00300735
0.0159081
0.00194931
0.0168876
0.00313812
0.00302245
0.000743839
0.00169201
0.00138071
0.00193417
0.00364989
0.00217849
0.00590497
0.00172863
0.0121468
0.00950598
0.00261468
0.00705663
0.00242107
0.00478459
0.00216093
0.00148799
0.00419312
0.00185248
0.00443078
0.00403902
0.0172275
0.00226992
0.00220115
0.00590881
0.00113938
0.00166346
0.00224701
0.00370314
0.000948326
0.00130618
0.00366505
0.00650198
0.0063484
0.0134548
0.00171578
0.000500603
0.00514503
0.00311938
0.0146393
0.0028427
0.00212138
0.00229983
0.00397738
0.00606544
0.00120457
0.0060351
0.0035945
0.00278588
0.00161553
0.00435819
0.0037902
0.00943136
0.00991814
0.00486581
0.00314753
0.00645705
0.0129772
0.00465519
0.00300142
0.00927718
0.00111098
0.00311952
0.00598181
0.00209089
0.0166235
0.00617871
0.0111988
0.00255654
0.00165732
0.00355028
0.00195238
0.0263813
0.00123303
0.00379351
0.0120107
0.000799998
0.0141807
0.00221477
0.00645956
0.0143647
0.0035416
0.00318357
0.00484322
0.00248327
0.00674785
0.00202818
0.00257331
0.00428219
0.002025
0.00691061
0.00317055
0.00262108
0.00792675
0.00907353
0.0024516
0.00262444
0.0148453
0.00732188
0.0062999
0.00255969
0.00480814
0.00237924
0.00241538
0.0109657
0.0111503
0.000471403
0.00857104
0.00406636
0.0033754
0.0013647
0.0202376
0.00273943
0.00148127
0.00298506
0.00344874
0.0054302
0.00520686
0.000302896
0.000226981
0.00124387
0.00547095
0.00134767
0.00312165
0.00623221
0.00303956
0.00205809
0.00362991
0.00578857
0.0186637
0.0103752
0.00134599
0.0019342
0.0067082
0.00524764
0.0106946
0.0190394
0.00193412
0.00616921
0.00224339
0.00282011
0.00118868
0.00274354
0.00298086
0.0028077
0.00247474
0.0047857
0.00317692
0.0174184
0.00365355
0.00282345
0.00917845
0.00184094
0.00758729
0.00144945
0.00102193
0.00867474
0.0130973
0.000896919
0.00240004
0.000878748
0.00976568
0.00545136
0.00219921
0.0127492
0.000889927
0.00668067
0.017626
0.000575216
0.0155791
0.00309081
0.00232128
0.00159137
0.0251453
0.00542442
0.00339457
0.00740835
0.00249101
0.00323267
0.00324893
0.0189774
0.00316691
0.000721082
0.00650051
0.0198306
0.00152167
0.00338031
0.00474899
0.00530916
0.00178615
0.0029163
0.00395299
0.0282857
0.000664035
0.00348731
0.00172016
0.00610896
0.00226571
0.00697994
0.00465291
0.0019265
0.00243213
0.0116386
0.00606285
0.00124826
0.00603321
0.00314083
0.00309254
0.000450165
0.00354571
0.00249119
0.00353143
0.000632832
0.00137604
0.00210796
0.00192704
0.00128129
0.00777508
0.00420047
0.00334751
0.00730336
0.00141777
0.00360826
0.00205265
0.0177837
0.0071133
0.000529355
0.00497256
0.000721884
0.00241808
0.00069217
0.000809234
0.00497931
0.00240635
0.01304
0.00272559
0.00396785
0.033588
0.00322437
0.000533608
0.00186633
0.00111582
0.00837567
0.021631
0.00626262
0.0158061
0.00168284
0.0203782
0.00214806
0.00137474
0.00356386
0.00263783
0.00311502
0.0134046
0.000544315
0.00276152
0.00293314
0.00662917
0.0117158
0.00453652
0.00364719
0.00417119
0.00396863
0.00260453
0.00453129
0.00256371
0.00760357
0.00477897
0.000596392
0.00444659
0.00126515
0.00142695
0.00101473
0.0110742
0.00180281
0.00831579
0.0051273
0.012131
0.00230795
0.0121771
0.00747583
0.00829973
0.00136438
0.00276716
0.00245115
0.00474769
0.00320733
0.00118499
0.00297681
0.0151209
0.00278505
0.0029785
0.0029393
0.0027452
0.00538942
0.0106389
0.00147046
0.00513568
0.000966969
0.00304052
0.00582712
0.00355583
0.000615294
0.00721818
0.0119461
0.00243738
0.00186079
0.0018608
0.00166023
0.00123714
0.00369008
0.00407337
0.0157713
0.000984508
0.00798955
0.00266691
0.00610966
0.00199374
0.00568405
0.00347866
0.0039408
0.00284369
0.00241685
0.00172337
0.00190983
0.0039329
0.00524401
0.000802195
0.00643145
0.0153899
0.00284437
0.0013528
0.00842916
0.00671883
0.00456946
0.00379402
0.00291165
0.00345578
0.00900577
0.000769729
0.00311712
0.0176535
0.00266819
0.00125992
0.00339013
0.00576682
0.0153669
0.00179939
0.000767584
0.0115969
0.00378114
0.00126187
0.00227384
0.0129625
0.00149038
0.0020055
0.00166795
0.0026852
0.00456283
0.00288538
0.00362785
0.0101499
0.00171839
0.011256
0.00110885
0.00508178
0.0133142
0.0291827
0.00280143
0.00264131
0.000948242
0.00109482
0.00257714
0.00125615
0.00240827
0.0100424
0.00300635
0.0178538
0.00616058
0.00308902
0.00443797
0.00411571
0.00354075
0.00294404
0.00167155
0.00786446
0.0089969
0.00963739
0.00708649
0.00417266
0.00434987
0.00980184
0.00139799
0.00469671
0.00323011
0.0147761
0.0139846
0.00736444
0.00398528
0.0115068
0.00365491
0.0127129
0.00348848
0.00229622
0.00618433
0.0127652
0.00140295
0.00189397
0.0227397
0.00586789
0.00138032
0.00243058
0.00139296
0.00358164
0.00437678
0.00344029
0.00418178
0.00433612
0.00338616
0.0055669
0.00981959
0.00504282
0.00165722
0.00280759
0.00491144
0.00242782
0.00262734
0.000725983
0.00146735
0.00231608
0.00254794
0.00184991
0.00134431
0.0021011
0.00461253
0.00356496
0.0093008
0.00372792
0.00313556
0.00437146
0.00204319
0.0175889
0.00244205
0.00192609
0.00312669
0.000679586
0.000725119
0.00444914
0.0109902
0.000777299
0.00052268
0.00439933
0.00339006
0.00698411
0.00390496
0.00954452
0.00227961
0.0115551
0.00247611
0.0213767
0.0105117
0.00314875
0.000938594
0.0019531
0.00140813
0.0134089
0.00120454
0.00238394
0.00101499
0.00176342
0.00248636
0.00295272
0.0071614
0.00235075
0.00332898
0.00240389
0.00525894
0.00907331
0.00167918
0.00774456
0.00421807
0.00440181
0.00522847
0.000680307
0.00102313
0.00287654
0.0013499
0.00352723
0.00135432
0.00363653
0.00335586
0.00150682
0.0062953
0.00202996
0.00221921
0.0143235
0.00230182
0.00269486
0.000780471
0.00198809
0.00265766
0.00262333
0.000300096
0.000881474
0.00505806
0.005513
0.00156194
0.00313792
0.00527248
0.00748303
0.00199861
0.0071665
0.00932963
0.00301576
0.0206001
0.00321076
0.00385189
0.00269279
0.00289011
0.00525071
0.0124013
0.00253678
0.00444979
0.0155817
0.00277836
0.00967205
0.00164449
0.00970702
0.00251456
0.0131454
0.00245693
0.00564328
0.00126246
0.0020286
0.00167395
0.00304986
0.00423925
0.00351599
0.00551779
0.00125156
0.0163933
0.0139823
0.00654845
0.000856762
0.00271298
0.00179967
0.00171958
0.000951299
0.00195624
0.00244135
0.0102587
0.000810043
0.00275671
0.00364878
0.0111335
0.00358559
0.00585385
0.00210081
0.00127827
0.00238432
0.00343633
0.0030241
0.00100711
0.00350696
0.0033417
0.00443924
0.00174175
0.00175461
0.00228617
0.021442
0.00376947
0.00114383
0.00420431
0.0174912
0.000498893
0.0105128
0.00171791
0.00246483
0.0016876
0.00151574
0.011478
0.00299773
0.0232049
0.0110153
0.00484192
0.00424761
0.0031794
0.000355208
0.00730181
0.00499734
0.00185958
0.0150322
0.00157355
0.00295626
0.0021909
0.0172113
0.00158871
0.00712138
0.00423495
0.00138207
0.0208562
0.00164516
0.000982627
0.00124383
0.00235337
0.0028509
0.0215876
0.00270113
0.0213778
0.0110513
0.0070845
0.00292224
0.00265132
0.00457738
0.001176
0.0011348
0.00212938
0.0055745
0.0206458
0.00607305
0.00138228
0.0198018
0.00128299
0.00201815
0.00345894
0.00605987
0.0029024
0.00383278
0.0116477
0.00321722
0.00368633
0.0138674
0.00870509
0.00168266
0.000858006
0.00146035
0.0194345
0.00536598
0.0166504
0.00120697
0.0147756
0.0017964
0.00745749
0.0026548
0.00832061
0.00513393
0.00300527
0.00226559
0.00314776
0.00203542
0.00590874
0.0108803
0.00284517
0.00217908
0.00212416
0.0144398
0.000793382
0.00223003
0.0140189
0.00604337
0.00175118
0.00211897
0.0016022
0.0125606
0.00376546
0.00212967
0.00493005
0.000442692
0.00150783
0.00162415
0.0121843
0.0241982
0.00341518
0.0204237
0.0013196
0.0148661
0.021259
0.00147949
0.0268086
0.00275721
0.00313777
0.013926
0.025922
0.0093385
0.00930683
0.00135235
0.0131301
0.00186404
0.0013602
0.00374911
0.00418688
0.00260732
0.000576623
0.00913025
0.0012839
0.00389662
0.00159937
0.00397373
0.00118108
0.00342886
0.0112329
0.00308837
0.0178721
0.00169412
0.0016256
0.00279565
0.00120918
0.00429463
0.00237192
0.00169986
0.00120769
0.00364509
0.00216884
0.00526975
0.00300506
0.00150011
0.00367578
0.0216296
0.00172013
0.0109845
0.00395454
0.00278553
0.00169778
0.00392732
0.00740523
0.00417142
0.00169734
0.00318379
0.0162079
0.0037819
0.00196055
0.00435252
0.00265874
0.00434445
0.00298897
0.0102676
0.024409
0.00150645
0.00757891
0.00485877
0.00387359
0.00220436
0.00177021
0.00172629
0.00420024
0.0141449
0.00537173
0.00138013
0.00113499
0.000631087
0.00291486
0.00221188
0.00378929
0.00318723
0.00226213
0.0023098
0.0209533
0.00401495
0.00161043
0.0178757
0.00232733
0.00140341
0.00293273
0.00399065
0.00142251
0.0134982
0.00360527
0.00116372
0.00707207
0.000730797
0.00480566
0.00196223
0.00399394
0.00209251
0.00552038
0.00133238
0.00368269
0.0010376
0.00345238
0.00687367
0.00513179
0.00440723
0.00454489
0.00946375
0.00198798
0.0285403
0.00157579
0.00374351
0.00512478
0.00182149
0.00156651
0.00137898
0.0155048
0.00168307
0.0119762
0.00260374
0.0190022
0.00486557
0.0131305
0.00355098
0.00299908
0.0131932
0.00566869
0.00510484
0.0019305
0.00218059
0.000592911
0.0058585
0.00319562
0.0134714
0.00401953
0.00214284
0.000243069
0.00243284
0.00177867
0.00195188
0.0018384
0.00117772
0.0100592
0.0117239
0.00201278
0.00275735
0.00292684
0.0126354
0.0207694
0.00484436
0.00251836
0.00783942
0.00115515
0.00242172
0.000916745
0.00178028
0.00247428
0.00186507
0.00511715
0.017065
0.00315129
0.00149984
0.00352707
0.00389996
0.00343816
0.00449173
0.00230198
0.00130002
0.00345457
0.000574246
0.00158398
0.00383669
0.00159779
0.00324148
0.00690786
0.00047364
0.00219815
0.00116801
0.00241725
0.00258393
0.00654487
0.00127432
0.00218336
0.00269097
0.0015562
0.00308387
0.00267415
0.0034865
0.00106161
0.00171016
0.000478474
0.00206227
0.00362824
0.00377218
0.00910377
0.00258802
0.0048234
0.00266809
0.00282632
0.00281196
0.00114499
0.00375885
0.00271305
0.00363676
0.00455244
0.00275909
0.00224405
0.00427543
0.00186972
0.0194265
0.00135994
0.00322183
0.00136444
0.0201118
0.0153921
0.0226309
0.00178714
0.00290051
0.00160778
0.002311
0.00372151
0.00688908
0.00292742
0.00337711
0.00296696
0.00418889
0.0124023
0.00395634
0.0020515
0.00759709
0.01225
0.00190553
0.00376284
0.00571204
0.00218185
0.00309483
0.00374648
0.000841257
0.00436528
0.0129568
0.00471319
0.00532553
0.00279386
0.0200441
0.0151263
0.00302655
0.00647465
0.00696023
0.0025366
0.00203473
0.00417971
0.000895238
0.00162355
0.00384515
0.000639847
0.00327874
0.00348641
0.0034528
0.00104949
0.00178283
0.00557033
0.00621019
0.000658767
0.00282725
0.00330362
0.00280772
0.00629232
0.00322674
0.00401641
0.00163713
0.00384477
0.014678
0.00567129
0.00700869
0.0101845
0.00282506
0.0142948
0.00932932
0.00314372
0.00357442
0.00667883
0.00883102
0.0046493
0.0193839
0.0121892
0.010882
0.00504657
0.00828317
0.00552805
0.00299447
0.00131658
0.00259705
0.00266439
0.0204587
0.00332995
0.00160266
0.00108317
0.00207651
0.00301485
0.00161776
0.00137882
0.00226757
0.0116104
0.00644821
0.0054761
0.0015187
0.0169464
0.00213225
0.00464515
0.00202617
0.0096442
0.00138012
0.00208312
0.00327135
0.00672875
0.000955987
0.00313034
0.00149957
0.00281703
0.00113057
0.00297386
0.0292807
0.00643014
0.00967725
0.00182425
0.0237723
0.00956099
0.00201996
0.00107355
0.011153
0.00244409
0.0011879
0.00159922
0.00382485
0.00317599
0.00564171
0.00166492
0.00177694
0.00398313
0.00379023
0.00276711
0.00240555
0.00362935
0.00357937
0.0230819
0.0051736
0.0038149
0.00267791
0.00350964
0.0040061
0.00474422
0.00166247
0.00469552
0.0022973
0.00341072
0.00641799
0.00344789
0.00266561
0.0201642
0.00300035
0.00341586
0.00391595
0.00102122
0.00469159
0.00265546
0.00295104
0.00203401
0.00120838
0.0231337
0.00407602
0.00223617
0.00287996
0.00389074
0.00306339
0.00340933
0.00341149
0.00426513
0.00602181
0.0205458
0.00345761
0.00285527
0.00347451
0.00169735
0.00755951
0.00705308
0.00299631
0.00369875
0.00249327
0.0201782
0.00359247
0.00653987
0.00186665
0.00501145
0.00537363
0.0028797
0.00302093
0.00161778
0.00128963
0.00267211
0.00171789
0.00397667
0.00287705
0.0106186
0.00406725
0.00921423
0.00136727
0.000639293
0.00442083
0.00241829
0.0159524
0.00394975
0.0158319
0.00213107
0.00403817
0.00286983
0.00920732
0.020325
0.00142148
0.00417754
0.00133799
0.00218259
0.00454904
0.00664667
0.0141366
0.00283663
0.00323508
0.0141589
0.002028
0.00219038
0.00658864
0.00769114
0.00633239
0.00483326
0.00291975
0.0212756
0.00124892
0.000827659
0.00182747
0.000343507
0.00262784
0.00230216
0.00264147
0.00426446
0.00131345
0.00247649
0.00471662
0.00728183
0.00160708
0.00841966
0.0019663
0.00325139
0.0249614
0.00455915
0.00508676
0.010296
0.00334206
0.00604252
0.00173987
0.00337608
0.00195975
0.00123435
0.000925902
0.0036014
0.00138368
0.00417389
0.00279265
0.00206256
0.0025635
0.0022585
0.00128441
0.00392529
0.0030133
0.00738691
0.000660988
0.00932332
0.00543246
0.00184575
0.00520767
0.00399491
0.00537771
0.00255837
0.00154963
0.00340706
0.00600545
0.00128506
0.0028285
0.0112791
0.00171913
0.00567227
0.00962072
0.00337891
0.00270967
0.0042817
0.00128061
0.00886563
0.0018073
0.00368526
0.0187004
0.0012483
0.00243786
0.000658791
0.0128505
0.00209511
0.00368078
0.019266
0.00238829
0.0119691
0.00077496
0.00142066
0.00288677
0.00466524
0.00344805
0.00489232
0.00316484
0.00624593
0.00230979
0.00168917
0.0041501
0.00215807
0.00227774
0.00171772
0.00162165
0.016657
0.00196178
0.00133873
0.00750605
0.0238709
0.00405152
0.0021099
0.0111854
0.0011458
0.00330923
0.0066919
0.00198893
0.0117059
0.00513041
0.00756326
0.00297839
0.00341382
0.00691386
0.00295637
0.00529891
0.000936091
0.00192023
0.0066468
0.00130594
0.00474353
0.00393504
0.00250841
0.00938007
0.00240266
0.00161184
0.00378048
0.00900373
0.0040469
0.0032616
0.00352132
0.0168774
0.00260375
0.0119302
0.0119372
0.000874522
0.00607167
0.00239622
0.00200251
0.00267733
0.00201618
0.00196706
0.00523602
0.00286947
0.00744101
0.00518149
0.00871209
0.00435732
0.00273764
0.00314913
0.00366644
0.00781958
0.00546672
0.0021945
0.00330775
0.0108089
0.00393879
0.00297594
0.00326143
0.00197216
0.00192785
0.00864342
0.00293578
0.00239351
0.00168138
0.00266976
0.00781333
0.00369117
0.00193545
0.0123355
0.00999964
0.00869842
0.0124856
0.00968839
0.00288185
0.0036684
0.00417882
0.0157638
0.00233126
0.00304929
0.0148135
0.0266246
0.000862199
0.00168115
0.00524062
0.00311311
0.00215151
0.00187805
0.000589728
0.00731579
0.00380402
0.00128803
0.000843017
0.00257492
0.00523897
0.0221922
0.00237074
0.00448243
0.00169996
0.000413257
0.00414182
0.00179321
0.00283714
0.0030337
0.00328458
0.00119501
0.00336951
0.0013743
0.00672071
0.00291274
0.00939985
0.00173871
0.00272888
0.0031241
0.00156641
0.00239456
0.00414476
0.00170065
0.00151383
0.00495117
0.00841366
0.00162381
0.000965225
0.00514585
0.00430911
0.000647566
0.0142747
0.00172627
0.00711861
0.00270931
0.00097898
0.00290229
0.00204687
0.00891447
0.00515
0.00109981
0.000905315
0.00311376
0.00577216
0.016969
0.00389961
0.00253181
0.00344736
0.012302
0.00982433
0.00276138
0.000753072
0.00583394
0.00309987
0.0141309
0.00426818
0.00516024
0.0142847
0.00407736
0.00579218
0.00250316
0.00601298
0.00113568
0.0034539
0.00437167
0.00480586
0.00577954
0.00222541
0.00105814
0.00367568
0.00260807
0.0255087
0.00474318
0.000939225
0.00191321
0.0113705
0.0107173
0.0025043
0.00431338
0.00478653
0.00171271
0.00333529
0.00362605
0.00640519
0.0143812
0.00497662
0.00427614
0.00266317
0.00228598
0.00309883
0.00162471
0.0128622
0.00527213
0.00541745
0.00392351
0.0159257
0.00259636
0.0015767
0.00628068
0.00101194
0.0019068
0.00757448
0.00440164
0.0151289
0.000721252
0.00259321
0.0088109
0.00198652
0.0117964
0.00290623
0.00404798
0.0040219
0.000612173
0.00316447
0.00390261
0.00652999
0.00241845
0.00441578
0.00150952
0.00530398
0.00075861
0.00344728
0.00137111
0.0164295
0.000479056
0.00486366
0.00147958
0.00365611
0.00184424
0.00256907
0.010891
0.00145944
0.00626001
0.00350294
0.00135325
0.00303683
0.00258462
0.0194778
0.0141769
0.00375164
0.00102389
0.0170967
0.0222498
0.00136498
0.00149499
0.00208713
0.0143448
0.00175147
0.00116656
0.0021569
0.00119857
0.00139791
0.00320307
0.00186927
0.00396045
0.000755524
0.0208177
0.00507315
0.00039727
0.00936152
0.00351236
0.00407642
0.0121672
0.00161959
0.0123119
0.0025061
0.0028987
0.00283102
0.00354665
0.00219555
0.00111932
0.0075726
0.00244231
0.00125078
0.00270091
0.00066933
0.00320341
0.0164924
0.0026665
0.00085037
0.00591515
0.00672605
0.00208145
0.00328203
0.00445969
0.00221302
0.00287957
0.00361225
0.000287296
0.00322941
0.00167358
0.00257065
0.0052715
0.0178558
0.00116501
0.00189796
0.00467102
0.00241745
0.00103853
0.00243452
0.00173094
0.01965
0.00249847
0.00567019
0.02085
0.00837197
0.00426375
0.00187874
0.00443247
0.00317328
0.00279366
0.0194619
0.0099478
0.00404263
0.0219556
0.0244656
0.00373519
0.00428462
0.0021711
0.00396211
0.0114306
0.00112359
0.00321919
0.00193781
0.00943933
0.0050117
0.00104068
0.00276783
0.00443379
0.00463149
0.00224416
0.00376782
0.00917443
0.0030155
0.00939382
0.00354069
0.00787636
0.00234801
0.00412904
0.00652339
0.00141355
0.00451878
0.00480472
0.00334672
0.0032538
0.0020644
0.0027233
0.00111729
0.00245972
0.0200099
0.0170811
0.00161935
0.00723495
0.00203932
0.00178053
0.00658986
0.00324304
0.00148702
0.00426926
0.00544819
0.0032163
0.0028157
0.00193389
0.00350406
0.000769354
0.00205205
0.00589042
0.00362305
0.00496286
0.00195283
0.00230666
0.00519776
0.00257027
0.0021169
0.00268271
0.00262624
0.00412394
0.0088209
0.00183279
0.00456945
0.00280985
0.00542287
0.000967366
0.00753497
0.00519827
0.00200799
0.00399211
0.0222971
0.00296114
0.00505693
