0.0159913
0.000846642
0.00176809
0.00254115
0.00734125
0.0103929
0.0272289
0.0129604
0.00170228
0.0015663
0.021737
0.0038134
0.00948497
0.00255619
0.000928734
0.00860439
0.000250041
0.00416904
0.00204565
0.00323445
0.011763
0.0109786
0.00282316
0.0193863
0.00166979
0.00494707
0.0133947
0.00303841
0.0233298
0.00351216
0.00494392
0.0011147
0.00430294
0.0049869
0.0281933
0.00369547
0.0213376
0.00230248
0.0010902
0.00798616
0.00835653
0.00412245
0.0107148
0.00663665
0.00181695
0.00253219
0.00336681
0.0243899
0.0010632
0.0140709
0.00406337
0.0179627
0.0214967
0.0229126
0.0233069
0.00951408
0.00067518
0.0163111
0.0222595
0.00713249
0.00439765
0.00727162
0.0230946
0.00389655
0.00175765
0.00643372
0.0128222
0.00272443
0.022434
0.00916248
0.00794862
0.000762763
0.00472969
0.00180041
0.0275008
0.0116695
0.00165053
0.0350441
0.00223884
0.0107282
0.00763713
0.00787985
0.00124398
0.0225163
0.00180412
0.00315739
0.0327621
0.0212715
0.0307197
0.00389307
0.0042743
0.0352747
0.0330371
0.00279256
0.00813769
0.0021675
0.000277231
0.00393392
0.0238884
0.00333289
0.0247915
0.00409053
0.00161012
0.0201329
0.00296734
0.00120557
0.000166314
0.0110311
0.000837048
0.0141287
0.0322462
0.0039485
0.0211382
0.0417265
0.00722941
0.00671202
0.0241676
0.00165499
0.00229104
0.0200085
0.0224659
0.0041855
0.00131411
0.00507608
0.00216358
0.00110565
0.00196237
0.00365014
0.0253898
0.0217424
0.00347239
0.00293414
0.0288312
0.0254428
0.00330009
0.010296
0.00202143
0.00272168
0.00302799
0.00108747
0.00778098
0.00410944
0.0180083
0.013654
0.035601
0.0121268
0.00238198
0.0145562
0.00184092
0.023043
0.0198711
0.0031101
0.00223036
0.00275348
0.00511782
0.00362484
0.0137668
0.0324669
0.017435
0.0112919
0.00189292
0.0142803
0.000144235
0.0024648
0.000796009
0.0156318
0.0017906
0.0246574
0.0263125
0.00379434
0.0108962
0.0278262
0.0142433
0.0164845
0.000785374
0.0202598
0.0032975
0.0255602
0.03098
0.00503054
0.0014492
0.0134884
0.014456
0.0142452
0.0120518
0.0139741
0.00166642
0.00630094
0.0247625
0.0138461
0.00265526
0.020232
0.00231913
0.00214531
0.00298769
0.00168185
0.0208469
0.00377718
0.0215141
0.00375338
0.0211643
0.00446717
0.0236862
0.00169736
0.065515
0.00362406
0.00128693
0.0181994
0.00168551
0.00139162
0.000142209
0.00148554
0.00243169
0.0201535
0.0306516
0.00136907
0.00388309
0.00151977
0.00120903
0.00482561
0.00229582
0.0368372
0.0314773
0.00625516
0.00254425
0.0127485
0.00410064
0.00709468
0.00394401
0.0221307
0.00396883
0.00593039
0.00317578
0.0152231
0.00801052
0.0048805
0.000654781
0.00329503
0.0030207
0.0130689
0.0162276
0.00846001
0.00255691
0.00464051
0.00765268
0.00488693
0.0192189
0.00560557
0.00654145
0.0225478
0.00880147
0.0334741
0.000927245
0.0234177
0.0182387
0.0260859
0.0129309
0.00400203
0.0221619
0.0353276
0.00213648
0.00220513
0.00194077
0.0361002
0.0216725
0.00253733
0.00143189
0.0139839
0.00154678
0.00818193
0.00357359
0.0151928
0.00294004
0.00108878
0.0117293
0.00637684
0.000982452
0.00190324
0.00203309
0.00094925
0.0297568
0.00305694
0.0040773
0.0170362
0.00861792
0.0219688
0.0613884
0.00443043
0.0148877
0.00762965
0.0156218
0.00383209
0.00470356
0.00559404
0.0198639
0.00240513
0.00400508
0.00297569
0.000610276
0.014848
0.0186888
0.00351234
0.00131758
0.00398243
0.00379181
0.0252663
0.00224783
0.0318809
0.0020813
0.00630898
0.0171006
0.00321982
0.00235511
0.0300229
0.0301697
0.00264284
0.00294709
0.00387855
0.000846764
0.019871
0.00591183
0.00344966
0.00723156
0.0200868
0.00147764
0.0125317
0.00350794
0.00250565
0.0253485
0.00103833
0.00157
0.00366473
0.0134413
0.00455145
0.00143656
0.00219797
0.00656689
0.0163824
0.0010025
0.0304608
0.0204803
0.000903248
0.010376
0.024213
0.00212952
0.027994
0.00269063
0.0194401
0.00369616
0.000531272
0.00574908
0.000508908
0.00586062
0.00422213
0.00309761
0.000837601
0.00202263
0.00382451
0.0020707
0.00310323
0.0260942
0.0207916
0.0474772
0.0242355
0.0369824
0.00310647
0.00507793
0.0218445
0.00720983
0.0447225
0.00219383
0.00995538
0.001571
0.011653
0.00778424
0.0015954
0.00315989
0.0161668
0.00236901
0.015046
0.00268158
0.00850112
0.0103786
0.00168423
0.0203399
0.00411371
0.00352939
0.0053388
0.000727723
0.00346414
0.00309092
0.00267847
0.00437966
0.00254352
0.013931
0.00257799
0.0216614
0.00465918
0.042208
0.0163321
0.0186255
0.00203746
0.0498227
0.0180706
0.00139164
0.0170245
0.00196344
0.0334004
0.022636
0.00274094
0.0144263
0.0184881
0.00460382
0.00175496
0.00429407
0.00280456
0.00170984
0.00377284
0.00925337
0.0114548
0.00596129
0.00618256
0.000739301
0.00309574
0.0310938
0.0186393
0.0167843
0.0098437
0.00015691
0.00103037
0.00123543
0.00290199
0.0308667
0.00379884
0.0198879
0.0272162
0.00367479
0.00326723
0.02407
0.00646398
0.00214227
0.00251524
0.0258524
0.00157121
0.0211702
0.00522205
0.0140664
0.000918952
0.0018153
0.00708171
0.00429573
0.0114047
0.0166828
0.00180785
0.00167751
0.0125254
0.0172253
0.00337983
0.00519774
0.0211748
0.00314721
0.008749
0.000611402
0.00259223
0.00373575
0.0327507
0.00352734
0.00368893
0.00561459
0.0180726
0.00331883
0.0100604
0.0229038
0.00195297
0.0187111
0.00196729
0.0153168
0.00162502
0.00136892
0.0149776
0.0262823
0.00422097
0.00361256
0.0214649
0.0107934
0.0249655
0.00343892
0.0203286
0.0038648
0.000197244
0.00578985
0.00492271
0.000274646
0.00168742
0.0223396
0.0234187
0.00282256
0.00713401
0.00102402
0.0202371
0.0245869
0.0082773
0.0115687
0.00295504
0.0128804
0.00183524
0.00240528
0.00268009
0.00586095
0.0265417
0.000458597
0.0184211
0.00453256
0.013215
0.0100372
0.000151964
0.00343869
0.000739258
0.00994862
0.00585536
0.0261079
0.019958
0.0121723
0.0248808
0.00399382
0.00203952
0.0212008
0.00376423
0.0265006
0.00279586
0.0170431
0.0213105
0.00315265
0.00591684
0.0104553
0.00214231
0.00170509
0.00310558
0.00441056
0.0408834
0.00402734
0.0388138
0.00166154
0.00207722
0.0362127
0.0610994
0.00112962
0.0120375
0.00486121
0.00485836
0.00253183
0.00323392
0.0025793
0.00456241
0.0176078
0.000835011
0.028905
0.0217398
0.0222756
0.0345451
0.00191656
0.00256011
0.0423912
0.00366691
0.0165099
0.00534919
0.0210411
0.00200839
0.0183742
0.00895902
0.000391277
0.00158319
0.00184238
0.00389482
0.00151819
0.00467114
0.0135498
0.00368662
0.0356381
0.0170538
0.00257624
0.0042483
0.0186841
0.020744
0.00481867
0.00340358
0.0206343
0.0133663
0.0138155
0.0262324
0.00651842
0.00102225
0.00563849
0.0116702
0.00116499
0.00270182
0.0216808
0.0219873
0.00221578
0.00379305
0.0195225
0.0313153
0.00343262
0.0142249
0.0176441
0.0015601
0.00121007
0.00112392
0.000860095
0.0282982
0.00510389
0.0422092
0.000982642
0.0020537
0.00105713
0.00621924
0.00198945
0.0130495
0.00180397
0.0278165
0.00210595
0.00488293
0.0022666
0.000401333
0.00663708
0.00396929
0.00226198
0.0126248
0.0324893
0.00104951
0.03
0.00318781
0.00354582
0.00130413
0.00369266
0.0322645
0.00227855
0.00103867
0.00113805
0.024401
0.00240078
0.0017757
0.0128358
0.00395914
0.0123436
0.0013315
0.00304697
0.00254132
0.019337
0.0211836
0.00111466
0.00800386
0.0201057
0.0360645
0.000486133
0.00249316
0.0302705
0.00851962
0.00253358
0.0039526
0.0182675
0.000990018
0.0518367
0.014479
0.00236926
0.00395252
0.00109905
0.0094926
0.00198157
0.00559075
0.044135
0.00517599
0.00310522
0.00525638
0.0178934
0.00278689
0.00454145
0.00399737
0.00288255
0.00306536
0.00445722
0.000146509
0.0139679
0.0127655
0.00928957
0.000922828
0.0037943
0.00254459
0.0193948
0.00391998
0.00196438
0.00140544
0.0145114
0.00351227
0.0373986
0.00248116
0.00255879
0.0170212
0.00533327
0.00480762
0.0147556
0.00366148
0.000143905
0.0191305
0.0357049
0.00501429
0.0287234
0.00130008
0.00451374
0.0159885
0.0230797
0.0150503
0.00120185
0.0276903
0.00424395
0.0025113
0.00902849
0.00137226
0.00233795
0.0149011
0.00303585
0.0243384
0.000741373
0.000981977
0.00327713
0.00522958
0.00956863
0.0296793
0.0109499
0.0243459
0.0242476
0.0133012
0.0033486
0.00186402
0.00472363
0.000512173
0.0162904
0.0036198
0.00421271
0.0023354
0.0142398
0.0101824
0.0162487
0.0169199
0.00979823
0.0332695
0.00456502
0.00163137
0.0181009
0.0314539
0.00208824
0.00214771
0.0133528
0.0016538
0.021138
0.00219184
0.00425173
0.0392703
0.0219421
0.018675
0.0298215
0.00241352
0.00311906
0.000754913
0.0204545
0.00882829
0.0292018
0.0108693
0.00465139
0.00366426
0.0187408
0.00266125
0.0032822
0.00284256
0.00126423
0.00312683
0.0079604
0.00392572
0.0222951
0.0167837
0.00204225
0.00513157
0.0136755
0.00367766
0.0169888
0.00448014
0.0231963
0.00472124
0.0336448
0.015619
0.00144369
0.00106027
0.00243416
0.0266225
0.0296718
0.0223314
0.0179181
0.0153024
0.0157607
0.00200633
0.00182446
0.0216868
0.00216058
0.00822695
0.00236864
0.00355807
0.000831772
0.000599416
0.00524355
0.0046035
0.00531069
0.01513
0.00466021
0.00282517
0.00572602
0.000523037
0.00407277
0.00356259
0.000812955
0.00909428
0.00277264
0.00468569
0.00196602
0.00565485
0.0227831
0.00677275
0.00834621
0.0180886
0.00557946
0.00967122
0.00609479
0.0142924
0.0371696
0.00186603
0.0219728
0.0288445
0.0126825
0.0112323
0.00253043
0.0285404
0.0026437
0.00526301
0.00388409
0.00366181
0.00485222
0.000716217
0.00089655
0.0222808
0.0122466
0.00283414
0.00128013
0.00278189
0.0287656
0.0292915
0.00303106
0.00286112
0.0028461
0.0299764
0.00185717
0.000730466
0.00327097
0.0027121
0.0202823
0.000373188
0.0559153
0.00460062
0.0157403
0.001981
0.0301097
0.00372265
0.00745536
0.00197233
0.0177056
0.0476855
0.00175329
0.00338438
0.0180926
0.016723
0.00192316
0.00370566
0.00660316
0.00315284
0.0233141
0.000635196
0.0306715
0.00539922
0.0123778
0.0109735
0.00296149
0.00285953
0.0165126
0.00123406
0.00257918
0.0326144
0.0435179
0.0145034
0.000709975
0.00603138
0.0226295
0.00158294
0.00340732
0.00304084
0.00178217
0.000844345
0.0167526
0.0158016
0.0022389
0.00588997
0.0103793
0.0101942
0.0307158
0.00216986
0.0026135
0.0282539
0.00805657
0.00382687
0.00503422
0.0216445
0.0234391
0.044364
0.00104747
0.0102155
0.0235819
0.0316838
0.00413252
0.00336276
0.0175862
0.00529704
0.00322719
0.0156228
0.00280117
0.00181563
0.00161477
0.0267646
0.00591573
0.01376
0.0148101
0.0231969
0.00977505
0.00797311
0.00257781
0.00300553
0.0333135
0.0262439
0.000579681
0.00224163
0.0384044
0.00388284
0.0254545
0.0307409
0.00555529
0.00203981
0.00188811
0.00299361
0.0014251
0.0183814
0.00163891
0.00279311
0.033695
0.0109253
0.00362477
0.0120876
0.0145576
0.00739294
0.00256592
0.034204
0.0428583
0.00209097
0.012345
0.00272884
0.00618967
0.0169263
0.00830284
0.0035148
0.00544264
0.023299
0.00752721
0.0220504
0.00186294
0.0211502
0.0140831
0.00266777
0.0238253
0.010573
0.00187248
0.00265736
0.0160093
0.00138685
0.00501513
0.0164859
0.00351599
0.00288339
0.0162683
0.00239419
0.00217791
0.00836777
0.0233985
0.0338333
0.00187347
0.00353101
0.0167937
0.00311728
0.00160158
0.00378877
0.00309028
0.0168713
0.0388135
0.0155538
0.0159635
0.0015081
0.00760604
0.00197479
0.00270906
0.00260173
0.00220555
0.00313587
0.00415323
0.0128535
0.00393012
0.00295161
0.0175971
0.00151941
0.0353105
0.00312139
0.0274852
0.024513
0.00251591
0.00515715
0.0195821
0.00395596
0.00240658
0.00161053
0.000997709
0.00460034
0.0269065
0.00364072
0.012257
0.00677276
0.00145674
0.00495356
0.00258416
0.0257008
0.0237288
0.0346175
0.00853682
0.0341041
0.00336921
0.020743
0.0209647
0.0290081
0.0180396
0.00253845
0.0462517
0.0107872
0.015677
0.0057172
0.00339268
0.0116416
0.00381866
0.00913026
0.00249019
0.000775619
0.00313639
0.00138253
0.0171537
0.00206755
0.0153787
0.00339556
0.000152828
0.00435819
0.0341752
0.0456948
0.0378628
0.0189313
0.00233115
0.0187421
0.0194308
0.0283376
0.0134863
0.00108458
0.00547242
0.0134033
0.029023
0.0344145
0.0301183
0.00389293
0.0352405
0.00204291
0.0104192
0.00869878
0.0140318
0.0167876
0.0269003
0.00504382
0.0471012
0.00848881
0.0600473
0.00878165
0.0255114
0.0156798
0.0187121
0.0054168
0.00385475
0.0135921
0.00212945
0.00304045
0.0026888
0.0399403
0.0273286
0.0070875
0.034823
0.0329412
0.0046965
0.0150249
0.0546316
0.0212012
0.0453451
0.0197068
0.0165036
0.00350141
0.0159756
0.00116245
0.00534675
0.0169638
0.00127527
0.00243045
0.00350248
0.00584641
0.00426295
0.0211519
0.0209864
0.015496
0.0198024
0.00161484
0.0218476
0.0101028
0.0175963
0.00708131
0.00823815
0.00131029
0.0107082
0.0188029
0.00243349
0.00166337
0.00240189
0.016827
0.00147571
0.0164555
0.00502269
0.00248037
0.000587387
0.00469043
0.020051
0.00256089
0.015425
0.00165833
0.0219778
0.0224881
0.0506041
0.0265144
0.0145458
0.0103159
0.00392014
0.0231404
0.00427067
0.00523468
0.00260295
0.017772
0.0210502
0.0285081
0.00339807
0.0114113
0.0153991
0.00262725
0.0065061
0.00293745
0.0330117
0.0295286
0.00241519
0.00197927
0.00135108
0.0143021
0.00485416
0.00281281
0.000964459
0.00957283
0.00234992
0.029173
0.0164411
0.0194274
0.00445692
0.00485383
0.00232505
0.0229795
0.0213366
0.00437729
0.00228892
0.0154253
0.00302384
0.0012931
0.00267871
0.0225503
0.00455846
0.00357682
0.000999094
0.0366325
0.0101673
0.00442239
0.0105099
0.0431341
0.0375606
0.00287129
0.0178617
0.0027761
0.00190725
0.0201768
0.0219547
0.00208208
0.00415487
0.00247253
0.0197279
0.0195981
0.00214101
0.0248535
0.0249725
0.0156948
0.0218585
0.0469301
0.0125796
0.00469822
0.00280607
0.0029357
0.011505
0.00094533
0.0172069
0.00375075
0.00143121
0.00221314
0.00601668
0.0271221
0.0266018
0.00130732
0.00226814
0.0330402
0.00150498
0.0170198
0.00466296
0.0335182
0.00993797
0.00467857
0.00959983
0.00267278
0.0232255
0.0159397
0.0179445
0.00295686
0.00171546
0.00286833
0.00926593
0.00419429
0.00416034
0.012876
0.00242847
0.0142727
0.00300171
0.00956522
0.0477535
0.00525386
0.00239865
0.00232632
0.0104999
0.0483865
0.0123393
0.0320321
0.00546633
0.00340473
0.0026633
0.000832596
0.00211146
0.035778
0.00460772
0.00390584
0.0196518
0.0180583
0.00289598
0.0167502
0.0026876
0.0194321
0.00131974
0.00411132
0.00153632
0.000883128
0.00312552
0.024933
0.00290723
0.00787279
0.00194988
0.0362814
0.00382662
0.0217597
0.013299
0.00850656
0.024582
0.00226957
0.0380602
0.0118864
0.00158056
