0.0715498
0.0679205
0.0736389
0.0564569
0.078286
0.0329891
0.0712507
0.0555495
0.0327096
0.0677396
0.04301
0.077965
0.105019
0.0569655
0.0603954
0.0522309
0.187407
0.0731179
0.0938926
0.306045
0.0388585
0.0414777
0.0630565
0.0802791
0.398743
0.0477445
0.0525284
0.0359722
0.0366474
0.0430279
0.0401811
0.0637289
0.0510721
0.0599824
0.0910826
0.0734635
0.044992
0.0309755
0.0675946
0.0868066
0.0574083
0.0934333
0.0648391
0.0727186
0.256451
0.0503758
0.038788
0.0521604
0.0974434
0.0927881
0.0293533
0.0868755
0.0317143
0.049487
0.0388074
0.179246
0.0835197
0.124343
0.0488523
0.0299306
0.0514336
0.0710091
0.0327349
0.463433
0.0417489
0.0508076
0.291793
0.246195
0.0375197
0.0389057
0.118836
0.212339
0.0542683
0.051779
0.064437
0.106692
0.0778614
0.101694
0.065818
0.0324557
0.0816818
0.298376
0.0118875
0.0878208
0.187776
0.0500263
0.0633055
0.0462084
0.157675
0.0501026
0.0439227
0.048517
0.0406127
0.213188
0.0852226
0.0571508
0.22717
0.129603
0.0521278
0.0556578
0.0576676
0.0777938
0.0804868
0.154464
0.0595716
0.0855598
0.0556177
0.0192223
0.0295252
0.318941
0.0371854
0.0352986
0.0319738
0.0618298
0.0451089
0.0543904
0.0711595
0.0856425
0.0398267
0.1632
0.381126
0.0854648
0.0554288
0.125944
0.0584987
0.244834
0.103347
0.115985
0.128088
0.243748
0.0978282
0.042352
0.0397809
0.0397087
0.0395322
0.223687
0.0396687
0.138432
0.145231
0.135588
0.105105
0.0396134
0.293529
0.0721863
0.0383705
0.107864
0.180678
0.0434867
0.326113
0.0762045
0.178608
0.0641237
0.247203
0.191905
0.0448533
0.0734797
0.0460799
0.103338
0.0486269
0.118589
0.0455088
0.204235
0.0471961
0.0538298
0.0571183
0.0349355
0.0390842
0.0215632
0.103206
0.0923052
0.150582
0.0696426
0.0443855
0.0878592
0.0427393
0.118838
0.0664914
0.0971735
0.0779027
0.0662398
0.121267
0.0862002
0.040402
0.204577
0.139407
0.0482756
0.0566842
0.057232
0.095268
0.071118
0.0818849
0.0683509
0.12708
0.05255
0.0834524
0.0435859
0.053668
0.477308
0.0386124
0.0344384
0.0359289
0.122629
0.024216
0.0974355
0.0668373
0.0421672
0.0464028
0.0492404
0.0590733
0.0875368
0.0446091
0.127133
0.0541542
0.0987131
0.0440833
0.09881
0.171771
0.0296446
0.0462554
0.157108
0.050084
0.0476492
0.15174
0.0374696
0.059603
0.0545518
0.0328953
0.150244
0.0289161
0.0319593
0.0375574
0.238513
0.0585081
0.0796016
0.173823
0.0886967
0.0622129
0.429526
0.0313929
0.0446287
0.0316136
0.0330905
0.0465962
0.315036
0.133755
0.0507871
0.140353
0.151811
0.0504769
0.0765771
0.093601
0.160415
0.0193899
0.33031
0.0862482
0.0643484
0.0752197
0.0484063
0.0741847
0.0525934
0.330541
0.283613
0.0250224
0.0470573
0.0485878
0.0589426
0.150822
0.0482119
0.282516
0.0472315
0.0407694
0.403765
0.0632635
0.0381613
0.0367349
0.0131899
0.0886864
0.0363129
0.137729
0.0895323
0.101348
0.0967056
0.0756391
0.0934033
0.0538944
0.148603
0.0397339
0.0346493
0.0389331
0.0355409
0.0281416
0.311043
0.262928
0.0308721
0.0486203
0.0491796
0.0531205
0.0493303
0.279171
0.0537399
0.0350747
0.0743171
0.0721963
0.0529137
0.0312205
0.126377
0.0350541
0.0517531
0.0267417
0.0459637
0.141804
0.182835
0.0834694
0.0279059
0.0444509
0.0613267
0.0479302
0.0480858
0.0555571
0.0490724
0.0598212
0.284545
0.0837106
0.161703
0.160957
0.0873315
0.0845279
0.0308842
0.04548
0.052529
0.146774
0.0927252
0.300532
0.234503
0.0710061
0.452452
0.321496
0.0523058
0.034579
0.0676382
0.141343
0.1262
0.0464345
0.104716
0.0531063
0.0559469
0.0529202
0.0554912
0.12901
0.0420754
0.0259064
0.03018
0.103941
0.165915
0.335459
0.07328
0.077409
0.108971
0.069757
0.131874
0.117414
0.0817435
0.0123932
0.0821413
0.139373
0.0536155
0.0408191
0.10018
0.0455525
0.032321
0.041418
0.0833155
0.0433865
0.0298784
0.0317224
0.078531
0.135709
0.0687134
0.0582567
0.0480181
0.111182
0.0422581
0.0518882
0.0429741
0.188425
0.430087
0.0569004
0.0442916
0.0354705
0.0598109
0.092506
0.317131
0.0401735
0.140461
0.084199
0.0938114
0.0418867
0.047734
0.339945
0.114217
0.0410518
0.0297307
0.0444809
0.0858299
0.0847
0.153491
0.0970325
0.0669861
0.0640586
0.0248647
0.0403416
0.0486345
0.231408
0.043817
0.0378402
0.0483098
0.0386759
0.0508194
0.0352626
0.0458405
0.0589514
0.0406259
0.02685
0.0375482
0.123761
0.0721918
0.0391877
0.077561
0.0327626
0.040541
0.0463136
0.0468327
0.055793
0.146844
0.058469
0.0587364
0.0427613
0.056757
0.0522966
0.0443144
0.0514186
0.0498087
0.0610774
0.0549038
0.0679678
0.385428
0.181552
0.0524022
0.0535243
0.224312
0.0865297
0.233848
0.110588
0.0492344
0.0731328
0.0467936
0.0411634
0.10359
0.048584
0.0519914
0.0420111
0.030709
0.0420607
0.0479657
0.0251226
0.216558
0.0735356
0.0658279
0.20588
0.0553547
0.503365
0.379306
0.10767
0.105706
0.165167
0.0393637
0.381237
0.0328645
0.0652859
0.0580663
0.0815371
0.0381205
0.0282464
0.0531361
0.151902
0.0476927
0.175607
0.0994819
0.0445079
0.0373476
0.0332763
0.0666172
0.17011
0.130574
0.0395801
0.329444
0.251709
0.0534747
0.0580308
0.0769326
0.155646
0.0347814
0.0490846
0.206161
0.0255873
0.0300041
0.151362
0.0414388
0.093484
0.0256915
0.0857909
0.085783
0.111404
0.0368742
0.0405412
0.0509732
0.233445
0.0374281
0.053477
0.0385601
0.349194
0.064874
0.0746873
0.0435688
0.0339152
0.180618
0.0569626
0.240611
0.0777222
0.114261
0.046215
0.0946018
0.0551914
0.038469
0.0796148
0.0863446
0.300952
0.266999
0.177136
0.0674693
0.047331
0.106193
0.0329538
0.02505
0.239205
0.0500172
0.101575
0.109093
0.0823398
0.0477773
0.209301
0.0412739
0.117099
0.0666649
0.254356
0.0373827
0.0503904
0.317643
0.116685
0.103285
0.0536386
0.0454694
0.0712328
0.0398123
0.0353987
0.0390489
0.140547
0.0651108
0.0566144
0.168022
0.0457457
0.0378773
0.0383161
0.0735209
0.0529513
0.0514116
0.229618
0.160505
0.0547619
0.0776558
0.02812
0.042462
0.0870913
0.0924192
0.0889216
0.035645
0.114776
0.434386
0.0419196
0.0319247
0.0205807
0.0617351
0.101346
0.062494
0.288704
0.182385
0.0384657
0.389939
0.0269892
0.136563
0.0718548
0.09386
0.0946986
0.0372834
0.549807
0.0488923
0.0276758
0.0442931
0.251774
0.044678
0.272039
0.114695
0.0325029
0.0816713
0.0425551
0.0724217
0.121207
0.197957
0.0461183
0.22703
0.269239
0.0789664
0.0805397
0.0960679
0.0875813
0.203295
0.0308045
0.100539
0.0374741
0.0377582
0.210011
0.045163
0.11704
0.0956281
0.0375533
0.0535516
0.282767
0.0744119
0.0346629
0.321851
0.0638392
0.0482989
0.107534
0.0377811
0.0402075
0.0398005
0.0478493
0.0382361
0.0721777
0.0451035
0.416454
0.0576228
0.0533397
0.0363086
0.075341
0.205094
0.494956
0.043186
0.27267
0.155526
0.0486262
0.0460705
0.052906
0.0647011
0.046895
0.04059
0.0604878
0.0699437
0.177583
0.0412445
0.0448176
0.0668459
0.0410287
0.0334144
0.0472837
0.0600803
0.0461373
0.0577421
0.338578
0.0661525
0.0384327
0.0481489
0.0806632
0.0819199
0.0291551
0.11001
0.0340053
0.0391201
0.0508207
0.0348892
0.066298
0.0343469
0.0416017
0.038151
0.309068
0.0814458
0.0718529
0.0816211
0.0831307
0.077127
0.11669
0.061952
0.0647788
0.0765007
0.029612
0.0916442
0.0542513
0.0507843
0.115945
0.0784826
0.0249752
0.0520578
0.196262
0.0435415
0.0461894
0.175814
0.0783887
0.0497177
0.0551833
0.025783
0.0452214
0.0407955
0.0995444
0.0956814
0.0534476
0.0706966
0.0639466
0.0445833
0.199709
0.0816927
0.167881
0.235946
0.109096
0.076866
0.0335426
0.0517851
0.06332
0.0453168
0.0331489
0.0437601
0.0462772
0.247304
0.0637695
0.0682715
0.0515398
0.446627
0.0820873
0.0605665
0.307383
0.0358506
0.180769
0.0555807
0.0848643
0.0560674
0.0577466
0.0495269
0.0334123
0.02924
0.064235
0.0914912
0.032427
0.042433
0.0502089
0.0478542
0.08013
0.0500793
0.0530954
0.0684258
0.0374958
0.0990874
0.189104
0.0561991
0.0964156
0.0318774
0.0589855
0.142339
0.0892565
0.110544
0.0600684
0.160121
0.327873
0.0626156
0.120206
0.0878482
0.0258863
0.130605
0.121585
0.05066
0.0907917
0.0383849
0.160075
0.0491935
0.161684
0.24657
0.0341743
0.0456315
0.0780922
0.0599083
0.0759514
0.039038
0.041389
0.277715
0.119789
0.150587
0.0455446
0.0692463
0.0474309
0.145323
0.0537156
0.0378586
0.0347075
0.240246
0.0793451
0.0387298
0.0770853
0.0572906
0.0631707
0.252899
0.209223
0.0400064
0.0450884
0.0583218
0.0504375
0.0361934
0.0511929
0.0354257
0.0502035
0.0735292
0.0305556
0.166414
0.0273906
0.0548886
0.139772
0.145273
0.0691927
0.0532112
0.271992
0.0738764
0.0307053
0.277926
0.285157
0.0786125
0.0402397
0.0529556
0.0540295
0.0544906
0.150019
0.0583338
0.0380772
0.0723211
0.259028
0.0706192
0.658311
0.107498
0.0409411
0.0435954
0.197622
0.147075
0.0472011
0.0918507
0.0489889
0.179018
0.0507707
0.0510648
0.0752886
0.0358027
0.17148
0.0502256
0.141618
0.116114
0.0850775
0.179299
0.0550663
0.0961924
0.139692
0.0601288
0.0458048
0.0448034
0.294973
0.0506711
0.0450619
0.0356173
0.0754574
0.057219
0.0406252
0.0443962
0.0456219
0.0346339
0.042971
0.11331
0.0766595
0.0559216
0.158396
0.0516932
0.046845
0.143935
0.0407883
0.0923138
0.0532516
0.0793015
0.0524323
0.0671766
0.0408916
0.0296177
0.037762
0.0789373
0.053701
0.0474862
0.0594725
0.0472562
0.156287
0.341182
0.0905022
0.0384643
0.0712638
0.0722351
0.0487491
0.0390256
0.0346818
0.110502
0.0436393
0.0398822
0.0465419
0.0424861
0.295713
0.0982925
0.0421778
0.0256122
0.0708876
0.045596
0.0575721
0.0737992
0.0519761
0.0374964
0.0669743
0.0886537
0.116798
0.181122
0.045132
0.0657383
0.250667
0.143545
0.0903032
0.0564075
0.0811311
0.0607793
0.135716
0.0391921
0.057143
0.141928
0.0796185
0.155302
0.150927
0.233215
0.0706
0.0252844
0.105301
0.0369805
0.119457
0.0524565
0.0392299
0.0458927
0.0416494
0.106188
0.0525349
0.0377963
0.31717
0.0418398
0.348147
0.0745731
0.0383658
0.0377059
0.0472847
0.0540278
0.0380493
0.103756
0.163584
0.0493531
0.0807829
0.0462815
0.0372041
0.0364183
0.0472583
0.165744
0.0892987
0.218584
0.0760457
0.0739752
0.0521648
0.0344511
0.0301762
0.145634
0.0704188
0.0495455
0.0758094
0.283343
0.186163
0.0454897
0.0459868
0.239584
0.0585998
0.0476945
0.0543497
0.0546668
0.0416497
0.0439178
0.0415986
0.156895
0.0425081
0.0344925
0.12664
0.0436806
0.0544277
0.175237
0.231851
0.292973
0.0547949
0.038598
0.0364078
0.0345444
0.0346715
0.0473962
0.0549863
0.0412955
0.131569
0.0836306
0.0625266
0.068282
0.0600135
0.0348226
0.166392
0.0561548
0.0553113
0.0918509
0.0556764
0.186474
0.0430462
0.370555
0.086313
0.0506588
0.0660717
0.0631211
0.139565
0.031012
0.0341084
0.0299872
0.0965761
0.178855
0.0269894
0.0378814
0.0357848
0.0529457
0.044634
0.260449
0.0784051
0.0368776
0.0219715
0.0495194
0.0175322
0.0330784
0.0545822
0.0211233
0.0339345
0.0536554
0.0717762
0.538738
0.111336
0.038794
0.0907954
0.0539574
0.0409526
0.0431454
0.107534
0.0282925
0.0715484
0.142843
0.106697
0.0791209
0.0246991
0.0695028
0.0334926
0.0501801
0.354817
0.135015
0.38923
0.0501759
0.0531964
0.00940615
0.0593638
0.0360392
0.0805787
0.0289183
0.0988605
0.050282
0.047355
0.0479346
0.0421402
0.0540656
0.0531915
0.0420316
0.0516416
0.0973993
0.312502
0.0480401
0.095121
0.19241
0.185647
0.0388071
0.0691848
0.10372
0.0842681
0.0913371
0.0283344
0.0304991
0.0513738
0.200392
0.0548143
0.180776
0.0294922
0.249658
0.0465904
0.331114
0.0768953
0.22701
0.0572634
0.0418238
0.0804415
0.0620309
0.043566
0.0638745
0.0487828
0.0779932
0.114433
0.0623516
0.0748648
0.0614412
0.285162
0.0404785
0.128008
0.0434351
0.0468659
0.0593864
0.0601018
0.0345812
0.126323
0.0139625
0.0952898
0.0440895
0.0614738
0.0183498
0.171795
0.106312
0.169486
0.0400116
0.200966
0.0624046
0.0719117
0.0436126
0.0786655
0.166228
0.044598
0.0525981
0.0470726
0.151473
0.0340199
0.278759
0.0335373
0.120083
0.0441493
0.0691958
0.0252598
0.0446289
0.254054
0.0395723
0.0435768
0.0222539
0.203353
0.0748321
0.0366991
0.0552093
0.0357803
0.167534
0.0711264
0.025764
0.0249526
0.337298
0.0413258
0.0516332
0.139316
0.063529
0.072467
0.0233729
0.109048
0.0252238
0.384192
0.0489681
0.0592147
0.274938
0.0985029
0.138483
0.117253
0.044827
0.0852982
0.0394621
0.049172
0.0318586
0.0566054
0.0596473
0.055854
0.163599
0.0907362
0.223463
0.149967
0.0954627
0.0427756
0.0355538
0.105782
0.0979981
0.102649
0.0297337
0.0527098
0.0489104
0.124485
0.00989356
0.0444009
0.0465356
0.0593766
0.0596644
0.0672467
0.075789
0.062545
0.274721
0.126459
0.0529026
0.0492875
0.0422096
0.0600526
0.094678
0.0497349
0.0598523
0.181021
0.0805442
0.108576
0.0636903
0.0291089
0.0425164
0.0368281
0.0721154
0.0308569
0.0483476
0.0648977
0.128649
0.0722019
0.0389084
0.10585
0.0828367
0.046692
0.0302215
0.0501743
0.0421153
0.0409457
0.077275
0.0234449
0.0478901
0.0751297
0.280507
0.0494032
0.0591275
0.118697
0.1414
0.119411
0.0778216
0.057682
0.0408994
0.287325
0.0327768
0.0396211
0.292592
0.421009
0.248503
0.156343
0.0556366
0.0277885
0.33434
0.0339098
0.0500984
0.37612
0.0945666
0.115473
0.0801387
0.0559821
0.0885868
0.0641514
0.0640171
0.153979
0.0687841
0.0315899
0.0531338
0.0322263
0.0941151
0.0385847
0.0519793
0.0969221
0.0486519
0.0437987
0.354157
0.0801351
0.0785531
0.0647455
0.0453776
0.0417687
0.109915
0.107448
0.0836107
0.0636684
0.053209
0.252975
0.0480743
0.0319755
0.0445734
0.0929486
0.0818348
0.04974
0.0452937
0.158088
0.0547208
0.0902276
0.311291
0.2195
0.0550085
0.0297541
0.0676504
0.0420692
0.0571896
0.0615423
0.152226
0.0380103
0.0335588
0.035282
0.196412
0.131078
0.0445442
0.0492207
0.0530805
0.0498311
0.0967751
0.0498635
0.0585952
0.0560911
0.0511555
0.0722641
0.122811
0.0679753
0.050635
0.223343
0.157854
0.0402485
0.0786365
0.0277489
0.052906
0.0506291
0.658466
0.101844
0.0693741
0.0643766
0.0409289
0.0348623
0.0546691
0.0555982
0.0718786
0.058562
0.0598079
0.240078
0.0386876
0.0496587
0.0539484
0.0977116
0.061782
0.0678849
0.043217
0.0729717
0.0656475
0.10485
0.0429364
0.0328382
0.0596481
0.131957
0.0870407
0.0387063
0.0645111
0.0589757
0.228663
0.0417617
0.349081
0.0507007
0.125121
0.102614
0.0916495
0.0206965
0.0371911
0.155423
0.275557
0.0929201
0.243521
0.0975992
0.11044
0.0534924
0.035056
0.178349
0.301291
0.127664
0.278156
0.0435537
0.12906
0.0406667
0.0501677
0.0851231
0.379908
0.0806557
0.0390615
0.054544
0.0698057
0.0497048
0.0672304
0.047473
0.0523247
0.0473662
0.11166
0.045779
0.0786643
0.0398892
0.0492866
0.0498822
0.0250099
0.110823
0.0393831
0.123572
0.0507134
0.0672219
0.204128
0.0668079
0.100033
0.145098
0.0409792
0.0659071
0.0319907
0.0597786
0.0850633
0.0474999
0.0320955
0.0774364
0.0559812
0.0478239
0.0569118
0.031447
0.0284959
0.0489512
0.15483
0.185427
0.0244944
0.124181
0.047959
0.0362552
0.0552141
0.0460172
0.0595284
0.286869
0.0503077
0.0630049
0.0506951
0.0482698
0.0333707
0.0381422
0.357894
0.0672097
0.0377741
0.0552885
0.0509207
0.283657
0.0884834
0.630909
0.0263062
0.242868
0.033411
0.0764405
0.050471
0.0724063
0.039565
0.226137
0.236727
0.0545086
0.0698695
0.0625576
0.0828723
0.310946
0.46733
0.0606662
0.0387355
0.0672803
0.0497328
0.0686327
0.0919311
0.031023
0.148205
0.0418245
0.035574
0.0388044
0.0357147
0.188239
0.0402221
0.0811804
0.0398941
0.0397967
0.100312
0.0738765
0.115948
0.0847306
0.0455662
0.184601
0.0308562
0.0496869
0.130406
0.0962178
0.283434
0.0608952
0.056214
0.0529034
0.137257
0.0274787
0.0470796
0.130358
0.169416
0.15398
0.0407573
0.0582738
0.131613
0.0587791
0.190454
0.0494168
0.0924747
0.0761721
0.0289386
0.0542243
0.0345159
0.0541661
0.0544192
0.140521
0.0350802
0.0371006
0.0432551
0.0427138
0.0616696
0.0585779
0.117099
0.221591
0.083792
0.037163
0.0814639
0.0672566
0.0676707
0.0327747
0.0992482
0.0637559
0.380071
0.47111
0.18131
0.308299
0.220203
0.0404271
0.070916
0.0549292
0.0338409
0.468692
0.0776366
0.0788075
0.0593972
0.109097
0.05577
0.0599994
0.0812926
0.085849
0.0453253
0.0346672
0.0589049
0.241903
0.047361
0.230583
0.217745
0.0336403
0.0726422
0.0407752
0.133547
0.319289
0.0407339
0.120725
0.0392764
0.13366
0.0280818
0.140557
0.0437533
0.114873
0.0263727
0.0382137
0.0663221
0.0811182
0.0446702
0.0603144
0.0521764
0.308484
0.0415724
0.1602
0.0465533
0.0327003
0.0292102
0.0376095
0.0696923
0.10157
0.0718244
0.0457011
0.0848582
0.0534348
0.320094
0.362883
0.0526753
0.0414838
0.0291063
0.0424727
0.0586557
0.0440715
0.0685785
0.338357
0.0552203
0.404301
0.552541
0.206114
0.0778629
0.0468611
0.0449238
0.149044
0.119788
0.0619009
0.058612
0.110732
0.0561086
0.102216
0.0931411
0.0454993
0.0560698
0.239944
0.0627665
0.25139
0.0464174
0.289541
0.194787
0.0396322
0.0565145
0.0466314
0.0644061
0.046988
0.0594118
0.0807766
0.0394284
0.0298604
0.0463674
0.192367
0.0406732
0.0920588
0.190213
0.0689706
0.046533
0.153545
0.0593976
0.0479494
0.0419204
0.0562843
0.0182357
0.182071
0.227437
0.124491
0.0348742
0.0333984
0.112992
0.337736
0.0517366
0.282372
0.0677774
0.075772
0.445084
0.0399883
0.270136
0.0416668
0.0994323
0.0470895
0.0737567
0.0525758
0.0994153
0.049286
0.0532809
0.0261646
0.0618578
0.096837
0.173257
0.0782265
0.0362124
0.0341527
0.101081
0.434241
0.0233284
0.0177234
0.05381
0.135877
0.0415119
0.111471
0.349232
0.0442029
0.0697637
0.0427876
0.05232
0.140711
0.0427617
0.0603299
0.0444917
0.0371466
0.16724
0.0254244
0.23183
0.312307
0.0358333
0.0383558
0.24824
0.0579804
0.217843
0.211356
0.099486
0.056538
0.102681
0.0538318
0.0426812
0.0553055
0.161601
0.0537285
0.0647669
0.0448954
0.0325865
0.0830541
0.0321417
0.0477617
0.0382131
0.0401646
0.0422676
0.0473448
0.0569007
0.128301
0.0466809
0.0424444
0.113788
0.0783147
0.0690597
0.026854
0.127551
0.0347503
0.0707088
0.0501773
0.041593
0.177041
0.0904413
0.0453195
0.0560273
0.0234605
0.300117
0.0326802
0.0349786
0.0773937
0.0366239
0.0404609
0.0505313
0.0809019
0.0814228
0.483086
0.389358
0.109875
0.289288
0.0406972
0.0424089
0.0680248
0.0989724
0.0333591
0.0637311
0.0508107
0.0401232
0.0449727
0.0356943
0.0417098
0.0418147
0.032175
0.0534154
0.0462489
0.0711023
0.046326
0.0314412
0.0694852
0.146243
0.0288915
0.0787305
0.0477733
0.140737
0.154169
0.0360443
0.0806147
0.0583823
0.043722
0.384716
0.153725
0.0501095
0.143255
0.0349388
0.043863
0.179918
0.0447129
0.0499371
0.0712713
0.0299369
0.047339
0.032705
0.148467
0.0982184
0.164896
0.0410641
0.133031
0.0470562
0.0297153
0.0408148
0.0571931
0.0430377
0.0434676
0.0505524
0.126491
0.0661856
0.0457199
0.0909574
0.0457619
0.118711
0.0512199
0.112099
0.0306404
0.346755
0.0551189
0.0501203
0.153029
0.395577
0.0311819
0.0205585
0.0490533
0.278298
0.114157
0.0714515
0.051536
0.0453752
0.0364202
0.0213472
0.0670943
0.322878
0.0492235
0.0665534
0.0336821
0.0704317
0.168223
0.0249676
0.0264786
0.0615218
0.156873
0.104385
0.0396149
0.104432
0.10697
0.301726
0.247524
0.0386142
0.0781831
0.0910499
0.143087
0.0346504
0.0436272
0.0479631
0.211961
0.174941
0.181766
0.445741
0.157052
0.110586
0.0870391
0.0392162
0.0850982
0.210624
0.0480923
0.195978
0.0572854
0.0380296
0.0348659
0.531493
0.135329
0.0301557
0.126237
0.124121
0.050986
0.0679411
0.0568031
0.234961
0.0594643
0.0344448
0.332177
0.0543657
0.0751599
0.121396
0.494445
0.036576
0.110878
0.0415872
0.0335594
0.0353359
0.26189
0.0750312
0.0507703
0.0492557
0.0349201
0.0564841
0.078349
0.049576
0.0618619
0.151881
0.242233
0.29956
0.0586087
0.045496
0.0499502
0.0772063
0.0372344
0.248796
0.0719708
0.0741113
0.0510637
0.0475009
0.210276
0.0330318
0.0769846
0.341866
0.0539525
0.0479281
0.0547668
0.0429952
0.132857
0.0338652
0.0360094
0.0437442
0.0619364
0.125957
0.0420373
0.0498372
0.0271023
0.0631473
0.534099
0.0365925
0.0418725
0.0819037
0.243728
0.0308102
0.243321
0.182991
0.0642691
0.0567277
0.0455483
0.0699325
0.14795
0.0499678
0.0600842
0.0232382
0.0386067
0.0227164
0.0833329
0.0547377
0.0755046
0.289813
0.102943
0.12347
0.0482119
0.0514207
0.0280063
0.069108
0.041816
0.0375163
0.0936155
0.109041
0.0684965
0.371543
0.0408596
0.0713025
0.0413231
0.0190904
0.0495075
0.0455685
0.0566427
0.0431752
0.0320241
0.136544
0.225532
0.385641
0.0488601
0.0292935
0.211462
0.0475507
0.0380859
0.0612492
0.0357192
0.0398965
0.195753
0.125557
0.104662
0.0714601
0.0936108
0.0939508
0.121879
0.246193
0.337934
0.103996
0.170341
0.0595748
0.0573619
0.128617
0.335117
0.115426
0.0455631
0.116714
0.0245706
0.114435
0.169647
0.0591311
0.0393572
0.272236
0.050031
0.0375959
0.0536966
0.0335225
0.0453173
0.32177
0.0306273
0.0590372
0.0706526
0.330374
0.0598487
0.0537052
0.0566341
0.484105
0.0306446
0.043054
0.0497833
0.0354103
0.0392118
0.0592452
0.0401353
0.0538521
0.116693
0.0411611
0.0427481
0.0365068
0.234983
0.0607488
0.103624
0.0703262
0.0526411
0.0551087
0.07361
0.0571592
0.0589873
0.049174
0.114656
0.0935542
0.0438938
0.215845
0.332993
0.277888
0.0568043
0.176395
0.0405788
0.0443424
0.0452099
0.0650181
0.204116
0.0565481
0.109432
0.142118
0.0352432
0.050447
0.0390332
0.0616758
0.0493263
0.072837
0.0843959
0.101788
0.0868003
0.0465208
0.0446908
0.0361152
0.0465275
0.426414
0.0338346
0.0412429
0.0289773
0.46938
0.052451
0.0348342
0.0422905
0.0468785
0.414962
0.23664
0.368761
0.0517989
0.0555163
0.0318717
0.0914216
0.108277
0.0343027
0.0635059
0.0291848
0.141935
0.181068
0.034609
0.0461175
0.0590674
0.0879725
0.370225
0.0555509
0.0401149
0.0585337
0.541386
0.103421
0.305119
0.0472869
0.0393024
0.058159
0.0901369
0.0340506
0.13154
0.0328653
0.052583
0.051418
0.056917
0.0285141
0.115596
0.0656166
0.0456379
0.05095
0.0564035
0.379512
0.0582636
0.0288972
0.164884
0.0682631
0.145701
0.0607445
0.0829933
0.0374147
0.323947
0.0517327
0.322784
0.0441648
0.0444655
0.0412218
0.0383415
0.154564
0.280777
0.0427429
0.193978
0.02887
0.0313709
0.0344636
0.0354245
0.069975
0.103838
0.0371333
0.0459257
0.0863494
0.0476027
0.0156995
0.0451239
0.0365098
0.0398804
0.0822048
0.0329615
0.202268
0.135394
0.133827
0.126019
0.0607056
0.0557459
0.15168
0.0706275
0.0471253
0.191671
0.0432955
0.0445766
0.0621674
0.0512296
0.0428684
0.0203193
0.0248137
0.216029
0.261963
0.0428684
0.063586
0.0470811
0.0720983
0.146183
0.0496248
0.0636776
0.126254
0.119962
0.0389919
0.0467955
0.0901569
0.0582086
0.0496781
0.0479743
0.0663887
0.457033
0.0110404
0.0394325
0.31482
0.047964
0.0429832
0.151067
0.0689259
0.286501
0.122562
0.394959
0.0375753
0.0653675
0.0340701
0.0323163
0.0489608
0.0459323
0.407773
0.0498407
0.0843911
0.0440451
0.032186
0.212519
0.0562915
0.0378596
0.462274
0.00407316
0.197814
0.0376234
0.0405268
0.0824387
0.0567824
0.181502
0.0371973
0.195687
0.0431517
0.0393381
0.0440686
0.31196
0.106903
0.0274251
0.0333147
0.0417567
0.031369
0.0747476
0.0483765
0.0826681
0.0499033
0.194955
0.0970315
0.0459183
0.0412109
0.034921
0.0395202
0.0531967
0.237609
0.0932149
0.149095
0.140236
0.450603
0.240974
0.0351548
0.204766
0.0228785
0.361997
0.234317
0.0534725
0.0862318
0.0392488
0.113468
0.0604155
0.0635631
0.353968
0.0438258
0.0627711
0.148879
0.0664699
0.0564303
0.050445
0.0654233
0.0781663
0.154192
0.0448366
0.0536917
0.0386068
0.0672279
0.0820095
0.0364094
0.0298212
0.0515877
0.10433
0.0529853
0.0579443
0.0759127
0.040889
0.0407159
0.0589972
0.0398937
0.0657065
0.0473264
0.0765176
0.220644
0.0603944
0.0763297
0.303287
0.0477636
0.29663
0.0585548
0.0242632
0.116856
0.0903889
0.054697
0.175849
0.0706488
0.111475
0.0189528
0.0423531
0.0430675
0.0480581
0.226633
0.0549966
0.0637174
0.464949
0.0298844
0.0815705
0.0359276
0.0480742
0.0474609
0.0462057
0.1945
0.0725966
0.0520468
0.0333725
0.377233
0.0606529
0.18851
0.0565401
0.073541
0.0224748
0.159939
0.0426045
0.0437934
0.0501409
0.0825006
0.0436107
0.0934563
0.123894
0.295911
0.0513855
0.121493
0.140923
0.412061
0.0290738
0.0416605
0.0551185
0.202337
0.138559
0.158152
0.034248
0.025993
0.0670212
0.0482817
0.0511613
0.0381876
0.321142
0.0283666
0.0677952
0.159331
0.0683895
0.0958868
0.102017
0.0817789
0.0437475
0.0540316
0.0533704
0.0442627
0.0738848
0.0952152
0.046486
0.0351602
0.0793394
0.0689888
0.0413673
0.0250481
0.0997905
0.0627165
0.0497368
0.401375
0.16534
0.262083
0.0947759
0.0631832
0.0366332
0.0417628
0.0382525
0.277955
0.0531427
0.12377
0.0534218
0.0879545
0.0579425
0.0406714
0.0369432
0.0480439
0.0443884
0.0605997
0.0453483
0.0909719
0.0897692
0.0355945
0.0451948
0.0239969
0.0342602
0.198103
0.0374645
0.214751
0.0435264
0.149426
0.0663006
0.034613
0.0449426
0.0329347
0.0444476
0.0515415
0.136801
0.0921856
0.0344769
0.0416574
0.0285345
0.0496239
0.193054
0.0479996
0.10442
0.0598791
0.0588043
0.0912616
0.0925403
0.211462
0.0826824
0.0941582
0.0894768
0.04011
0.0343103
0.0353901
0.0363293
0.0461294
0.0565576
0.17596
0.200093
0.231932
0.279305
0.0321062
0.116009
0.561117
0.0377509
0.044405
0.239617
0.0766654
0.167963
0.0875322
0.0488545
0.059282
0.0537109
0.0245408
0.0690445
0.0317897
0.0782587
0.124112
0.0248839
0.153805
0.0437784
0.0514445
0.318353
0.185628
0.0565217
0.359688
0.0561915
0.0386381
0.0357862
0.0574857
0.0296393
0.0540061
0.083696
0.0531409
0.0622455
0.34638
0.0602761
0.0714858
0.0615917
0.0627846
0.0509248
0.137251
0.0721634
0.0568541
0.0791457
0.0782973
0.0728639
0.316989
0.0781964
0.281624
0.208794
0.061193
0.149255
0.0445614
0.0254522
0.0509446
0.037904
0.0516851
0.136375
0.0380869
0.0418859
0.0668099
0.0353342
0.155918
0.0444168
0.0825668
0.04466
0.0434595
0.0350254
0.0744199
0.10819
0.0499511
0.0340058
0.0722638
0.0823437
0.0725425
0.0400276
0.26502
0.0461738
0.0395868
0.105069
0.111366
0.303029
0.0454484
0.0426966
0.0450769
0.0484473
0.0463306
0.216371
0.059884
0.0384533
0.0585365
0.0455315
0.0418271
0.0441132
0.0495457
0.0525346
0.0502414
0.0319968
0.0378899
0.0405104
0.0565082
0.23885
0.0424353
0.208383
0.497153
0.0541735
0.0396402
0.0623426
0.113964
0.0426807
0.0552458
0.144698
0.261395
0.0546821
0.0708026
0.0407786
0.156969
0.0800682
0.0488601
0.200665
0.179022
0.049923
0.0756453
0.190955
0.0537567
0.172679
0.0583636
0.04279
0.0299624
0.0467363
0.0874664
0.0775779
0.0243143
0.0510726
0.0454766
0.0443465
0.0542263
0.030228
0.0521516
0.0533669
0.0866523
0.0281553
0.119792
0.124222
0.0432068
0.047533
0.0253742
0.0337647
0.208996
0.0477025
0.142107
0.0445882
0.060681
0.0755113
0.0884472
0.468346
0.156501
0.048138
0.0278691
0.045322
0.0606998
0.045287
0.0450778
0.255743
0.171602
0.0939727
0.0593414
0.0549493
0.0652911
0.0741858
0.0489643
0.179716
0.0457681
0.0537084
0.04855
0.0535064
0.082177
0.383403
0.105623
0.0352817
0.0619722
0.0904427
0.0374145
0.0839436
0.10821
0.0314225
0.0667778
0.0602984
0.0324315
0.0685431
0.406967
0.202666
0.118446
0.21382
0.130692
0.0668616
0.313322
0.108661
0.0464963
0.273078
0.0654285
0.130827
0.0500938
0.413117
0.0534761
0.123359
0.0544705
0.090129
0.0457967
0.111879
0.0701067
0.0467422
0.0599517
0.266744
0.0630325
0.0824817
0.0462966
0.0339512
0.040289
0.0299769
0.0672033
0.125475
0.0511878
0.127087
0.0567117
0.0489807
0.0463232
0.0529751
0.0787478
0.0512454
0.051078
0.0915942
0.0495349
0.0630639
0.0513757
0.141863
0.133457
0.0514144
0.136179
0.0478847
0.0531252
0.0412672
0.0481085
0.0556692
0.0699397
0.054665
0.0729791
0.0389891
0.0528289
0.0539796
0.0615049
0.102053
0.0448053
0.0576358
0.0345593
0.417478
0.115185
0.0587506
0.0628729
0.0396835
0.410724
0.0620948
0.0602172
0.0526244
0.0433779
0.236004
0.0572165
0.041064
0.108355
0.0465559
0.0419188
0.0813602
0.0501722
0.0420045
0.0366963
0.082659
0.0544309
0.0324462
0.0487126
0.0894819
0.188797
0.0471626
0.0498056
0.442068
0.0379523
0.0927058
0.308125
0.0901981
0.0766106
0.285733
0.0691094
0.0484086
0.163507
0.0969482
0.06942
0.0861038
0.0717192
0.0449981
0.0233317
0.0696636
0.0723569
0.243809
0.0831088
0.0578403
0.0330026
0.0721061
0.0409156
0.0414884
0.0401811
0.0485669
0.0544278
0.0736561
0.0371914
0.270518
0.100485
0.0805092
0.0381722
0.0341352
0.0302915
0.0291909
0.0513922
0.0487232
0.0415267
0.0344653
0.136058
0.0301628
0.0439451
0.033328
0.0355475
0.0588729
0.164163
0.047126
0.0508756
0.0477296
0.0467383
0.047434
0.0236263
0.0406718
0.0385784
0.0496701
0.070496
0.0440536
0.16653
0.092282
0.20138
0.406271
0.0234088
0.0348513
0.219617
0.0928526
0.0465139
0.0303133
0.0636712
0.0517126
0.0367489
0.0322103
0.0431585
0.0477043
0.0454148
0.0351323
0.073821
0.117198
0.0403674
0.0408224
0.0945776
0.0540936
0.0561022
0.044403
0.0570501
0.0580644
0.0444332
0.0582321
0.0497813
0.0277163
0.0325807
0.0494143
0.0404406
0.129419
0.0377957
0.0299296
0.0513811
0.029487
0.249907
0.0434634
0.0811998
0.0405427
0.583832
0.120432
0.0396728
0.0512772
0.0804505
0.137052
0.144292
0.236466
0.154431
0.0409529
0.0440994
0.0438818
0.0797202
0.07631
0.0881179
0.0527086
0.126473
0.0779569
0.251133
0.25475
0.0371106
0.15977
0.0449146
0.16298
0.059265
0.043236
0.0351079
0.0330329
0.0617144
0.0568057
0.189127
0.105588
0.0433246
0.299721
0.0365108
0.0423767
0.0612063
0.0708602
0.034605
0.0491865
0.420488
0.0741141
0.0440393
0.0716843
0.07064
0.0490716
0.0403676
0.0533602
0.101407
0.0441232
0.0431126
0.017706
0.100486
0.0501272
0.0645289
0.0775697
0.0567783
0.032175
0.0275306
0.0567332
0.0452327
0.169976
0.548686
0.0458638
0.344951
0.0592164
0.0448938
0.0769893
0.0492328
0.0474236
0.0591542
0.0695941
0.0569596
0.028307
0.100774
0.0912289
0.267527
0.182602
0.0386647
0.419274
0.0730934
0.0507722
0.0847185
0.0658347
0.044798
0.0336615
0.149998
0.0889765
0.316648
0.0722727
0.0316059
0.0687301
0.0421403
0.0646427
0.0486431
0.0517199
0.0480834
0.0588686
0.0559413
0.0633756
0.0302586
0.117262
0.124012
0.0410948
0.0604385
0.0607929
0.0867206
0.0546253
0.0586014
0.109189
0.0260516
0.026877
0.0343365
0.0477429
0.0361769
0.0429392
0.0556548
0.0637683
0.322186
0.0395946
0.113322
0.062459
0.0565313
0.300657
0.0652326
0.0449319
0.199076
0.166415
0.0525206
0.0679243
0.0361164
0.0431464
0.0538677
0.0844393
0.0717257
0.219851
0.0309156
0.0405964
0.0658415
0.263343
0.09057
0.119035
0.107375
0.036605
0.119161
0.0423798
0.0677375
0.078411
0.0561738
0.171349
0.0321533
0.0387496
0.055645
0.123432
0.187195
0.177827
0.0432558
0.058946
0.111768
0.427173
0.0443739
0.0470581
0.0895095
0.0299031
0.0303457
0.0897667
0.10629
0.141697
0.0660599
0.144161
0.0641937
0.0405182
0.0528491
0.0961543
0.0462403
0.0359864
0.349625
0.0522221
0.0375449
0.0204536
0.0357802
0.226641
0.0908462
0.0656571
0.328312
0.29675
0.237272
0.0473171
0.0551321
0.0416686
0.114609
0.0532836
0.0403768
0.112797
0.199362
0.0323017
0.0407985
0.0609371
0.0682511
0.0303246
0.0439846
0.0526072
0.099445
0.0461346
0.0378242
0.0750341
0.0911009
0.137107
0.0344485
0.0759235
0.0493524
0.0209946
0.161359
0.0597218
0.0991974
0.107066
0.319063
0.0713295
0.0724892
0.0192342
0.0570116
0.152663
0.0294711
0.152179
0.0472078
0.0743119
0.0660953
0.10157
0.0434218
0.0401632
0.197254
0.052288
0.0380786
0.0287687
0.0721759
0.0660376
0.0826586
0.042871
0.0522177
0.0409812
0.171099
0.24707
0.0358512
0.0790912
0.0453059
0.0296839
0.042727
0.0747616
0.0625939
0.029133
0.0511328
0.0429974
0.0773782
0.0503828
0.0402729
0.146176
0.208945
0.0410388
0.112447
0.143627
0.0460374
0.0573882
0.0342813
0.056027
0.059408
0.0496466
0.0533533
0.0416287
0.0776292
0.0722062
0.168253
0.0299432
0.0435971
0.0546127
0.0377941
0.0565461
0.045332
0.0388421
0.224697
0.15397
0.122534
0.0684474
0.0346464
0.0459153
0.0745653
0.165945
0.0491575
0.0366596
0.205658
0.0474059
0.292531
0.354357
0.0759853
0.0236003
0.0356083
0.217317
0.0506574
0.0543171
0.588627
0.0578124
0.0388917
0.306294
0.0339358
0.0665679
0.157629
0.0548551
0.0474284
0.0605341
0.0414302
0.105526
0.183295
0.0474285
0.0664729
0.238338
0.0376239
0.041146
0.0386736
0.102093
0.0287974
0.0774909
0.0567522
0.0822172
0.0326953
0.0708288
0.0231554
0.050806
0.0653543
0.0434804
0.0330147
0.0593726
0.195742
0.121681
0.238272
0.0436206
0.26
0.0626604
0.168686
0.0438286
0.0472659
0.0412404
0.269523
0.0450645
0.0378654
0.265806
0.0442667
0.0500091
0.048684
0.0662906
0.100924
0.0460952
0.0549823
0.255246
0.166645
0.0413314
0.184481
0.0330097
0.0349947
0.0938752
0.103839
0.240395
0.0356755
0.142595
0.0186351
0.040079
0.0424853
0.138769
0.108731
0.196089
0.155452
0.110735
0.0268308
0.0339092
0.14417
0.125651
0.0801196
0.0594396
0.0305607
0.621593
0.0398644
0.0412468
0.0854728
0.0333428
0.186427
0.121379
0.0376772
0.0317994
0.0382969
0.0363185
0.0372132
0.0204049
0.150738
0.308421
0.274569
0.0384276
0.0499397
0.419881
0.0624528
0.0656689
0.0494087
0.0492781
0.121466
0.186169
0.0389627
0.0860755
0.0598289
0.0644381
0.0326096
0.297612
0.0481696
0.349657
0.255042
0.0374627
0.0475022
0.0342043
0.0195116
0.153844
0.0387651
0.260488
0.0452947
0.0598308
0.0588083
0.0453873
0.0605172
0.050813
0.0384933
0.0362427
0.0698051
0.115126
0.158132
0.0683935
0.106163
0.0630621
0.0301964
0.0428649
0.0717526
0.122771
0.0683645
0.0411627
0.0543908
0.100896
0.0541263
0.0473962
0.0368698
0.090936
0.0726185
0.0381708
0.0343633
0.0723339
0.0461846
0.305394
0.115232
0.200051
0.0651239
0.0686127
0.0354423
0.0184429
0.0462696
0.0485941
0.270578
0.050178
0.0336994
0.372266
0.0402807
0.049475
0.0448444
0.0452948
0.0456539
0.0576507
0.0586743
0.0415939
0.0334468
0.37579
0.185019
0.0581419
0.0276858
0.055031
0.0518968
0.0414416
0.0841525
0.0715384
0.178885
0.139793
0.0559045
0.106358
0.0733814
0.0648791
0.0512294
0.235427
0.037798
0.105943
0.0546336
0.0760868
0.0624561
0.0363694
0.0625318
0.0341684
0.0515531
0.0454256
0.165265
0.0288752
0.30819
0.0334161
0.0974982
0.0477981
0.0409484
0.0650147
0.0951661
0.0826388
0.0550156
0.137231
0.0855009
0.119852
0.0881634
0.0523198
0.112325
0.0134859
0.462292
0.0588386
0.0548279
0.166724
0.212132
0.0598012
0.298594
0.0459303
0.051845
0.049126
0.0331706
0.323348
0.269601
0.0411377
0.111154
0.0380758
0.0485586
0.0372108
0.10161
0.0806425
0.0332865
0.162195
0.159501
0.17441
0.133563
0.0545919
0.0744708
0.25053
0.257365
0.040408
0.0448898
0.0319998
0.0298031
0.0387106
0.0596503
0.0694559
0.0768434
0.0818777
0.141773
0.0906121
0.0453562
0.04753
0.0408973
0.0532006
0.0712383
0.273815
0.086205
0.274201
0.0494078
0.0921333
0.0490153
0.0630381
0.0697964
0.147029
0.043984
0.0663484
0.0496909
0.0759676
0.0481898
0.116213
0.0487704
0.206591
0.035853
0.0252229
0.13695
0.040456
0.0577394
0.0396603
0.037676
0.0403272
0.0488076
0.286795
0.0386183
0.0481586
0.13534
0.0196422
0.0503842
0.104504
0.371095
0.0312564
0.0609033
0.0583486
0.0437298
0.0839434
0.0480398
0.140321
0.0595584
0.0448275
0.0466402
0.0478003
0.0655974
0.108753
0.0700614
0.0364727
0.149513
0.391656
0.0505923
0.0497217
0.0508155
0.0406101
0.0925114
0.0358382
0.14139
0.0490503
0.0440602
0.0254278
0.319034
0.0731008
0.0353023
0.032581
0.21827
0.0644486
0.0404826
0.0460017
0.198205
0.0485699
0.205293
0.0471745
0.0400415
0.0570408
0.0499851
0.0674584
0.0339498
0.0526611
0.0286525
0.0766311
0.0396847
0.152618
0.144521
0.0860845
0.0781679
0.0379661
0.0866521
0.186379
0.0348042
0.0517064
0.0465511
0.0946417
0.267348
0.404093
0.0439248
0.0242217
0.065047
0.0342755
0.0627017
0.056861
0.0489956
0.0494712
0.334964
0.0423731
0.036107
0.0481533
0.481823
0.0496278
0.181447
0.0539669
0.460023
0.0439127
0.0246955
0.0292342
0.0535769
0.199073
0.0401837
0.193195
0.0543613
0.0479595
0.0948339
0.0242921
0.0401128
0.0344759
0.0747099
0.0871642
0.0394832
0.0461156
0.0431084
0.0590628
0.173112
0.0563438
0.023508
0.0293927
0.0836646
0.0347479
0.0717899
0.10341
0.362361
0.0585135
0.0335431
0.245174
0.426819
0.0693758
0.0574372
0.065781
0.0835335
0.0306118
0.112342
0.0425593
0.202666
0.0548689
0.0341002
0.088894
0.0460321
0.277642
0.313832
0.0448254
0.0575811
0.0628833
0.11107
0.0718646
0.0456313
0.0527548
0.164591
0.0488007
0.0343444
0.531874
0.033887
0.0561334
0.02983
0.0472763
0.0493855
0.287598
0.0840313
0.0281791
0.0596415
0.164159
0.0404734
0.0579732
0.0619256
0.19863
0.0346473
0.0737527
0.0393659
0.0803538
0.0298922
0.0540701
0.0437551
0.0294107
0.0559856
0.0426016
0.0793328
0.191305
0.0578156
0.20382
0.0213542
0.0961465
0.0388301
0.25738
0.366499
0.049156
0.433851
0.0567936
0.0422669
0.0794201
0.0581621
0.104852
0.0491254
0.0490046
0.062787
0.115575
0.0519313
0.0408082
0.0462436
0.0300474
0.0968749
0.042134
0.0783799
0.0613293
0.0537552
0.0638362
0.0212639
0.0379767
0.0844789
0.171836
0.042233
0.105837
0.0735238
0.229353
0.0518818
0.288052
0.116319
0.0479263
0.0352396
0.033146
0.398461
0.0429682
0.120019
0.114737
0.0332926
0.0734243
0.0903936
0.0326239
0.023627
0.0459336
0.0709607
0.0445002
0.0564831
0.0660133
0.0467566
0.0522166
0.0587508
0.0536678
0.0881752
0.26646
0.0408061
0.0671788
0.0576308
0.0386589
0.2535
0.139008
0.044831
0.0345716
0.0288572
0.0250082
0.0294749
0.0684956
0.0463358
0.102929
0.391254
0.0412566
0.166522
0.0535574
0.0471607
0.0275553
0.267717
0.0649118
0.0585023
0.258931
0.0621495
0.0354721
0.0441179
0.0318713
0.0438383
0.0559049
0.0441868
0.0454714
0.36209
0.136102
0.318739
0.0375279
0.300122
0.288512
0.0310277
0.110238
0.0612814
0.0309195
0.0968351
0.0471664
0.0984479
0.0413749
0.0760856
0.0358758
0.0758597
0.134472
0.191582
0.0494197
0.0978415
0.124784
0.0480975
0.0477483
0.0348904
0.055691
0.0460639
0.115575
0.0488506
0.0358161
0.0957415
0.394709
0.0638978
0.0645495
0.0574443
0.161758
0.045699
0.0678063
0.0399261
0.314834
0.0417466
0.236306
0.0324517
0.0465081
0.0730935
0.0356562
0.039945
0.0688208
0.171268
0.0715198
0.0494237
0.0493205
0.0480286
0.0407915
0.0705474
0.0328201
0.013846
0.177082
0.174174
0.0439953
0.0745284
0.0475086
0.0380494
0.0578945
0.058623
0.0500211
0.029536
0.0410183
0.0493595
0.0759399
0.0760119
0.0345202
0.0367793
0.0380338
0.0439299
0.0677212
0.210511
0.0602261
0.0843014
0.0595159
0.0570885
0.043
0.14072
0.03903
0.0393794
0.0525357
0.115392
0.0577203
0.0396133
0.0556313
0.0377237
0.187769
0.0517823
0.0571446
0.318792
0.155633
0.0437963
0.0984126
0.11008
0.0331256
0.0412877
0.0505794
0.187936
0.034704
0.0560304
0.382097
0.242645
0.0343798
0.53447
0.116927
0.0900296
0.191249
0.0758595
0.052099
0.0782553
0.0505037
0.0273728
0.0443699
0.144196
0.145698
0.0422857
0.0465297
0.0858116
0.303338
0.0617325
0.162803
0.128104
0.158971
0.0476132
0.056345
0.0727241
0.0647005
0.0469499
0.0553899
0.103652
0.278484
0.150241
0.0435621
0.0474042
0.0446014
0.277209
0.0526774
0.113352
0.0480323
0.0470185
0.0396203
0.202013
0.0402172
0.396206
0.0587992
0.0821021
0.0558387
0.0462676
0.0609288
0.041448
0.0552949
0.0559444
0.0572794
0.0485052
0.0492857
0.0460202
0.0259181
0.0394938
0.147538
0.0334446
0.0543124
0.0709916
0.033023
0.0356825
0.0396312
0.103174
0.392673
0.0475818
0.0459427
0.164591
0.222875
0.330934
0.133994
0.0640014
0.0847106
0.0551832
0.0394208
0.0471118
0.0571421
0.127546
0.0683891
0.0434332
0.0924325
0.0360862
0.212637
0.267667
0.075782
0.0358912
0.0748602
0.239415
0.15011
0.0462906
0.0440632
0.0717113
0.29418
0.120676
0.0429119
0.040659
0.0493766
0.0431317
0.0576405
0.130253
0.0559709
0.0568526
0.0384347
0.0368061
0.0300706
0.0451305
0.0702598
0.0485024
0.0364073
0.0375292
0.0308205
0.03552
0.0527313
0.0330772
0.201821
0.139557
0.0574339
0.0734125
0.363974
0.0410416
0.0524314
0.37904
0.0657311
0.0635361
0.122956
0.0715446
0.0457034
0.0484621
0.0689582
0.198033
0.0776201
0.037777
0.0401502
0.121352
0.0621467
0.125313
0.0642983
0.0614953
0.0976676
0.0473265
0.0694134
0.0671962
0.346804
0.0455137
0.0353985
0.451252
0.111045
0.0468558
0.125807
0.0381798
0.0456012
0.368653
0.115546
0.107354
0.126426
0.0367514
0.0366163
0.247346
0.024267
0.0588702
0.0733457
0.0503894
0.0463241
0.0696728
0.0350827
0.208429
0.0672727
0.033469
0.177823
0.434505
0.0434569
0.0666454
0.0736578
0.0463146
0.0496038
0.0699821
0.0602312
0.0556759
0.0262317
0.0224012
0.0887995
0.101806
0.138494
0.0358821
0.0402014
0.0427672
0.0520777
0.115526
0.0685319
0.123992
0.0325039
0.0504836
0.0446236
0.153214
0.0859513
0.0758465
0.045884
0.199638
0.0788159
0.0292421
0.114882
0.0314814
0.109083
0.0606842
0.0185544
0.0422532
0.140547
0.069476
0.0407644
0.0588304
0.32548
0.0420876
0.0500478
0.179351
0.146368
0.044552
0.0486233
0.0671753
0.050591
0.053351
0.0482118
0.221427
0.0629052
0.0384999
0.0596811
0.0280551
0.112706
0.0670793
0.192713
0.0617168
0.220066
0.0527334
0.0988253
0.191902
0.226577
0.0148908
0.393506
0.0614212
0.0440974
0.0469429
0.0345888
0.0421684
0.0419321
0.503084
0.0581104
0.0351026
0.0519535
0.50548
0.0447746
0.166906
0.040862
0.0669398
0.232036
0.0309515
0.171778
0.0648604
0.229229
0.062069
0.0613864
0.0599465
0.0322003
0.0390301
0.0692249
0.097146
0.0545682
0.160327
0.120234
0.0529175
0.0359686
0.220437
0.103341
0.0393596
0.18997
0.171561
0.0900171
0.0436528
0.0546084
0.141898
0.0476763
0.108077
0.0577913
0.205913
0.0618402
0.0681466
0.0588143
0.041851
0.106803
0.186562
0.144202
0.113335
0.441527
0.0782069
0.0390635
0.0504512
0.0398977
0.0475246
0.269993
0.0241341
0.215792
0.104605
0.0407595
0.0428865
0.335856
0.346779
0.0482113
0.102395
0.0915553
0.10506
0.0951855
0.123961
0.240178
0.0383087
0.150329
0.0448234
0.202779
0.0526721
0.0737382
0.0684658
0.0511901
0.0667494
0.115804
0.0739479
0.0380453
0.162787
0.0719496
0.0784513
0.166092
0.0480706
0.0941595
0.0340442
0.0488038
0.0736842
0.163855
0.36025
0.0983224
0.033231
0.0325507
0.200635
0.0436046
0.327342
0.0609971
0.0402681
0.0610972
0.190904
0.0852985
0.105083
0.0500263
0.0278396
0.160912
0.0582421
0.129312
0.285574
0.214249
0.0225267
0.134546
0.0634937
0.0412741
0.280525
0.0574085
0.0299524
0.205915
0.186141
0.104203
0.191642
0.0388316
0.0564443
0.360923
0.0570609
0.10605
0.0445156
0.040216
0.266021
0.0915623
0.0207706
0.310169
0.200391
0.117025
0.0889457
0.0491955
0.0741716
0.0491818
0.0614182
0.056979
0.0389905
0.0788147
0.0438598
0.0708662
0.157119
0.325297
0.112647
0.033488
0.312865
0.0548703
0.0760251
0.0316738
0.0538088
0.140107
0.0432668
0.158513
0.0696597
0.263429
0.0476232
0.0591614
0.0952185
0.0363461
0.0387836
0.0545058
0.0952423
0.0500597
0.0484602
0.40622
0.152316
0.03871
0.0459693
0.032901
0.22564
0.0400613
0.21541
0.0435197
0.0508533
0.06179
0.358682
0.140916
0.0526658
0.0658941
0.345066
0.0297773
0.042208
0.0473616
0.101711
0.0436674
0.290599
0.202078
0.0484694
0.353617
0.0406878
0.306741
0.253522
0.0473977
0.0456885
0.0473502
0.0408973
0.17958
0.0863121
0.313653
0.044167
0.0588247
0.0761276
0.0325149
0.0475296
0.0637899
0.374363
0.0517625
0.035954
0.405658
0.0289827
0.224929
0.250658
0.0321991
0.0392867
0.0375601
0.0416062
0.0388501
0.052371
0.0727539
0.0475713
0.0527369
0.47673
0.263051
0.128187
0.0538339
0.0420367
0.0256121
0.047231
0.280601
0.0896813
0.284195
0.0848081
0.0626465
0.0475979
0.210975
0.0453034
0.0382173
0.142739
0.0392362
0.125604
0.0444635
0.0426365
0.0483911
0.0588796
0.0975155
0.104983
0.123876
0.0986896
0.219299
0.0538212
0.158068
0.0880457
0.0594289
0.080152
0.0451964
0.0318048
0.0581949
0.0645919
0.0429777
0.0485094
0.0939599
0.0477563
0.159712
0.12071
0.119869
0.0469604
0.0733358
0.0285108
0.170968
0.094025
0.0409385
0.053505
0.0232014
0.0371593
0.0772059
0.0450533
0.0274497
0.0855689
0.0423197
0.0764078
0.100198
0.0574023
0.186558
0.212824
0.0932999
0.0621434
0.0618569
0.0384564
0.0541599
0.0974607
0.0649418
0.0310387
0.19157
0.355132
0.585325
0.0239196
0.248592
0.0788261
0.046655
0.0325465
0.0438085
0.0852171
0.201314
0.0885899
0.0540596
0.0503164
0.0566907
0.0708286
0.0518182
0.0444417
0.123085
0.0413211
0.0451668
0.0525914
0.07083
0.0732798
0.378152
0.0597165
0.0370558
0.0695105
0.0904793
0.0450838
0.0512141
0.0733346
0.0408069
0.0483862
0.0613879
0.133155
0.042987
0.0573642
0.0199393
0.0584253
0.0627488
0.44059
0.427938
0.0533825
0.148766
0.01912
0.174077
0.0690983
0.0363916
0.0459431
0.034004
0.055527
0.0381484
0.069662
0.230237
0.262499
0.237679
0.196204
0.0339983
0.388895
0.0600538
0.0430573
0.0962292
0.050574
0.0489359
0.0911322
0.245306
0.0555796
0.0756184
0.026921
0.0494465
0.0829193
0.375472
0.0491317
0.0706226
0.0418465
0.0447855
0.082219
0.0512217
0.16409
0.0326996
0.0879039
0.0580407
0.0457072
0.104298
0.436607
0.0554871
0.112131
0.0394167
0.0540007
0.0343254
0.0458393
0.0863757
0.115963
0.0906521
0.0552857
0.022595
0.105963
0.0236409
0.0421965
0.0380383
0.0199602
0.596456
0.0394207
0.0281025
0.0819718
0.141316
0.0212931
0.0427971
0.153574
0.0582517
0.074844
0.0529626
0.274653
0.160132
0.052639
0.119431
0.0940761
0.408003
0.0438497
0.382136
0.0473904
0.0483827
0.0515169
0.219966
0.0443348
0.114507
0.0677764
0.0281104
0.385498
0.0556785
0.024722
0.0551123
0.0579692
0.0544884
0.0509914
0.044801
0.0721398
0.104125
0.0418931
0.0629635
0.0467644
0.0505792
0.0643551
0.0689527
0.0400057
0.231635
0.0423925
0.0390527
0.039776
0.0641616
0.360515
0.166006
0.0404033
0.0771726
0.0388364
0.0502771
0.136457
0.196484
0.0637507
0.0452436
0.051483
0.0376853
0.0817492
0.0524984
0.0820663
0.0381554
0.0517094
0.0820552
0.258112
0.0727612
0.0405057
0.0252709
0.0384021
0.127326
0.0561857
0.0493103
0.0642549
0.036756
0.0694309
0.0646477
0.353804
0.0957879
0.014197
0.100024
0.032621
0.118038
0.146499
0.0283325
0.0657257
0.13632
0.10102
0.0375765
0.381704
0.0615616
0.0261675
0.0548458
0.0493087
0.0485715
0.0755176
0.36337
0.0536106
0.0180197
0.0909239
0.131487
0.0504482
0.0522811
0.051744
0.0245222
0.0831482
0.0464443
0.0438686
0.0428288
0.049564
0.0875494
0.0759031
0.0289103
0.0572154
0.341399
0.100989
0.105687
0.032065
0.0831536
0.117031
0.0789338
0.0278706
0.37878
0.17006
0.0519339
0.0633646
0.0546719
0.495533
0.455145
0.0390071
0.0565572
0.0973259
0.10642
0.0433142
0.0305646
0.0355919
0.0289063
0.0933204
0.0397401
0.24305
0.234173
0.0956673
0.0982983
0.0467387
0.143248
0.0590794
0.0414026
0.0287068
0.176235
0.0840146
0.0563024
0.10636
0.0660495
0.0406985
0.0328404
0.0471203
0.0728191
0.0472639
0.0441279
0.0552552
0.0420861
0.0604288
0.0473207
0.0615899
0.0659397
0.0515301
0.0493412
0.146066
0.0629595
0.0423358
0.0393424
0.0329274
0.041065
0.0353086
0.237468
0.0585711
0.440364
0.0482116
0.313412
0.0428679
0.237767
0.0382576
0.0885607
0.13048
0.0389182
0.0894555
0.0578779
0.0563034
0.396413
0.0901568
0.111782
0.0290504
0.274429
0.0509728
0.0396316
0.0708127
0.0513236
0.0339191
0.0568092
0.0525968
0.0615457
0.099721
0.0338592
0.088037
0.0320029
0.204783
0.0422109
0.531868
0.0612047
0.473798
0.0521449
0.087128
0.0454438
0.0633825
0.0494234
0.026351
0.0382016
0.0393118
0.0407482
0.0454625
0.0431906
0.289664
0.0994542
0.105629
0.0329016
0.0534113
0.0330168
0.36504
0.0618444
0.109879
0.0498849
0.0571197
0.0501341
0.0839157
0.0807073
0.191477
0.0432618
0.317309
0.0394703
0.0907062
0.0458519
0.101726
0.0809822
0.0626773
0.0377428
0.0501283
0.10477
0.0326242
0.039686
0.0617414
0.0803395
0.158732
0.183935
0.0359716
0.0550867
0.106271
0.0416174
0.0547415
0.0430358
0.0570415
0.0452153
0.0477811
0.0300898
0.0295548
0.333368
0.03987
0.0582004
0.15214
0.0384922
0.039297
0.0464866
0.0647696
0.0435138
0.0326472
0.0510819
0.0386431
0.0732404
0.0593357
0.0622636
0.0347961
0.109747
0.0392217
0.0874207
0.0828777
0.0347146
0.0453616
0.0561292
0.043754
0.04511
0.0443887
0.0504792
0.068201
0.0562563
0.0684565
0.0379394
0.0857475
0.117746
0.0413854
0.119466
0.0610626
0.11219
0.0629818
0.0590474
0.188625
0.0472529
0.0436984
0.23634
0.061257
0.0409749
0.110972
0.056351
0.0332837
0.0483878
0.0309728
0.101329
0.0208702
0.074918
0.0387077
0.0351229
0.0412032
0.0455188
0.037509
0.0357012
0.20794
0.42055
0.0597736
0.0433397
0.296965
0.224783
0.213019
0.0564525
0.0691318
0.0393098
0.0422703
0.220088
0.0379862
0.136131
0.145008
0.101838
0.0342969
0.0268071
0.0365611
0.0762142
0.061001
0.0754718
0.038885
0.235939
0.0684637
0.0412589
0.0855539
0.0401125
0.0593384
0.10398
0.0372838
0.273883
0.0385172
0.0414733
0.0822045
0.0564588
0.0425617
0.0513631
0.265612
0.0369804
0.0456719
0.0463605
0.217984
0.0502013
0.0238754
0.0936389
0.0535665
0.054837
0.070178
0.258159
0.132872
0.0489168
0.0377277
0.0612804
0.0700355
0.0406037
0.0565355
0.228483
0.0328769
0.325162
0.0834797
0.0316402
0.0415149
0.101425
0.0366337
0.0438975
0.0477281
0.0796631
0.0514616
0.177304
0.0397371
0.142891
0.35737
0.129339
0.0439529
0.0662553
0.106103
0.0562019
0.0539822
0.205024
0.0420815
0.0649061
0.0307512
0.0270125
0.048791
0.0335087
0.13756
0.0254354
0.0512192
0.0558069
0.0477651
0.0543762
0.0761979
0.0676534
0.166331
0.0461945
0.281109
0.0415082
0.0926362
0.031314
0.199996
0.0449061
0.0342743
0.0371004
0.0543081
0.327026
0.0956719
0.170491
0.0436095
0.0423545
0.242132
0.0385893
0.0670649
0.0475061
0.0340042
0.0404312
0.0574584
0.0492807
0.035792
0.0354527
0.0411138
0.225039
0.090945
0.136153
0.0645564
0.178734
0.0451699
0.0580067
0.121158
0.176705
0.094569
0.0554082
0.0566563
0.0399073
0.0653193
0.0868706
0.0131324
0.0634203
0.0339231
0.0388236
0.239257
0.0437504
0.0491259
0.136817
0.240591
0.134701
0.0576107
0.255404
0.0895783
0.0371661
0.0491449
0.023131
0.0753256
0.0421776
0.0472681
0.108715
0.0675963
0.122443
0.0493781
0.149305
0.163774
0.0560142
0.0368974
0.0573695
0.0307117
0.0913223
0.197544
0.234528
0.0186284
0.0635795
0.0349265
0.0918458
0.338742
0.0667456
0.106887
0.0909163
0.229763
0.0984204
0.0458572
0.0522498
0.0485821
0.0237257
0.0594064
0.110439
0.190319
0.0559022
0.0606574
0.0382174
0.116967
0.0435826
0.0490802
0.0697755
0.0946314
0.0614697
0.0777709
0.0620231
0.0648193
0.10645
0.0446284
0.138981
0.0340165
0.245023
0.049151
0.0535381
0.0842321
0.0284084
0.0438542
0.0324576
0.568667
0.0408644
0.16857
0.0494828
0.0493255
0.0689072
0.0540099
0.27775
0.0317493
0.195407
0.116677
0.0330154
0.0434147
0.082196
0.0661508
0.0879188
0.0493785
0.160818
0.0531844
0.0565108
0.0597441
0.0531711
0.142929
0.0481675
0.0257979
0.045627
0.0238345
0.0833685
0.0657482
0.0405822
0.0469485
0.025543
0.0495592
0.0681419
0.0273114
0.0805407
0.0445806
0.0447599
0.177203
0.0552126
0.0556736
0.0461441
0.125299
0.143381
0.0325617
0.211033
0.0464822
0.115618
0.0504032
0.0717044
0.11751
0.059161
0.131967
0.0328812
0.0235854
0.215401
0.0435581
0.0349352
0.0953213
0.0315512
0.03581
0.143078
0.0563202
0.0237708
0.0433803
0.120765
0.0319405
0.0340619
0.0601061
0.154111
0.101918
0.129062
0.0226832
0.0501491
0.030665
0.0756868
0.0610535
0.066498
0.0761435
0.059747
0.0403608
0.231553
0.0359263
0.0787293
0.0514799
0.0410961
0.0530998
0.367142
0.371973
0.0490017
0.0437159
0.252724
0.023555
0.0415444
0.0268339
0.0900701
0.310021
0.0540718
0.0354879
0.03684
0.0586367
0.042862
0.0466512
0.109522
0.0426261
0.293023
0.0862715
0.253464
0.030439
0.0780811
0.0424787
0.033658
0.0711022
0.0436858
0.301642
0.235643
0.0690965
0.0408503
0.0966576
0.0809625
0.036791
0.117817
0.0437173
0.0523081
0.047038
0.0418425
0.0732246
0.0539915
0.0362953
0.140667
0.0490007
0.0351401
0.0412954
0.0388027
0.122059
0.501999
0.26566
0.0711351
0.042553
0.190023
0.0526566
0.0555657
0.115943
0.0342069
0.08304
0.0266451
0.113723
0.0297795
0.0453803
0.196339
0.0486586
0.144713
0.124437
0.487689
0.079469
0.0406796
0.215592
0.0370622
0.322849
0.0500146
0.0892848
0.056302
0.0428736
0.0542564
0.0552718
0.0610728
0.0281541
0.0875214
0.0349298
0.117657
0.102537
0.285423
0.0454198
0.0502744
0.0567111
0.0435422
0.0551991
0.0759562
0.0536697
0.050028
0.0410122
0.0746151
0.153183
0.069454
0.0423329
0.142746
0.157258
0.0763817
0.0461777
0.0674372
0.46813
0.0332294
0.0858279
0.0434772
0.0346804
0.156496
0.046343
0.397085
0.0525421
0.129158
0.065179
0.0754064
0.0584852
0.0518885
0.0481653
0.0631062
0.0447577
0.0686804
0.0350316
0.12215
0.0643037
0.0312658
0.0653855
0.0943354
0.0812326
0.0614753
0.0382117
0.040034
0.0683019
0.0434603
0.0402438
0.0551954
0.0546425
0.159834
0.0319737
0.0625684
0.0663353
0.272709
0.0466639
0.0455126
0.234685
0.122586
0.0915795
0.0830748
0.0414275
0.0554957
0.243318
0.0276556
0.0295487
0.0388268
0.187885
0.0932472
0.378062
0.101813
0.109745
0.454431
0.0633328
0.0393697
0.104318
0.051999
0.449082
0.0521391
0.035101
0.0671753
0.217849
0.199589
0.579728
0.0354325
0.0449437
0.0614447
0.0394813
0.0956257
0.0519203
0.0421187
0.0349526
0.0406665
0.0429233
0.060184
0.0410792
0.0628847
0.050003
0.301498
0.0542342
0.0986011
0.0552945
0.0486421
0.0451594
0.04597
0.0428532
0.0906838
0.0370212
0.0661738
0.0293266
0.051931
0.162928
0.0461221
0.0437344
0.0365519
0.0558582
0.0488326
0.0403576
0.0404101
0.0476692
0.0504963
0.0444802
0.0386516
0.101237
0.0335148
0.0646596
0.0363911
0.0344115
0.0934852
0.0768316
0.049147
0.056039
0.215202
0.293667
0.0542115
0.0294219
0.0530178
0.122053
0.0535392
0.0482164
0.0760997
0.0584019
0.167924
0.0550665
0.14352
0.0397091
0.0343111
0.0440473
0.0802217
0.0531456
0.0486902
0.0324777
0.296315
0.0339243
0.0503009
0.0978223
0.0355991
0.0281319
0.07822
0.0404377
0.291284
0.0318514
0.0295438
0.0804649
0.0283657
0.0513676
0.0597826
0.0512145
0.0924827
0.191652
0.145212
0.158875
0.206616
0.0282013
0.0586372
0.176543
0.303451
0.0792624
0.041408
0.059052
0.237744
0.0572614
0.171351
0.0655603
0.0784796
0.120453
0.106146
0.0978512
0.138025
0.1571
0.0452607
0.0578011
0.127658
0.0615955
0.108697
0.0279357
0.160344
0.0400543
0.0468789
0.0638255
0.0356112
0.406649
0.0468627
0.0673375
0.0559754
0.0560207
0.0916293
0.139656
0.057558
0.188464
0.0312539
0.0525813
0.188173
0.377359
0.0831368
0.0459926
0.0310345
0.0358287
0.0704238
0.150798
0.0313854
0.121826
0.0420492
0.126846
0.0348418
0.0546258
0.0614058
0.0190904
0.0179879
0.0390718
0.0862311
0.0462972
0.0797665
0.112466
0.0338275
0.0419126
0.0343897
0.0425855
0.0661164
0.0408009
0.0469173
0.0456162
0.153083
0.052532
0.0400002
0.0581206
0.0579505
0.041447
0.0786919
0.178693
0.0643631
0.0582759
0.0438813
0.0276966
0.0745586
0.100976
0.0481969
0.254903
0.221802
0.0240122
0.0414388
0.080749
0.117195
0.0350645
0.047485
0.0275728
0.102564
0.0798826
0.039468
0.258054
0.0564959
0.159504
0.113526
0.0416416
0.380013
0.0323683
0.101191
0.0333132
0.0429991
0.201082
0.0605991
0.351904
0.0554417
0.0573091
0.058744
0.0636386
0.0251365
0.186846
0.0833633
0.375459
0.0778357
0.0512183
0.109926
0.145946
0.0336633
0.0566543
0.0854904
0.0311332
0.123748
0.0701185
0.0563628
0.0365274
0.044974
0.06026
0.0669156
0.0829546
0.17087
0.0334921
0.030968
0.1677
0.030938
0.0493715
0.0412755
0.114333
0.199937
0.0357605
0.045734
0.0490506
0.0402117
0.0649619
0.0255819
0.0390975
0.0348347
0.121695
0.0444272
0.0415977
0.0437494
0.0597866
0.0313482
0.0479317
0.0362408
0.115125
0.0484838
0.332665
0.234975
0.0417968
0.051869
0.152781
0.0554303
0.0740659
0.0509067
0.0403235
0.0722696
0.0370062
0.0858638
0.168998
0.0731089
0.0608127
0.183496
0.0360091
0.265372
0.400714
0.0465325
0.0240071
0.0371872
0.103173
0.042617
0.423285
0.16919
0.150959
0.101701
0.0574035
0.119595
0.0587029
0.0567229
0.0335139
0.0550867
0.0469885
0.141764
0.15631
0.0371781
0.0837024
0.0446139
0.074469
0.154569
0.156155
0.0514484
0.0545563
0.0789479
0.145785
0.0376729
0.074803
0.107242
0.0578208
0.0877727
0.134218
0.126708
0.037912
0.0696202
0.077238
0.064694
0.0230705
0.0622643
0.0344016
0.0485048
0.0496265
0.055732
0.035086
0.103577
0.0481947
0.0533748
0.0930174
0.0532076
0.0466474
0.0565021
0.0399876
0.304846
0.0488928
0.0410205
0.0995817
0.0499356
0.0425528
0.0600688
0.128798
0.0522708
0.162792
0.11297
0.0302176
0.242722
0.19746
0.106992
0.054776
0.0522841
0.0484447
0.197269
0.0742635
0.0453435
0.0375144
0.0601417
0.103522
0.0552013
0.0606135
0.09572
0.0552336
0.0529747
0.127843
0.35003
0.0257187
0.273208
0.0402653
0.0266588
0.271324
0.0486842
0.0399682
0.0453068
0.139973
0.0337068
0.0376511
0.23445
0.073364
0.12615
0.0947966
0.113722
0.0661186
0.050331
0.0410745
0.0595508
0.0502187
0.140808
0.0781649
0.0535304
0.0407762
0.0407455
0.0702099
0.0473397
0.0312166
0.0748277
0.0270863
0.0458691
0.0337373
0.0463543
0.0537785
0.106572
0.0154242
0.17483
0.0353025
0.142907
0.0370775
0.110131
0.0434207
0.0559237
0.248667
0.0461541
0.148062
0.043327
0.0447593
0.0515658
0.0424108
0.107066
0.0322713
0.0609323
0.0474042
0.0926934
0.0419112
0.576634
0.0342202
0.0596526
0.0464023
0.0690208
0.0787306
0.0516859
0.0352365
0.101874
0.0400204
0.251612
0.0299073
0.123784
0.0389884
0.0387394
0.0719846
0.304531
0.0440515
0.0610954
0.074221
0.0475093
0.0465023
0.111331
0.183252
0.125252
0.0719593
0.115939
0.115139
0.0377403
0.146356
0.0590222
0.625818
0.0744863
0.152003
0.0713873
0.0684233
0.0573361
0.24292
0.0721547
0.0584106
0.211113
0.0396259
0.0351167
0.0335244
0.214269
0.0581114
0.0531897
0.0476245
0.0390982
0.0775612
0.0403234
0.133291
0.0399029
0.0378319
0.196739
0.0286364
0.262414
0.0716401
0.0353251
0.0538503
0.215581
0.324189
0.0503135
0.135803
0.166688
0.0104166
0.0893324
0.0620611
0.056686
0.0227061
0.229447
0.0538735
0.0462216
0.0659771
0.0345599
0.0981911
0.110446
0.0760893
0.0589685
0.0452001
0.0576846
0.0664918
0.0842642
0.0470315
0.0383105
0.071911
0.0415442
0.0434812
0.0850859
0.0492146
0.209861
0.0389442
0.295972
0.0282784
0.0544258
0.0281393
0.0469438
0.0498169
0.0398422
0.242678
0.0443517
0.064946
0.053156
0.226981
0.330874
0.292203
0.0548198
0.214023
0.263828
0.0560344
0.0894923
0.238603
0.031833
0.171213
0.0781536
0.0434464
0.0276933
0.246782
0.0469139
0.053997
0.0469727
0.0417242
0.107751
0.0640453
0.113894
0.0477466
0.0931561
0.026208
0.033859
0.0616863
0.0939855
0.0360784
0.082793
0.0731152
0.0550359
0.106059
0.129977
0.048724
0.0409725
0.0204324
0.047984
0.255693
0.0643843
0.0495252
0.0465875
0.194777
0.0332665
0.0984826
0.183389
0.197529
0.0714132
0.0433979
0.159761
0.0240893
0.0392992
0.137288
0.0582053
0.0399297
0.0439737
0.0645352
0.0504617
0.0557659
0.0589695
0.450032
0.181678
0.0402025
0.124012
0.303129
0.055512
0.0288691
0.0759622
0.152227
0.076075
0.0470175
0.0450332
0.116307
0.0839307
0.0481206
0.0444836
0.172289
0.042871
0.0507701
0.0468158
0.0470863
0.241393
0.0651854
0.161442
0.0314502
0.149704
0.260525
0.0752491
0.0919592
0.0565938
0.0348323
0.0914529
0.0483026
0.0340864
0.0810722
0.118478
0.0257669
0.0519918
0.0639685
0.189771
0.049777
0.0452359
0.428671
0.201331
0.0560948
0.0395962
0.139286
0.0342935
0.374456
0.0347083
0.0385396
0.0592472
0.232682
0.0765835
0.063458
0.0926143
0.120225
0.0520235
0.141451
0.0676729
0.0710098
0.341746
0.0552823
0.0423355
0.0587486
0.0453265
0.0849876
0.0616733
0.0728969
0.0549158
0.0457181
0.079503
0.0376049
0.176063
0.0618515
0.215381
0.0426596
0.0619812
0.0726968
0.203
0.0196008
0.208743
0.184581
0.106964
0.0696895
0.0378299
0.0448393
0.0382173
0.106452
0.189327
0.0790577
0.279161
0.0605586
0.242
0.0378524
0.0389763
0.0294689
0.186146
0.0598374
0.0307456
0.332985
0.0526634
0.0502999
0.0600275
0.0558871
0.0430189
0.032802
0.0297846
0.140142
0.034133
0.0796258
0.172284
0.0547112
0.0852655
0.182118
0.0475208
0.0506731
0.0499686
0.0924579
0.168431
0.129886
0.0407565
0.0438133
0.184142
0.0364921
0.391729
0.0903637
0.0448542
0.0641066
0.0591997
0.0484476
0.0327596
0.149183
0.0975435
0.135355
0.0477478
0.0578741
0.242126
0.0911864
0.0475546
0.327574
0.0369549
0.210694
0.387007
0.209885
0.042568
0.160315
0.0392417
0.0680506
0.0744101
0.157401
0.0681661
0.0725863
0.269852
0.0519699
0.0560438
0.134627
0.045245
0.0510874
0.369723
0.0170612
0.0350443
0.048079
0.159309
0.22354
0.0486111
0.06725
0.0569374
0.0398103
0.0376724
0.0995102
0.0530511
0.0399098
0.0325188
0.030546
0.0619897
0.0541031
0.103119
0.0401537
0.0523119
0.0443507
0.0647411
0.0271944
0.0652354
0.344837
0.0384628
0.119652
0.0787918
0.0638365
0.0429478
0.302441
0.0471951
0.0963886
0.0387096
0.220731
0.0494665
0.0598067
0.0476667
0.11304
0.035762
0.0438969
0.0531549
0.130164
0.125197
0.0480749
0.0799001
0.0735085
0.0807932
0.0423615
0.367353
0.108623
0.0561341
0.128028
0.391077
0.0882817
0.0430057
0.0623376
0.0532242
0.0892851
0.0679642
0.0351863
0.04904
0.426919
0.0482623
0.0525192
0.059272
0.0667139
0.0413522
0.027494
0.197527
0.0486171
0.0619069
0.0453396
0.0499117
0.0462123
0.173275
0.0550325
0.0843884
0.0484208
0.153008
0.0821558
0.0558408
0.0535798
0.0468116
0.0796025
0.032782
0.359843
0.049089
0.0287187
0.387635
0.352115
0.116981
0.12622
0.0585793
0.0946604
0.0625131
0.0749828
0.0478673
0.0467169
0.047574
0.0477926
0.265584
0.0407599
0.0436981
0.0366585
0.080491
0.212917
0.0503749
0.174688
0.0421682
0.0534042
0.0484868
0.37487
0.390684
0.137205
0.0651288
0.0415038
0.179093
0.309018
0.048744
0.0404587
0.174736
0.0365278
0.0531775
0.0379389
0.0350263
0.0320923
0.0308841
0.0823927
0.152428
0.0333901
0.0581054
0.074839
0.0861462
0.0653846
0.0527456
0.0832717
0.0458107
0.160729
0.0682801
0.134321
0.0414295
0.0627122
0.0597565
0.215746
0.0819716
0.0602024
0.102485
0.0911514
0.0309305
0.0587317
0.0263816
0.0479776
0.159365
0.0345476
0.0354002
0.0832168
0.0577305
0.0386486
0.0685528
0.0375079
0.280196
0.429141
0.17221
0.144516
0.0660294
0.0390698
0.087455
0.0329816
0.083533
0.0366609
0.0425069
0.0451346
0.233222
0.0460334
0.0498845
0.0408058
0.0427751
0.0312974
0.0828223
0.245443
0.0569043
0.190779
0.0222963
0.189228
0.0536817
0.040819
0.0297653
0.0931654
0.153331
0.034498
0.0399869
0.485371
0.0354013
0.0349758
0.0499337
0.11178
0.0395207
0.0635891
0.0486603
0.0327842
0.0438844
0.284443
0.0492128
0.0903601
0.0532788
0.0759737
0.328657
0.0597138
0.126257
0.106175
0.0257057
0.151302
0.152687
0.115938
0.129603
0.0505293
0.152798
0.138206
0.0557707
0.270195
0.0487097
0.0328482
0.250507
0.0816248
0.0375289
0.0336996
0.554586
0.0254819
0.0381782
0.0482688
0.434325
0.0762984
0.0722235
0.0481264
0.0248074
0.251334
0.107938
0.189778
0.0504649
0.0495201
0.0458518
0.0655617
0.215511
0.0721732
0.034931
0.0420955
0.0425228
0.0467611
0.104603
0.0496224
0.312492
0.227251
0.031589
0.275273
0.109106
0.180931
0.199698
0.157945
0.0620396
0.0523414
0.045094
0.131811
0.0616373
0.0590552
0.256193
0.246187
0.0684754
0.0237978
0.0278215
0.0449638
0.0502394
0.0924336
0.043553
0.347441
0.0436754
0.0432959
0.181514
0.100914
0.0772632
0.0579248
0.0331834
0.0512989
0.0481631
0.0215047
0.0324352
0.0611934
0.0464773
0.0293557
0.143079
0.0466121
0.222362
0.0439087
0.0349726
0.0367604
0.340969
0.234817
0.0502943
0.0375897
0.288402
0.0793075
0.0388113
0.0480176
0.0395061
0.0101732
0.111113
0.0376855
0.0850429
0.132473
0.0592183
0.054211
0.0648939
0.0504239
0.278066
0.0997001
0.0357028
0.0592855
0.0775917
0.0500413
0.0399797
0.0900812
0.0338711
0.191407
0.0433075
0.111927
0.066058
0.0652169
0.097568
0.0388446
0.08749
0.11592
0.0767005
0.0549636
0.0424644
0.119001
0.0632609
0.0352153
0.0454369
0.0462885
0.047225
0.0579293
0.0611471
0.0868456
0.439396
0.0675279
0.0521182
0.0384963
0.0361177
0.0611381
0.0416705
0.023731
0.0809774
0.132786
0.0523774
0.0225415
0.427909
0.160979
0.0642023
0.0388228
0.0403816
0.19707
0.0636146
0.0514938
0.0654372
0.0513825
0.0458481
0.313244
0.0766025
0.323354
0.0433909
0.0402324
0.0617811
0.0627139
0.116311
0.0394357
0.0552213
0.0533438
0.0367239
0.0970631
0.0548051
0.10519
0.0428336
0.0681892
0.0820605
0.107055
0.049688
0.0391159
0.0658939
0.178015
0.0628528
0.039669
0.384556
0.32193
0.0507174
0.0413829
0.110018
0.0670373
0.0774873
0.115579
0.0702649
0.0185785
0.103927
0.0426544
0.058658
0.178309
0.132815
0.0444308
0.144724
0.22027
0.0449852
0.0573369
0.0287603
0.0343481
0.0505226
0.32935
0.154048
0.206466
0.100784
0.078693
0.0378174
0.271376
0.034682
0.0454361
0.0506167
0.416064
0.0588875
0.042557
0.0779509
0.0558782
0.0577659
0.0517529
0.0406838
0.147358
0.388637
0.297995
0.151869
0.0546319
0.138496
0.0653841
0.246126
0.0532486
0.0476004
0.0752524
0.0470535
0.0386386
0.0346002
0.0890418
0.040221
0.0359242
0.0552373
0.0466103
0.03699
0.0586681
0.0555181
0.0190632
0.217218
0.0438194
0.151305
0.0121087
0.0591377
0.0392539
0.0393812
0.0435397
0.0602155
0.306284
0.0265009
0.0463821
0.26983
0.0529954
0.0929782
0.0321814
0.0773874
0.260997
0.0779422
0.0917632
0.158913
0.0410444
0.117873
0.0343287
0.0555135
0.0906605
0.0458868
0.186076
0.0442959
0.0359126
0.0806342
0.0546661
0.0658121
0.165506
0.0542531
0.0430974
0.0517307
0.129401
0.15027
0.175123
0.0271626
0.0728054
0.044747
0.039856
0.0834863
0.537619
0.048822
0.063755
0.0791315
0.0596177
0.0651136
0.0692318
0.0957772
0.048932
0.0361932
0.299932
0.0871546
0.0374996
0.469293
0.124647
0.0605731
0.111463
0.289151
0.0774734
0.0563551
0.162029
0.0536072
0.103977
0.0746858
0.116585
0.142104
0.361722
0.0365843
0.0520546
0.103244
0.0510296
0.0582045
0.0379467
0.0565791
0.050977
0.0808291
0.192959
0.180723
0.105415
0.0454605
0.0476654
0.0550791
0.0444176
0.370888
0.100508
0.0413165
0.0589315
0.077276
0.0362667
0.0403491
0.0574498
0.0445708
0.0650113
0.0698121
0.0791818
0.0559532
0.0353054
0.0474605
0.0536004
0.0905326
0.0437718
0.197488
0.0499962
0.0924863
0.0595487
0.0232661
0.0963275
0.0472476
0.196314
0.162659
0.065084
0.0826254
0.0503126
0.0684056
0.0416199
0.0436908
0.353633
0.126324
0.0293766
0.207596
0.0681393
0.0651313
0.100916
0.315903
0.0450341
0.0464197
0.0558873
0.0881296
0.298283
0.214333
0.0554716
0.039328
0.183432
0.0276001
0.0466264
0.082474
0.0478729
0.301927
0.0384356
0.0535161
0.0793759
0.0745655
0.0392609
0.0421302
0.0485223
0.0548918
0.0461265
0.0696226
0.0394334
0.0537965
0.0408779
0.0578874
0.0506559
0.0358912
0.0463231
0.0321173
0.0386843
0.0937054
0.0454323
0.0320117
0.421744
0.0763952
0.022851
0.0508573
0.0659287
0.184449
0.0321735
0.0459136
0.0394043
0.0389536
0.0602794
0.130549
0.0503389
0.442146
0.39106
0.0546192
0.0458889
0.0251483
0.205993
0.0435906
0.0453587
0.0731243
0.0898084
0.0435085
0.136441
0.0609419
0.0653061
0.193122
0.0443181
0.0487384
0.086854
0.0919625
0.0451437
0.0430421
0.0428896
0.0278892
0.0385872
0.0859268
0.126027
0.0495008
0.278177
0.382439
0.0506216
0.0397177
0.0255774
0.0768451
0.0481822
0.0995881
0.0465359
0.0641456
0.0613946
0.269612
0.0795616
0.0604516
0.0474046
0.0478979
0.0427015
0.18338
0.0405766
0.576653
0.0428893
0.0596731
0.0282576
0.0344219
0.051311
0.114166
0.0481991
0.334105
0.0434843
0.0740612
0.0802105
0.0807914
0.0241389
0.0326218
0.0340261
0.117997
0.146614
0.0454889
0.0595982
0.0768598
0.0591942
0.186917
0.049422
0.0464213
0.0687068
0.251778
0.046125
0.0843924
0.0671846
0.0524968
0.040022
0.0377327
0.0740638
0.0381874
0.0566001
0.0180915
0.0848504
0.0789052
0.062286
0.169219
0.0323952
0.114197
0.45857
0.0500029
0.217205
0.0337714
0.118371
0.0986179
0.1971
0.139793
0.0606547
0.31089
0.049235
0.0382309
0.043767
0.525883
0.0841983
0.0844265
0.288777
0.0323862
0.0389368
0.047398
0.090185
0.0442906
0.0326127
0.044171
0.223944
0.0499614
0.0455098
0.170108
0.107163
0.039917
0.0444784
0.0556018
0.0834517
0.188257
0.0383416
0.0365735
0.0318391
0.0296554
0.029543
0.0421066
0.0181726
0.0194292
0.0502431
0.0428072
0.0387998
0.0575184
0.220164
0.0756561
0.148338
0.0405994
0.0765284
0.039035
0.138696
0.106442
0.0656838
0.0415002
0.104509
0.0702372
0.0933742
0.0464711
0.0427629
0.0515719
0.0906061
0.0401773
0.0990206
0.115643
0.0488072
0.0945653
0.0445024
0.043794
0.0648735
0.0893049
0.0867809
0.368911
0.0494189
0.112007
0.0288518
0.0654027
0.0472697
0.0296582
0.0477605
0.435271
0.383507
0.11644
0.0515852
0.0658999
0.04078
0.18393
0.086052
0.0458013
0.0298036
0.0892644
0.042464
0.0438497
0.0550838
0.0465088
0.0369991
0.134087
0.0585079
0.147759
0.115462
0.0400572
0.144115
0.163002
0.122059
0.043829
0.302189
0.0918823
0.0635508
0.0501194
0.071879
0.0592645
0.0341255
0.0813779
0.0889811
0.0480933
0.173001
0.0331121
0.432713
0.0469042
0.0521352
0.0265357
0.105167
0.0438587
0.0305173
0.0960168
0.154026
0.0551892
0.173553
0.0568037
0.0737514
0.0733821
0.250957
0.063533
0.0433167
0.0684542
0.0395861
0.0349849
0.0479828
0.116156
0.039704
0.0492762
0.0380162
0.0223285
0.0415432
0.0508676
0.051061
0.108011
0.0341226
0.0409123
0.0432458
0.0510365
0.218601
0.186513
0.025913
0.0336813
0.0599519
0.0382082
0.0359121
0.172349
0.0449164
0.0573912
0.0372147
0.0671646
0.155382
0.0920819
0.0459036
0.154138
0.0558481
0.0434555
0.169715
0.0341634
0.141186
0.127771
0.383175
0.053728
0.0338656
0.0468166
0.0302412
0.164149
0.0451749
0.171152
0.226063
0.0690963
0.0663194
0.0671489
0.226036
0.0499683
0.293865
0.229844
0.0410356
0.262486
0.273663
0.163186
0.0250346
0.0341292
0.0734075
0.0815881
0.0425561
0.260455
0.0508487
0.0394822
0.0338013
0.058168
0.057089
0.0435325
0.0458697
0.0451841
0.0442953
0.091672
0.0452266
0.0494877
0.0494181
0.0263344
0.0759906
0.0964455
0.0745168
0.0708731
0.136873
0.0500351
0.0525237
0.117979
0.126227
0.0486042
0.259902
0.0859482
0.0534427
0.218299
0.0276209
0.0477348
0.078008
0.0343634
0.0941919
0.112126
0.070245
0.15031
0.0896953
0.102017
0.0678539
0.0442729
0.0307698
0.379539
0.0376171
0.0666475
0.046262
0.146636
0.0447221
0.0457105
0.0360663
0.103228
0.0708749
0.0543391
0.131087
0.0668062
0.0644037
0.0412582
0.16853
0.0634954
0.0397338
0.0653746
0.0226585
0.0531742
0.0714995
0.0451955
0.0728406
0.0317071
0.324405
0.0488396
0.0469978
0.162102
0.0388471
0.0328958
0.052852
0.0492141
0.0780171
0.0410432
0.0304932
0.207558
0.055955
0.0361662
0.0466536
0.0662651
0.0525287
0.076621
0.0701503
0.0526097
0.0537384
0.0612139
0.047758
0.0367352
0.284713
0.0471622
0.0484092
0.043032
0.0589342
0.142442
0.0364222
0.0282809
0.110918
0.0183358
0.320771
0.0402149
0.0512064
0.0486314
0.104676
0.040591
0.0991382
0.051557
0.103187
0.0385227
0.0906712
0.210086
0.0633171
0.493741
0.0650381
0.0479513
0.0380199
0.0399765
0.0498619
0.0446207
0.0442782
0.0316229
0.0791649
0.0483231
0.048659
0.0416417
0.0650897
0.0505592
0.0512281
0.061598
0.0771334
0.0248641
0.0298086
0.0650834
0.0660893
0.0275993
0.256927
0.0486836
0.0472922
0.0459095
0.0769196
0.0519772
0.0528088
0.0342405
0.0380739
0.0326107
0.120316
0.0442371
0.0540792
0.267017
0.0481188
0.146339
0.0626926
0.0655051
0.0425393
0.0478901
0.0780419
0.103356
0.0565003
0.123448
0.172456
0.0415768
0.0921747
0.036996
0.0385426
0.0447875
0.0408091
0.0573467
0.0363774
0.0881133
0.0527951
0.0481202
0.0456528
0.343627
0.0446003
0.0473285
0.0775954
0.0974169
0.0670108
0.0522857
0.0822724
0.0241958
0.0520643
0.289108
0.0691635
0.0865975
0.149095
0.0607086
0.0494016
0.121739
0.481182
0.0471062
0.0498546
0.0752909
0.33755
0.315814
0.0638347
0.0777644
0.0360728
0.248616
0.0477042
0.0448066
0.048941
0.0399213
0.138724
0.142243
0.0348827
0.0293498
0.149004
0.0565326
0.0373441
0.0335935
0.0416173
0.0376879
0.0496744
0.0973606
0.0921222
0.0716664
0.126984
0.0672868
0.0652487
0.0289955
0.0775148
0.209987
0.0450287
0.105818
0.050082
0.0443928
0.463994
0.083655
0.0399007
0.164995
0.0504226
0.0245339
0.0525237
0.0690911
0.0355551
0.0419581
0.0479598
0.0205136
0.0419653
0.0449419
0.0512491
0.05983
0.0275481
0.181047
0.0223769
0.0489188
0.0498151
0.123751
0.0827903
0.139598
0.0722078
0.0699029
0.145524
0.171864
0.063752
0.318846
0.0752557
0.0335515
0.406721
0.343934
0.121256
0.134044
0.0426163
0.0730551
0.0370953
0.0501248
0.0352475
0.225869
0.0367604
0.0460707
0.0682973
0.0735957
0.0328466
0.0530595
0.0505073
0.0563306
0.098565
0.264889
0.0944702
0.0467451
0.177412
0.13151
0.0430571
0.0722299
0.166919
0.0594353
0.0417836
0.0452283
0.0393377
0.0987223
0.00896003
0.0446099
0.250806
0.0311119
0.0798823
0.044999
0.121333
0.0489524
0.0908347
0.0683296
0.0938527
0.0311704
0.070214
0.0560028
0.0409354
0.0521888
0.11349
0.117604
0.056982
0.028663
0.0509541
0.0327501
0.0802025
0.0467573
0.0431774
0.0543921
0.0453325
0.0464653
0.0453136
0.0463476
0.0466177
0.177332
0.0851633
0.334522
0.0572492
0.0457158
0.0421053
0.0336432
0.0714637
0.0422064
0.249916
0.0691058
0.0857964
0.0428688
0.0740584
0.0534912
0.0761945
0.189447
0.0458305
0.0642979
0.148295
0.116879
0.31464
0.0642904
0.0284209
0.052228
0.12106
0.157594
0.214244
0.0375783
0.315503
0.0471857
0.27795
0.047395
0.12419
0.0988748
0.0767207
0.0412426
0.0909442
0.0359028
0.077214
0.0390208
0.0792823
0.0712851
0.0590773
0.0435354
0.0152649
0.047656
0.0422901
0.0401792
0.0979381
0.0404872
0.0649486
0.0471474
0.0986919
0.0381144
0.0420813
0.091821
0.0430021
0.0411719
0.306453
0.0682766
0.151351
0.0344604
0.0508841
0.219737
0.0436265
0.25413
0.0467009
0.0407027
0.469636
0.132774
0.0480668
0.0458116
0.165305
0.0364402
0.284104
0.0988806
0.172271
0.0645434
0.0507308
0.048448
0.0897637
0.0345824
0.0339039
0.256979
0.128783
0.0526401
0.176045
0.238054
0.0685912
0.0622774
0.192351
0.0292187
0.041087
0.0493558
0.0442513
0.0787583
0.0689932
0.541235
0.468261
0.0443879
0.0976249
0.0984738
0.0583139
0.100048
0.0290019
0.0591255
0.0394344
0.172282
0.0456824
0.312689
0.0592625
0.0403218
0.308296
0.138027
0.0571175
0.0317244
0.0460262
0.254188
0.0472323
0.053478
0.118739
0.0751867
0.0911417
0.248769
0.0324173
0.019892
0.131555
0.0458438
0.0524545
0.104404
0.188177
0.0805807
0.0224633
0.0425266
0.0711996
0.0501714
0.0303695
0.0615995
0.072121
0.190106
0.164126
0.101486
0.0464725
0.0513763
0.03177
0.30458
0.0641651
0.127141
0.340763
0.234966
0.0380323
0.307029
0.060503
0.0980751
0.0758666
0.0461709
0.0542798
0.156842
0.0993985
0.0719777
0.0345336
0.0848783
0.0418727
0.0771248
0.0456451
0.072155
0.125449
0.0328773
0.143477
0.0507794
0.0531524
0.0379676
0.0359222
0.067382
0.0540031
0.0377748
0.0598795
0.0936178
0.0352856
0.0469856
0.056163
0.0270331
0.0817439
0.310994
0.0238508
0.0553224
0.0397908
0.512291
0.0816957
0.0397424
0.044007
0.0447311
0.0797957
0.0637244
0.0560609
0.241538
0.0808422
0.0709681
0.0411517
0.198915
0.0212485
0.0650155
0.0470548
0.0900791
0.0400145
0.032166
0.0616615
0.04352
0.0846182
0.037326
0.0809603
0.0458016
0.049805
0.0743094
0.271568
0.149228
0.0376403
0.040944
0.0418629
0.0441936
0.266615
0.0280527
0.134455
0.0613451
0.06205
0.491015
0.0474431
0.0519028
0.156663
0.0565161
0.0738203
0.113709
0.0420902
0.0409941
0.247832
0.0853897
0.0442336
0.0265556
0.124423
0.0449048
0.0699554
0.165786
0.310503
0.047649
0.0389792
0.0430537
0.0563413
0.0422281
0.250774
0.028396
0.150115
0.0366234
0.308632
0.142649
0.168813
0.179547
0.318367
0.0449574
0.139742
0.0472367
0.0479107
0.210258
0.075686
0.0466191
0.0414083
0.0552553
0.1439
0.0503424
0.32154
0.0472581
0.0458347
0.0532543
0.0449318
0.0422875
0.0583761
0.062375
0.179575
0.0519081
0.0381607
0.498458
0.058629
0.042813
0.366674
0.0364147
0.0511781
0.292845
0.0442996
0.103014
0.0455766
0.0440002
0.0400689
0.0384744
0.0426809
0.231728
0.172705
0.0720883
0.0281181
0.0352383
0.282488
0.0492741
0.018176
0.0480131
0.1699
0.0367287
0.0308869
0.261366
0.0442744
0.0412705
0.124737
0.0955192
0.0456142
0.0859594
0.0762055
0.0404456
0.170641
0.0832341
0.0531891
0.0459606
0.0428487
0.0662525
0.055431
0.0595062
0.0572916
0.341757
0.0707968
0.0518506
0.181702
0.0443852
0.0678273
0.089928
0.164014
0.0468472
0.0370235
0.0784751
0.145893
0.104543
0.139555
0.220971
0.0554268
0.0547035
0.046219
0.055137
0.115858
0.0511418
0.039652
0.123387
0.242358
0.0555627
0.0209117
0.0261713
0.302852
0.0480546
0.0324042
0.337859
0.0993196
0.100224
0.181709
0.106667
0.0603105
0.121639
0.0817802
0.112351
0.0429724
0.0784066
0.0592051
0.0443278
0.0466414
0.0849428
0.0377177
0.0434043
0.0996164
0.0484057
0.0398722
0.149292
0.158665
0.108268
0.0985477
0.473259
0.034901
0.268612
0.0750445
0.104678
0.034388
0.0496197
0.193052
0.0434757
0.0483507
0.035738
0.0272159
0.0937011
0.0441143
0.0389246
0.0319833
0.0602411
0.0423831
0.0267593
0.0996151
0.28696
0.0392948
0.28863
0.0596574
0.0434179
0.0788509
0.0923847
0.127677
0.0787144
0.275278
0.0820031
0.205838
0.055761
0.0416576
0.0462936
0.0605489
0.185189
0.0343909
0.16082
0.0456281
0.250728
0.035331
0.0453795
0.0272926
0.0585914
0.265196
0.0433788
0.0348521
0.0994462
0.272076
0.0733439
0.371932
0.132095
0.0365529
0.0337835
0.0402802
0.0226888
0.0892532
0.212417
0.0955055
0.0359629
0.0538199
0.0230411
0.158943
0.0705813
0.0441316
0.0488297
0.0434695
0.376314
0.0331232
0.031861
0.21559
0.0496049
0.0626125
0.178738
0.0387615
0.114763
0.0400159
0.134493
0.117795
0.0439689
0.0892799
0.039261
0.0679741
0.0289359
0.107085
0.0382462
0.0599991
0.0752803
0.0361773
0.199765
0.0427586
0.202599
0.0317775
0.0405408
0.040163
0.0570388
0.0509669
0.165411
0.036062
0.115253
0.35747
0.0641124
0.101924
0.0686251
0.0417298
0.125623
0.26997
0.103373
0.407181
0.0594867
0.0524628
0.0392113
0.0563653
0.0468166
0.197413
0.426917
0.0678704
0.0514628
0.0485905
0.0302957
0.244581
0.0312505
0.086334
0.0762335
0.0764934
0.0493056
0.0334956
0.121566
0.0524623
0.167466
0.0511633
0.0467436
0.202169
0.0356456
0.0861866
0.216553
0.0687506
0.160725
0.0673809
0.368208
0.0928778
0.0522021
0.130025
0.0576897
0.0420077
0.0422521
0.0516342
0.492033
0.548263
0.0697241
0.0482926
0.0447723
0.0305727
0.0325291
0.0433993
0.0401397
0.0452134
0.267333
0.0727979
0.216084
0.0572885
0.152699
0.0652834
0.0462997
0.0743248
0.0562973
0.0269187
0.0419495
0.0515839
0.0738779
0.124048
0.0984122
0.0348643
0.0563151
0.0490551
0.0493901
0.105649
0.371616
0.07877
0.0997282
0.0744976
0.190162
0.295647
0.0545874
0.0791984
0.0367103
0.0408961
0.0458391
0.0762227
0.0730217
0.0260857
0.0300883
0.0853498
0.0493725
0.0734634
0.114939
0.0195281
0.159859
0.313573
0.0363805
0.0746441
0.0858245
0.03328
0.0399595
0.0423965
0.0627348
0.617224
0.0443414
0.0955188
0.050858
0.0450986
0.112456
0.0435927
0.0146598
0.132491
0.042576
0.0390063
0.0760531
0.0312981
0.0781388
0.038105
0.0899164
0.030597
0.0776511
0.0730858
0.151925
0.244626
0.033233
0.0698211
0.200975
0.0644335
0.0365336
0.0633929
0.0518676
0.0570511
0.0573959
0.0539478
0.0406251
0.0417232
0.0473371
0.292509
0.0653
0.073751
0.0394343
0.0629079
0.0396974
0.0332491
0.0175495
0.419247
0.046154
0.0468903
0.100792
0.040594
0.0849539
0.0660823
0.0347977
0.0925543
0.141765
0.0546072
0.048135
0.03733
0.177673
0.143643
0.13154
0.0914635
0.0429848
0.0372411
0.42348
0.0572149
0.0910178
0.0421083
0.021209
0.0445376
0.035104
0.0441459
0.0475727
0.052483
0.117779
0.314409
0.0393151
0.0365399
0.26179
0.0594619
0.178912
0.0368103
0.0416903
0.043375
0.0965238
0.0443863
0.0653657
0.0827792
0.0533909
0.0700698
0.0543091
0.0492608
0.0491377
0.0799395
0.0525447
0.184149
0.0423563
0.0494231
0.0473334
0.0869171
0.317995
0.0434396
0.0463708
0.0446015
0.0628794
0.181976
0.0390233
0.0255928
0.0428512
0.0502868
0.141457
0.0347012
0.0288488
0.0507094
0.0422643
0.097153
0.119652
0.171399
0.167509
0.0873972
0.03017
0.0409162
0.0521884
0.0811008
0.269824
0.360709
0.221832
0.18496
0.546231
0.0475199
0.0327579
0.169281
0.05656
0.123982
0.194418
0.129995
0.0869542
0.200321
0.070495
0.250191
0.169796
0.0706662
0.193464
0.0334804
0.0325554
0.0700859
0.0479724
0.0634872
0.128935
0.0338239
0.0338014
0.0765693
0.0538874
0.0469461
0.044317
0.0303882
0.311933
0.0445595
0.0932398
0.0450784
0.0399964
0.0578794
0.0381439
0.0618508
0.0453989
0.0447172
0.200688
0.0421999
0.130834
0.0326708
0.0523985
0.13775
0.262166
0.088918
0.0819878
0.0377213
0.0398053
0.448529
0.0280922
0.0413186
0.0563621
0.234222
0.0489956
0.078906
0.29809
0.452646
0.0258545
0.173901
0.061147
0.0361114
0.079169
0.102256
0.062764
0.0478707
0.178243
0.0378327
0.063157
0.052825
0.0385176
0.32424
0.0527987
0.301822
0.0640503
0.152134
0.0653054
0.0230461
0.0444784
0.187543
0.0383593
0.0666441
0.0289251
0.0522392
0.0425019
0.0337674
0.185628
0.140406
0.0636675
0.255873
0.0697565
0.0507641
0.040519
0.0328992
0.345314
0.0302827
0.033583
0.0399531
0.0604849
0.0498461
0.039659
0.278098
0.150964
0.0599792
0.106602
0.0783673
0.074492
0.0568532
0.0650577
0.117096
0.0720752
0.244812
0.265987
0.303198
0.0534605
0.0138324
0.038729
0.289121
0.481761
0.0283333
0.0896894
0.0401673
0.0556048
0.0705024
0.0417476
0.0679159
0.0412396
0.132133
0.0756357
0.0388502
0.0481916
0.127324
0.0430387
0.185797
0.25317
0.127058
0.028479
0.0443225
0.0705273
0.103989
0.260794
0.0260107
0.0708273
0.0453236
0.0277632
0.121041
0.221369
0.103387
0.0519528
0.0765563
0.204554
0.0479192
0.0503671
0.0869829
0.0501123
0.0899943
0.041387
0.100961
0.0533231
0.0392815
0.189511
0.0711663
0.0485446
0.0545261
0.0206208
0.0697676
0.131295
0.0564418
0.081867
0.0982526
0.044951
0.0519057
0.0814774
0.0495379
0.201268
0.137595
0.0538483
0.0359544
0.0522076
0.0740524
0.156845
0.0545187
0.039235
0.0456726
0.180086
0.0574093
0.0480121
0.0345301
0.0279391
0.0416957
0.0391434
0.11478
0.132788
0.0774896
0.0560969
0.0707058
0.053114
0.040378
0.050584
0.196553
0.0624409
0.0486452
0.0810099
0.348158
0.112527
0.0473117
0.047745
0.0410332
0.185039
0.036919
0.0493367
0.0438027
0.0524611
0.0456381
0.0558692
0.0427762
0.0488746
0.163033
0.045826
0.0786647
0.0348391
0.068323
0.152525
0.0153863
0.111917
0.0254211
0.0325764
0.0445727
0.0534353
0.0406968
0.441633
0.0512027
0.305761
0.0119611
0.0655745
0.066102
0.0350244
0.0470613
0.0746282
0.0443084
0.0510285
0.166897
0.116497
0.201528
0.160628
0.130399
0.0651718
0.0606658
0.0543394
0.399691
0.0627191
0.034081
0.100061
0.0250833
0.0297943
0.120287
0.0371851
0.142439
0.0505681
0.041251
0.1156
0.0590974
0.241565
0.357759
0.02759
0.0497268
0.0708591
0.0316893
0.0591405
0.150269
0.018377
0.310519
0.124411
0.0330615
0.309686
0.0357464
0.230924
0.037261
0.174787
0.141093
0.304164
0.0474585
0.162898
0.0399949
0.189746
0.0410131
0.109883
0.0644717
0.0546388
0.0291696
0.0353022
0.042704
0.061229
0.129717
0.116334
0.106264
0.0730095
0.0917749
0.0384107
0.0533525
0.0442014
0.0343527
0.0454968
0.0852694
0.114411
0.187277
0.0348665
0.0571139
0.0507956
0.0497874
0.116347
0.0933396
0.0369131
0.0364217
0.0745922
0.08796
0.0893566
0.0623741
0.0509346
0.0443574
0.0457655
0.0416312
0.0922337
0.0394412
0.0191607
0.0422542
0.0438746
0.0395985
0.0490866
0.196704
0.0349637
0.0367623
0.0650056
0.0399095
0.0275943
0.118963
0.0785586
0.0440424
0.0354596
0.0681241
0.0476648
0.205243
0.0465418
0.0814149
0.0434759
0.0547254
0.193693
0.1224
0.0912091
0.0448202
0.30112
0.0759467
0.0400592
0.0623224
0.0874475
0.0293779
0.313296
0.116025
0.0844433
0.161812
0.0358259
0.0500396
0.0463717
0.0593305
0.0580175
0.060416
0.0268617
0.0729722
0.0782749
0.148853
0.0432642
0.057951
0.0377221
0.242995
0.110697
0.0512653
0.0504281
0.26782
0.135272
0.0324281
0.0489798
0.0437456
0.552972
0.0449788
0.130598
0.0794388
0.0373203
0.0505838
0.127474
0.032593
0.0498028
0.136025
0.130612
0.093173
0.284506
0.0749604
0.0780178
0.136293
0.0426012
0.0468666
0.0484647
0.0728331
0.111071
0.0253852
0.337941
0.11468
0.0758564
0.0434934
0.146188
0.0314885
0.114809
0.0636063
0.139928
0.0731337
0.0616659
0.0526378
0.0589323
0.326134
0.0585413
0.44335
0.026471
0.0445
0.0908516
0.0497209
0.0632605
0.182589
0.0824659
0.137857
0.145717
0.0526567
0.0282407
0.0463698
0.0550308
0.0697193
0.0313595
0.599452
0.0594348
0.0381373
0.0540036
0.0823333
0.0447311
0.03646
0.0421884
0.0369637
0.135341
0.0466563
0.0426285
0.0486122
0.0431466
0.181959
0.0576016
0.061052
0.205292
0.0537419
0.118388
0.0491663
0.0671656
0.295236
0.0971768
0.0873637
0.356935
0.149813
0.0516035
0.0457747
0.0806009
0.0889506
0.0939951
0.034715
0.172947
0.0766631
0.111925
0.13138
0.0493765
0.112103
0.0311332
0.0762053
0.0849501
0.108195
0.0476792
0.0476001
0.147302
0.0405262
0.0607836
0.0692656
0.0305038
0.0507597
0.03179
0.050338
0.117
0.0758152
0.115464
0.394537
0.108418
0.0414194
0.352451
0.0441097
0.0446946
0.0473362
0.0474581
0.302976
0.154357
0.0418302
0.0291687
0.110486
0.0862797
0.0811906
0.186356
0.211908
0.0579895
