0.391078
0.229026
0.375073
0.46831
0.231625
0.190151
0.322087
0.392402
0.226601
0.496035
0.47485
0.190713
0.495896
0.512005
0.465118
0.465852
0.511891
0.485836
0.381408
0.47998
0.495726
0.197155
0.33198
0.331415
0.275197
0.481838
0.392726
0.378149
0.387871
0.492824
0.484812
0.469783
0.38004
0.511899
0.0967247
0.50059
0.511979
0.39045
0.245488
0.529194
0.511768
0.318134
0.201993
0.282679
0.397489
0.091457
0.314818
0.494499
0.503177
0.229266
0.274488
0.530365
0.510899
0.280673
0.479068
0.487702
0.516655
0.391231
0.501517
0.373252
0.485544
0.390528
0.514322
0.316425
0.495098
0.388507
0.314466
0.375945
0.20142
0.189374
0.49504
0.465788
0.2812
0.240046
0.399557
0.467512
0.239131
0.391726
0.399344
0.529609
0.52762
0.280262
0.476855
0.235186
0.51181
0.49592
0.389532
0.173018
0.502045
0.376817
0.317901
0.282398
0.375861
0.511859
0.27606
0.191314
0.320541
0.5115
0.386457
0.470286
0.368724
0.211981
0.491271
0.39533
0.279081
0.496983
0.517906
0.529926
0.391207
0.230172
0.298909
0.382791
0.478745
0.479344
0.516319
0.393869
0.527277
0.479588
0.485987
0.515531
0.375344
0.525635
0.511248
0.276168
0.494307
0.479504
0.208456
0.482298
0.511265
0.0678533
0.228343
0.32063
0.529607
0.486546
0.36859
0.488674
0.332445
0.323193
0.230059
0.510639
0.374983
0.511532
0.471787
0.326877
0.496039
0.511601
0.441387
0.377493
0.327485
0.498219
0.378475
0.382836
0.268684
0.5113
0.423304
0.326031
0.391494
0.528606
0.322346
0.113959
0.372081
0.398463
0.517421
0.398877
0.320608
0.328822
0.472194
0.469591
0.389088
0.375943
0.50996
0.49586
0.327063
0.505053
0.378011
0.232467
0.373809
0.388047
0.512795
0.238321
0.371894
0.314702
0.468407
0.355199
0.470809
0.318585
0.391823
0.479474
0.229359
0.248569
0.316909
0.484774
0.134672
0.476586
0.319093
0.328855
0.389049
0.47922
0.392034
0.530235
0.387896
0.511928
0.377818
0.383048
0.397209
0.479178
0.206501
0.391882
0.264895
0.512474
0.322686
0.445627
0.323573
0.382499
0.479505
0.32478
0.496529
0.375026
0.282445
0.142942
0.499882
0.388305
0.395321
0.479136
0.271755
0.321213
0.470838
0.320028
0.511249
0.329547
0.122026
0.276753
0.23182
0.478984
0.496167
0.277976
0.383243
0.475585
0.190546
0.230561
0.374043
0.387445
0.51213
0.325499
0.512541
0.274607
0.184409
0.391226
0.375191
0.23987
0.234847
0.32075
0.504439
0.328225
0.318141
0.382746
0.479741
0.2851
0.38778
0.491902
0.479464
0.315838
0.467573
0.494625
0.275876
0.499582
0.515368
0.32053
0.478809
0.511351
0.328346
0.391117
0.51154
0.298858
0.112915
0.511193
0.484654
0.263084
0.388516
0.216677
0.467101
0.469749
0.261406
0.479788
0.511372
0.376623
0.377498
0.325846
0.28005
0.529674
0.391319
0.436364
0.385146
0.47874
0.321398
0.221711
0.49615
0.153031
0.314921
0.378307
0.275779
0.317702
0.378578
0.1657
0.269189
0.479899
0.318501
0.494701
0.525708
0.388421
0.501308
0.46818
0.382741
0.377085
0.391225
0.374793
0.479352
0.484143
0.488197
0.276439
0.479829
0.47888
0.470739
0.496121
0.377251
0.323733
0.383416
0.143291
0.387302
0.495965
0.336225
0.23212
0.508958
0.390501
0.467925
0.387181
0.388109
0.479075
0.470147
0.479565
0.381844
0.479571
0.219508
0.377269
0.399528
0.46827
0.239414
0.387956
0.505452
0.197755
0.387921
0.496735
0.327588
0.511341
0.468492
0.378303
0.500002
0.386006
0.466351
0.469737
0.53016
0.515024
0.280373
0.39111
0.384435
0.390373
0.377662
0.489457
0.331709
0.390073
0.374551
0.510996
0.375606
0.324847
0.317939
0.530519
0.288445
0.23359
0.511247
0.526707
0.376575
0.284762
0.153066
0.390193
0.315306
0.542207
0.279558
0.32526
0.214131
0.377065
0.374599
0.318327
0.383079
0.375714
0.479329
0.468108
0.511342
0.515876
0.315232
0.485813
0.467273
0.390964
0.518244
0.485074
0.269291
0.31519
0.388547
0.382098
0.470245
0.475766
0.310069
0.398415
0.497817
0.131555
0.479725
0.486974
0.118161
0.318161
0.392431
0.423804
0.373922
0.49547
0.47042
0.33237
0.340494
0.1973
0.504096
0.37773
0.328008
0.322585
0.485219
0.511751
0.472355
0.233114
0.479652
0.320886
0.390015
0.393711
0.478546
0.493928
0.479289
0.372057
0.493505
0.492117
0.465626
0.383042
0.267085
0.510444
0.184658
0.504929
0.272511
0.377361
0.491916
0.499954
0.386269
0.392381
0.499869
0.518696
0.27618
0.27435
0.515596
0.271012
0.197203
0.51529
0.496629
0.4809
0.418367
0.38847
0.387664
0.387816
0.384103
0.324454
0.395155
0.281889
0.324459
0.397887
0.51739
0.377781
0.525658
0.392097
0.318116
0.135355
0.230337
0.391739
0.388545
0.49582
0.179152
0.391133
0.480483
0.317282
0.375341
0.399617
0.511595
0.333044
0.479629
0.491557
0.388027
0.47872
0.47409
0.51185
0.375821
0.269984
0.187833
0.194047
0.470575
0.484767
0.504723
0.511067
0.53001
0.268874
0.469582
0.374354
0.484805
0.372239
0.468453
0.198194
0.372134
0.479125
0.395352
0.391945
0.39827
0.484556
0.50668
0.319947
0.226106
0.494813
0.280385
0.508643
0.329739
0.529718
0.531564
0.484926
0.476865
0.494796
0.474059
0.496412
0.47846
0.27082
0.140689
0.37634
0.178661
0.0874268
0.511275
0.511291
0.485332
0.37665
0.18563
0.285397
0.3286
0.141197
0.123821
0.400713
0.234752
0.376608
0.494999
0.388722
0.398804
0.385362
0.387918
0.469642
0.395878
0.529465
0.537378
0.394556
0.510787
0.495071
0.123263
0.345944
0.391299
0.497405
0.23237
0.484919
0.134939
0.390428
0.482754
0.318403
0.510992
0.396782
0.52528
0.399085
0.509898
0.376734
0.328213
0.511259
0.329103
0.479715
0.376369
0.387984
0.275494
0.511205
0.495836
0.375404
0.496007
0.150322
0.511771
0.318028
0.279868
0.270009
0.478656
0.378015
0.320981
0.511648
0.497531
0.391482
0.496208
0.2203
0.320765
0.515132
0.525949
0.383443
0.390801
0.391054
0.195197
0.382081
0.469542
0.479521
0.534357
0.504186
0.281087
0.184155
0.390703
0.485139
0.516374
0.523204
0.49615
0.511247
0.376171
0.382645
0.474219
0.376905
0.324156
0.376452
0.491091
0.471842
0.231778
0.519456
0.512027
0.51163
0.511196
0.511611
0.306671
0.18762
0.474867
0.222756
0.479997
0.511609
0.382885
0.380492
0.270495
0.314685
0.479066
0.388358
0.521496
0.54003
0.389318
0.272361
0.468723
0.529621
0.468408
0.372046
0.221968
0.281054
0.516613
0.511338
0.390153
0.173669
0.324321
0.318895
0.279017
0.498137
0.472372
0.276222
0.280032
0.500088
0.497084
0.169325
0.49747
0.522399
0.225578
0.280571
0.269745
0.39172
0.479618
0.384294
0.375155
0.492143
0.511455
0.387502
0.515723
0.478855
0.272361
0.107024
0.512035
0.390378
0.491684
0.387729
0.512031
0.329733
0.224488
0.332151
0.350332
0.185791
0.485103
0.225977
0.496622
0.511916
0.511151
0.515804
0.469716
0.4846
0.3289
0.499518
0.383726
0.316698
0.388266
0.352289
0.390219
0.515564
0.328023
0.38416
0.510553
0.146899
0.470224
0.385241
0.500383
0.386163
0.374753
0.376576
0.512518
0.47955
0.277181
0.278738
0.383576
0.469007
0.326375
0.255508
0.332216
0.272736
0.500213
0.390621
0.383469
0.185977
0.511255
0.511249
0.398564
0.46433
0.495179
0.388323
0.376989
0.38824
0.495773
0.494751
0.276657
0.325876
0.484947
0.282878
0.335462
0.468217
0.494345
0.293066
0.469622
0.488318
0.49513
0.286418
0.474525
0.226227
0.472303
0.15102
0.510943
0.467807
0.546828
0.479661
0.375869
0.37662
0.497564
0.274599
0.181622
0.479114
0.315932
0.390756
0.331001
0.329957
0.323579
0.315651
0.511669
0.468896
0.485008
0.522011
0.315227
0.190991
0.511585
0.387984
0.495664
0.376108
0.377355
0.33167
0.379853
0.268716
0.146858
0.235486
0.280253
0.525786
0.535441
0.541497
0.480048
0.356678
0.479173
0.391219
0.47914
0.511229
0.383978
0.377634
0.224393
0.517233
0.471082
0.531035
0.236921
0.268088
0.499817
0.39076
0.383947
0.235928
0.495168
0.339258
0.387916
0.226294
0.393843
0.511329
0.510353
0.395333
0.479258
0.383057
0.492681
0.481612
0.376596
0.468226
0.476079
0.32215
0.388794
0.319159
0.541426
0.334129
0.323398
0.325203
0.472954
0.497223
0.229036
0.530356
0.388447
0.511193
0.399788
0.391309
0.503528
0.391269
0.383599
0.100703
0.193362
0.493718
0.472335
0.468958
0.391641
0.51175
0.390392
0.388271
0.1923
0.384935
0.480102
0.177473
0.48238
0.467547
0.479608
0.28531
0.52978
0.312139
0.480014
0.33147
0.525891
0.188528
0.165372
0.158109
0.511505
0.391918
0.480395
0.467389
0.468103
0.329552
0.228784
0.491889
0.531487
0.283866
0.484508
0.383476
0.388067
0.372142
0.232001
0.142124
0.28111
0.479202
0.392082
0.470766
0.326659
0.510796
0.19171
0.39127
0.482331
0.464984
0.32203
0.15092
0.263986
0.388708
0.381802
0.272099
0.500227
0.476056
0.479897
0.479553
0.229336
0.319494
0.279837
0.328486
0.472935
0.495331
0.139138
0.384543
0.469478
0.467897
0.475954
0.468698
0.316112
0.377479
0.274274
0.380246
0.511152
0.51203
0.485772
0.485241
0.326584
0.375301
0.5298
0.327278
0.391531
0.479185
0.101782
0.374461
0.31475
0.495782
0.318147
0.494191
0.496064
0.319722
0.485384
0.510354
0.33187
0.479256
0.32688
0.478923
0.318596
0.493886
0.13351
0.376071
0.325123
0.378865
0.376268
0.49742
0.384459
0.327984
0.479821
0.390764
0.478655
0.39793
0.385089
0.381898
0.490175
0.479316
0.483539
0.485893
0.511152
0.376954
0.480028
0.510762
0.389835
0.375783
0.201641
0.374731
0.280092
0.327318
0.391375
0.330317
0.320521
0.366102
0.527015
0.478783
0.234431
0.501576
0.275555
0.157981
0.324749
0.495868
0.320597
0.51605
