0.0925599
0.130717
0.0521192
0.0969314
0.316524
0.454736
0.103669
0.176234
0.107077
0.0723512
0.085947
0.0759096
0.0707072
0.133131
0.0628656
0.0757289
0.172844
0.136505
0.217278
0.149806
0.0701459
0.0803622
0.248012
0.235933
0.06741
0.276247
0.188572
0.0604863
0.0503654
0.10825
0.169075
0.0922145
0.132776
0.366177
0.0620329
0.148975
0.0865053
0.0703569
0.0857038
0.0635269
0.0727604
0.0799708
0.0810569
0.0669732
0.0555934
0.059002
0.16042
0.233696
0.0469508
0.0471967
0.233072
0.0688476
0.145836
0.0814902
0.0613436
0.267954
0.0871407
0.0740833
0.108279
0.0754252
0.118447
0.0658196
0.197944
0.110695
0.157842
0.0858582
0.108822
0.0755959
0.039178
0.0635589
0.115727
0.0892226
0.0920847
0.0723582
0.073187
0.0605165
0.0842285
0.305108
0.0496247
0.0982604
0.101988
0.622429
0.079551
0.52114
0.142747
0.0765496
0.0966409
0.0684031
0.0829613
0.0793456
0.053524
0.39761
0.0413961
0.068646
0.0547081
0.306311
0.0973434
0.0937208
0.0551371
0.08445
0.0628936
0.197771
0.130664
0.0521062
0.0645246
0.304435
0.0649972
0.18813
0.163955
0.0873763
0.169915
0.0713611
0.0730991
0.0480101
0.0649038
0.0673491
0.11466
0.0424284
0.069144
0.0884698
0.0515856
0.0495628
0.143745
0.0707015
0.204043
0.0405255
0.0533128
0.0738007
0.156466
0.0811351
0.0943325
0.0655649
0.103135
0.069862
0.0816854
0.516442
0.0819833
0.0585786
0.107438
0.0557454
0.0753849
0.133951
0.0436973
0.102864
0.0524337
0.0640273
0.0731468
0.238892
0.0924322
0.606057
0.0702247
0.165255
0.0871388
0.144748
0.116627
0.070642
0.162785
0.0894344
0.0559566
0.0274046
0.15921
0.0508054
0.067958
0.0655717
0.0648924
0.354441
0.112709
0.126044
0.0629435
0.10152
0.292031
0.0610921
0.0761996
0.121648
0.074635
0.147456
0.0524726
0.404993
0.450972
0.0569807
0.0458078
0.12629
0.0720041
0.0440405
0.145048
0.0622537
0.0954954
0.111636
0.0535391
0.102087
0.0781543
0.168462
0.0959745
0.0513965
0.0724267
0.379681
0.093134
0.0818635
0.135766
0.0619101
0.321507
0.297287
0.0824403
0.37068
0.0534937
0.096241
0.0814747
0.0587748
0.0796983
0.100524
0.0521178
0.0407712
0.0635651
0.0728692
0.117856
0.0605755
0.0779667
0.0720567
0.0613673
0.0507341
0.133105
0.0691716
0.0493717
0.0910054
0.0635079
0.0758878
0.220059
0.0549296
0.0497304
0.232753
0.0404808
0.0819692
0.0797636
0.0717582
0.231403
0.300155
0.111914
0.120349
0.180867
0.0573979
0.117182
0.0885333
0.0632411
0.0612843
0.0592177
0.0685661
0.0593514
0.384566
0.0748314
0.17003
0.0454817
0.0965926
0.087043
0.0693021
0.0556975
0.271532
0.0753418
0.0843266
0.0806644
0.0579251
0.0743459
0.131251
0.0708249
0.0522714
0.105862
0.206618
0.0358164
0.663541
0.0647405
0.0591721
0.0817099
0.0821172
0.0560424
0.0876962
0.124497
0.139837
0.135311
0.0686922
0.42122
0.501237
0.0617399
0.0572517
0.0847427
0.268742
0.152833
0.0717441
0.0583723
0.0669968
0.390405
0.0546228
0.069987
0.46349
0.0813366
0.0670088
0.0490835
0.0928056
0.0973801
0.0760082
0.0869153
0.0542649
0.0519563
0.0699983
0.560261
0.0689962
0.0858278
0.220067
0.0689944
0.0717814
0.240456
0.0593075
0.058561
0.051239
0.0597639
0.0397945
0.0617118
0.0618837
0.0288215
0.0791458
0.160587
0.395825
0.141167
0.0727691
0.0509018
0.0632494
0.358817
0.0688202
0.068927
0.102709
0.0909403
0.0414382
0.164367
0.0481187
0.0703075
0.095884
0.0891304
0.0822352
0.201237
0.459167
0.0541054
0.065545
0.0959584
0.094485
0.0906246
0.0561055
0.083707
0.0757866
0.260854
0.0654612
0.0664683
0.072358
0.340187
0.0265573
0.269106
0.076198
0.720642
0.0737154
0.103854
0.0508311
0.0560743
0.0409787
0.144613
0.0697326
0.0612613
0.0515028
0.0533371
0.0738447
0.0503389
0.062929
0.0197862
0.0908978
0.0679379
0.0685531
0.0508522
0.0649465
0.0923525
0.0628431
0.153206
0.0414418
0.283665
0.0767867
0.0880582
0.111537
0.420895
0.0838328
0.265488
0.148804
0.273495
0.0920636
0.0630538
0.0603911
0.0482579
0.574319
0.0634903
0.0775889
0.0648695
0.0740688
0.0601746
0.0707789
0.133638
0.113356
0.159506
0.106577
0.111197
0.0623761
0.0695974
0.0578993
0.0700236
0.214528
0.0632504
0.0902536
0.0405382
0.152552
0.0625235
0.0462229
0.0652123
0.0594496
0.102813
0.0793386
0.114967
0.0865593
0.0662486
0.077777
0.0817977
0.190051
0.0203204
0.0902444
0.0541095
0.069228
0.0410339
0.0827233
0.0581281
0.072168
0.506593
0.0781711
0.0989924
0.0822705
0.211302
0.250355
0.0615087
0.200199
0.0894085
0.133998
0.17297
0.0455217
0.0705486
0.28456
0.428752
0.075067
0.0923663
0.0497863
0.0799799
0.0556381
0.0540268
0.0350607
0.0654185
0.0710967
0.084706
0.0696675
0.0538218
0.0901683
0.0472734
0.0822051
0.0702617
0.0499536
0.113643
0.228773
0.0770572
0.0668826
0.0471647
0.0479145
0.0941607
0.109086
0.0739269
0.483149
0.0776367
0.0512336
0.051005
0.163011
0.125821
0.126152
0.0591255
0.0675075
0.130048
0.058273
0.0812574
0.0800725
0.0679949
0.0508852
0.143856
0.226583
0.314931
0.0719572
0.269829
0.0812856
0.0907494
0.143361
0.275622
0.38715
0.0772117
0.0730846
0.0362916
0.0848511
0.149278
0.0979348
0.0573783
0.0670766
0.0748063
0.114614
0.0760539
0.340268
0.0650401
0.124695
0.0503845
0.0586353
0.133575
0.0626772
0.138388
0.299937
0.0884725
0.0672199
0.0782612
0.067144
0.0763638
0.0611737
0.067633
0.160325
0.0841956
0.124462
0.0335412
0.0804959
0.0688017
0.154666
0.077673
0.337728
0.148375
0.0726959
0.0574622
0.0767862
0.06325
0.0593245
0.0536854
0.0964635
0.0606671
0.168745
0.0524743
0.136911
0.100333
0.0760452
0.0604788
0.0733847
0.051702
0.108619
0.0717555
0.101629
0.0766444
0.150945
0.082167
0.0757228
0.0608092
0.0429838
0.0944451
0.396225
0.0665743
0.124617
0.0675595
0.14447
0.0677116
0.0564634
0.0435371
0.152939
0.0527377
0.115753
0.205102
0.0576079
0.0616402
0.0873263
0.045312
0.0777996
0.102943
0.0597801
0.0884476
0.0634794
0.0621744
0.0628885
0.056495
0.0722392
0.0787619
0.0750213
0.116396
0.0788551
0.0629739
0.0818021
0.111351
0.105003
0.0813121
0.072793
0.103943
0.0695367
0.0630149
0.0389245
0.0586541
0.0684772
0.478285
0.134025
0.0836127
0.136678
0.0580678
0.151052
0.0497024
0.0900311
0.0922102
0.0750402
0.108182
0.0664567
0.0608701
0.0759078
0.06641
0.0769596
0.22342
0.0812603
0.0782098
0.105499
0.570015
0.0524983
0.065746
0.0731357
0.0882597
0.4578
0.0449739
0.0563889
0.0738954
0.0925649
0.101378
0.0726664
0.0781616
0.417765
0.0471863
0.0722396
0.137316
0.037907
0.0862336
0.131922
0.104371
0.0565969
0.151687
0.110407
0.0319202
0.165211
0.0680587
0.037965
0.0342952
0.0455214
0.516229
0.18352
0.0775401
0.405132
0.0726907
0.0803105
0.227871
0.330544
0.0762387
0.192276
0.0661288
0.383331
0.0637115
0.0688942
0.0597026
0.0518968
0.0464955
0.0566875
0.0822482
0.0694006
0.10568
0.0614549
0.0743162
0.0807543
0.049294
0.0825388
0.0752842
0.0621014
0.0604401
0.0698212
0.0674255
0.0643026
0.0479382
0.348777
0.0786389
0.0532432
0.263741
0.101299
0.0731739
0.106732
0.0655309
0.231756
0.131719
0.0862481
0.0611789
0.0715428
0.0828058
0.375402
0.161656
0.0727728
0.0682444
0.0658175
0.076103
0.0325392
0.0627062
0.0804537
0.0433715
0.0798969
0.0559547
0.102189
0.125145
0.0602228
0.0811655
0.174138
0.212982
0.0702214
0.11814
0.216844
0.0653319
0.0722267
0.120239
0.119193
0.0570045
0.123934
0.0567582
0.136621
0.311607
0.0709441
0.168729
0.0673333
0.0257878
0.08399
0.148156
0.0578578
0.057814
0.0545142
0.0958079
0.0738348
0.177082
0.585845
0.20992
0.134962
0.112062
0.0558695
0.359266
0.03873
0.0700125
0.162456
0.071092
0.0634427
0.165865
0.170155
0.0461382
0.0722246
0.268729
0.0841938
0.0759374
0.129718
0.0528204
0.0675957
0.139319
0.0713248
0.0555539
0.184399
0.0722321
0.0868557
0.0765248
0.0594297
0.0646668
0.0783251
0.0663747
0.0641894
0.103705
0.0693785
0.0936978
0.0699856
0.0587804
0.0680673
0.177531
0.0551023
0.21379
0.0681358
0.0545518
0.0498159
0.0465878
0.270352
0.069499
0.0906013
0.0968825
0.0792044
0.125297
0.100015
0.0802895
0.199442
0.25836
0.0660361
0.0530133
0.0795008
0.0777511
0.057229
0.0756323
0.0661276
0.0893059
0.0434423
0.139545
0.0369769
0.0570407
0.0476397
0.0878296
0.0799122
0.0982276
0.0460479
0.0964296
0.0682094
0.111571
0.392937
0.110276
0.387998
0.071764
0.0676021
0.313295
0.0944999
0.0683436
0.0832922
0.310972
0.0603142
0.0433719
0.0640152
0.123067
0.0499859
0.186706
0.0770964
0.0636087
0.0418438
0.315649
0.0474719
0.0292607
0.0508563
0.353444
0.127601
0.0741128
0.166806
0.0804783
0.0508817
0.189255
0.178352
0.0667286
0.0814921
0.0477788
0.0568632
0.066565
0.12876
0.378846
0.0784174
0.063125
0.0530681
0.0608169
0.287746
0.0398436
0.0567584
0.056492
0.280483
0.111281
0.0734478
0.10391
0.0678257
0.110024
0.0804826
0.0782788
0.137505
0.0737833
0.0955802
0.0816679
0.611577
0.0878809
0.0547893
0.0822719
0.0930521
0.0432769
0.0533527
0.0764425
0.060793
0.19481
0.0744299
0.0730292
0.493409
0.0997672
0.0838396
0.295905
0.0536436
0.0625182
0.22837
0.157402
0.065378
0.0897676
0.0887354
0.215625
0.137432
0.0624497
0.113262
0.327801
0.0977592
0.0590012
0.067766
0.208236
0.558975
0.0563503
0.0768973
0.119349
0.1288
0.124135
0.155839
0.165462
0.274302
0.0709366
0.396095
0.051739
0.0721373
0.0724969
0.0659529
0.0937026
0.0989906
0.104202
0.0951738
0.0474029
0.0597251
0.0536439
0.0909188
0.0703923
0.0923946
0.18934
0.116758
0.0628165
0.0775084
0.254298
0.271066
0.0790182
0.0513008
0.0894457
0.596648
0.143611
0.0420325
0.0897896
0.0708401
0.065189
0.300653
0.32623
0.0383797
0.0473187
0.0829704
0.142786
0.219905
0.1553
0.101862
0.0607602
0.111115
0.306306
0.275561
0.111919
0.116734
0.0407638
0.0591816
0.204839
0.0555527
0.0560921
0.0748506
0.161376
0.043151
0.0569821
0.0765295
0.0742936
0.0440864
0.0634224
0.0810572
0.0299451
0.06408
0.078211
0.0696801
0.470962
0.0802423
0.188461
0.104237
0.0586462
0.0804341
0.16265
0.210676
0.111594
0.0740456
0.0639562
0.0680958
0.0726102
0.0576787
0.0572818
0.0656898
0.0502223
0.076282
0.0478132
0.0555864
0.0874737
0.0871002
0.0568531
0.525334
0.0772905
0.0723915
0.0728346
0.0549863
0.0571919
0.071886
0.181794
0.115028
0.555712
0.204188
0.0853047
0.0684208
0.0771879
0.146615
0.233197
0.092389
0.143649
0.0717309
0.129816
0.123514
0.368038
0.069763
0.141731
0.0818391
0.0677435
0.0946369
0.0788139
0.0956067
0.0674465
0.0454633
0.0651308
0.0532095
0.0540554
0.0423574
0.109825
0.0669245
0.120778
0.0644059
0.0614213
0.120055
0.0657121
0.233492
0.0543791
0.0845141
0.138639
0.134655
0.0738252
0.195137
0.041596
0.0741764
0.188115
0.129416
0.105722
0.0958101
0.0895096
0.0915062
0.065255
0.0757127
0.0555618
0.084911
0.0909328
0.0333981
0.0461408
0.0338188
0.202886
0.0559675
0.120767
0.166418
0.065022
0.0563945
0.0981155
0.0991058
0.188498
0.0762465
0.105272
0.0610491
0.0702582
0.095823
0.063229
0.0889685
0.0725201
0.0694692
0.064151
0.192649
0.0659068
0.0547653
0.0710893
0.0652527
0.0746868
0.126319
0.315961
0.111127
0.0782659
0.0564375
0.0752119
0.114265
0.040869
0.0730636
0.0541021
0.0754878
0.0920035
0.0656863
0.0722961
0.0715947
0.083584
0.071802
0.0701093
0.604719
0.0857378
0.0606894
0.0828921
0.164548
0.079763
0.116853
0.0752949
0.0850162
0.0726376
0.0661851
0.0508247
0.132879
0.132574
0.339797
0.0484149
0.057239
0.153004
0.0662602
0.121931
0.0500427
0.0871471
0.102085
0.0369383
0.0613317
0.0555182
0.0724733
0.102792
0.0574659
0.0762007
0.127174
0.066267
0.0591144
0.0462734
0.108439
0.0761928
0.0812236
0.0878442
0.143279
0.0601842
0.226049
0.0917772
0.126248
0.0838318
0.101896
0.0512817
0.0878837
0.200099
0.0791232
0.179225
0.107009
0.216036
0.0808399
0.342377
0.05912
0.301888
0.09174
0.128421
0.0792191
0.145585
0.0537369
0.39589
0.30725
0.052409
0.0499689
0.0580103
0.0969566
0.0555968
0.185475
0.0605473
0.0648793
0.11133
0.313927
0.0639431
0.0554249
0.0820733
0.0778419
0.127115
0.0713908
0.0461073
0.40871
0.150986
0.0540342
0.0580408
0.0573132
0.0775956
0.184192
0.0588736
0.0969612
0.0706434
0.0862351
0.104781
0.0715126
0.155885
0.0526456
0.19219
0.0751714
0.0595858
0.0784506
0.0401126
0.0963086
0.0767555
0.104431
0.0816368
0.0652704
0.0242934
0.0685764
0.388527
0.0766639
0.10704
0.0802928
0.0683368
0.0755774
0.0406607
0.0653123
0.0754068
0.400949
0.0620424
0.0782405
0.0645419
0.0697022
0.0519454
0.131386
0.0515162
0.0684734
0.0475111
0.152492
0.0515628
0.0722848
0.071851
0.0476288
0.107951
0.325962
0.0665761
0.163509
0.0730306
0.0607263
0.0599372
0.0683418
0.0511904
0.0517068
0.126754
0.0464328
0.0760495
0.0688541
0.114881
0.0707815
0.411331
0.091317
0.0720107
0.0678825
0.14416
0.0643592
0.235941
0.119865
0.0488348
0.0436505
0.219996
0.0406314
0.0495662
0.0773343
0.0713483
0.0755108
0.0803728
0.451783
0.0952389
0.0819652
0.618685
0.136105
0.143792
0.0449048
0.0779523
0.101907
0.117653
0.0534221
0.0561616
0.0613068
0.0808212
0.131761
0.0786684
0.0753222
0.0810647
0.0655974
0.0749953
0.0380172
0.0606955
0.208092
0.212152
0.0406781
0.0617628
0.0729239
0.103456
0.0912176
0.0611583
0.0523987
0.0831158
0.0817896
0.0605924
0.0755738
0.145712
0.244508
0.0644954
0.0850036
0.160851
0.0722018
0.0709853
0.0738465
0.0709271
0.195928
0.0791949
0.0760616
0.0481234
0.500366
0.243156
0.130842
0.228167
0.0877055
0.0809801
0.0523499
0.0871379
0.0669675
0.072839
0.0508757
0.0904234
0.055278
0.0685609
0.128637
0.0624905
0.0324153
0.0873351
0.105117
0.111397
0.0828094
0.512098
0.0631248
0.216149
0.0793088
0.188275
0.092764
0.0778861
0.0852007
0.0593313
0.0507896
0.117665
0.0538081
0.096557
0.0688215
0.0613837
0.228544
0.145866
0.0746192
0.49696
0.0931979
0.209503
0.137054
0.0851012
0.0724207
0.475086
0.0547197
0.0477107
0.0431296
0.0378917
0.0694284
0.0727762
0.0715494
0.098663
0.0695577
0.181331
0.0890934
0.0513049
0.0594978
0.0850962
0.193576
0.105697
0.0744345
0.0708841
0.0631059
0.191515
0.0669617
0.0866117
0.0664841
0.051634
0.186643
0.0610141
0.0741721
0.0854126
0.152293
0.223759
0.0648935
0.1434
0.0787269
0.0630668
0.0777522
0.17923
0.114312
0.0800027
0.0788968
0.0624106
0.364809
0.0959773
0.320267
0.0720456
0.222004
0.0739416
0.239858
0.0729292
0.0668567
0.0620182
0.0730403
0.0730588
0.0360715
0.054995
0.190291
0.369203
0.0840965
0.139445
0.064974
0.065041
0.0499519
0.274179
0.0429429
0.158961
0.0753691
0.0435078
0.0629572
0.236947
0.077047
0.115011
0.0651047
0.0719072
0.0636173
0.0836883
0.042274
0.0467624
0.21627
0.0484161
0.0618067
0.0716207
0.434886
0.08602
0.0586756
0.0704475
0.0616369
0.0726842
0.0570373
0.182063
0.0699366
0.182482
0.0993623
0.106432
0.0465758
0.0583498
0.0525318
0.102093
0.0775939
0.046724
0.0668485
0.111029
0.0909698
0.11006
0.0813103
0.0655268
0.0683256
0.113207
0.650331
0.446951
0.0738467
0.123356
0.108713
0.0452279
0.133012
0.0654189
0.078724
0.286608
0.087621
0.0831209
0.0936072
0.108915
0.121848
0.0578099
0.0951495
0.12393
0.135843
0.297463
0.0585823
0.108083
0.0420013
0.108126
0.0629348
0.0844985
0.210393
0.0609403
0.214623
0.0563413
0.0600849
0.274351
0.0854043
0.0549633
0.0796447
0.0673564
0.0549389
0.0654129
0.0760963
0.157907
0.0765478
0.0503175
0.098701
0.148837
0.0724198
0.0939599
0.0679548
0.0388839
0.0623264
0.0812056
0.0336325
0.0590893
0.124457
0.0585672
0.0792405
0.197038
0.0844628
0.0888207
0.0335295
0.177185
0.0198601
0.117826
0.0783095
0.0823308
0.0392074
0.0624176
0.061864
0.0650081
0.0707695
0.216203
0.299886
0.122193
0.155959
0.222445
0.0874892
0.0839307
0.0543091
0.078958
0.0800647
0.0875084
0.161546
0.101471
0.0886447
0.0489178
0.0758728
0.0617482
0.124514
0.0811084
0.043532
0.0701458
0.0397077
0.211154
0.05788
0.0731549
0.0556462
0.0814984
0.0611075
0.0574852
0.0678099
0.0758034
0.0548277
0.0618504
0.0750885
0.0727396
0.0653399
0.101845
0.207678
0.157431
0.0654804
0.243186
0.152645
0.234162
0.0762173
0.0559422
0.0657214
0.309453
0.060755
0.434495
0.0736033
0.0489764
0.0754655
0.0863293
0.0493124
0.0487115
0.0580466
0.0756995
0.256289
0.0500969
0.0577094
0.0932063
0.0868662
0.0623462
0.0619722
0.101228
0.100736
0.0672384
0.304529
0.0431743
0.0817891
0.0677686
0.0478727
0.105021
0.118965
0.0752847
0.0625739
0.0568315
0.0560026
0.0479521
0.0678159
0.192687
0.114518
0.0589509
0.0922943
0.0524691
0.0623045
0.0471366
0.0389748
0.0602868
0.273585
0.0447845
0.0727195
0.0571362
0.0408241
0.141817
0.0802653
0.0841853
0.0765599
0.3227
0.067156
0.0820315
0.0801346
0.0862515
0.139915
0.0945039
0.0646652
0.301266
0.141249
0.0511078
0.1045
0.119302
0.0449363
0.0636129
0.04478
0.0645815
0.0784984
0.0995106
0.0694428
0.0415901
0.101761
0.0790688
0.0606551
0.109892
0.0860917
0.0939421
0.0513075
0.0798388
0.0686501
0.15762
0.0707722
0.0622707
0.0761468
0.112575
0.0902206
0.0660535
0.0643867
0.630332
0.0672645
0.0780401
0.0991684
0.0722203
0.0761758
0.200392
0.041422
0.0581087
0.210634
0.0680864
0.0729202
0.16541
0.0514006
0.0475294
0.0805132
0.0732744
0.074521
0.120793
0.136002
0.195987
0.170588
0.171122
0.0803654
0.347538
0.154575
0.078817
0.0533046
0.0684661
0.0516659
0.0706161
0.0579855
0.0944587
0.104417
0.0839923
0.0729447
0.0567543
0.108621
0.051699
0.0611259
0.076298
0.0705841
0.0600966
0.0658413
0.0723702
0.0631239
0.0963884
0.0690491
0.0349252
0.0553019
0.113964
0.0900585
0.0621167
0.106318
0.0962509
0.0645187
0.082015
0.0682083
0.0866057
0.0511838
0.0803899
0.0735432
0.0738941
0.0772114
0.143404
0.0623654
0.0369586
0.055616
0.112813
0.108373
0.0866946
0.0319642
0.123605
0.0864933
0.055321
0.0763632
0.0713602
0.171515
0.114374
0.0720591
0.154442
0.151983
0.0135802
0.0705936
0.200028
0.0342541
0.0857281
0.105947
0.242635
0.0872425
0.0505101
0.0630855
0.0707628
0.0275254
0.0971976
0.0702984
0.448224
0.240369
0.118301
0.120221
0.0454597
0.0750139
0.0506531
0.0522854
0.120607
0.0572661
0.0766777
0.0782172
0.0650826
0.0555696
0.0650615
0.107966
0.0566947
0.368411
0.0791882
0.0505612
0.355794
0.0858667
0.0634276
0.119829
0.0583647
0.0595223
0.259593
0.0272645
0.0602896
0.371797
0.0413266
0.390327
0.0530277
0.06733
0.0785694
0.344201
0.0962045
0.119204
0.056364
0.0782776
0.084878
0.0506243
0.101985
0.114893
0.0472196
0.0440143
0.0627542
0.348352
0.0750004
0.122965
0.0829232
0.0552011
0.0672706
0.152272
0.0659866
0.0758931
0.0684468
0.0927949
0.0579696
0.0787554
0.0527712
0.0807476
0.0735264
0.0579592
0.207927
0.0539182
0.0447513
0.0375279
0.0663318
0.494774
0.219946
0.0692907
0.110031
0.464287
0.108488
0.491261
0.0767965
0.0537486
0.0542345
0.0607076
0.0558624
0.418964
0.157851
0.091328
0.0461656
0.0569347
0.122014
0.256397
0.0867475
0.280662
0.0734927
0.0900918
0.285984
0.0739701
0.0783006
0.0570537
0.180648
0.0748094
0.138759
0.0566834
0.0799738
0.0663589
0.0668305
0.0821999
0.0567185
0.234142
0.388032
0.0553475
0.065094
0.123089
0.073334
0.0982944
0.0580265
0.0651837
0.086576
0.0830293
0.135884
0.199597
0.0760749
0.0713624
0.0661187
0.085255
0.227822
0.0440763
0.0657881
0.0711857
0.26293
0.0719996
0.141545
0.385124
0.0580605
0.0574922
0.315203
0.173693
0.11308
0.0786803
0.102966
0.0577424
0.032187
0.0731587
0.0574761
0.0554399
0.159747
0.0915725
0.132272
0.149968
0.0564007
0.0690165
0.333179
0.0452461
0.150033
0.0591258
0.0677291
0.0800615
0.131222
0.0684369
0.108009
0.0675377
0.0799298
0.0702369
0.108952
0.201127
0.0586675
0.0565834
0.126494
0.0688193
0.306586
0.209937
0.0827007
0.0534344
0.0589088
0.0725168
0.377237
0.0729946
0.100113
0.287322
0.0622266
0.075471
0.0967577
0.0538465
0.0608922
0.111499
0.375407
0.255148
0.163829
0.0962843
0.151937
0.251902
0.0878931
0.0720243
0.0922856
0.0497299
0.169009
0.0889362
0.0749693
0.0874766
0.152009
0.363403
0.0755291
0.0744979
0.0422682
0.0886626
0.0869083
0.111345
0.0402753
0.072899
0.0643206
0.0668469
0.0780456
0.144473
0.121329
0.0748598
0.124902
0.0667781
0.0683658
0.0929348
0.062698
0.258729
0.079709
0.0612865
0.10989
0.048519
0.090657
0.047775
0.178988
0.0717889
0.0813071
0.0672757
0.133635
0.101408
0.0665621
0.406368
0.0790406
0.0386822
0.0905075
0.0768617
0.15909
0.0822554
0.0811764
0.036511
0.186366
0.112227
0.0924666
0.097426
0.0463585
0.0299287
0.164866
0.281984
0.0863105
0.130922
0.0717765
0.141919
0.0634906
0.0626554
0.0569331
0.0491966
0.064074
0.0691497
0.125741
0.145281
0.115202
0.0813212
0.0377929
0.0886025
0.190642
0.0652344
0.140317
0.136723
0.0807984
0.0693689
0.0432729
0.193663
0.0556044
0.039025
0.0535789
0.0940613
0.552415
0.302387
0.0537099
0.0609787
0.0531376
0.0455847
0.101032
0.0455964
0.641155
0.0709415
0.0371433
0.0803751
0.0745076
0.0746468
0.0381081
0.051179
0.0577702
0.107342
0.0789655
0.0549916
0.475168
0.0704741
0.0715671
0.0885654
0.0703242
0.123132
0.079171
0.0607974
0.0813161
0.0690283
0.070698
0.116057
0.116489
0.0570041
0.0533762
0.0640059
0.0552011
0.205568
0.0569181
0.193793
0.140589
0.0871361
0.174808
0.0878514
0.162623
0.0657527
0.0654311
0.0613087
0.0610938
0.0625957
0.0335364
0.0815618
0.0694056
0.0423235
0.170877
0.0598263
0.0771356
0.56161
0.0640035
0.0659087
0.066628
0.0993539
0.241563
0.0535406
0.0754956
0.0413772
0.218307
0.117709
0.0683651
0.112439
0.0942826
0.154138
0.220393
0.0692262
0.132791
0.189019
0.0421977
0.080835
0.266333
0.104199
0.0817537
0.0628909
0.0753134
0.216316
0.0652132
0.077842
0.0586839
0.0591535
0.129977
0.095437
0.0574716
0.0653084
0.321981
0.322021
0.0532092
0.105505
0.108019
0.0553898
0.0368814
0.343939
0.0406247
0.0635619
0.0678871
0.260989
0.0783238
0.136944
0.0706376
0.07416
0.0749718
0.0843101
0.152559
0.0542093
0.0723884
0.0652239
0.0678941
0.0732095
0.0820655
0.0633252
0.0571923
0.280093
0.0933191
0.0576736
0.307362
0.0633558
0.171903
0.139845
0.156971
0.0515217
0.0393023
0.289726
0.0699375
0.263977
0.0516923
0.197644
0.173769
0.074975
0.276936
0.0709281
0.352955
0.104072
0.0534274
0.0825069
0.0870975
0.0718948
0.0579267
0.148361
0.0648415
0.211888
0.0695869
0.0762907
0.0768013
0.0616898
0.0755964
0.06701
0.0774841
0.161442
0.0847375
0.73293
0.0710711
0.54318
0.0593706
0.168736
0.0690311
0.0687846
0.0774562
0.0838089
0.0483123
0.0818399
0.0850999
0.0485567
0.0555928
0.0927926
0.0450072
0.11722
0.297363
0.0900965
0.181423
0.0698134
0.0593798
0.111094
0.135305
0.265405
0.061497
0.275022
0.0698202
0.0655726
0.0685248
0.0843824
0.0777183
0.132166
0.356016
0.0584852
0.0788854
0.0487386
0.0688661
0.0520825
0.0988706
0.092403
0.0561889
0.0396677
0.0730687
0.0659103
0.0847256
0.104205
0.0470627
0.0581633
0.0890237
0.0594228
0.0855186
0.093482
0.0814839
0.0880495
0.0703662
0.688832
0.100244
0.0548372
0.102703
0.0347547
0.0628172
0.0554209
0.0476491
0.200226
0.235965
0.0471251
0.116117
0.0482316
0.0782361
0.0413452
0.0992037
0.0567443
0.0833606
0.0634558
0.122229
0.0720826
0.0551873
0.0859463
0.0662261
0.0887808
0.078467
0.069439
0.0644661
0.138904
0.0429646
0.0612008
0.0804386
0.322336
0.0818153
0.123336
0.075272
0.0794428
0.0886513
0.0553058
0.0623154
0.075295
0.118403
0.0937069
0.166811
0.0915779
0.0578044
0.0870873
0.104672
0.0683096
0.082418
0.0818207
0.0790807
0.0618696
0.0661738
0.0385367
0.0418618
0.0958919
0.392639
0.0717914
0.232916
0.076569
0.0853814
0.0741719
0.0682345
0.436844
0.101186
0.0795377
0.306655
0.0745322
0.0876546
0.113848
0.0485313
0.0986653
0.0599874
0.0674853
0.0667787
0.0737434
0.119789
0.0975453
0.0550237
0.0710132
0.0861416
0.0783054
0.0583169
0.0657995
0.0635231
0.0354397
0.0601325
0.0604911
0.312795
0.12752
0.0697072
0.0724448
0.185234
0.325089
0.0909758
0.0647795
0.040374
0.219633
0.107
0.139104
0.0538035
0.133539
0.198217
0.0593395
0.0777296
0.0725452
0.0872746
0.0637422
0.0676996
0.0625783
0.100135
0.0825537
0.0438118
0.0553687
0.0553315
0.117376
0.0845317
0.0894672
0.097688
0.0867724
0.552227
0.0530705
0.0701274
0.146753
0.280806
0.0882257
0.139276
0.0725296
0.0625653
0.0634662
0.0531773
0.0682069
0.337333
0.144742
0.223739
0.216368
0.0745892
0.065398
0.0780432
0.119185
0.0459265
0.29219
0.0543271
0.0620087
0.127999
0.15511
0.108555
0.0665888
0.0595919
0.0923664
0.0609384
0.0447009
0.0692502
0.157926
0.111821
0.129177
0.0686691
0.074075
0.0882724
0.0675618
0.0798932
0.365421
0.0465057
0.0311639
0.333029
0.0783575
0.149073
0.0827157
0.135304
0.0606364
0.115013
0.0378039
0.0396434
0.276412
0.0783193
0.189354
0.212182
0.270705
0.0735507
0.075352
0.103467
0.205514
0.060146
0.0496936
0.11621
0.157022
0.0570973
0.0615007
0.131849
0.0567021
0.0913771
0.121922
0.282066
0.0644297
0.305999
0.036392
0.1106
0.0800548
0.705937
0.168774
0.129654
0.116974
0.0731643
0.215776
0.11418
0.0914036
0.0683556
0.0798979
0.160518
0.0796036
0.106443
0.424041
0.0581026
0.0913133
0.0590495
0.0717624
0.116101
0.0463083
0.064242
0.0206718
0.0866642
0.104276
0.0499991
0.0673777
0.0494749
0.0726429
0.0724383
0.403425
0.0724917
0.0317188
0.0507297
0.0818986
0.0730446
0.567018
0.0562087
0.207461
0.0954895
0.35186
0.0612733
0.0757407
0.217845
0.0844857
0.0659722
0.128861
0.0965848
0.125232
0.425252
0.0698129
0.0734835
0.0885424
0.323327
0.0635041
0.0672842
0.197978
0.102635
0.0751062
0.0595303
0.0857868
0.108177
0.0608548
0.420706
0.141924
0.370531
0.0741001
0.163818
0.0553271
0.137464
0.0422404
0.0615925
0.111427
0.0762165
0.0785807
0.0758426
0.270246
0.09298
0.0720119
0.0964409
0.0595721
0.0594387
0.0308157
0.34498
0.0839686
0.0637568
0.0549209
0.062587
0.229357
0.0553675
0.0777329
0.0590664
0.0561576
0.158817
0.0467335
0.271859
0.136741
0.0765967
0.0522957
0.0753325
0.0630337
0.0907783
0.0500858
0.11363
0.285201
0.0493387
0.0728049
0.151769
0.406724
0.34386
0.101015
0.356084
0.0608006
0.40668
0.424434
0.18048
0.0945436
0.0829826
0.110767
0.0651202
0.0681668
0.0770346
0.0704314
0.0381907
0.0929083
0.0934211
0.0915815
0.0556777
0.0867875
0.0669275
0.062013
0.0490711
0.0650511
0.0671955
0.110911
0.108988
0.263475
0.0718522
0.0521781
0.0545454
0.104001
0.151789
0.25677
0.0507859
0.063229
0.0750355
0.129423
0.10357
0.0806222
0.0901117
0.0709568
0.0739578
0.0593977
0.115393
0.0852223
0.0558185
0.0603549
0.0794591
0.0454473
0.167339
0.0585519
0.0703882
0.0478514
0.324831
0.0741209
0.0561217
0.0455117
0.0497315
0.140996
0.060723
0.101005
0.132855
0.102033
0.109164
0.0607917
0.413046
0.175342
0.0970375
0.229087
0.371063
0.0173303
0.0607179
0.0414887
0.0481476
0.127576
0.047914
0.0657107
0.200503
0.0371372
0.0605149
0.0718357
0.0420001
0.0538661
0.0557919
0.0778639
0.0623297
0.144853
0.044621
0.172518
0.0966596
0.082168
0.158948
0.04565
0.0704207
0.112815
0.0902378
0.0516853
0.0788578
0.10157
0.15532
0.211742
0.0896769
0.0479922
0.0470402
0.097706
0.132249
0.0666021
0.0760636
0.0886906
0.074179
0.107421
0.0579888
0.0944726
0.302894
0.14735
0.0677114
0.0578176
0.0721839
0.0760593
0.0567818
0.563699
0.075841
0.087406
0.202352
0.0706884
0.0428026
0.297694
0.0622842
0.0700759
0.0830414
0.0884549
0.0665125
0.0542539
0.194958
0.187234
0.0832935
0.0777738
0.096994
0.569355
0.447572
0.0524898
0.0685328
0.0674593
0.101928
0.0387321
0.0716812
0.19947
0.0884333
0.0924598
0.0612742
0.0532778
0.0972083
0.0689047
0.128287
0.0524061
0.1212
0.111808
0.059132
0.0518245
0.430366
0.0592062
0.0395372
0.062862
0.0660538
0.165928
0.0551563
0.151887
0.0582433
0.353121
0.0482003
0.0636042
0.0560771
0.0552575
0.0860424
0.0741152
0.0412749
0.157638
0.0622069
0.0990478
0.0645439
0.102363
0.0366561
0.065728
0.0756772
0.242288
0.0691718
0.0720905
0.169239
0.0325091
0.0740231
0.0934014
0.472227
0.257758
0.0948178
0.0711011
0.0403252
0.0598045
0.0612736
0.3016
0.0399336
0.0517161
0.0313706
0.0769995
0.105366
0.566304
0.0653894
0.0662604
0.493429
0.13291
0.0560192
0.0751456
0.156225
0.0902695
0.102547
0.0635095
0.136555
0.28818
0.158398
0.0536043
0.0566889
0.232367
0.073969
0.0584854
0.118792
0.103694
0.0847926
0.0837487
0.0565284
0.0652918
0.078554
0.0589756
0.114554
0.0691067
0.176071
0.111932
0.0362656
0.237358
0.118394
0.0479287
0.0790072
0.0922022
0.0540078
0.0747144
0.122962
0.0834469
0.15471
0.0703585
0.191964
0.062938
0.0360512
0.0751952
0.317693
0.0807042
0.0476627
0.0891868
0.0787084
0.102642
0.347826
0.0626517
0.204951
0.16502
0.295446
0.0800103
0.198687
0.0772791
0.0809004
0.0459565
0.184408
0.67299
0.0890233
0.0900283
0.0622159
0.23376
0.0610729
0.0534714
0.177519
0.176572
0.0954806
0.0766166
0.135449
0.0909007
0.0705554
0.0361179
0.0815649
0.0577254
0.0613324
0.146091
0.0597947
0.132267
0.0769738
0.042772
0.0555006
0.0566784
0.0649061
0.078953
0.662862
0.0858805
0.054708
0.159429
0.349406
0.302301
0.0964576
0.108705
0.0378621
0.264558
0.227522
0.0669545
0.229439
0.0680162
0.0798468
0.0729367
0.0852155
0.0762196
0.0855417
0.0668043
0.0893736
0.0657004
0.133341
0.0431284
0.0665456
0.0577776
0.0715867
0.0591886
0.131679
0.0768826
0.0865927
0.0758865
0.0957372
0.0621357
0.133179
0.230152
0.113856
0.0896302
0.0665065
0.112884
0.0463854
0.125049
0.0928265
0.0753232
0.150121
0.104585
0.0793971
0.0715597
0.0683811
0.0703632
0.0781549
0.257578
0.0710685
0.154185
0.379926
0.0776647
0.0553113
0.0500214
0.120011
0.121223
0.0546223
0.0983006
0.0706194
0.401955
0.0448383
0.0756516
0.0807836
0.665848
0.483777
0.0621378
0.112867
0.0598693
0.0619743
0.0894416
0.0857235
0.0320443
0.128605
0.105433
0.068543
0.0633395
0.0805917
0.116344
0.0769217
0.594456
0.371105
0.0488399
0.0525728
0.138679
0.251041
0.127157
0.0289257
0.109959
0.478921
0.073141
0.0630613
0.0623474
0.0632459
0.073241
0.0570516
0.0753656
0.213643
0.0415368
0.0558934
0.0822673
0.0815428
0.050461
0.375416
0.0929649
0.0956969
0.071511
0.0577816
0.126982
0.0723361
0.0514146
0.0796883
0.0637708
0.0264593
0.157922
0.291972
0.321035
0.0596001
0.0618383
0.320588
0.0552243
0.113768
0.0914683
0.226186
0.0791263
0.20359
0.221794
0.0960272
0.0738745
0.0517651
0.112716
0.139828
0.0654404
0.0747602
0.0709246
0.507852
0.270732
0.0890483
0.0799407
0.0704697
0.0973143
0.0400623
0.192082
0.0395812
0.0770435
0.19912
0.0489869
0.0677433
0.110653
0.0717931
0.0790529
0.0712592
0.170851
0.0651857
0.0680741
0.0353554
0.149445
0.0709156
0.0615653
0.0691827
0.10245
0.0815132
0.0873389
0.0379502
0.0817603
0.243222
0.0622528
0.0515729
0.3036
0.0933515
0.0396277
0.068251
0.0593649
0.0821726
0.0682471
0.0888895
0.040149
0.13449
0.380439
0.0696467
0.0822397
0.065763
0.0534274
0.0667693
0.0532257
0.0682683
0.0764908
0.0661883
0.071146
0.0835231
0.0484151
0.0918207
0.158069
0.049632
0.083516
0.0868909
0.0488426
0.0487719
0.0725928
0.113544
0.0772386
0.19553
0.0745103
0.067924
0.229272
0.0533523
0.0926167
0.0743351
0.0643934
0.0757646
0.0947724
0.0628973
0.058256
0.0938774
0.0800651
0.0805021
0.0530814
0.219175
0.0536659
0.064278
0.165274
0.102409
0.108447
0.0625925
0.288532
0.376104
0.075618
0.0464401
0.173945
0.267771
0.0661971
0.0736882
0.0780315
0.131552
0.0591342
0.151182
0.0678661
0.0777827
0.037916
0.112573
0.0794403
0.0775471
0.0928026
0.072344
0.17338
0.104679
0.0672478
0.0703893
0.149238
0.0765892
0.0879355
0.380373
0.0649633
0.0885432
0.0392986
0.0783274
0.0631137
0.257624
0.0511643
0.0887997
0.0893261
0.179495
0.342814
0.0860538
0.0947214
0.0919136
0.0748589
0.232575
0.0615598
0.0698261
0.0574127
0.0810305
0.0601898
0.0580701
0.142919
0.117366
0.254671
0.0665822
0.065752
0.0515555
0.0716077
0.0667467
0.0686547
0.0869515
0.0764091
0.067065
0.0676627
0.0924441
0.132261
0.0692625
0.0790068
0.241038
0.0898969
0.0921899
0.307369
0.063252
0.111979
0.0934586
0.0554107
0.0828118
0.0870025
0.0672907
0.27562
0.0669355
0.10696
0.0530627
0.162466
0.0772745
0.327672
0.0591684
0.357909
0.0577711
0.481722
0.529227
0.308673
0.0550405
0.0444865
0.120885
0.0700516
0.0650215
0.0867931
0.0319781
0.0682012
0.0810413
0.0501998
0.118452
0.0579376
0.0540766
0.168128
0.0534838
0.0747716
0.0661688
0.293208
0.103273
0.0619219
0.114813
0.177553
0.108295
0.0858797
0.0764723
0.0602292
0.491351
0.0615394
0.047425
0.196555
0.392446
0.144062
0.142748
0.102511
0.0971818
0.134809
0.0850906
0.0784066
0.0859189
0.0935431
0.06019
0.0606805
0.192743
0.0729507
0.0547634
0.0886176
0.0633198
0.0380098
0.0765908
0.0623113
0.0648068
0.0671795
0.0632901
0.59304
0.110768
0.0867529
0.399616
0.10324
0.0339463
0.0698751
0.0912502
0.0549334
0.205713
0.0309781
0.0777633
0.309499
0.0560124
0.136367
0.104384
0.082444
0.0741843
0.387283
0.0580831
0.173431
0.0893466
0.0762434
0.101763
0.0386171
0.0527926
0.0702117
0.0633665
0.103487
0.0946969
0.072331
0.0681274
0.0617261
0.0757788
0.051154
0.0636839
0.124483
0.379896
0.0617718
0.0741523
0.274919
0.0738197
0.227401
0.0633794
0.201684
0.0788354
0.0564675
0.0791278
0.0774117
0.0812889
0.186822
0.0632028
0.0748369
0.0832984
0.225499
0.0746489
0.117259
0.0877698
0.0754807
0.0672568
0.0978117
0.0916604
0.0723484
0.271451
0.147487
0.2319
0.294235
0.054192
0.0601926
0.0645838
0.0649566
0.0691249
0.0854987
0.064675
0.185741
0.04432
0.0488163
0.0950642
0.0562785
0.0648789
0.0789099
0.0482676
0.0579321
0.0937305
0.151122
0.0645177
0.0727927
0.0562533
0.0533386
0.0753773
0.0991326
0.0923034
0.0538296
0.0775542
0.0730642
0.0837359
0.0782109
0.0340204
0.0518548
0.0770841
0.0766088
0.0858561
0.13416
0.222128
0.214063
0.220697
0.0719309
0.0751363
0.0646909
0.274566
0.146513
0.0664388
0.0304982
0.0770229
0.109845
0.0735757
0.230291
0.221304
0.341991
0.0355864
0.0718569
0.0576245
0.083046
0.0749278
0.0959112
0.0738822
0.136427
0.0530326
0.0632752
0.0777961
0.0699478
0.0808728
0.0577947
0.0736079
0.0916465
0.579612
0.057946
0.0857579
0.138123
0.0896566
0.0500988
0.0627165
0.0989294
0.158487
0.0661998
0.0559709
0.198705
0.061096
0.226511
0.0495644
0.193792
0.0903242
0.0811621
0.111867
0.0833419
0.069996
0.263736
0.0741637
0.0879815
0.0854981
0.0681325
0.102676
0.0674506
0.0636952
0.0854069
0.0802937
0.0742932
0.0658862
0.0456014
0.0797932
0.320797
0.196206
0.221174
0.0793063
0.0548724
0.0920693
0.0716984
0.27455
0.31478
0.225912
0.0656496
0.0803743
0.0645877
0.0649121
0.153372
0.207017
0.0530804
0.119247
0.0808031
0.0723415
0.0803073
0.0686448
0.0847461
0.417534
0.0942322
0.0596468
0.0520446
0.119602
0.0766923
0.0760627
0.0707153
0.0350427
0.119831
0.302277
0.083258
0.232357
0.0860723
0.0498518
0.0818811
0.155348
0.0800438
0.050201
0.108312
0.111891
0.0436477
0.173991
0.139128
0.222753
0.100617
0.0935742
0.0427759
0.0565723
0.320866
0.0748602
0.509322
0.108911
0.0602186
0.0520484
0.0608292
0.121041
0.0800703
0.0502353
0.0809198
0.0785834
0.194237
0.0898791
0.205405
0.0572823
0.0942692
0.295071
0.102395
0.119213
0.0462309
0.0648677
0.0878022
0.0813881
0.0607697
0.0552214
0.0727614
0.0752279
0.0753835
0.0770399
0.0638496
0.0758138
0.0785206
0.0761952
0.0644817
0.0884615
0.0755198
0.101829
0.0783633
0.0809023
0.184059
0.0583968
0.0516413
0.121173
0.0696204
0.159446
0.0610592
0.0587031
0.070542
0.0483584
0.0764548
0.109002
0.0573262
0.0566578
0.0493634
0.130156
0.542733
0.0711125
0.0966551
0.410944
0.244952
0.181346
0.141487
0.0541637
0.0729914
0.260335
0.0523256
0.0796853
0.241048
0.0827312
0.0821315
0.062089
0.067475
0.0661135
0.0649286
0.0564505
0.0766171
0.0953137
0.0574832
0.0737399
0.316307
0.0832126
0.0663525
0.074226
0.116892
0.0654821
0.0782676
0.194949
0.0953123
0.0797814
0.057209
0.065416
0.066137
0.0596697
0.363309
0.122751
0.078533
0.372393
0.299814
0.362943
0.0876163
0.0744841
0.0826186
0.0646151
0.0811571
0.157333
0.0718527
0.0586878
0.0622466
0.148713
0.0662407
0.090136
0.14203
0.0704451
0.0651954
0.0983902
0.28198
0.0734015
0.0473887
0.223855
0.0567966
0.082812
0.074921
0.0779913
0.0442322
0.0472632
0.0445689
0.536507
0.0462049
0.106113
0.0557337
0.0504047
0.082476
0.0550111
0.0282923
0.153205
0.0798234
0.38427
0.0581144
0.0661859
0.0268698
0.0584011
0.182853
0.0676859
0.0789671
0.0450925
0.12267
0.0321902
0.066591
0.097617
0.0629101
0.0530796
0.0550118
0.0957113
0.292927
0.0722807
0.225535
0.0531333
0.0543844
0.0454743
0.166825
0.0462577
0.0861213
0.0733779
0.118386
0.23772
0.0727726
0.195715
0.262327
0.0351
0.0724935
0.0493689
0.281467
0.100908
0.0660803
0.0730954
0.0515072
0.0862482
0.146971
0.088479
0.436139
0.0618851
0.0757335
0.192276
0.0424358
0.0671179
0.152039
0.0622985
0.136774
0.0892602
0.326808
0.0845505
0.0772847
0.0978075
0.0470987
0.0622391
0.0519507
0.0903032
0.370672
0.0633567
0.0575292
0.480423
0.136156
0.0674867
0.216159
0.0598559
0.0743966
0.0598958
0.0637699
0.113823
0.0650891
0.0493525
0.0656747
0.0823849
0.106218
0.107569
0.0655503
0.0706516
0.0680178
0.0507744
0.0390419
0.112769
0.36795
0.0737995
0.0531173
0.0405034
0.529424
0.0391881
0.0742357
0.343689
0.0559104
0.0305113
0.0829435
0.313196
0.050367
0.0628265
0.062812
0.0739269
0.14336
0.0807047
0.0139922
0.158587
0.270191
0.0529054
0.166672
0.0827017
0.0676407
0.203418
0.040831
0.0816854
0.534569
0.0652665
0.0532509
0.071089
0.0633491
0.0753092
0.275965
0.0845798
0.121851
0.0553869
0.0664366
0.0549203
0.0458497
0.0607854
0.0858629
0.065032
0.0754354
0.0514967
0.062882
0.122575
0.0884628
0.0713728
0.0777904
0.0726901
0.0701149
0.062995
0.329846
0.0966492
0.0677981
0.0687338
0.0513513
0.274439
0.369808
0.304627
0.0777904
0.0643633
0.0925985
0.06537
0.0816892
0.132917
0.0771144
0.128542
0.056348
0.122231
0.0565754
0.0498105
0.085293
0.0512197
0.0441149
0.10235
0.135726
0.0445463
0.0990127
0.0626533
0.122077
0.437418
0.0667331
0.0822453
0.0899105
0.0764032
0.116685
0.227788
0.122425
0.0807632
0.0501791
0.0856989
0.0550369
0.0518453
0.0642567
0.043819
0.0714811
0.0640077
0.0713226
0.0675258
0.0609123
0.0505129
0.050471
0.170257
0.0919309
0.173549
0.232255
0.064327
0.058649
0.265385
0.0503545
0.0559727
0.0692232
0.0593157
0.165141
0.0691588
0.186489
0.446108
0.0633049
0.0905807
0.055481
0.0834263
0.0904166
0.123517
0.0627629
0.0814148
0.112383
0.08181
0.0639751
0.0676889
0.0499197
0.209916
0.0998854
0.0558255
0.139012
0.151449
0.0661797
0.0483462
0.0714052
0.0926464
0.0616523
0.0555504
0.101688
0.0595542
0.072461
0.0738387
0.0498025
0.0443675
0.0742666
0.128479
0.0883295
0.0822293
0.0426863
0.0866859
0.104551
0.0564314
0.076532
0.0607388
0.130818
0.233052
0.165022
0.0860831
0.0523759
0.104429
0.0399226
0.056544
0.0843557
0.207904
0.0760868
0.160331
0.108399
0.0787736
0.0957404
0.158582
0.120173
0.0724763
0.0767474
0.0556048
0.0602269
0.0581923
0.0598879
0.119066
0.0738872
0.0802069
0.0672208
0.0676328
0.065769
0.0693613
0.0558715
0.0859475
0.0481929
0.139282
0.282269
0.182676
0.138819
0.0667294
0.133119
0.251066
0.0885922
0.172049
0.0652255
0.400946
0.514083
0.285807
0.0675564
0.070592
0.0636743
0.0538993
0.0398416
0.174837
0.0862148
0.0566923
0.0288217
0.151069
0.505452
0.052971
0.129211
0.0691566
0.099513
0.0693428
0.0538981
0.0684735
0.0643978
0.0851003
0.0488944
0.473374
0.0467579
0.0794872
0.0789978
0.516919
0.067274
0.208916
0.0695852
0.0570687
0.0781709
0.220775
0.27453
0.290455
0.0781935
0.288163
0.0693238
0.0349437
0.101623
0.0829285
0.0833538
0.0792065
0.0822963
0.0970036
0.107537
0.0570824
0.0735375
0.0871422
0.432796
0.0508412
0.171438
0.0738803
0.0532384
0.402367
0.0551513
0.0565581
0.44828
0.129501
0.096064
0.0583301
0.0723535
0.102222
0.0501505
0.0767468
0.0654895
0.0491742
0.0597357
0.246516
0.17884
0.0706757
0.105688
0.0693563
0.0517542
0.0652266
0.0827052
0.0730057
0.0712894
0.0476924
0.0937035
0.054503
0.0527128
0.116882
0.302784
0.0531706
0.0878822
0.0680843
0.0792322
0.0714515
0.0780113
0.0742569
0.0715861
0.076923
0.0732241
0.139211
0.0601598
0.0747261
0.0748702
0.0374199
0.0463729
0.0725149
0.148985
0.272424
0.0518461
0.102384
0.0415501
0.0514783
0.0676402
0.0577045
0.057647
0.14335
0.0761333
0.0720597
0.0832374
0.0796369
0.0820175
0.294111
0.0819223
0.145059
0.328641
0.0962161
0.0884249
0.0675827
0.401027
0.0769819
0.0525327
0.0722781
0.0329171
0.0784868
0.0489949
0.154814
0.0543624
0.211683
0.112125
0.0795585
0.07969
0.107736
0.412118
0.0699773
0.0539714
0.0590235
0.433845
0.0570996
0.134249
0.108214
0.0717551
0.278136
0.14253
0.602113
0.189589
0.361533
0.0709178
0.168412
0.0789854
0.189422
0.302723
0.056985
0.0566193
0.142122
0.0759636
0.0745973
0.0780024
0.066833
0.0833704
0.168886
0.0601803
0.08881
0.0546774
0.0642651
0.295635
0.0446185
0.0478219
0.0505995
0.103258
0.0751852
0.0636473
0.0429208
0.0875407
0.0920932
0.0827877
0.080625
0.0474047
0.105085
0.056831
0.298054
0.0808433
0.218598
0.0675811
0.266403
0.0662236
0.0694549
0.0525129
0.183395
0.0746972
0.0980705
0.0848294
0.0936907
0.0833112
0.0791046
0.0563583
0.167963
0.059595
0.130334
0.0894944
0.137117
0.0573489
0.14653
0.309331
0.049768
0.0686408
0.278501
0.0886231
0.0624818
0.0656264
0.0645178
0.274815
0.0785192
0.136579
0.0757388
0.0705871
0.300355
0.164219
0.0539212
0.0663742
0.147109
0.176108
0.0284734
0.0596085
0.127725
0.133947
0.139693
0.0622519
0.0551964
0.0949265
0.0507292
0.440176
0.0492803
0.219024
0.0349046
0.082302
0.0548389
0.103421
0.0893981
0.532628
0.0663688
0.160527
0.0619267
0.0320044
0.074329
0.275358
0.0431937
0.116835
0.144085
0.0738233
0.0812927
0.200536
0.0911291
0.0530714
0.164759
0.0721732
0.112291
0.0602797
0.071304
0.058657
0.062092
0.15731
0.0824107
0.0721209
0.256812
0.0914727
0.0801379
0.0758222
0.0736792
0.0747211
0.360732
0.0417645
0.0815263
0.0557006
0.0445839
0.290209
0.189835
0.0739788
0.0584687
0.154833
0.0596116
0.0949594
0.0772713
0.105861
0.0759008
0.0483053
0.0800561
0.0586289
0.068852
0.106945
0.105399
0.152663
0.0529721
0.117739
0.20719
0.304155
0.0935777
0.0485131
0.1856
0.0626222
0.216802
0.136065
0.0497529
0.0986513
0.141837
0.070519
0.111473
0.0583757
0.065978
0.0357897
0.0729435
0.132951
0.10524
0.0953393
0.307712
0.0702653
0.0718011
0.081558
0.0670846
0.0979535
0.17057
0.37744
0.0935826
0.243396
0.0723813
0.0486663
0.0853992
0.098817
0.177571
0.10209
0.0913814
0.0731423
0.0427575
0.0749402
0.0580881
0.0779257
0.0802647
0.614638
0.0494622
0.0502142
0.0877862
0.180251
0.261748
0.0816361
0.10129
0.0911928
0.129047
0.0672423
0.126962
0.0407414
0.0773524
0.0494038
0.0566253
0.136858
0.0532312
0.150479
0.0563155
0.0565792
0.071089
0.0691056
0.0733272
0.0522525
0.0741439
0.080189
0.0788257
0.0895871
0.0649143
0.032973
0.128981
0.0708482
0.108531
0.14821
0.0554243
0.0662579
0.110594
0.250396
0.502949
0.41128
0.0847642
0.0626768
0.143484
0.0853714
0.106021
0.350554
0.465225
0.114582
0.0786361
0.217574
0.0699402
0.363292
0.104773
0.0571435
0.0388454
0.351812
0.0685759
0.0707591
0.124196
0.186316
0.0718254
0.0854885
0.148801
0.11833
0.0855231
0.0677121
0.0370271
0.220189
0.235469
0.113275
0.0949153
0.0907282
0.0656309
0.0607073
0.0495308
0.139397
0.0775181
0.137727
0.0929685
0.145419
0.135049
0.0528226
0.077053
0.297049
0.0736997
0.118087
0.0582687
0.0644293
0.14782
0.0504377
0.0924084
0.0666864
0.283998
0.238932
0.0567839
0.0862048
0.0420201
0.0560053
0.060965
0.0944832
0.0519117
0.0721996
0.0963721
0.14339
0.229612
0.0600165
0.0905597
0.241677
0.223937
0.0686903
0.0825942
0.111933
0.159529
0.0932693
0.0746787
0.143419
0.0872678
0.0575397
0.0954568
0.108571
0.06911
0.0475181
0.0856833
0.0803619
0.0712077
0.0713448
0.0724028
0.0711964
0.036693
0.123868
0.0483529
0.0832422
0.0776389
0.141353
0.0585635
0.0555196
0.458738
0.0661465
0.153065
0.202419
0.0532886
0.06196
0.0296269
0.0767594
0.047946
0.0865048
0.121885
0.0542405
0.091444
0.118484
0.107393
0.0655479
0.05564
0.0513274
0.0925706
0.068109
0.17612
0.0634633
0.335035
0.0808991
0.133198
0.0997628
0.0850171
0.0783836
0.0660233
0.124034
0.0532629
0.0808278
0.104499
0.0328584
0.0766819
0.128752
0.0840812
0.088131
0.169225
0.0583415
0.0798948
0.12631
0.061797
0.0665213
0.0620048
0.0867663
0.314109
0.117061
0.054442
0.0934503
0.0682418
0.161627
0.235775
0.05721
0.0889372
0.0758994
0.166833
0.0612712
0.0837539
0.0727688
0.0773042
0.0806542
0.073617
0.0748447
0.0730115
0.0563854
0.159208
0.0472125
0.0654825
0.0929761
0.0880541
0.0957679
0.237592
0.0920203
0.055998
0.0875177
0.103338
0.0692017
0.183563
0.143088
0.0748347
0.101021
0.177131
0.286663
0.167368
0.0709518
0.0529473
0.254815
0.101617
0.511108
0.0496408
0.0678019
0.0753572
0.070317
0.140754
0.0759518
0.0477697
0.14084
0.302923
0.0299608
0.336766
0.0659768
0.0497833
0.0668014
0.116621
0.04996
0.111402
0.18092
0.115195
0.318299
0.374798
0.155385
0.0945206
0.0763685
0.135239
0.12848
0.124489
0.0699304
0.0636658
0.0491449
0.0545248
0.0771137
0.138025
0.0651951
0.0802883
0.0451253
0.0618684
0.0922944
0.255912
0.0746105
0.0621187
0.0695924
0.0459975
0.0436054
0.072545
0.0618637
0.133992
0.127708
0.0745195
0.158321
0.0564084
0.269528
0.265706
0.0755088
0.0515168
0.0737427
0.0376194
0.0411584
0.101959
0.180691
0.0628629
0.0729368
0.304912
0.0950548
0.0475256
0.0710919
0.126867
0.0668836
0.578825
0.0539522
0.0783292
0.0532244
0.0398207
0.0720058
0.296146
0.237113
0.438941
0.0714128
0.0702799
0.0511999
0.0520868
0.0700242
0.103893
0.107656
0.209689
0.0861505
0.200916
0.0415384
0.149429
0.11211
0.0761088
0.0710831
0.0396283
0.0681588
0.0653185
0.233841
0.0700489
0.0581754
0.0650887
0.0841175
0.131522
0.0758372
0.0845575
0.203555
0.0745216
0.031301
0.0760113
0.111305
0.366997
0.492952
0.0621655
0.0634962
0.0700771
0.0421412
0.060853
0.067915
0.0667942
0.265321
0.104939
0.0241869
0.113929
0.063124
0.246859
0.0657238
0.191598
0.0827756
0.180243
0.0817945
0.0530524
0.328891
0.0637589
0.0498558
0.0601613
0.0881927
0.0794
0.152398
0.105352
0.0616245
0.0497483
0.0858342
0.0583261
0.0449468
0.117864
0.157742
0.0509354
0.0727704
0.0629921
0.052578
0.0895787
0.130408
0.0977259
0.0707189
0.102748
0.0785254
0.0581946
0.0312588
0.0785127
0.0587926
0.0746584
0.0433877
0.0564347
0.066408
0.0672671
0.0560342
0.143084
0.023973
0.123767
0.135862
0.237335
0.10668
0.203622
0.367873
0.0727741
0.0650702
0.04802
0.073969
0.0870772
0.0900097
0.0661513
0.48448
0.0575861
0.0969014
0.0525206
0.0580049
0.047289
0.0524836
0.0576212
0.100786
0.474819
0.0761772
0.350676
0.0687183
0.181771
0.0893156
0.101206
0.0388831
0.0747831
0.119241
0.0733366
0.174149
0.0574414
0.0728295
0.0749674
0.0876004
0.0809709
0.0575644
0.420368
0.0755117
0.0685027
0.179402
0.0847118
0.0719879
0.0802286
0.219012
0.0639612
0.149054
0.0893536
0.0564546
0.059596
0.0553972
0.0557057
0.0868808
0.0582776
0.119426
0.0836345
0.518111
0.0811355
0.137718
0.0781727
0.229114
0.0589818
0.0752222
0.120661
0.0719263
0.188223
0.0632522
0.0647401
0.0850959
0.0787998
0.067213
0.0768872
0.130705
0.080466
0.0469148
0.101081
0.048545
0.0371756
0.0601689
0.0574032
0.0423102
0.0559234
0.102187
0.551065
0.0749554
0.067767
0.0559547
0.0718993
0.0746838
0.0684756
0.0393717
0.116738
0.052386
0.0932344
0.206694
0.198544
0.153866
0.0683452
0.169695
0.0735469
0.177994
0.0682171
0.0656031
0.070327
0.0727207
0.0467406
0.0617514
0.0710966
0.0933749
0.0754613
0.186879
0.104801
0.142025
0.0566653
0.0690435
0.115815
0.29274
0.364341
0.110525
0.107256
0.0832725
0.112362
0.0598431
0.0522254
0.0627175
0.042291
0.565062
0.375034
0.20075
0.330234
0.256591
0.0732811
0.687492
0.247263
0.102983
0.0852898
0.0680841
0.091107
0.0907845
0.301802
0.0677197
0.0699676
0.0592181
0.166244
0.0715681
0.0748695
0.0879845
0.0628328
0.154742
0.0708311
0.256874
0.0949566
0.0629326
0.205409
0.0585664
0.0635153
0.0832866
0.092756
0.084038
0.0587103
0.0910464
0.066869
0.144595
0.0834717
0.063185
0.0372962
0.0864982
0.060058
0.119878
0.198485
0.231687
0.159873
0.059178
0.0718722
0.0610796
0.0595869
0.0879239
0.0464412
0.432395
0.0928175
0.0673475
0.0615864
0.585088
0.106527
0.0510249
0.0934832
0.044567
0.0854729
0.0775576
0.114519
0.0597983
0.175087
0.0498876
0.0709512
0.17902
0.0917119
0.293158
0.321914
0.0878935
0.0686116
0.0550079
0.0754423
0.445614
0.131903
0.100722
0.0904781
0.078376
0.0531078
0.0407796
0.32198
0.108834
0.0703756
0.0683994
0.0884961
0.116596
0.111677
0.0934274
0.0693763
0.189528
0.191167
0.0703812
0.344196
0.497113
0.0729525
0.102463
0.100425
0.116697
0.0647974
0.347165
0.0645637
0.0489081
0.0881528
0.0743418
0.279299
0.16807
0.051099
0.325718
0.0778162
0.0739346
0.118868
0.0579994
0.0614043
0.16267
0.0716205
0.1443
0.0541918
0.0527862
0.0745601
0.109085
0.0535514
0.126475
0.0316719
0.0523253
0.0835331
0.0703023
0.089671
0.0755256
0.116235
0.0391382
0.0611867
0.107964
0.0283925
0.0681451
0.0653751
0.0723084
0.064217
0.0399245
0.181306
0.0561812
0.0639969
0.344648
0.0364014
0.0502463
0.0708623
0.365253
0.179742
0.0505296
0.109888
0.392693
0.0459465
0.285573
0.0620715
0.0968453
0.0425827
0.210103
0.0753517
0.0687536
0.0483807
0.266119
0.0997191
0.0677061
0.545256
0.495792
0.209575
0.0659766
0.138053
0.0809191
0.0788506
0.0518839
0.0785929
0.0788105
0.0616219
0.0992444
0.238938
0.0650747
0.071645
0.0809018
0.0838833
0.059541
0.403104
0.0998705
0.259701
0.077879
0.100837
0.0922957
0.0663347
0.460565
0.0780694
0.0684784
0.0678827
0.147047
0.0513193
0.0595261
0.391786
0.104715
0.0929594
0.0583685
0.0868573
0.0966835
0.332425
0.0731815
0.0477031
0.0684438
0.0751151
0.0794383
0.0800368
0.0834788
0.0662704
0.0594397
0.0781488
0.103211
0.0472878
0.0940605
0.123422
0.0759047
0.0784221
0.0583992
0.0798574
0.547619
0.35359
0.0592958
0.242562
0.168313
0.0517529
0.0713732
0.497924
0.0472422
0.156755
0.0425593
0.189771
0.0566367
0.0973465
0.0653937
0.0518128
0.0668958
0.059817
0.0763829
0.0624155
0.115438
0.56251
0.0620947
0.0926614
0.0629172
0.174304
0.108326
0.1214
0.0841776
0.0946332
0.0692677
0.0701455
0.518898
0.0624895
0.0769542
0.101413
0.189186
0.392698
0.0918153
0.15969
0.0995341
0.0785735
0.141072
0.0623404
0.118588
0.069528
0.196107
0.078954
0.110881
0.0514038
0.0513913
0.0660297
0.0976466
0.08228
0.0672391
0.0750529
0.0787512
0.2001
0.0658911
0.258913
0.425673
0.0583404
0.0744805
0.0707689
0.0572636
0.117384
0.0985756
0.0653214
0.0249384
0.0772284
0.0809208
0.287489
0.0571555
0.17397
0.0626779
0.0597699
0.0787763
0.128529
0.400204
0.0692501
0.106299
0.238504
0.0812016
0.179043
0.10864
0.0885043
0.0728948
0.110316
0.0707035
0.171774
0.0864724
0.276262
0.0886736
0.0690338
0.0735028
0.0380542
0.0478848
0.0866598
0.090577
0.0953834
0.0906123
0.0728564
0.330288
0.059048
0.0537696
0.0789761
0.0907868
0.111344
0.0788976
0.346795
0.117426
0.0767662
0.0652712
0.122462
0.0522697
0.165853
0.0616561
0.0569051
0.268069
0.105644
0.0633351
0.100062
0.108074
0.0857386
0.139199
0.344496
0.123422
0.0687756
0.0652165
0.0777994
0.0621292
0.315534
0.0432457
0.183414
0.0697829
0.0796417
0.0680061
0.181112
0.0649301
0.05567
0.0818434
0.0762582
0.104749
0.146922
0.0697837
0.200529
0.263964
0.0874855
0.0796892
0.0934083
0.0516123
0.0584102
0.0664792
0.0424181
0.318159
0.0610248
0.208847
0.0574747
0.149045
0.208984
0.0969917
0.170748
0.0858074
0.204316
0.404723
0.23583
0.0729751
0.0729309
0.0639585
0.0763537
0.0625946
0.231204
0.0606832
0.067987
0.0522921
0.0734733
0.0819914
0.0801695
0.140866
0.0520111
0.0539803
0.113891
0.0473862
0.26181
0.163758
0.0766581
0.0931651
0.0679302
0.115062
0.0653156
0.0611484
0.0951595
0.0641714
0.0524602
0.137174
0.117585
0.0612182
0.589727
0.36151
0.210448
0.125214
0.0854272
0.0587443
0.0622144
0.571863
0.060868
0.106022
0.0771798
0.0709765
0.228621
0.12874
0.0591445
0.0854082
0.0506659
0.499124
0.057264
0.064467
0.0740916
0.086755
0.0955303
0.0620864
0.110759
0.0441128
0.055149
0.0851285
0.069058
0.0539757
0.0897486
0.0557671
0.0730495
0.186913
0.229373
0.0668849
0.0990397
0.113166
0.0394009
0.0831397
0.117266
0.074646
0.0932911
0.0683555
0.0519809
0.320028
0.0751702
0.0873395
0.0973999
0.151688
0.0448446
0.0675565
0.139388
0.0589687
0.0824907
0.0710735
0.0662212
0.0674855
0.0496268
0.0720537
0.156816
0.0697739
0.0632393
0.0610857
0.0866145
0.113226
0.0740434
0.0475101
0.0882807
0.0902844
0.105474
0.0621461
0.166672
0.0561357
0.0776648
0.0715496
0.0577087
0.0454102
0.0777282
0.0643338
0.177373
0.0725299
0.0739902
0.276055
0.0766886
0.302461
0.0983652
0.0542755
0.0425987
0.0625655
0.062174
0.0739245
0.140201
0.186269
0.392657
0.0777791
0.0822079
0.0925691
0.105069
0.0963421
0.0813467
0.0969273
0.0545298
0.0681689
0.0699696
0.0728692
0.10604
0.0612496
0.115234
0.0571057
0.115428
0.0746695
0.0403586
0.131928
0.149402
0.0931602
0.372416
0.0342666
0.0654417
0.0457564
0.122585
0.0882202
0.0838259
0.124581
0.0757003
0.0741519
0.143345
0.0794684
0.351411
0.0769451
0.173652
0.114437
0.158569
0.0722912
0.0680805
0.0648505
0.0675223
0.319609
0.177379
0.229614
0.0633992
0.0401645
0.0622117
0.0646994
0.0772
0.125232
0.0602203
0.0897447
0.176172
0.0567336
0.0720761
0.228735
0.0715827
0.0966451
0.617456
0.0933231
0.138298
0.0611448
0.115859
0.641285
0.0339076
0.0558278
0.0429851
0.120877
0.643162
0.585764
0.0971567
0.0827958
0.0717965
0.0978615
0.0421593
0.056125
0.133327
0.0956968
0.0798802
0.0951741
0.2054
0.0762411
0.119863
0.0777679
0.077824
0.0562619
0.116039
0.0612943
0.072464
0.0768187
0.127552
0.0961385
0.046865
0.0415552
0.0555179
0.07076
0.0991365
0.0947581
0.0866077
0.0456936
0.0833338
0.38692
0.0467966
0.0689126
0.205695
0.0711072
0.0592378
0.361046
0.0739104
0.10169
0.124231
0.0760738
0.060382
0.0914045
0.0522859
0.0846088
0.144997
0.0637701
0.560068
0.328248
0.0853438
0.178474
0.0681012
0.0586081
0.0816591
0.0390679
0.0859865
0.139562
0.40544
0.0593084
0.0693338
0.0607288
0.125587
0.0761138
0.100796
0.395664
0.0454328
0.180292
0.213133
0.0812035
0.0766488
0.0621446
0.0462206
0.0704992
0.0958396
0.153002
0.0658466
0.0755171
0.0822892
0.0891237
0.260919
0.0552332
0.109123
0.0393693
0.19369
0.0886143
0.0618255
0.508674
0.130179
0.10428
0.063736
0.0689145
0.123173
0.0701445
0.0948759
0.255081
0.0974771
0.10973
0.0409674
0.0509051
0.0487877
0.371344
0.284033
0.103339
0.0896302
0.0428441
0.178044
0.0774822
0.440041
0.436092
0.0718899
0.293026
0.0844517
0.219154
0.0860503
0.0575537
0.267536
0.172457
0.0702761
0.0456631
0.0547644
0.0409564
0.12726
0.0991024
0.119736
0.11805
0.0225434
0.121056
0.270487
0.0672223
0.130317
0.060776
0.0828087
0.0956587
0.0778698
0.06127
0.0600195
0.0627036
0.0972284
0.231394
0.0935316
0.062877
0.331852
0.0908056
0.100109
0.0580416
0.0818785
0.0232644
0.292616
0.0692768
0.0745343
0.0656345
0.108085
0.0626813
0.177041
0.115209
0.0596669
0.20214
0.0606474
0.0673287
0.170426
0.0260181
0.066227
0.0799136
0.08489
0.429647
0.0881113
0.205859
0.101883
0.0703249
0.0605045
0.0836336
0.126816
0.183906
0.0668519
0.0426648
0.0595224
0.0651599
0.0861305
0.0595224
0.0546049
0.143185
0.0977982
0.107848
0.149314
0.232715
0.0793931
0.0654624
0.0312891
0.0443925
0.106055
0.0710553
0.088485
0.0485156
0.082005
0.0451804
0.138446
0.0797343
0.0537319
0.0685007
0.0785931
0.0721498
0.0760542
0.0491042
0.0980825
0.0838754
0.0548507
0.0814036
0.0774331
0.0478315
0.0622531
0.144056
0.0858525
0.56349
0.0365456
0.150699
0.0744209
0.0305328
0.07158
0.101193
0.0757911
0.133218
0.0851923
0.153305
0.0498517
0.0675348
0.0452507
0.0734138
0.0831099
0.0868314
0.157093
0.0715938
0.0551526
0.0833834
0.0696763
0.206174
0.201193
0.344967
0.317758
0.0618107
0.0488094
0.291582
0.214979
