0.017511
0.00929197
0.0352574
0.041928
0.0570062
0.0254885
0.017711
0.0370088
0.0545838
0.0700759
0.0397815
0.00356244
0.0820177
0.0305904
0.0633247
0.04238
0.00694956
0.0422665
0.0146742
0.0193015
0.0285848
0.0543241
0.0151489
0.0321086
0.0385996
0.0137934
0.0533547
0.0573874
0.0567872
0.0417433
0.0679669
0.0526155
0.0097553
0.0192003
0.0340212
0.0388779
0.0111412
0.0460604
0.054587
0.0115155
0.0104374
0.0481481
0.040792
0.0750812
0.0199754
0.0617317
0.0738305
0.0341364
0.0422958
0.0501914
0.0391796
0.0127631
0.0432602
0.0393362
0.0317192
0.0464184
0.134753
0.0358155
0.0173924
0.0648941
0.00130868
0.0349574
0.080774
0.0506115
0.0555335
0.00277162
0.0281183
0.0780878
0.0636536
0.0484213
0.0476994
0.0191625
0.0881978
0.0321125
0.0535108
0.0196115
0.033932
0.0566723
0.0406736
0.0793143
0.0785321
0.0235312
0.0111846
0.0554456
0.00282948
0.0844441
0.049626
0.0157916
0.0647809
0.0199617
0.0571037
0.0199874
0.0344414
0.0209254
0.0133802
0.0444174
0.0606935
0.0684195
0.0207615
0.0924992
0.0559398
0.0411477
0.0525396
0.0289262
0.0985841
0.0936634
0.065807
0.0318148
0.0198244
0.0635524
0.0230297
0.0378159
0.0433247
0.0408027
0.0334805
0.0242496
0.0550391
0.0451252
0.03365
0.056085
0.0141252
0.0652688
0.0149187
0.0287398
0.0226811
0.0384643
0.0276162
0.0404256
0.0175912
0.0118711
0.0213869
0.0293559
0.00121194
0.0512148
0.034196
0.0177447
0.0121579
0.00124229
0.113198
0.0407727
0.0719191
0.0294442
0.035032
0.000764916
0.00791639
0.0439271
0.0253737
0.106568
0.0569275
0.0705142
0.0425506
0.0313133
0.0523754
0.0447696
0.0204305
0.0201188
0.0472286
0.042899
0.0386143
0.0196839
0.0434985
0.0393935
0.0392289
0.0176492
0.0364524
0.0332807
0.0925156
0.053858
0.026508
0.130473
0.0559732
0.0544729
0.0723873
0.0394096
0.00116173
0.0702291
0.00280742
0.0615408
0.0628747
0.015388
0.0697157
0.0497433
0.0377078
0.0715666
0.0434878
0.0934502
0.0635379
0.0437652
0.0260479
0.0373776
0.0130377
0.0972685
0.000642849
0.0942239
0.112379
0.0209201
0.0354497
0.00240516
0.0181039
0.0646143
0.0192979
0.00185954
0.0148072
0.0547918
0.0645954
0.0453081
0.0127332
0.0351046
0.0542899
0.0207408
0.044259
0.0228468
0.0713663
0.0151563
0.00376351
0.0352742
0.0407639
0.00227861
0.00757126
0.0555057
0.0520205
0.0032768
0.03148
0.014993
0.103709
0.121333
0.0785944
0.0102587
0.0524978
0.0405895
0.0347876
0.0304046
0.036582
0.0554739
0.0525354
0.053176
0.0460716
0.0351781
0.029574
0.0312539
0.085531
0.0845851
0.0121091
0.036239
0.011555
0.0023269
0.0482599
0.0794247
0.0233659
0.0392946
0.0432219
0.0891804
0.0529075
0.00141404
0.036259
0.034433
0.0262226
0.0208514
0.00263283
0.0425481
0.0617055
0.0400085
0.0390258
0.0548385
0.0383182
0.0234043
0.0495563
0.0469456
0.0170129
0.0223488
0.0457403
0.0363582
0.0841895
0.0277232
0.0332275
0.0239258
0.0536215
0.025438
0.0654868
0.0363887
0.0665842
0.0237006
0.126829
0.0675208
0.056399
0.0505724
0.0515024
0.013067
0.0440095
0.10613
0.0136597
0.0890342
0.0314367
0.0637399
0.127913
0.0338954
0.0498831
0.0686569
0.0436844
0.0957057
0.0647253
0.048665
0.0126857
0.0301774
0.0980514
0.122884
0.0203868
0.0647809
0.00301614
0.00721098
0.0311394
0.0355393
0.0325091
0.0389669
0.0515828
0.0184514
0.10392
0.00180852
0.0801895
0.0430143
0.0306894
0.0506251
0.161497
0.021619
0.0736765
0.0190154
0.0459023
0.0693716
0.0210208
0.0257976
0.00261821
0.0313563
0.056495
0.0352225
0.0246424
0.127531
0.0316472
0.0884546
0.0383114
0.0573417
0.0752603
0.0139948
0.0548088
0.0333625
0.00323054
0.0241235
0.0398101
0.0831986
0.021668
0.0663187
0.0526596
0.003192
0.0348461
0.132237
0.0807708
0.0773243
0.0492284
0.0451546
0.0308226
0.0574535
0.0550226
0.0446647
0.0183484
0.0776673
0.0499782
0.0547787
0.0551497
0.18337
0.0547357
0.0462817
0.138088
0.0775944
0.00743648
0.0218267
0.0561767
0.0619797
0.00329258
0.0286393
0.0289847
0.0389148
0.0573299
0.0417775
0.0179964
0.0275426
0.0849836
0.034523
0.0401758
0.051981
0.039961
0.0580675
0.0371936
0.0454992
0.0834027
0.0620213
0.0557977
0.130498
0.0625777
0.119961
0.0471093
0.0120231
0.0176565
0.0624817
0.026144
0.0638561
0.00710608
0.0159995
0.0723606
0.0261201
0.0083515
0.00587567
0.00846064
0.0521922
0.0645657
0.0553037
0.0567582
0.00215513
0.0651221
0.0562941
0.0474449
0.0904468
0.0226877
0.0637857
0.0229166
0.0546054
0.09807
0.0205813
0.0307228
0.0250605
0.0590509
0.0586588
0.0334288
0.0307736
0.0360017
0.0980923
0.0985281
0.0372514
0.00790153
0.0837925
0.00692052
0.0833473
0.0876541
0.0273908
0.0627308
0.0963825
0.0519838
0.0597172
0.0279957
0.0258069
0.0489411
0.0532801
0.00971323
0.0126173
0.0541858
0.0478675
0.00448467
0.0660328
0.0689876
0.0416857
0.0170926
0.0373898
0.0527231
0.0516297
0.0417337
0.0498024
0.0279293
0.0298158
0.0576883
0.0522759
0.0288607
0.020109
0.0404404
0.012242
0.0155129
0.0899469
0.0520835
0.0372971
0.0282481
0.0704091
0.0632283
0.0248245
0.0518525
0.0336235
0.0144917
0.0243853
0.0590008
0.00320319
0.0481207
0.0332768
0.0229906
0.0572926
0.084197
0.038069
0.0148588
0.0461246
0.0480479
0.03869
0.0423257
0.0453013
0.0507328
0.080149
0.0527453
0.024454
0.0193459
0.0610069
0.0398722
0.00883937
0.0192957
0.0370934
0.032762
0.0366521
0.0700396
0.0167222
0.0185839
0.0813924
0.0153316
0.0751779
0.0171074
0.0250634
0.0391815
0.0260822
0.0245416
0.0949318
0.0215248
0.0389632
0.0158258
0.075368
0.0459439
0.043341
0.118025
0.00876683
0.0290026
0.00129027
0.0359784
0.056268
0.0353269
0.0390952
0.0440874
0.0833114
0.0303417
0.0307283
0.0257248
0.0179357
0.0165425
0.0184487
0.0438047
0.0332664
0.0422997
0.0455821
0.0491968
0.0505983
0.0584578
0.0554377
0.0135533
0.015511
0.0816462
0.0710725
0.0503432
0.033876
0.0456424
0.042673
0.088498
0.0487357
0.0900092
0.0346698
0.0948074
0.0290087
0.06757
0.01338
0.00770234
0.0562115
0.0233661
0.0417371
0.041816
0.0239545
0.0296374
0.109213
0.0698457
0.0472223
0.0829434
0.00229537
0.000634205
0.0417476
0.06339
0.0535878
0.0530083
0.0557118
0.0155026
0.029794
0.00986123
0.0363043
0.0340923
0.123056
0.0405247
0.0390306
0.0208341
0.00539925
0.0025047
0.0676894
0.0254181
0.0330018
0.0699162
0.0536674
0.0257104
0.0830472
0.0417956
0.0187377
0.0228666
0.00244111
0.0575599
0.0472358
0.00544282
0.0257139
0.020006
0.0507358
0.0229725
0.00301751
0.0276295
0.0670812
0.0397597
0.0503699
0.0436893
0.0327307
0.056005
0.0320587
0.0572633
0.00921303
0.0604039
0.0112301
0.0795469
0.0704394
0.0313735
0.0386925
0.0488678
0.0636234
0.0229323
0.023679
0.0598512
0.0335337
0.0572717
0.110915
0.0806819
0.0211663
0.0262113
0.00733398
0.0290888
0.0506368
0.0273742
0.00455187
0.0520523
0.129487
0.049242
0.0141626
0.0259327
0.0583879
0.0822538
0.0776619
0.00334637
0.0488739
0.0413171
0.0378597
0.0787174
0.0677942
0.0398596
0.0562217
0.0739332
0.0322978
0.0481398
0.055069
0.0291392
0.0938056
0.0240614
0.0161171
0.018334
0.0526411
0.0343806
0.0313139
0.00158841
0.067688
0.0621744
0.0465283
0.0667541
0.093452
0.0482541
0.0536334
0.0156628
0.0604547
0.0491969
0.059383
0.0266516
0.0152372
0.0677655
0.046496
0.0161337
0.0265914
0.0206803
0.0239588
0.0208552
0.0845263
0.0518218
0.024339
0.0283929
0.0176451
0.0500421
0.0404975
0.0622718
0.0480444
0.0291963
0.0114585
0.0479372
0.00937645
0.0460836
0.0746963
0.00338763
0.035567
0.0602187
0.0113187
0.0361495
0.0516226
0.0378974
0.0672816
0.023882
0.0485932
0.0123822
0.063651
0.0861469
0.0255924
0.0362095
0.0884799
0.0805786
0.0211969
0.0213663
0.049709
0.0209303
0.0453071
0.0495668
0.0158029
0.0772504
0.0250631
0.0463088
0.0485693
0.0504427
0.0324658
0.0476219
0.0884769
0.0706443
0.0508785
0.0799748
0.0306686
0.0538562
0.0376838
0.0285423
0.0136267
0.00306786
0.0293736
0.0304473
0.0257186
0.0147561
0.045425
0.0606995
0.00320473
0.0257934
0.0546199
0.076559
0.0500529
0.012
0.0107542
0.0322271
0.0269667
0.0331291
0.015133
0.0343896
0.0392565
0.0425676
0.0622632
0.0347456
0.072387
0.00319723
0.0420197
0.023744
0.07614
0.0622711
0.018131
0.037351
0.0417433
0.0700809
0.0377726
0.054261
0.0794899
0.065854
0.0371994
0.0679933
0.0336944
0.079784
0.00207752
0.0800834
0.0493584
0.0292633
0.00235976
0.0804855
0.0147281
0.0496909
0.0530209
0.0474258
0.0218412
0.00225706
0.0313618
0.00243154
0.0475211
0.0375562
0.15069
0.052646
0.0467118
0.0448741
0.0211841
0.0927107
0.0492928
0.113168
0.0138139
0.0479548
0.0330169
0.0141918
0.0657253
0.0810331
0.0036025
0.026532
0.0175275
0.0345358
0.00297241
0.0207431
0.0947
0.090327
0.0568415
0.0673845
0.0189663
0.0462762
0.0444787
0.0224222
0.0253199
0.041992
0.081057
0.0776725
0.0499025
0.0312403
0.0589733
0.00116894
0.0718293
0.0639772
0.0381144
0.0109784
0.0292537
0.0461031
0.0505594
0.0458372
0.0576002
0.0681754
0.0282297
0.103605
0.0254089
0.0440445
0.0558726
0.0677437
0.0118167
0.0658488
0.0363532
0.0221184
0.0786904
0.0188156
0.0841389
0.0520005
0.0204695
0.0222871
0.0483442
0.0431557
0.0842862
0.0215425
0.00931684
0.0502418
0.0581683
0.0435601
0.0115473
0.0355838
0.0170436
0.0622948
0.0257384
0.0421062
0.0407434
0.0191047
0.0598167
0.0347665
0.0016008
0.0850765
0.0447657
0.0664351
0.0249524
0.0204918
0.0553353
0.0176011
0.0443396
0.0738088
0.0418187
0.0459759
0.0242263
0.0480884
0.0172726
0.0740601
0.0235216
0.00477596
0.0489652
0.0567222
0.0288679
0.0396522
0.0698332
0.0268406
0.0583354
0.0251871
0.0630577
0.0482886
0.0177756
0.0712253
0.041857
0.0371976
0.010104
0.0427018
0.105199
0.0242276
0.0197459
0.0393801
0.00463001
0.0137705
0.00476802
0.00946288
0.0690916
0.0468822
0.0126033
0.0396158
0.020061
0.0256805
0.0415531
0.00921861
0.0511563
0.0328825
0.0322752
0.0251996
0.035835
0.0648611
0.0404531
0.0547191
0.0360821
0.0152131
0.0274566
0.0464978
0.078373
0.0168623
0.0600939
0.0362995
0.0461568
0.0516853
0.00901458
0.00127772
0.0299844
0.037615
0.0387949
0.0137524
0.119099
0.0227486
0.0508947
0.0331505
0.0283293
0.0590531
0.0455416
0.0703908
0.0352504
0.0340591
0.0517571
0.0244213
0.0932741
0.0277225
0.0668741
0.0160566
0.0441686
0.00935797
0.0273517
0.0959155
0.0704238
0.035385
0.0208475
0.109985
0.0602284
0.0300073
0.0348526
0.0856862
0.0180349
0.0491109
0.0186643
0.0681225
0.0438811
0.0807232
0.0538571
0.0678476
0.037371
0.0351066
0.0673208
0.0281715
0.0347959
0.0465264
0.0340054
0.0212642
0.0525206
0.00207717
0.0345764
0.0532475
0.0326166
0.0308544
0.0135969
0.0930794
0.0227649
0.0547657
0.0705126
0.028569
0.0554749
0.00646037
0.00297724
0.0404668
0.0240005
0.0144603
0.0584816
0.0352518
0.0521035
0.0183257
0.0502685
0.0422656
0.0544055
0.0178819
0.0285253
0.0347307
0.129607
0.0284324
0.0174995
0.0331684
0.107493
0.0372105
0.0503904
0.0219082
0.0307838
0.0474921
0.107993
0.0266452
0.037939
0.0536477
0.0739381
0.128208
0.0405336
0.0575954
0.0144593
0.0355542
0.0573354
0.0547105
0.0496205
0.00335253
0.0189172
0.0349195
0.069845
0.0574155
0.0577015
0.083113
0.0457775
0.017953
0.0463791
0.0422369
0.0474486
0.0458181
0.0106154
0.0673639
0.0931882
0.0485209
0.039483
0.0401311
0.0151617
0.0079061
0.0283947
0.0527829
0.0522048
0.0796728
0.0461135
0.0229658
0.0378267
0.0463574
0.0296647
0.0465651
0.123731
0.0844823
0.062996
0.0377872
0.0397156
0.0410328
0.0246258
0.0355268
0.0217299
0.00101718
0.0741428
0.0587791
0.102274
0.0257676
0.0728191
0.0443428
0.00931254
0.0604999
0.0768166
0.0313731
0.0406215
0.062347
0.021379
0.0573538
0.0171261
0.0207975
0.0591033
0.0719934
0.0177894
0.0238199
0.0629298
0.0629018
0.0266013
0.0184165
0.0608295
0.0386859
0.0539652
0.0445033
0.0254616
0.0440117
0.0261926
0.0715111
0.0175331
0.0225872
0.0579691
0.0574789
0.0633366
0.0427669
0.0104003
0.0255638
0.0566513
0.00499798
0.050373
0.0251872
0.0636135
0.0416753
0.0180635
0.0902467
0.040722
0.029412
0.0470828
0.0246299
0.0341407
0.0452645
0.10077
0.0217979
0.0574205
0.0701488
0.0464585
0.0207421
0.00495805
0.079053
0.0293346
0.0625539
0.0548359
0.0252383
0.0204763
0.0412649
0.0389674
0.0831714
0.0704352
0.0332869
0.0500804
0.0636776
0.0366674
0.0215175
0.0540198
0.0482763
0.00326093
0.00704502
0.0547407
0.0722117
0.0149128
0.0684731
0.0241308
0.00549814
0.0321483
0.0516323
0.0746084
0.0286169
0.0232656
0.106501
0.052756
0.030186
0.0400166
0.00886089
0.0234218
0.0739243
0.0447737
0.109066
0.0410866
0.103277
0.0791361
0.0136369
0.0712737
0.0407059
0.0379045
0.0569865
0.0489595
0.0570573
0.0470283
0.043162
0.0429324
0.0134393
0.0190493
0.018251
0.0437914
0.0722445
0.0666956
0.0422308
0.069339
0.0749387
0.036958
0.065667
0.0400376
0.00125078
0.00433801
0.050858
0.0402405
0.069056
0.0994939
0.0330427
0.0365966
0.0506606
0.0398037
0.0491736
0.0135461
0.0466064
0.0366294
0.0328679
0.0421393
0.0227818
0.0275609
0.0612984
0.00735453
0.0358338
0.0346209
0.0662658
0.0546864
0.0363879
0.0336734
0.0529049
0.140007
0.0555937
0.0682251
0.0978097
0.0184291
0.0570339
0.0501351
0.0704626
0.13609
0.0438132
0.0398119
0.0503786
0.0537457
0.113811
0.0223101
0.0711847
0.0590755
0.0498022
0.0334082
0.0398988
0.044926
0.0084737
0.0297635
0.0206273
0.052515
0.0377861
0.03156
0.0315218
0.0246534
0.0307458
0.0476611
0.0244858
0.0399046
0.0417767
0.0248293
0.0677025
0.0394711
0.0598733
0.0115818
0.0249361
0.0162751
0.026268
0.0403486
0.0342628
0.0171192
0.0849603
0.0403098
0.0491611
0.0288782
0.010675
0.000459177
0.0271449
0.0613956
0.0206783
0.0554663
0.0481607
0.0202146
0.063556
0.0742377
0.0642307
0.0484323
0.0684928
0.0870779
0.035604
0.0300091
0.0123023
0.0348739
0.0779168
0.0101384
0.0869293
0.0531434
0.0562147
0.0249677
0.0633642
0.0141265
0.0408909
0.0847888
0.0255351
0.0288
0.0661735
0.0382549
0.036969
0.0147404
0.0169907
0.0377325
0.0649784
0.106404
0.0581904
0.099025
0.0471593
0.0293992
0.0027245
0.0490499
0.042577
0.0060511
0.0167712
0.00306597
0.00872878
0.0872117
0.0591851
0.0312455
0.0765689
0.0347174
0.0383135
0.0237923
0.0236715
0.0275426
0.0244067
0.0311946
0.027824
0.0114124
0.00169818
0.0429279
0.0425868
0.0223122
0.0376946
0.0370056
0.0315977
0.0921291
0.129713
0.03603
0.0696936
0.0274689
0.0632216
0.0272306
0.0541539
0.0944582
0.0501434
0.0288806
0.0376856
0.0401562
0.0499228
0.0574806
0.0602978
0.0262534
0.031604
0.0331628
0.0678973
0.0574971
0.0317047
0.0514462
0.0280807
0.0573069
0.0238921
0.0304982
0.0883437
0.0389228
0.0374618
0.0245936
0.0251773
0.0289311
0.0466861
0.00280856
0.0986009
0.0637739
0.100885
0.0545591
0.0500432
0.0251086
0.0201046
0.0353487
0.028071
0.0636582
0.0546889
0.0824256
0.00412774
0.0496249
0.0248717
0.0549131
0.0235938
0.0395894
0.026927
0.114687
0.111143
0.0281512
0.0601574
0.00286694
0.0273626
0.0589794
0.0218555
0.0598162
0.0472501
0.0403236
0.0201767
0.0204523
0.0374318
0.0437789
0.0354598
0.0383027
0.0379702
0.0713594
0.031895
0.0311051
0.067179
0.0442757
0.0916664
0.0347527
0.0289214
0.0394452
0.0477776
0.0547258
0.032808
0.0460328
0.0925023
0.00267026
0.0259346
0.033028
0.0391073
0.0367129
0.0036764
0.0276754
0.0170535
0.0244355
0.096628
0.0174374
0.0797263
0.0375501
0.0400824
0.0239079
0.019456
0.0446045
0.0434033
0.0461876
0.054893
0.0136538
0.00959969
0.0627127
0.0293525
0.0412505
0.0642763
0.052994
0.0338141
0.0180747
0.0697702
0.0418431
0.0292172
0.0835405
0.0322003
0.0182321
0.0125876
0.0278756
0.0336195
0.0862937
0.0259633
0.0651957
0.0448438
0.0151483
0.0630132
0.0233783
0.0464393
0.0239661
0.0294341
0.0331558
0.0501065
0.0339217
0.0536742
0.0677009
0.0715351
0.043865
0.0309592
0.0674464
0.0302379
0.0260445
0.0762841
0.0353582
0.0198386
0.0154451
0.0310112
0.0236199
0.0695588
0.0529642
0.0522455
0.0260302
0.0340887
0.0648921
0.0388655
0.0614163
0.0557153
0.0400998
0.0501626
0.0315237
0.0450661
0.020811
0.0674181
0.0435734
0.0414706
0.056632
0.0401872
0.0591247
0.0607837
0.0372308
0.0713469
0.0365656
0.040544
0.0232262
0.0737183
0.021235
0.0451738
0.0667626
0.0501029
0.068548
0.0225523
0.0687517
0.0134231
0.0542549
0.125062
0.0390354
0.0369685
0.0386128
0.147355
0.0407039
0.0478147
0.0486929
0.0750126
0.0602988
0.0745318
0.0225904
0.0298623
0.00811689
0.0906699
0.027173
0.0272203
0.0325934
0.0930088
0.00169613
0.027371
0.118116
0.0379699
0.0590451
0.0194121
0.00392796
0.0898843
0.0222831
0.0444483
0.0146444
0.0252514
0.040132
0.0016371
0.0355433
0.146355
0.0143761
0.0401958
0.0470458
0.0604821
0.0618649
0.0283633
0.0124001
0.0130105
0.0521467
0.0391219
0.0436315
0.0245696
0.0333701
0.0548916
0.076143
0.0368177
0.0473219
0.0166576
0.0364515
0.0450145
0.0692162
0.00968665
0.0358527
0.0307951
0.0398955
0.0197512
0.0405428
0.115229
0.021397
0.0510044
0.0247639
0.042954
0.0416224
0.00118632
0.0293873
0.0221473
0.0533143
0.0146918
0.00451878
0.0562561
0.134865
0.0223047
0.152653
0.0483557
0.0507784
0.0387888
0.0187604
0.0315203
0.104985
0.0307371
0.0805836
0.0463303
0.054172
0.0562971
0.00341755
0.0635207
0.00980651
0.0518684
0.0302021
0.00124812
0.0351045
0.00282457
0.0400327
0.0360198
0.075878
0.0504031
0.0855738
0.0483831
0.0463712
0.0251739
0.0449673
0.0142674
0.0513851
0.00212083
0.0431045
0.0312175
0.0401049
0.0427395
0.0244414
0.0145242
0.0598218
0.0176733
0.0718428
0.0670998
0.0378614
0.0800179
0.0217824
0.0524668
0.048561
0.0373539
0.025805
0.0266197
0.0439544
0.0305527
0.0178634
0.0608455
0.0784496
0.0712911
0.036071
0.0590288
0.072299
0.040717
0.0123585
0.0425601
0.0331339
0.057716
0.0203181
0.0614907
0.10264
0.0401377
0.00034755
0.0232293
0.0532445
0.00895239
0.0334169
0.0382819
0.0234937
0.00875712
0.0402327
0.0659328
0.0253232
0.0378628
0.00349719
0.0964963
0.0351419
0.0315899
0.0905335
0.0978548
0.0264643
0.0427518
0.0565335
0.0426847
0.0546303
0.0257247
0.0236996
0.0752137
0.0147021
0.0418939
0.0540352
0.0168845
0.0730988
0.0119679
0.0672469
0.0257785
0.012831
0.0639128
0.0534821
0.0574994
0.0250042
0.038056
0.0409779
0.0772143
0.0535745
0.053412
0.0457635
0.017818
0.0378671
0.0328773
0.0569006
0.040057
0.0338501
0.0650559
0.054358
0.0587586
0.044107
0.0353278
0.0505613
0.0408357
0.0395904
0.00211389
0.0389617
0.0536482
0.0496818
0.0912641
0.0307738
0.0380514
0.0140716
0.0270263
0.0481458
0.0617751
0.0115749
0.0244797
0.0208048
0.0256907
0.00235683
0.0500794
0.0658202
0.0284353
0.0119463
0.0557686
0.0435178
0.0368747
0.0437788
0.0315818
0.0192937
0.0696153
0.0438337
0.0283119
0.0175922
0.0329161
0.0364893
0.0660189
0.0188626
0.0304553
0.0282568
0.0491053
0.0369556
0.0307948
0.00294572
0.0789297
0.0396891
0.0368909
0.11284
0.0344406
0.03159
0.0134533
0.0466316
0.0129338
0.106377
0.0362118
0.0433191
0.00584612
0.0271437
0.0517173
0.0568117
0.0758056
0.0460307
0.0329709
0.0615963
0.0419296
0.00360336
0.0545909
0.0472203
0.0546113
0.0411646
0.134507
0.0122075
0.0508617
0.00238534
0.0501166
0.023712
0.0306136
0.0236666
0.0572005
0.116226
0.0583781
0.0576505
0.107703
0.0330961
0.00377964
0.0339555
0.129955
0.0353702
0.0294746
0.070962
0.0928099
0.0753728
0.030328
0.0580407
0.0282405
0.0454815
0.0594022
0.0351518
0.00093322
0.0411005
0.0356037
0.0254137
0.00522065
0.0177494
0.0565101
0.0623565
0.020842
0.0630335
0.0121921
0.0374307
0.0480461
0.059507
0.137264
0.0328668
0.0661414
0.035525
0.0426066
0.0139296
0.0261477
0.0256154
0.063846
0.0601954
0.0201586
0.0355835
0.0506568
0.0746362
0.0392754
0.0420878
0.0410138
0.0333233
0.0434456
0.00967236
0.00327119
0.0143681
0.045548
0.0139461
0.021168
0.079971
0.0339046
0.0321334
0.021999
0.0135514
0.0848784
0.0251513
0.0414881
0.0180215
0.0709619
0.058708
0.0390736
0.033661
0.0479855
0.0935422
0.0417899
0.0497365
0.0568005
0.0781
0.0558655
0.0700238
0.0574006
0.00928213
0.0343841
0.0296251
0.0365024
0.0677914
0.0434254
0.0170834
0.0171964
0.021891
0.0707018
0.0109643
0.0337698
0.0271125
0.0953143
0.00817512
0.0532745
0.0365926
0.0362145
0.0521077
0.0627098
0.0502118
0.0517009
0.0605904
0.0501033
0.00151747
0.0292876
0.0296755
0.0243806
0.00495198
0.0173656
0.0146278
0.062899
0.0390886
0.0415273
0.00139466
0.0818967
0.0573699
0.067798
0.0245535
0.0418251
0.0244072
0.0387395
0.0170634
0.117592
0.00414243
0.0487552
0.0542788
0.0629098
0.0697347
0.0262613
0.0681422
0.034746
0.0358652
0.00299183
0.0792098
0.0392757
0.0135432
0.0267176
0.0676663
0.0347168
0.0451099
0.00573828
0.0744697
0.0209377
0.0242065
0.0116023
0.0362877
0.0224149
0.0798441
0.0159841
0.026056
0.00742453
0.0525565
0.0821904
0.058527
0.0339087
0.065837
0.0378988
0.0139216
0.0978876
0.0522659
0.018318
0.0383954
0.100801
0.068224
0.0250834
0.012839
0.0231841
0.0551842
0.0131895
0.047228
0.00270907
0.027708
0.0823459
0.0245072
0.047163
0.0452376
0.0257044
0.0492867
0.0214528
0.0564802
0.0236615
0.0345914
0.0555065
0.064351
0.0430475
0.0213354
0.0362725
0.00252397
0.0207465
0.0609003
0.0246878
0.0274288
0.0570237
0.106424
0.0135489
0.0524154
0.031867
0.052241
0.0313623
0.0213072
0.026836
0.0401188
0.0388497
0.0451167
0.0548371
0.0610511
0.0571613
0.112153
0.0174562
0.0790867
0.0129383
0.0169557
0.0629953
0.0788836
0.0570018
0.075984
0.0809063
0.0237655
0.0457272
0.0369281
0.0375287
0.0323484
0.043737
0.0289251
0.0137579
0.0943342
0.0289981
0.0725239
0.096894
0.0198997
0.027993
0.041191
0.0131771
0.0146223
0.0263602
0.0140639
0.0193991
0.0265507
0.00211831
0.0268457
0.0603257
0.0399762
0.0565308
0.0834508
0.070535
0.0518699
0.0315235
0.0365501
0.0290625
0.0551703
0.0765996
0.0651254
0.0821315
0.0154112
0.00315362
0.11445
0.065648
0.0451443
0.0681019
0.00899309
0.0538721
0.00072157
0.0380224
0.0188721
0.0374003
0.00205563
0.0211715
0.0313795
0.046718
0.0238375
0.0346104
0.00336364
0.0404537
0.0201564
0.0212083
0.0163709
0.0781275
0.016652
0.0839256
0.059284
0.0195051
0.0311667
0.0670069
0.00982573
0.0752435
0.0525299
0.06835
0.0251378
0.120076
0.00239334
0.0587731
0.0928565
0.0624448
0.0334847
0.0241371
0.00297719
0.0398513
0.0406826
0.0759695
0.0481954
0.00173159
0.0155309
0.0367137
0.0495634
0.0432803
0.0479413
0.0820531
0.0150381
0.0229571
0.0636806
0.0262162
0.0249587
0.0672142
0.0293395
0.0012206
0.0507241
0.0309281
0.00807192
0.0400118
0.0811939
0.0171843
0.0391424
0.0295004
0.0312144
0.0880015
0.061525
0.0528516
0.0140045
0.0629394
0.0240992
0.0775487
0.00100621
0.0712367
0.0314978
0.0531522
0.0346794
0.0174826
0.112566
0.102737
0.0431251
0.0201725
0.0482144
0.0269592
0.0289089
0.0372933
0.141048
0.0322448
0.0349121
0.0233054
0.0410416
0.0205366
0.0868395
0.0186238
0.0442781
0.037554
0.0350252
0.0262837
0.0617309
0.0342731
0.0437319
0.0265586
0.0839235
0.0113507
0.0570103
0.0238103
0.0114709
0.0447855
0.0477398
0.061959
0.0997252
0.0967175
0.0475984
0.00553274
0.0383674
0.0552983
0.108013
0.0146248
0.0187604
0.0143445
0.066145
0.0895349
0.0373256
0.0384284
0.0544536
0.0304795
0.0848868
0.024925
0.0445654
0.00524149
0.0518131
0.125015
0.0590968
0.0028267
0.0632047
0.0633085
0.0706526
0.0879855
0.0436434
0.053775
0.0373371
0.0708944
0.0575521
0.026452
0.0290003
0.0344506
0.0479878
0.000501636
0.0766894
0.00157661
0.00168665
0.0520595
0.0272909
0.034442
0.0233058
0.0269326
0.0463081
0.00921379
0.00512399
0.0386931
0.075802
0.00291553
0.117032
0.0286409
0.0478939
0.0471236
0.0194261
0.0196891
0.0197076
0.0460801
0.0449446
0.0410475
0.0650387
0.0341795
0.0267793
0.102389
0.0431401
0.0335134
0.0610599
0.0401424
0.0408706
0.0514695
0.0925157
0.0415145
0.010151
0.0408477
0.043255
0.0221753
0.0233874
0.0772399
0.00730824
0.0273742
0.128377
0.06358
0.0383158
0.0471613
0.0424441
0.0490693
0.0784636
0.0551492
0.040241
0.0549734
0.0450507
0.0259908
0.0379799
0.0578391
0.0255228
0.022435
0.0335314
0.00409366
0.0620464
0.101281
0.0139415
0.0557161
0.0522736
0.0232982
0.071213
0.0218246
0.0282096
0.0219947
0.0543882
0.053765
0.00437423
0.0308152
0.0277128
0.0281078
0.0246738
0.0390797
0.0424711
0.013922
0.0108551
0.0203291
0.0342118
0.0173437
0.0373727
0.0484278
0.0490237
0.0583078
0.0480777
0.0157224
0.067333
0.0376593
0.0145928
0.0652658
0.024825
0.0328217
0.0664967
0.0370476
0.0395865
0.100756
0.047685
0.0414741
0.0167756
0.0637704
0.0138464
0.0275474
0.0410021
0.059103
0.0389448
0.0264546
0.035702
0.0183658
0.0184163
0.0805826
0.0663517
0.0861988
0.0378427
0.0430337
0.0502848
0.0419344
0.0344657
0.0504601
0.11034
0.052796
0.0531079
0.0242029
0.0471968
0.0346543
0.088501
0.0604786
0.0670251
0.0385751
0.0381143
0.046269
0.0878144
0.0521558
0.0431988
0.0396883
0.0147918
0.00219398
0.034389
0.0448324
0.0471257
0.0306856
0.0127522
0.0533699
0.0615913
0.0358355
0.0470417
0.0518981
0.0584856
0.0271451
0.0510974
0.00918739
0.0536062
0.0760458
0.0455503
0.0175974
0.0694049
0.097613
0.0701761
0.0452127
0.0521147
0.0696328
0.0432188
0.0513195
0.0799886
0.0276852
0.0686983
0.0561515
0.0305201
0.0178446
0.0283315
0.0218906
0.0502572
0.023497
0.0536215
0.0246305
0.0245028
0.0306296
0.0395751
0.0579192
0.0249462
0.046552
0.0449322
0.029463
0.0189158
0.00334336
0.0179871
0.0494467
0.0614913
0.0404752
0.00125544
0.0535063
0.0504317
0.0322206
0.00219749
0.0462825
0.05247
0.0895663
0.0408089
0.0621517
0.0538209
0.0330338
0.027668
0.0527603
0.0309221
0.0398867
0.0403064
0.0685439
0.0167677
0.0283447
0.0557472
0.0555619
0.0416835
0.0344321
0.0399615
0.0309437
0.0361826
0.0758555
0.0520551
0.00902779
0.0620165
0.07686
0.0753318
0.0027463
0.0434975
0.0862234
0.014187
0.0633294
0.0287413
0.0330927
0.0240144
0.0563231
0.0319325
0.0539189
0.0247704
0.0411535
0.0268396
0.0860545
0.00145721
0.0013973
0.0149902
0.0586351
0.0663549
0.0314232
0.0351014
0.0223377
0.0279504
0.0422709
0.027787
0.0542158
0.0251569
0.0594063
0.0530543
0.0764666
0.0515323
0.0598149
0.0487761
0.0659942
0.0935346
0.0504901
0.0681274
0.0244986
0.00173078
0.0509973
0.0426601
0.0651631
0.0403572
0.0253649
0.051613
0.117115
