0.0510228
0.046643
0.383833
0.0498433
0.0985834
0.0385172
0.337799
0.0820756
0.0369986
0.0535992
0.0972413
0.032954
0.0340974
0.353663
0.317583
0.0681431
0.0902616
0.143927
0.0349219
0.149369
0.0346939
0.042665
0.0481407
0.137162
0.0474134
0.0469518
0.0269198
0.467491
0.479377
0.0714674
0.0353022
0.224202
0.0709551
0.0395678
0.0328244
0.0571312
0.0529459
0.0655685
0.0926826
0.0915843
0.0822122
0.0475791
0.0353214
0.0788924
0.244197
0.0384077
0.043233
0.0868759
0.183864
0.163743
0.0401759
0.0816094
0.0412968
0.0336082
0.0710738
0.0309332
0.0394738
0.0802573
0.0400578
0.0490925
0.0738063
0.0378879
0.055731
0.0493559
0.0316903
0.053366
0.34165
0.0482112
0.0842541
0.0450474
0.06891
0.0516034
0.271326
0.0459981
0.0182333
0.101944
0.054013
0.0535377
0.0324652
0.0481711
0.0443947
0.0432027
0.0488316
0.140999
0.0549108
0.0676422
0.126587
0.165417
0.0884469
0.324397
0.061396
0.166204
0.0807265
0.0579723
0.0546983
0.220392
0.0495824
0.0986414
0.043592
0.0460329
0.163332
0.0825647
0.0379215
0.0544369
0.111906
0.0514056
0.317677
0.480117
0.141389
0.10299
0.0455464
0.0395289
0.0824575
0.10284
0.0725792
0.0714028
0.0446543
0.0819393
0.0449036
0.0539774
0.0471278
0.27237
0.0548966
0.070478
0.276079
0.0368969
0.0386373
0.0722485
0.0587044
0.252218
0.055626
0.0444841
0.0999765
0.43822
0.0358373
0.245521
0.0390662
0.0392716
0.047102
0.101699
0.0957706
0.0244722
0.0850968
0.15377
0.0309634
0.0716799
0.0471661
0.0924023
0.045788
0.0523959
0.0363457
0.0467174
0.0183906
0.0388041
0.0367169
0.0527623
0.0428328
0.0319104
0.300936
0.0629803
0.539973
0.0409332
0.053316
0.0473867
0.0564249
0.0875519
0.0423407
0.0445882
0.295481
0.0463854
0.193433
0.133368
0.0535184
0.043141
0.0734556
0.0369746
0.0954249
0.0656528
0.148397
0.0650114
0.0849042
0.0462768
0.133834
0.0478994
0.321667
0.0388804
0.047953
0.0472336
0.039456
0.0490999
0.0522439
0.0398607
0.0487838
0.0943468
0.268234
0.196922
0.0589594
0.0179114
0.0602204
0.0384609
0.376576
0.12663
0.0557281
0.475245
0.135995
0.188172
0.0699071
0.0505301
0.0418847
0.321238
0.0518904
0.0740412
0.0342087
0.0791647
0.0632149
0.0650614
0.164799
0.298521
0.0356219
0.172243
0.0599297
0.070377
0.0812461
0.0326967
0.171101
0.166706
0.0404226
0.0499595
0.0847592
0.101899
0.373116
0.150712
0.0453003
0.476464
0.0600141
0.0690252
0.120629
0.0423474
0.0567175
0.0437557
0.0685799
0.0576412
0.090099
0.293142
0.0527587
0.0732422
0.082379
0.0558941
0.0352423
0.073537
0.295945
0.0407315
0.0261924
0.308703
0.0741843
0.116821
0.0513656
0.0889451
0.113843
0.0486948
0.0357087
0.0723486
0.368998
0.0465077
0.0571654
0.0383678
0.0454554
0.0298634
0.0660113
0.216693
0.412767
0.0342304
0.0446066
0.0297298
0.131752
0.0742762
0.186662
0.0558355
0.144174
0.0350192
0.0424498
0.0856651
0.103555
0.0473588
0.185356
0.071575
0.103497
0.0722825
0.329936
0.382196
0.0833669
0.360576
0.0240847
0.129392
0.114452
0.0427175
0.0345488
0.118309
0.156006
0.141127
0.369168
0.0327398
0.0497618
0.0457043
0.369565
0.0425001
0.0653688
0.056678
0.0209821
0.0842733
0.379393
0.0787252
0.0347455
0.0438681
0.0638286
0.0641336
0.0841993
0.0892333
0.08323
0.0429849
0.0868869
0.0333356
0.282346
0.111321
0.2661
0.0378833
0.131345
0.0550739
0.0496256
0.0271438
0.224763
0.189738
0.0671327
0.194811
0.162416
0.0724099
0.0850338
0.0743727
0.0566513
0.0553489
0.037897
0.223981
0.124032
0.0635939
0.0480343
0.0546723
0.033176
0.0425635
0.066185
0.248902
0.162782
0.0710188
0.327389
0.0407559
0.147031
0.0473124
0.0672035
0.0602106
0.181988
0.0352767
0.0929869
0.0350375
0.112267
0.0773183
0.0477813
0.047141
0.0274509
0.0427503
0.0454751
0.0451148
0.0671035
0.0877721
0.19311
0.0455
0.119825
0.369491
0.0278464
0.045931
0.0554077
0.263147
0.24796
0.102981
0.130274
0.161112
0.104993
0.0838733
0.241734
0.0481486
0.0499942
0.0313938
0.0400842
0.0532737
0.070867
0.175893
0.0199114
0.0725811
0.0860244
0.101175
0.323252
0.0442394
0.0414845
0.0512681
0.0450763
0.0420935
0.117564
0.302504
0.194366
0.029631
0.0424154
0.028649
0.0432322
0.0475264
0.0408004
0.183518
0.0581376
0.116204
0.0902613
0.0554863
0.0498751
0.0518029
0.0332191
0.0387325
0.0462191
0.132772
0.0397645
0.0450897
0.0813572
0.216152
0.0593132
0.0534675
0.184702
0.16145
0.0511123
0.291298
0.114751
0.173934
0.0484868
0.30477
0.0221896
0.281726
0.0412476
0.6439
0.0560063
0.0537262
0.163403
0.0447721
0.0370204
0.138358
0.0862983
0.240789
0.271701
0.0716797
0.0560745
0.0695139
0.162116
0.148439
0.329678
0.0342632
0.185088
0.0411968
0.100361
0.0420635
0.159231
0.322311
0.032867
0.0419939
0.246083
0.0387374
0.0522466
0.0500981
0.0563996
0.381383
0.134056
0.150822
0.0498129
0.171535
0.0250861
0.248297
0.0534544
0.047577
0.190158
0.265578
0.165322
0.0508181
0.370962
0.0412354
0.0354594
0.299198
0.0838856
0.0585251
0.0431242
0.0402577
0.0616078
0.0336739
0.0340669
0.0831998
0.112125
0.0699364
0.0487533
0.21465
0.218827
0.0467589
0.0904884
0.0522972
0.135231
0.0830243
0.0765634
0.0404977
0.0551704
0.0356245
0.0539867
0.0436932
0.03623
0.0426271
0.42317
0.107837
0.0540647
0.0442493
0.160059
0.033217
0.0416457
0.034057
0.186588
0.05549
0.027183
0.165515
0.0701324
0.0383363
0.0504309
0.0435435
0.0248118
0.044474
0.101628
0.412987
0.0976663
0.256186
0.105135
0.566281
0.0711725
0.108434
0.0583618
0.0423281
0.0630752
0.331295
0.101661
0.0809255
0.0537934
0.0458047
0.0344852
0.0373305
0.0314009
0.28448
0.0547108
0.0786578
0.092635
0.107473
0.286748
0.0305828
0.0813665
0.0614387
0.0583199
0.0488012
0.0431207
0.0273481
0.123543
0.0540059
0.135256
0.0489649
0.181891
0.0437627
0.14518
0.0491409
0.0873956
0.044806
0.0262846
0.263636
0.416523
0.0898773
0.0221271
0.0778516
0.0426899
0.0373308
0.0447703
0.0385079
0.0544991
0.0355261
0.204625
0.117328
0.108404
0.0284699
0.0516692
0.21191
0.0440439
0.0324979
0.0991338
0.0501964
0.0284083
0.0412998
0.111837
0.0533899
0.0404215
0.0408895
0.0307757
0.59499
0.253274
0.0341087
0.0450984
0.0715503
0.10913
0.153656
0.0444504
0.155826
0.101956
0.177413
0.0856215
0.0362376
0.0961346
0.186893
0.0314301
0.0518676
0.0547504
0.0482176
0.0259923
0.0912395
0.118035
0.109453
0.0589768
0.170847
0.0918512
0.0518285
0.125673
0.143725
0.0380987
0.0644057
0.0378006
0.0359697
0.0966663
0.0664724
0.0450923
0.263665
0.0877564
0.358626
0.254527
0.0571301
0.0317302
0.0449222
0.0596196
0.192575
0.0573288
0.0348233
0.25385
0.121978
0.0676748
0.0769302
0.0334827
0.0299034
0.300648
0.0534178
0.0654375
0.107315
0.0803173
0.0657069
0.053439
0.119379
0.103283
0.111477
0.0625178
0.0385952
0.046533
0.199367
0.355477
0.0400617
0.0392824
0.0827062
0.0821398
0.0758536
0.0424873
0.170134
0.052824
0.0752306
0.201768
0.0359
0.0961511
0.0435275
0.0399855
0.0543621
0.0444068
0.111746
0.118165
0.0237507
0.0344692
0.0675428
0.094574
0.0728731
0.0357654
0.155398
0.246496
0.0337586
0.0794857
0.0866669
0.180789
0.0510902
0.0658839
0.112503
0.05607
0.0749567
0.0548926
0.41084
0.0446932
0.0734898
0.120543
0.112514
0.25336
0.0764131
0.0348842
0.462763
0.517739
0.0528697
0.0280366
0.0472202
0.0462643
0.0350833
0.127485
0.0888327
0.113697
0.233644
0.0328538
0.0921632
0.0406282
0.300754
0.187174
0.200459
0.047854
0.0757707
0.040011
0.0422385
0.157022
0.0597296
0.225923
0.0375109
0.0527411
0.0505966
0.0440468
0.0594921
0.0578679
0.0508135
0.0430351
0.0420837
0.0873
0.0736201
0.0445233
0.109017
0.109033
0.0738975
0.0576062
0.0364975
0.0307817
0.097506
0.0989369
0.0211166
0.0366853
0.367741
0.0356932
0.038424
0.279635
0.102173
0.173327
0.0735208
0.0303653
0.135169
0.0275083
0.0361544
0.162041
0.0419116
0.0517227
0.140158
0.192451
0.121616
0.0695544
0.0459994
0.0539609
0.221218
0.0439319
0.0470272
0.105067
0.241171
0.0543086
0.0330311
0.0758915
0.0805123
0.210892
0.146589
0.0440846
0.0527165
0.0421548
0.0454701
0.174437
0.0366647
0.0451557
0.041486
0.0493207
0.0443833
0.0411159
0.0347685
0.133799
0.128543
0.0423577
0.15176
0.0406791
0.0690042
0.476859
0.0301615
0.0661327
0.0517461
0.0724388
0.0516222
0.276141
0.0395272
0.103169
0.0788147
0.0481923
0.0296883
0.0443643
0.0316431
0.0418043
0.0730332
0.13672
0.061849
0.0396897
0.0858358
0.0523331
0.0336977
0.0346825
0.122054
0.029977
0.218753
0.0308202
0.0610249
0.0576611
0.0393119
0.0415489
0.127262
0.110877
0.0921247
0.0389173
0.170358
0.0366624
0.40381
0.0403776
0.221909
0.0765603
0.0612364
0.0361269
0.0681248
0.0490168
0.0496274
0.0437797
0.293468
0.0396622
0.0683296
0.0905318
0.0477538
0.0443717
0.0881513
0.0297154
0.0845754
0.0390124
0.0500289
0.341288
0.0489363
0.19731
0.22037
0.0499843
0.396636
0.0507838
0.0872454
0.050137
0.0489801
0.108042
0.200139
0.0491971
0.0771325
0.0497751
0.0259951
0.0438152
0.0678953
0.0338242
0.141137
0.347587
0.226995
0.046272
0.342586
0.0239441
0.313775
0.047762
0.0432475
0.0729093
0.0325933
0.0330194
0.219735
0.047077
0.0435369
0.0712806
0.0383079
0.160402
0.105968
0.0533389
0.0637042
0.278687
0.168367
0.0793883
0.0512542
0.165779
0.0652016
0.145821
0.239751
0.0253066
0.0621779
0.0448789
0.0238087
0.0362603
0.112133
0.0472484
0.0295831
0.0379073
0.0540293
0.100055
0.0496195
0.0511867
0.0650873
0.0485367
0.143416
0.2375
0.0375444
0.284968
0.113188
0.100407
0.0692864
0.10042
0.0581902
0.399436
0.145095
0.0261634
0.0448394
0.0293724
0.305992
0.187113
0.0521303
0.338037
0.0842456
0.0483905
0.0960449
0.0618362
0.0487257
0.0284807
0.095136
0.06156
0.138077
0.310904
0.0424158
0.31287
0.0454399
0.0561528
0.0577028
0.163349
0.0613629
0.0826697
0.0809909
0.523026
0.181448
0.271722
0.0355418
0.175598
0.0829111
0.0536959
0.046397
0.258089
0.134145
0.0841926
0.0529396
0.181807
0.0397848
0.198692
0.0984711
0.0475036
0.0512159
0.053452
0.0383192
0.101686
0.0671508
0.0510638
0.0420358
0.184358
0.0436234
0.220905
0.0970987
0.0511712
0.0252419
0.0414844
0.0323061
0.0542839
0.0381929
0.0614653
0.289681
0.280705
0.0586217
0.151499
0.296885
0.0404711
0.0452627
0.0442189
0.19723
0.0632725
0.0620318
0.06318
0.0586776
0.0391575
0.0491927
0.0747195
0.0525136
0.0424796
0.0489721
0.0346098
0.0223422
0.0611622
0.0530119
0.0805672
0.0514415
0.0550643
0.0607169
0.185902
0.061121
0.0412718
0.029949
0.343454
0.11015
0.0532421
0.0504503
0.0501563
0.181274
0.0802583
0.127734
0.280023
0.0456897
0.232395
0.0442291
0.0311752
0.04899
0.0302781
0.0412801
0.0406823
0.059111
0.0581739
0.0458084
0.0457288
0.056242
0.12136
0.0483725
0.173028
0.103877
0.0857608
0.03172
0.0743582
0.0460998
0.0334474
0.1534
0.0473389
0.0660256
0.0721212
0.272856
0.318766
0.0626864
0.0412843
0.0464914
0.049686
0.529496
0.0764099
0.0446974
0.0556817
0.0431238
0.163979
0.08927
0.0924251
0.168819
0.115884
0.0695055
0.137085
0.0486077
0.317422
0.0458601
0.240225
0.0439612
0.0469575
0.100129
0.0398358
0.0756342
0.0501577
0.122855
0.110014
0.351847
0.0653207
0.0641033
0.0732785
0.0623353
0.130346
0.0407085
0.0458106
0.0484437
0.0407817
0.165236
0.0520434
0.0775628
0.0403354
0.0402217
0.0970341
0.156406
0.226172
0.0646713
0.0493381
0.167975
0.232689
0.190695
0.0262574
0.0561999
0.0477508
0.0470458
0.0555208
0.0817084
0.0521123
0.140687
0.0495989
0.0992392
0.129793
0.294136
0.0523156
0.593418
0.0918622
0.125846
0.0460572
0.255713
0.0906238
0.0485513
0.0554795
0.0811215
0.091878
0.0565162
0.203477
0.0968438
0.39552
0.0425296
0.0443671
0.0601406
0.0502085
0.0365551
0.252233
0.0512068
0.0414653
0.334797
0.0591867
0.167668
0.0759073
0.0806066
0.0876138
0.132621
0.0381218
0.0189488
0.181134
0.0739617
0.0377287
0.0270137
0.091436
0.222128
0.0364081
0.21269
0.0435508
0.065816
0.0217282
0.0740188
0.0117744
0.122704
0.263581
0.0396928
0.0444846
0.114418
0.0498354
0.0850082
0.082898
0.126251
0.0712512
0.082846
0.0399082
0.103946
0.0298598
0.345864
0.0309684
0.149894
0.139353
0.250465
0.0429429
0.0442682
0.14793
0.176053
0.0257501
0.10196
0.0890108
0.046968
0.0350381
0.0385902
0.0636081
0.153621
0.129381
0.045462
0.0440835
0.0772772
0.0349555
0.0492719
0.0290966
0.319638
0.0440344
0.07456
0.029209
0.0477763
0.0525239
0.374483
0.0230005
0.0716693
0.0848065
0.0376245
0.107997
0.0491557
0.0419737
0.0513224
0.0358524
0.032551
0.0666701
0.345322
0.125332
0.113888
0.0811278
0.0273776
0.0738488
0.254704
0.0309059
0.306967
0.154397
0.143818
0.0442435
0.0565174
0.100646
0.05604
0.0277098
0.0361494
0.0255152
0.040843
0.0758968
0.171939
0.035826
0.0472499
0.0827303
0.0445271
0.196711
0.0386058
0.0640318
0.0471317
0.0925755
0.255435
0.247101
0.0895165
0.178113
0.0553559
0.041468
0.0336995
0.11783
0.0929778
0.375472
0.040833
0.0876633
0.0530157
0.11728
0.0393229
0.0362084
0.0388201
0.0424399
0.36256
0.0514816
0.061277
0.405991
0.0961118
0.0336078
0.0289392
0.0455845
0.0411504
0.0417163
0.0348513
0.0422258
0.0608954
0.285815
0.170242
0.0408859
0.0379795
0.0427189
0.159541
0.0440112
0.15643
0.0359953
0.119874
0.3169
0.0502045
0.0350369
0.181935
0.0434049
0.285855
0.0481145
0.0429203
0.0625365
0.042917
0.0695004
0.0476289
0.0514029
0.0482873
0.0267122
0.044245
0.16594
0.110941
0.235438
0.110738
0.0552894
0.14237
0.121058
0.039888
0.0548507
0.0484295
0.292809
0.039776
0.051752
0.0465683
0.118501
0.0650774
0.0742106
0.05329
0.0531573
0.0517665
0.042772
0.0381869
0.0432485
0.0727371
0.0529361
0.0925849
0.0471251
0.147214
0.0401147
0.0387831
0.180134
0.0652042
0.0628872
0.0419493
0.0674793
0.0703402
0.0362951
0.161855
0.0491171
0.189541
0.0224185
0.0493084
0.134586
0.132634
0.0482798
0.144634
0.0671552
0.0327555
0.0436924
0.113901
0.0681133
0.0485196
0.126517
0.0878427
0.022353
0.0441196
0.0406311
0.0325169
0.0353561
0.0436404
0.0341224
0.0749968
0.0639337
0.0749845
0.47495
0.0375327
0.0452649
0.0468501
0.0424091
0.0408689
0.0443657
0.216098
0.455986
0.160359
0.104057
0.138657
0.0439378
0.0479664
0.052824
0.0737132
0.239318
0.0323059
0.0363965
0.195562
0.0708982
0.0458897
0.039372
0.0483721
0.060702
0.0423921
0.0603264
0.041897
0.046583
0.0462904
0.0434255
0.0578343
0.0428107
0.0288713
0.0442828
0.0485288
0.0737355
0.137479
0.0790825
0.163922
0.0487066
0.120327
0.141849
0.0486487
0.333979
0.0399004
0.0495635
0.0368016
0.274616
0.0794399
0.108387
0.09533
0.0356669
0.0523558
0.0653784
0.0880083
0.0543103
0.0648864
0.0348253
0.0448874
0.117836
0.0861622
0.0494384
0.227787
0.121875
0.0382767
0.0846549
0.021888
0.0386756
0.0984506
0.0375658
0.0350458
0.218566
0.0435778
0.0430507
0.0419342
0.0886514
0.108625
0.0438419
0.149626
0.0316387
0.281868
0.0368715
0.0336948
0.308162
0.0852435
0.0978054
0.149501
0.0408999
0.0423609
0.174407
0.079336
0.103307
0.0295868
0.0326325
0.0843065
0.0411748
0.0536593
0.039524
0.0474124
0.0404843
0.0450391
0.043878
0.0320401
0.261037
0.123022
0.172631
0.0471884
0.0354891
0.0474349
0.374898
0.0378343
0.347366
0.0514733
0.0426728
0.129464
0.0456074
0.283221
0.0287589
0.0221373
0.205378
0.0610237
0.123871
0.0462147
0.0996963
0.0419634
0.0750565
0.0738506
0.0434222
0.0467874
0.0596107
0.0589569
0.131535
0.115721
0.0473642
0.14082
0.0230953
0.0446625
0.0324606
0.0759844
0.0440022
0.135562
0.0585993
0.203462
0.0327187
0.122346
0.107056
0.0789965
0.292445
0.199503
0.0498392
0.0675929
0.0966231
0.0503975
0.049238
0.035553
0.165555
0.038297
0.0935909
0.109679
0.249363
0.0322608
0.0392384
0.0771773
0.0807801
0.0322792
0.0994564
0.0729532
0.0363317
0.0457937
0.0417127
0.0572729
0.0534334
0.0348193
0.252877
0.124899
0.0426287
0.0409009
0.10731
0.0375496
0.053701
0.0521364
0.0514661
0.0490161
0.094817
0.0320113
0.0904173
0.0634929
0.0335307
0.0485503
0.0966658
0.271875
0.140597
0.0708044
0.0486042
0.176206
0.0443094
0.0636522
0.137805
0.0323732
0.0493697
0.0348878
0.0809784
0.0314479
0.0256091
0.0442237
0.0361804
0.212393
0.0465294
0.0478056
0.0499357
0.0732913
0.0731356
0.0469286
0.0495863
0.0502183
0.0437997
0.0420191
0.239422
0.0448927
0.0441094
0.0357007
0.2154
0.0490213
0.0417816
0.0307049
0.213521
0.116794
0.142079
0.103778
0.0558542
0.156619
0.0442412
0.284441
0.0764815
0.0447472
0.198693
0.0584803
0.0815865
0.0467653
0.113414
0.0444467
0.0444818
0.0879796
0.0488359
0.12145
0.045195
0.0463224
0.341266
0.04464
0.112039
0.0402728
0.0426378
0.0531073
0.0695123
0.0589444
0.0478485
0.0393371
0.479686
0.0342926
0.065817
0.0380472
0.0657217
0.0426386
0.0775604
0.516963
0.114279
0.154543
0.0543422
0.0479715
0.1418
0.0519012
0.152087
0.117527
0.126317
0.0410313
0.0224949
0.0317973
0.0467973
0.0404683
0.0564997
0.123053
0.0310776
0.19056
0.0443482
0.0956199
0.0436356
0.0485001
0.0909729
0.0539233
0.223232
0.251538
0.0295202
0.0559163
0.0515612
0.0447617
0.104389
0.125543
0.0351389
0.0445967
0.221963
0.066144
0.0308001
0.207683
0.068201
0.0401435
0.0375293
0.0496555
0.297483
0.0816382
0.0356117
0.0902612
0.207791
0.223431
0.0938496
0.0386748
0.0784312
0.0317045
0.0934221
0.111571
0.0531332
0.158644
0.0540178
0.0406827
0.038185
0.104646
0.0323506
0.110003
0.0548919
0.0521329
0.0418697
0.0311865
0.195871
0.0407882
0.0529509
0.148729
0.108915
0.0616988
0.0353388
0.0663514
0.0326408
0.0557978
0.0322827
0.0206559
0.0556062
0.0508433
0.0475881
0.0523809
0.145949
0.0269918
0.0539551
0.249511
0.0279839
0.270477
0.0503314
0.0295318
0.228181
0.0618124
0.0302786
0.07993
0.0482222
0.0243899
0.0916145
0.0858284
0.0417579
0.0350695
0.0385323
0.0227955
0.0686371
0.016001
0.0464833
0.0412398
0.0355092
0.0448158
0.074828
0.153543
0.301353
0.0373173
0.0423859
0.0489043
0.0345458
0.0561998
0.0244118
0.183008
0.0393841
0.160482
0.0297565
0.101442
0.0367819
0.0349913
0.178418
0.0613844
0.0393229
0.208478
0.0525906
0.0723696
0.0292078
0.0437588
0.0437901
0.0513566
0.0517955
0.039824
0.427002
0.0497228
0.131902
0.10613
0.214198
0.0146479
0.0533287
0.115084
0.0497193
0.0502788
0.0318796
0.0796348
0.0904839
0.0484008
0.0467073
0.0532505
0.158526
0.0379578
0.055326
0.0319936
0.0428437
0.0495106
0.0909618
0.133885
0.041317
0.0819617
0.0468523
0.0388671
0.0469114
0.220545
0.0422083
0.096303
0.0900174
0.073826
0.0298233
0.0730278
0.0654273
0.0380308
0.0620377
0.102183
0.111336
0.244597
0.0569419
0.0314199
0.0359462
0.0437124
0.17572
0.0838399
0.0860653
0.204298
0.0401201
0.0472095
0.0707768
0.100443
0.116592
0.217425
0.0435868
0.0609463
0.0495579
0.124911
0.0379048
0.175326
0.170277
0.0711954
0.0321973
0.0964658
0.0828174
0.0882795
0.0726231
0.0463006
0.116969
0.0442012
0.0741316
0.101397
0.0657678
0.146402
0.0388999
0.0488073
0.0258053
0.0311117
0.0346361
0.0429283
0.0576505
0.0434547
0.07482
0.0191779
0.0436342
0.0804869
0.0226142
0.137788
0.0588437
0.242882
0.042663
0.02714
0.0788947
0.0344705
0.0214576
0.224689
0.316252
0.0373565
0.0439044
0.223695
0.03011
0.0736757
0.0377763
0.0669479
0.0521702
0.0631633
0.0783515
0.152903
0.0367341
0.0542554
0.0266084
0.116248
0.0418409
0.0460802
0.286367
0.209473
0.0168967
0.0540756
0.0647829
0.167359
0.033988
0.0425726
0.210902
0.114735
0.0438655
0.0609846
0.0290422
0.0361878
0.0232205
0.0392119
0.184189
0.175687
0.027032
0.0366994
0.283347
0.482599
0.116388
0.0730625
0.142882
0.393696
0.0586091
0.0255988
0.0664575
0.067648
0.0446768
0.0511141
0.232308
0.0755884
0.0814318
0.0387477
0.0806891
0.133931
0.329429
0.186015
0.161465
0.0490308
0.258196
0.188305
0.0583318
0.0454218
0.0752887
0.0427853
0.144631
0.0417764
0.118364
0.0366563
0.0713073
0.0532977
0.0894316
0.0893626
0.0500702
0.0475255
0.0466366
0.0483431
0.100839
0.041652
0.0462193
0.0635898
0.0521773
0.112433
0.247536
0.0490923
0.300114
0.0974904
0.0707101
0.0544703
0.135574
0.176167
0.0623394
0.0507286
0.161927
0.518733
0.0342719
0.443772
0.106032
0.220955
0.066078
0.0792988
0.133521
0.162085
0.207027
0.204869
0.0674092
0.0784334
0.0875972
0.050669
0.0551367
0.303135
0.144101
0.162559
0.0628683
0.077848
0.0794579
0.0489253
0.0252426
0.209134
0.0260844
0.0852816
0.143385
0.400594
0.114506
0.201619
0.270368
0.0524055
0.0467445
0.0855346
0.0808021
0.0552626
0.0459549
0.133461
0.070442
0.115108
0.041407
0.360841
0.0435533
0.159906
0.0790793
0.0464484
0.155739
0.34485
0.0603602
0.0386389
0.068199
0.0559744
0.0666413
0.0505621
0.0434142
0.0805572
0.0272818
0.137156
0.0707469
0.0391944
0.0431057
0.0370616
0.0403856
0.0356548
0.0293854
0.190997
0.441648
0.047675
0.0461984
0.0339007
0.0463684
0.0334118
0.0336181
0.15974
0.0492493
0.0297418
0.0751438
0.0451815
0.0331793
0.0418558
0.185599
0.0361544
0.125806
0.058679
0.277191
0.279282
0.0399067
0.227612
0.139187
0.0487157
0.0829298
0.0730259
0.0424731
0.0352731
0.167027
0.0614691
0.0529209
0.025113
0.169038
0.051947
0.0750444
0.0603867
0.0733573
0.0612758
0.0401479
0.0463241
0.0405056
0.107914
0.049236
0.0567816
0.0426967
0.038886
0.0846779
0.0494284
0.0538877
0.0448954
0.0604709
0.044399
0.0330638
0.0448892
0.0438004
0.0412728
0.0390847
0.053416
0.111433
0.0336011
0.0570772
0.0413475
0.0401115
0.312551
0.188615
0.0512401
0.266529
0.0758972
0.173777
0.0889296
0.0298923
0.0709848
0.112089
0.0915426
0.0495166
0.240748
0.0365391
0.0595045
0.0440833
0.295133
0.0443151
0.0103954
0.151689
0.0580017
0.0766309
0.15241
0.332737
0.0221596
0.185922
0.0849129
0.0465288
0.067089
0.0672991
0.182008
0.0500256
0.105902
0.0372599
0.0334592
0.0954778
0.306795
0.036707
0.0385414
0.0406229
0.110688
0.0718538
0.0491618
0.071528
0.207437
0.114217
0.0527533
0.0846981
0.0498304
0.0351187
0.0440955
0.152057
0.0412978
0.0422866
0.0828455
0.0390363
0.0566871
0.041759
0.0613784
0.0448347
0.0248724
0.0545885
0.038198
0.333196
0.0340722
0.0584239
0.236465
0.0324844
0.163693
0.411415
0.0548807
0.0148386
0.156542
0.116718
0.0478616
0.051045
0.0264765
0.0335046
0.0832163
0.205913
0.0539017
0.0532252
0.061825
0.181531
0.0789928
0.0399618
0.0937737
0.0459259
0.0454578
0.0437363
0.049639
0.115502
0.0328827
0.314396
0.0601253
0.347926
0.0534798
0.0660333
0.0877891
0.0429331
0.0471176
0.0366228
0.0412996
0.313044
0.0522003
0.0266875
0.0434626
0.141315
0.0454112
0.036908
0.0447683
0.0473007
0.0336273
0.13202
0.0267076
0.0393161
0.0479356
0.0462289
0.0453159
0.034886
0.225883
0.324225
0.0600705
0.0339268
0.0510209
0.127163
0.127827
0.0541732
0.044903
0.0929368
0.0587376
0.034871
0.0960309
0.11164
0.133007
0.0502866
0.0614785
0.397956
0.0602849
0.0441154
0.092733
0.0402957
0.320528
0.0403241
0.0482693
0.0597301
0.109416
0.0350317
0.0410943
0.0697634
0.0384449
0.0416188
0.023239
0.127924
0.198071
0.178023
0.0482928
0.0309219
0.020663
0.0464517
0.037526
0.158093
0.0631148
0.0366794
0.119553
0.150233
0.143142
0.0426775
0.0499612
0.0571204
0.029713
0.0792431
0.0984019
0.0363927
0.109041
0.0892506
0.0425945
0.302925
0.0435058
0.282662
0.058513
0.0731599
0.0353893
0.0432955
0.332554
0.073011
0.0711216
0.0470164
0.20568
0.0433226
0.0375402
0.0776336
0.0406156
0.0541856
0.0492988
0.132679
0.038022
0.0497926
0.0264894
0.0580049
0.0791419
0.257148
0.155466
0.243063
0.0504915
0.0449528
0.0458358
0.0370836
0.0434954
0.179439
0.0744406
0.0195805
0.0397114
0.0505798
0.168992
0.373774
0.405514
0.0622222
0.0294227
0.0460626
0.219525
0.0336168
0.097126
0.0410051
0.0433077
0.120037
0.192104
0.060712
0.149098
0.0495727
0.0482576
0.0507351
0.0530204
0.107893
0.0650876
0.0420053
0.0447487
0.0637072
0.175103
0.0453354
0.0576565
0.174707
0.0496587
0.16349
0.0774795
0.0325809
0.0397431
0.0327394
0.0746984
0.0339144
0.468868
0.0377024
0.0532251
0.0476863
0.162364
0.0415058
0.0427413
0.175577
0.107268
0.0491977
0.099175
0.072114
0.0569927
0.0918741
0.0692296
0.0974149
0.111765
0.194931
0.0475861
0.0484787
0.0991226
0.0233652
0.0875239
0.0499855
0.211999
0.0326427
0.0474656
0.0991386
0.0512027
0.158221
0.0436825
0.100629
0.594224
0.424701
0.0978556
0.131936
0.15328
0.0835321
0.0409561
0.0564189
0.0574288
0.117855
0.0794118
0.0878321
0.240509
0.0350079
0.232635
0.280601
0.0781327
0.159376
0.0340073
0.0557493
0.0286456
0.277399
0.0572267
0.0569249
0.0357869
0.444198
0.0974478
0.195391
0.0675496
0.0849107
0.0553622
0.178267
0.0505016
0.0339429
0.0462154
0.0375326
0.409015
0.0788643
0.0439591
0.317883
0.0388111
0.456007
0.108864
0.0485463
0.0387301
0.189808
0.0470733
0.0715664
0.0477086
0.197747
0.0777736
0.0470087
0.129099
0.0432534
0.132936
0.0316814
0.0890706
0.0605486
0.0371952
0.0884089
0.0462892
0.0482392
0.198527
0.038606
0.187911
0.0700823
0.0357521
0.413395
0.0448593
0.0424466
0.107173
0.0401266
0.0409289
0.06779
0.0694694
0.0370951
0.145199
0.0417644
0.287634
0.106198
0.0256406
0.0497419
0.0583034
0.0469033
0.0458024
0.0385111
0.0371386
0.054829
0.0417416
0.206304
0.127032
0.0670329
0.0766326
0.034054
0.0313514
0.0438868
0.0572829
0.319175
0.0666914
0.182412
0.293022
0.0416816
0.0527499
0.0304179
0.0830427
0.061767
0.0332153
0.216002
0.0382258
0.0356822
0.0230623
0.0298499
0.0774563
0.0285409
0.0519243
0.0363958
0.557643
0.0442594
0.0324995
0.0655356
0.0470439
0.0307039
0.180629
0.0744495
0.197823
0.0427908
0.0462186
0.406553
0.141549
0.0420744
0.146643
0.293884
0.0965605
0.330979
0.30194
0.0960369
0.0721403
0.200942
0.0700835
0.132643
0.0262857
0.286392
0.228056
0.0507045
0.0461171
0.0372469
0.0389852
0.0369838
0.0465699
0.0325754
0.115086
0.196504
0.0502967
0.0898258
0.0866356
0.0449259
0.0521331
0.0304903
0.0441228
0.0353956
0.0475881
0.0386479
0.0507062
0.0889112
0.0599121
0.0420803
0.0518947
0.0556893
0.0487563
0.19247
0.0296374
0.148956
0.035948
0.268914
0.0815322
0.0594694
0.0341517
0.192965
0.370002
0.302717
0.0554182
0.0412718
0.0984648
0.0608148
0.0426381
0.0362929
0.136526
0.0650405
0.07419
0.260718
0.0235519
0.091707
0.037066
0.106062
0.0685319
0.0920956
0.0593524
0.114179
0.164712
0.0470955
0.048485
0.0532391
0.0448958
0.115529
0.254962
0.102722
0.0282472
0.0387446
0.0515466
0.0549178
0.24752
0.303579
0.037094
0.0555536
0.112703
0.0451961
0.0785354
0.0347367
0.0755175
0.0631284
0.0654124
0.0813225
0.042725
0.0381322
0.139987
0.265604
0.0742919
0.0497455
0.0448953
0.0493701
0.0548758
0.0616359
0.0715229
0.0477461
0.0881812
0.0413748
0.0586026
0.031024
0.0592612
0.0372323
0.0472945
0.0701092
0.0499482
0.0661956
0.200154
0.10369
0.101337
0.0821001
0.0445995
0.0419414
0.163712
0.0782143
0.0406125
0.0990117
0.355059
0.0544432
0.307266
0.0416936
0.067304
0.0434065
0.0382577
0.0353605
0.0827886
0.0810494
0.0368894
0.144331
0.0569416
0.187058
0.0611505
0.521167
0.048618
0.0721291
0.067005
0.127764
0.056825
0.170734
0.0798945
0.242026
0.0536252
0.0515448
0.0610501
0.131419
0.032415
0.0418057
0.0362797
0.167469
0.140853
0.129812
0.313774
0.0512395
0.0409077
0.146585
0.222737
0.0786795
0.318499
0.0222607
0.191774
0.03681
0.0356203
0.0865683
0.0614896
0.0611315
0.287189
0.15464
0.392282
0.0392021
0.0445897
0.276279
0.123507
0.027791
0.24818
0.0361907
0.194251
0.0454635
0.0594838
0.0729489
0.092096
0.210155
0.224329
0.0211559
0.0870388
0.0998051
0.14885
0.0479256
0.342905
0.146206
0.0278944
0.0461498
0.0377541
0.108915
0.0468152
0.0673485
0.0645667
0.0332839
0.0277426
0.0708726
0.0499001
0.0651823
0.119442
0.52662
0.160019
0.502686
0.0417873
0.077011
0.0416476
0.030562
0.039867
0.0423767
0.11919
0.0383171
0.111873
0.0629086
0.0541476
0.0547556
0.050318
0.0860113
0.0860482
0.0386268
0.0741689
0.0285938
0.260607
0.0375181
0.564081
0.0363704
0.0244577
0.273099
0.0504418
0.0556048
0.0579417
0.0507812
0.0524786
0.0528954
0.0378735
0.0685968
0.0241429
0.0813557
0.0445139
0.0778659
0.0970804
0.0524266
0.0585871
0.071778
0.154042
0.0433851
0.0529868
0.0575787
0.250603
0.0645497
0.0961222
0.0615076
0.038118
0.142915
0.271182
0.0528549
0.0478579
0.0290088
0.0459867
0.0459034
0.365408
0.181188
0.0387805
0.126972
0.0464502
0.289601
0.28677
0.0790688
0.0691778
0.27281
0.0222142
0.0426692
0.0422844
0.089827
0.0514836
0.130468
0.0832381
0.0409294
0.0422198
0.0947044
0.103263
0.160683
0.205033
0.030088
0.338869
0.0586826
0.0542292
0.103001
0.161294
0.0470213
0.0438586
0.0405182
0.0641702
0.118346
0.0745074
0.0777305
0.381033
0.0349737
0.0408552
0.0500357
0.105176
0.120306
0.0430625
0.0453672
0.0351128
0.0683542
0.0404803
0.229324
0.0679
0.0658629
0.032997
0.0490441
0.0664745
0.0696269
0.0574112
0.0634084
0.0341804
0.0429688
0.029479
0.040036
0.0354808
0.048441
0.0365056
0.0345274
0.0493219
0.0891296
0.024431
0.322507
0.0469808
0.0574098
0.0762395
0.0609951
0.0469425
0.0242168
0.176103
0.389398
0.0377411
0.0488696
0.277738
0.0500174
0.246583
0.0320769
0.04302
0.0304887
0.0393311
0.0364283
0.0479082
0.0528125
0.039649
0.105647
0.113456
0.030391
0.0398381
0.0389282
0.0590397
0.0267252
0.235509
0.0360028
0.293486
0.0537213
0.10005
0.0442599
0.073496
0.211187
0.104984
0.0967947
0.125986
0.0462294
0.0352047
0.0538494
0.0466811
0.0354415
0.101849
0.0406181
0.0346085
0.0336982
0.198509
0.0392381
0.0312406
0.0359906
0.0399547
0.0348685
0.204173
0.0500813
0.0620961
0.0180524
0.211082
0.0760885
0.0758416
0.0768112
0.0539955
0.0883003
0.0648414
0.0493597
0.0515486
0.321306
0.18206
0.051344
0.0973579
0.0440537
0.116958
0.178345
0.0430476
0.0676436
0.0353711
0.0416128
0.0359215
0.0378719
0.0756263
0.361933
0.0399328
0.0701087
0.111803
0.032099
0.077514
0.185851
0.155016
0.033463
0.0509669
0.0285452
0.471263
0.0446237
0.0394744
0.246982
0.0413837
0.0452212
0.0652765
0.0336592
0.0312212
0.159192
0.126819
0.0384322
0.0437772
0.0716741
0.322855
0.473874
0.0469791
0.0698313
0.0343155
0.0530816
0.0464491
0.0442629
0.462773
0.107893
0.0377196
0.0374845
0.031956
0.0300269
0.255396
0.0539191
0.0773486
0.0376806
0.063568
0.0288354
0.0415855
0.0698716
0.044304
0.0839163
0.0918802
0.043882
0.0373168
0.166137
0.13476
0.0508592
0.0527143
0.237548
0.137653
0.407321
0.0236559
0.0435755
0.0606039
0.0443132
0.0590851
0.064144
0.0367473
0.0483935
0.0432864
0.0424808
0.0292135
0.0228715
0.231948
0.0991506
0.208056
0.0582458
0.0394682
0.219285
0.037025
0.0481727
0.161379
0.0360102
0.164632
0.0430887
0.0473451
0.0453561
0.0436347
0.225683
0.400842
0.126789
0.0379935
0.167618
0.0281755
0.0685148
0.0360491
0.295312
0.0200811
0.0778764
0.109016
0.155273
0.044848
0.112964
0.14467
0.180842
0.0184978
0.0413596
0.164341
0.0998212
0.104548
0.153242
0.0371144
0.0939421
0.0621013
0.0547839
0.0938763
0.104229
0.0424921
0.0533722
0.220479
0.121664
0.141734
0.101138
0.373299
0.0264218
0.10346
0.26092
0.0406491
0.0413345
0.0400779
0.286024
0.103313
0.0802809
0.0498951
0.0474915
0.0510536
0.0368505
0.325441
0.164196
0.0944315
0.364011
0.0532995
0.175935
0.0872239
0.213427
0.348094
0.0563837
0.0325109
0.0648514
0.0769605
0.0347823
0.113499
0.0522203
0.29571
0.0469363
0.082119
0.0314545
0.0802502
0.0951496
0.199352
0.226534
0.0192321
0.184295
0.115075
0.278391
0.0600472
0.389277
0.0683921
0.045804
0.0978107
0.411904
0.0361752
0.0806822
0.0816878
0.07033
0.0940879
0.0728252
0.0523472
0.0546997
0.12766
0.108972
0.0361527
0.0231204
0.311849
0.0466879
0.0447182
0.259738
0.0458891
0.0509912
0.282533
0.0733106
0.0660708
0.0477934
0.0668487
0.0386972
0.0516974
0.182796
0.0252571
0.0646681
0.058491
0.0922159
0.0261841
0.134572
0.091385
0.0889784
0.0492462
0.0570912
0.0445815
0.0820449
0.0546224
0.08498
0.0506373
0.134634
0.0521443
0.271032
0.0739812
0.265879
0.0531676
0.269376
0.246316
0.0370374
0.346279
0.0577704
0.0343991
0.0955024
0.051328
0.051214
0.206525
0.0497792
0.027777
0.0478931
0.0440351
0.216036
0.0400987
0.039482
0.0532313
0.0568473
0.34152
0.049295
0.0500807
0.0388981
0.582316
0.108567
0.096399
0.0507714
0.0709328
0.062327
0.0611153
0.18629
0.117489
0.0626345
0.0694596
0.0642921
0.0886538
0.28809
0.127491
0.045172
0.0590725
0.106254
0.0424095
0.03985
0.0470326
0.292951
0.190575
0.0505983
0.156842
0.0447976
0.146349
0.0423855
0.228347
0.129795
0.109373
0.0245998
0.104236
0.111558
0.0428965
0.0483647
0.0506789
0.116722
0.0335983
0.108287
0.113192
0.179006
0.0445701
0.0941821
0.168349
0.0515464
0.0290569
0.0757107
0.0535316
0.0337416
0.0257169
0.0645471
0.235741
0.061359
0.0433428
0.0426102
0.43773
0.0404091
0.0788078
0.0444541
0.0276383
0.0610784
0.0421448
0.0434235
0.108151
0.0601473
0.0470608
0.0528003
0.0436876
0.0168954
0.0528425
0.0183303
0.296429
0.153257
0.0400951
0.12022
0.0401782
0.151252
0.0549127
0.0667811
0.0349893
0.0625712
0.367087
0.0702348
0.0501122
0.046056
0.0402653
0.121874
0.359461
0.0629613
0.053164
0.118845
0.0526348
0.0550558
0.0506756
0.0761512
0.0537259
0.0732286
0.0851433
0.104373
0.0991104
0.043042
0.0664683
0.216265
0.0269134
0.0248566
0.047155
0.0489479
0.0250704
0.0454991
0.0402593
0.249781
0.25893
0.0464769
0.0510094
0.0622033
0.0293437
0.0785188
0.0515641
0.0472239
0.0281104
0.0291035
0.028337
0.0326295
0.0687138
0.0318977
0.0383824
0.298684
0.0296128
0.102279
0.0514863
0.400425
0.171457
0.227736
0.0608942
0.0360029
0.0250297
0.0837073
0.0479713
0.0649768
0.331077
0.0705795
0.0272287
0.262745
0.0171124
0.131961
0.0379183
0.191322
0.0444641
0.0438479
0.218924
0.152255
0.411103
0.0679864
0.118921
0.0525155
0.179248
0.0430015
0.178969
0.0318642
0.0472897
0.151189
0.0504382
0.0458908
0.350558
0.0445282
0.0588254
0.0833808
0.0276348
0.243924
0.262611
0.0450042
0.0549959
0.504845
0.205452
0.082328
0.0347326
0.0564288
0.0365829
0.0742253
0.177237
0.0364278
0.065538
0.0382581
0.0512755
0.0562507
0.0920947
0.125515
0.0313785
0.0474696
0.067198
0.0620039
0.0533247
0.0434342
0.0448109
0.0560792
0.383425
0.0501743
0.316186
0.031341
0.0588167
0.342789
0.0970639
0.0504247
0.0310891
0.0628096
0.0383079
0.0978454
0.212731
0.0690811
0.052177
0.0974901
0.107875
0.280002
0.0491504
0.0686191
0.0806784
0.0505064
0.0466543
0.186576
0.0272588
0.192434
0.0625858
0.0360209
0.071682
0.0504214
0.0419049
0.074942
0.197813
0.106144
0.184106
0.0620698
0.0438701
0.0373902
0.0738133
0.237327
0.0406125
0.0379855
0.0923908
0.0306966
0.0462933
0.0556137
0.0392527
0.0996819
0.0468219
0.0596346
0.210611
0.0689129
0.0283975
0.0260942
0.207913
0.0677531
0.0846299
0.483192
0.0603482
0.0346165
0.0944569
0.0330749
0.0355821
0.0791408
0.052426
0.0525325
0.0499309
0.0812803
0.063974
0.0940008
0.0352695
0.0601526
0.163941
0.281782
0.0613241
0.0734478
0.28964
0.0784939
0.236718
0.0565303
0.0906564
0.0401957
0.0850119
0.233694
0.15097
0.0436214
0.0401772
0.04972
0.0312326
0.0397614
0.0459642
0.219467
0.0787554
0.0543001
0.0294608
0.421093
0.0718439
0.155099
0.0628018
0.0333988
0.0656221
0.0717775
0.1312
0.0515976
0.076435
0.0485365
0.379247
0.0587918
0.155247
0.0487994
0.192491
0.204304
0.070458
0.0456396
0.0386208
0.164895
0.0859629
0.0472383
0.162741
0.0666579
0.24303
0.0452657
0.0884884
0.0996165
0.0684768
0.0489715
0.205713
0.0478935
0.109878
0.0722493
0.0623286
0.400147
0.334694
0.123901
0.0440682
0.301257
0.0431422
0.0684814
0.0498921
0.0279212
0.0357731
0.0370185
0.0367007
0.188372
0.359171
0.233948
0.043772
0.101928
0.19767
0.19536
0.0710709
0.0563288
0.0264215
0.0523311
0.0710085
0.05625
0.30238
0.0347623
0.106475
0.0671154
0.0641958
0.0331347
0.0483405
0.0668869
0.047448
0.119437
0.0574436
0.0702857
0.0461502
0.0536399
0.0942912
0.0436709
0.0463497
0.044271
0.0253929
0.0356519
0.0426377
0.0270169
0.0793817
0.0409087
0.0363747
0.113975
0.0455032
0.0573167
0.249192
0.0878187
0.0521838
0.232504
0.0531014
0.362891
0.152823
0.0116704
0.0395678
0.0423155
0.0705488
0.0856449
0.424566
0.0808742
0.0540595
0.0974783
0.0462732
0.169668
0.0541076
0.0413817
0.0499843
0.0539405
0.0413688
0.0478343
0.355726
0.12957
0.141254
0.0443951
0.0942595
0.064793
0.0297535
0.0753651
0.0743495
0.0838776
0.0379775
0.029535
0.239193
0.0397988
0.0642504
0.0473372
0.186737
0.0387127
0.0418874
0.0433542
0.0475725
0.068907
0.102475
0.0490172
0.158621
0.0306172
0.0395377
0.100441
0.547395
0.060021
0.0543294
0.0907214
0.0388264
0.0454047
0.0257614
0.0346858
0.0724152
0.287848
0.0441182
0.0412019
0.041339
0.0369962
0.104889
0.0444035
0.0782685
0.0579765
0.535489
0.497543
0.0513165
0.0654324
0.0536552
0.0606854
0.0324637
0.0523543
0.0413754
0.153248
0.0966135
0.346015
0.225737
0.23704
0.102666
0.0823039
0.0411778
0.0668252
0.211081
0.0646421
0.23672
0.0447007
0.0541364
0.0500168
0.5906
0.0535303
0.0421693
0.199035
0.0454276
0.0363524
0.0676077
0.0392902
0.11165
0.0730436
0.0328064
0.045136
0.306346
0.0971604
0.0950427
0.0423719
0.0819834
0.381061
0.313029
0.0532067
0.0886257
0.122389
0.0818736
0.0665246
0.0477156
0.0569705
0.212878
0.0668164
0.0436566
0.0370669
0.334785
0.0528272
0.376604
0.0340795
0.113826
0.448103
0.0508006
0.0745509
0.0669346
0.0547676
0.102664
0.221479
0.40236
0.11639
0.0572187
0.0606069
0.0355655
0.0819246
0.434723
0.118535
0.0553937
0.0695281
0.037227
0.296436
0.0418263
0.0362443
0.270465
0.0561191
0.115699
0.0532048
0.447775
0.115118
0.0339358
0.0456959
0.0494831
0.187128
0.0301185
0.0483882
0.0775752
0.0408065
0.0810935
0.0394393
0.116359
0.0611517
0.0387612
0.0446308
0.0569395
0.558136
0.0579122
0.0403669
0.0726118
0.0315098
0.0337934
0.0875991
0.0673478
0.0445529
0.374421
0.242134
0.0869968
0.086356
0.187718
0.0362643
0.156516
0.0485243
0.042681
0.304274
0.0474376
0.0335691
0.0462786
0.0485255
0.0444816
0.0361635
0.0606615
0.0356651
0.0558831
0.0470703
0.0556931
0.0205643
0.0413349
0.0512266
0.406775
0.0623644
0.0424113
0.52714
0.198868
0.351973
0.030239
0.0436798
0.0437134
0.158189
0.0624133
0.502314
0.215866
0.0420497
0.0488293
0.0451215
0.0800136
0.12651
0.200023
0.432648
0.0560701
0.0420182
0.0923353
0.0613516
0.0922163
0.0410664
0.122112
0.0347763
0.156597
0.0444496
0.150527
0.0451868
0.0722062
0.0464828
0.080808
0.0471776
0.0511567
0.231981
0.0407532
0.0326134
0.0219896
0.160678
0.278508
0.0722711
0.0410242
0.13527
0.0309259
0.221966
0.27932
0.044672
0.0910408
0.0384816
0.0813815
0.0918252
0.0472239
0.0477569
0.0432115
0.169617
0.0302405
0.0727795
0.0712386
0.0356225
0.115775
0.193088
0.0737554
0.0334861
0.0800797
0.0494326
0.22325
0.0673128
0.0508733
0.185673
0.0480794
0.0554838
0.334866
0.0601314
0.192314
0.0439049
0.16279
0.0383198
0.0497341
0.0528806
0.0417249
0.0894561
0.0371586
0.0754554
0.0802947
0.228065
0.0489545
0.0467744
0.0507214
0.0486695
0.0132265
0.0514844
0.238831
0.0454733
0.0374291
0.435984
0.0399651
0.130073
0.0562278
0.0397042
0.172682
0.0623208
0.159757
0.0903779
0.106767
0.0709458
0.108353
0.281457
0.0393565
0.0830984
0.033992
0.0421499
0.0376323
0.0518284
0.0510593
0.083274
0.0985331
0.0884736
0.0577294
0.0329755
0.0380621
0.0734469
0.0664377
0.0343678
0.155763
0.0435967
0.0494392
0.0331674
0.282062
0.0443245
0.0813464
0.28166
0.291829
0.0268023
0.181172
0.0455095
0.0438883
0.528196
0.0509127
0.067284
0.0618696
0.0373067
0.181989
0.0274774
0.040389
0.0303535
0.0185898
0.129496
0.0693104
0.0484224
0.0499688
0.253833
0.0510926
0.0395586
0.0693922
0.0714196
0.0254203
0.0940501
0.0350783
0.0453946
0.116152
0.067349
0.258469
0.0776883
0.23555
0.0274571
0.0338313
0.044023
0.142303
0.064937
0.0364594
0.0446859
0.0952269
0.324686
0.151266
0.0541279
0.0400693
0.0888132
0.331632
0.133775
0.0567091
0.196371
0.0414294
0.0344528
0.0452287
0.0415299
0.0477675
0.0206195
0.03861
0.0455175
0.152473
0.0677526
0.0622484
0.0492218
0.261096
0.0469696
0.0932746
0.0462123
0.122635
0.0434689
0.243078
0.0367572
0.0644429
0.0345307
0.0368252
0.13981
0.070124
0.108225
0.0476453
0.0504434
0.0370526
0.0535884
0.0443763
0.0576925
0.0621855
0.129653
0.123308
0.0680063
0.0529601
0.0710443
0.0844168
0.275525
0.045077
0.022228
0.0402635
0.172921
0.278489
0.0398284
0.0591762
0.0417988
0.117042
0.0534216
0.0433133
0.0387612
0.0468581
0.0786083
0.123275
0.0291617
0.0276956
0.0916587
0.0618994
0.137363
0.0456493
0.0509186
0.0263127
0.0450024
0.0461414
0.0866886
0.0788244
0.0441958
0.187019
0.0407481
0.0313056
0.157059
0.0235927
0.0403198
0.0373776
0.0528251
0.239751
0.0397596
0.409599
0.0391047
0.101759
0.0435078
0.0392578
0.0490807
0.0323708
0.0405602
0.0853328
0.0931092
0.0801926
0.0529301
0.0506441
0.0479626
0.0443565
0.0628044
0.0806096
0.162369
0.467285
0.0986299
0.110147
0.0820364
0.0627891
0.0683512
0.0435063
0.0494657
0.0271909
0.0492293
0.0423293
0.0424184
0.0598885
0.220486
0.094657
0.216628
0.292684
0.112907
0.0472234
0.310379
0.0821353
0.170181
0.130799
0.206458
0.0471666
0.331459
0.235144
0.0317367
0.0354058
0.0680745
0.0956271
0.0557723
0.1146
0.109722
0.183896
0.0560336
0.0540878
0.0524128
0.0635177
0.0649269
0.0273254
0.205216
0.053771
0.0899297
0.0708523
0.107632
0.129156
0.0330804
0.0298372
0.0907094
0.0312505
0.0300511
0.131786
0.384582
0.0644441
0.083397
0.0720105
0.0233442
0.0574741
0.0491671
0.0195779
0.0312158
0.0448615
0.463435
0.06511
0.0776577
0.0690766
0.187666
0.0207291
0.0683074
0.0317385
0.0706479
0.0236246
0.0428817
0.0782763
0.31798
0.19251
0.0517987
0.0847579
0.141708
0.185107
0.0513338
0.0675173
0.383863
0.0739195
0.0722948
0.379983
0.513112
0.37873
0.499516
0.197194
0.0205796
0.260107
0.029679
0.101735
0.0863972
0.0719953
0.0381102
0.0419439
0.161448
0.0697127
0.462656
0.0326805
0.085952
0.0751113
0.0146682
0.031209
0.0468761
0.0355666
0.0585809
0.03548
0.0421388
0.107263
0.0484713
0.0937977
0.039748
0.0461706
0.0565957
0.0205712
0.0415972
0.191267
0.228306
0.130384
0.198044
0.106735
0.041814
0.212541
0.076153
0.384808
0.111562
0.0304423
0.0314768
0.4129
0.199757
0.0210497
0.129094
0.115109
0.0547668
0.0524059
0.0853556
0.0836586
0.15777
0.0641064
0.114586
0.308298
0.393764
0.0567999
0.0483701
0.10063
0.0906675
0.0685936
0.127779
0.0695176
0.143959
0.0733519
0.0695462
0.0365117
0.143397
0.311272
0.0335691
0.393183
0.525
0.0767078
0.0384095
0.117742
0.0746964
0.0844508
0.0393425
0.0393983
0.0608813
0.052938
0.0373174
0.183138
0.0416314
0.231351
0.103056
0.171159
0.0314983
0.0570414
0.0418758
0.163515
0.0439674
0.196638
0.0566567
0.0352373
0.129601
0.0999937
0.0361407
0.0546955
0.0292904
0.0338861
0.0596365
0.0959488
0.0529809
0.0594696
0.0305583
0.053161
0.0567899
0.0616186
0.0508458
0.0559883
0.0681894
0.0627615
0.0666714
0.121536
0.0534113
0.219114
0.0559536
0.105197
0.0529054
0.0610205
0.356271
0.0457806
0.158982
0.0952029
0.0482618
0.0382205
0.0481932
0.0522526
0.218285
0.139056
0.0521896
0.0320583
0.0512345
0.237024
0.0323223
0.0708296
0.0396619
0.060732
0.0461197
0.0465188
0.0560733
0.0307921
0.137604
0.0269404
0.168925
0.0401943
0.0873912
0.0237083
0.180795
0.444226
0.10056
0.135441
0.0688232
0.0506355
0.0646393
0.0657769
0.062368
0.0503476
0.13076
0.0444284
0.261775
0.0363968
0.0491481
0.0450292
0.0521341
0.0425377
0.225631
0.027477
0.0360794
0.0812748
0.102136
0.0380376
0.11868
0.0504689
0.0341366
0.142939
0.0849172
0.0582515
0.148472
0.0511868
0.0272249
0.12256
0.14666
0.282733
0.0560847
0.0451907
0.0528082
0.207883
0.0474426
0.0411611
0.0392553
0.0788441
0.0734366
0.0832817
0.0406212
0.0547079
0.430608
0.0392722
0.0366478
0.109021
0.367303
0.195022
0.0538172
0.0486227
0.252099
0.233434
0.13061
0.0501106
0.0421511
0.0452625
0.041161
0.0513093
0.0413224
0.0309876
0.0460258
0.0361205
0.0904995
0.121956
0.0379191
0.0883839
0.064723
0.129052
0.0486471
0.0495968
0.0455848
0.0988552
0.164458
0.0575626
0.0725494
0.0433907
0.027056
0.0351257
0.212875
0.035233
0.150326
0.111109
0.0604254
0.0935687
0.0571561
0.0915414
0.0429136
0.0478491
0.16518
0.0465035
0.0480837
0.0654138
0.26512
0.0823644
0.052488
0.0462533
0.0475612
0.0348653
0.234056
0.0393824
0.127783
0.444494
0.0393573
0.104992
0.0256809
0.0609693
0.375603
0.15777
0.0333229
0.0490332
0.0661025
0.229828
0.0327424
0.299123
0.0314218
0.130627
0.283004
0.0528702
0.325562
0.101055
0.0473291
0.0469782
0.0523532
0.0562921
0.0508404
0.0762806
0.0403986
0.168048
0.0551382
0.0382418
0.156046
0.0347205
0.106919
0.0338372
0.0349695
0.0276854
0.030289
0.03732
0.130563
0.0325888
0.0741325
0.0460371
0.0788071
0.101793
0.0548714
0.0512164
0.21622
0.0287624
0.0516113
0.149678
0.0508042
0.0400296
0.0731777
0.0908192
0.0609182
0.0746839
0.103323
0.0987097
0.102431
0.0427815
0.0435212
0.048958
0.185634
0.142415
0.0466003
0.223747
0.0654105
0.0464356
0.12067
0.0509594
0.0324058
0.0359349
0.288521
0.0480383
0.071566
0.185598
0.0498183
0.0550882
0.0893922
0.0362303
0.0443834
0.0418818
0.0493595
0.0595623
0.0481148
0.0227702
0.0483109
0.126265
0.410434
0.0349534
0.0565141
0.398705
0.377241
0.125018
0.00926387
0.0600871
0.0299409
0.176448
0.121461
0.272931
0.0494289
0.174439
0.0639734
0.148939
0.0418997
0.103365
0.109705
0.0985186
0.338449
0.047923
0.0495816
0.14566
0.142474
0.0368118
0.0952892
0.0418264
0.0739213
0.244427
0.0992957
0.17721
0.0380299
0.040415
0.191603
0.0421263
0.0365595
0.0371596
0.0498609
0.0535461
0.0451884
0.0867634
0.0435548
0.0421297
0.0428488
0.0573704
0.0684399
0.0543931
0.0332265
0.111553
0.313829
0.188108
0.0795321
0.0412517
0.0506934
0.130339
0.0718123
0.0638245
0.0510965
0.0560947
0.0382483
0.151047
0.263621
0.0578286
0.0325019
0.0628747
0.0524644
0.0531534
0.097064
0.147998
0.0609316
0.373919
0.0485504
0.0904173
0.118586
0.507343
0.0303006
0.0509917
0.05532
0.271739
0.0987752
0.042385
0.0478232
0.0486456
0.0465507
0.117856
0.0405541
0.103876
0.0572184
0.0456986
0.0696603
0.0761718
0.0477134
0.0803336
0.0485849
0.059886
0.0394576
0.0412225
0.0816573
0.0449563
0.230411
0.0517459
0.0540058
0.0451824
0.0379669
0.0576981
0.0383851
0.117169
0.0207289
0.0326764
0.0451891
0.0213403
0.0477186
0.103003
0.0531914
0.213348
0.0512558
0.0434121
0.0341519
0.0414563
0.138191
0.16462
0.288674
0.0394784
0.0339767
0.0471184
0.0465527
0.0136912
0.0448178
0.0759255
0.0829744
0.0277821
0.0725497
0.111861
0.103875
0.116796
0.0502654
0.0615955
0.363151
0.112406
0.0506188
0.0546671
0.045244
0.0429885
0.067947
0.250858
0.0340258
0.106697
0.0480902
0.0983521
0.137984
0.344755
0.055517
0.175712
0.272126
0.0449525
0.0539891
0.322887
0.0503359
0.0454543
0.318801
0.0445843
0.0467256
0.335553
0.213027
0.0449617
0.0764392
0.0305527
0.257584
0.0451772
0.0449417
0.0413823
0.0374436
0.083347
0.0429979
0.0495486
0.03703
0.072437
0.0536436
0.0283483
0.0716691
0.0403453
0.0430261
0.0821886
0.0415648
0.0404404
0.0673676
0.160577
0.289987
0.0483127
0.0444629
0.05274
0.0527582
0.0348318
0.0503559
0.0334553
0.0283388
0.42446
0.0271382
0.0461403
0.0492422
0.198443
0.067497
0.0516222
0.282989
0.0695202
0.340287
0.0519611
0.0438926
0.0476558
0.0409643
0.0287911
0.051831
0.0632363
0.0645717
0.0633104
0.121986
0.315475
0.0540106
0.0517267
0.0634511
0.219183
0.153357
0.0557834
0.0461087
0.0658603
0.0503581
0.0398961
0.0325157
0.0536239
0.050744
0.0245009
0.0453069
0.155312
0.0610954
0.0533364
0.107717
0.0598521
0.140463
0.0490446
0.044777
0.294225
0.198218
0.0372337
0.0767765
0.0437892
0.0442613
0.1209
0.111499
0.0663996
0.0676723
0.106624
0.0433936
0.332556
0.13773
0.0461507
0.0403256
0.13485
0.296567
0.198743
0.0807752
0.0498661
0.0936297
0.0593299
0.0515292
0.0610899
0.172923
0.044191
0.0351803
0.285192
0.292626
0.0465938
0.0768279
0.060909
0.0781987
0.0653877
0.0485994
0.139139
0.0483937
0.157427
0.0486797
0.0469125
0.114544
0.114521
0.066846
0.0550952
0.0371577
0.0232211
0.0619714
0.068879
0.0453464
0.0806222
0.221908
0.0391827
0.213414
0.0806583
0.165685
0.0478966
0.228124
0.0598882
0.108774
0.0428308
0.0413343
0.0875063
0.0427028
0.0474333
0.0302761
0.11213
0.06606
0.044033
0.0239699
0.0574099
0.0769013
0.050676
0.0618997
0.0607099
0.0776293
0.0387438
0.101373
0.041884
0.025372
0.0694223
0.0521339
0.023964
0.109702
0.283364
0.039775
0.0478374
0.0490366
0.025456
0.050509
0.314604
0.0577122
0.164864
0.234976
0.0832447
0.257304
0.124226
0.158253
0.0565359
0.0724414
0.141378
0.0379161
0.326288
0.0372916
0.291508
0.0722954
0.116235
0.0632596
0.0861367
0.0395269
0.195559
0.356825
0.0692057
0.0465803
0.0462268
0.0790765
0.0750981
0.037352
0.0304843
0.0489221
0.0436283
0.0187605
0.362688
0.0668387
0.0685131
0.0396246
0.094624
0.0439322
0.0281002
0.0874246
0.347584
0.127736
0.152761
0.172614
0.0481977
0.193738
0.0591284
0.0387576
0.297622
0.0336604
0.0926635
0.205943
0.126523
0.0375362
0.0393306
0.16006
0.0477366
0.0330133
0.0412623
0.0573219
0.0561969
0.195508
0.0351576
0.0414879
0.236472
0.305527
0.215264
0.0319731
0.219462
0.0453229
0.069528
0.0444376
0.0481898
0.0411603
0.113543
0.0219347
0.346967
0.063371
0.0326395
0.0899212
0.0532331
0.0783388
0.031392
0.196133
0.0562341
0.230403
0.0403382
0.0364851
0.0439705
0.0415834
0.160292
0.035662
0.0444626
0.0455755
0.0734015
0.0324283
0.37543
0.0351131
0.253558
0.0865346
0.037505
0.0248096
0.111799
0.101415
0.0577761
0.0484898
0.0815692
0.169754
0.04747
0.0541508
0.250479
0.357438
0.243194
0.0445731
0.028053
0.0364333
0.0183447
0.168081
0.0792696
0.0527721
0.0608942
0.172932
0.0969114
0.0370335
0.531724
0.0300161
0.0469995
0.0482637
0.0411842
0.149013
0.0359181
0.118259
0.035889
0.0477392
0.0483702
0.188837
0.125933
0.406663
0.0281204
0.0575847
0.304921
0.105121
0.13013
0.126538
0.147386
0.0657029
0.0781299
0.124762
0.0409624
0.0439769
0.0469741
0.0481567
0.0458597
0.147469
0.0297797
0.0605758
0.0380896
0.0792792
0.433462
0.0467049
0.0488132
0.0521179
0.0920217
0.046959
0.0543744
0.0849809
0.0850142
0.0428644
0.0506342
0.0792164
0.0783311
0.118833
0.0561959
0.412339
0.0402653
0.0474063
0.0803388
0.0739392
0.0679682
0.0374865
0.0520121
0.0520943
0.0668285
0.0494444
0.0580959
0.0834593
0.0838226
0.279788
0.0531608
0.0319123
0.0355653
0.437184
0.445493
0.283515
0.0896302
0.0442681
0.038356
0.0394083
0.0423652
0.0460897
0.0469716
0.0771875
0.16353
0.147188
0.0969079
0.119812
0.0533334
0.0729104
0.0774279
0.0516454
0.379973
0.159232
0.0296694
0.0358835
0.0441277
0.041317
0.0302694
0.163227
0.0327618
0.115083
0.0347987
0.0505324
0.338421
0.0382635
0.107323
0.0573177
0.0848691
0.0469691
0.233042
0.0510734
0.0284408
0.123222
0.0286726
0.0561752
0.0581263
0.0491502
0.0512891
0.0692335
0.0333809
0.258438
0.0588429
0.04913
0.0344235
0.239343
0.0556549
0.0886418
0.133893
0.0177404
0.0526009
0.0425903
0.0722605
0.034468
0.0730772
0.0433276
0.0640472
0.0685435
0.0738644
0.0396302
0.0465141
0.121822
0.037901
0.0742677
0.17138
0.0465713
0.0428847
0.141767
0.0573072
0.199151
0.157926
0.0283121
0.117192
0.0432539
0.0265074
0.119795
0.119441
0.332817
0.162213
0.0458829
0.0273026
0.0334201
0.0418598
0.0605619
0.0421529
0.103416
0.0514618
0.0277708
0.116595
0.0907977
0.0512751
0.033371
0.0449849
0.0765819
0.043946
0.0379295
0.0538319
0.0476224
0.037811
0.315107
0.074688
0.032737
0.0442024
0.0510805
0.0421031
0.156172
0.0485929
0.143325
0.04742
0.143645
0.0394664
0.0513108
0.0467292
0.156907
0.0853176
0.0403306
0.214918
0.0542017
0.0534154
0.127795
0.0412883
0.0654071
0.210791
0.046782
0.0435865
0.143743
0.0523549
0.0794737
0.164786
0.0927894
0.0699035
0.335387
0.0264981
0.0332681
0.0916008
0.112645
0.0259939
0.0445019
0.11945
0.0932454
0.382696
0.0388834
0.0859557
0.0750217
0.0949983
0.265723
0.043218
0.0553328
0.149147
0.0650545
0.035029
0.113055
0.0412541
0.0833408
0.0337381
0.132605
0.220979
0.0482803
0.0536599
0.0444689
0.133379
0.158223
0.0878094
0.0600255
0.221073
0.0537945
0.0454883
0.0632638
0.162389
0.0474007
0.0357794
0.0266073
0.0301571
0.0477061
0.0608559
0.0485244
0.0738691
0.056165
0.0381119
0.0394366
0.232987
0.35211
0.0400592
0.0637955
0.0563831
0.0494691
0.0736913
0.0539162
0.250386
0.0377588
0.0338598
0.275722
0.0568814
0.0234905
0.186653
0.0508108
0.310595
0.0408716
0.138908
0.323443
0.53163
0.283455
0.0288076
0.0486893
0.0998754
0.0600673
0.0436312
0.148168
0.0733996
0.174336
0.140146
0.0849016
0.148851
0.0479323
0.0521323
0.0546392
0.00830027
0.038969
0.116433
0.390651
0.261995
0.0450451
0.0702021
0.025842
0.0610492
0.0945145
0.369032
0.180681
0.0510216
0.281755
0.187009
0.0475409
0.126014
0.0469331
0.0989675
0.225602
0.0361255
0.0322833
0.0476282
0.0836536
0.0463858
0.415334
0.0807214
0.0498348
0.0517199
0.02428
0.0500459
0.239104
0.0339982
0.56066
0.039772
0.0832562
0.045549
0.0425825
0.0432767
0.0382173
0.0500743
0.0482835
0.0494306
0.134117
0.0378279
0.0457034
0.140344
0.0389874
0.0636483
0.105503
0.267272
0.125496
0.0878124
0.0505361
0.0272034
0.0704742
0.152384
0.10607
0.0487403
0.0470601
0.0611964
0.0405549
0.0553124
0.0960904
0.0281714
0.0873114
0.124548
0.031667
0.34204
0.0706503
0.164494
0.0681087
0.274453
0.0452332
0.0425497
0.151819
0.097009
0.0136859
0.0424
0.0485592
0.0390951
0.0600734
0.320119
0.529667
0.0512007
0.0947414
0.142296
0.0523398
0.048257
0.0648863
0.0324509
0.0388532
0.206995
0.116399
0.419347
0.0426082
0.136224
0.191398
0.344372
0.0591965
0.0490891
0.0494857
0.0802125
0.214382
0.0559947
0.0681986
0.043489
0.0616408
0.173647
0.301001
0.0593603
0.042145
0.325169
0.0387131
0.0734573
0.0611403
0.0383213
0.283454
0.474678
0.050964
0.387587
0.220747
0.0518467
0.0444215
0.0489618
0.0827981
0.136868
0.0434021
0.0524252
0.0576866
0.0379441
0.0323825
0.049857
0.033698
0.0337904
0.0718614
0.0321024
0.0527716
0.0320649
0.0927609
0.0661747
0.160071
0.0616183
0.034898
0.0706569
0.0569137
0.0624234
0.320213
0.0382191
0.0302671
0.0195349
0.0334378
0.155397
0.142053
0.0763298
0.0814432
0.0575674
0.300836
0.0340388
0.0598689
0.0290308
0.0384462
0.0347843
0.12283
0.237409
0.0324334
0.0474287
0.330587
0.0351379
0.0193749
0.0433711
0.0568757
0.173086
0.0454664
0.0221577
0.122571
0.0738857
0.0547871
0.0647581
0.0777499
0.0562148
0.0518708
0.0474941
0.12542
0.032689
0.04143
0.304258
0.228372
0.0898483
0.0501924
0.0434076
0.292881
0.0385718
0.0418734
0.0422309
0.0420413
0.046153
0.111718
0.0595153
0.0667132
0.100541
0.0334553
0.0532061
0.0365717
0.222077
0.099197
0.0464797
0.0412851
0.0408379
0.183238
0.332133
0.0336606
0.0459923
0.0312023
0.0398083
0.0816711
0.053062
0.256205
0.0960157
0.038942
0.132903
0.332141
0.0719303
0.0404068
0.149917
0.167665
0.0702277
0.234907
0.0961966
0.0555442
0.39245
0.0367988
0.045818
0.12426
0.260877
0.0532327
0.0727056
0.0482075
0.0324442
0.109002
0.0764573
0.0776753
0.0341581
0.0407054
0.22839
0.0355012
0.129004
0.059061
0.042211
0.326124
0.0384113
0.0561519
0.0866017
0.0272978
0.0444135
0.0719876
0.0475874
0.0384994
0.10477
0.0754531
0.0371357
0.0592956
0.082616
0.0441215
0.0288561
0.255921
0.0886578
0.306983
0.049439
0.128843
0.15417
0.236124
0.0573303
0.101389
0.0312989
0.0391458
0.0428246
0.0345516
0.0358523
0.0312654
0.0669172
0.063213
0.359283
0.0653559
0.0271439
0.0290489
0.0764767
0.335468
0.310548
0.458425
0.0313552
0.0293762
0.23732
0.352739
0.121699
0.340991
0.0340106
0.0608038
0.0633233
0.103731
0.122515
0.151037
0.105312
0.0538175
0.0360918
0.0565171
0.267886
0.190009
0.0530121
0.0464287
0.238879
0.0655966
0.0896403
0.0540135
0.0333375
0.14743
0.0488018
0.0499473
0.290112
0.0819773
0.0411732
0.0341444
0.0455965
0.21579
0.0381208
0.342316
0.0558592
0.0495574
0.0552414
0.157505
0.0334394
0.0776444
0.0235142
0.0461334
0.295145
0.0816137
0.0563966
0.0402587
0.0577042
0.0326846
0.107271
0.0508129
0.0662002
0.321497
0.0571881
0.024715
0.0792392
0.0668801
0.0177501
0.077798
0.0507792
0.0468074
0.0365237
0.236857
0.0470209
0.030845
0.0522792
0.520274
0.197129
0.0881093
0.0477281
0.0485525
0.0742092
0.0478118
0.0446773
0.068877
0.0330092
0.0629592
0.123448
0.0474764
0.0549349
0.0898079
0.0803587
0.237029
0.134259
0.0373194
0.0828264
0.0800136
0.0383126
0.0541386
0.202988
0.0953023
0.606877
0.127102
0.124242
0.0701258
0.043007
0.0856522
0.0461405
0.0649104
0.0509683
0.450939
0.0462242
0.0401185
0.113869
0.0667436
0.0981536
0.157666
0.189832
0.0426194
0.0406031
0.14556
0.0392819
0.0556914
0.310775
0.178717
0.0672614
0.0526963
0.0481826
0.118324
0.211172
0.0841241
0.12539
0.0552758
0.049193
0.0313062
0.116569
0.0393767
0.0492711
0.169296
0.0705992
0.0435971
0.0398951
0.0651101
0.0509299
0.0468143
0.0460417
0.249887
0.0511118
0.0366513
0.0387349
0.0884175
0.0478806
0.0491708
0.0384185
0.082286
0.0648848
0.0474012
0.0517341
0.0467772
0.333814
0.0491035
0.0513211
0.0305558
0.0557997
0.0381564
0.203295
0.231588
0.0858889
0.033982
0.0369674
0.0470511
0.0887428
0.0335383
0.19197
0.27917
0.0507128
0.035961
0.0284494
0.0404429
0.0432271
0.065075
0.0414485
0.0526763
0.047518
0.32916
0.0966916
0.0525286
0.0553014
0.0334164
0.258394
0.110991
0.0386446
0.0777129
0.0455042
0.0448032
0.0710946
0.0585476
0.0440089
0.117352
0.0145796
0.0747347
0.0947786
0.0510896
0.0383132
0.0492787
0.0385294
0.047412
0.0413881
0.0694998
0.0481698
0.0443932
0.0300915
0.106062
0.177607
0.0326212
0.106626
0.0490607
0.0316264
0.0351227
0.0430957
0.130186
0.0635012
0.0566383
0.032766
0.10197
0.0431798
0.0274025
0.0415845
0.0320439
0.0740356
0.05036
0.0698671
0.0618503
0.0437943
0.0363312
0.0686666
0.144121
0.0647211
0.188948
0.0425044
0.050422
0.0449788
0.19138
0.0832083
0.0430962
0.0431717
0.270032
0.296749
0.0281003
0.114793
0.171235
0.0294024
0.340438
0.139968
0.143328
0.0407397
0.0513817
0.0765939
0.0533019
0.0395612
0.0476932
0.0307185
0.0502823
0.117867
0.0500027
0.0403414
0.0631532
0.0809119
0.0374125
0.111519
0.0547384
0.0510664
0.0368731
0.0539845
0.0750546
0.182447
0.214877
0.027156
0.0355483
0.0463051
0.0263578
0.0348523
0.13787
0.17096
0.0397225
0.0386714
0.102609
0.0674759
0.251442
0.0481581
0.0536682
0.07395
0.0727779
0.0934691
0.025189
0.287097
0.0324918
0.18177
0.0293449
0.254951
0.0272664
0.0968976
0.112583
0.41017
0.0491848
0.0574174
0.224749
0.0447173
0.0580635
0.030144
0.0455477
0.0459217
0.0497187
0.0308986
0.0492305
0.0451801
0.281788
0.0643728
0.0487667
0.0475852
0.0250713
0.231313
0.348791
0.498864
0.0484346
0.0447144
0.0486782
0.0732381
0.172725
0.0934979
0.0466477
0.0617485
0.243346
0.044182
0.044753
0.0374749
0.0274765
0.0478828
0.0984502
0.0436614
0.111457
0.0387096
0.140043
0.11047
0.0445048
0.240744
0.3072
0.0537035
0.114091
0.0505897
0.0808728
0.150378
0.0581279
0.396641
0.083709
0.0500306
0.0218414
0.0358721
0.299882
0.0183623
0.050827
0.254932
0.0393796
0.149666
0.14435
0.148565
0.0416856
0.0187166
0.131951
0.058341
0.0448605
0.0725237
0.127344
0.15865
0.0442262
0.0415142
0.0805441
0.0894381
0.153547
0.0750653
0.0408505
0.0425289
0.0494948
0.22876
0.0445554
0.100182
0.12975
0.0408943
0.0564775
0.0476027
0.0993816
0.0706224
0.0598288
0.0388147
0.0472204
0.0519099
0.176971
0.0505197
0.0614882
0.0289859
0.0682002
0.235145
0.0390184
0.0375863
0.0435056
0.0924917
0.0383709
0.0272182
0.0426436
0.194208
0.0270015
0.0721789
0.0615354
0.120382
0.0515085
0.118059
0.0672473
0.600867
0.0702734
0.0644227
0.206722
0.184622
0.0447283
0.0700263
0.551506
0.0845716
0.10439
0.0992481
0.464167
0.0497669
0.287223
0.181547
0.0434015
0.018639
0.0766186
0.0736764
0.0543501
0.0519018
0.184207
0.0555635
0.246223
0.0510885
0.0475358
0.135839
0.0375485
0.112786
0.0522555
0.36609
0.0874888
0.0803995
0.113416
0.0422541
0.271514
0.270672
0.0683954
0.140487
0.167744
0.0795828
0.044372
0.0419186
0.204562
0.0563096
0.160163
0.0833421
0.0400175
0.0775124
0.0414952
0.109398
0.0160345
0.042816
0.0333996
0.0439177
0.038152
0.0986628
0.247051
0.218588
0.0698599
0.190443
0.0439323
0.0416193
0.0551671
0.0523329
0.0540511
0.0892172
0.0581479
0.0665786
0.107692
0.0247881
0.0967455
0.0492296
0.0547731
0.0263143
0.0648259
0.305831
0.0365918
0.132602
0.0780725
0.157464
0.0429429
0.103641
0.0690555
0.0220353
0.0435549
0.0906518
0.0704772
0.0438897
0.276932
0.0383802
0.0780001
0.310481
0.0452336
0.0357251
0.0512368
0.0490424
0.105855
0.044126
0.0459134
0.0872735
0.158516
0.0448512
0.0903387
0.0474853
0.0381946
0.0363988
0.226503
0.0914776
0.0491143
0.0678894
0.0805957
0.230842
0.109064
0.0355425
0.0578048
0.0611817
0.0410313
0.0423763
0.128811
0.0719943
0.0952816
0.243931
0.0540311
0.120813
0.0894683
0.0524268
0.0439572
0.0369299
0.496139
0.364431
0.055318
0.0517805
0.0442406
0.0490009
0.135649
0.0536339
0.0427269
0.0372204
0.0779235
0.153609
0.076156
0.384092
0.183774
0.0449773
0.237053
0.0537392
0.0371901
0.0611211
0.0674956
0.289181
0.104446
0.0971928
0.144627
0.138842
0.0466539
0.0347525
0.242085
0.113786
0.0564013
0.030803
0.0607332
0.0527885
0.158914
0.0627205
0.0953564
0.0425702
0.161416
0.0359644
0.0868538
0.136091
0.04133
0.0508417
0.0296493
0.0503578
0.0449149
0.11215
0.0894894
0.0447548
0.0435502
0.029057
0.0344522
0.0934484
0.0350662
0.0877253
0.438753
0.107161
0.0566867
0.0771845
0.0606995
0.0289299
0.064716
0.496172
0.0694519
0.0350906
0.0360436
0.0452498
0.140105
0.0326504
0.0413428
0.0384809
0.173581
0.0526548
0.0288976
0.0651074
0.366574
0.0439301
0.0336269
0.12521
0.0689344
0.0940244
0.0521854
0.0195253
0.0729971
0.0246399
0.0439722
0.133994
0.0849017
0.038444
0.125077
0.0505628
0.0459484
0.202623
0.317792
0.150296
0.0536771
0.0682365
0.163004
0.0908359
0.0615275
0.0757421
0.146693
0.0302825
0.470791
0.262762
0.161945
0.0423679
0.157453
0.0564574
0.103999
0.0568953
0.11606
0.0664909
0.050758
0.0400664
0.085579
0.0408073
0.049488
0.27118
0.0426832
0.249471
0.0466057
0.0459689
0.0388976
0.0415142
0.0335997
0.144332
0.23143
0.0664912
0.0425644
0.104418
0.0302973
0.132486
0.0289926
0.0943326
0.0177529
0.0744596
0.0212045
0.0373062
0.0438952
0.250808
0.0761823
0.0422277
0.137465
0.298778
0.0613175
0.0467674
0.112477
0.170563
0.0583478
0.171643
0.054654
0.0299211
0.0437105
0.0705161
0.0354504
0.0706024
0.0487457
0.0372058
0.0468173
0.0413791
0.173806
0.0504638
0.0234543
0.0438885
0.0747772
0.0719391
0.14283
0.0272275
0.0413541
0.0374456
0.0411419
0.0774317
0.0579651
0.0380134
0.0295519
0.162276
0.0485941
0.404358
0.0381431
0.0362442
0.0301968
0.0493371
0.20205
0.0277321
0.142022
0.120099
0.0422405
0.0512865
0.0591867
0.23973
0.0446492
0.220674
0.21337
0.0557782
0.106011
0.168383
0.246862
0.0453892
0.0331307
0.0451847
0.0949701
0.0336781
0.0610455
0.0974555
0.0501194
0.433801
0.0299156
0.0521417
0.0488009
0.0382906
0.0514431
0.033136
0.046994
0.0549076
0.0770661
0.0717863
0.186035
0.116832
0.041529
0.0709681
0.10721
0.196038
0.113056
0.0374471
0.059695
0.0206582
0.0776744
0.0430581
0.0900714
0.238728
0.0521619
0.0389673
0.173473
0.100931
0.0395416
0.312276
0.0459545
0.0480828
0.0722871
0.147203
0.0418997
0.117423
0.0844386
0.047636
0.0478059
0.079267
0.0572888
0.0497197
0.0446996
0.0490269
0.0589732
0.0614447
0.0476805
0.0754573
0.0269196
0.191936
0.0515557
0.0690433
0.116608
0.0769568
0.0415418
0.0382606
0.0560542
0.0739603
0.0531685
0.100315
0.0417899
0.31825
0.309416
0.0386729
0.0859421
0.0496924
0.060359
0.0445813
0.0572592
0.014681
0.0311677
0.315413
0.0362137
0.331078
0.0259089
0.246546
0.0408831
0.0580082
0.0436399
0.0443179
0.124495
0.112643
0.05077
0.0853209
0.0783854
0.0524859
0.214265
0.235922
0.0766786
0.326947
0.294961
0.258777
0.0737852
0.131395
0.0390159
0.0462245
0.036421
0.111284
0.317973
0.0552719
0.312476
0.0670336
0.0401602
0.151516
0.167487
0.143747
0.0924807
0.0763579
0.0469168
0.0681231
0.0745483
0.0648575
0.0487209
0.0553659
0.0879493
0.0366497
0.0462106
0.0593504
0.0939601
0.0535238
0.0478808
0.0407315
0.163505
0.146021
0.0299962
0.106674
0.0304952
0.0418437
0.455571
0.342602
0.16447
0.040503
0.0305585
0.185048
0.0466813
0.046002
0.147741
0.0444553
0.106379
0.0356904
0.0400325
0.0435879
0.0458043
0.402909
0.10711
0.281038
0.0262803
0.0480592
0.11992
0.0825302
0.0269035
0.31687
0.11824
0.0429492
0.0754121
0.0504784
0.0407359
0.0639203
0.0283817
0.0532835
0.0382534
0.129473
0.193496
0.0351515
0.0261182
0.0386443
0.115884
0.211575
0.125402
0.0506333
0.0396109
0.0590245
0.386709
0.0578694
0.14982
0.0378414
0.0631872
0.106997
0.0482745
0.0589101
0.085441
0.103702
0.0313377
0.0528541
0.0442297
0.0547144
0.0668946
0.319088
0.0593395
0.0486188
0.080133
0.288486
0.0498287
0.0492544
0.475228
0.181946
0.0717434
0.0567468
0.109903
0.0506446
0.0503477
0.241364
0.0490181
0.326976
0.0232004
0.0522904
0.157353
0.0482845
0.0592625
0.0400697
0.0621145
0.448702
0.0684682
0.110705
0.0677446
0.0619295
0.0832084
0.0446382
0.0739538
0.234015
0.0471965
0.0878427
0.125813
0.22305
0.0512926
0.270277
0.12887
0.170971
0.0349162
0.0371661
0.0264981
0.0521591
0.0784758
0.424883
0.377595
0.0337025
0.073842
0.0545471
0.046481
0.0658045
0.0567748
0.0462429
0.0220713
0.0880282
0.102206
0.0412171
0.0518696
0.0764041
0.0841997
0.0413291
0.0334132
0.0574912
0.247761
0.4009
0.325703
0.081856
0.346549
0.273838
0.277963
0.0503692
0.0514679
0.0457537
0.0399957
0.298512
0.379552
0.0906503
0.0429754
0.226306
0.114644
0.0550824
0.0973265
0.0674705
0.120984
0.0367145
0.0580869
0.167628
0.417078
0.0522307
0.0397005
0.0291245
0.0380897
0.0654948
0.0474627
0.094418
0.0468774
0.127743
0.0510433
0.0337062
0.0452568
0.139228
0.0544355
0.132564
0.0518086
0.0362507
0.0227795
0.427545
0.233887
0.033614
0.0190122
0.0433855
0.0597909
0.0496218
0.0434041
0.0761456
0.258497
0.0402827
0.0402668
0.13181
0.179804
0.35154
0.0313179
0.0366222
0.274594
0.0478634
0.0519241
0.0711995
0.072629
0.211134
0.256575
0.106622
0.0289405
0.145869
0.283269
0.0418306
0.0615302
0.0719979
0.0390079
0.0452922
0.0431784
0.0436688
0.0475439
0.0397656
0.432154
0.04172
0.043801
0.0364588
0.0425496
0.0943061
0.0535878
0.57738
0.125252
0.108449
0.181846
0.0399578
0.0453157
0.198604
0.0529888
0.0366246
0.0431732
0.0453002
0.0595422
0.464087
0.0477048
0.0572864
0.0948132
0.0310255
0.15478
0.0602166
0.0344932
0.0267755
0.0905765
0.0364078
0.0524581
0.0378425
0.451568
0.0478355
0.0375489
0.0433234
0.0442999
0.0510977
0.0701334
0.0369488
0.0412173
0.0404295
0.0364176
0.0433325
0.180489
0.179589
0.0456906
0.0366531
0.0353866
0.0477554
0.277672
0.0723327
0.060419
0.0566057
0.0822613
0.18431
0.0456398
0.135059
0.100695
0.0274841
0.0384814
0.052487
0.0489844
0.0475077
0.0274613
0.0511199
0.0498817
0.0527846
0.0323186
0.03862
0.0762232
0.119521
0.0574237
0.0577856
0.0599306
0.0429954
0.040594
0.238534
0.0512345
0.0467367
0.0569443
0.294381
0.0580334
0.0447122
0.0472989
0.0387805
0.0426317
0.448412
0.0434769
0.183846
0.0688116
0.193964
0.0857964
0.0683409
0.155633
0.0462738
0.0464546
0.113642
0.0723521
0.0400581
0.18911
0.154217
0.0255864
0.104924
0.0445369
0.336694
0.0997847
0.0709653
0.436351
0.0393645
0.0315984
0.0674023
0.210174
0.0594869
0.0341384
0.0305551
0.0711041
0.0431566
0.266415
0.0419962
0.0554937
0.0343934
0.0503863
0.0876037
0.079418
0.0622313
0.373389
0.12032
0.0538007
0.0969208
0.0534239
0.0544731
0.039958
0.531119
0.0528855
0.0529379
0.0375475
0.091666
0.121934
0.0881955
0.279489
0.0795191
0.0438549
0.0321854
0.154146
0.0485263
0.0340435
0.0529322
0.0440452
0.115018
0.108202
0.194548
0.0405932
0.062543
0.0351093
0.0965369
0.0584838
0.0547799
0.425272
0.101774
0.0623396
0.243624
0.0352862
0.0798615
0.0492318
0.034213
0.0724879
0.0612003
0.231124
0.109109
0.0496086
0.0508497
0.0391424
0.359977
0.0459115
0.0409344
0.0604763
0.103735
0.0859032
0.0588261
0.0509078
0.0540304
0.0509693
0.0378369
0.04366
0.171625
0.0405814
0.0211552
0.0299302
0.136159
0.0617675
0.0316901
0.0424012
0.116875
0.0536776
0.0474253
0.107118
0.1583
0.0708917
0.0545753
0.0622938
0.200048
0.0562712
0.0538752
0.0514774
0.11578
0.0426577
0.0410249
0.2065
0.044404
0.0447255
0.0530434
0.0429586
0.0297433
0.0363264
0.053548
0.181807
0.0480193
0.0366024
0.0538012
0.0607794
0.0297496
0.0766279
0.0397851
0.0236536
0.0220321
0.0431705
0.108814
0.051174
0.0457585
0.0330823
0.122544
0.0500572
0.0846415
0.0456854
0.0592317
0.12153
0.0408998
0.172463
0.0529134
0.106783
0.101947
0.0424833
0.0834472
0.0843869
0.0992045
0.0516969
0.0589449
0.30865
0.0402999
0.0878161
0.0451615
0.0717696
0.0656409
0.0360814
0.0697439
0.084028
0.193898
0.0484711
0.112155
0.120161
0.043006
0.0363436
0.0383411
0.0423826
0.0497671
0.034299
0.0401366
0.0354263
0.0458778
0.173745
0.0707803
0.0750144
0.0795006
0.160817
0.033743
0.050078
0.0807793
0.146854
0.039674
0.0401481
0.131501
0.237118
0.0413228
0.0338227
0.0535599
0.132983
0.11681
0.304286
0.0890535
0.0393842
0.0665285
0.111001
0.0991213
0.0769223
0.0524
0.0409948
0.0389401
0.0816907
0.118228
0.0313391
0.148375
0.131538
0.0661413
0.157622
0.0513798
0.0600031
0.0362573
0.0349773
0.343052
0.0903389
0.191781
0.098824
0.328855
0.0442156
0.0509542
0.0428676
0.0761473
0.0240225
0.0841385
0.0409119
0.322526
0.133879
0.0504999
0.0928997
0.0471087
0.11336
0.0970495
0.0425314
0.0470418
0.227128
0.0459545
0.036797
0.384964
0.0472631
0.0242744
0.0401527
0.0841975
0.03527
0.0929258
0.326821
0.0432208
0.0335662
0.0759498
0.0813291
0.0630706
0.0360218
0.0480621
0.0325575
0.0316222
0.0330255
0.0493357
0.114816
0.0407776
0.034095
0.0761774
0.0511515
0.0388465
0.0440138
0.104714
0.0408901
0.0426052
0.218224
0.193355
0.105862
0.118141
0.0424836
0.0442373
0.0475848
0.100839
0.145412
0.0521524
0.0328674
0.0630794
0.0762902
0.0661451
0.180164
0.110863
0.0662767
0.043322
0.0485458
0.0484567
0.131566
0.0518523
0.0951063
0.0455813
0.0425986
0.0591493
0.045799
0.0413788
0.121132
0.0334729
0.0469485
0.122344
0.0788072
0.0525726
0.0358475
0.0263427
0.276354
0.0924532
0.166309
0.0286911
0.0536326
0.112548
0.0314608
0.147223
0.125303
0.0454696
0.0292642
0.065171
0.209416
0.0385493
0.0514335
0.0516075
0.0428161
0.0638725
0.0505319
0.106073
0.0498705
0.0390795
0.0514006
0.212729
0.0521462
0.262161
0.0704195
0.0558611
0.104786
0.127775
0.0723847
0.109428
0.053956
0.104776
0.0349741
0.0440923
0.127219
0.139976
0.0757543
0.239778
0.035085
0.0468824
0.0601205
0.0535909
0.0534331
0.117711
0.0589693
0.415995
0.0439414
0.040733
0.0357108
0.0537329
0.429541
0.308855
0.131324
0.0361338
0.140497
0.4979
0.10975
0.0410535
0.044674
0.0618035
0.0722856
0.0827894
0.08044
0.155153
0.0374503
0.0492287
0.0960171
0.260959
0.207577
0.0930359
0.129091
0.0499095
0.0473227
0.0697399
0.0405446
0.133368
0.171875
0.155803
0.327248
0.428779
0.174924
0.345712
0.0646337
0.023406
0.032644
0.053501
0.308499
0.101435
0.0386387
0.069563
0.140871
0.0503873
0.0429662
0.0808239
0.0577263
0.118438
0.0740569
0.0500563
0.0529053
0.3488
0.0281213
0.051528
0.10624
0.468623
0.0474202
0.0436696
0.0535531
0.490961
0.0306031
0.286443
0.077153
0.033632
0.0868094
0.0439823
0.0305816
0.110536
0.0353706
0.0453621
0.04432
0.0339052
0.0382917
0.0535499
0.0608778
0.10702
0.0400138
0.110043
0.0714142
0.407715
0.0404458
0.130184
0.434554
0.0670078
0.0537926
0.0667632
0.0419024
0.11625
0.0329472
0.0338035
0.0437403
0.0555304
0.121051
0.0446463
0.0465345
0.0554109
0.188378
0.0302518
0.0467083
0.0399306
0.0880959
0.0799409
0.0542528
0.0856406
0.125848
0.11458
0.0750622
0.0807893
0.077954
0.057948
0.133153
0.260062
0.0360573
0.0511013
0.0556043
0.162564
0.0327786
0.176873
0.139182
0.107326
0.181097
0.187824
0.0772487
0.481563
0.113267
0.0316033
0.0440161
0.042367
0.0409546
0.41645
0.407551
0.0453045
0.0494483
0.169532
0.0602817
0.141652
0.0493437
0.0441405
0.14268
0.0500144
0.0496909
0.0759864
0.0671876
0.166526
0.137625
0.0924542
0.130895
0.045691
0.0787391
0.0709756
0.141909
0.0498672
0.0389661
0.0582419
0.060307
0.120994
0.169188
0.0629787
0.395717
0.316767
0.0746844
0.0527452
0.279417
0.0567768
0.110416
0.146485
0.363299
0.0402083
0.0840951
0.0727969
0.036287
0.0438026
0.0608699
0.037216
0.0455812
0.0586688
0.156641
0.0790406
0.0411998
0.0497994
0.393808
0.242232
0.0433377
0.0716269
0.124289
0.0580364
0.126721
0.0390467
0.0801996
0.058393
0.23266
0.0300552
0.100522
0.130526
0.0640892
0.44052
0.0365081
0.323536
0.0344959
0.134491
0.0436301
0.0534999
0.0442398
0.0597272
0.0391729
0.0467581
0.0472157
0.0963671
0.3145
0.0479114
0.0470659
0.0428539
0.0733145
0.0551996
0.0468585
0.0625219
0.078643
0.0342515
0.281392
0.377027
0.101902
0.118178
0.0349209
0.378423
0.0687106
0.160214
0.0399221
0.0389242
0.0824916
0.197148
0.160978
0.0559826
0.140962
0.0519809
0.0756916
0.202205
0.0493925
0.150046
0.121802
0.100466
0.354212
0.0487345
0.0331014
0.127598
0.0880015
0.0325536
0.159302
0.0407559
0.418344
0.0766281
0.165426
0.227799
0.0656091
0.0359834
0.0329736
0.0472933
0.056506
0.0301089
0.300791
0.136385
0.0362755
0.0512644
0.0473521
0.151059
0.0288379
0.0338581
0.094643
0.0919127
0.0334075
0.141336
0.0315659
0.0462794
0.0409937
0.0798705
0.0429299
0.0818948
0.0469557
0.0509864
0.047919
0.0389416
0.0387774
0.0384606
0.0718605
0.396546
0.0752968
0.376871
0.0576556
0.174849
0.11448
0.0440091
0.0370775
0.0654053
0.210436
0.0353444
0.0490614
0.0660334
0.274191
0.0667124
0.0225119
0.0451184
0.0980674
0.0489304
0.0644555
0.0338111
0.0352772
0.0653616
0.103128
0.0428357
0.0575489
0.0306048
0.0467656
0.120032
0.419539
0.0858785
0.0328283
0.0507877
0.0965608
0.0681463
0.0505954
0.0689028
0.0429043
0.0600389
0.053177
0.0321064
0.0426963
0.323842
0.125307
0.439221
0.0449236
0.380329
0.0642624
0.032333
0.0450077
0.262916
0.0530426
0.0382487
0.0345435
0.0418672
0.0527546
0.0505487
0.0731846
0.111985
0.0278705
0.0450857
0.0688191
0.0472009
0.0470268
0.202046
0.152409
0.0377327
0.0725145
0.0402714
0.0846324
0.0509378
0.0570328
0.0578931
0.0329774
0.0476895
0.0800561
0.332923
0.0385327
0.051579
0.0728756
0.0345748
0.0415131
0.0304433
0.0213554
0.0455725
0.062261
0.0903879
0.0342559
0.0369704
0.0849443
0.253372
0.0543295
0.043738
0.272544
0.147541
0.176787
0.043145
0.0377532
0.054244
0.036192
0.256743
0.171134
0.0520339
0.0585646
0.0841802
0.0681025
0.054055
0.0551712
0.0629549
0.0387925
0.0495738
0.113173
0.0446995
0.190113
0.0583632
0.0495865
0.0676262
0.0410597
0.05069
0.033843
0.271187
0.029909
0.0377088
0.336415
0.0445165
0.044329
0.271653
0.0621454
0.239325
0.0355367
0.0467224
0.0455827
0.0404695
0.0451147
0.0760701
0.0550141
0.199017
0.0712982
0.106336
0.112041
0.0486471
0.0133624
0.146471
0.07044
0.0358318
0.358902
0.040487
0.0460689
0.0346483
0.484897
0.0501355
0.0645049
0.0986993
0.265978
0.0829085
0.0639469
0.0391068
0.0513821
0.0673756
0.0689874
0.0601895
0.334274
0.0539197
0.0574147
0.0427187
0.312666
0.0592261
0.178603
0.1282
0.0381829
0.0497246
0.0594059
0.138221
0.0965528
0.0408464
0.136762
0.047302
0.0320468
0.026756
0.0649573
0.204945
0.0433001
0.154839
0.0406975
0.0529569
0.045357
0.0386651
0.0479634
0.212323
0.158178
0.0596571
0.0483653
0.0352199
0.0425072
0.0433046
0.127333
0.34538
0.19567
0.0656276
0.0837561
0.0424064
0.355891
0.132611
0.0442345
0.0354371
0.204463
0.177911
0.474432
0.101988
0.223429
0.0321053
0.0411708
0.049787
0.081508
0.2483
0.0805092
0.0412194
0.119571
0.0440808
0.0374979
0.0849949
0.0471443
0.0512232
0.116745
0.36907
0.310624
0.141514
0.0315097
0.0783511
0.0372442
0.0230621
0.0879026
0.311866
0.0381042
0.126685
0.0957302
0.0433365
0.11668
0.30539
0.0393283
0.0383595
0.0901547
0.0466516
0.0781245
0.247233
0.160089
0.0425131
0.0446273
0.121167
0.0418088
0.0393802
0.0603068
0.0332255
0.0413367
0.0138891
0.0992161
0.463995
0.074052
0.342659
0.275648
0.122779
0.0583859
0.033879
0.0912566
0.0550297
0.0915353
0.0258405
0.0382399
0.0623407
0.0690349
0.145037
0.0377621
0.231177
0.105221
0.0782737
0.104735
0.0158413
0.31423
0.0222756
0.0484894
0.0513635
0.400872
0.164744
0.0398922
0.0782252
0.0619051
0.0415054
0.0276122
0.039142
0.0558898
0.229046
0.0443908
0.0327959
0.0767367
0.340832
0.0356236
0.0445004
0.0119371
0.0419741
0.0523853
0.0558188
0.034421
0.0597019
0.0312039
0.0549074
0.0404968
0.038489
0.0458653
0.0479514
0.07032
0.0404158
0.149921
0.108899
0.0460681
0.0472946
0.0410579
0.0400751
0.0410564
0.0722264
0.122577
0.0427698
0.0973154
0.0213929
0.0431427
0.0618273
0.0519167
0.0547023
0.0380144
0.515215
0.11282
0.0633022
0.0697849
0.0702778
0.0315746
0.172944
0.0479921
0.033517
0.0515769
0.0698268
0.0599686
0.264227
0.17152
0.16436
0.0448207
0.163971
0.0295096
0.0362012
0.0406208
0.0510848
0.0668704
0.206093
0.0352359
0.0333325
0.061871
0.281296
0.0426055
0.0469882
0.296755
0.0735178
0.0430867
0.0539717
0.0924111
0.0464432
0.0918187
0.147542
0.0799127
0.0467085
0.0893904
0.0533558
0.0506456
0.0648972
0.0853843
0.0449818
0.0352857
0.0619037
0.0536477
0.0391376
0.134529
0.0405789
0.0517
0.0499538
0.152966
0.0611422
0.0520587
0.0864514
0.026701
0.173074
0.0360382
0.038785
0.0386788
0.0412383
0.0481637
0.0559626
0.0411834
0.0622013
0.0539969
0.0750339
0.0355654
0.125933
0.0745567
0.0994932
0.0391645
0.0400414
0.0346095
0.0291423
0.0382093
0.0362521
0.0446708
0.107141
0.652423
0.0321008
0.192525
0.0700177
0.0588912
0.0223403
0.0428266
0.0606989
0.11655
0.040047
0.269427
0.0411115
0.0363163
0.170001
0.147985
0.22141
0.0330141
0.0828997
0.043413
0.044282
0.0570151
0.0713943
0.0381693
0.205633
0.190295
0.0514734
0.134146
0.0346081
0.0275588
0.219723
0.106687
0.1014
0.0595476
0.0746509
0.0547887
0.093536
0.0506855
0.102517
0.0341174
0.0258475
0.0454625
0.0496607
0.070814
0.0777512
0.0366433
0.043632
0.335072
0.0285879
0.0512105
0.0175491
0.038716
0.251001
0.0472268
0.070888
0.0441758
0.0984881
0.0509035
0.0873245
0.0606264
0.0425657
0.0661433
0.0381423
0.0713835
0.236618
0.0212809
0.174857
0.03185
0.271927
0.0490004
0.0506951
0.189373
0.183261
0.0336976
0.0434148
0.0516998
0.172356
0.0521228
0.169466
0.143372
0.0771812
0.329
0.0842988
0.0477531
0.0451147
0.397625
0.0368983
0.0807508
0.0568738
0.0388739
0.0234083
0.214664
0.0335125
0.0745317
0.0399852
0.042303
0.342277
0.0328375
0.365067
0.117982
0.0491954
0.104307
0.135928
0.239235
0.0334247
0.0695288
0.142559
0.081358
0.0713283
0.0511007
0.0483097
0.266157
0.0471454
0.0486261
0.0481772
0.035955
0.0752138
0.03371
0.0247155
0.0698145
0.0254778
0.0431286
0.0534299
0.126478
0.0528223
0.0467665
0.0456956
0.0447407
0.0434132
0.0408505
0.0456034
0.0408646
0.0760464
0.0405237
0.0946811
0.0794458
0.0561576
0.0235845
0.0256571
0.0349589
0.073547
0.0707889
0.0724374
0.298959
0.114382
0.438278
0.0727167
0.0342381
0.064737
0.024159
0.0508896
0.0550042
0.0522969
0.13495
0.0468405
0.101298
0.0458588
0.0365221
0.327527
0.326314
0.0379999
0.112582
0.0430132
0.062285
0.407461
0.145133
0.0614698
0.185039
0.0587408
0.0891552
0.119566
0.0452813
0.117015
0.0841597
0.0577363
0.381721
0.0338977
0.0959442
0.0514309
0.0370954
0.157633
0.048773
0.087168
0.136163
0.0443919
0.116588
0.0461386
0.346821
0.173504
0.0722598
0.0396395
0.028408
0.0495318
0.0839747
0.289145
0.0820643
0.0997892
0.0436303
0.117541
0.354818
0.270614
0.0446575
0.160785
0.0960538
0.141505
0.0732427
0.0447687
0.238035
0.0463466
0.431781
0.0379732
0.168363
0.163846
0.114982
0.0476315
0.0876398
0.0535503
0.0437042
0.114218
0.164311
0.224103
0.112837
0.180839
0.0518409
0.0539953
0.0868052
0.0438186
0.0661329
0.0389954
0.0486797
0.0390932
0.330272
0.058026
0.0438031
0.0572369
0.0538559
0.0429752
0.0409816
0.0373955
0.0455914
0.0452527
0.0504472
0.0527757
0.0198721
0.0692401
0.0385514
0.0732889
0.21273
0.251227
0.0344061
0.0402082
0.0481687
0.023253
0.093556
0.0472136
0.0953766
0.084569
0.0544627
0.0852811
0.0358592
0.0520971
0.0412298
0.0392689
0.0481178
0.0518887
0.0527976
0.0743889
0.0476532
0.272202
0.0510584
0.0672525
0.0659039
0.0533078
0.0379297
0.053296
0.0696978
0.0475714
0.0429225
0.299501
0.0762731
0.0267547
0.0301319
0.185106
0.0320139
0.166141
0.0373974
0.0187046
0.0348257
0.0388569
0.0521538
0.0414258
0.158458
0.0601869
0.0368911
0.0227924
0.041021
0.464236
0.0188279
0.0785512
0.11886
0.0317263
0.0532153
0.0506766
0.0433603
0.269628
0.0474132
0.237375
0.0422644
0.0441439
0.0670774
0.0401659
0.0441785
0.20289
0.0515355
0.0517484
0.244765
0.0999832
0.173881
0.0353703
0.189161
0.0453467
0.07618
0.0589362
0.0566215
0.0422356
0.0339367
0.0302683
0.110473
0.191204
0.083308
0.106762
0.0831196
0.14939
0.084523
0.0431207
0.096692
0.299454
0.39432
0.307186
0.0839994
0.164066
0.085906
0.0712429
0.0586737
0.057237
0.353482
0.255569
0.134518
0.0667409
0.0731082
0.0218285
0.0452615
0.0392151
0.0753301
0.236444
0.140736
0.050361
0.0613042
0.0410904
0.2574
0.040436
0.0400555
0.213353
0.0574779
0.128414
0.0453594
0.108158
0.0492097
0.0653773
0.0418416
0.0496157
0.130599
0.0325243
0.105783
0.0376501
0.0462151
0.0701015
0.0521098
0.173736
0.0549387
0.0760338
0.262495
0.0711548
0.0703634
0.0655823
0.038913
0.0451031
0.07652
0.0461943
0.116552
0.0477347
0.0645132
0.13414
0.0578387
0.0579332
0.0812412
0.037919
0.0347118
0.0413258
0.0515513
0.0252291
0.283359
0.0448256
0.046276
0.0376367
0.0471647
0.118211
0.0526453
0.042243
0.0642509
0.0644509
0.0512893
0.0182774
0.0409363
0.0461191
0.16067
0.0571086
0.0394772
0.24509
0.0447418
0.0354699
0.159797
0.0162438
0.0459538
0.0649209
0.049872
0.293324
0.0306028
0.0240384
0.0410474
0.0751783
0.0421129
0.0830468
0.0552145
0.445834
0.0783037
0.200947
0.0809304
0.16879
0.0149518
0.0478917
0.245197
0.128226
0.0312648
0.0747821
0.174056
0.026993
0.0934563
0.0670456
0.0382317
0.236863
0.131161
0.0425415
0.0471588
0.203358
0.0474794
0.0440455
0.0464272
0.0601501
