0.00152637
0.0418825
0.0501513
0.00739966
0.0228094
0.096263
0.0172904
0.0474277
0.0574059
0.03882
0.0532008
0.0770116
0.104328
0.0175626
0.0661763
0.0611481
0.0391374
0.040844
0.0605269
0.121144
0.0364419
0.0182095
0.0287282
0.0287811
0.0467995
0.0526141
0.0293633
0.031901
0.14807
0.0849111
0.020292
0.0887061
0.0025525
0.0529094
0.0831366
0.152918
0.024655
0.021446
0.0674528
0.0397221
0.0798271
0.0223372
0.024483
0.0586795
0.0199477
0.0243769
0.0136328
0.0132505
0.00748508
0.0231583
0.0297208
0.0120881
0.0399926
0.0421228
0.0932804
0.0977075
0.157823
0.0352047
0.0546576
0.0218407
0.0600824
0.027825
0.0535463
0.0248459
0.0427357
0.0268842
0.0130082
0.0382209
0.0251309
0.0662929
0.0299686
0.0161754
0.0231952
0.0625639
0.0636801
0.0651811
0.0343284
0.0257883
0.0321212
0.0264714
0.020475
0.00757372
0.084991
0.0194375
0.0325087
0.114145
0.0648937
0.00931295
0.0516715
0.119166
0.120411
0.0431668
0.00972758
0.0757495
0.0210977
0.0640959
0.0403137
0.165889
0.0243294
0.0783301
0.12861
0.0483915
0.0356048
0.0339137
0.0245266
0.0547069
0.0661296
0.0150855
0.0778557
0.0692858
0.0400239
0.0622248
0.0301592
0.0899469
0.063185
0.0309957
0.0585761
0.12794
0.0378749
0.123712
0.00500866
0.0230453
0.107843
0.0506044
0.0311833
0.101022
0.0561258
0.0473099
0.0305442
0.0273358
0.099076
0.0720674
0.0644247
0.0625427
0.0266228
0.192019
0.102774
0.0933513
0.0464855
0.0575418
0.0509839
0.0592541
0.0434786
0.0371369
0.0629635
0.0630516
0.0436865
0.0259076
0.0750273
0.039176
0.029279
0.0377716
0.059389
0.0588973
0.017783
0.064576
0.0411022
0.0879355
0.0332336
0.00543922
0.05718
0.0856273
0.0659949
0.0765592
0.0259709
0.0240248
0.117552
0.026583
0.0423228
0.0340675
0.0683384
0.0276855
0.0412642
0.0735755
0.097691
0.0285849
0.0421451
0.0477309
0.0406144
0.0563674
0.0135931
0.0400958
0.0176454
0.0611692
0.0486832
0.0469305
0.0235114
0.034027
0.0831663
0.0681345
0.041648
0.112542
0.0516272
0.056872
0.0458943
0.0761001
0.104339
0.0420754
0.028951
0.0218616
0.0393187
0.0620935
0.0635751
0.168638
0.0342004
0.0312246
0.0496454
0.116927
0.0303698
0.036427
0.0437924
0.0964813
0.0358326
0.0775833
0.0615346
0.0397742
0.0774539
0.0483036
0.0393031
0.0275857
0.0275487
0.103881
0.0226049
0.111236
0.0788129
0.0176268
0.0303015
0.061879
0.0354507
0.0283317
0.0122535
0.0375799
0.0439928
0.0351868
0.0171233
0.0448768
0.144944
0.110399
0.0426934
0.0288089
0.0657294
0.0414712
0.0572804
0.00489061
0.0481567
0.0647005
0.0833582
0.0870117
0.0147113
0.151455
0.0211738
0.0434306
0.0394256
0.0684383
0.0137323
0.0444883
0.0641307
0.0659469
0.0613741
0.0564368
0.0154267
0.0320881
0.047199
0.0331024
0.120122
0.00872083
0.0131788
0.0256623
0.0393626
0.0605867
0.0419386
0.0558843
0.0682423
0.033713
0.0100128
0.01849
0.0757123
0.0755106
0.0698496
0.00691101
0.0224961
0.087715
0.0564273
0.0187606
0.0688732
0.083216
0.126013
0.0591994
0.0540124
0.0389355
0.0557583
0.0127602
0.0908915
0.0452046
0.0508568
0.0465264
0.0620951
0.0385837
0.0687573
0.0413488
0.0319267
0.0564962
0.0510779
0.0558244
0.0892064
0.0364088
0.037687
0.0488787
0.0566605
0.0926701
0.0566685
0.062644
0.0587495
0.0511418
0.0386681
0.0875786
0.0548972
0.0731126
0.031738
0.0596099
0.0777987
0.0420618
0.0297409
0.0651999
0.0640512
0.0300803
0.0246177
0.0400816
0.0226103
0.037558
0.0541497
0.0398078
0.0960321
0.0393865
0.0320458
0.051869
0.0796964
0.048515
0.0715979
0.0714543
0.0226382
0.018376
0.115498
0.02468
0.052585
0.07903
0.0538322
0.0477555
0.0634539
0.0660611
0.0573568
0.0486824
0.0475252
0.0625414
0.0351422
0.0960806
0.0325557
0.0161027
0.0482128
0.054758
0.0996889
0.0447882
0.0870961
0.0539438
0.057673
0.0441653
0.0223389
0.0405935
0.0211239
0.0306103
0.0343833
0.111036
0.0625197
0.0246175
0.048626
0.0990263
0.0330427
0.0645085
0.124257
0.121742
0.0658649
0.0366507
0.0371896
0.0180101
0.0396826
0.0166172
0.118555
0.0392537
0.0300302
0.0618233
0.01895
0.0345131
0.0597858
0.0197856
0.0218051
0.0900679
0.0706218
0.0240914
0.0891472
0.0550286
0.0520495
0.0394022
0.0427879
0.108102
0.0239583
0.0156383
0.0322872
0.0645689
0.0896994
0.0325457
0.0413801
0.0114709
0.0686233
0.0700512
0.0790115
0.0416865
0.0343987
0.161692
0.0573917
0.0928795
0.0135158
0.0717802
0.0500038
0.0841613
0.0336547
0.0635015
0.062892
0.00240608
0.0344143
0.0853992
0.067627
0.0113765
0.0526652
0.0264207
0.0381745
0.107288
0.0305777
0.050968
0.0308613
0.0762403
0.0288983
0.0719512
0.0913056
0.0438193
0.0333128
0.0941992
0.0597087
0.0879669
0.0986234
0.0880858
0.0575371
0.0764974
0.0423441
0.0399198
0.0555622
0.0948154
0.0442191
0.1321
0.057235
0.0463142
0.0281401
0.0535265
0.0365927
0.116575
0.0451343
0.0670344
0.0632196
0.0539045
0.0569048
0.0321452
0.0342993
0.0399959
0.11064
0.0272443
0.0546436
0.0484331
0.0464415
0.0315176
0.0206592
0.0557869
0.0373822
0.0197275
0.021849
0.0652362
0.0355053
0.0304689
0.0494075
0.0597811
0.0770756
0.0295254
0.0494671
0.0212854
0.0268061
0.0272539
0.152509
0.0543106
0.0695289
0.0592144
0.0683937
0.0817774
0.0459444
0.0664507
0.0363368
0.0362291
0.031301
0.0462305
0.0824508
0.0268932
0.0444989
0.0329912
0.0518836
0.102317
0.0523683
0.0618789
0.0628057
0.0751693
0.0606126
0.0740141
0.114585
0.0435825
0.0262274
0.0322022
0.0706584
0.0187459
0.0632173
0.0330964
0.0281711
0.0913775
0.0540875
0.0394004
0.00735534
0.0429582
0.0104286
0.0351294
0.0345268
0.0403058
0.0311761
0.0446365
0.00481577
0.0418787
0.035495
0.0971001
0.0422962
0.0139267
0.0630895
0.107063
0.0800464
0.0645224
0.0521892
0.0581063
0.0798421
0.0848976
0.0308358
0.0426292
0.0554233
0.033565
0.0804211
0.0278555
0.0452073
0.0631959
0.0517744
0.0182519
0.00101844
0.0872807
0.0744239
0.0294507
0.0653301
0.0370766
0.0314522
0.0830955
0.0470658
0.0174916
0.0258067
0.101636
0.0274381
0.0187419
0.0278996
0.155003
0.0185987
0.0464174
0.117234
0.0705929
0.0484269
0.0140099
0.0546675
0.0283642
0.0560217
0.0613645
0.0910594
0.0225648
0.14126
0.0213914
0.0422241
0.0139221
0.0550507
0.0509409
0.0390039
0.011939
0.00663918
0.0306883
0.0415926
0.0645096
0.0398448
0.0264591
0.0369067
0.113431
0.025814
0.0266042
0.0676943
0.0199128
0.0109866
0.0897073
0.083924
0.0430832
0.115982
0.114507
0.0801741
0.0543983
0.0676442
0.0726152
0.019879
0.0481166
0.0772412
0.0202924
0.0408599
0.0528448
0.0618729
0.0728604
0.0335087
0.0907097
0.0816737
0.076163
0.0429006
0.106783
0.0634373
0.0936614
0.0705895
0.0916038
0.0620496
0.0897968
0.0322075
0.00336727
0.0621755
0.0947556
0.0847091
0.0577739
0.0946283
0.10427
0.0195834
0.0729763
0.161686
0.0703552
0.0378793
0.0618599
0.0409382
0.0327153
0.0214872
0.0243666
0.0220135
0.0473256
0.056996
0.105511
0.0320815
0.0333129
0.0473619
0.052125
0.0316226
0.141071
0.0494669
0.0197959
0.0549511
0.0428832
0.0482576
0.0269248
0.0314295
0.0786163
0.0246146
0.0345498
0.0647259
0.0700334
0.0128478
0.038612
0.0662613
0.109193
0.0314226
0.023157
0.02362
0.029841
0.056773
0.0439071
0.0368175
0.0201882
0.072367
0.0589872
0.0250848
0.0415289
0.0384979
0.0204202
0.0685039
0.0407324
0.011628
0.0349418
0.0170143
0.0243684
0.0741195
0.0612205
0.0559995
0.043063
0.0212785
0.0512211
0.0261958
0.0345181
0.0437126
0.088322
0.00379454
0.0445169
0.0417182
0.00991392
0.0388178
0.0543797
0.0993573
0.0797359
0.0464291
0.0210822
0.0269414
0.0483607
0.0577843
0.121852
0.0568556
0.0919618
0.0459386
0.0372606
0.129074
0.0525522
0.051482
0.0714291
0.041445
0.0414379
0.0776331
0.0435241
0.0623935
0.00133899
0.0251382
0.0489479
0.0190119
0.0250812
0.0474464
0.0512153
0.0720319
0.0489673
0.110301
0.0661013
0.0574365
0.0631186
0.0227804
0.0682817
0.0466154
0.0419255
0.10793
0.0512326
0.0368757
0.0627971
0.0371751
0.030172
0.0656494
0.09882
0.00894901
0.0106538
0.0437165
0.0477917
0.0705329
0.0401585
0.0617942
0.059118
0.0570825
0.0477611
0.0601405
0.0772709
0.103617
0.0210698
0.0470906
0.133193
0.061424
0.0459281
0.0491474
0.0659599
0.0429962
0.0617684
0.0442041
0.0917648
0.0797042
0.120217
0.0180812
0.034074
0.0467868
0.0287042
0.0468757
0.0197165
0.0529397
0.078663
0.0263681
0.0505677
0.049808
0.0181225
0.0521667
0.0401052
0.106982
0.0308524
0.0369959
0.0458284
0.026042
0.121886
0.0305769
0.0520823
0.0167808
0.0537428
0.203732
0.0723073
0.0754835
0.0815657
0.0656471
0.0735665
0.0582272
0.0515607
0.0730415
0.065022
0.0483367
0.0384055
0.0499792
0.00292642
0.0599053
0.0326582
0.0945496
0.00256683
0.0513102
0.0579144
0.0575387
0.0901983
0.0664058
0.0343305
0.0535303
0.0435272
0.0635564
0.0541743
0.0285443
0.0374673
0.0205932
0.0793729
0.100627
0.0360499
0.025671
0.0425531
0.0445096
0.054766
0.0315277
0.105851
0.079124
0.0661793
0.0845071
0.0637118
0.0658539
0.0419751
0.0554968
0.0231454
0.0782841
0.0206178
0.0472148
0.0293735
0.113675
0.0493453
0.0522274
0.0398719
0.00870009
0.124096
0.0456801
0.0601436
0.0924578
0.0370907
0.0337822
0.0717758
0.0363602
0.0245675
0.0622929
0.0347838
0.0355454
0.0193369
0.0200633
0.045053
0.0482769
0.0251816
0.0790894
0.0367871
0.0457436
0.0208118
0.0127402
0.022199
0.0558394
0.0726393
0.058212
0.0280291
0.115024
0.109864
0.0282725
0.0276351
0.051832
0.00576951
0.0988174
0.0346898
0.0770517
0.0433604
0.044188
0.0333462
0.0302079
0.0346397
0.0328936
0.0413372
0.060196
0.0761149
0.0612861
0.101917
0.03991
0.0392233
0.0474231
0.0429594
0.0252798
0.0542587
0.0224117
0.0428439
0.0183415
0.0138175
0.0471587
0.0202787
0.0185513
0.022771
0.053857
0.0916335
0.0795546
0.0686855
0.0683778
0.0816587
0.0367422
0.0750078
0.0690804
0.0553524
0.0195107
0.0514358
0.0374333
0.0611261
0.0445959
0.0318518
0.0242398
0.0613023
0.127503
0.0667068
0.0343686
0.0368079
0.0155047
0.0712106
0.158205
0.0329356
0.0161718
0.0744496
0.16732
0.125102
0.0318739
0.0365183
0.0213456
0.0708487
0.106947
0.0393122
0.0810563
0.0462278
0.0701897
0.109857
0.063652
0.0176641
0.0218042
0.0345173
0.0726794
0.0645319
0.0149799
0.0632489
0.116481
0.0917994
0.0209473
0.0522109
0.0500103
0.0255839
0.0653978
0.0321173
0.0594687
0.0540682
0.0267241
0.0447237
0.0734458
0.0429333
0.0252438
0.0636482
0.0630734
0.0391323
0.0257344
0.0538821
0.0293994
0.0527644
0.0587902
0.0626539
0.0791877
0.00629244
0.0837192
0.056192
0.0618033
0.0261521
0.0399548
0.0637201
0.0448444
0.0524937
0.0288194
0.0300396
0.0690452
0.0939907
0.0473305
0.0400225
0.0243399
0.0445488
0.0517036
0.0231149
0.0624787
0.0288548
0.0242332
0.150387
0.0422591
0.0692078
0.0492566
0.0459766
0.0629423
0.0403688
0.112699
0.0357308
0.0253188
0.0333629
0.0440436
0.0480117
0.0587023
0.0215549
0.0943101
0.0532942
0.0590881
0.0418654
0.0649773
0.0498023
0.0679806
0.0534452
0.112731
0.00615381
0.0631132
0.0833944
0.0703113
0.101009
0.14497
0.0239012
0.0793873
0.056825
0.111524
0.0967664
0.026162
0.0608975
0.0310205
0.0564721
0.0735066
0.0744304
0.0660226
0.100029
0.0968706
0.034805
0.0252391
0.0409486
0.0339384
0.0299233
0.0185275
0.0410877
0.0516937
0.0685053
0.090863
0.0422613
0.0293719
0.0179403
0.0241635
0.0292253
0.0789937
0.0457963
0.0930885
0.0601072
0.0811962
0.0196249
0.0490087
0.0404985
0.0860825
0.0975308
0.0585053
0.068431
0.0738479
0.0590812
0.0693937
0.0107359
0.0227462
0.0716242
0.0428236
0.0218924
0.0941934
0.0312536
0.029585
0.0490147
0.0667606
0.0192568
0.0756305
0.0696821
0.0188665
0.0435712
0.0717265
0.0577162
0.0599845
0.0673764
0.0279613
0.0439065
0.0614549
0.0237965
0.0198326
0.0285049
0.072131
0.0499547
0.00349654
0.0673227
0.0138993
0.0375897
0.0241875
0.0706661
0.0345207
0.0701984
0.064679
0.0131844
0.0410327
0.0811604
0.0228247
0.0096736
0.124046
0.0250529
0.0331768
0.0480286
0.0914161
0.0480329
0.0617522
0.0323693
0.0242587
0.118629
0.0385091
0.0153909
0.0719693
0.0740859
0.0294172
0.0501312
0.046981
0.0457164
0.0538083
0.0577864
0.0165468
0.0648461
0.0386193
0.0223891
0.0158179
0.0440102
0.115922
0.0789522
0.0119567
0.119495
0.079524
0.148127
0.146291
0.0282297
0.115465
0.00649883
0.0577516
0.0333377
0.0513273
0.0557128
0.0184803
0.049003
0.0591909
0.0362993
0.0667637
0.0413086
0.0438433
0.0563769
0.0268414
0.0591721
0.051952
0.0830829
0.0259197
0.0289631
0.0639951
0.0180505
0.0905064
0.0678212
0.0357074
0.0022514
0.0382102
0.0491657
0.0636247
0.0957778
0.0227424
0.156583
0.0735579
0.0708157
0.111016
0.0543899
0.136565
0.0660684
0.0896875
0.0338747
0.129357
0.0186786
0.0499468
0.061222
0.0179114
0.0293267
0.0616735
0.03348
0.0712883
0.0592797
0.0427484
0.0174387
0.0732853
0.0798468
0.0885288
0.0452869
0.0272498
0.0447361
0.0370954
0.0571938
0.0641854
0.0605468
0.0608923
0.0347767
0.0425288
0.0318846
0.029996
0.0501939
0.136853
0.0851821
0.0829997
0.0684268
0.0404804
0.102824
0.0526458
0.0972188
0.0444768
0.0391019
0.0337422
0.0535486
0.0605828
0.0658981
0.0371171
0.0513737
0.120505
0.0175404
0.0387163
0.0454501
0.0732366
0.0352063
0.0871895
0.0392718
0.12539
0.0435174
0.0348624
0.0343735
0.0220246
0.0472205
0.0141883
0.0383589
0.0409208
0.0205956
0.0715284
0.0849962
0.039237
0.0706632
0.051218
0.04073
0.101428
0.0482727
0.0497871
0.0551443
0.102334
0.0596835
0.0428081
0.0306878
0.0728458
0.0255185
0.024561
0.0278603
0.0833303
0.121101
0.0960476
0.0169356
0.0383516
0.0386837
0.104251
0.0694537
0.111471
0.057444
0.0862978
0.014426
0.0394314
0.0430786
0.0629418
0.0328922
0.0111762
0.0347473
0.0703947
0.0309249
0.0493557
0.000839785
0.0567521
0.0379169
0.0403044
0.0816219
0.0755199
0.101884
0.0211477
0.0112275
0.0106851
0.0398072
0.040849
0.037593
0.103826
0.12303
0.0312235
0.0397028
0.0158323
0.0442649
0.100314
0.0640604
0.0390287
0.0303111
0.128478
0.0723475
0.0463806
0.0389255
0.00609944
0.0449596
0.00334144
0.0949143
0.0738649
0.0377207
0.0414268
0.0241983
0.00232613
0.0770819
0.0550682
0.0355456
0.0488008
0.0847742
0.0365448
0.0955432
0.0789159
0.117911
0.0772439
0.0361258
0.0705648
0.0343741
0.0772915
0.082438
0.0200855
0.0481395
0.104173
0.00313001
0.132312
0.117876
0.0193933
0.041689
0.0698482
0.0222577
0.0399918
0.0387136
0.0560079
0.0412379
0.09416
0.02546
0.0017754
0.0615146
0.0228426
0.110423
0.0930221
0.0496375
0.0496155
0.0434771
0.0399996
0.0926945
0.0593944
0.117113
0.0347642
0.0870799
0.0861231
0.0875235
0.0348229
0.0191243
0.0686552
0.0829044
0.0495807
0.0924307
0.0740822
0.0522364
0.0298139
0.0182449
0.0925511
0.0515747
0.105862
0.0185391
0.0520966
0.0674935
0.0220293
0.0282384
0.0687696
0.0638114
0.00648959
0.0379838
0.0656625
0.0741667
0.0482376
0.0911346
0.0301264
0.0421229
0.0540497
0.0339497
0.0842393
0.0709034
0.0193695
0.0412
0.0377304
0.0725815
0.0619825
0.0184674
0.0199626
0.0387156
0.0674692
0.0311048
0.0942638
0.0466265
0.0610816
0.0067575
0.0377667
0.0544394
0.0733841
0.0118987
0.0759736
0.0528752
0.0766099
0.0410346
0.061107
0.0293349
0.0258729
0.0151782
0.0142985
0.0639123
0.000242749
0.133485
0.0834105
0.0466317
0.00212855
0.0606728
0.10653
0.0165259
0.0354457
0.0507733
0.0490075
0.0857982
0.0694642
0.0390193
0.0620928
0.0504366
0.053537
0.0728364
0.0481931
0.0624542
0.0438028
0.0536691
0.0242872
0.0392521
0.0326415
0.0596723
0.104557
0.0215956
0.0422516
0.057431
0.0404708
0.134587
0.0397121
0.0590246
0.0308302
0.0235836
0.0250883
0.0585536
0.0242391
0.0571592
0.0473267
0.0420561
0.0102689
0.0464839
0.0627017
0.0371375
0.0122618
0.0653231
0.122902
0.0391011
0.128857
0.045415
0.0525929
0.0577071
0.0196327
0.0872566
0.0219981
0.0951273
0.0979963
0.0286718
0.0597217
0.0386213
0.0699256
0.0465526
0.0473578
0.0349897
0.0617169
0.0286761
0.0169993
0.108924
0.0421677
0.0585231
0.0140621
0.0638781
0.141078
0.0409695
0.0358259
0.00222408
0.0407064
0.0493881
0.0970009
0.137846
0.0471513
0.0489742
0.0300366
0.0591465
0.102554
0.0526715
0.0876472
0.0845198
0.0264698
0.0431694
0.00971049
0.0518171
0.0581072
0.0210705
0.0602364
0.0441359
0.0776463
0.0223023
0.0685777
0.0485095
0.113477
0.0441605
0.0404593
0.149362
0.062307
0.0271447
0.0581252
0.14761
0.0239345
0.0287233
0.0700864
0.0704962
0.032521
0.0341437
0.0687964
0.0587641
0.062333
0.0727723
0.0396831
0.0127057
0.0972808
0.0481915
0.0338519
0.0422413
0.12856
0.0226635
0.0335457
0.0438564
0.0543816
0.0110533
0.0567763
0.0316616
0.0230035
0.00922282
0.0459309
0.0300229
0.0647531
0.0824049
0.0424247
0.0289623
0.0399155
0.0426049
0.0757305
0.051255
0.0167906
0.0600423
0.13083
0.0276682
0.0344411
0.0527875
0.0620647
0.132591
0.0457154
0.111329
0.0201855
0.0904015
0.0434614
0.0626259
0.00160392
0.0317068
0.0356911
0.0419764
0.0185408
0.0585311
0.0300624
0.0537775
0.0542496
0.0525867
0.0867775
0.0355678
0.0200727
0.0426647
0.0578969
0.0860237
0.0321375
0.0773551
0.0499846
0.0155811
0.0332498
0.0605075
0.0625686
0.155014
0.0929882
0.0283941
0.0431168
0.0696264
0.0166557
0.030731
0.0532276
0.0464227
0.0573476
0.0473805
0.0239155
0.116821
0.0681167
0.00649702
0.000294268
0.0446029
0.0626141
0.090652
0.087067
0.0864055
0.0883317
0.0213581
0.0805197
0.0208569
0.0604552
0.0678315
0.0294951
0.0383006
0.0836783
0.0452594
0.0233861
0.0551794
0.0467304
0.0546575
0.0343756
0.0355911
0.0729958
0.00529451
0.127641
0.0247005
0.0439534
0.0313659
0.0484462
0.0538772
0.0464468
0.0773885
0.00180986
0.0780656
0.123545
0.0476261
0.0752675
0.0298271
0.0141778
0.139563
0.0285334
0.0716145
0.0642411
0.0102485
0.0307886
0.0490128
0.0337794
0.0298316
0.0699225
0.050787
0.0561188
0.0633603
0.0731863
0.051303
0.0810202
0.13361
0.0291773
0.036531
0.0704049
0.13053
0.037226
0.00918606
0.0522891
0.0465797
0.0519908
0.0396118
0.00123296
0.042048
0.0151203
0.0732549
0.00988608
0.0343985
0.0691686
0.0229347
0.0580137
0.0224798
0.107593
0.0120635
0.0447398
0.0645009
0.0401551
0.0949402
0.0158107
0.0774823
0.0844889
0.0306376
0.0251166
0.0719846
0.032897
0.0519883
0.0340328
0.0128186
0.0718856
0.0232701
0.108354
0.0710248
0.0404385
0.0251169
0.0555663
0.0284262
0.0615699
0.126782
0.126405
0.0265857
0.0407172
0.0259863
0.0736883
0.015896
0.0990195
0.0242398
0.104868
0.0280397
0.0417835
0.0335461
0.0540973
0.0680589
0.0789133
0.152501
0.0281233
0.0151381
0.0322272
0.0224227
0.0233378
0.0312525
0.0626913
0.094143
0.132433
0.0266283
0.0299074
0.0279436
0.0244063
0.031664
0.0435308
0.0249074
0.0257124
0.0769961
0.0622111
0.0811053
0.00208436
0.0331689
0.0313436
0.037709
0.043956
0.056329
0.0563277
0.0719191
0.0765093
0.0493938
0.0659265
0.0364601
0.0379748
0.0201149
0.0436164
0.0451208
0.0756284
0.0757029
0.0125174
0.0362647
0.0620005
0.0773069
0.0450687
0.0362438
0.183639
0.0523761
0.0390358
0.0519459
0.0882097
0.0282583
0.0319998
0.0335868
0.0410258
0.077277
0.08507
0.0795289
0.0313059
0.0714253
0.0670484
0.134609
0.0966691
0.17395
0.0649518
0.00910983
0.038377
0.0523015
0.0105979
0.116765
0.0401261
0.0297002
0.0528024
0.157507
0.0677795
0.0760787
0.0695833
0.0106478
0.0417941
0.0266526
0.0308002
0.0718103
0.123391
0.0632768
0.0973028
0.027274
0.079425
0.0112348
0.0508858
0.075976
0.0341565
0.0747937
0.0229894
0.0162928
0.0306593
0.0200894
0.0262589
0.0408908
0.0384892
0.0337522
0.102247
0.0482813
0.0332412
0.0809154
0.0447735
0.0450116
0.0788536
0.100262
0.0457606
0.0255093
0.0402319
0.0444383
0.037574
0.0239
0.0330792
0.0429244
0.0459288
0.0588832
0.0207465
0.065681
0.0568983
0.00980185
0.0240013
0.0225361
0.105735
0.0270841
0.0251234
0.0323748
0.0306553
0.0556464
0.0209463
0.0824437
0.0101776
0.0577273
0.0526274
0.0287813
0.0693185
0.0223434
0.027142
0.0875678
0.0725117
0.0509855
0.0787289
0.0290561
0.0858153
0.0753954
0.0381254
0.0208767
0.066152
0.0239168
0.0480562
0.0256541
0.0283997
0.0534208
0.0520149
0.016143
0.0353808
0.0530151
0.0281343
0.0486959
0.0483076
0.126525
0.0918004
0.0290524
0.0278123
0.0589167
0.018544
0.0205953
0.0290526
0.0280327
0.0295589
0.0696312
0.0543121
0.074091
0.0141587
0.0338728
0.0883004
0.0765707
0.0603791
0.0365376
0.0508217
0.034985
0.0244294
0.0812973
0.12251
0.0403087
0.077449
0.0295998
0.0686651
0.032818
0.0579112
0.055755
0.0328768
0.0729634
0.0538416
0.0346056
0.0596183
0.053204
0.153502
0.0710389
0.0893608
0.0893628
0.0667694
0.0269108
0.0548719
0.0722564
0.0333823
0.0149317
0.132385
0.0418479
0.0773869
0.0193681
0.0626234
0.118973
0.0308168
0.0506496
0.0343451
0.0993126
0.0321382
0.0673755
0.0516483
0.0500138
0.0199206
0.0832903
0.0372774
0.0790161
0.0174117
0.0740866
0.0775965
0.00135148
0.0654019
0.0348741
0.0293472
0.101343
0.0289689
0.0516733
0.108084
0.036731
0.0806309
0.0996617
0.0355182
0.0538003
0.0502909
0.0393537
0.0762006
0.0444883
0.0393868
0.158164
0.101958
0.0736208
0.087489
0.0843358
0.0568124
0.0762762
0.0804359
0.0151899
0.00927145
0.0676837
0.0203488
0.106259
0.0479641
0.0238742
0.0304225
0.116511
0.0186267
0.0986361
0.0338746
0.0469574
0.0150598
0.049784
0.00301209
0.0232889
0.110809
0.0791514
0.0476205
0.0236371
0.0809569
0.0259476
0.0533704
0.067953
0.0569127
0.0759098
0.122063
0.0313319
0.0453448
0.0519098
0.0581428
0.0702505
0.0683685
0.0538048
0.0209437
0.0696703
0.0816585
0.0510076
0.025704
0.0329918
0.108762
0.0887904
0.112911
0.0533495
0.0572619
0.0213589
0.0592117
0.0406243
0.0609762
0.0527404
0.0738708
0.0488638
0.0164132
0.069517
0.0481115
0.0363753
0.140188
0.0248055
0.0362487
0.0289365
0.0294783
0.0563187
0.0156522
0.0319535
0.0741947
0.131278
0.0494052
0.0421661
0.026441
0.0469845
0.0373618
0.0138986
0.0496598
0.135075
0.112735
0.0885382
0.0310372
0.0455223
0.0224674
0.101844
0.0237437
0.0816605
0.0335916
0.0385965
0.0557351
0.0413901
0.0391871
0.0221184
0.0153511
0.0198615
0.0377619
0.0948878
0.011102
0.0667917
0.0412802
0.0369354
0.0147338
0.0206739
0.0883208
0.0249403
0.0210864
0.060241
0.0710844
0.0738607
0.0472668
0.0265881
0.0237387
0.016426
0.0487924
0.0388242
0.0347639
0.0184984
0.0605934
0.00357908
0.049999
0.0318504
0.0466295
0.0337362
0.0696907
0.0930713
0.0966943
0.0240051
0.0272785
0.0570101
0.0531311
0.0103456
0.056553
0.0365604
0.0321204
0.0970316
0.0645258
0.0445733
0.0498796
0.1152
0.00212312
0.0456844
0.0529153
0.0301294
0.038998
0.0104019
0.0190715
0.0183448
0.0292613
0.0304768
0.0369285
0.0570294
0.00547426
0.0384411
0.08255
0.0738053
0.0195838
0.0113694
0.049785
0.070875
0.0191824
0.0599741
0.0547465
0.0531441
0.0311275
0.0118636
0.0288259
0.0584079
0.07446
0.0747312
0.0360055
0.0232396
0.0419148
0.0486961
0.0497224
0.0869935
0.0355275
0.0159989
0.0998967
0.0535341
0.0333973
0.0271537
0.0920102
0.062568
0.0814806
0.042821
0.069706
0.176664
0.0324917
0.0294645
0.0374526
0.0284915
0.0509659
0.0711495
0.00151234
0.0226535
0.0601705
0.0157721
0.0486136
0.0884354
0.0504394
0.0452994
0.0163623
0.0353064
0.0279687
0.0268039
0.0363992
0.0405751
0.0318989
0.0765068
0.0129033
0.0568749
0.043557
0.0420056
0.0577296
0.0709818
0.0245168
0.036791
0.0238772
0.0139611
0.0523916
0.0870171
0.0103304
0.0442899
0.0284337
0.0389637
0.0655771
0.0399254
0.0276736
0.0392146
0.0387164
0.0272765
0.0302964
0.0510526
0.0204588
0.0274254
0.0815772
0.0682391
0.0368476
0.0682214
0.0307582
0.0719958
0.0803828
0.0997331
0.121034
0.0257227
0.0223779
0.0132522
0.0516101
0.0487225
0.0611051
0.0563962
0.034517
0.0572787
0.0747424
0.0452565
0.0843958
0.0263641
0.0715789
0.048882
0.037166
0.0209367
0.0629575
0.0922931
0.0723156
0.14408
0.0857232
0.0580041
0.0885598
0.00972593
0.0716216
0.056569
0.0875368
0.120964
0.0451817
0.0183649
0.0180967
0.0961631
0.020764
0.0614523
0.0584352
0.122448
0.0368382
0.037765
0.0649735
0.035149
0.0419779
0.0418474
0.019929
0.0823032
0.107616
0.0303266
0.179766
0.034448
0.041779
0.0424816
0.0203812
0.0307801
0.0119376
0.0853943
0.0595363
0.0294525
0.101081
0.0679355
0.00792137
0.0294139
0.0537603
0.0128799
0.0821404
0.0314432
0.0193557
0.0855068
0.0362652
0.016713
0.0448851
0.0502717
0.0827914
0.0210533
0.0351282
0.0566543
0.0228907
0.030349
0.0327631
0.0229734
0.0740267
0.0239288
0.0940397
0.0702377
0.0149759
0.0687103
0.0862353
0.110908
0.029324
0.0468231
0.0444727
0.0960166
0.104846
0.0618627
0.0682509
0.0408638
0.0767224
0.0458262
0.0100943
0.0156411
0.0548147
0.0128831
0.131196
0.0610203
0.013965
0.0315676
0.029248
0.0354155
0.0209151
0.00328686
0.0356128
0.0236544
0.0173027
0.0405334
0.104399
0.097821
0.0225782
0.153453
0.0675987
0.0135472
0.0337487
0.0893559
0.0786019
0.0878356
0.0838733
0.0761971
0.050342
0.103291
0.0449026
0.0297404
0.0333738
0.0459402
0.0672971
0.0288218
0.0720636
0.0386634
0.0420645
0.0386391
0.031042
0.0183598
0.00423307
0.0588796
0.0562033
0.0538812
0.0107065
0.0168163
0.0687511
0.0297662
0.048976
0.141536
0.057005
0.0365144
0.0410232
0.0381899
0.0383478
0.0557179
0.0751901
0.0290208
0.0689544
0.0477791
0.0346538
0.0821428
0.067531
0.0400727
0.0373882
0.0541709
0.0546241
0.105524
0.0909634
0.109194
0.0890145
0.0174758
0.0251995
0.0815687
0.0499454
0.0552908
0.0918094
0.0264704
0.0147626
0.140761
0.0214435
0.0457353
0.0230292
0.0420253
0.0780198
0.103952
0.0620003
0.0583601
0.104587
0.0330248
0.0560055
0.0304994
0.0991106
0.0691159
0.117273
0.0324598
0.0535101
0.066557
0.0477537
0.0232334
0.0446271
0.0396559
0.0477624
0.0108434
0.130028
0.0345335
0.098301
0.0515031
0.023802
0.0174049
0.0508487
0.0293098
0.0480911
0.0805597
0.0431251
0.0647857
0.0974557
0.00364816
0.0572025
0.0511367
0.0316973
0.00902699
0.0498778
0.0269416
0.074473
0.0305701
0.0332162
0.076296
0.0388733
0.0425955
0.0951717
0.0528451
0.05214
0.0256985
0.0984863
0.0140599
0.172935
0.048301
0.0686023
0.114229
0.185339
0.0287249
0.094819
0.0445905
0.0460841
0.0563337
0.0258012
0.0587102
0.033447
0.0199454
0.0914341
0.0433518
0.0311046
0.145801
0.0567835
0.0746891
0.0531284
0.0368731
0.0396441
0.0266887
0.00797371
0.013774
0.0799127
0.0794058
0.0647866
0.0392242
0.0255449
0.00141986
0.0714976
0.0389849
0.0527397
0.0764986
0.112182
0.052693
0.029405
0.0670102
0.0920459
0.0431594
0.0702721
0.0186556
0.0325896
0.0584567
0.0199562
0.0397122
0.055193
0.0597958
0.0161376
0.0332049
0.0819971
0.034137
0.0736599
0.0510423
0.0507877
0.0673773
0.0925288
0.0508198
0.0733476
0.0668609
0.0412143
0.0320433
0.0270441
0.0739097
0.0200763
0.10215
0.0305653
0.0640553
0.0508646
0.0887187
0.0223032
0.0193907
0.0862807
0.0940149
0.0887593
0.0229126
0.0334937
0.0810013
0.0643585
0.0460546
0.0371663
0.0420081
0.015552
0.0327157
0.0487116
0.068685
0.0269443
0.0138898
0.0267039
0.0341948
0.0422215
0.122998
0.0535448
0.10419
0.0213588
0.0364141
0.0801718
0.04201
0.109376
0.00286536
0.0476427
0.0306046
0.0654838
0.053172
0.0502342
0.0745009
0.0598644
0.000986779
0.0400249
0.0223784
0.0511291
0.0802764
0.0395
0.0410322
0.0381945
0.0333196
0.0243004
0.027145
0.0248562
0.071787
0.0312859
0.038356
0.0229838
0.0510171
0.039422
0.0451363
0.0332193
0.0406036
0.0241582
0.0385453
0.130749
0.0585638
0.053329
0.0124552
0.0505517
0.014649
0.0666999
0.0405463
0.0671912
0.167655
0.0236621
0.0662835
0.0150769
0.00164495
0.0634264
0.0161906
0.126273
0.028685
0.0400413
0.0424236
0.0410115
0.0115625
0.0218849
0.0299835
0.021276
0.0457379
0.0841976
0.0914596
0.0151044
0.0148509
0.0414392
0.0159007
0.0166198
0.0615528
0.0387339
0.0508151
0.0375952
0.0181932
0.149842
0.0313744
0.00671363
0.0539569
0.0706589
0.0301452
0.0176218
0.0865082
0.0555068
0.0515162
0.00212569
0.030438
0.0763929
0.0313213
0.0201195
0.0730573
0.0629558
0.0508919
0.0233013
0.073888
0.069512
0.0983269
0.0572144
0.072992
0.115778
0.017848
0.0382113
0.0331016
0.03776
0.0246972
0.0598423
0.0394704
0.0397905
0.0415716
0.0749188
0.0772925
0.0232804
0.0483769
0.0824506
0.0620269
0.0156081
0.0321208
0.0529219
0.043012
0.0583506
0.0935541
0.0281206
0.0599608
0.0166227
0.0826032
0.0545878
0.03518
0.0728794
0.12881
0.0838704
0.0716049
0.0253681
0.0716763
0.0472364
0.0234497
0.0761359
0.0689801
0.0540059
0.102234
0.0779375
0.0253161
0.0113202
0.0734896
0.0233112
0.0761473
0.111194
0.0252146
0.0627644
0.0308502
0.0745793
0.0414648
0.0672721
0.0448446
0.0703464
0.0450425
0.040491
0.0308513
0.0010128
0.0873787
0.0523323
0.0873332
0.0277334
0.0223656
0.0346327
0.1736
0.105747
0.0440126
0.0982766
0.0660351
0.0461737
0.0584696
0.0737022
0.0533822
0.0316011
0.0626272
0.0496017
0.0387698
0.00855558
0.0118323
0.0367056
0.0699495
0.00980488
0.0301409
0.0767896
0.0599297
0.035459
0.0766613
0.064071
0.0771096
0.0490836
0.0925507
0.0491797
0.0679599
0.0731735
0.0344984
0.076317
0.0452684
0.0971025
0.0177951
0.0804821
0.0518743
0.0469401
0.0669233
0.0790786
0.142961
0.0184321
0.0312696
0.0359134
0.046528
0.0638391
0.114773
0.102719
0.0410115
0.0225565
0.0112194
0.0202836
0.103462
0.129534
0.1935
0.105258
0.0893383
0.0305601
0.0440199
0.0849376
0.0416179
0.0575445
0.0258354
0.074221
0.0660789
0.0207453
0.0279311
0.0209249
0.038786
0.06119
0.0311398
0.0457164
0.0429986
0.0365627
0.0299694
0.0575504
0.0282744
0.0552528
0.0843261
0.0416043
0.0228193
0.0922569
0.0619894
0.161784
0.0850676
0.0750819
0.110526
0.0125136
0.0751155
0.028228
0.0942086
0.110381
0.0767622
0.0542745
0.0485405
0.0947743
0.0797733
0.0504294
0.0316545
0.0300944
0.0617835
0.0150163
0.0251107
0.0263736
0.023877
0.0137187
0.040682
0.0775867
0.0413048
0.0498008
0.0893288
0.0811683
0.0556183
0.00523721
0.0540381
0.163949
0.0795537
0.0495255
0.078389
0.0243323
0.0244925
0.0315816
0.0277213
0.0415856
0.0379128
0.0208316
0.020617
0.14798
0.00947325
0.0586552
0.0388261
0.0192469
0.0475976
0.171442
0.0498758
0.106335
0.10203
0.151283
0.0651516
0.0663842
0.045669
0.0378608
0.0500862
0.0869681
0.0502944
0.0972342
0.000868949
0.039244
0.049058
0.0315902
0.0473482
0.0315691
0.0430278
0.0237364
0.0593852
0.0172109
0.0485136
0.0804596
0.0608
0.041659
0.0493974
0.0821241
0.044486
0.0878156
0.0230475
0.0355331
0.0419821
0.03032
0.0303668
0.0535715
0.0233427
0.0354843
0.0472398
0.129738
0.0674553
0.038876
0.063142
0.0225553
0.0194355
0.0715616
0.0723284
0.0303273
0.0675542
0.038351
0.0632759
0.112743
0.0609152
0.0487176
0.036414
0.0419199
0.047605
0.0171849
0.0309824
0.104923
0.0651259
0.0126122
0.074494
0.081668
0.0793884
0.0642102
0.0634116
0.024903
0.0471953
0.0521782
0.101485
0.150768
0.0454959
0.021029
0.0712927
0.0595811
0.11651
0.0297178
0.115525
0.0475628
0.0378873
0.0603273
0.0274836
0.0364788
0.0279014
0.0334862
0.0490588
0.0208472
0.0218103
0.0121501
0.0202853
0.0329789
0.0710496
0.041054
0.065437
0.0764067
0.0282227
0.053519
0.0462157
0.0250155
0.0309682
0.0521905
0.0934732
0.0203111
0.0432548
0.0551819
0.0450349
0.0613795
0.089715
0.0328822
0.0271681
0.0640917
0.0169788
0.0457035
0.0602962
0.0999974
0.00133191
0.0175682
0.0227821
0.0281704
0.12247
0.065401
0.0306015
0.00564459
0.0397173
0.0687265
0.024993
0.0382181
0.0603004
0.0179815
0.0900482
0.0639745
0.0521444
0.0498979
0.0998035
0.0340664
0.0362141
0.0472561
0.059542
0.0127927
0.0312274
0.0494573
0.0548891
0.0206712
0.0776766
0.0163357
0.0356721
0.0469598
0.010932
0.050124
0.0199239
0.0416573
0.134744
0.0634184
0.0355986
0.0138744
0.0524142
0.0437089
0.032277
0.0362609
0.0682622
0.0549082
0.00614744
0.0277354
0.036111
0.0523927
0.100226
0.0271859
0.0407164
0.201545
0.0549042
0.0120467
0.0669649
0.0235726
0.0692652
0.0665621
0.0322865
0.0481919
0.0665078
0.00548069
0.0530846
0.074664
0.153324
0.0297512
0.0225792
0.0343625
0.057903
0.0473027
0.0485697
0.0389893
0.0423953
0.109806
0.0499831
0.0540819
0.0677127
0.0553805
0.026942
0.0626059
0.102242
0.0715869
0.11698
0.13056
0.0690769
0.0365783
0.0907451
0.0114287
0.0660744
0.0660671
0.0381902
0.0540968
0.0671237
0.116524
0.0354453
0.0818913
0.0676517
0.0284545
0.0304765
0.069486
0.041436
0.0358815
0.04173
0.0738797
0.0643932
0.0455337
0.109202
0.0593399
0.0622235
0.0356741
0.041182
0.0206964
0.0762101
0.0524697
0.0407746
0.0488697
0.0565095
0.0375161
0.020447
0.0449556
0.0273448
0.120651
0.013824
0.0510959
0.0535782
0.0386747
0.0676207
0.0221501
0.133428
0.0299372
0.0558746
0.0365023
0.0406187
0.133389
0.0130825
0.071892
0.0394437
0.0321316
0.00390577
0.10116
0.0703611
0.0362248
0.0300806
0.0546453
0.0736196
0.0873802
0.0522093
0.0254774
0.0630727
0.0735428
0.0450302
0.0149659
0.0594909
0.0550736
0.00217314
0.00307948
0.0164307
0.0474312
0.0991897
0.134547
0.100664
0.030589
0.0488549
0.0250752
0.0630796
0.0397164
0.050161
0.0661835
0.0806497
0.0271612
0.0713672
0.0806615
0.11215
0.025115
0.0720974
0.0208838
0.0514175
0.0583009
0.0932546
0.0526259
0.0729473
0.0170849
0.0118982
0.0858792
0.114715
0.0274462
0.0414948
0.0209499
0.0781371
0.0313297
0.0495015
0.0371793
0.0565367
0.0902678
0.034026
0.0658886
0.0388916
0.036865
0.0268532
0.034298
0.0131575
0.104773
0.0557893
0.00700905
0.0557685
0.0606414
0.0483979
0.0228232
0.0682125
0.0859907
0.0394702
0.0372141
0.066611
0.0309929
0.0290154
0.0411001
0.0578381
0.0334112
0.0913358
0.0428944
0.0248943
0.00906632
0.0416038
0.0771801
0.0396081
0.05365
0.0267825
0.0420262
0.124206
0.037564
0.0141689
0.0588664
0.0538454
0.081211
0.0618601
0.0601315
0.096138
0.0755784
0.0344613
0.023111
0.0747008
0.0503779
0.0420955
0.0262525
0.0254345
0.0591205
0.0291521
0.0132719
0.0692316
0.136507
0.00578341
0.0141248
0.0411511
0.035733
0.048555
0.0358148
0.0576475
0.0549698
0.0411985
0.0373114
0.0529649
0.0929154
0.0350073
0.0640134
0.0536265
0.134865
0.0666976
0.0418897
0.0401393
0.0318828
0.035195
0.0235646
0.0193112
0.0566754
0.0900857
0.0305047
0.0817445
0.0392146
0.0478949
0.0228568
0.0510743
0.0370045
0.0640648
0.0285247
0.0595465
0.0158981
0.0319807
0.0224294
0.0442511
0.0167444
0.0292353
0.0697488
0.0725157
0.0736632
0.0227234
0.0412654
0.0113076
0.0867373
0.0356089
0.0600894
0.0409116
0.0190748
0.0275983
0.0113643
0.106887
0.0474592
0.0784987
0.0336668
0.0261599
0.0431426
0.031788
0.0277157
0.100614
0.026236
0.0677872
0.0104887
0.00294668
0.0603437
0.0286832
0.0572733
0.0447749
0.0301745
0.0188796
0.0206303
0.0324207
0.0269776
0.0189988
0.0524395
0.0142762
0.0533475
0.0601293
0.0442978
0.0926105
0.0677868
0.0445688
0.0713663
0.0437766
0.00831926
0.0763211
0.0199923
0.0638535
0.0269295
0.0211986
0.0409585
0.0184491
0.0641889
0.0472131
0.0229536
0.0883658
0.0807661
0.0355378
0.0497065
0.0775958
0.0447412
0.0499661
0.0377933
0.0269237
0.0312966
0.0209467
0.0681447
0.0246173
0.0815519
0.117051
0.0227797
0.0528447
0.0251799
0.0655598
0.0181576
0.0528426
0.0833069
0.0728116
0.0672053
0.0112137
0.0966518
0.02872
0.05051
0.0903706
0.0980853
0.0292791
0.0301604
0.0682058
0.0728774
0.0284941
0.0340775
0.0171343
0.113126
0.0818607
0.0756334
0.0649193
0.0387627
0.0663682
0.0485372
0.0176197
0.0669951
0.01879
0.0220503
0.0219963
0.0144862
0.0825184
0.135671
0.0168522
0.0412896
0.0420112
0.0166939
0.0840265
0.0583912
0.0579257
0.0496589
0.102347
0.0561782
0.0545167
0.103464
0.0230697
0.0651646
0.0197946
0.0905388
0.163781
0.00335117
0.0419601
0.0516881
0.0838597
0.0849735
0.0486148
0.0493483
0.0404969
0.0406046
0.0511685
0.0923949
0.124546
0.0415839
0.0409208
0.0651776
0.0264055
0.0403579
0.0207964
0.0925173
0.134824
0.0196039
0.0921434
0.096508
0.0132022
0.0434829
0.0612583
0.0824628
0.0539782
0.0536733
0.102094
0.0213659
0.133274
0.0498067
0.0493338
0.0260736
0.112854
0.0576411
0.0377723
0.0190199
0.0552134
0.0816719
0.0339352
0.0359739
0.0648837
0.031025
0.0466411
0.0217795
0.119224
0.0418611
0.0914562
0.0490778
0.0605402
0.081934
0.0221886
