0.138556
0.173623
0.121085
0.25081
0.132382
0.293946
0.263086
0.212097
0.217564
0.181088
0.185147
0.259621
0.181078
0.232367
0.206281
0.126375
0.190473
0.252168
0.304591
0.166534
0.313659
0.230353
0.080134
0.209892
0.176524
0.234204
0.188586
0.282609
0.223177
0.0853955
0.21178
0.130898
0.298821
0.293773
0.136565
0.242833
0.257844
0.277758
0.21157
0.1932
0.260797
0.229063
0.155198
0.133696
0.213437
0.265323
0.267693
0.102691
0.17679
0.176462
0.385721
0.17979
0.225971
0.219393
0.0896241
0.211568
0.256672
0.246482
0.195337
0.22432
0.229367
0.252521
0.167584
0.14768
0.110964
0.150831
0.16594
0.168471
0.240992
0.165269
0.235137
0.122901
0.302989
0.295543
0.231957
0.226308
0.217386
0.259363
0.194961
0.336156
0.273404
0.293635
0.253706
0.219725
0.135672
0.284344
0.0789026
0.29943
0.277574
0.193526
0.230786
0.239681
0.21973
0.150495
0.222594
0.201003
0.22855
0.248713
0.22214
0.166878
0.226248
0.239121
0.0757956
0.417094
0.137116
0.233469
0.286346
0.236461
0.292849
0.260521
0.312999
0.0761054
0.213927
0.251972
0.241434
0.209047
0.280797
0.24928
0.1468
0.191849
0.266374
0.240893
0.124134
0.210289
0.213619
0.159108
0.149214
0.277698
0.170339
0.146419
0.303959
0.132781
0.109755
0.157007
0.358907
0.279789
0.178732
0.285933
0.286285
0.212316
0.224802
0.289399
0.0883057
0.284063
0.229417
0.269124
0.28875
0.206598
0.180468
0.22271
0.170188
0.258173
0.235329
0.287478
0.128517
0.214042
0.225162
0.217398
0.163069
0.304714
0.155978
0.237435
0.299353
0.254101
0.203438
0.167171
0.266074
0.278466
0.259443
0.212448
0.104967
0.189126
0.208042
0.119646
0.253826
0.21227
0.198522
0.126805
0.2886
0.256971
0.252762
0.163836
0.307221
0.261214
0.187277
0.214347
0.126329
0.318216
0.0800625
0.244561
0.0981227
0.272749
0.216043
0.211926
0.0864057
0.252085
0.296673
0.329352
0.263786
0.145619
0.219864
0.175893
0.273415
0.237086
0.195713
0.0887463
0.245674
0.206463
0.300469
0.246698
0.18829
0.127499
0.185352
0.235661
0.140116
0.152421
0.265084
0.322184
0.261319
0.0966386
0.255864
0.222428
0.279913
0.233579
0.279359
0.146139
0.158355
0.192446
0.116741
0.223379
0.134164
0.289883
0.14789
0.221902
0.183644
0.081652
0.0955588
0.191303
0.247702
0.282085
0.232845
0.270496
0.137326
0.1781
0.147199
0.132895
0.245257
0.189402
0.300216
0.241397
0.210457
0.253967
0.252951
0.0952876
0.241233
0.325735
0.290209
0.118951
0.316432
0.237189
0.280079
0.0885489
0.278571
0.257673
0.0679925
0.206576
0.260039
0.312172
0.286774
0.124023
0.181009
0.135484
0.187089
0.277686
0.263831
0.249898
0.117925
0.206942
0.20634
0.274933
0.0700298
0.255857
0.152535
0.11236
0.232788
0.250835
0.172649
0.256323
0.157816
0.280208
0.123283
0.110915
0.098422
0.190992
0.291574
0.211173
0.257991
0.304143
0.0657643
0.167796
0.155087
0.221221
0.312158
0.141462
0.316303
0.159445
0.287868
0.291707
0.230017
0.240261
0.186454
0.167498
0.256837
0.242716
0.169896
0.1479
0.139037
0.20103
0.261215
0.318355
0.20433
0.149791
0.184021
0.124038
0.190785
0.221772
0.340688
0.270355
0.270572
0.175205
0.283651
0.302974
0.21017
0.22445
0.153083
0.210865
0.232673
0.104268
0.222335
0.119055
0.188076
0.218671
0.289478
0.28955
0.241122
0.336745
0.226264
0.157056
0.25367
0.212621
0.279974
0.243187
0.205584
0.296001
0.264791
0.136508
0.176192
0.210969
0.236193
0.217065
0.188515
0.15375
0.245447
0.21895
0.151652
0.204443
0.261294
0.123892
0.301442
0.149158
0.157267
0.235241
0.265194
0.320378
0.247651
0.169083
0.183119
0.0529933
0.276561
0.176709
0.214586
0.168431
0.174417
0.276678
0.152186
0.171704
0.268139
0.124233
0.123147
0.142315
0.202419
0.217305
0.155882
0.269307
0.185748
0.285519
0.197542
0.277815
0.264418
0.236833
0.219645
0.126629
0.238773
0.222147
0.280979
0.0723165
0.195279
0.205092
0.177797
0.260946
0.111593
0.32039
0.152936
0.171175
0.206535
0.222953
0.236999
0.250168
0.209294
0.182081
0.208275
0.294695
0.230967
0.164966
0.222475
0.184436
0.219521
0.173592
0.233454
0.151005
0.253167
0.142998
0.214417
0.123281
0.134167
0.240359
0.0797152
0.144154
0.187956
0.336186
0.26261
0.146919
0.184626
0.257663
0.201787
0.243828
0.153144
0.263503
0.23268
0.177969
0.188159
0.187146
0.293222
0.175352
0.09627
0.154022
0.138037
0.285683
0.314882
0.248845
0.289494
0.252382
0.198351
0.182417
0.185504
0.224491
0.0998042
0.107
0.21379
0.186543
0.115439
0.182
0.0663819
0.267814
0.249981
0.140029
0.292216
0.187095
0.126728
0.190789
0.27916
0.205996
0.229028
0.263055
0.117381
0.25473
0.179736
0.306712
0.193872
0.319253
0.150033
0.152039
0.18532
0.172548
0.211434
0.240209
0.307214
0.258115
0.181487
0.234231
0.285161
0.277082
0.266324
0.273377
0.215673
0.207168
0.0730093
0.211777
0.287662
0.268372
0.269881
0.258991
0.191301
0.197442
0.210079
0.320419
0.227334
0.151574
0.136202
0.173403
0.279281
0.162584
0.269308
0.18295
0.24259
0.222502
0.216493
0.158018
0.213513
0.198358
0.153508
0.17811
0.107984
0.22639
0.243384
0.101254
0.173376
0.0924492
0.311085
0.116201
0.186329
0.209786
0.141864
0.213392
0.23146
0.251442
0.148715
0.152053
0.180087
0.149329
0.209571
0.181235
0.193954
0.210933
0.16206
0.229672
0.238885
0.154057
0.266396
0.244678
0.17445
0.269658
0.248005
0.293608
0.20681
0.0957824
0.253849
0.281505
0.248559
0.264979
0.160121
0.168623
0.226175
0.29302
0.288377
0.140312
0.200041
0.148748
0.164085
0.229193
0.253463
0.270869
0.286548
0.323198
0.177663
0.10754
0.236738
0.243621
0.184951
0.247908
0.187135
0.0917612
0.238343
0.210375
0.188262
0.195528
0.260067
0.284127
0.24346
0.184616
0.108612
0.2363
0.0304683
0.281369
0.160492
0.265796
0.190054
0.0888038
0.0952545
0.292723
0.267313
0.181151
0.17685
0.0932958
0.253209
0.234536
0.137884
0.173023
0.247698
0.160115
0.186351
0.327784
0.159119
0.12154
0.197469
0.281198
0.301613
0.202707
0.310321
0.177867
0.194771
0.170428
0.216522
0.196667
0.180713
0.182124
0.303279
0.263622
0.195572
0.254473
0.30767
0.252441
0.157362
0.226877
0.24438
0.305378
0.0914082
0.296599
0.259613
0.238355
0.304639
0.189958
0.219367
0.140373
0.287459
0.233667
0.24412
0.283069
0.319027
0.161324
0.144013
0.337995
0.14538
0.293372
0.250975
0.173133
0.241761
0.0737179
0.280622
0.221751
0.185772
0.174133
0.224129
0.19505
0.27631
0.236406
0.0914982
0.276241
0.157574
0.136556
0.176128
0.283158
0.306425
0.160772
0.240373
0.225403
0.290721
0.213015
0.215324
0.213458
0.198665
0.127988
0.118169
0.193157
0.17563
0.217235
0.139971
0.27426
0.211932
0.186879
0.253019
0.247533
0.146783
0.319716
0.171103
0.18984
0.238827
0.250364
0.158145
0.212617
0.291324
0.13891
0.259945
0.124128
0.145488
0.275415
0.0918249
0.0709444
0.158867
0.303339
0.281352
0.297817
0.218098
0.291683
0.211662
0.239227
0.123514
0.217494
0.227542
0.210528
0.171656
0.227668
0.167572
0.290887
0.202794
0.11072
0.173059
0.106123
0.0951698
0.103309
0.0951578
0.0661282
0.3079
0.226959
0.190015
0.119281
0.143624
0.192923
0.1019
0.320231
0.274231
0.229851
0.233785
0.278492
0.264951
0.235293
0.123385
0.292168
0.213912
0.0939298
0.217677
0.127307
0.310141
0.32127
0.116247
0.129566
0.249001
0.145545
0.208699
0.190253
0.247655
0.163093
0.269829
0.154321
0.20543
0.271649
0.234496
0.173161
0.191478
0.177676
0.201959
0.0704806
0.300821
0.152239
0.125637
0.100562
0.264969
0.287651
0.143288
0.239898
0.167071
0.239944
0.190517
0.126687
0.217397
0.235823
0.125563
0.23926
0.125228
0.143161
0.288304
0.190268
0.180834
0.0938073
0.150019
0.295888
0.239765
0.256463
0.21113
0.265289
0.160713
0.255864
0.214127
0.197086
0.124947
0.302554
0.227481
0.275151
0.139008
0.159188
0.230783
0.318125
0.245504
0.345905
0.238194
0.240032
0.222101
0.143126
0.149922
0.205516
0.196023
0.21187
0.306015
0.15761
0.327717
0.261182
0.0826832
0.349352
0.192421
0.284545
0.220278
0.37252
0.139592
0.207419
0.1893
0.247571
0.155268
0.25147
0.247122
0.247979
0.174268
0.304245
0.234401
0.202182
0.164715
0.14232
0.269364
0.171632
0.190727
0.264361
0.112773
0.20699
0.186806
0.293027
0.273783
0.166925
0.146097
0.182259
0.101864
0.220399
0.242239
0.28455
0.275843
0.0536192
0.245232
0.299698
0.2257
0.29718
0.247652
0.283123
0.237413
0.191489
0.294597
0.265664
0.196822
0.210722
0.0929707
0.120509
0.106676
0.224128
0.211618
0.0789728
0.307451
0.206707
0.308291
0.118393
0.23284
0.220263
0.308183
0.205438
0.332475
0.274535
0.123654
0.219451
0.259318
0.0954708
0.257562
0.178012
0.266463
0.133421
0.208507
0.202942
0.217383
0.264908
0.28324
0.252334
0.239426
0.265362
0.214914
0.269486
0.25458
0.153727
0.148259
0.30983
0.247107
0.231669
0.321152
0.284484
0.229065
0.274749
0.181606
0.0691435
0.258476
0.163783
0.252523
0.166224
0.265366
0.231752
0.225977
0.259784
0.247265
0.227465
0.14399
0.206516
0.247172
0.107146
0.313939
0.246887
0.131507
0.24687
0.196487
0.22948
0.162923
0.25468
0.311204
0.179141
0.261148
0.230275
0.149845
0.234379
0.179675
0.163822
0.259729
0.161114
0.331308
0.245798
0.265321
0.163934
0.296377
0.174168
0.215698
0.260763
0.140449
0.278894
0.17726
0.269144
0.270391
0.230719
0.226665
0.282126
0.282225
0.0852486
0.311645
0.23764
0.25389
0.171353
0.220432
0.230779
0.16541
0.244509
0.139997
0.220361
0.283722
0.229817
0.279534
0.280074
0.278818
0.195351
0.259538
0.108045
0.106097
0.246636
0.266774
0.16383
0.237812
0.135303
0.196621
0.259549
0.162855
