0.134701
0.18213
0.157575
0.143986
0.122037
0.136844
0.183865
0.148622
0.232738
0.185645
0.199917
0.18724
0.135601
0.1861
0.0898498
0.438207
0.0954232
0.135096
0.143265
0.109953
0.181314
0.108306
0.177641
0.0971678
0.21453
0.191725
0.17496
0.118084
0.115467
0.154387
0.262455
0.128057
0.14662
0.150799
0.104379
0.0980314
0.153747
0.170413
0.185639
0.112485
0.138329
0.190535
0.116906
0.134688
0.489657
0.120693
0.0960406
0.195058
0.203558
0.117477
0.0858037
0.10807
0.0896201
0.121571
0.154579
0.190569
0.090767
0.279697
0.127806
0.357631
0.289349
0.150669
0.0898374
0.175502
0.189487
0.0924766
0.154084
0.201454
0.0857259
0.0966262
0.0898468
0.188444
0.165705
0.413941
0.131514
0.497357
0.177833
0.127292
0.0658369
0.489354
0.231226
0.23082
0.172215
0.0860373
0.0844692
0.0997893
0.476692
0.125956
0.109613
0.349806
0.263958
0.135124
0.273876
0.150379
0.170627
0.136533
0.172151
0.173734
0.232368
0.433371
0.2323
0.195558
0.122267
0.425411
0.275959
0.15157
0.195239
0.214771
0.125294
0.103256
0.16879
0.154346
0.0871511
0.437154
0.0967059
0.104863
0.173743
0.218777
0.0901232
0.149669
0.117413
0.561925
0.208335
0.170085
0.144077
0.134186
0.114605
0.109483
0.152698
0.152897
0.116393
0.121773
0.144534
0.36838
0.107251
0.153109
0.514723
0.187473
0.134548
0.223797
0.143426
0.101206
0.1364
0.160764
0.279589
0.135097
0.190121
0.121766
0.449875
0.0641963
0.14722
0.140577
0.108335
0.239568
0.188633
0.168698
0.170306
0.506093
0.131519
0.163962
0.154227
0.148764
0.135837
0.108337
0.0993401
0.272816
0.191394
0.14952
0.426432
0.187043
0.145015
0.142589
0.127737
0.114631
0.0661745
0.614941
0.118968
0.130377
0.266443
0.173646
0.0542815
0.0993157
0.147961
0.152353
0.108436
0.151779
0.260279
0.194041
0.095685
0.130606
0.180492
0.180447
0.0974168
0.128915
0.157412
0.0789384
0.107967
0.472488
0.0816056
0.232603
0.123271
0.177204
0.262846
0.219936
0.164692
0.173707
0.147617
0.149077
0.200479
0.17034
0.120273
0.353612
0.151061
0.195913
0.130916
0.137214
0.126026
0.090929
0.253394
0.0909456
0.0842863
0.295238
0.115462
0.149401
0.151056
0.172545
0.127294
0.079061
0.132505
0.171906
0.1192
0.135104
0.246961
0.262637
0.148873
0.0700065
0.154203
0.14032
0.346225
0.428136
0.228805
0.185241
0.15548
0.150861
0.165348
0.170099
0.10556
0.148468
0.229501
0.103208
0.128989
0.1488
0.0825026
0.127952
0.0799322
0.128896
0.170574
0.253483
0.185236
0.200759
0.194612
0.121502
0.0940866
0.167646
0.0851518
0.126536
0.198485
0.148612
0.156419
0.0277844
0.432752
0.154029
0.264273
0.125243
0.100063
0.0562547
0.303422
0.223515
0.148566
0.295436
0.158852
0.103343
0.160835
0.148507
0.369514
0.107045
0.13409
0.160863
0.318872
0.222259
0.118929
0.16659
0.101404
0.115786
0.186153
0.0829961
0.0794884
0.121802
0.138211
0.496664
0.184395
0.113228
0.109006
0.486043
0.171084
0.1602
0.107286
0.106263
0.165114
0.0948867
0.118696
0.0881067
0.111631
0.124104
0.186902
0.111182
0.1861
0.14102
0.102864
0.150997
0.116914
0.166429
0.177963
0.172202
0.284171
0.137448
0.149723
0.129439
0.150557
0.186086
0.0989991
0.251784
0.242927
0.0897706
0.121045
0.182625
0.180333
0.129915
0.166552
0.108851
0.223405
0.166464
0.0508253
0.0507274
0.14587
0.113329
0.144612
0.19419
0.191165
0.201368
0.22941
0.339282
0.144184
0.25766
0.117279
0.199836
0.185188
0.136935
0.126013
0.173145
0.0966852
0.139105
0.194249
0.149393
0.158547
0.155847
0.336059
0.0779874
0.188167
0.0880141
0.091182
0.157856
0.133542
0.112689
0.145169
0.187264
0.176496
0.257109
0.179782
0.152463
0.143133
0.149561
0.120158
0.161912
0.149821
0.106914
0.132629
0.123258
0.141297
0.236743
0.150246
0.148001
0.143215
0.324026
0.193657
0.145034
0.15735
0.139035
0.136424
0.113879
0.130251
0.377734
0.156651
0.117333
0.153344
0.156075
0.0700101
0.112993
0.0824081
0.12852
0.142553
0.104096
0.183999
0.22425
0.188243
0.147487
0.136297
0.158209
0.220327
0.119781
0.252897
0.155973
0.18819
0.120953
0.138801
0.175276
0.15958
0.109651
0.15393
0.231462
0.400077
0.115319
0.200968
0.149669
0.10687
0.105586
0.170545
0.135015
0.149088
0.200447
0.259229
0.192204
0.360877
0.188305
0.226858
0.138074
0.141317
0.143284
0.265583
0.123363
0.10947
0.159683
0.453125
0.148831
0.101379
0.307568
0.1591
0.144489
0.171074
0.169979
0.443221
0.156202
0.137949
0.118304
0.225702
0.127062
0.323225
0.101876
0.221333
0.152364
0.111682
0.151955
0.151483
0.148385
0.113164
0.126512
0.0897738
0.140355
0.139615
0.14378
0.18003
0.184091
0.131482
0.156004
0.144483
0.146414
0.198221
0.129776
0.251373
0.260642
0.23273
0.145285
0.181228
0.0853152
0.118657
0.140227
0.179824
0.173067
0.0868884
0.0831951
0.161391
0.120568
0.15468
0.131996
0.134244
0.151469
0.143132
0.213809
0.0895842
0.169352
0.0954559
0.582887
0.166909
0.110374
0.180609
0.170012
0.0846564
0.153247
0.114755
0.14442
0.304322
0.158085
0.142627
0.274844
0.359658
0.0898521
0.155828
0.220601
0.0531511
0.228504
0.0815389
0.191877
0.123788
0.132668
0.183235
0.0826842
0.182146
0.243455
0.182786
0.135218
0.1206
0.230616
0.355799
0.118141
0.147799
0.138559
0.148088
0.134511
0.129409
0.226402
0.314531
0.134939
0.114461
0.183774
0.33072
0.394604
0.190721
0.106216
0.124946
0.111515
0.0971064
0.150457
0.305248
0.0995786
0.273725
0.289476
0.193906
0.14869
0.221684
0.378034
0.145466
0.133401
0.132108
0.0858477
0.19901
0.0977525
0.215079
0.365933
0.121003
0.140788
0.115531
0.232617
0.24759
0.181747
0.175497
0.152649
0.67973
0.0913794
0.145478
0.149624
0.156972
0.142442
0.134503
0.0968741
0.169634
0.17591
0.182294
0.129939
0.0913344
0.105487
0.130117
0.183362
0.124045
0.295039
0.231973
0.172191
0.157155
0.100454
0.28321
0.129474
0.108602
0.225955
0.584286
0.167007
0.146129
0.0887137
0.131079
0.0881356
0.0776613
0.153372
0.12016
0.191064
0.224561
0.100204
0.149268
0.142267
0.189189
0.1573
0.106965
0.193075
0.121634
0.131396
0.124377
0.370066
0.181313
0.119064
0.10414
0.128695
0.0745294
0.133712
0.208134
0.120896
0.159252
0.102244
0.158829
0.175771
0.109824
0.395572
0.121232
0.100346
0.0880295
0.156286
0.107309
0.335117
0.141633
0.272743
0.146188
0.188385
0.34758
0.144635
0.158914
0.0587823
0.112062
0.156983
0.125105
0.125808
0.145395
0.109133
0.190319
0.128013
0.176191
0.0961378
0.0877386
0.18641
0.170042
0.0879006
0.276699
0.127162
0.38437
0.208248
0.12943
0.122998
0.165794
0.166947
0.176678
0.135454
0.177974
0.121552
0.157393
0.216588
0.153087
0.0790403
0.104249
0.193052
0.172227
0.190247
0.175657
0.422944
0.147749
0.222722
0.189632
0.15158
0.183968
0.167312
0.169491
0.215875
0.188333
0.165508
0.231416
0.185541
0.0966759
0.181985
0.23026
0.117145
0.196293
0.116781
0.193444
0.0899035
0.141261
0.155227
0.213992
0.185255
0.166544
0.289462
0.15725
0.184618
0.103679
0.197041
0.320523
0.152823
0.160998
0.118734
0.15623
0.194059
0.162825
0.110348
0.140158
0.187686
0.0993625
0.193029
0.115333
0.103423
0.187371
0.109871
0.15813
0.153684
0.161566
0.0942089
0.143955
0.317727
0.110837
0.193769
0.166812
0.151912
0.0924367
0.148252
0.231474
0.273708
0.112875
0.222544
0.192864
0.124233
0.158034
0.202942
0.379154
0.157447
0.104427
0.152084
0.193155
0.229843
0.132003
0.0606884
0.150644
0.0797051
0.0751674
0.504585
0.0868484
0.469092
0.19358
0.233246
0.182934
0.140843
0.366586
0.185495
0.0826446
0.538108
0.18387
0.133304
0.264601
0.186733
0.206795
0.106981
0.35562
0.164749
0.136196
0.0979426
0.166664
0.19186
0.227067
0.101862
0.107408
0.101172
0.210477
0.130873
0.195377
0.338136
0.181331
0.127346
0.149635
0.15087
0.0578029
0.164874
0.103982
0.229713
0.148127
0.155567
0.256691
0.0842454
0.167897
0.19827
0.187512
0.146773
0.454944
0.181777
0.188743
0.153039
0.192694
0.154768
0.176831
0.137767
0.216444
0.148398
0.0924301
0.352293
0.160256
0.18744
0.187256
0.138469
0.0976994
0.159143
0.107504
0.193924
0.16769
0.294222
0.154287
0.0863915
0.0973612
0.146896
0.165797
0.345006
0.329953
0.158551
0.156323
0.0971728
0.191411
0.232268
0.17829
0.111338
0.20373
0.127326
0.15548
0.111665
0.118769
0.178806
0.136973
0.14467
0.206399
0.211331
0.0960174
0.23665
0.208241
0.141317
0.264547
0.204021
0.0984586
0.622982
0.125308
0.179992
0.233396
0.141097
0.45256
0.323361
0.384814
0.220668
0.155087
0.352661
0.112031
0.0941874
0.144262
0.20293
0.28339
0.319253
0.0902894
0.104886
0.158189
0.123646
0.188212
0.192323
0.145569
0.0822908
0.366992
0.172379
0.448018
0.1242
0.154018
0.122835
0.150623
0.150943
0.147323
0.155691
0.132963
0.148964
0.137736
0.0922314
0.269093
0.264921
0.118146
0.404969
0.152971
0.0952215
0.134198
0.39346
0.237891
0.163415
0.415
0.171677
0.0979193
0.191611
0.144033
0.14982
0.128639
0.369491
0.0866051
0.14621
0.380634
0.342944
0.141814
0.187009
0.418883
0.0801347
0.509891
0.19617
0.197756
0.142195
0.133955
0.161401
0.166176
0.176654
0.187649
0.117312
0.115888
0.0938353
0.139771
0.15228
0.413619
0.128335
0.110701
0.13461
0.226217
0.216724
0.117605
0.535495
0.194609
0.112866
0.164818
0.164868
0.159677
0.0763865
0.0854896
0.26288
0.195957
0.152707
0.0582833
0.184469
0.196781
0.0966396
0.139076
0.352734
0.160925
0.168309
0.193689
0.116491
0.0989326
0.193075
0.187527
0.148581
0.159746
0.130266
0.180905
0.224267
0.190397
0.147021
0.382543
0.143381
0.188973
0.247615
0.133628
0.162582
0.199055
0.096615
0.0941001
0.161566
0.15213
0.139392
0.193406
0.131961
0.162826
0.129774
0.15626
0.137647
0.178808
0.149698
0.112745
0.136249
0.116792
0.241797
0.148338
0.109875
0.245143
0.193427
0.0944387
0.0878403
0.128424
0.131639
0.309757
0.0951361
0.165557
0.19858
0.180081
0.221923
0.120094
0.142466
0.12652
0.129329
0.156596
0.168592
0.116026
0.0993897
0.12936
0.266034
0.126862
0.164288
0.116954
0.130269
0.157625
0.148627
0.189333
0.11712
0.139057
0.282961
0.132319
0.119976
0.125516
0.149662
0.17977
0.154896
0.678465
0.456467
0.153706
0.181348
0.130322
0.188894
0.169316
0.106394
0.088459
0.0843753
0.193457
0.174602
0.420073
0.353131
0.184434
0.119764
0.117285
0.198934
0.196017
0.161055
0.0894017
0.147667
0.116555
0.141942
0.194345
0.162084
0.14757
0.162985
0.269184
0.15153
0.1642
0.254165
0.171988
0.129179
0.10813
0.188043
0.152822
0.114129
0.178628
0.184299
0.175702
0.208244
0.154856
0.165895
0.12369
0.0842992
0.0938129
0.125676
0.174204
0.146968
0.132286
0.234633
0.167476
0.179102
0.135506
0.0247203
0.131348
0.198432
0.158102
0.180077
0.15837
0.129705
0.141348
0.153459
0.180015
0.189573
0.0839242
0.174092
0.127296
0.144523
0.222019
0.160137
0.104557
0.275524
0.17939
0.105113
0.227897
0.236057
0.157285
0.221544
0.216633
0.122769
0.107908
0.253268
0.248118
0.0646519
0.0844225
0.408296
0.128209
0.155228
0.154364
0.112438
0.0957315
0.124572
0.163803
0.150106
0.0817424
0.161784
0.244334
0.126899
0.1987
0.125947
0.086771
0.110237
0.0809843
0.13168
0.0975214
0.147174
0.102585
0.129752
0.167578
0.14362
0.59146
0.236674
0.193373
0.224621
0.102842
0.123203
0.132745
0.119898
0.130085
0.167404
0.330724
0.158911
0.113328
0.177223
0.120812
0.112311
0.109794
0.137701
0.147984
0.189548
0.140434
0.0949847
0.186007
0.138093
0.422582
0.190593
0.132694
0.33699
0.239294
0.102711
0.110022
0.121388
0.15934
0.228466
0.116926
0.45967
0.198564
0.179653
0.219942
0.100427
0.161593
0.0900544
0.153517
0.310972
0.185041
0.0718436
0.150247
0.152857
0.0835261
0.267576
0.576703
0.114785
0.254806
0.159394
0.111062
0.130168
0.312469
0.108802
0.19428
0.123797
0.132561
0.270357
0.151279
0.303208
0.133261
0.141602
0.130425
0.156955
0.135081
0.122209
0.156348
0.15637
0.305026
0.136653
0.274749
0.151245
0.141078
0.180821
0.195742
0.222383
0.106969
0.218554
0.163288
0.213544
0.151303
0.158524
0.0916219
0.152113
0.133372
0.208832
0.207612
0.0879124
0.118133
0.185381
0.156615
0.0793823
0.233827
0.141991
0.123111
0.127701
0.153503
0.229808
0.258854
0.17634
0.0769567
0.15694
0.315466
0.161197
0.119616
0.151903
0.234585
0.136586
0.0935277
0.164167
0.147767
0.103405
0.186602
0.159555
0.149328
0.199481
0.115893
0.451136
0.261121
0.247341
0.195638
0.15503
0.236964
0.150881
0.152126
0.509123
0.175337
0.195153
0.605483
0.192784
0.0936138
0.142181
0.190595
0.115248
0.154877
0.241114
0.094487
0.238023
0.16085
0.136924
0.232353
0.150165
0.149755
0.147963
0.0993533
0.0543409
0.130995
0.0760601
0.328722
0.106363
0.229298
0.167444
0.197092
0.103801
0.147605
0.144912
0.330984
0.122201
0.116947
0.114204
0.219395
0.173869
0.143661
0.12886
0.125744
0.0896485
0.144891
0.239678
0.297623
0.180553
0.135792
0.0952691
0.181218
0.084326
0.113599
0.228702
0.316967
0.177011
0.122905
0.104796
0.0913425
0.193178
0.164988
0.13867
0.230211
0.195595
0.154181
0.137125
0.10412
0.109969
0.111722
0.346228
0.0611417
0.129878
0.151618
0.164229
0.127893
0.33923
0.457728
0.141207
0.193612
0.142938
0.187973
0.137658
0.139822
0.142507
0.106191
0.0847764
0.126291
0.219817
0.155473
0.17262
0.191646
0.5626
0.152959
0.159683
0.511559
0.0735176
0.155579
0.134945
0.151219
0.123408
0.150417
0.275046
0.138981
0.16698
0.120743
0.103514
0.0886999
0.163117
0.296614
0.232699
0.151981
0.271112
0.113405
0.130213
0.138335
0.11486
0.147533
0.12689
0.116819
0.113394
0.101809
0.112624
0.200415
0.18455
0.190165
0.268021
0.220183
0.19953
0.116866
0.129331
0.116042
0.176117
0.0790488
0.25717
0.149457
0.152368
0.147079
0.225672
0.115014
0.12647
0.117186
0.13209
0.0964956
0.267753
0.131944
0.1476
0.629301
0.13079
0.195885
0.141349
0.189563
0.130412
0.16622
0.0485905
0.19487
0.108062
0.14562
0.159794
0.118135
0.122462
0.228162
0.12287
0.0880154
0.404416
0.0984011
0.170388
0.102835
0.334511
0.197508
0.15203
0.222323
0.186493
0.226649
0.196622
0.166246
0.18591
0.147883
0.135731
0.193027
0.188469
0.270278
0.140444
0.239317
0.227798
0.131116
0.19617
0.0918962
0.138864
0.225399
0.118681
0.490064
0.114078
0.120264
0.186831
0.125226
0.450348
0.157844
0.144666
0.149268
0.121801
0.0959186
0.161455
0.118805
0.496087
0.119
0.0867642
0.18795
0.184118
0.145529
0.272372
0.276995
0.17402
0.0862294
0.10826
0.196856
0.105294
0.133516
0.131385
0.127997
0.161646
0.134853
0.0915771
0.354504
0.125447
0.138186
0.123384
0.108591
0.1227
0.147256
0.313599
0.163171
0.159959
0.118285
0.177468
0.138784
0.143697
0.128938
0.228469
0.153515
0.147209
0.0990644
0.25278
0.135267
0.157758
0.0905238
0.166489
0.205139
0.109922
0.122783
0.147112
0.163304
0.22103
0.196086
0.107087
0.194714
0.146897
0.154418
0.138591
0.591073
0.135825
0.162213
0.106095
0.238509
0.132154
0.280597
0.184442
0.351507
0.131544
0.0871971
0.108085
0.102076
0.08245
0.182582
0.095901
0.0919977
0.228687
0.278269
0.124563
0.0895948
0.142732
0.165746
0.0982552
0.304162
0.190034
0.0946336
0.0886929
0.132118
0.475302
0.191168
0.181895
0.0995351
0.194056
0.352722
0.0754652
0.103708
0.10543
0.135828
0.184304
0.175436
0.238442
0.0990504
0.155317
0.13298
0.150494
0.235218
0.257855
0.248697
0.145471
0.269676
0.247001
0.202424
0.138333
0.298497
0.119239
0.130962
0.17736
0.145322
0.163174
0.425381
0.0940238
0.1481
0.219107
0.205495
0.183263
0.145005
0.0617712
0.131685
0.0868601
0.136378
0.161868
0.19679
0.194719
0.230621
0.12871
0.132983
0.200416
0.171586
0.176268
0.0943254
0.451778
0.142881
0.22515
0.179898
0.254561
0.0975323
0.186969
0.188846
0.138415
0.30814
0.0389817
0.364436
0.0917655
0.159028
0.137991
0.189782
0.149332
0.179382
0.194576
0.172299
0.136279
0.203282
0.140038
0.147176
0.2218
0.155735
0.297592
0.271465
0.156454
0.140023
0.139996
0.177541
0.112291
0.149163
0.163761
0.107378
0.172956
0.172438
0.106368
0.197877
0.134081
0.0950709
0.147503
0.181239
0.114008
0.190105
0.361304
0.158184
0.221927
0.139489
0.11214
0.154339
0.716473
0.140972
0.107317
0.148592
0.111463
0.117707
0.121414
0.154679
0.191004
0.136426
0.14482
0.153125
0.175887
0.128038
0.21596
0.148276
0.124758
0.521865
0.120692
0.149481
0.18473
0.216082
0.220436
0.0917802
0.107931
0.114075
0.145393
0.0842168
0.166993
0.186652
0.149887
0.162741
0.275577
0.140188
0.150622
0.180344
0.268994
0.143812
0.126711
0.0899446
0.130973
0.104161
0.112869
0.0906763
0.100376
0.148997
0.537831
0.112623
0.192376
0.233165
0.231395
0.302634
0.276969
0.162317
0.120438
0.115943
0.133033
0.103504
0.726208
0.181499
0.133669
0.155979
0.275422
0.104904
0.183197
0.146977
0.348094
0.171434
0.115517
0.124416
0.227605
0.181084
0.164047
0.128127
0.282281
0.0895232
0.267554
0.177423
0.136712
0.25489
0.271166
0.15558
0.179221
0.141258
0.176343
0.119669
0.104833
0.113151
0.177864
0.142481
0.187909
0.139271
0.185877
0.138062
0.150979
0.145262
0.130834
0.131322
0.187423
0.417297
0.118874
0.13859
0.173077
0.155241
0.162389
0.117455
0.145033
0.191655
0.102563
0.116256
0.182387
0.0708827
0.225731
0.153171
0.10734
0.235103
0.192359
0.183981
0.150829
0.117979
0.173346
0.141702
0.194301
0.171068
0.15678
0.126675
0.136519
0.150772
0.382914
0.22147
0.144788
0.188531
0.235286
0.141352
0.139976
0.41208
0.176157
0.189972
0.181139
0.202257
0.126617
0.18508
0.0813858
0.154321
0.183359
0.158672
0.137431
0.125602
0.0341417
0.120676
0.166523
0.157363
0.159694
0.343477
0.121523
0.160156
0.210547
0.197107
0.168026
0.149936
0.195293
0.144575
0.0797938
0.169076
0.22344
0.139309
0.147551
0.457536
0.15466
0.220748
0.158383
0.135529
0.184225
0.109189
0.109888
0.101585
0.138882
0.171266
0.206144
0.0842468
0.139998
0.170049
0.110087
0.228239
0.174568
0.187891
0.15311
0.493862
0.1136
0.0828274
0.172651
0.291148
0.128476
0.179499
0.131639
0.106474
0.102923
0.123242
0.128393
0.180112
0.183927
0.0849
0.16666
0.0862212
0.163356
0.0420883
0.194793
0.185089
0.144561
0.18228
0.322842
0.15361
0.161304
0.111233
0.0986901
0.0996356
0.154352
0.173204
0.104938
0.467313
0.148936
0.179543
0.201007
0.18194
0.130464
0.148634
0.14537
0.150293
0.136768
0.156493
0.0934936
0.111051
0.369957
0.126525
0.152536
0.159076
0.110949
0.0987262
0.159052
0.0934741
0.0994141
0.25226
0.125243
0.275141
0.197634
0.134424
0.212231
0.124825
0.161548
0.127967
0.22134
0.136964
0.141225
0.189927
0.565691
0.233826
0.0805442
0.193801
0.174479
0.161964
0.152451
0.196437
0.115207
0.110526
0.101562
0.0662297
0.122136
0.43163
0.18574
0.139813
0.112807
0.128588
0.104698
0.0747903
0.146348
0.134795
0.681625
0.221693
0.1123
0.0974237
0.129501
0.158681
0.238887
0.105967
0.139588
0.299791
0.1153
0.0894178
0.0871334
0.164729
0.164868
0.153645
0.181726
0.1034
0.151817
0.149337
0.135402
0.0912769
0.0743944
0.191585
0.253158
0.0852836
0.0855091
0.08071
0.145547
0.434265
0.118395
0.130315
0.0575977
0.125754
0.158692
0.196835
0.0919664
0.0985679
0.460021
0.228416
0.0889645
0.191767
0.18436
0.169133
0.202296
0.149415
0.10083
0.337735
0.145508
0.452737
0.152933
0.125749
0.143837
0.154402
0.186745
0.122184
0.141598
0.119139
0.13684
0.121964
0.194215
0.188673
0.116091
0.169014
0.278186
0.152594
0.111804
0.181936
0.195943
0.186952
0.135129
0.306974
0.388402
0.136125
0.1408
0.2033
0.313376
0.189746
0.228796
0.16804
0.271408
0.121736
0.156957
0.0873284
0.151636
0.0891757
0.151303
0.199921
0.191805
0.161907
0.121534
0.132974
0.146198
0.162156
0.109952
0.132036
0.146074
0.163304
0.200186
0.580765
0.128798
0.181052
0.228203
0.233162
0.15851
0.114094
0.15519
0.203445
0.179666
0.116207
0.103936
0.31575
0.0966608
0.11447
0.117771
0.113028
0.149027
0.177744
0.226045
0.271909
0.195863
0.1482
0.128303
0.26439
0.0886705
0.20984
0.0777074
0.171976
0.222117
0.142739
0.185899
0.0918665
0.0882135
0.414987
0.188138
0.194923
0.187695
0.0857517
0.0762973
0.0894954
0.153992
0.253622
0.152672
0.232914
0.131555
0.11387
0.16156
0.136813
0.131058
0.294706
0.0942004
0.131095
0.150635
0.119464
0.226862
0.10129
0.235545
0.123423
0.192704
0.112221
0.163746
0.183137
0.152547
0.161762
0.577953
0.159178
0.112759
0.109949
0.183722
0.284419
0.0898295
0.157232
0.216819
0.505184
0.0993634
0.197786
0.0729221
0.139006
0.151841
0.505857
0.24062
0.490521
0.138706
0.155826
0.107751
0.168433
0.14968
0.144441
0.0589556
0.40772
0.223586
0.160223
0.188033
0.154817
0.142275
0.099131
0.261763
0.18176
0.114155
0.278256
0.224219
0.125959
0.117327
0.116248
0.118201
0.170212
0.217019
0.116681
0.163599
0.269254
0.190983
0.176399
0.0962775
0.229897
0.0886709
0.150187
0.157275
0.224468
0.167862
0.11748
0.161149
0.0768629
0.184579
0.101503
0.0620368
0.161905
0.0737574
0.0288003
0.534743
0.289304
0.156655
0.152296
0.114332
0.27073
0.131247
0.118306
0.137824
0.242213
0.144316
0.187561
0.158696
0.1616
0.146205
0.191059
0.160464
0.153985
0.201264
0.149173
0.110098
0.138448
0.129453
0.128533
0.124813
0.209912
0.140139
0.156593
0.107146
0.120426
0.105114
0.285381
0.209407
0.0976722
0.191293
0.0581984
0.0756455
0.0993148
0.155926
0.593963
0.0795357
0.14704
0.105712
0.0974887
0.147355
0.0754967
0.120144
0.212313
0.116253
0.137551
0.190306
0.233714
0.440834
0.495705
0.185026
0.24361
0.151295
0.152901
0.177248
0.136211
0.198393
0.206018
0.128984
0.17518
0.139376
0.162355
0.0904651
0.128681
0.0739238
0.183277
0.127262
0.0605655
0.180122
0.12491
0.0961222
0.13837
0.166489
0.197718
0.182211
0.207209
0.176225
0.200715
0.162402
0.198436
0.158429
0.192666
0.18496
0.15267
0.272759
0.139086
0.12257
0.142059
0.0999123
0.127
0.217966
0.127853
0.117406
0.14161
0.147374
0.323067
0.153285
0.281018
0.130416
0.163338
0.136009
0.222686
0.14367
0.158464
0.2495
0.125037
0.171283
0.113096
0.106001
0.13842
0.103319
0.230672
0.187541
0.128818
0.147375
0.178386
0.140046
0.180155
0.157203
0.175337
0.129436
0.101241
0.132729
0.129929
0.116173
0.742478
0.102287
0.113082
0.0969793
0.165085
0.345849
0.643333
0.514734
0.421086
0.137491
0.103236
0.106321
0.102261
0.206702
0.185218
0.218035
0.166403
0.0968937
0.155705
0.116194
0.159031
0.140673
0.0922628
0.193283
0.121196
0.118216
0.117943
0.109558
0.133477
0.262951
0.11642
0.120113
0.180401
0.0854216
0.105803
0.105144
0.142791
0.205019
0.150756
0.279135
0.12101
0.113376
0.196653
0.114297
0.140893
0.114213
0.0948575
0.163655
0.170057
0.186416
0.191321
0.175562
0.142504
0.226128
0.185581
0.165055
0.127963
0.134391
0.0905328
0.162778
0.185991
0.198618
0.181466
0.119442
0.203379
0.190863
0.114688
0.179884
0.175085
0.191675
0.182322
0.15682
0.130842
0.189285
0.160078
0.467748
0.106
0.149271
0.553038
0.110418
0.151902
0.155017
0.163699
0.235163
0.161634
0.141241
0.103749
0.141378
0.182699
0.179222
0.163573
0.140188
0.229991
0.11106
0.113858
0.139894
0.273256
0.143152
0.237935
0.102433
0.117742
0.140517
0.208021
0.135896
0.232901
0.192842
0.0423986
0.279607
0.140598
0.104417
0.166817
0.0509502
0.143401
0.103573
0.0865193
0.676287
0.132121
0.408332
0.190516
0.143681
0.148273
0.10299
0.139139
0.08247
0.14937
0.104538
0.19361
0.112291
0.109456
0.207497
0.326463
0.117999
0.270098
0.121889
0.0866886
0.0669346
0.104497
0.111091
0.178936
0.0947009
0.171965
0.105877
0.156025
0.145746
0.419261
0.139549
0.186048
0.117063
0.160429
0.236708
0.0918423
0.638165
0.629448
0.0944987
0.465552
0.0869064
0.218504
0.109262
0.114728
0.154919
0.15012
0.117808
0.186318
0.256946
0.22981
0.183901
0.162678
0.0799796
0.195638
0.231214
0.428543
0.0847122
0.253549
0.185116
0.34004
0.135773
0.225196
0.0663809
0.179768
0.153729
0.153842
0.250267
0.186808
0.125804
0.166336
0.0697242
0.15305
0.148755
0.570994
0.147569
0.150336
0.146975
0.0833171
0.148713
0.202871
0.0975948
0.180394
0.113725
0.169449
0.171055
0.182519
0.118269
0.0875916
0.422476
0.034575
0.256655
0.112747
0.520783
0.099817
0.0983086
0.159056
0.154388
0.157211
0.15893
0.52748
0.108147
0.184619
0.129453
0.182264
0.163524
0.177912
0.153555
0.213581
0.123288
0.191395
0.570117
0.266386
0.131377
0.146631
0.4784
0.169414
0.228333
0.163402
0.161386
0.180651
0.233444
0.307066
0.132188
0.48039
0.0982763
0.372516
0.150278
0.192192
0.125888
0.201631
0.178809
0.0949374
0.122116
0.158756
0.224704
0.117301
0.133755
0.116402
0.140081
0.135699
0.14899
0.180479
0.15206
0.0962937
0.0930975
0.110604
0.250629
0.190909
0.162211
0.121514
0.191513
0.145043
0.281929
0.226988
0.121213
0.40624
0.0991276
0.146637
0.398961
0.154207
0.222233
0.114487
0.168526
0.19457
0.0736736
0.107646
0.127392
0.108459
0.135778
0.15909
0.171385
0.119454
0.163324
0.189313
0.169831
0.158619
0.19144
0.152443
0.0996983
0.62577
0.126518
0.157198
0.181346
0.103564
0.16173
0.373502
0.146327
0.186262
0.175185
0.154992
0.137254
0.0990828
0.150148
0.0702583
0.0954593
0.134825
0.179223
0.123277
0.18534
0.0817725
0.146993
0.153383
0.189866
0.241111
0.105266
0.302552
0.200429
0.159884
0.0718907
0.126548
0.142052
0.173251
0.246713
0.17206
0.141495
0.135647
0.147323
0.155548
0.144072
0.149496
0.103047
0.692996
0.226266
0.197135
0.0978128
0.122315
0.129054
0.224001
0.13422
0.0602241
0.121958
0.123647
0.150166
0.128177
0.181019
0.27035
0.149931
0.150915
0.15034
0.190626
0.269307
0.122615
0.127471
0.1482
0.129562
0.127175
0.113734
0.188154
0.444662
0.156549
0.18305
0.100807
0.127958
0.100772
0.180259
0.128189
0.127324
0.194003
0.126545
0.131511
0.145613
0.293323
0.231661
0.136791
0.181497
0.163311
0.187109
0.140802
0.209748
0.304148
0.112076
0.102679
0.283334
0.128871
0.108384
0.126633
0.0896353
0.230362
0.0771276
0.111263
0.500154
0.0835226
0.150328
0.134356
0.253234
0.526235
0.215116
0.15785
0.148199
0.174613
0.176225
0.104994
0.131603
0.104081
0.127756
0.16843
0.169546
0.155691
0.0886079
0.181819
0.0810092
0.159349
0.226959
0.187917
0.224296
0.190891
0.324339
0.187969
0.153866
0.152763
0.339405
0.142626
0.145536
0.124893
0.110032
0.149388
0.199721
0.159296
0.222064
0.129818
0.156595
0.234738
0.235207
0.162577
0.141167
0.0916477
0.293689
0.144933
0.123117
0.243346
0.189259
0.0935286
0.12652
0.194647
0.337073
0.090974
0.102653
0.194497
0.140834
0.213072
0.120646
0.196431
0.110464
0.141978
0.140403
0.0994632
0.105045
0.215957
0.145668
0.121085
0.111472
0.299255
0.0761716
