0.0261381
0.00369427
0.00392161
0.00334567
0.000344767
0.0228359
0.0258518
0.0280294
0.0369382
0.0660607
0.00313696
0.0445334
0.0134394
0.0145342
0.019746
0.00394686
0.074463
0.0187977
0.00256768
0.0400855
0.014612
0.0447143
0.00362091
0.0822863
0.0244935
0.0613251
0.0379959
0.00206503
0.00315147
0.0272752
0.0792268
0.0378116
0.0367881
0.00413006
0.0246396
0.00202784
0.0208944
0.0272776
0.00499058
0.0371012
0.0241832
0.0285615
0.0185905
0.0297889
0.0024051
0.0379709
0.0629444
0.00942948
0.00232822
0.00608698
0.0267087
0.0047747
0.0436436
0.0610553
0.010365
0.0390825
0.0605375
0.0167152
0.0243498
0.0262435
0.0212131
0.0301107
0.0460579
0.0290849
0.0113043
0.00271574
0.0156457
0.0193124
0.0530858
0.0214051
0.0261357
0.0101581
0.0111011
0.0194672
0.0304723
0.014355
0.02657
0.0155454
0.0229173
0.000856338
0.0182808
0.0153086
0.0307228
0.00715466
0.00367788
0.0154011
0.0232278
0.0161299
0.0240521
0.00514027
0.0411391
0.00136669
0.0203347
0.0213269
0.0287794
0.00526758
0.0275505
0.00593474
0.0382827
0.0142564
0.0467799
0.0582166
0.0316208
0.0211689
0.0415639
0.0206316
0.0184313
0.00348295
0.0012596
0.00208007
0.0462687
0.00243838
0.0390057
0.0125375
0.0356054
0.0325656
0.0204683
0.0135137
0.00563355
0.0350269
0.0508564
0.0453321
0.0441014
0.0027528
0.0146983
0.0262814
0.0479355
0.0336187
0.00259366
0.0408826
0.01769
0.003049
0.0464998
0.006513
0.0461477
0.0227714
0.00247286
0.00346194
0.0354774
0.0495962
0.0272081
0.0305121
0.0277048
0.00510485
0.0453701
0.0232473
0.0197836
0.00799414
0.0272471
0.0346615
0.0710038
0.0253986
0.00953607
0.0386407
0.0479374
0.0298022
0.00224349
0.0309255
0.0521547
0.0573441
0.059303
0.046917
0.00381525
0.00394727
0.033718
0.0112213
0.0372071
0.0600232
0.013587
0.0259308
0.0173488
0.0491384
0.0156096
0.00247766
0.0133153
0.00452444
0.0026249
0.00659389
0.0434089
0.0102977
0.0421831
0.0740199
0.0373279
0.00999131
0.00279837
0.00344496
0.0343371
0.0156797
0.0228053
0.0251867
0.00272733
0.0189699
0.0311005
0.022126
0.0179045
0.0324554
0.0301104
0.0179189
0.0234005
0.0758045
0.0235374
0.0255964
0.0457637
0.0221018
0.0197668
0.0410239
0.0335669
0.0305108
0.0082331
0.0242507
0.0965399
0.0253069
0.0137918
0.0105143
0.0694739
0.0472872
0.0191068
0.0243066
0.0282104
0.0341383
0.0164973
0.0186219
0.00233628
0.0244017
0.0305329
0.00138305
0.00215888
0.0740155
0.0433501
0.0561117
0.00401321
0.000989504
0.031831
0.031157
0.0592034
0.0537554
0.0251981
0.00182551
0.0324234
0.00855759
0.0129033
0.00394299
0.0112434
0.015751
0.0319599
0.0145873
0.0452075
0.0300059
0.0344187
0.0464278
0.0242641
0.00966856
0.00245124
0.0764362
0.0149159
0.0137951
0.0286976
0.0140383
0.0248499
0.02623
0.0394983
0.0259011
0.0287601
0.0364093
0.0564282
0.0117746
0.0240761
0.0373995
0.0454523
0.0353361
0.0191542
0.00141899
0.0306349
0.00161459
0.030623
0.0310118
0.00339588
0.00158104
0.0377342
0.0149567
0.0341934
0.0163338
0.0298017
0.000441564
0.0022295
0.00347754
0.0190732
0.0289435
0.0163965
0.028077
0.0363377
0.0236398
0.026206
0.0362993
0.0261349
0.00254378
0.0010263
0.0248132
0.035936
0.00505658
0.0306109
0.00290615
0.00425906
0.00558559
0.0187734
0.0101256
0.0202869
0.0621686
0.0209313
0.0487476
0.0193945
0.0481567
0.00208958
0.00215827
0.0649811
0.00183832
0.0209382
0.00543942
0.0366868
0.0204329
0.0216637
0.00461804
0.0215097
0.00487653
0.0451904
0.0325763
0.0382129
0.00145046
0.0367654
0.00106188
0.0286446
0.0407162
0.0667897
0.0352017
0.02252
0.00457316
0.0298885
0.0115313
0.0493126
0.0761797
0.0453273
0.0905764
0.0257397
0.00228257
0.00570708
0.0365374
0.0228493
0.00860474
0.00840832
0.0243772
0.015927
0.058512
0.0111037
0.00190557
0.0479464
0.00456144
0.0148414
0.0285556
0.0368978
0.0339432
0.00512842
0.0391607
0.0141205
0.038326
0.0448987
0.022195
0.00140722
0.00301983
0.0516476
0.0307994
0.0504602
0.00584938
0.028943
0.0470902
0.0602645
0.0294106
0.0327005
0.0199959
0.00231114
0.00262958
0.0377807
0.00962329
0.00646685
0.0131318
0.00425734
0.0394907
0.0030174
0.0197592
0.0553767
0.0393988
0.0242373
0.00127383
0.0318973
0.0594536
0.0162171
0.0275778
0.0217201
0.024273
0.00321129
0.047418
0.0613773
0.0327813
0.0324686
0.0385055
0.0262186
0.0217541
0.0164041
0.0199268
0.0212868
0.0302702
0.0307139
0.0573845
0.0219083
0.00128137
0.0208203
0.0293908
0.0767617
0.00260259
0.0356422
0.0428238
0.004448
0.00221413
0.00556241
0.0493356
0.0045827
0.023236
0.0294797
0.0130018
0.00139127
0.0276577
0.00817057
0.019557
0.0385695
0.0306985
0.0413889
0.00353759
0.00108795
0.0607937
0.0142139
0.0158172
0.00502077
0.00256811
0.00819287
0.0296425
0.0468395
0.00586049
0.0363491
0.0466023
0.0589323
0.0351923
0.0189293
0.0412214
0.0266957
0.00626073
0.0123722
0.0401523
0.0762885
0.0220271
0.0528061
0.0377001
0.00177441
0.0219911
0.025834
0.0310968
0.0111599
0.0378938
0.00826348
0.0427517
0.0257027
0.0332546
0.0157705
0.0281742
0.0509574
0.0367632
0.048078
0.0248673
0.0407813
0.0391558
0.00460083
0.0387642
0.0356533
0.00972874
0.0577767
0.0242906
0.020511
0.00525051
0.0215518
0.0216754
0.0175625
0.00699785
0.0728131
0.00309298
0.0197369
0.0135518
0.00309814
0.010697
0.0281672
0.0531515
0.0258338
0.031584
0.0500445
0.0463413
0.0227589
0.0015112
0.015767
0.00185868
0.0434034
0.0010024
0.0462966
0.0248782
0.0477868
0.0216829
0.0136696
0.023119
0.0234617
0.0294048
0.0260679
0.0509291
0.0289925
0.00973478
0.0223787
0.0195687
0.0412249
0.0165218
0.0333903
0.0331463
0.0480631
0.00653809
0.0613312
0.0413533
0.0136592
0.00238527
0.0328504
0.0209617
0.0334581
0.0382134
0.00358809
0.0169758
0.0389295
0.0259928
0.0330068
0.00377533
0.00217706
0.018374
0.00240007
0.0334426
0.052507
0.0434619
0.0208132
0.041311
0.0205349
0.0122165
0.0330244
0.0191593
0.00243486
0.0107734
0.0291966
0.007508
0.0378759
0.0269255
0.0450043
0.00179089
0.04042
0.00161687
0.00145705
0.0375227
0.00610405
0.0229179
0.0322342
0.0557659
0.0520274
0.0322365
0.0103207
0.0376863
0.0395386
0.0375269
0.00871167
0.0320699
0.0442225
0.0130191
0.0306307
0.0225205
0.0133917
0.0304498
0.00182527
0.0204754
0.0275214
0.00303848
0.00446665
0.027305
0.0173722
0.022696
0.064837
0.00526134
0.0301701
0.0257629
0.0632346
0.027436
0.00140617
0.0308353
0.0610845
0.0325164
0.0152013
0.0445214
0.00675851
0.0392549
0.045753
0.000832711
0.0367598
0.00162217
0.0110063
0.015203
0.00595309
0.0345256
0.0419815
0.0334866
0.0307591
0.00969318
0.0589931
0.0345913
0.053008
0.0343252
0.0315615
0.00118513
0.0126267
0.0319931
0.00391814
0.0505503
0.0405368
0.0276332
0.0438642
0.0297255
0.0479148
0.0197184
0.0131113
0.0348358
0.0530951
0.0393485
0.0031612
0.00287613
0.0219765
0.0397065
0.0215736
0.00283133
0.0441203
0.0316568
0.0311661
0.0493675
0.0592501
0.0277907
0.0371609
0.0119238
0.0472241
0.0317066
0.0293345
0.00147245
0.00594645
0.00767741
0.0261762
0.0351448
0.0180414
0.00376054
0.000615653
0.0372482
0.0174529
0.00119051
0.0244627
0.0251541
0.0240435
0.0203297
0.00294334
0.0103623
0.0021874
0.0285172
0.0276457
0.0437759
0.0231034
0.00911166
0.0360669
0.0510269
0.00364088
0.039281
0.0189819
0.0435668
0.011051
0.052186
0.0053764
0.00147781
0.0255626
0.00362438
0.0213772
0.0342836
0.0193111
0.0452808
0.011412
0.0179301
0.00126127
0.0266852
0.00637976
0.0298059
0.0115922
0.0168163
0.0732041
0.0142178
0.00305282
0.0615493
0.00390473
0.00538261
0.0258274
0.0521715
0.0531503
0.0051176
0.00877329
0.0318473
0.0492619
0.0235224
0.00147662
0.0189702
0.0221207
0.0181776
0.0295377
0.0282189
0.0305593
0.0177313
0.00485161
0.0249906
0.00272031
0.0277234
0.00427527
0.00361441
0.0504038
0.0289156
0.0291088
0.0265972
0.0501632
0.0314436
0.00452739
0.0217669
0.0127405
0.0441403
0.0450127
0.0290862
0.00150697
0.00109584
0.0156929
0.0124444
0.0187969
0.0386198
0.00253124
0.00325093
0.0109913
0.0141559
0.0513579
0.0490721
0.0151407
0.0230999
0.0361556
0.0255
0.0257345
0.0187217
0.0201041
0.0424441
0.0407909
0.0525742
0.0263726
0.00527826
0.0346306
0.0355699
0.0416613
0.0125234
0.0442105
0.0217201
0.0135038
0.0588725
0.0135116
0.0170818
0.00301999
0.018716
0.0503135
0.0234375
0.0258354
0.0368353
0.0308536
0.00410105
0.00405035
0.00726073
0.0171749
0.0180969
0.048239
0.0217925
0.00648107
0.0391919
0.029939
0.0441007
0.0407501
0.0111066
0.031254
0.0208064
0.00146397
0.080743
0.0268191
0.00227806
0.0372569
0.0255325
0.0456274
0.0660798
0.0352875
0.013982
0.028584
0.00308852
0.0522684
0.0309916
0.00155808
0.0316441
0.00479091
0.0259829
0.0972988
0.0446842
0.0239992
0.023532
0.0370199
0.0182052
0.00378607
0.049021
0.0109756
0.0146337
0.0184053
0.0267578
0.0809715
0.0646981
0.0182804
0.0454962
0.0427435
0.0468247
0.000419971
0.0437216
0.0605854
0.00715797
0.0561188
0.0224215
0.0554522
0.00319084
0.0600529
0.0336362
0.00939728
0.0138887
0.0186854
0.0406753
0.00641508
0.00655665
0.0310625
0.00298258
0.0198729
0.010331
0.035374
0.00894909
0.00985845
0.00412609
0.0333724
0.00631294
0.0288626
0.0213953
0.043568
0.00182352
0.00260609
0.0171088
0.0325466
0.0136851
0.0531259
0.0483817
0.0227399
0.00832111
0.063016
0.0463888
0.0176589
0.0347405
0.0602363
0.0257873
0.00242437
0.0245448
0.0337795
0.00203746
0.00325516
0.0217515
0.0229832
0.0481405
0.00611486
0.0191212
0.035031
0.00251833
0.0289195
0.000992938
0.0432896
0.0281938
0.00824673
0.0248844
0.0204453
0.0180374
0.00148677
0.0333589
0.0258235
0.0255254
0.00985994
0.0365963
0.00434573
0.0556269
0.0273117
0.0239217
0.00336627
0.0302724
0.0375281
0.00211286
0.0209215
0.0495903
0.0352635
0.0207391
0.0569457
0.0194079
0.0350467
0.0268781
0.00135699
0.0142559
0.0114989
0.0330229
0.000998764
0.0293285
0.0354948
0.0274951
0.0111516
0.0375618
0.0659596
0.00475968
0.0258394
0.0517048
0.00251795
0.0405774
0.0488741
0.0383088
0.00856722
0.0296671
0.00519478
0.0445651
0.0294237
0.032075
0.0139577
0.0425024
0.0189986
0.0176378
0.0262999
0.0379404
0.00499175
0.000561849
0.00571336
0.00184823
0.0770292
0.00193089
0.0922267
0.0266794
0.0315658
0.0148855
0.0241817
0.0101995
0.0451789
0.0219531
0.0364144
0.0157142
0.017438
0.0119416
0.023682
0.0169122
0.0545611
0.0542728
0.00791561
0.0241961
0.00760935
0.0280145
0.0450942
0.00176917
0.0389422
0.0031257
0.0436755
0.0269409
0.0277627
0.022326
0.0108107
0.00191416
0.0504334
0.0337843
0.00676189
0.00135768
0.00277124
0.0105588
0.0034883
0.0113023
0.00268075
0.0175186
0.0149143
0.0295528
0.0231182
0.0176276
0.00336187
0.00921858
0.065268
0.0257424
0.0122797
0.0313787
0.0190618
0.0317321
0.0230999
0.00293885
0.0269301
0.00289575
0.033582
0.0261755
0.0845913
0.0060141
0.00925686
0.0428721
0.0489438
0.0158038
0.0431425
0.00485962
0.0466581
0.0509335
0.0175585
0.000873732
0.00620522
0.0420198
0.0588571
0.0123208
0.0890567
0.0199808
0.0286234
0.0167888
0.0330758
0.0198984
0.00198562
0.0101432
0.0220122
0.0290405
0.00187968
0.0358552
0.0365259
0.0282306
0.0432869
0.0194012
0.0341577
0.00149668
0.0247515
0.00164697
0.04234
0.0132853
0.0177187
0.0355798
0.0224739
0.0300342
0.0261512
0.00064379
0.0253845
0.0249433
0.0104779
0.00812591
0.0111745
0.0389325
0.0342453
0.011988
0.0111387
0.0118144
0.0271979
0.0365155
0.0468323
0.0503464
0.00122313
0.0583244
0.0390573
0.0325452
0.0377033
0.0485523
0.032653
0.0430741
0.00701755
0.0122463
0.0270022
0.00173397
0.00317296
0.020334
0.0573047
0.0325565
0.0110999
0.0340622
0.0555087
0.0334313
0.0350004
0.023349
0.0335182
0.0191386
0.00760146
0.0204895
0.0294977
0.00107285
0.0384059
0.0509474
0.0381557
0.00278102
0.0268843
0.00200524
0.035373
0.0212129
0.0153479
0.0351827
0.0263171
0.0239299
0.00484024
0.0040679
0.0180018
0.0403344
0.0194159
0.00461066
0.0350887
0.0197217
0.035735
0.00123636
0.022365
0.0368625
0.00474091
0.00457445
0.00299711
0.0257012
0.001257
0.0310956
0.0185278
0.0608816
0.00479446
0.0174256
0.0280358
0.0131832
0.00184348
0.0487726
0.0239995
0.0116329
0.0254768
0.0321417
0.0417453
0.0133074
0.0155066
0.00875888
0.0201859
0.00600677
0.0111893
0.025155
0.0102515
0.0428568
0.00396367
0.0219981
0.0284714
0.0115664
0.032247
0.0382528
0.0349944
0.0281064
0.0158603
0.0391163
0.0100515
0.00338396
0.0322696
0.0477533
0.0507586
0.0234046
0.018697
0.0314901
0.0305946
0.00134066
0.00443642
0.00391303
0.012718
0.0159481
0.00322843
0.0372158
0.0274735
0.00832034
0.0387868
0.0218045
0.0233372
0.0233318
0.0158384
0.0207075
0.00348731
0.0183955
0.042286
0.0296363
0.028665
0.0354887
0.018244
0.0368557
0.0234586
0.0236662
0.0021198
0.036935
0.049472
0.0111441
0.0449194
0.0196708
0.0224516
0.0149013
0.00361801
0.0342739
0.0488324
0.00167713
0.0242166
0.00130496
0.00326425
0.0174797
0.0295381
0.00123461
0.055765
0.0474038
0.0199366
0.0372126
0.0284913
0.0292543
0.0263613
0.00260077
0.0323458
0.0111917
0.0184199
0.0304831
0.05604
0.00535113
0.0819272
0.0359525
0.0142021
0.0485862
0.011127
0.0396851
0.0164575
0.00238462
0.0132637
0.0381096
0.0134633
0.0131295
0.00991441
0.0524161
0.0730126
0.0216539
0.0249591
0.0467744
0.00493938
0.0287209
0.0232861
0.00247098
0.032211
0.0199091
0.0190974
0.0217748
0.00288285
0.0120356
0.0034363
0.0441862
0.00354071
0.0101074
0.0535004
0.0254155
0.0243188
0.00792657
0.00455681
0.0272918
0.0131002
0.0209378
0.0569626
0.00782312
0.00410274
0.00667667
0.0401146
0.0263555
0.075067
0.0377094
0.00282363
0.0273492
0.047259
0.0143049
0.0497501
0.00316084
0.0276541
0.0260813
0.054674
0.00766055
0.037746
0.00154699
0.0275917
0.0367656
0.00363967
0.0127484
0.0382791
0.0401351
0.035873
0.0685926
0.0352823
0.0447813
0.0162461
0.0173073
0.0222607
0.0261704
0.0171653
0.00306399
0.000656754
0.00623309
0.00319135
0.00478672
0.0401873
0.0379208
0.0205092
0.0338
0.0120578
0.000789932
0.026073
0.00927256
0.00341347
0.0729377
0.0525366
0.0173028
0.0410904
0.0230762
0.0466105
0.0153109
0.0243329
0.03608
0.0547125
0.0377214
0.0691052
0.0337835
0.0513534
0.0073311
0.0225286
0.0140314
0.0384226
0.0165481
0.0406776
0.0254017
0.0452129
0.00231396
0.0390413
0.0271698
0.0116759
0.0315032
0.0142233
0.00529072
0.00731469
0.00215554
0.0661762
0.0411535
0.0118234
0.00332327
0.0156854
0.00277323
0.0457393
0.0213175
0.0201254
0.0239869
0.0362186
0.037214
0.045977
0.0136605
0.00132665
0.023998
0.032587
0.0525516
0.0277384
0.0187267
0.0482368
0.0179043
0.0233057
0.00300443
0.0316199
0.0285458
0.0633517
0.000491683
0.0432099
0.00273814
0.0194404
0.045708
0.0506348
0.00580293
0.011736
0.027068
0.00142275
0.00343853
0.00266616
0.0536349
0.00101117
0.00244662
0.0031197
0.0485047
0.0420884
0.0170198
0.00816583
0.0191223
0.0215042
0.0916451
0.00188544
0.0463347
0.0645985
0.0207319
0.0288687
0.0139355
0.0156817
0.00232074
0.00262537
0.0530558
0.0571046
0.0480143
0.0694454
0.0369361
0.0377956
0.0128676
0.028837
0.0627023
0.0335895
0.0648641
0.027366
0.0348783
0.0329382
0.0149101
0.00375925
0.0215409
0.0122161
0.0614311
0.0164686
0.0538275
0.00511014
0.01689
0.0254218
0.0441275
0.0165831
0.0265692
0.028254
0.0530958
0.0480317
0.0209482
0.0344085
0.0376664
0.032812
0.0150703
0.00347103
0.0628
0.00515618
0.0272921
0.0475513
0.0668953
0.0243139
0.022856
0.0227725
0.0142487
0.037184
0.0171486
0.0322278
0.0285142
0.080068
0.0587181
0.0124033
0.0101784
0.00255764
0.0343254
0.0286638
0.0329318
0.0132782
0.00326136
0.0204243
0.030564
0.00576241
0.0376337
0.000757469
0.0466419
0.0176565
0.0130945
0.0167635
0.0181494
0.0196626
0.0220649
0.0281079
0.0251906
0.0284903
0.068576
0.0429834
0.0262015
0.0150891
0.0282956
0.062346
0.0224555
0.0430055
0.0519463
0.0581099
0.0361755
0.0385147
0.0574805
0.0028499
0.0351713
0.0300996
0.0454485
0.0248089
0.00640964
0.022959
0.000893671
0.03908
0.0179013
0.0559709
0.0129631
0.0219435
0.0240622
0.0290202
0.0152429
0.0124201
0.0229892
0.00548999
0.017624
0.0287255
0.03016
0.028347
0.081894
0.037378
0.028585
0.0176943
0.0364619
0.020317
0.0652119
0.00088046
0.00516813
0.0156449
0.0368916
0.0179753
0.0467278
0.0168542
0.0423095
0.0447287
0.0084647
0.00347356
0.00166779
0.0370477
0.043961
0.0473535
0.0211098
0.0268689
0.0123611
0.00302763
0.026006
0.00613516
0.0506067
0.0663798
0.00658608
0.044341
0.0474889
0.00806566
0.0362304
0.0298082
0.0233226
0.0231113
0.00109794
0.000904815
0.0101548
0.00439274
0.0212278
0.0257909
0.0374851
0.0598998
0.0343627
0.0209293
0.00462988
0.0489808
0.0404949
0.0328497
0.0217455
0.017284
0.0316704
0.0305707
0.0784892
0.0589657
0.00108857
0.0198172
0.0262982
0.0162281
0.0504814
0.0641496
0.00420359
0.0354419
0.0698565
0.0233853
0.0162104
0.0180964
0.00403666
0.0559417
0.00848172
0.015919
0.0319131
0.0106372
0.0657131
0.00272122
0.0285369
0.0978118
0.0451457
0.023763
0.00951153
0.00249079
0.0161724
0.003061
0.0461599
0.027397
0.0100518
0.0469846
0.0325655
0.0124831
0.0281485
0.0266787
0.00176285
0.0126016
0.0142819
0.0303704
0.0335832
0.0302573
0.0302532
0.0435461
0.0252653
0.0186057
0.0262482
0.0755416
0.0234471
0.0226044
0.0315868
0.0483918
0.0307044
0.00644848
0.00726696
0.0244287
0.033173
0.0518705
0.0189921
0.0358546
0.0190883
0.0413968
0.0440499
0.00437343
0.0302932
0.00423188
0.0150623
0.00376054
0.015445
0.00112946
0.0174324
0.0520176
0.00160702
0.055156
0.0125244
0.0272383
0.0381848
0.0409191
0.0357875
0.0248532
0.0650634
0.0123574
0.0231913
0.0451217
0.036169
0.0567708
0.0157634
0.00353319
0.00883614
0.00678121
0.0379474
0.0257732
0.0152566
0.0390276
0.0216637
0.0238434
0.0228038
0.0498397
0.0022105
0.0285509
0.0408556
0.00757644
0.0524079
0.0194508
0.0354041
0.0389034
0.0458579
0.0127525
0.0103453
0.0146618
0.000965511
0.0302533
0.029293
0.0494049
0.027215
0.0465591
0.0192252
0.0045079
0.0131449
0.0477332
0.0162102
0.0287359
0.0421168
0.0450463
0.0300571
0.0266176
0.0116251
0.00122519
0.0373201
0.0254416
0.00117697
0.0278362
0.0492827
0.0620886
0.0371582
0.0387679
0.0255211
0.00509098
0.0529497
0.0415228
0.0589579
0.0175383
0.0134474
0.00219859
0.0473126
0.0264758
0.0479236
0.0300716
0.0374523
0.076264
0.0327474
0.0298731
0.00208738
0.0266539
0.0258773
0.00940721
0.0213579
0.0295037
0.00523103
0.028806
0.000323201
0.00181497
0.0174442
0.00850073
0.0193107
0.00971258
0.0125127
0.0331441
0.0393992
0.00210574
0.0311814
0.0330954
0.00318184
0.0284737
0.060062
0.022445
0.0491319
0.0114618
0.0357292
0.0381512
0.0076925
0.00450374
0.00435472
0.037468
0.0278893
0.00681786
0.019245
0.0276313
0.00174725
0.0157213
0.0208668
0.0157557
0.0123463
0.0145776
0.0137479
0.0320912
0.0122583
0.0472891
0.0344208
0.00796699
0.00341748
0.0337928
0.0245619
0.0315473
0.000601651
0.0165194
0.0451953
0.0412112
0.0233366
0.0319845
0.0207862
0.0156508
0.0242444
0.00989218
0.00513379
0.00274475
0.040325
0.0221276
0.0201604
0.0415999
0.0303372
0.00977461
0.0361819
0.0485185
0.00379117
0.0864005
0.0171775
0.00416718
0.0479343
0.0296635
0.0208404
0.0274923
0.0155537
0.02912
0.00190124
0.0161839
0.0544554
0.0415189
0.0134365
0.0320588
0.0716738
0.0465789
0.0352957
0.00367945
0.0146165
0.00457922
0.00492018
0.0322349
0.0266653
0.0490925
0.0586701
0.00148282
0.056807
0.0159521
0.0138479
0.0157107
0.0709005
0.00341415
0.0125018
0.0385711
0.00633479
0.056858
0.00668659
0.0374141
0.0745467
0.00124499
0.03067
0.00236732
0.0231258
0.0340203
0.0337698
0.00958474
0.0280343
0.0400753
0.00590456
0.0310782
0.0316877
0.0225916
0.019265
0.0318147
0.0218179
0.00308202
0.025825
0.0404976
0.019191
0.00654247
0.0228885
0.0311425
0.0422614
0.0718668
0.00985313
0.017419
0.0128247
0.00204407
0.0193505
0.0340792
0.0270212
0.0419984
0.0186021
0.0458802
0.0154458
0.021026
0.0351891
0.00640004
0.0347463
0.0270461
0.0378172
0.0118891
0.00722207
0.0375643
0.0543164
0.0648997
0.024535
0.00362205
0.0073093
0.020748
0.0198566
0.0266855
0.0305185
0.0361385
0.035031
0.0395711
0.0275956
0.0711041
0.00489084
0.00824224
0.010501
0.0381382
0.01476
0.00487119
0.0168926
0.0271233
0.0126881
0.0302627
0.0326468
0.0654542
0.0385571
0.00239818
0.0447486
0.0401292
0.0240196
0.0162787
0.0119995
0.0375679
0.00357788
0.0395307
0.0245177
0.00134644
0.00535474
0.0473619
0.00492553
0.00167866
0.00287939
0.0188294
0.0286512
0.058458
0.018206
0.00715557
0.0506605
0.00492644
0.0103458
0.0308383
0.0018134
0.00841632
0.037829
0.023734
0.00136568
0.0340372
0.0340557
0.0101824
0.0197514
0.0426111
0.00369953
0.0270161
0.0651701
0.0293868
0.0812625
0.030272
0.0451607
0.0265236
0.0481014
0.0285366
0.020377
0.0226257
0.00316078
0.0188287
0.00425867
0.0011231
0.04491
0.0399857
0.0320265
0.0413099
0.0559632
0.0372041
0.00239627
0.0147897
0.0010381
0.0114372
0.0697489
0.0201413
0.053069
0.0231529
0.00523095
0.0137547
0.0171933
0.0319195
0.0624009
0.0555723
0.0315313
0.0230382
0.0230946
0.058771
0.0205048
0.0602937
0.00226951
0.0208263
0.00797082
0.0543602
0.0265707
0.00319872
0.00818574
0.0180096
0.00125468
0.0389806
0.00321853
0.0158751
0.00308561
0.0171072
0.0281117
0.00218322
0.0579948
0.0088804
0.00288151
0.0369239
0.00703342
0.0140728
0.00275999
0.0486697
0.032633
0.0251973
0.0638539
0.00381678
0.00910663
0.0381439
0.00205403
0.0297439
0.0205498
0.02589
0.020225
0.0259772
0.0279485
0.0260592
0.00829583
0.048353
0.0245387
0.0165956
0.0172561
0.0205471
0.0346701
0.0086977
0.026949
0.0253882
0.0331971
0.0229073
0.0179716
0.0254681
0.0240821
0.0482935
0.024011
0.0346002
0.0126619
0.00631113
0.0174776
0.00995597
0.0210754
0.0150997
0.015409
0.00834328
0.0299907
0.00767877
0.0429526
0.0154357
0.0414873
0.033745
0.0457679
0.00192887
0.0585674
0.00954556
0.0433585
0.0473552
0.0236499
0.0242675
0.0184695
0.0404177
0.0703662
0.0483692
0.00185925
0.015883
0.056929
0.00153154
0.0412797
0.013445
0.018846
0.00450635
0.0558787
0.0308024
0.00402493
0.0270764
0.00185963
0.018429
0.0178018
0.00425684
0.00689355
0.0729721
0.0245568
0.0160002
0.0245109
0.0640894
0.0336782
0.0316679
0.025182
0.0328287
0.0302019
0.00537493
0.0459366
0.0343167
0.0588934
0.0304484
0.0517514
0.0112843
0.0445159
0.0129854
0.00440942
0.00279919
0.0119898
0.00159185
0.0204168
0.0187555
0.0173184
0.00174478
0.0197146
0.00276455
0.0128809
0.00902137
0.000778426
0.0402377
0.0019555
0.019231
0.0661272
0.0141791
0.00235646
0.0903658
0.0197833
0.0118464
0.0245967
0.0108937
0.00291629
0.0372926
0.0017329
0.0159134
0.00302846
0.00112346
0.0104334
0.0411139
0.0368146
0.00123693
0.0478248
0.028466
0.0478155
0.0230355
0.0721184
0.0173129
0.0531236
0.0214109
0.04101
0.0381857
0.0166999
0.0140877
0.0195047
0.0343777
0.030487
0.0482203
0.0314671
0.0392478
0.0391074
0.0300292
0.00262914
0.0153615
0.0876739
0.0149139
0.00350754
0.00259437
0.0253099
0.0226303
0.00351417
0.0221251
0.0296237
0.0708748
0.015088
0.0423609
0.0344901
0.0303927
0.0907623
0.0318414
0.0267288
0.012978
0.00194041
0.00399955
0.051479
0.0496172
0.00794352
0.0660766
0.00465763
0.0379747
0.0126902
0.0378225
0.00296028
0.0122373
0.036102
0.00197415
0.00279161
0.0270511
0.0243275
0.0639949
0.0326704
0.0109838
0.0557616
0.00405186
0.0267635
0.00402376
0.0429716
0.0266376
0.0172777
0.0333225
0.0248076
0.0250522
0.0380034
0.0521781
0.0766712
0.0194793
0.0242374
0.0236829
0.00282436
0.000569469
0.0160468
0.0247443
0.0175772
0.0579865
0.03051
0.0371578
0.0118916
0.0141196
0.0489946
0.0581399
0.0168917
0.0513701
0.0428159
0.0312513
0.0181754
0.0140673
0.0026021
0.0125734
0.0248967
0.0717724
0.0663434
0.0527721
0.0187928
0.0102276
0.00317197
0.0654667
0.0416976
0.0606177
0.00334891
0.00195163
0.0218235
0.00692027
0.00780081
0.0161082
0.00316518
0.0298144
0.0183532
0.0225956
0.00297281
0.04293
0.033941
0.0292412
0.0150229
0.0339616
0.0511441
0.00372313
0.00744942
0.00301391
0.0139054
0.0611402
0.0190417
0.00528963
0.0550926
0.0512948
0.0390391
0.00286262
0.0288216
0.0142623
0.0254484
0.0343247
0.000922403
0.0354714
0.0291659
0.00209009
0.0597451
0.0196204
0.0252602
0.0403456
0.00358655
0.0595499
0.00255494
0.00285807
0.0118881
0.0017108
0.0168131
0.00653903
0.00367516
0.0365589
0.0330344
0.0296175
0.0340353
0.0470392
0.0187933
0.036943
0.0289729
0.0262181
0.042246
0.0278985
0.0302672
0.00378256
0.0535574
0.00126732
0.0255573
0.0417917
0.0212035
0.0510538
0.0338617
0.0168854
0.0345215
0.0614274
0.0268392
0.0109005
0.00399402
0.0432016
0.022957
0.00746674
0.0188763
0.0361357
0.0609782
0.0483299
0.0131987
0.00680184
0.0201675
0.00837422
0.0245335
0.034939
0.0294882
0.00488028
0.0752805
0.0478949
0.0216797
0.0425185
0.0257945
0.0124098
0.00411719
0.0438219
0.00275629
0.0158497
0.0030771
0.0208002
0.0339702
0.0443558
0.0223662
0.00559748
0.0674206
0.0150301
0.0322512
0.0715353
0.0135831
0.0590782
0.00668323
0.0248639
0.0551783
0.0537173
0.0110459
0.0694054
0.023462
0.0360766
0.00294559
0.0267843
0.00557505
0.0174122
0.0454722
0.0283308
0.0401517
0.00526454
0.00410034
0.00145109
0.0192654
0.0620825
0.0365703
0.0370265
0.0460619
0.0030297
0.0298047
0.0261465
0.0203843
0.00505106
0.0012919
0.0178158
0.0356694
0.0605758
0.00963626
0.0237185
0.00116802
0.0336234
0.00282404
0.0231733
0.0197562
0.0181124
0.0626546
0.0241141
0.0159981
0.00353092
0.0357062
0.05739
0.0314401
0.0130247
0.00268905
0.0205762
0.0231713
0.0188373
0.0118634
0.0249674
0.00875957
0.00175351
0.0757179
0.0554131
0.0383739
0.031817
0.023648
0.0302506
0.0310236
0.00222439
0.046068
0.00143859
0.0032158
0.0264766
0.0223198
0.00248197
0.0343069
0.00477302
0.00493858
0.0268759
0.0340436
0.00480376
0.00132123
0.0435191
0.0355615
0.0245059
0.0110502
0.0418343
0.0319825
0.0385684
0.02377
0.0364578
0.030813
0.00204582
0.0190724
0.058669
0.0038748
0.00180257
0.0238905
0.0126445
0.0181024
0.0144617
0.00177641
0.000907321
0.0328301
0.0212825
0.0122556
0.0381609
0.0319097
0.0397089
0.0105174
0.00738028
0.0519332
0.0342023
0.0384717
0.049421
0.000821665
0.02964
0.0199189
0.0168587
0.0465387
0.0184698
0.0535057
0.0435987
0.0284714
0.040034
0.00270007
0.0376317
0.0301964
0.0310944
0.0404324
0.0145773
0.0437894
0.0168113
0.0139736
0.0349262
0.05556
0.0639512
0.0248585
0.0309542
0.0111631
0.0453377
0.0652902
0.00486948
0.0333248
0.0602547
0.0573692
0.0190631
0.0357333
0.015797
0.0143392
0.00461664
0.0342095
0.0259369
0.0132274
0.0287446
0.00159975
0.00980406
0.0194835
0.0199338
0.0677976
0.0562804
0.0522359
0.00372961
0.0600596
0.0098993
0.00600624
0.0305289
0.0389118
0.0186559
0.0203506
0.0166971
0.0472349
0.0195947
0.0201731
0.053795
0.0175504
0.00340107
0.0063021
0.00363951
0.00357656
0.0333501
0.0290712
0.00800197
0.0140404
0.0137811
0.0191153
0.0229144
0.0321617
0.0180106
0.0224523
0.00511337
0.0142093
0.0423032
0.0818182
0.00444828
0.0165216
0.0154506
0.0403472
0.0369932
0.043591
0.0364234
0.0365615
0.00160918
0.0229937
0.00148728
0.00133274
0.00150188
0.00497927
0.045924
0.0369517
0.0545883
0.0562554
0.0341556
0.0383705
0.0247573
0.0346619
0.0439861
0.00706045
0.0267095
0.0162716
0.0140255
0.0290765
0.0275942
0.0201241
0.0295482
0.0028366
0.0266781
0.0228734
0.00389816
0.00237557
0.0448331
0.0217461
0.0111422
0.0200713
0.00204699
0.0472263
0.013644
0.0326425
0.040088
0.00300847
0.014469
0.0622103
0.048468
0.0207085
0.0259017
0.00277865
0.0111611
0.0516172
0.0246326
0.0406857
0.0107917
0.00216223
0.0425714
0.0666732
0.032785
0.0250005
0.00109207
0.0288104
0.0646111
0.0477145
0.0148529
0.0200555
0.00167921
0.0244203
0.00993885
0.0407704
0.0152056
0.024934
0.0181715
0.0209076
0.0129996
0.00348423
0.0209293
0.0532955
0.0375187
0.0264877
0.0311045
0.0337292
0.0462273
0.0214592
0.036661
0.0263486
0.00473633
0.0146524
0.0228375
0.0023108
0.0129942
0.00191553
0.0247295
0.0301128
0.0943645
0.0396322
0.0194935
0.0292243
0.0140044
0.00102863
0.0130743
0.00362824
0.0230059
0.0619032
0.03191
0.00085014
0.00279981
0.0189859
0.0324965
0.0298309
0.00320573
0.0429133
0.0154355
0.0285375
0.00377197
0.0613753
0.0576223
0.0382484
0.0525367
0.0181542
0.0155859
0.00381581
0.0569935
0.0716265
0.0500668
0.00530483
0.0115619
0.00809574
0.0241662
0.0244716
0.0470753
0.0153973
0.042851
0.0312444
0.0398411
0.0109397
0.0306624
0.017226
0.0391795
0.0463817
0.0342619
0.0295569
0.0280578
0.00186702
0.0579715
0.00457055
0.0552775
0.0291961
0.0305123
0.00298679
0.0195473
0.0243033
0.03201
0.0444084
0.0273021
0.0119292
0.0271535
0.0191009
0.0138983
0.0246003
0.000864253
0.0226137
0.0682436
0.00176395
0.0390119
0.0233347
0.0165092
0.0121966
0.00399514
0.0249079
0.0246277
0.0419225
0.0177061
0.0231469
0.00145829
0.0091482
0.00866128
0.0288084
0.0544729
0.0398511
0.0194325
0.036062
0.0216022
0.0275965
0.0258271
0.0079769
0.0330245
0.0156195
0.0251711
0.0113467
0.042851
0.0566659
0.00976803
0.0222061
0.0118425
0.0359884
0.011649
0.0347179
0.0169867
0.0318737
0.0193578
0.0162876
0.0242548
0.00943701
0.000443588
0.0317509
0.00154801
0.00312214
0.0736123
0.01249
0.0201328
0.0324633
0.0492224
0.00490078
0.0196303
0.0785721
0.00775726
0.0419653
0.0155977
0.0684167
0.0372327
0.0332077
0.02302
0.0271028
0.0200892
0.0319761
0.0178235
0.0587661
0.0148578
0.00284376
0.0424296
0.00931096
0.046428
0.0344726
0.00195885
0.0342972
0.0277186
0.0028668
0.00462622
0.0285741
0.00323697
0.00448087
0.0290698
0.00721856
0.0743176
0.0031674
0.00145454
0.0387336
0.0365083
0.0560976
0.0528703
0.00235836
0.0350568
0.0514356
0.0246875
0.0206542
0.00211467
0.030002
0.00399231
0.00702229
0.0342114
0.0133173
0.0282431
0.00543573
0.0411682
0.0493834
0.0222499
0.0208063
0.0269609
0.0183569
0.0491294
0.0366103
0.00151748
0.00299613
0.0284204
0.0279159
0.0428057
0.00764103
0.0209116
0.0254715
0.035569
0.0154217
0.0242725
0.0318393
0.0115166
0.0182042
0.0206677
0.069195
0.0151395
0.0347415
0.0239813
0.0213766
0.0282707
0.061342
0.0281708
0.0418658
0.0183303
0.0331961
0.0456911
0.0372052
0.0137088
0.0200157
0.0150737
0.0268823
0.0258552
0.0729
0.0203317
0.00775964
0.00708872
0.0173168
0.00978957
0.0478746
0.0487453
0.012655
0.0395873
0.0553994
0.0257051
0.0233318
0.0239478
0.0218429
0.0029103
0.000672581
0.00432269
0.0425711
0.0314056
0.00372057
0.0346849
0.00133689
0.0256807
0.0292646
0.0306123
0.0603572
0.0405962
0.00182357
0.0448184
0.0103457
0.0156371
0.0646279
0.0404853
0.0199352
0.00873533
0.0189112
0.015934
0.0199148
0.0124901
0.0175786
0.0232108
0.0340776
0.0222601
0.0373727
0.0419281
0.00542205
0.0132638
0.0117931
0.0259724
0.000487727
0.0378001
0.0493271
0.0434472
0.00204145
0.0239875
0.018669
0.0257754
0.00134768
0.00660868
0.0576149
0.0337987
0.0014321
0.00867249
0.0220008
0.0119952
0.0427786
0.0515038
0.0484046
0.0139004
0.0134281
0.0232846
0.0395184
0.0145002
0.0327283
0.0539308
0.00287866
0.0165246
0.0235271
0.0621922
0.0515045
0.007693
0.0262193
0.0357357
0.0217595
0.0152855
0.0371214
0.0170557
0.0169717
0.0237663
0.0133848
0.00382256
0.0363115
0.00588484
0.0360893
0.0306578
0.00249742
0.035563
0.0550558
0.00378969
0.0297916
0.0265977
0.0318232
0.0391405
0.00341264
0.0158553
0.034458
0.0280039
0.0280956
0.0517107
0.0257705
0.0184381
0.00259584
0.00427046
0.0618974
0.0168254
0.0177012
0.0506369
0.00857684
0.0121856
0.0274938
0.0436835
0.0250467
0.0085927
0.00305507
0.0118844
0.0127584
0.0248378
0.0210033
0.00197177
0.0096579
0.00264314
0.0518645
0.0390966
0.0350428
0.000611209
0.058113
0.0605933
0.122263
0.00401414
0.0157958
0.00183795
0.00156988
0.0289083
0.0259626
0.0372472
0.00777951
0.0172012
0.00355893
0.00303284
0.0161792
0.00482012
0.0420481
0.0361645
0.0254028
0.0486325
0.00336428
0.0340166
0.0114801
0.00194343
0.0160594
0.00970748
0.0267034
0.0010396
0.0146315
0.0177249
0.0292734
0.00378052
0.0342408
0.00384166
0.0136749
0.0215592
0.0273053
0.0288675
0.0158239
0.0147816
0.0326753
0.0194098
0.0528189
0.0115696
0.00487499
0.0499318
0.03716
0.060147
0.0167436
0.0158459
0.0254551
0.0368923
0.0819534
0.0138893
0.0175013
0.0341043
0.0482739
0.0025829
0.00295834
0.0347269
0.0139639
0.0471025
0.0116257
0.0380683
0.0186252
0.00296281
0.0143827
0.020658
0.00634553
0.0369257
0.0193983
0.0678199
0.0118862
0.0513236
0.0465405
0.0601963
0.0144389
0.0656871
0.0780814
0.054743
0.00164232
0.0114093
0.0116402
0.0888343
0.00382202
0.0146978
0.0166077
0.0264222
0.0416909
0.0217392
0.0485308
0.0448905
0.0297805
0.0207645
0.00248569
0.0626768
0.0031583
0.0172143
0.0304712
0.0471443
0.0317581
0.0221107
0.030995
0.037407
0.0274289
0.00199982
0.0397628
0.00266238
0.0139601
0.00993796
0.00481201
0.0252717
0.00738623
0.0571729
0.00131695
0.0406137
0.0166559
0.0367955
0.0222265
0.0164455
0.00346074
0.00884789
0.0514339
0.0313053
0.0266424
0.0233756
0.0595379
0.0179271
0.00954367
0.0807793
0.00295497
0.0213756
0.0154048
0.0646696
0.0329382
0.0571726
0.00134453
0.0303256
0.00187731
0.0168114
0.0302284
0.00309236
0.00878719
0.00279306
0.0107123
0.066161
0.00290146
0.00556085
0.0483265
0.00733983
0.00240674
0.0553597
0.0751057
0.0156468
0.0237215
0.0264673
0.0191601
0.00134784
0.0254667
0.0393722
0.00132868
0.0357533
0.0067344
0.0346496
0.0120876
0.000815669
0.00348187
0.0232572
0.0619978
0.0141744
0.0365031
0.0197822
0.0323569
0.0336714
0.0425009
0.0592349
0.00147388
0.0419865
0.00360418
0.0223134
0.000942775
0.0134473
0.0445837
0.0164817
0.00505177
0.0212711
0.0265548
0.0254874
0.0192957
0.00508561
0.0278911
0.0253187
0.0350705
0.0218294
0.0383719
0.0283419
0.0230705
0.0564639
0.0129888
0.00347977
0.00564809
0.0454973
0.00181698
0.0255634
0.0257913
0.0367295
0.0300894
0.0315367
0.00298389
0.0391063
0.0523305
0.032624
0.0257297
0.0473912
0.0225492
0.0327343
0.0470992
0.0114675
0.0327179
0.0331658
0.029573
0.00157922
0.0226975
0.00730682
0.0201351
0.0115366
0.00569255
0.0407737
0.0451303
0.00210329
0.0228756
0.00359428
0.024079
0.00241874
0.0164455
0.0305138
0.0226466
0.0177205
0.0287757
0.0182676
0.0195447
0.0138465
0.0312667
0.0088605
0.000888707
0.0453926
0.0191016
0.00710491
0.0164564
0.027118
0.0403213
0.00293676
0.00283767
0.0350021
0.0141059
0.00528665
0.0134785
0.0283282
0.0228569
0.0207734
0.037541
0.0441467
0.0127538
0.054219
0.0117631
0.00303024
0.00234566
0.00321803
0.0208639
0.0268249
0.0301615
0.0228903
0.0491978
0.0266823
0.0288785
0.027744
0.0488859
0.0183701
0.0278153
0.0504082
0.00050618
0.0140003
0.00172309
0.00225098
0.0398417
0.043477
0.0210395
0.00241584
0.0155386
0.00165952
0.00104481
0.00833669
0.0619171
0.0164774
0.0254046
0.0143427
0.00170576
0.018239
0.0145267
0.00345671
0.0329583
0.00542972
0.00445603
0.00211212
0.0199685
0.0321536
0.0600873
0.00302131
0.0604534
0.0367673
0.0181071
0.00124409
0.00111589
0.0425659
0.0253797
0.0168554
0.00209742
0.0313886
0.0118324
0.0309763
0.00198729
0.00900344
0.0086263
0.0436157
0.00177908
0.0151806
0.0633551
0.000869239
0.0098561
0.0288943
0.00224447
0.00789858
0.0443013
0.059987
0.00594238
0.0342558
0.00668938
0.0594741
0.00121621
0.0470394
0.0198686
0.0397616
0.034445
0.00520397
0.0333146
0.054192
0.00272088
0.00303641
0.0141485
0.00285181
0.0242362
0.0341577
0.0347738
0.0433484
0.0283186
0.00921382
0.0262259
0.0118422
0.0217852
0.0139809
0.0372351
0.0293393
0.0154455
0.00450258
0.0491248
0.0169412
0.0297455
0.0415839
0.00425355
0.0321657
0.0492074
0.0189783
0.0344631
0.00274242
0.0408667
0.0243794
0.0234179
0.0607836
0.0012275
0.00129417
0.0225968
0.0417282
0.024969
0.00164093
0.00309408
0.0515769
0.0296546
0.00132776
0.0365127
0.0178415
0.0322374
0.0277641
0.0401047
0.0343237
0.0259938
0.0315562
0.0420301
0.0230033
0.0221163
0.0262367
0.0132352
0.0246514
0.0185504
0.0387506
0.00560614
0.00580758
0.0045959
0.0479499
0.0281501
0.00165274
0.0175828
0.0165564
0.0108638
0.0717108
0.0355418
0.0370607
0.0258032
0.0530045
0.0286389
0.00891422
0.0150651
0.0352078
0.0306085
0.0199051
0.0267072
0.00291054
0.0152026
0.0455175
0.0439436
0.0390635
0.00380741
0.0130575
0.00329112
0.0852466
0.0357797
0.0437341
0.0432161
0.0149923
0.052278
0.0232439
0.0398726
0.0361511
0.0050483
0.0433496
0.0154803
0.0022257
0.00702824
0.0238209
0.0347295
0.0268624
0.00113152
0.0261078
0.062741
0.0255104
0.0233197
0.00310714
0.00378491
0.00686806
0.0367364
0.00302832
0.0145514
0.0102778
0.00271776
0.0470911
0.001316
0.0290574
0.0367962
0.0250265
0.0418056
0.0273606
0.00981171
0.0188096
0.051928
0.0418646
0.0327003
0.0179765
0.0125724
0.00189859
0.0309467
0.0153088
0.00784052
0.00188505
0.0225326
0.00343107
0.0316555
0.0274234
0.0285844
0.0258414
0.04199
0.020514
0.0492274
0.00232788
0.014589
0.00329979
0.0422215
0.0367137
0.0310182
0.0287301
0.00437101
0.0293862
0.00267802
0.0429033
0.00109618
0.0620616
0.0209298
0.0204016
0.019258
0.0452752
0.016716
0.00990917
0.0599344
0.00836481
0.0574783
0.0157798
0.0324887
0.0252858
0.0254721
0.0219177
0.0327395
0.0167582
0.0470249
0.00959395
0.0281717
0.0259387
0.00262456
0.0267428
0.0326722
0.006738
0.0247972
0.0291934
0.0224146
0.0107383
0.0246463
0.0620459
0.020305
0.016108
0.00175351
0.0144481
0.0242412
0.0331212
0.0413757
0.00318477
0.0114918
0.0061263
0.0645196
0.0201773
0.0236231
0.000707745
0.0376276
0.0454124
0.0374192
0.0209918
0.0125059
0.0430738
0.0401275
0.0479632
0.0503561
0.0273347
0.00674668
0.020985
0.0125121
0.0200224
0.013475
0.0155499
0.0175976
0.0392821
0.0318751
0.0365414
0.030374
0.0470647
0.0243133
0.0224091
0.00363165
0.0427764
0.033858
0.00132963
0.0323441
0.0299448
0.00803162
0.0245311
0.0443371
0.0206604
0.000905101
0.00988938
0.0216544
0.0304916
0.0210553
0.0016564
0.0148651
0.00403876
0.00265679
0.0184278
0.00186476
0.0405721
0.0182112
0.0483083
0.0510789
0.0111555
0.00149552
0.0547237
0.0456655
0.0330277
0.00334193
0.0370891
0.00192458
0.00373367
0.0428335
0.0063839
0.0430737
0.0431796
0.0456468
0.0519909
0.0428504
0.00599412
0.0221749
0.0196368
0.0155589
0.0118251
0.00494551
0.0599182
0.00699506
0.00864089
0.02054
0.0105059
0.0427399
0.00860087
0.0197695
0.0268571
0.0299672
0.0212116
0.00655151
0.0389015
0.0275414
0.0070375
0.00202861
0.0308089
0.0319886
0.0331885
0.0174318
0.00128718
0.0347236
0.0514288
0.00318918
0.00109288
0.00125837
0.0243933
0.0194126
0.00693177
0.0191591
0.0642914
0.0473664
0.0527015
0.0481633
0.0426069
0.0448845
0.0327459
0.0404001
0.0531655
0.0303015
0.028481
0.0360514
0.0492783
0.00626933
0.0409074
0.0243308
0.0338321
0.0341347
0.027211
0.0744479
0.0114419
0.0405684
0.0177818
0.0250332
0.0295775
0.026716
0.0144112
0.0410572
0.0351797
0.0348536
0.00303586
0.0446888
0.0261473
0.00549207
0.0339458
0.00251468
0.00786031
0.0198364
0.0127834
0.0314643
0.0187898
