0.473696
0.333411
0.221944
0.480056
0.213617
0.461835
0.179019
0.333685
0.332312
0.270113
0.323303
0.259598
0.130823
0.222683
0.347586
0.094159
0.257527
0.262149
0.276011
0.357871
0.327346
0.273564
0.327152
0.21135
0.341575
0.464221
0.22102
0.335832
0.229574
0.47471
0.332517
0.217623
0.332773
0.455589
0.158651
0.162293
0.17408
0.314542
0.414132
0.223364
0.470087
0.454164
0.277304
0.185419
0.135679
0.178353
0.175869
0.121879
0.25809
0.177141
0.298381
0.149365
0.389058
0.234769
0.461992
0.46183
0.29722
0.153842
0.33253
0.466236
0.334044
0.272312
0.198968
0.175145
0.122109
0.335732
0.345602
0.320354
0.32671
0.323697
0.206945
0.325837
0.332096
0.273876
0.275072
0.264554
0.278575
0.346869
0.214106
0.475116
0.270846
0.272042
0.186921
0.273292
0.273837
0.338913
0.191795
0.187791
0.471858
0.475218
0.261727
0.343153
0.275387
0.105829
0.337969
0.334736
0.340892
0.326245
0.333771
0.334909
0.291388
0.272152
0.160399
0.472726
0.119127
0.177859
0.170544
0.264533
0.275811
0.18052
0.368273
0.333124
0.312386
0.226515
0.304421
0.334738
0.137037
0.476196
0.33659
0.326089
0.13223
0.331735
0.262723
0.466991
0.271208
0.176848
0.337243
0.259246
0.458318
0.0945239
0.266062
0.331778
0.402706
0.218221
0.270639
0.325122
0.305294
0.259371
0.200774
0.32379
0.255925
0.334142
0.329926
0.14394
0.270417
0.21439
0.224242
0.250192
0.144975
0.360705
0.248389
0.340804
0.178289
0.223963
0.234588
0.111588
0.215947
0.324637
0.20859
0.324958
0.27807
0.326402
0.325902
0.174246
0.323424
0.342587
0.32375
0.470745
0.229832
0.148093
0.248814
0.168653
0.215619
0.187395
0.462029
0.33818
0.337245
0.472241
0.23905
0.216547
0.339688
0.245988
0.203062
0.229905
0.158486
0.23095
0.280872
0.463902
0.334016
0.329447
0.12703
0.461218
0.263167
0.462682
0.321796
0.157816
0.264683
0.268058
0.218807
0.147399
0.231612
0.160823
0.205492
0.159499
0.263387
0.336419
0.272554
0.331401
0.205038
0.33169
0.263583
0.181442
0.281047
0.150516
0.472944
0.323087
0.214138
0.340573
0.335596
0.262756
0.325666
0.267623
0.219207
0.481878
0.193223
0.214018
0.214067
0.271219
0.275743
0.480656
0.111197
0.271247
0.457075
0.260465
0.457921
0.329852
0.338436
0.160587
0.19408
0.336189
0.222763
0.198066
0.224351
0.458635
0.609031
0.325567
0.32392
0.102291
0.263122
0.186801
0.190901
0.342427
0.343311
0.477309
0.310087
0.218479
0.382264
0.0971078
0.261228
0.271997
0.211451
0.461825
0.37969
0.305922
0.170179
0.2219
0.342816
0.32942
0.342401
0.376052
0.260615
0.323019
0.182621
0.317424
0.171717
0.167412
0.273512
0.0853458
0.476141
0.321088
0.319137
0.282174
0.269925
0.274102
0.267674
0.342563
0.333834
0.319357
0.332481
0.457894
0.220224
0.0786359
0.356449
0.455392
0.169073
0.210957
0.258184
0.32954
0.164677
0.219815
0.326234
0.218366
0.489322
0.277292
0.335757
0.252618
0.332727
0.273121
0.107181
0.343806
0.156289
0.336089
0.130459
0.338788
0.19629
0.253208
0.175575
0.261005
0.140881
0.297973
0.225871
0.105764
0.45577
0.222177
0.0929802
0.472121
0.45901
0.179585
0.344156
0.324397
0.327833
0.318309
0.23132
0.269933
0.353538
0.265517
0.320779
0.271246
0.260676
0.440226
0.0977712
0.186677
0.338406
0.446727
0.261907
0.174308
0.341878
0.139976
0.459264
0.339691
0.404293
0.281386
0.273562
0.128232
0.32029
0.312041
0.100219
0.127767
0.274699
0.179626
0.326088
0.13712
0.339831
0.138045
0.318944
0.271062
0.334493
0.354443
0.389281
0.32019
0.349087
0.269493
0.229579
0.46549
0.266292
0.462401
0.339117
0.262948
0.261697
0.360526
0.260049
0.217182
0.214717
0.198033
0.271026
0.463496
0.325921
0.460521
0.186243
0.322971
0.332605
0.328452
0.523072
0.173887
0.478363
0.331488
0.477603
0.464842
0.336774
0.326848
0.127668
0.262927
0.261145
0.279535
0.311519
0.174725
0.333869
0.293627
0.335273
0.3444
0.231367
0.257306
0.280618
0.159722
0.473834
0.279289
0.331788
0.225808
0.33701
0.343214
0.171131
0.347833
0.336682
0.343896
0.260879
0.456864
0.332122
0.244123
0.219579
0.18361
0.330377
0.219988
0.337469
0.179448
0.325398
0.217415
0.258598
0.337349
0.208256
0.134953
0.246021
0.27773
0.326702
0.149733
0.263923
0.45747
0.322861
0.32666
0.118704
0.615983
0.339738
0.409038
0.26684
0.338299
0.27276
0.166093
0.14578
0.348661
0.202688
0.484261
0.296612
0.442404
0.532247
0.24806
0.329537
0.345026
0.107732
0.313785
0.347269
0.463898
0.130499
0.185674
0.480545
0.563349
0.469377
0.226433
0.254301
0.357461
0.271023
0.331689
0.446795
0.175754
0.267473
0.211569
0.176948
0.339066
0.271107
0.172618
0.33138
0.210364
0.265909
0.215864
0.341717
0.173875
0.33239
0.446056
0.272374
0.364847
0.44785
0.32942
0.264145
0.334592
0.480391
0.189401
0.286644
0.281447
0.203878
0.155124
0.337554
0.242892
0.264313
0.336593
0.153996
0.337865
0.334985
0.227672
0.326559
0.34633
0.265719
0.263814
0.167735
0.100312
0.344158
0.323636
0.130342
0.32765
0.446033
0.330443
0.146865
0.223914
0.272797
0.236303
0.263223
0.214519
0.27178
0.27461
0.324297
0.0644442
0.229186
0.221295
0.322572
0.329951
0.338301
0.326441
0.32954
0.465243
0.174969
0.23334
0.208844
0.466655
0.330021
0.320229
0.465722
0.272921
0.236764
0.333932
0.179944
0.191266
0.182378
0.168701
0.482799
0.27776
0.228015
0.431434
0.170796
0.272104
0.456662
0.259737
0.179371
0.271981
0.304439
0.183245
0.169363
0.230117
0.326531
0.227714
0.122157
0.337966
0.464331
0.223938
0.326616
0.230258
0.13589
0.320901
0.274379
0.467209
0.449821
0.212489
0.434316
0.0757886
0.265229
0.269802
0.214189
0.212095
0.291758
0.270982
0.329634
0.158665
0.337803
0.255513
0.190653
0.33882
0.185535
0.260632
0.460738
0.465124
0.416033
0.353775
0.220429
0.225695
0.13367
0.327046
0.259357
0.320721
0.225841
0.268084
0.273865
0.334096
0.269416
0.210137
0.337075
0.21498
0.212815
0.333586
0.126403
0.325844
0.322939
0.271085
0.266893
0.157861
0.459692
0.271416
0.439695
0.465881
0.274471
0.186967
0.215179
0.206328
0.119096
0.225773
0.15361
0.325756
0.325578
0.284359
0.269637
0.19353
0.211604
0.322283
0.262785
0.32702
0.439878
0.261631
0.335529
0.121805
0.334553
0.320764
0.340739
0.272436
0.332925
0.294563
0.118413
0.342699
0.276865
0.423222
0.314432
0.346759
0.264555
0.473637
0.281821
0.186645
0.203278
0.343634
0.251975
0.274674
0.231143
0.269663
0.333124
0.323168
0.127908
0.119063
0.0946116
0.26518
0.341037
0.265419
0.458085
0.275797
0.176889
0.344214
0.277269
0.322522
0.213939
0.461713
0.269714
0.189813
0.124529
0.277404
0.334525
0.156758
0.267558
0.465245
0.225788
0.157155
0.335679
0.266817
0.280832
0.21164
0.263066
0.181216
0.335945
0.331612
0.32408
0.258452
0.20813
0.463428
0.318868
0.268229
0.19492
0.0796397
0.276867
0.327777
0.344887
0.204726
0.208689
0.445523
0.275508
0.333951
0.190393
0.325174
0.230856
0.459614
0.322944
0.276388
0.180319
0.220344
0.265704
0.346414
0.340633
0.465804
0.339422
0.471622
0.465148
0.316769
0.268508
0.27612
0.315483
0.258351
0.152089
0.145273
0.346907
0.340194
0.117266
0.270366
0.462559
0.275481
0.325767
0.0957285
0.256451
0.210639
0.326771
0.221011
0.332773
0.479023
0.134613
0.435507
0.332841
0.174971
0.334044
0.322658
0.338487
0.158931
0.23572
0.347055
0.172901
0.456219
0.33854
0.261801
0.10504
0.320651
0.336183
0.273665
0.338267
0.23393
0.336795
0.169016
0.326402
0.465557
0.271524
0.322788
0.336566
0.323951
0.286943
0.275848
0.284261
0.22511
0.320883
0.264097
0.323914
0.328746
0.173577
0.325371
0.462832
0.116948
0.280886
0.183561
0.27279
0.274092
0.479309
0.336663
0.220812
0.262673
0.166778
0.223368
0.324459
0.33133
0.207431
0.114955
0.331987
0.339449
0.16233
0.298155
0.342338
0.155532
0.175391
0.389748
0.340632
0.275605
0.217035
0.17685
0.330429
0.346396
0.179501
0.177056
0.336103
0.262122
0.316341
0.413845
0.332621
0.132816
0.16657
0.474079
0.0803733
0.324975
0.336171
0.0876751
0.333147
0.164997
0.162732
0.244058
0.158519
0.332884
0.172757
0.0799522
0.469077
0.260915
0.456374
0.331675
0.265699
0.346082
0.216398
0.331935
0.274167
0.221483
0.336875
0.180512
0.342201
0.266728
0.154969
0.207972
0.224526
0.32741
0.183942
0.34509
0.216779
0.163204
0.326075
0.26908
0.256565
0.242961
0.267276
0.465409
0.329012
0.329873
0.282423
0.198335
0.327917
0.455897
0.271551
0.27519
0.33975
0.217666
0.2641
0.343525
0.273368
0.287088
0.580485
0.0829047
0.32282
0.208265
0.311979
0.135737
0.316794
0.483107
0.17075
0.256208
0.209525
0.278192
0.21253
0.27501
0.345595
0.463506
0.333987
0.214585
0.25972
0.169324
0.265153
0.177637
0.281441
0.32029
0.384773
0.263087
0.2248
0.120286
0.333876
0.33733
0.316622
0.280001
0.314457
0.173069
0.332135
0.120167
0.227324
0.339318
0.310776
0.323549
0.3293
0.127716
0.172793
0.261481
0.33957
0.323158
0.461509
0.10116
0.326012
0.322331
0.32824
0.20647
0.336535
0.310545
0.453873
0.220699
0.463871
0.419301
0.319768
0.228821
0.327078
0.18408
0.26011
0.104623
0.328854
0.108032
0.325099
0.184702
0.264385
0.457689
0.177822
0.339599
0.193202
0.33474
0.149555
0.459818
0.469322
0.469756
0.068251
0.32504
0.715436
0.471524
0.325246
0.23835
0.460525
0.437765
0.265376
0.253391
0.147046
0.343602
0.329077
0.325478
0.132083
0.193774
0.46054
0.487583
0.292201
0.173644
0.345248
0.332324
0.139265
0.320785
0.177652
0.461664
0.464655
0.320989
0.436801
0.261451
0.257694
0.240137
0.33814
0.174552
0.260449
0.287171
0.257664
0.471703
0.144584
0.151243
0.301511
0.181506
0.204441
0.462723
0.153489
0.333565
0.335336
0.125067
0.276594
0.375266
0.123681
0.332231
0.170256
0.284555
0.213796
0.197341
0.182499
0.269354
0.131749
0.264526
0.228341
0.16721
0.326425
0.362058
0.176
0.221305
0.143337
0.228049
0.332753
0.266787
0.195333
0.268238
0.337682
0.26006
0.321734
0.513806
0.223845
0.271856
0.277376
0.215082
0.269783
0.22513
0.214292
0.368028
0.338942
0.236303
0.413527
0.263806
0.351028
0.317742
0.221656
0.275423
0.124707
0.144099
0.324106
0.224038
0.471387
0.25937
0.120542
0.337565
0.488901
0.338221
0.247174
0.342046
0.269897
0.268629
0.458674
0.274529
0.167856
0.349008
0.265266
0.218341
0.220256
0.334473
0.21105
0.134897
0.204991
0.25861
0.332648
0.130918
0.204881
0.161111
0.176277
0.476621
0.0823693
0.477889
0.164207
0.335786
0.331813
0.181828
0.245592
0.341991
0.262608
0.114511
0.230342
0.126633
0.100974
0.217107
0.176587
0.26415
0.410523
0.132196
0.301235
0.352455
0.262117
0.323726
0.31699
0.33918
0.467123
0.49018
0.327401
0.341619
0.331896
0.323107
0.221435
0.338034
0.255954
0.26466
0.262376
0.213323
0.324811
0.21498
0.210691
0.183664
0.213572
0.33455
0.339533
0.22655
0.330865
0.463111
0.341694
0.444685
0.254519
0.260526
0.476547
0.42524
0.333993
0.250068
0.342534
0.217566
0.479525
0.293153
0.330562
0.145025
0.268324
0.186116
0.475116
0.360268
0.345997
0.457987
0.331683
0.18123
0.462298
0.261888
0.289394
0.241209
0.327766
0.488012
0.265808
0.341553
0.348256
0.176501
0.272665
0.470274
0.257408
0.194156
0.318676
0.251239
0.430348
0.179749
0.185425
0.227304
0.336475
0.331409
0.267096
0.32207
0.337297
0.292816
0.129148
0.238109
0.185404
0.467046
0.279701
0.140512
0.282593
0.25512
0.341085
0.326697
0.153319
0.374068
0.220579
0.17762
0.170341
0.346347
0.164173
0.163848
0.245623
0.270073
0.481703
0.32602
0.452677
0.249183
0.343126
0.333684
0.26947
0.188437
0.146022
0.497449
0.263803
0.108306
0.341279
0.215111
0.150192
0.261577
0.246534
0.260188
0.272568
0.116384
0.454378
0.284009
0.272375
0.466809
0.0960469
0.33888
0.341761
0.210873
0.155145
0.343605
0.334397
0.169054
0.158076
0.469097
0.165743
0.215983
0.103835
0.277329
0.335391
0.318593
0.336641
0.469149
0.207873
0.34416
0.334019
0.105847
0.149669
0.226804
0.129388
0.3354
0.265308
0.330349
0.265766
0.33318
0.423361
0.273517
0.32096
0.160099
0.226987
0.339608
0.329591
0.328958
0.241225
0.21099
0.0998185
0.268984
0.102373
0.327838
0.219358
0.461839
0.266493
0.346234
0.437163
0.117669
0.342993
0.323987
0.347654
0.389432
0.338562
0.337006
0.465833
0.339132
0.472559
0.128719
0.185899
0.16784
0.340884
0.176215
0.193176
0.338068
0.32295
0.259347
0.401875
0.329646
0.191639
0.423308
0.276315
0.335655
0.32194
0.177454
0.272767
0.457484
0.140961
0.447859
0.330843
0.331414
0.113319
0.339236
0.33334
0.245815
0.319436
0.470566
0.169661
0.148311
0.465118
0.274596
0.328545
0.318632
0.459303
0.326309
0.265684
0.335206
0.216547
0.275999
0.22753
0.329365
0.345688
0.294368
0.340015
0.230006
0.337921
0.266126
0.338036
0.348616
0.340001
0.337237
0.460589
