0.00266926
0.0151556
0.00184683
0.00109266
0.00221201
0.00460351
0.005979
0.00415135
0.000651548
0.00183388
0.00316812
0.00715536
0.00470084
0.00196936
0.0034237
0.00235426
0.00221969
0.00320687
0.00314718
0.00317724
0.00920906
0.00200762
0.0014653
0.010612
0.00275215
0.000581189
0.00356087
0.00305446
0.00283649
0.00134953
0.00955119
0.00361809
0.00865737
0.0084533
0.0084607
0.000907902
0.00728386
0.00308915
0.000801621
0.00188616
0.00115729
0.00253982
0.00437451
0.00349505
0.00616694
0.00179524
0.00238414
0.00724062
0.004595
0.00502895
0.0165116
0.00499872
0.0018537
0.00497357
0.0028165
0.00278813
0.00281533
0.0017593
0.00304637
0.00641517
0.00186288
0.00191335
0.00843214
0.000906567
0.0091558
0.00391722
0.0111708
0.00196215
0.00870292
0.00638439
0.00419951
0.00189882
0.000654237
0.00206253
0.00222379
0.000780409
0.00252781
0.00269664
0.00358679
0.00377212
0.00282583
0.00200054
0.00223018
0.00213207
0.00927264
0.0037281
0.0106569
0.000589617
0.0206157
0.00552456
0.00375666
0.00584291
0.00319377
0.012113
0.00177066
0.00116801
0.0123429
0.00150619
0.00364996
0.00222281
0.00590613
0.00200372
0.00210203
0.000831058
0.00334095
0.00216646
0.00540991
0.00155577
0.00389672
0.00193775
0.0064077
0.00378042
0.00364966
0.00149413
0.00163962
0.00302566
0.00252152
0.00186679
0.00112544
0.00151956
0.00193068
0.00219125
0.00245961
0.00613595
0.00252773
0.00979214
0.00216465
0.00283796
0.00282904
0.00163099
0.00127529
0.00184351
0.00288517
0.00239323
0.00194622
0.00512317
0.00683236
0.00349107
0.0051848
0.00628993
0.00649558
0.00200616
0.0031054
0.00197205
0.00145743
0.00153157
0.00344663
0.0019949
0.00208407
0.00465828
0.000777606
0.00189001
0.00257105
0.00366488
0.0146423
0.00149514
0.00338571
0.00135284
0.0021255
0.0021153
0.0157591
0.00200648
0.00764707
0.00338568
0.00260405
0.00156549
0.00949129
0.00215738
0.00889821
0.00437907
0.00093326
0.00301204
0.0020681
0.00502324
0.00194194
0.00435373
0.00141845
0.00156475
0.00213706
0.00131203
0.0015504
0.00603628
0.00331125
0.000944871
0.00570179
0.00790416
0.00230994
0.00188367
0.00848803
0.00472401
0.00103045
0.00760602
0.00167477
0.0154179
0.000963513
0.00559747
0.000990342
0.00241945
0.0208094
0.00525525
0.00113143
0.00206871
0.00498704
0.00691152
0.00744416
0.00322748
0.00335452
0.000757785
0.00256064
0.00259458
0.00575758
0.0144872
0.00342269
0.0020869
0.00155925
0.00518014
0.00226769
0.00387923
0.00294076
0.00319407
0.000663198
0.00942061
0.00155954
0.00146404
0.00149554
0.0124155
0.00432842
0.00458039
0.0092926
0.00728662
0.00983322
0.00174523
0.0063791
0.00627776
0.00140502
0.00532093
0.00217872
0.0144042
0.000923402
0.0108276
0.00102812
0.00343692
0.00610374
0.00334843
0.00179188
0.00246796
0.0128243
0.0173242
0.00260332
0.0085607
0.00889761
0.000888193
0.00624238
0.00258295
0.00273792
0.00185825
0.000651393
0.00167194
0.00399025
0.00111703
0.00299449
0.0027713
0.00175915
0.00197434
0.0045265
0.00708094
0.00193703
0.00301291
0.00351937
0.00240239
0.00153671
0.00317912
0.00327216
0.000761611
0.00690251
0.00146774
0.0011158
0.0087987
0.00513985
0.00146919
0.00388177
0.00227363
0.00188363
0.00221679
0.00224259
0.00370131
0.00984171
0.00576859
0.00645726
0.00170698
0.00494933
0.00203433
0.00415825
0.000590912
0.00746107
0.00282333
0.00147484
0.00694584
0.00749188
0.00694233
0.00722476
0.00450821
0.00169506
0.000207084
0.00188182
0.0011546
0.0067856
0.00130143
0.00072982
0.00656073
0.00271593
0.00109657
0.00173645
0.00130701
0.00465197
0.00465613
0.00198048
0.0031946
0.0126787
0.000380222
0.00375253
0.000362734
0.000764321
0.00665982
0.00232665
0.0129599
0.00713667
0.00285798
0.00252558
0.000363608
0.00424691
0.00339859
0.00176988
0.0019126
0.0141986
0.00305061
0.00223792
0.00319156
0.00334333
0.00400986
0.00272256
0.00548112
0.00399643
0.00575952
0.00642638
0.00681739
0.00027873
0.00373479
0.00207784
0.000953459
0.00492192
0.000844469
0.010576
0.0106845
0.00131697
0.000657764
0.00742402
0.00190376
0.00313294
0.00740271
0.00364425
0.00353198
0.00115083
0.000787072
0.00181114
0.00329557
0.0044234
0.00296762
0.00218799
0.00360031
0.00381064
0.00518738
0.00259074
0.00149066
0.00201101
0.0202908
0.00173837
0.00083877
0.012816
0.00672944
0.00636608
0.00144698
0.0167778
0.00190406
0.0161799
0.000861303
0.00979939
0.00621016
0.0103298
0.00390791
0.00499632
0.0027789
0.00222954
0.00243512
0.00119046
0.00171525
0.00878709
0.00290817
0.0033396
0.00434403
0.00329193
0.00212696
0.000442439
0.00107996
0.00237776
0.0153344
0.00329251
0.00213221
0.0260828
0.00189018
0.0112313
0.014695
0.00561688
0.00112426
0.00441633
0.00096458
0.0258214
0.000199208
0.0129823
0.00254092
0.00386538
0.00774821
0.00616278
0.00125309
0.000951294
0.00218391
0.016539
0.00195097
0.00227713
0.0024916
0.00939814
0.00571652
0.00219568
0.00332984
0.00215903
0.0034138
0.00257598
0.00597316
0.00474211
0.00546367
0.00211086
0.00654051
0.00190653
0.00271454
0.00136598
0.00838089
0.00704015
0.00197197
0.00307925
0.00142407
0.0056309
0.000392381
0.00189869
0.00163272
0.0065687
0.00280204
0.00413141
0.00298206
0.00387053
0.00138481
0.0021293
0.0079835
0.000450513
0.000439817
0.00484099
0.00225315
0.00539083
0.00247811
0.00647872
0.00285346
0.00204043
0.00303878
0.00184669
0.00176248
0.00239929
0.00198458
0.0042442
0.00149323
0.00155115
0.00418618
0.00251323
0.00117314
0.00140149
0.00240843
0.000658248
0.00511172
0.00427852
0.0054253
0.00279603
0.00351386
0.00371214
0.00224283
0.00754557
0.00282962
0.00216232
0.00256293
0.00183126
0.000780268
0.00090023
0.00653246
0.00169775
0.00643944
0.00167256
0.00430098
0.00291897
0.00424242
0.0054377
0.00219984
0.00260543
0.00273188
0.00277956
0.00435615
0.00386045
0.0012966
0.00560402
0.0021575
0.000438929
0.000903795
0.00333676
0.00582374
0.00080792
0.010401
0.00211733
0.00609243
0.00616686
0.00221203
0.0039494
0.00288981
0.00661662
0.000841651
0.00650263
0.00417404
0.00190169
0.00615134
0.00302408
0.000257035
0.00656466
0.0166966
0.00511971
0.00451289
0.00387338
0.000849382
0.00407197
0.00594394
0.00450894
0.000816959
0.00344242
0.00885801
0.00204444
0.0044129
0.00279049
0.00871633
0.00408989
0.00236655
0.00534275
0.00139064
0.0032267
0.000493607
0.0016915
0.00275256
0.00509625
0.00140477
0.00173867
0.00325214
0.00164662
0.00391741
0.00364907
0.000572078
0.00194828
0.00126693
0.00339299
0.00112403
0.00214907
0.00258936
0.0025451
0.00283507
0.00262659
0.000668198
0.00250511
0.00423073
0.00161335
0.00601413
0.00155794
0.00281183
0.00385914
0.00517436
0.0081099
0.00797398
0.00187164
0.00380766
0.00821571
0.00445699
0.0210226
0.00246174
0.0114238
0.0018747
0.00353685
0.00334724
0.00145307
0.00310174
0.00109053
0.00537199
0.00106091
0.006319
0.0176851
0.0019716
0.00236315
0.00186887
0.00193108
0.00250697
0.00135067
0.0102843
0.00697213
0.00140481
0.0124384
0.0173317
0.00317005
0.020085
0.00692672
0.0026168
0.00134891
0.00425469
0.00300155
0.0132898
0.0153493
0.00152363
0.00227909
0.00159004
0.00491427
0.0116283
0.00642412
0.00779986
0.0017645
0.00122692
0.00316889
0.00114216
0.00112859
0.0098618
0.00500337
0.00744711
0.00393069
0.0030305
0.00275273
0.0034501
0.00647509
0.000664285
0.00415277
0.00418209
0.00262501
0.00200237
0.00524199
0.00285904
0.0017806
0.00272716
0.00648709
0.00257708
0.00732633
0.00338304
0.00803111
0.003025
0.00964938
0.00401579
0.00892822
0.0020366
0.00072105
0.01207
0.0169754
0.00396224
0.00489553
0.00267004
0.00149479
0.00191887
0.00348904
0.00293582
0.00131204
0.00256229
0.0018505
0.00378995
0.00474298
0.000771487
0.00103716
0.00375375
0.000824175
0.0165948
0.00461502
0.00210382
0.00277877
0.0038652
0.00101871
0.0012052
0.00148511
0.0116787
0.00362044
0.00142284
0.00214647
0.0125629
0.00632902
0.00416882
0.00118415
0.00419536
0.00320477
0.00143792
0.00232934
0.00515705
0.00418756
0.00467234
0.00255094
0.0116455
0.00399342
0.00182925
0.00266433
0.00318457
0.00333655
0.00646344
0.00717173
0.00155897
0.00347317
0.00469301
0.00953741
0.00155972
0.00391295
0.00191852
0.00210712
0.00738827
0.00331915
0.00205505
0.00318981
0.00481269
0.0145278
0.00135982
0.00321171
0.00218721
0.00424656
0.0042646
0.00534079
0.0108794
0.00977422
0.0199796
0.00471557
0.0044802
0.0118772
0.00747587
0.00413694
0.00222747
0.00525434
0.000907922
0.00064627
0.0164757
0.00407254
0.000268004
0.00268065
0.00427296
0.00186441
0.000703759
0.0052459
0.0104722
0.00790769
0.0122511
0.00899058
0.00262164
0.000734589
0.00505291
0.00241842
0.0016504
0.0103628
0.00287238
0.00419273
0.000817293
0.0191953
0.00193655
0.0265663
0.00368013
0.00376408
0.00620611
0.00307674
0.00263036
0.0046287
0.00516363
0.00433803
0.00236152
0.00591508
0.00360674
0.00665446
0.00147435
0.000799424
0.00280524
0.0108133
0.0114969
0.0118577
0.0013067
0.00170402
0.00197561
0.013586
0.0064476
0.00496571
0.00329686
0.00118263
0.00217255
0.00332064
0.00150279
0.000737341
0.00378353
0.00204078
0.000581884
0.00155855
0.00758072
0.0016005
0.00399899
0.00219663
0.0031263
0.00363255
0.0025806
0.00228856
0.00197528
0.00229476
0.0109754
0.017452
0.0011668
0.00854021
0.00136634
0.00855184
0.00947302
0.000840618
0.00294777
0.00357046
0.00850447
0.00356738
0.0110103
0.000821906
0.00181769
0.00179416
0.0101483
0.00284085
0.00403482
0.00428177
0.0116067
0.00112604
0.00557863
0.0036054
0.0184671
0.0050661
0.00180912
0.000849215
0.00415912
0.00437615
0.008703
0.00668562
0.00506789
0.00133407
0.0213731
0.00572476
0.013476
0.00629111
0.0112845
0.00605522
0.00149205
0.0248958
0.00207876
0.00300974
0.00474389
0.00866066
0.002651
0.00196683
0.00196695
0.0019064
0.00784396
0.00184236
0.0024318
0.00257159
0.00153942
0.00266664
0.00457821
0.00290704
0.0192493
0.0083212
0.0050792
0.0182529
0.0149384
0.00546821
0.00826626
0.00524749
0.00571767
0.00156329
0.00121984
0.00609209
0.00119864
0.00220746
0.00884978
0.00863597
0.00272277
0.00121338
0.00123935
0.00323725
0.00240939
0.00344659
0.00221415
0.00483282
0.00136351
0.00122002
0.00371699
0.00397692
0.00358479
0.00347625
0.0028127
0.00255199
0.00190681
0.0011245
0.00220308
0.00237001
0.000574606
0.000781639
0.00921348
0.0132954
0.0012279
0.00262308
0.00362233
0.00307589
0.00628915
0.00360527
0.0082166
0.00401097
0.00191311
0.0104041
0.000866348
0.0133013
0.000606852
0.00415526
0.00319514
0.00407585
0.00376048
0.0048024
0.00193803
0.00144317
0.00163473
0.00401008
0.00403036
0.00411689
0.00168279
0.00196415
0.0184444
0.00476721
0.0182217
0.00245178
0.0227569
0.00138169
0.00444324
0.00195284
0.00959917
0.00737377
0.00344104
0.00427854
0.00269125
0.00255356
0.00351757
0.00225978
0.00204922
0.00276472
0.00287857
0.000760677
0.00132548
0.0117932
0.0084885
0.00423942
0.00170442
0.0025737
0.00081381
0.000836866
0.00187136
0.0170277
0.00121371
0.00099291
0.00308798
0.00240119
0.000695744
0.00607409
0.0133402
0.0115262
0.00403744
0.00303709
0.00150528
0.00429026
0.000410258
0.00761112
0.00161487
0.00426317
0.00950255
0.00456699
0.00358926
0.00752779
0.00475607
0.00280519
0.00981334
0.00886617
0.00346372
0.00402933
0.00206395
0.00152919
0.00353398
0.00493527
0.0196022
0.00182489
0.00853756
0.00362291
0.00298726
0.00182135
0.00340229
0.00414041
0.00320284
0.00223811
0.00319868
0.00172563
0.00335392
0.000851786
0.000902572
0.00200944
0.00484674
0.000729518
0.00054191
0.00494531
0.0042521
0.00170926
0.000352729
0.00905574
0.0012817
0.0017128
0.00086297
0.00366582
0.00460905
0.000547857
0.0181449
0.00163847
0.00281672
0.00145136
0.0032001
0.00474388
0.00260077
0.00535619
0.00135836
0.000863832
0.00286089
0.00369233
0.000569727
0.000781176
0.0080635
0.0027013
0.000586859
0.000641007
0.0032121
0.00204462
0.000255893
0.004189
0.0027068
0.00385081
0.0028348
0.000500818
0.00703455
0.00248114
0.00123043
0.00490226
0.00130632
0.00249187
0.00202584
0.00655798
0.00730968
0.00427826
0.00194694
0.0044746
0.00546812
0.00369729
0.00285671
0.00496157
0.0189384
0.0040965
0.00477812
0.00120645
0.0024838
0.00251877
0.0023006
0.00189424
0.00404154
0.00488671
0.00351021
0.00575272
0.00454595
0.00143221
0.00641814
0.0198338
0.00862455
0.00846743
0.00223768
0.00602291
0.00237581
0.00531737
0.00138513
0.0052704
0.00206113
0.00225024
0.0055123
0.00542246
0.0210821
0.00261036
0.00109582
0.00117663
0.00412337
0.00815149
0.001385
0.00200304
0.00308963
0.00217212
0.0127253
0.00580659
0.00815074
0.0119194
0.0038152
0.00496926
0.00336732
0.00716176
0.00554466
0.00303669
0.0125527
0.00181614
0.00141003
0.00599204
0.00374657
0.00183788
0.00196586
0.00213559
0.0031888
0.00159518
0.0147782
0.00979492
0.00302138
0.00197599
0.00427944
0.00609168
0.0124652
0.00239678
0.00345256
0.00647275
0.0170119
0.00252547
0.00220527
0.00609369
0.00436517
0.00270109
0.00488355
0.00480994
0.00235535
0.00100174
0.00118721
0.00171129
0.0108948
0.0100916
0.00238388
0.00699911
0.00252928
0.00567776
0.00664698
0.00627533
0.00405435
0.00321775
0.00307156
0.00143795
0.00192732
0.00072266
0.00415818
0.00190908
0.00102137
0.00187557
0.00193427
0.00901955
0.0114055
0.00656754
0.0170961
0.00560739
0.00439943
0.00136978
0.00123232
0.00294783
0.00167569
0.00159829
0.00429885
0.00134779
0.00144452
0.00584952
0.00341795
0.00652637
0.00365483
0.00363512
0.00439819
0.00595615
0.00397942
0.00952342
0.00173766
0.0134443
0.00276039
0.00200921
0.00188777
0.00586104
0.00112516
0.00151601
0.00072815
0.00147623
0.00155636
0.00114985
0.0196746
0.0131823
0.0058241
0.00176129
0.00603316
0.0130746
0.00676119
0.01108
0.00408241
0.00152503
0.00149877
0.00605196
0.0139835
0.00183791
0.0019952
0.00668338
0.0040505
0.00222325
0.0011169
0.00032023
0.00801699
0.00149354
0.0020382
0.00119689
0.00273436
0.00578673
0.000152217
0.00123247
0.00989831
0.00536964
0.00266499
0.00370886
0.00486228
0.00607623
0.00350003
0.00335759
0.00550496
0.00202871
0.00158831
0.00262352
0.00773934
0.0125268
0.00229347
0.0157363
0.000802175
0.00461004
0.00272498
0.00277161
0.00422824
0.00290766
0.00952969
0.00265814
0.000843052
0.00294659
0.00170183
0.00129592
0.00219982
0.00188872
0.00328165
0.00443159
0.000806545
0.00306124
0.00118692
0.0169116
0.00109687
0.00113852
0.00235245
0.0150823
0.00507579
0.000816651
0.00541595
0.000889874
0.00403242
0.00399173
0.00564018
0.00364298
0.0214495
0.00322618
0.00567546
0.000918027
0.000602669
0.00143733
0.0012601
0.000537885
0.00327501
0.00256687
0.0118959
0.0040349
0.00249907
0.00171461
0.00149691
0.00151828
0.00318579
0.00677869
0.00405552
0.00432753
0.012943
0.000266456
0.00281654
0.000638524
0.0124235
0.00368398
0.0107651
0.00194174
0.00268507
0.0070018
0.000656277
0.00277001
0.00258892
0.00351777
0.00453908
0.00194645
0.00933638
0.00512135
0.00100252
0.00508514
0.00451246
0.00190101
0.00184021
0.0193984
0.00313843
0.00500941
0.00239271
0.00464473
0.00307773
0.00601355
0.00186239
0.000951169
0.0112361
0.00431336
0.00979347
0.0046691
0.00313655
0.00255292
0.000176934
0.00271017
0.000965789
0.00095651
0.00505331
0.00433217
0.00459548
0.000879093
0.00290513
0.00256183
0.00186755
0.0018104
0.00156345
0.00167328
0.00071982
0.000899229
0.00216381
0.00304943
0.00142822
0.00316682
0.00152199
0.00436497
0.00624336
0.00021604
0.00699484
0.000654318
0.00525949
0.000630588
0.00384505
0.00227177
0.00556456
0.00607106
0.0035427
0.00320989
0.0119591
0.00286435
0.000779529
0.00310405
0.00332786
0.00124787
0.000465831
0.00478207
0.0090808
0.00139442
0.00249931
0.00171826
0.00115676
0.00282831
0.00163137
0.00395691
0.00284249
0.000438583
0.00469783
0.00101159
0.00240038
0.00490253
0.000747704
0.00301033
0.00394918
0.00107643
0.000287234
0.00237205
0.00137534
0.0101308
0.00119595
0.00670643
0.00350188
0.00679769
0.00534227
0.000834359
0.0028174
0.00186618
0.00405399
0.00442222
0.00220569
0.00297156
0.00253053
0.00475077
0.0034561
0.00201294
0.023469
0.00386042
0.000923974
0.0151688
0.00218227
0.00411946
0.00632945
0.00646998
0.00381462
0.00567903
0.00280351
0.00822924
0.00492046
0.00118754
0.00080182
0.000493494
0.0225403
0.00674976
0.00537631
0.00131573
0.00294712
0.00896675
0.0018106
0.000603449
0.00156807
0.00121696
0.0036002
0.00224231
0.00292617
0.000732073
0.000936698
0.00795741
0.00340826
0.0087766
0.00212964
0.0042053
0.00189936
0.000266332
0.00336375
0.00464982
0.00375801
0.00833655
0.00167417
0.00488945
0.014034
0.00888626
0.00343796
0.00263736
0.00861775
0.00413607
0.00362306
0.00256665
0.00178137
0.00552951
0.000605133
0.0083528
0.0127772
0.00303727
0.00369592
0.009459
0.00279452
0.00557571
0.00154617
0.00199222
0.00443362
0.00739742
0.0134904
0.00330459
0.00269949
0.00954802
0.00114795
0.00603091
0.00276772
0.00296675
0.00654078
0.00338774
0.00238605
0.00189947
0.00299787
0.00442292
0.010546
0.00710772
0.00786008
0.00352861
0.0058835
0.000721026
0.00335226
0.00781666
0.0117671
0.00150828
0.00118574
0.000439451
0.00238466
0.0173305
0.00572399
0.00318643
0.00247738
0.00357786
0.00408413
0.00273273
0.00278216
0.00305126
0.00541985
0.00504013
0.0014839
0.000425842
0.00164639
0.0013471
0.00140977
0.00193685
0.00370984
0.00752319
0.00217397
0.0109451
0.00176024
0.016888
0.00136109
0.000576411
0.00217529
0.00185141
0.00390055
0.00527609
0.00762665
0.0012523
0.00528502
0.00298945
0.00235085
0.00148569
0.00415834
0.00563578
0.00540812
0.0011043
0.0106323
0.00173914
0.00441833
0.00265916
0.00432235
0.0041949
0.0179686
0.00164277
0.00346973
0.00550519
0.00592616
0.00271087
0.00940557
0.00656757
0.00310943
0.00035558
0.00142366
0.00413518
0.00712345
0.00216419
0.00245942
0.00362936
0.00260377
0.00467054
0.0020103
0.00387575
0.00115368
0.00583333
0.00107747
0.00423622
0.00481197
0.000939911
0.00304389
0.00122873
0.00108228
0.00243787
0.00361385
0.00281158
0.00508758
0.00344445
0.000801261
0.00182748
0.0104808
0.0110589
0.00531698
0.000741017
0.000974192
0.00211117
0.00278477
0.00478649
0.00810948
0.004373
0.00395996
0.00111149
0.00211117
0.00669399
0.00794354
0.0115248
0.000723439
0.00196582
0.00722869
0.00323138
0.00435818
0.00432199
0.00354178
0.00250378
0.00267894
0.00373183
0.000792475
0.0100747
0.00150895
0.00137529
0.00738706
0.00830481
0.00317606
0.00606812
0.00293891
0.00650534
0.00562377
0.00255419
0.018604
0.00339924
0.00825323
0.00258331
0.00214748
0.0015571
0.00784474
0.00141741
0.00146314
0.000610694
0.00311292
0.00565024
0.00378183
0.00293033
0.00287953
0.0031119
0.00509906
0.00245715
0.00179281
0.00046534
0.00104113
0.00311711
0.00404433
0.00132985
0.00232406
0.00161588
0.00717352
0.00239401
0.00406357
0.00385044
0.0160602
0.0241395
0.00332167
0.00063257
0.00134713
0.000821807
0.0013757
0.00249338
0.00399854
0.0023494
0.00364928
0.00556598
0.0016619
0.00621926
0.0266372
0.0112566
0.00789497
0.00108779
0.00153694
0.00438478
0.00210567
0.00783564
0.00881152
0.00391416
0.00475931
0.00490926
0.00109045
0.00825157
0.00164054
0.00120071
0.00219324
0.00426456
0.00298039
0.000165241
0.00314417
0.0107038
0.000757198
0.00386815
0.00940329
0.00460251
0.00602999
0.00310755
0.00683996
0.00335068
0.00268665
0.00479519
0.00180471
0.00341533
0.00238579
0.00332646
0.00109585
0.00252331
0.00792426
0.000768952
0.00217556
0.00200839
0.0027462
0.00276285
0.00325422
0.00511028
0.00323081
0.0194082
0.0021574
0.00191572
0.00560937
0.00229295
0.00302716
0.000741324
0.00241694
0.00242978
0.000842833
0.00395784
0.00425833
0.00236817
0.00256298
0.00179846
0.00576035
0.00215317
0.00435942
0.000958688
0.00428061
0.00417979
0.00723555
0.00658519
0.00782214
0.00261713
0.0050772
0.00182756
0.0196904
0.000730647
0.00291853
0.00423536
0.00485821
0.0186763
0.00952742
0.00340933
0.00125026
0.00154203
0.00522847
0.00172801
0.00390366
0.00192689
0.000733411
0.0123513
0.00312772
0.0127341
0.00693363
0.0010041
0.00845155
0.0285661
0.00169034
0.0018581
0.00595564
0.0017056
0.00757828
0.00688796
0.00179606
0.00200115
0.00213619
0.0043269
0.00293383
0.00242482
0.00457104
0.00233199
0.00400944
0.00218659
0.0040935
0.00176974
0.00295356
0.00360907
0.0021626
0.00121757
0.00207619
0.00182419
0.00332751
0.00459109
0.000430128
0.0127109
0.0024811
0.000248046
0.0048845
0.00396987
0.000884502
0.00144469
0.00173162
0.0116352
0.00110367
0.0025486
0.00247224
0.00482854
0.00129717
0.0052098
0.00165718
0.00633363
0.00278766
0.00171532
0.00563385
0.000509573
0.00489513
0.00451134
0.000869904
0.00199488
0.00107358
0.000830936
0.00315544
0.00431793
0.00261159
0.00202392
0.00215759
0.00175912
0.0141197
0.00242369
0.0114948
0.000646238
0.000940515
0.00271414
0.00335857
0.00448563
0.0261369
0.00428228
0.00165676
0.00101496
0.00234938
0.00178353
0.00398473
0.00612324
0.00449637
0.0137371
0.00510796
0.0034586
0.00301583
0.00508296
0.00224509
0.00449626
0.00349818
0.00240095
0.00737631
0.00213186
0.00175026
0.0109011
0.00401453
0.000486078
0.00221001
0.000664876
0.00385152
0.0021213
0.00304224
0.00441361
0.00501935
0.00343916
0.00135984
0.000697485
0.00216799
0.00570975
0.00279396
0.00174442
0.00110034
0.00401757
0.00286744
0.00370737
0.000627582
0.00607079
0.00171948
0.00454594
0.00327326
0.00169121
0.000912102
0.00478213
0.0051953
0.00461964
0.00667974
0.00285004
0.00150969
0.000970276
0.00570182
0.00226244
0.00758744
0.00295572
0.00308062
0.00120759
0.000410277
0.0049702
0.00078121
0.00909458
0.00441441
0.00563221
0.00225165
0.00534534
0.00202485
0.0212289
0.00292769
0.00351175
0.00574971
0.00386659
0.00226677
0.00210754
0.00248797
0.00133276
0.00313788
0.00417549
0.00620385
0.00233123
0.00150805
0.00160771
0.00699183
0.00584283
0.00586167
0.0163138
0.00370632
0.00777042
0.00276506
0.00739366
0.00106358
0.00213771
0.00404822
0.00453795
0.00248005
0.0209629
0.00102922
0.00422494
0.00483844
0.00953443
0.00283809
0.00117375
0.00285139
0.0143522
0.00173135
0.00294148
0.00110248
0.00228732
0.0123115
0.00255143
0.00571032
0.00162892
0.00258223
0.014084
0.00217488
0.00169224
0.00147241
0.00789
0.00337656
0.00127197
0.00210309
0.00719848
0.00167694
0.00256245
0.00116011
0.0014369
0.00218727
0.00647387
0.00539123
0.00538136
0.00668177
0.00179193
0.0153753
0.00104642
0.00252422
0.00224059
0.00774116
0.00298063
0.00626552
0.00494184
0.00634047
0.00217299
0.00298787
0.00240466
0.00308532
0.00924382
0.00262841
0.00281872
0.00319362
0.0018025
0.00227391
0.000971975
0.00197762
0.00448828
0.00143495
0.00339058
0.00373445
0.00315473
0.000953725
0.00324744
0.00231092
0.000891691
0.000618053
0.00260713
0.00419369
0.00453386
0.000967227
0.00330395
0.00625203
0.0131575
0.00158359
0.0129487
0.00265045
0.00268202
0.000616962
0.00104177
0.00186191
0.00238803
0.00582977
0.00287609
0.00642987
0.00346669
0.00236162
0.00326488
0.00200952
0.00169631
0.00417953
0.00119999
0.00422402
0.00601907
0.00103245
0.00208399
0.00265084
0.00413323
0.00499004
0.00213496
0.00282532
0.00220071
0.00520272
0.000752296
0.00292233
0.00165139
0.00367149
0.00240592
0.00265907
0.00234326
0.00259805
0.00129032
0.00289978
0.00924332
0.00452584
0.00231179
0.00153905
0.00365094
0.00555553
0.00253056
0.00114399
0.00228643
0.00301857
0.00642337
0.00143691
0.00230237
0.00390002
0.000563785
0.00294512
0.00206636
0.000699754
0.00360892
0.00245113
0.00214953
0.00264724
0.00508042
0.00959431
0.00235027
0.00259496
0.00441411
0.00249308
0.000777241
0.00361271
0.00188896
0.00140847
0.00223989
0.0084589
0.00365635
0.0034244
0.00224668
0.000953637
0.00687594
0.00118966
0.012928
0.0013651
0.00577058
0.00190972
0.00679727
0.00136965
0.00462104
0.00428586
0.00312112
0.00486957
0.00327412
0.0125247
0.00122691
0.00281307
0.00241402
0.00159688
0.00570947
0.000930632
0.00356833
0.00217315
0.0104711
0.00479633
0.00208771
0.00596481
0.0010797
0.00589047
0.0168777
0.000888838
0.00174268
0.00325112
0.000501418
0.000964586
0.00086384
0.0031644
0.00338723
0.00194804
0.000822301
0.00312189
0.00328802
0.00516579
0.00281177
0.000861441
0.00381971
0.00187203
0.002242
0.00107538
0.00846169
0.00247205
0.00213643
0.00709934
0.00192606
0.00253809
0.000502754
0.00149116
0.00906234
0.0010277
0.000746597
0.0214842
0.0028677
0.0086422
0.00372256
0.0024553
0.00140451
0.019783
0.0192829
0.00272877
0.00856313
0.00280156
0.00573136
0.0103258
0.0059279
0.00519008
0.00216049
0.00428987
0.00323338
0.00422659
0.00474767
0.00162371
0.00945491
0.00035368
0.00490877
0.00482293
0.00335168
0.00228767
0.00828741
0.00127861
0.00859817
0.000308729
0.00125776
0.0159058
0.00213993
0.0039497
0.00396987
0.00214222
0.00166164
0.000852674
0.000796349
0.0018395
0.016001
0.00688507
0.00965225
0.0023378
0.0110902
0.00257328
0.00674294
0.00108191
0.000797672
0.00483853
0.000958075
0.00313017
0.00314084
0.00166759
0.000413689
0.00840987
0.00264739
0.00505844
0.0030361
0.0109056
0.0171073
0.0144372
0.00854718
0.0157313
0.00747272
0.0057763
0.000461875
0.00997766
0.00241457
0.0027175
0.00270611
0.00366965
0.00603462
0.00134655
0.00205428
0.0164452
0.000305996
0.00361281
0.00135356
0.00479304
0.0144656
0.00722818
0.00086212
0.0017829
0.0116124
0.00340065
0.00285149
0.00317334
0.0057809
0.0125115
0.0106894
0.000396921
0.00362868
0.00186574
0.00526803
0.00171293
0.0027501
0.00106566
0.0024894
0.016354
0.00139762
0.0038631
0.00555931
0.00059398
0.00248085
0.00484428
0.00307151
0.0030135
0.00498795
0.0023343
0.00796936
0.00401712
0.0017386
0.00147341
0.00103333
0.00155177
0.00153119
0.00206516
0.00773454
0.0145344
0.016627
0.00788283
0.00445342
0.00171647
0.00299323
0.00300819
0.00453019
0.00135433
0.005258
0.00268248
0.00266586
0.0110845
0.00137884
0.0071429
0.0074081
0.000993201
0.00259356
0.000406262
0.0054666
0.00591726
0.00301881
0.00495033
0.00369454
0.000874835
0.00235353
0.00316197
0.00469735
0.0013412
0.00590631
0.0115937
0.00104273
0.000324948
0.00309988
0.00276018
0.000262896
0.00612964
0.00337022
0.0110711
0.00128632
0.00309754
0.00142166
0.00257688
0.00191031
0.00457369
0.00351293
0.00240752
0.00709661
0.00217991
0.00420076
0.00203454
0.00264233
0.00411887
0.00200577
0.00120041
0.00325778
0.00356664
0.00431351
0.00307365
0.00190056
0.00195185
0.00822038
0.00235512
0.00644612
0.00216953
0.00607456
0.00185163
0.00240748
0.00989346
0.00840501
0.00344183
0.0121985
0.021501
0.00228607
0.00921261
0.0121897
0.00190392
0.000991554
0.0014681
0.0212448
0.00196552
0.00825959
0.00346329
0.00246349
0.00118597
0.00111177
0.0031702
0.00330816
0.0147678
0.00669149
0.00348803
0.00482603
0.00581077
0.00248289
0.000964101
0.00381716
0.00699266
0.00167417
0.002102
0.00326909
0.00241845
0.00510185
0.0031716
0.00300473
0.00575036
0.0175299
0.00316697
0.00139682
0.00393266
0.00770857
0.00905475
0.000337353
0.00112291
0.00446111
0.00419498
0.00511272
0.00405292
0.0105396
0.00385374
0.00179878
0.00111456
0.00427652
0.000964158
0.00462385
0.00153664
0.00311883
0.00191104
0.00233177
0.000798685
0.0112085
0.00328868
0.00427375
0.00166111
0.00263073
0.0120285
0.00382486
0.00156647
0.00551948
0.00317266
0.00495851
0.00283297
0.00119321
0.0104194
0.00795649
0.00159734
0.0188757
0.00326502
0.00270453
0.00822638
0.0085703
0.00403935
0.00460135
0.00454199
0.00434557
0.00312367
0.0119381
0.00735562
0.00177449
0.00128121
0.00227496
0.00358445
0.00668664
0.00888088
0.00636511
0.00208306
0.00189756
0.00421877
0.0180985
0.00254153
0.0052046
0.00614599
0.00216713
0.00903047
0.00875492
0.00256885
0.00162141
0.00337428
0.0023608
0.00299591
0.00157499
0.00209325
0.00297211
0.00184356
0.000886871
0.000765435
0.00227267
0.00522285
0.000902098
0.00100951
0.00263838
0.0034814
0.00213509
0.00409612
0.00191094
0.000807161
0.0161524
0.001279
0.00284373
0.00308683
0.00472867
0.00606644
0.0019888
0.00189925
0.0031005
0.00582984
0.00507765
0.00172526
0.00136028
0.0103384
0.000497797
0.00827658
0.00126257
0.00342288
0.00122149
0.00467598
0.00207538
0.0160653
0.001277
0.00121643
0.00999941
0.0190833
0.000852489
0.00176432
0.0058471
0.00872019
0.0038336
0.00152788
0.00418976
0.00182807
0.00229596
0.0042646
0.0093227
0.00252431
0.00285137
0.0125273
0.00323372
0.0020485
0.00738844
0.00396539
0.00501585
0.00202372
0.00449184
0.00157402
0.00202442
0.00180267
0.00210066
0.000924833
0.00102466
0.000425178
0.00139554
0.00199312
0.00417138
0.00249509
0.00346694
0.00284521
0.00409287
0.000629777
0.000917979
0.00311496
0.00711755
0.00148075
0.00544471
0.000797379
0.000886066
0.00690798
0.00572677
0.00203493
0.00621308
0.00166726
0.00169422
0.00435419
0.00174678
0.00297706
0.00204051
0.0019019
0.000938912
0.00460225
0.00832173
0.00143791
0.0214574
0.00192102
0.00675768
0.00658475
0.00130998
0.00714154
0.00405786
0.000930042
0.000574881
0.00160868
0.00558788
0.00140674
0.0107211
0.00280068
0.00521032
0.00157867
0.00696993
0.000612935
0.0182601
0.000962246
0.00565004
0.00205333
0.01307
0.00083528
0.0015887
0.00465438
0.00641728
0.00237253
0.00110133
0.00183909
0.000707
0.00407543
0.00374666
0.000803375
0.0109178
0.00542926
0.001564
0.00366787
0.00170247
0.000929773
0.00255694
0.00380518
0.0018293
0.0097924
0.00422392
0.00328604
0.00245207
0.0059099
0.0045316
0.00328682
0.00347097
0.00474167
0.0253715
0.000873922
0.00171802
0.00345437
0.00285009
0.00868846
0.0014698
0.0122015
0.0103395
0.00175354
0.0105529
0.00457769
0.00254511
0.00370661
0.00136325
0.00233129
0.000744423
0.00414699
0.00435161
0.0113435
0.00403976
0.000964032
0.00753452
0.00342698
0.00246224
0.00388333
0.00375592
0.00140294
0.0195954
0.00491881
0.0119184
0.00113195
0.00286137
0.0112544
0.00496869
0.000759783
0.002452
0.00116899
0.00167865
0.0225148
0.0023937
0.0119917
0.00129133
0.00311436
0.000714592
0.0100552
0.0102629
0.0030565
0.00140514
0.00912864
0.000872895
0.00342219
0.00247113
0.0019074
0.00122864
0.00267688
0.00341425
0.000592512
0.00374668
0.00526707
0.00041711
0.002869
0.00369643
0.00191011
0.00113886
0.00271718
0.00430024
0.00874992
0.00245986
0.00364497
0.00221202
0.0115891
0.00142563
0.00138189
0.0027683
0.00302391
0.00483748
0.000883423
0.00104937
0.0180757
0.00362962
0.00258412
0.00244829
0.0157323
0.00144829
0.00270372
0.00031141
0.0037696
0.00162337
0.00362495
0.0025795
0.0020734
0.00316396
0.011813
0.00148252
0.000671501
0.00191081
0.00826573
0.0034565
0.00437134
0.00687256
0.00197722
0.00909054
0.00218455
0.000770434
0.00103752
0.00211233
0.00419328
0.00295365
0.0114854
0.00116781
0.0021232
0.00251854
0.00184656
0.00192337
0.00698882
0.00318057
0.00526601
0.00849327
0.00309247
0.00251059
0.00250375
0.00938115
0.0129664
0.00292815
0.00555582
0.001481
0.00399201
0.00308433
0.00176632
0.00203178
0.00403755
0.00773034
0.00181521
0.00424163
0.00220249
0.00254801
0.00334988
0.00186979
0.00146083
0.00271989
0.00139865
0.00580195
0.00039072
0.00340685
0.000568949
0.00222531
0.00781129
0.00244858
0.00173552
0.00644307
0.00622493
0.00179299
0.010262
0.00127575
0.00208036
0.00391321
0.00127433
0.000893168
0.00447932
0.00685952
0.0131217
0.00664827
0.00268036
0.00127877
0.0161705
0.00101666
0.00317322
0.00242842
0.000393885
0.00178304
0.00140931
0.00173644
0.00924148
0.00304739
0.0074139
0.0110218
0.00256332
0.00427528
0.00185577
0.00501551
0.0058313
0.00183943
0.00290204
0.00376125
0.00186022
0.00137932
0.00785354
0.0103558
0.00193532
0.00207595
0.00124636
0.00416103
0.00115227
0.00542808
0.00426787
0.0103415
0.00305086
0.00657033
0.00363051
0.00250817
0.00205206
0.00375587
0.00335858
0.00375536
0.00470296
0.00153728
0.00174683
0.00428917
0.00173306
0.000850347
0.0034827
0.00154468
0.00390372
0.000432171
0.00164437
0.00306681
0.00347884
0.0182608
0.00836586
0.0142579
0.00489552
0.00606441
0.00318477
0.00840622
0.00313199
0.00308643
0.00655529
0.00585019
0.000697906
0.00118408
0.00288922
0.0154441
0.00538439
0.00477607
0.0122251
0.00621735
0.0166945
0.00592355
0.0025471
0.00379197
0.00328886
0.00714828
0.00166793
0.00317615
0.00379763
0.00306055
0.00319466
0.00224525
0.0134107
0.00088855
0.00154102
0.00603557
0.0061621
0.00827121
0.0029076
0.0171683
0.00636409
0.00508212
0.00234318
0.00620436
0.00359514
0.00273867
0.00486771
0.00305811
0.00293922
0.0120817
0.00238303
0.00513723
0.00296052
0.00396633
0.0020184
0.00325857
0.0122334
0.00090262
0.00433015
0.00324168
0.00121038
0.000723524
0.0085638
0.00505645
0.00103955
0.00395605
0.00232239
0.00686391
0.00263173
0.00218571
0.00293493
0.00109076
0.000616642
0.00335683
0.0097081
0.00347108
0.002733
0.00135779
0.00127026
0.0053155
0.00369595
0.00622179
0.00476792
0.00205191
0.00711495
0.00695502
0.00105316
0.0108488
0.00526385
0.000994228
0.00344577
0.00911353
0.00214617
0.00223761
0.00161814
0.0114522
0.00696257
0.0132605
0.00391033
0.00334235
0.00153582
0.00174744
0.00120417
0.0150097
0.000510941
0.00489919
0.00452558
0.00244106
0.00189778
0.00511101
0.00304457
0.00325366
0.0076309
0.00643327
0.00189439
0.000624159
0.00341519
0.00624818
0.0010059
0.000897804
0.00423868
0.00219176
0.00179581
0.00178128
0.00754941
0.00296794
0.00106622
0.0235503
0.00297184
0.00221811
0.00609777
0.000837686
0.00156975
0.00373429
0.00201937
0.00231571
0.00100136
0.00698184
0.00690536
0.00211523
0.0248701
0.000886413
0.00307546
0.00196057
0.00271441
0.00228433
0.0030592
0.00939157
0.00080956
0.00132876
0.0070635
0.00240272
0.00602278
0.00278681
0.00310672
0.00346948
0.00690918
0.0118817
0.00159825
0.00310538
0.00438573
0.00399531
0.00409915
0.00114774
0.000627476
0.00333682
0.00245378
0.00226651
0.000241696
0.00653943
0.00946939
0.0238427
0.00310345
0.00072915
0.00232696
0.00815048
0.00147299
0.00400918
0.00990917
0.0221977
0.0103759
0.000773867
0.00149325
0.00259624
0.00147101
0.00601293
0.0100539
0.000665614
0.00711112
0.00733012
0.0074973
0.00451592
0.00511798
0.00737313
0.00479375
0.00431354
0.0129911
0.00850326
0.00940198
0.00729625
0.00158785
0.0239007
0.00405308
0.00209238
0.0195034
0.00295002
0.00158053
0.00644934
0.0051488
0.00932585
0.00563652
0.00106549
0.00271362
0.00249362
0.00162434
0.00118715
0.00199211
0.00175743
0.00572388
0.0103066
0.00441831
0.00470143
0.00152191
0.00175881
0.00621565
0.00340104
0.00730354
0.00454407
0.000808881
0.00769007
0.00262808
0.00145491
0.0166543
0.00387909
0.00173764
0.00413885
0.0174791
0.00140224
0.00533948
0.00240688
0.00269416
0.0103418
0.00308566
0.0187576
0.00891528
0.00931119
0.00092342
0.00076309
0.005279
0.0038824
0.00371311
0.00339312
0.00783182
0.00126888
0.0028067
0.00623558
0.00520195
0.00329514
0.00408737
0.00161909
0.00427621
0.00224944
0.00547011
0.0137312
0.00691935
0.00269304
0.00750494
0.0040283
0.00225277
0.00151867
0.00249255
0.000757948
0.0240351
0.00139468
0.001291
0.00422804
0.000608233
0.00518059
0.000807675
0.00205066
0.00184266
0.000924327
0.00246288
0.00304678
0.0102699
0.00384201
0.00137676
0.00101714
0.000557908
0.00257081
0.00522449
0.0143383
0.00718814
0.00279769
0.00319549
0.0163347
0.00414542
0.00223317
0.000381998
0.00260545
0.000606689
0.00510844
0.00429287
0.00162607
0.00507342
0.00323123
0.002527
0.00326215
0.00239633
0.0194438
0.00149369
0.00456965
0.00400806
0.00106237
0.00659651
0.00710057
0.00264619
0.000596693
0.00477634
0.0200778
0.0041424
0.00128186
0.0134039
0.00356093
0.00404622
0.00618962
0.000539717
0.00261241
0.00255732
0.00182611
0.00260066
0.00254371
0.000595704
0.00371051
0.00142868
0.00345644
0.00103315
0.00215146
0.00251566
0.00874313
0.000728213
0.0121364
0.00381814
0.0021068
0.00242336
0.0111729
0.0021289
0.00494018
0.00386358
0.00164506
0.00885348
0.00125938
0.00197582
0.00229242
0.00194787
0.0143682
0.000529816
0.00974593
0.0080244
0.00364295
0.015512
0.00224829
0.00491523
0.00713769
0.00747897
0.000326686
0.00286616
0.00442949
0.00191397
0.0012212
0.00267683
0.00221994
0.00457218
0.00173827
0.00342268
0.00547152
0.00123997
0.00269174
0.00174506
0.00839784
0.00460771
0.00280337
0.00101223
0.0153899
0.00263755
0.00301971
0.00285366
0.000887464
0.00227431
0.00226254
0.00194587
0.000895994
0.00341716
0.00376383
0.00282335
0.0014866
0.00215651
0.00353553
0.0035873
0.000863969
0.0024443
0.00520196
0.00582846
0.00974126
0.00524217
0.00969344
0.00515306
0.00597565
0.00159544
0.00419652
0.00213187
0.00305138
0.00156677
0.00810748
0.00402481
0.00148532
0.00422074
0.00512757
0.000464665
0.0030614
0.00202096
0.00223952
0.00236253
0.00154687
0.000287922
0.000180793
0.00152487
0.0162603
0.0135935
0.000871287
0.0133548
0.00203438
0.00370724
0.00123082
0.00328193
0.00269664
0.00642283
0.00836138
0.00763804
0.00352583
0.00240355
0.00385826
0.00256867
0.00220418
0.00243005
0.00352454
0.00638129
0.00428553
0.00161724
0.00705312
0.00238395
0.00456415
0.00152598
0.000421819
0.00128395
0.00180337
0.0057813
0.00264224
0.00548036
0.000177252
0.0042932
0.00527864
0.00366033
0.00706541
0.00249396
0.00136405
0.00235364
0.000958716
0.00269269
0.00356117
0.00325224
0.0043772
0.00569507
0.00215525
0.00436481
0.0035244
0.0020423
0.00448622
0.00291111
0.0072309
0.006214
0.00258573
0.00183642
0.00477325
0.00341206
0.00417974
0.00131052
0.0017222
0.00328039
0.00778178
0.00103203
0.00628519
0.00305504
0.00261775
0.00120432
0.0115203
0.00180234
0.00619742
0.00195571
0.00223496
0.00155383
0.00259703
0.00553577
0.00113486
0.0028709
0.00246267
0.00265787
0.00368486
0.000246051
0.00793282
0.00171042
0.00495594
0.00756655
0.0036235
0.000681288
0.00206179
0.0053521
0.00765391
0.00247628
0.0128159
0.00184154
0.00327195
0.00510637
0.000985068
0.00312111
0.0025251
0.00219838
0.00892588
0.00251652
0.0158649
0.00490154
0.0244608
0.00221312
0.00497448
0.00168024
0.00237534
0.0040235
0.00305941
0.0024878
0.000552616
0.0016697
0.0110042
0.00644927
0.00328401
0.0190759
0.00202383
0.00378935
0.00207419
0.0011223
0.0039746
0.00191473
0.00138944
0.00602063
0.00799359
0.0060538
0.000685556
0.00568509
0.00253318
0.00728056
0.00359102
0.00220778
0.00503643
0.00114309
0.00245141
0.00302331
0.00747271
0.00543892
0.00297463
0.00131091
0.00264161
0.00108407
0.00300679
0.000762104
0.00255218
0.0024664
0.00381207
0.00360415
0.00143093
0.000482111
0.000934598
0.00287173
0.00524578
0.00563488
0.0176021
0.00169284
0.00134697
0.00397058
0.0010947
0.00558222
0.00329859
0.00330526
0.00325001
0.00281367
0.000743306
0.0032278
0.000425746
0.00222475
0.00727595
0.00369891
0.00526656
0.00143764
0.00211668
0.000321303
0.000847532
0.00687956
0.00253559
0.00178259
0.00406624
0.000552309
0.00111624
0.00258084
0.0174675
0.0062743
0.00391657
0.00366931
0.00393521
0.00279634
0.000871526
0.00151977
0.0165464
0.00299702
0.0035991
0.00220737
0.00234208
0.00314341
0.000856881
0.0138522
0.0217012
0.00211383
0.0134157
0.00106106
0.000863725
0.00106193
0.01444
0.00142106
0.000611805
0.00498283
0.00297456
0.00334018
0.00141393
0.00559899
0.00601555
0.000769317
0.00809334
0.00428221
0.00283029
0.00660817
0.00339875
0.00462289
0.00288766
0.00268307
0.0080265
0.00365658
0.00731508
0.0055925
0.0035613
0.00379648
0.000873088
0.00294716
0.00528066
0.00386892
0.0063242
0.00308227
0.00278257
0.00197377
0.00216503
0.00125311
0.00168099
0.00404788
0.00384964
0.00134091
0.00137154
0.00526184
0.003848
0.0191493
0.00532703
0.000491242
0.0260497
0.01464
0.00903932
0.00234934
0.00417372
0.00436346
0.00778311
0.00345506
0.002448
0.00189153
0.0123528
0.0249653
0.0240495
0.00111797
0.00402733
0.027224
0.00982519
0.00785705
0.0081295
0.00156165
0.00521684
0.00129158
0.00764353
0.000774307
0.000801805
0.0020953
0.00183964
0.000575909
0.00300634
0.00503631
0.00105479
0.00435963
0.00385663
0.00518636
0.00138284
0.0031855
0.00267502
0.00334945
0.0058608
0.00300713
0.00336197
0.00903832
0.00256529
0.00263553
0.0022185
0.00434706
0.0119586
0.00208566
0.00448039
0.00334479
0.00358201
0.00271283
0.00291331
0.0031531
0.0054421
0.0058024
0.00369733
0.00435584
0.00134196
0.019787
0.00420659
0.00969557
0.00429863
0.00827786
0.00985471
0.00691824
0.00149552
0.000997199
0.00233295
0.00472458
0.00155704
0.00504286
0.00338356
0.00228322
0.0015924
0.000442224
0.00858216
0.00713718
0.00128653
0.00373837
0.0013438
0.00535226
0.00171825
0.0016258
0.0019829
0.00330914
0.00696706
0.00678034
0.00358005
0.00143562
0.00129092
0.0107976
0.0142685
0.0049169
0.00381014
0.00231071
0.0172698
0.00337517
0.00260656
0.00223265
0.0038856
0.00556254
0.00477984
0.00758106
0.000501979
0.00196521
0.00479779
0.00282723
0.000337246
0.00751817
0.00544848
0.00139741
0.0021763
0.00367465
0.000753567
0.00568256
0.00377974
0.00164618
0.00393309
0.00558791
0.00125058
0.00170887
0.019949
0.00732906
0.00725931
0.002703
0.00738043
0.00575109
0.00408937
0.00173846
0.0064974
0.00340449
0.00163539
0.00235613
0.00426476
0.0218318
0.00288824
0.0040306
0.00883755
0.00262474
0.00178559
0.00150183
0.00819745
0.00398606
0.0157978
0.00778911
0.000525745
0.00275491
0.00463418
0.00290088
0.00502198
0.00172802
0.00187034
0.00144064
0.00174199
0.00299353
0.00470378
0.00738576
0.00454395
0.00577557
0.00137179
0.00066302
0.00249804
0.00167032
0.006156
0.00289706
0.012399
0.00287786
0.0024919
0.00244724
0.00386191
0.00601772
0.00308532
0.00140784
0.00528923
0.00695044
0.00346864
0.00151871
0.0068796
0.00281883
0.00350161
0.00302192
0.00323755
0.00465828
0.00404043
0.00399093
0.00297763
0.00372034
0.0121886
0.00403717
0.00517907
0.00577746
0.00103674
0.00787862
0.000860269
0.0108283
0.000939286
0.00483815
0.00114412
0.0107153
0.00156517
0.00248331
0.00123457
0.00236054
0.00258111
0.00290383
0.00173862
0.00544826
0.00943746
0.00150908
0.00181802
0.0046078
0.0135832
0.00104168
0.00677496
0.000264086
0.000532482
0.000685133
0.00137182
0.00379398
0.00330735
0.00373266
0.00308969
0.00364556
0.00251117
0.00340579
0.000708935
0.00230553
0.0113377
0.00781771
0.00428312
0.00512537
0.00186476
0.00950115
0.000524682
0.00447455
0.0209293
0.00424501
0.00472942
0.00164
0.00295023
0.00075895
0.00817231
0.00595998
0.00477886
0.00139574
0.00110403
0.00228932
0.00345336
0.00149875
0.0172257
0.00646497
0.00440176
0.00420887
0.00565559
0.000961336
0.000375463
0.00397751
0.0018868
0.000674953
0.0135995
0.00476597
0.00334162
0.00204139
0.00262117
0.000914316
0.00348897
0.00154383
0.00107433
0.00753866
0.00154233
0.0031567
0.00196367
0.0047449
0.000955226
0.00104344
0.00935993
0.00648295
0.00154015
0.0016817
0.00188704
0.00672566
0.00641012
0.00361197
0.00179616
0.00234563
0.00904255
0.00587518
0.000999927
0.00476301
0.00255522
0.00112142
0.00140411
0.000643157
0.00129739
0.0036339
0.0160044
0.00238888
0.00164184
0.0098997
0.00154758
0.00796885
0.014821
0.00648136
0.00838237
0.00817431
0.00085531
0.00351596
0.000727031
0.0100028
0.00621016
0.00190835
0.00666583
0.00350784
0.00364299
0.0146718
0.00294364
0.00057489
0.00114095
0.00147209
0.00193711
0.00562977
0.00393689
0.00576326
0.00241134
0.00699457
0.00208951
0.00343159
0.00244616
0.00210271
0.00396063
0.00338771
0.00248677
0.00616955
0.000513289
0.00250139
0.00689396
0.00409535
0.000761915
0.00248291
0.0011888
0.00428479
0.00545719
0.00334827
0.00102789
0.00316749
0.00442843
0.00463294
0.00457664
0.00149603
0.00123531
0.00260046
0.00382988
0.00179484
0.00453501
0.00482054
0.0044192
0.00579678
0.0016831
0.000787741
0.00311256
0.00295522
0.00296495
0.00171
0.00399083
0.00182798
0.00234223
0.00220172
0.0100048
0.00109472
0.0103103
0.00235553
0.00152264
0.00158147
0.00339274
0.000918242
0.000567189
0.0018305
0.00330052
0.00356455
0.00289184
0.00190223
0.00160883
0.00398328
0.0063985
0.0109322
0.00372395
0.00323584
0.00192993
0.00356031
0.00379742
0.0129514
0.00378674
0.00600946
0.0091721
0.000349672
0.00543638
0.0100427
0.00689585
0.0199714
0.000446889
0.00092193
0.0074815
0.00135956
0.00395383
0.0213632
0.00549063
0.00455468
0.00633786
0.000839633
0.0019902
0.004531
0.00113485
0.00539948
0.00576959
0.00160806
0.00231025
0.00631561
0.00360977
0.002167
0.00625567
0.00291662
0.000664838
0.00564209
0.00864121
0.00124071
0.00635069
0.00200522
0.00607542
0.00324001
0.00625866
0.00112067
0.00260161
0.00123594
0.00639444
0.00187492
0.00885443
0.00178401
0.00927723
0.00380425
0.00124243
0.00103062
0.00938951
0.00152645
0.00332522
0.00109351
0.00131255
0.0027307
0.00585616
0.00282312
0.00076695
0.00664643
0.00203057
0.00513992
0.00168601
0.00378204
0.00144376
0.00911338
0.00255986
0.0030732
0.000640954
0.0013643
0.00573018
0.00180105
0.00569962
0.0021518
0.000804419
0.00933728
0.00582457
0.00592966
0.00156661
0.00571659
0.00673316
0.00231197
0.00194832
0.0077491
0.0077307
0.00185413
0.0158387
0.00106945
0.00212609
0.00418233
0.00391407
0.0039069
0.00288565
0.00108474
0.00218883
0.000629652
0.0016922
0.0103003
0.00433299
0.00278366
0.001454
0.00373903
0.00409424
0.000329418
0.00255561
0.0021457
0.00071454
0.0067938
0.00171518
0.00623703
0.00715369
0.00478005
0.00758124
0.000857542
0.00345052
0.00317223
0.0159393
0.00663972
0.00542417
0.0075603
0.00155056
0.0104658
0.000266493
0.00247819
0.00265635
0.00197013
0.0248088
0.00170432
0.0087893
0.00554011
0.00277138
0.00284741
0.00407019
0.0105395
0.00678687
0.00306764
0.00500359
0.0120786
0.00316049
0.00269192
0.00144649
0.000830362
0.00667775
0.00232785
0.00167846
0.00340429
0.00375928
0.0164082
0.00177402
0.00172899
0.00556003
0.00157126
0.00271193
0.00352271
0.00638361
0.0107295
0.00211028
0.00190572
0.00950024
0.0125926
0.00286326
0.00285834
0.00251349
0.00801729
0.00759618
0.00473296
0.00360226
0.0161663
0.0131908
0.00304291
0.00766637
0.00219157
0.000573486
0.00382462
0.00163893
0.00778325
0.001356
0.00262039
0.00147839
0.00231902
0.00161171
0.00470681
0.00101424
0.00118005
0.00963174
0.00104302
0.00686992
0.00128008
0.00151223
0.0137384
0.00351762
0.000895491
0.000984078
0.00319797
0.00119419
0.00115399
0.0044929
0.00174572
0.00197364
0.000325313
0.000795673
0.00699294
0.000853837
0.00290296
0.00194347
0.00363138
0.00147175
0.00395477
0.00333347
0.00405523
0.00305362
0.00181815
0.00455758
0.00476737
0.000894705
0.00102593
0.00835899
0.0010763
0.00304825
0.00234827
0.00420822
0.00467559
0.00224364
0.0044245
0.00162158
0.00110014
0.00193133
0.00183763
0.0122648
0.00246102
0.00199103
0.00324163
0.00542498
0.0017519
0.0022034
0.0117668
0.00165132
0.00181303
0.0055349
0.00420371
0.00199166
0.001948
0.00276458
0.00551761
0.00142961
0.00300236
0.000431635
0.0039759
0.00212974
0.00412885
0.000826647
0.00470008
0.00127763
0.00135791
0.00110939
0.00729989
0.00436013
0.00186184
0.00666007
0.00384193
0.00278769
0.0039054
0.000983811
0.00171782
0.00414334
0.00842031
0.00875914
0.00231957
0.00337663
0.00624836
0.00157621
0.0105389
0.00248796
0.0020924
0.00169854
0.0056093
0.00318531
0.00281352
0.00401765
0.00489647
0.00158287
0.00265673
0.00390568
0.00155412
0.00619514
0.000562702
0.00728126
0.00247952
0.011035
0.00196911
0.00148601
0.0163748
0.00510043
0.00664001
0.00299332
0.00134473
0.00214317
0.00207721
0.00162709
0.00154575
0.00406377
0.00532994
0.00148645
0.00212327
0.00561172
0.00330037
0.0011816
0.0185498
0.00342861
0.00339292
0.00231592
0.00307812
0.0204648
0.00595315
0.0011469
0.00148439
0.00301811
0.00431042
0.00379936
0.00248456
0.000955813
0.00350268
0.000703539
0.00229647
0.00780005
0.00220626
0.0059389
0.00373261
0.00180513
0.000560787
0.00299714
0.00275679
0.00371271
0.00434494
0.0141236
0.00332474
0.00566147
0.00567454
0.00200006
0.00195778
0.00513169
0.00385794
0.00134149
0.00233473
0.00255441
0.00418715
0.00574185
0.00093409
0.000859549
0.00208599
0.0011434
0.0103404
0.00386319
0.00556889
0.00222506
0.00593227
0.00286395
0.00836342
0.00140221
0.00431474
0.00235764
0.000668432
0.00207291
0.00196792
0.000507881
0.00114328
0.0131001
0.000637856
0.000538032
0.00320787
0.0138095
0.00109724
0.00191246
0.00619195
0.00516994
0.00214018
0.0122771
0.00325529
0.00263605
0.00491648
0.00147706
0.000908605
0.00727701
0.00189502
0.00237434
0.0126412
0.00172902
0.00175616
0.0024337
0.00400923
0.0154116
0.0111523
0.0022055
0.00480293
0.00684577
0.00938397
0.00307421
0.00752798
0.00465853
0.0126214
0.00332409
0.0021508
0.0128515
0.00276032
0.00211849
0.0218102
0.00390822
0.00483355
0.00370783
0.00689527
0.00143439
0.00166485
0.00339921
0.0029159
0.00582354
0.0103249
0.00339249
0.00336932
0.00288565
0.0138083
0.000469042
0.00147728
0.00669235
0.00367706
0.00493505
0.00331438
0.0163245
0.00182816
0.00512859
0.00192203
0.00347716
0.00146331
0.00248687
0.00234551
0.00873397
0.000794962
0.00127852
0.00128686
0.00386434
0.00424089
0.00192771
0.000297715
0.00264275
0.00213973
0.00239479
0.000939043
0.00733506
0.00876236
0.00748673
0.00487815
0.00165962
0.00683145
0.0027933
0.000758808
0.00569139
0.00487609
0.00326912
0.00534127
0.0032929
0.0131801
0.00757686
0.00101623
0.00446915
0.00275803
0.00336302
0.00115949
0.00182309
0.00286135
0.000231578
0.00496956
0.00209523
0.0046775
0.00933958
0.0121119
0.00648279
0.0112805
0.00207063
0.00268869
0.0162088
0.00450313
0.00276885
0.00304625
0.00566979
0.00218186
0.00164803
0.00230605
0.0027254
0.00124936
0.0120777
0.0161195
0.0025234
0.0225724
0.00345121
0.000703256
0.00129974
0.00627135
0.000929147
0.00294935
0.00375194
0.00794422
0.00470081
0.00200656
0.0253429
0.00355496
0.00391105
0.00288878
0.00319607
0.0024355
0.000809806
0.00186694
0.00262409
0.00596539
0.0103301
0.00220313
0.00729879
0.00534228
0.000776018
0.00407012
0.000935755
0.00389425
0.00706376
0.0013008
0.00662072
0.0139768
0.0023878
0.0048824
0.00435995
0.00505565
0.00308894
0.00294561
0.00201921
0.0013891
0.00110371
0.00457292
0.00190899
0.00484225
0.0153974
0.000741957
0.00204746
0.00340846
0.00105989
0.00187237
0.0020913
0.00354756
0.00479366
0.0190286
0.00647958
0.00216833
0.00227365
0.00161487
0.00200092
0.0017176
0.00374094
0.00151246
0.00260998
0.0074936
0.00501584
0.00116142
0.00166765
0.00315212
0.00331385
0.00287834
0.00421539
0.00372694
0.00491377
0.00109515
0.00869122
0.00555481
0.00378438
0.00740005
0.00190255
0.00259329
0.0241697
0.0023584
0.00222419
0.00134615
0.0155797
0.00255902
0.00121998
0.00687943
0.0025102
0.00269668
0.0042904
0.00311368
0.00445428
0.0027281
0.00334312
0.00181552
0.00177077
0.00465364
0.00243669
0.00729868
0.00416261
0.00204396
0.00172722
0.00716434
0.0166248
0.00853338
0.0102775
0.00831353
0.0114505
0.00154341
0.00817838
0.00996358
0.00343939
0.00114759
0.00215193
0.00264639
0.00431042
0.0015011
0.00405919
0.0010916
0.00132888
0.00365592
0.00568495
0.00717167
0.00250269
0.00160921
0.0021107
0.00202726
0.00503719
0.000969859
0.00311397
0.0109703
0.00857172
0.00476138
0.00251087
0.00211164
0.00188303
0.00179834
0.00348283
0.00307175
0.0157901
0.00767833
0.00137378
0.024088
0.00491825
0.00491046
0.000607733
0.00318952
0.00440485
0.0154535
0.00494237
0.00119977
0.00208541
0.00380278
0.00618389
0.00535086
0.0078728
0.00289978
0.00295264
0.00481284
0.00217599
0.00213914
0.0118982
0.00050789
0.000410283
0.00426593
0.00193685
0.00131336
0.00527328
0.00054802
0.000813372
0.00270852
0.00789387
0.00146004
0.000907082
0.0055449
0.019905
0.00321568
0.00296402
0.00821126
0.00556868
0.000713069
0.000621182
0.00307818
0.00409764
0.00247994
0.00592694
0.0017776
0.0122209
0.00471124
0.00269115
0.00136123
0.00586886
0.00204843
0.00387509
0.00214153
0.00449809
0.00181545
0.00429087
0.0130133
0.00262185
0.000780654
0.00258774
0.000844541
0.00576372
0.00973088
0.00188474
0.00222655
0.00111999
0.00504845
0.00233748
0.00262768
0.00139045
0.00150341
0.00441395
0.00240726
0.000755008
0.0029318
0.00231698
0.00386852
0.00339506
0.000275116
0.00640193
0.000541559
0.00563037
0.000639431
0.00177528
0.00381095
0.00379723
0.00123081
0.00519794
0.00709883
0.0126468
0.00252361
0.00524379
0.00577451
0.00241595
0.00831431
0.00119795
0.00440734
0.00843287
0.00246775
0.00252155
0.00234219
0.00260802
0.00214893
0.00235958
0.00737809
0.0014647
0.00133437
0.0125468
0.00740176
0.00208373
0.0028315
0.00446429
0.00217885
0.0060291
0.00163785
0.00331706
0.00218063
0.00150278
0.00726921
0.0018939
0.0132951
0.0007588
0.0101604
0.00258865
0.00295709
0.00111797
0.00438925
0.00105003
0.0016697
0.00548089
0.00273523
0.00251982
0.00205018
0.00887998
0.0153672
0.00254886
0.00819015
0.00089651
0.00367012
0.00443291
0.00234081
0.00160429
0.00179559
0.000878597
0.00440974
0.000359419
0.00166989
0.00196409
0.000803198
0.00863071
0.00281448
0.00377556
0.00233445
0.00764525
0.0157146
0.00173842
0.00194912
0.00369952
0.00133245
0.00534397
0.00197163
0.0119256
0.00435288
0.00600081
0.000629841
0.000861445
0.00287948
0.00134313
0.00292877
0.00247638
0.000797722
0.00331277
0.00693172
0.00119534
0.0087455
0.0028872
0.00115942
0.00172735
0.00210321
0.0106379
0.00297564
0.000799235
0.00171385
0.000981208
0.00408765
0.00304805
0.00694363
0.00628104
0.00259654
0.00205247
0.0023413
0.00141204
0.00244272
0.0029999
0.00186166
0.00541086
0.00184328
0.0019427
0.00277501
0.00116407
0.0099618
0.00166245
0.000773541
0.00306584
0.00274611
0.00384601
0.00940147
0.00204155
0.00716611
0.00374489
0.00195646
0.00269028
0.00267935
0.00124201
0.00543164
0.000943582
0.00436487
0.00675696
0.0020751
0.003512
0.00186704
0.00837801
0.0287542
0.000988949
0.00492271
0.010761
0.00590146
0.00135227
0.0020213
0.0017455
0.00880418
0.00460541
0.00235222
0.00305212
0.00364893
0.00143523
0.00439413
0.00167954
0.00817988
0.00320163
0.00567764
0.000438466
0.0156647
0.00306557
0.00365767
0.000180568
0.00362596
0.00323908
0.00182875
0.00376164
0.00297028
0.00111912
0.00116547
0.00198338
0.006706
0.00286798
0.00149441
0.00167637
0.00257596
0.00273676
0.0217944
0.000605394
0.00261322
0.000759894
0.0149798
0.00747367
0.00502742
0.00253831
0.00267736
0.0137056
0.00504889
0.00144919
0.00104896
0.00191313
0.00263031
0.00757533
0.000513769
0.00804591
0.00487123
0.00131938
0.00858086
0.00334634
0.00984234
0.0165233
0.00488998
0.0053371
0.00627126
0.00442664
0.00195047
0.00659874
0.00285278
0.00380813
0.00757979
0.00251066
0.00225926
0.00516275
0.00139509
0.00307296
0.00165969
0.00411044
0.0010434
0.000963
0.00341757
0.0108452
0.00289607
0.00274235
0.00112683
0.00257628
0.0190019
0.00262795
0.0013982
0.00211305
0.00144211
0.00762208
0.00333638
0.00478187
0.00314844
0.00783959
0.00128297
0.00198888
0.00656051
0.00345313
0.0053171
0.00665856
0.000629954
0.00657699
0.00881134
0.00535365
0.00229063
0.0116408
0.00430847
0.00212375
0.00117834
0.00197216
0.00170784
0.00463249
0.00623259
0.00416972
0.0100744
0.00910026
0.00153879
0.00186797
0.005518
0.000859268
0.000410765
0.00127872
0.00380649
0.00445549
0.00496834
0.00363738
0.0023943
0.000826838
0.0015511
0.0158149
0.00247667
0.0192255
0.00225924
0.0039407
0.00899885
0.000287199
0.00122701
0.00404843
0.00680493
0.000940195
0.00607133
0.00172786
0.00146458
0.0106513
0.00485493
0.0038718
0.00577339
0.00646564
0.00217344
0.0121161
0.0148029
0.00143781
0.00474656
0.005016
0.00701982
0.00133884
0.00222917
0.00234273
0.005213
0.00177092
0.00228116
0.00570808
0.00200196
0.0137794
0.00533702
0.00133037
0.00200463
0.00105625
0.0122171
0.00299556
0.00204502
0.00255365
0.00303713
0.0138542
0.00879406
0.00140889
0.00440134
0.00544388
0.00139626
0.00355432
0.0020906
0.0103459
0.00292544
0.00137836
0.00408175
0.0029332
0.00569005
0.00336424
0.0043951
0.0101964
0.000549659
0.00118867
0.0020303
0.00107044
0.00122252
0.0105582
0.00164766
0.0024682
0.00208753
0.00665933
0.00350381
0.00273288
0.00217544
0.00262924
0.00442817
0.00231641
0.00627106
0.0138389
0.00180124
0.00221774
0.00327756
0.00284837
0.00417944
0.000751925
0.00103698
0.00716961
0.000930452
0.0041031
0.000841662
0.00235438
0.00302075
0.00410987
0.00292434
0.00233909
0.00166213
0.000776818
0.00812165
0.00833828
0.00482037
0.00723277
0.00194454
0.00596945
0.00183183
0.00280252
0.00184903
0.00578366
0.00351769
0.0112619
0.00589642
0.013937
0.00518002
0.00518418
0.00323397
0.00193169
0.00653243
0.00591127
0.00777459
0.00902111
0.011387
0.00375684
0.000231385
0.00209427
0.00828033
0.0017481
0.00733907
0.00802389
0.00300506
0.00241121
0.00199879
0.00568442
0.00410818
0.00483891
0.00250423
0.00957577
0.00174598
0.00498077
0.00495823
0.00281161
0.00222477
0.00373649
0.00610869
0.00494003
0.00431357
0.00269162
0.00792914
0.00375009
0.00448362
0.00314153
0.00771218
0.00377604
0.000938306
0.0029997
0.00271475
0.00947334
0.00233678
0.000852035
0.00580188
0.000672356
0.000988519
0.00210713
0.00933264
0.00278821
0.00252395
0.00297263
0.00535962
0.0141984
0.00655205
0.00335938
0.00462507
0.00336045
0.00105229
0.00069304
0.00189506
0.00174472
0.0010774
0.00188144
0.00317035
0.00256351
0.00881608
0.0027126
0.0172099
0.00223867
0.00234616
0.00253145
0.00571935
0.00107257
0.00365835
0.00190964
0.00114651
0.000622547
0.00397194
0.0018028
0.00263347
0.00777113
0.00139046
0.00220485
0.000731918
0.0051743
0.000755354
0.00391194
0.0252106
0.00625079
0.00307674
0.00160406
0.00380444
0.00151134
0.00815113
0.00882164
0.00288609
0.00810594
0.00820806
0.00295653
0.00190127
0.00134364
0.0157973
0.00411843
0.00196706
0.00272657
0.00243304
0.00135056
0.00931097
0.0263883
0.00161649
0.00244605
0.00296703
0.000797497
0.0110969
0.000761624
0.00136079
0.000636094
0.00116269
0.000429939
0.0161532
0.00541239
0.0009803
0.00461038
0.0053258
0.0211199
0.0024574
0.00151142
0.00265744
0.00185346
0.0043182
0.00235708
0.00446177
0.00127386
0.00935497
0.000534863
0.0019885
0.00191364
0.00204632
0.00205011
0.00882451
0.00507821
0.00245301
0.00490614
0.00136359
0.00238794
0.00385041
0.00133611
0.000867001
0.00164003
0.00046213
0.00084113
0.00226297
0.00134399
0.00559742
0.00216974
0.00114162
0.00622753
0.00401519
0.00409459
0.00494421
0.00721
0.0076105
0.00327075
0.00168124
0.00213731
0.00385166
0.000907312
0.00197604
0.000480347
0.00172645
0.0113849
0.00703696
0.00281039
0.000941405
0.00889269
0.00101554
0.00226846
0.00242835
0.00144725
0.00178056
0.00209877
0.00210266
0.00804107
0.00398077
0.00191471
0.0182384
0.00239847
0.00279884
0.0067039
0.00151308
0.00419486
0.00182941
0.0021632
0.00207952
0.00259452
0.00325322
0.00417358
0.00203781
0.0084825
0.00341632
0.00296756
0.00298024
0.00409343
0.00755461
0.00160567
0.00344023
0.00417977
0.0161807
0.0109658
0.0151641
0.0107235
0.00883872
0.00404483
0.00322768
0.00056697
0.00161701
0.00259736
0.00571706
0.00246345
0.00212912
0.00129723
0.00876533
0.00242553
0.0040619
0.00349716
0.00392582
0.0114219
0.00682479
0.00167547
0.00273911
0.00814354
0.00134721
0.00159397
0.00157399
0.00265517
0.0225351
0.00245419
0.00220587
0.00203183
0.00258059
0.000375263
0.00474644
0.00253459
0.00408563
0.00292225
0.00695514
0.00165371
0.00696317
0.00477754
0.00435954
0.0101896
0.00367942
0.0062426
0.00201733
0.000422647
0.00213247
0.0106759
0.00324314
0.00340952
0.00161378
0.000395972
0.00744246
0.00089759
0.0154692
0.00156912
0.00544846
0.00861229
0.00152801
0.0131876
0.00150888
0.00323781
0.00387639
0.0021934
0.00681167
0.00753416
0.00307906
0.0210495
0.0068566
0.0130644
0.00346169
0.00328767
0.0012113
0.00384372
0.00151439
0.00409888
0.00774506
0.00405144
0.00478523
0.0133555
0.00117877
0.00103252
0.00221378
0.00133334
0.00212011
0.0206474
0.0103579
0.00770982
0.00200577
0.00682723
0.0193752
0.00297144
0.00448552
0.00227003
0.00772903
0.00300113
0.0118856
0.00121798
0.00443632
0.00168196
0.0093246
0.00258763
0.00392615
0.00529183
0.0082955
0.00236391
0.00103215
0.0033652
0.0022916
0.000278223
0.00235702
0.00568305
0.00492852
0.00173851
0.00171173
0.000797334
0.0029336
0.0029485
0.000529679
0.0117799
0.000602313
0.0020408
0.00593292
0.00930536
0.00105793
0.00412765
0.00299628
0.00181413
0.00676271
0.00465855
0.000830139
0.00201075
0.00162907
0.00174878
0.00566354
0.00117123
0.00349964
0.00223676
0.000759336
0.000775699
0.00971854
0.00310232
0.0198785
0.00127207
0.0196243
0.00323446
0.00316336
0.0103175
0.00296
0.00659471
0.00313502
0.0132752
0.0110889
0.00182615
0.000594255
0.00369371
0.00136086
0.00239396
0.00098846
0.00813907
0.00288702
0.0164273
0.00540509
0.00381102
0.0106605
0.00191446
0.00022618
0.00271098
0.00935438
0.00236246
0.00532924
0.00196966
0.00676106
0.00224202
0.0127429
0.00478528
0.00581465
0.00213137
0.0122709
0.002074
0.00236141
0.00237355
0.0024763
0.00778087
0.0059208
0.0130544
0.00718873
0.00225212
0.00129039
0.00239209
0.000888218
0.00179325
0.00155569
0.00521491
0.00261499
0.0059348
0.00870892
0.00570401
0.00290113
0.00722061
0.00463671
0.00311314
0.00774157
0.00185833
0.00280592
0.00397486
0.00250642
0.00381872
0.0021566
0.0133913
0.00529609
0.00602442
0.00265597
0.000615296
0.00308546
0.00877615
0.00158753
0.00118963
0.00875861
0.00952971
0.00284312
0.00126665
0.00352146
0.000785204
0.00119743
0.0100506
0.00191962
0.00122319
0.00260235
0.00744493
0.0015016
0.00251623
0.00496572
0.00104664
0.0026779
0.000977959
0.00249626
0.00136051
0.0015951
0.00146555
0.00523395
0.00352878
0.00113992
0.00159745
0.00302175
0.00218086
0.00670898
0.0102996
0.00165264
0.00358887
0.000723153
0.00429428
0.00221475
0.00701258
0.00204997
0.00460945
0.00119697
0.000814082
0.00248109
0.0138225
0.00587406
0.00143885
0.00284789
0.00427774
0.00265304
0.00323893
0.00881177
0.00328907
0.00139829
0.00147515
0.00129043
0.00163473
0.0014689
0.00503774
0.00142459
0.00386274
0.00141906
0.00443005
0.00289647
0.00155023
0.00277836
0.00297527
0.00349063
0.00514496
0.00286322
0.00208247
0.00724228
0.00303899
0.00819257
0.00389017
0.0113754
0.00187396
0.00412344
0.00204037
0.00209498
0.0100884
0.0062898
0.00180218
0.002165
0.00133243
0.00281499
0.00163044
0.00131167
0.00405783
0.00182407
0.00408008
0.00202368
0.00427056
0.00380089
0.00836673
0.0124313
0.00724663
0.00294761
0.00593911
0.00816398
0.00219526
0.00140273
0.00267159
0.012683
0.00412003
0.00328007
0.00337879
0.00563276
0.00306007
0.00629121
0.00332271
0.00094254
0.00720755
0.00124899
0.00352714
0.00262925
0.0033674
0.00447015
0.0044315
0.00288752
0.0049444
0.00698214
0.00788043
0.00632071
0.00273908
0.00543919
0.00809328
0.000589735
0.00439434
0.00480241
0.00245526
0.00139555
0.00236433
0.00610691
0.00212278
0.0013509
0.00498211
0.00310377
0.00135551
0.00527341
0.00190814
0.00237494
0.00560846
0.00334143
0.00159778
0.000873725
0.00267953
0.00213188
0.00497409
0.010847
0.00361715
0.00259318
0.00262928
0.0031144
0.00149428
0.00119744
0.0114435
0.00297053
0.00231317
0.00553843
0.0133854
0.00124089
0.00325583
0.00758406
0.00198705
0.0208625
0.005933
0.00252579
0.0103788
0.01206
0.0016036
0.000973722
0.00256357
0.00213278
0.00278717
0.00207286
0.00360019
0.00181698
0.00214111
0.00303742
0.00252214
0.00319066
0.00849334
0.0112202
0.0119634
0.00213939
0.00400302
0.00187009
0.0039841
0.00296297
0.00337624
0.00381076
0.00279734
0.00555708
0.00468584
0.000719573
0.00979706
0.00149573
0.00296855
0.00283517
0.00160716
0.0129569
0.00286568
0.00469814
0.0020797
0.00100804
0.00204224
0.0084628
0.00204457
0.00886977
0.0015931
0.0151681
0.00267867
0.00208829
0.00473953
0.00367827
0.00154879
0.0226459
0.00528264
0.00315325
0.00732187
0.00691414
0.00156462
0.00109262
0.00133361
0.00643574
0.00317106
0.00457213
0.00313314
0.0031638
0.00235353
0.00270692
0.00613691
0.00884892
0.0126112
0.0133684
0.0103895
0.0043918
0.000892413
0.00298741
0.002277
0.0106731
0.00481019
0.00149547
0.00516265
0.00199304
0.00253668
0.00244641
0.00163262
0.00345443
0.00294024
0.00936121
0.00122068
0.000870463
0.0212343
0.00333171
0.00403308
0.0108872
0.0046951
0.00204249
0.000163164
0.0025218
0.00228174
0.00766937
0.00202816
0.00189595
0.00291178
0.00284238
0.00505777
