0.148063
0.106228
0.0647324
0.101401
0.0895732
0.100479
0.0401584
0.123363
0.112643
0.0582889
0.129693
0.117662
0.117518
0.0855136
0.0681478
0.0585589
0.213769
0.0992111
0.0590531
0.150604
0.0974304
0.207089
0.0769185
0.0892103
0.161604
0.073916
0.135152
0.053896
0.0855225
0.174554
0.159692
0.0755337
0.213903
0.0959697
0.0341817
0.0890581
0.0738388
0.156628
0.0815398
0.0883648
0.0498966
0.0279885
0.0738485
0.113224
0.0489215
0.0622759
0.117429
0.109569
0.077406
0.0940563
0.0829001
0.132981
0.0808034
0.12525
0.040364
0.0737088
0.0902619
0.305178
0.0498512
0.0574977
0.084117
0.0609603
0.0580833
0.0900411
0.0218734
0.0421186
0.0294656
0.0717867
0.060724
0.191752
0.0908351
0.0655031
0.0589598
0.165629
0.0454982
0.167337
0.0602445
0.102683
0.0466177
0.0985838
0.0515901
0.12255
0.0761133
0.0968311
0.118728
0.297669
0.116909
0.0363337
0.329478
0.0837728
0.108471
0.0908898
0.0323899
0.0215835
0.0493271
0.110706
0.0616205
0.111764
0.0371375
0.0604995
0.0732463
0.166482
0.0552543
0.17211
0.0918223
0.0928619
0.138724
0.107196
0.189155
0.0843431
0.102599
0.0751139
0.124216
0.0563264
0.126812
0.111661
0.134154
0.0708699
0.0720147
0.0794797
0.0778198
0.0575339
0.0796621
0.0787635
0.158712
0.103549
0.061121
0.0673261
0.228265
0.0397204
0.0589562
0.0444978
0.18303
0.0706546
0.0760869
0.0992724
0.0742372
0.0628929
0.231798
0.368127
0.0905849
0.0962377
0.0904698
0.0393755
0.0405349
0.0536618
0.0816938
0.140751
0.0237361
0.0732253
0.146271
0.0767565
0.0847536
0.0700039
0.0732445
0.0793956
0.104058
0.102858
0.078917
0.0465144
0.0387839
0.101586
0.0804068
0.0746238
0.094285
0.0930889
0.0429364
0.219085
0.174261
0.0714165
0.174334
0.101287
0.122523
0.0199538
0.0889734
0.0615586
0.14264
0.0647836
0.0693594
0.0694322
0.0831815
0.165051
0.053164
0.0965997
0.0338544
0.106578
0.0483015
0.0960959
0.195324
0.171493
0.0395514
0.108497
0.0345251
0.0696791
0.0722889
0.0670627
0.0591357
0.0705392
0.122125
0.0400367
0.128968
0.0552532
0.0907362
0.0549762
0.0483407
0.0376247
0.0817505
0.086143
0.0326934
0.11296
0.0453345
0.085599
0.103419
0.0631465
0.224671
0.18169
0.0939369
0.102629
0.1116
0.0482223
0.129793
0.0434142
0.1555
0.0801818
0.0292954
0.0707216
0.130095
0.0267895
0.064009
0.044261
0.184978
0.0561503
0.0739381
0.149162
0.0942154
0.0493631
0.0814935
0.0514659
0.195097
0.0562016
0.0658449
0.259519
0.0592231
0.106578
0.123381
0.0454937
0.0822811
0.0824478
0.135956
0.115377
0.0636089
0.0984752
0.0694492
0.170563
0.112974
0.0605228
0.0623917
0.093187
0.0865971
0.154251
0.0989678
0.0629062
0.0553982
0.0527404
0.043527
0.0650676
0.112811
0.102966
0.0809747
0.054138
0.209976
0.0937578
0.0852296
0.0380812
0.16858
0.0929766
0.055697
0.230572
0.0518005
0.06424
0.0256303
0.089922
0.080103
0.0906762
0.0568147
0.171338
0.0399752
0.0758395
0.104232
0.095517
0.189769
0.0878046
0.145388
0.0913047
0.119889
0.0866843
0.0548699
0.0547454
0.120946
0.0417375
0.0328865
0.0615301
0.117309
0.14223
0.0557685
0.0467783
0.0772368
0.146999
0.0550673
0.116355
0.176566
0.0499572
0.0938891
0.0789314
0.0517308
0.0820119
0.167532
0.0878417
0.145235
0.0714249
0.0545892
0.0460665
0.0492314
0.168168
0.211246
0.222536
0.0307414
0.0886563
0.0881248
0.109246
0.0810648
0.0711246
0.161719
0.0658618
0.0845406
0.0791196
0.0676073
0.0717611
0.107193
0.103479
0.101123
0.273639
0.0220918
0.0617753
0.039077
0.0747407
0.0571395
0.172018
0.0498176
0.048306
0.0156223
0.0513638
0.170362
0.0364361
0.0820007
0.0226245
0.192599
0.14926
0.0438031
0.182956
0.129446
0.102149
0.126047
0.0827056
0.055207
0.0831451
0.0883866
0.0580922
0.170392
0.261824
0.0671264
0.104487
0.0565445
0.152334
0.051266
0.0894454
0.143417
0.0850403
0.0531439
0.126037
0.0416075
0.0911968
0.0676489
0.12265
0.1607
0.0850738
0.0769687
0.0941116
0.197179
0.0756476
0.0626868
0.158909
0.0289746
0.0579758
0.0954954
0.208348
0.0977317
0.0969294
0.105248
0.113356
0.0326899
0.100669
0.0670386
0.0373259
0.0569561
0.053223
0.0629464
0.262908
0.130062
0.111574
0.0577065
0.0979517
0.229271
0.059008
0.083025
0.0686374
0.0817433
0.11665
0.103397
0.0708511
0.0756443
0.0901058
0.0992828
0.0931923
0.076496
0.0503834
0.0297953
0.131845
0.0695452
0.0454664
0.0749174
0.0683874
0.0644723
0.0498413
0.0527103
0.0193029
0.0806102
0.0899424
0.0564535
0.0882352
0.0538678
0.138824
0.0822307
0.0493123
0.0371942
0.0417588
0.0487264
0.0247203
0.142009
0.0924132
0.0723506
0.0952461
0.0470955
0.0873892
0.181247
0.0785083
0.0944258
0.150085
0.0568957
0.0838381
0.0488112
0.0713299
0.0809264
0.0432658
0.272399
0.100184
0.0425148
0.0317307
0.107683
0.0894806
0.202711
0.0275561
0.0907968
0.0990776
0.0609761
0.119014
0.063621
0.119658
0.0846802
0.0498104
0.115454
0.0384229
0.0699023
0.0265143
0.0604899
0.0945709
0.0888485
0.0474746
0.0699719
0.0608737
0.0848115
0.106741
0.0408355
0.077213
0.0696861
0.0611675
0.100435
0.141863
0.139316
0.0484413
0.0662775
0.113634
0.120274
0.0727611
0.116858
0.0962293
0.0808024
0.0733294
0.0501301
0.100686
0.122453
0.0743762
0.114028
0.107788
0.0651482
0.0345055
0.0599946
0.140103
0.0593779
0.0387406
0.0922666
0.0950564
0.136965
0.0949013
0.0996456
0.100559
0.0567256
0.054289
0.0542081
0.0644859
0.104759
0.105368
0.195265
0.0619273
0.0414491
0.113808
0.0684748
0.0395025
0.0653633
0.144257
0.048306
0.0356181
0.0725214
0.0852728
0.0853084
0.121759
0.0244384
0.260535
0.0581469
0.041152
0.130641
0.0437562
0.0620703
0.0902539
0.114951
0.0445137
0.0791567
0.057369
0.151603
0.0469173
0.146963
0.0344955
0.094901
0.125857
0.0501571
0.0933036
0.100964
0.135022
0.0640224
0.0707856
0.0780608
0.0389876
0.050634
0.205093
0.00968194
0.15899
0.0826164
0.0669678
0.131872
0.0536053
0.0510001
0.233654
0.138957
0.0492206
0.139777
0.108976
0.160645
0.0518498
0.109497
0.0583483
0.076868
0.0664328
0.139898
0.0943002
0.0546306
0.132821
0.0226692
0.0630012
0.025854
0.0298421
0.15281
0.154036
0.0473224
0.0738555
0.0496759
0.120712
0.112916
0.0784194
0.0664474
0.133148
0.0863695
0.158139
0.0814205
0.10311
0.084664
0.0631024
0.0609692
0.0734253
0.0458024
0.071583
0.348594
0.0756763
0.0460278
0.135162
0.0995488
0.104657
0.0574529
0.0400309
0.0651511
0.0973715
0.0951631
0.10905
0.0555011
0.0644707
0.0492368
0.0970386
0.0844316
0.126334
0.191364
0.0822054
0.0804849
0.0219194
0.10626
0.0562812
0.0457702
0.0979904
0.0305139
0.131619
0.0861259
0.0692418
0.108748
0.0653748
0.147334
0.185502
0.09585
0.0779508
0.217867
0.0644822
0.0676065
0.10526
0.0865318
0.0514555
0.263357
0.126989
0.0838359
0.200043
0.120558
0.0589358
0.0891197
0.0536685
0.0995714
0.13111
0.0744915
0.0347668
0.0836404
0.139957
0.138028
0.0453257
0.120634
0.0478396
0.0506674
0.11163
0.0643416
0.249517
0.102016
0.0744659
0.118942
0.0158599
0.115015
0.0632893
0.0436418
0.188802
0.0658365
0.0864701
0.0634424
0.0272282
0.0596003
0.0448353
0.105983
0.130786
0.0441696
0.111524
0.0801758
0.0763381
0.0508364
0.0246894
0.117624
0.0657491
0.0900609
0.164009
0.160523
0.131737
0.0975715
0.0477933
0.0313827
0.14855
0.0880872
0.0516267
0.0620169
0.23381
0.0733111
0.0548975
0.0457565
0.0701352
0.077716
0.224716
0.183078
0.0385861
0.032761
0.046907
0.0992161
0.0660539
0.166071
0.0506843
0.12849
0.0661753
0.0927349
0.118298
0.0580175
0.0476636
0.104238
0.268199
0.0565685
0.174777
0.115898
0.0429032
0.0909608
0.106867
0.0378301
0.0370857
0.0753299
0.142154
0.161686
0.200533
0.0658383
0.0829634
0.136043
0.0675299
0.089089
0.0631506
0.0735186
0.0400101
0.11913
0.0645817
0.0604646
0.11767
0.0779938
0.130165
0.0807976
0.0820263
0.054383
0.112289
0.170911
0.0672841
0.134298
0.0425234
0.122538
0.267133
0.130825
0.0568201
0.0348009
0.0490936
0.0703674
0.448612
0.048015
0.0530125
0.111292
0.0497692
0.24272
0.10521
0.0674978
0.0567105
0.0468155
0.069053
0.0467031
0.174768
0.156083
0.0277517
0.141794
0.245472
0.141965
0.100483
0.0413249
0.482287
0.0910904
0.243301
0.0961181
0.0737857
0.119438
0.0852277
0.15623
0.0459055
0.0360958
0.0711421
0.0944891
0.070944
0.0598216
0.0834073
0.0817746
0.0535925
0.223638
0.143064
0.107966
0.049455
0.0881537
0.0504621
0.169831
0.0808354
0.0631249
0.04953
0.0724818
0.289356
0.0262488
0.0337577
0.0901182
0.0600115
0.0444145
0.0549385
0.0375401
0.0530187
0.0789476
0.0942823
0.068758
0.117964
0.0308898
0.0653011
0.0948691
0.0817168
0.277279
0.140361
0.0836175
0.0673417
0.0525445
0.105862
0.086421
0.119182
0.0727777
0.159301
0.159709
0.0619924
0.113487
0.0940909
0.0708048
0.0320597
0.0607472
0.0446897
0.18811
0.0483111
0.0413946
0.187691
0.0957838
0.102701
0.135616
0.111472
0.208815
0.14942
0.0291594
0.0980632
0.067325
0.161478
0.1278
0.212696
0.0683411
0.0872856
0.0673649
0.0703712
0.208117
0.0891723
0.151746
0.0935812
0.099031
0.0348796
0.0849295
0.0710844
0.0266061
0.0542304
0.073619
0.0400633
0.0502888
0.150692
0.200651
0.084692
0.0453595
0.234647
0.234652
0.0177801
0.0576713
0.0998822
0.0857327
0.142256
0.0758848
0.144047
0.0761392
0.0416023
0.101961
0.0340582
0.273916
0.0519779
0.152619
0.104656
0.0884748
0.0393593
0.0545373
0.0821158
0.0386343
0.0967612
0.113231
0.0470289
0.174627
0.0970909
0.0789252
0.0976778
0.107685
0.0609182
0.153809
0.0728227
0.0164317
0.0652786
0.134548
0.129466
0.123903
0.0659229
0.0704184
0.0359279
0.0979429
0.0548828
0.0727971
0.032639
0.150867
0.0790462
0.161024
0.0785331
0.0595749
0.0234098
0.0609904
0.0799427
0.0643141
0.165756
0.0477784
0.166395
0.0983229
0.0601118
0.0846429
0.0223125
0.235949
0.170974
0.089447
0.0941775
0.140198
0.0320021
0.0551616
0.169481
0.0395487
0.0509885
0.117682
0.101762
0.0410354
0.104013
0.0435672
0.072328
0.0224783
0.0894529
0.106759
0.0821289
0.0666101
0.107217
0.122476
0.079669
0.0370291
0.103077
0.134386
0.0521055
0.0638286
0.155345
0.133375
0.239633
0.338315
0.0277254
0.118056
0.059969
0.0476119
0.157226
0.171833
0.113859
0.0791755
0.0345105
0.153718
0.0987592
0.107907
0.0678837
0.0905025
0.0828384
0.308303
0.0354232
0.0793717
0.0688009
0.148098
0.296237
0.0879638
0.129703
0.0312195
0.032282
0.0344178
0.134596
0.0873631
0.14977
0.0741929
0.116518
0.0585287
0.0938752
0.188504
0.359203
0.134308
0.0978388
0.0518664
0.123491
0.0656851
0.0286878
0.116736
0.0924818
0.0963312
0.128645
0.0472423
0.151111
0.0557429
0.139563
0.113346
0.034401
0.0686683
0.165737
0.0852283
0.0785588
0.0377245
0.14765
0.195112
0.0621278
0.0982484
0.0561897
0.0938913
0.12254
0.111072
0.059401
0.273895
0.0775016
0.13638
0.0732586
0.0465819
0.13233
0.0753831
0.0979632
0.037413
0.0606334
0.10109
0.112084
0.102169
0.0778206
0.104447
0.123913
0.117443
0.2048
0.0231373
0.0629516
0.0478189
0.0715553
0.0764662
0.0635398
0.144213
0.154521
0.117754
0.090139
0.139659
0.0353744
0.119442
0.136513
0.0918881
0.162682
0.108496
0.128858
0.0525835
0.0951828
0.0637666
0.034915
0.088474
0.143791
0.095137
0.0666877
0.0748192
0.0452155
0.0436873
0.0649149
0.0635581
0.104655
0.0963728
0.0791723
0.108401
0.0974595
0.037289
0.038242
0.025205
0.0472656
0.109204
0.055835
0.0959093
0.126456
0.068132
0.0827963
0.0242066
0.030582
0.0984283
0.0953495
0.104559
0.0901705
0.0445924
0.172361
0.0357447
0.0589223
0.0729958
0.116228
0.0687193
0.132647
0.0723683
0.0765194
0.0499302
0.415543
0.0892548
0.0428319
0.0349399
0.0428308
0.133046
0.143688
0.02927
0.136404
0.0918172
0.11838
0.180576
0.0740667
0.0846543
0.0261613
0.0403807
0.239871
0.060227
0.0260813
0.0861508
0.0498901
0.0808689
0.211781
0.107315
0.0603036
0.127574
0.0793768
0.0522733
0.136192
0.0804155
0.0775065
0.0376835
0.0568699
0.0538566
0.0572111
0.0819425
0.0463081
0.074533
0.0891086
0.0378982
0.0260913
0.153705
0.0378284
0.0757785
0.0545618
0.0274899
0.121279
0.0345369
0.120611
0.162563
0.0420849
0.0622829
0.0446775
0.171621
0.0240051
0.11758
0.0529376
0.0283917
0.12688
0.0654274
0.0663994
0.12893
0.065304
0.0698361
0.0450748
0.150602
0.0930904
0.0558906
0.180758
0.0945566
0.0641655
0.12842
0.0974279
0.0672278
0.24379
0.0504888
0.177255
0.16502
0.0420774
0.0996863
0.0363351
0.0777695
0.251919
0.035466
0.0701584
0.0655056
0.066664
0.106492
0.082376
0.0184893
0.0359954
0.147872
0.117669
0.0837727
0.0628431
0.0803964
0.104974
0.0720684
0.102797
0.0224975
0.077609
0.149716
0.0645919
0.0761005
0.20473
0.065667
0.147849
0.0734099
0.0789404
0.172239
0.0801086
0.0821023
0.0375894
0.0691467
0.0171617
0.0968747
0.0983615
0.0587589
0.0232895
0.0801131
0.362262
0.0273649
0.0334531
0.106111
0.156543
0.0158671
0.178562
0.0841054
0.122759
0.0720495
0.0888739
0.133898
0.072049
0.193513
0.0884675
0.158916
0.0430959
0.0872834
0.0508399
0.111917
0.0495968
0.0457935
0.128814
0.077151
0.137241
0.197618
0.141149
0.107035
0.139289
0.0269036
0.299881
0.0922688
0.0411639
0.125474
0.0569245
0.0818986
0.0439272
0.0288379
0.0248789
0.0679727
0.0915596
0.146258
0.159986
0.0547438
0.330897
0.106208
0.0320411
0.095875
0.144142
0.0992021
0.0966254
0.0829707
0.0815546
0.0475224
0.0226953
0.0263876
0.0142324
0.052227
0.0306198
0.0622006
0.0975399
0.0791162
0.0288735
0.0569469
0.0944458
0.0432429
0.0538742
0.0438772
0.103592
0.178977
0.064321
0.0982162
0.0667124
0.079543
0.0451553
0.121362
0.0857984
0.0526824
0.074435
0.128087
0.0278964
0.0727906
0.0768568
0.1562
0.0478426
0.0497364
0.0980648
0.0357824
0.166561
0.0753277
0.102836
0.0553508
0.0568285
0.438497
0.312627
0.0652029
0.067697
0.0248371
0.0256574
0.0222155
0.230838
0.057909
0.096447
0.12563
0.0483045
0.0872146
0.125596
0.100051
0.0549394
0.0696931
0.0587603
0.0479289
0.0575829
0.118434
0.0836268
0.0569995
0.0491969
0.0597642
0.0906069
0.0536191
0.489084
0.103181
0.103577
0.112541
0.160053
0.101354
0.0542715
0.177821
0.0748178
0.180521
0.0936318
0.138243
0.124607
0.082888
0.085737
0.170919
0.110654
0.0820107
0.0519413
0.0896552
0.124221
0.107957
0.128556
0.0364155
0.0264677
0.0774854
0.152193
0.0805892
0.0391817
0.264829
0.24069
0.0594263
0.167217
0.032353
0.03391
0.104949
0.0423084
0.062861
0.0509761
0.0764747
0.194934
0.101337
0.288699
0.0917874
0.103899
0.0510361
0.0554453
0.0619327
0.0386456
0.127509
0.0837189
0.0543098
0.0785209
0.105267
0.0534033
0.0979559
0.129554
0.0910288
0.0670032
0.0925413
0.0502113
0.0880796
0.0731297
0.0654415
0.292158
0.0895481
0.0615154
0.105289
0.056185
0.0177758
0.052275
0.130116
0.106606
0.0548405
0.0248524
0.182957
0.19086
0.0489644
0.141713
0.0688195
0.0660501
0.10419
0.0493807
0.0651318
0.0677305
0.139389
0.0564031
0.0641231
0.109925
0.0472567
0.136095
0.119121
0.098148
0.077631
0.166287
0.20315
0.0444056
0.0464198
0.0866734
0.0840856
0.0697594
0.154538
0.222385
0.055387
0.0813318
0.0920455
0.121047
0.0472016
0.107203
0.110835
0.124772
0.0500362
0.00779745
0.20055
0.190156
0.114183
0.100753
0.192375
0.057097
0.0334766
0.0851931
0.119172
0.115503
0.0611742
0.071181
0.0734206
0.0783228
0.053882
0.0714377
0.0627837
0.0750771
0.103553
0.166246
0.0482191
0.163168
0.108327
0.203016
0.0389167
0.133021
0.0930632
0.0882632
0.0904343
0.159977
0.0993763
0.0820565
0.0910737
0.0564141
0.139016
0.0317362
0.0838156
0.0655502
0.10575
0.0944587
0.0755231
0.128796
0.141623
0.0366549
0.0407805
0.117718
0.13399
0.0544165
0.404291
0.125937
0.0542508
0.107464
0.0765747
0.0678018
0.063465
0.118856
0.0547265
0.103953
0.411344
0.0629821
0.10076
0.0934935
0.0855373
0.1243
0.0385086
0.0570732
0.093624
0.180385
0.0984803
0.0787539
0.151092
0.20091
0.107125
0.101034
0.0968164
0.117195
0.023289
0.123824
0.0836214
0.0766423
0.226927
0.0759398
0.0228594
0.0870665
0.0965043
0.0673665
0.0498652
0.0126418
0.0624999
0.0942078
0.0704745
0.0668677
0.217291
0.0697049
0.103594
0.0541286
0.133946
0.129198
0.0814748
0.144458
0.0496858
0.104897
0.104306
0.129885
0.0891936
0.0818056
0.0271603
0.0524333
0.0889552
0.0252475
0.0812295
0.089126
0.0810048
0.067536
0.106606
0.140772
0.0171911
0.0555138
0.161828
0.0795897
0.0355132
0.0574114
0.0410753
0.121479
0.0379678
0.14153
0.074453
0.0406915
0.0956421
0.0303715
0.112172
0.046006
0.141401
0.0575619
0.0565157
0.0626133
0.041522
0.10863
0.0829584
0.0576657
0.0423065
0.0548915
0.123947
0.0451259
0.146957
0.0299112
0.0513661
0.12169
0.105765
0.046039
0.077344
0.0913026
0.108418
0.182372
0.0145979
0.0536575
0.15755
0.0982887
0.0657615
0.130929
0.106037
0.173362
0.0223091
0.109011
0.105084
0.100605
0.0330002
0.0969637
0.0893579
0.0871771
0.091953
0.0562561
0.0701658
0.063919
0.10758
0.0881664
0.0951308
0.0712233
0.0782588
0.0661756
0.0508847
0.0843694
0.0808201
0.042462
0.156975
0.0871166
0.0385331
0.0809852
0.108957
0.0521098
0.0656522
0.0404428
0.0470092
0.024715
0.051516
0.098192
0.0616454
0.0664825
0.109088
0.143428
0.0896305
0.0985588
0.0846678
0.21631
0.104212
0.0599649
0.0360551
0.146074
0.0289903
0.118909
0.0558686
0.063883
0.0877671
0.0331942
0.0384967
0.128149
0.0856309
0.0853571
0.0720504
0.094169
0.0990487
0.0895206
0.163646
0.0936702
0.082485
0.0980276
0.116727
0.0625766
0.044988
0.0678411
0.0621266
0.0951643
0.0895529
0.0516737
0.139382
0.153952
0.126399
0.144234
0.0980411
0.0419686
0.196215
0.0607305
0.0985993
0.0700096
0.148622
0.193791
0.0379948
0.070284
0.0833709
0.111954
0.117073
0.0725303
0.0504998
0.0744388
0.202278
0.146268
0.0919597
0.138816
0.0598092
0.200941
0.080023
0.0869291
0.0405426
0.124446
0.195087
0.0968421
0.0525015
0.204892
0.0906294
0.0384169
0.0320909
0.194379
0.088956
0.0735267
0.0656909
0.0644867
0.0607715
0.172727
0.107297
0.0531364
0.136852
0.0439777
0.156024
0.0774045
0.0971976
0.100429
0.0509936
0.155375
0.029745
0.0478367
0.13822
0.136449
0.0769168
0.0775359
0.0783123
0.169281
0.053333
0.100912
0.113665
0.122741
0.0360371
0.0777559
0.0939374
0.0714592
0.0537259
0.0446931
0.139078
0.0670042
0.0716192
0.102142
0.0914078
0.050557
0.063368
0.125303
0.116402
0.0926306
0.0770327
0.0483552
0.108151
0.127035
0.0428723
0.0498798
0.0709904
0.110161
0.0636217
0.0823089
0.060127
0.202846
0.0821362
0.0943459
0.0881893
0.0956605
0.0440216
0.0678167
0.139083
0.115428
0.0325685
0.12949
0.0700737
0.0850128
0.135203
0.0792735
0.059688
0.0713267
0.0443084
0.0919823
0.101493
0.0479313
0.0585765
0.0951321
0.0622784
0.0497144
0.123952
0.0655304
0.142487
0.102739
0.0384118
0.0432895
0.0436338
0.0560583
0.143883
0.0810961
0.0973995
0.0469028
0.0689489
0.0923277
0.14972
0.0316429
0.15204
0.0681075
0.0394478
0.0754069
0.122199
0.0706706
0.0449461
0.0468359
0.094482
0.116101
0.0442263
0.0354894
0.085087
0.152707
0.125895
0.0517221
0.111415
0.113319
0.0815545
0.0787917
0.0665751
0.213573
0.198197
0.105869
0.0503048
0.117424
0.0644192
0.0937505
0.0551478
0.0671162
0.0515272
0.0786281
0.0672744
0.0699781
0.0410762
0.055882
0.139053
0.0778085
0.0894382
0.0422089
0.0833257
0.109898
0.168983
0.124121
0.0683819
0.111897
0.180587
0.14026
0.264983
0.0945673
0.0742643
0.0887343
0.138607
0.0726366
0.200439
0.0255643
0.093883
0.0780661
0.12791
0.0650087
0.148428
0.075957
0.0701969
0.0469687
0.0843053
0.0814114
0.106852
0.0678705
0.253855
0.0759516
0.0958912
0.074965
0.0558804
0.0513
0.18048
0.106227
0.0588206
0.0592889
0.0886689
0.102781
0.133962
0.0559068
0.093394
0.0916794
0.0556014
0.0364289
0.0695819
0.208194
0.0627166
0.0515835
0.117766
0.115691
0.0880589
0.0812639
0.0580617
0.0900803
0.0816067
0.0933852
0.142185
0.0250966
0.0828777
0.0516282
0.0440509
0.0339107
0.0501674
0.117254
0.103133
0.109147
0.0816495
0.0343491
0.0931419
0.122899
0.016586
0.0816023
0.08551
0.0498845
0.0606894
0.0858598
0.066866
0.0188374
0.0495692
0.231292
0.121389
0.0899081
0.0561391
0.109342
0.105565
0.0675727
0.0721683
0.0698103
0.15873
0.108388
0.120766
0.0649819
0.093994
0.0440632
0.045394
0.0226423
0.113587
0.104235
0.135691
0.103628
0.0320342
0.0614133
0.125027
0.0478156
0.118766
0.087394
0.0685054
0.0726333
0.0729334
0.108563
0.115829
0.238686
0.0935931
0.105008
0.0252243
0.1673
0.130799
0.0890964
0.0722589
0.0767528
0.146897
0.100554
0.088243
0.0834253
0.122018
0.0510415
0.108881
0.0883477
0.0392979
0.0685312
0.117146
0.0887027
0.0886362
0.0333214
0.0881595
0.0999451
0.0846441
0.0358262
0.0734968
0.054335
0.0968662
0.0585631
0.0470626
0.0905475
0.0414194
0.114022
0.347156
0.0423145
0.0494104
0.0495044
0.193296
0.0980179
0.0612089
0.0977571
0.167629
0.0653617
0.124645
0.0362136
0.115112
0.140487
0.126008
0.0518418
0.0819171
0.120267
0.165939
0.101528
0.0487075
0.0424202
0.10303
0.0953655
0.0730749
0.0763077
0.097019
0.0574767
0.0367998
0.123343
0.0792905
0.0761741
0.0676804
0.135777
0.122104
0.121504
0.0247292
0.0595846
0.023812
0.0871916
0.0287187
0.106207
0.120811
0.174043
0.0990273
0.07463
0.0634271
0.179739
0.0396982
0.09964
0.119145
0.230758
0.0714755
0.0698482
0.0301363
0.0921232
0.0210891
0.0451524
0.228749
0.0973296
0.101485
0.108085
0.145217
0.11195
0.144592
0.052599
0.0776482
0.279455
0.0397261
0.119283
0.0260141
0.143881
0.0607249
0.0679407
0.287993
0.0419838
0.0518847
0.111259
0.122968
0.0964469
0.10823
0.123576
0.0575814
0.187653
0.340977
0.0958172
0.102579
0.0359883
0.0414976
0.138318
0.096262
0.0559573
0.0886887
0.215418
0.101504
0.0707931
0.127676
0.225574
0.172821
0.0185802
0.11506
0.217975
0.0568966
0.0684378
0.192034
0.0652151
0.078972
0.0370981
0.0512449
0.0749772
0.071174
0.0398536
0.0616093
0.0706948
0.0596294
0.176268
0.0887157
0.0795321
0.0712297
0.088103
0.0282601
0.118196
0.0251267
0.12765
0.0356391
0.0323745
0.0792382
0.0494331
0.0854598
0.0545894
0.0616151
0.172198
0.0487628
0.104606
0.076166
0.104632
0.0432157
0.088134
0.0988685
0.0499564
0.107079
0.0403637
0.064731
0.0753679
0.115947
0.0733474
0.0705678
0.0753776
0.232346
0.109746
0.0603038
0.0613081
0.027132
0.224116
0.0851202
0.0303626
0.0548777
0.0323833
0.0646086
0.0644284
0.174528
0.084985
0.0357504
0.0706377
0.0522166
0.0461377
0.14353
0.093136
0.12733
0.0624923
0.0707577
0.0538619
0.141057
0.0439169
0.0593696
0.0819154
0.0609876
0.0728728
0.0341809
0.0962023
0.0543332
0.125911
0.12339
0.116896
0.0712957
0.110989
0.0728661
0.146899
0.0591103
0.120316
0.0699654
0.101139
0.210771
0.0411794
0.113565
0.101479
0.19769
0.117088
0.0620587
0.060644
0.0662562
0.0585457
0.163338
0.0638559
0.0983935
0.0993873
0.0757397
0.0694911
0.0381286
0.0832724
0.130934
0.0527475
0.0569992
0.0352039
0.246222
0.0603325
0.0553393
0.11107
0.0906428
0.0876517
0.1306
0.0631865
0.0525227
0.0371945
0.0719344
0.122533
0.0840934
0.0309817
0.104731
0.0223638
0.214538
0.0633572
0.046705
0.140939
0.0659485
0.0577131
0.0865376
0.100776
0.0279442
0.106086
0.0568832
0.0875416
0.0727523
0.0270988
0.0796157
0.042349
0.0677256
0.0532673
0.0819162
0.0521447
0.0327295
0.0762345
0.112691
0.0757854
0.240451
0.0604175
0.138742
0.0545834
0.0674061
0.0419502
0.101318
0.0678485
0.0931309
0.0568856
0.110343
0.0958626
0.117668
0.112224
0.127727
0.0602326
0.115616
0.0538292
0.0449579
0.0356088
0.0778907
0.0947221
0.044607
0.0707276
0.0801467
0.197774
0.0584425
0.0761816
0.0485501
0.0731425
0.0480159
0.0650778
0.112401
0.0595361
0.0927914
0.0985124
0.0845763
0.0413988
0.116293
0.083403
0.115262
0.0740767
0.0384805
0.0895004
0.0968785
0.0580502
0.0408582
0.0934484
0.0364267
0.0825739
0.114711
0.0772524
0.108313
0.0714587
0.0810772
0.0686698
0.159687
0.115072
0.0597383
0.0303066
0.0455246
0.0951168
0.151334
0.0803378
0.138771
0.121616
0.0954377
0.0528889
0.0870497
0.148779
0.0512825
0.13744
0.0601619
0.0967225
0.132694
0.0766796
0.0517208
0.0389075
0.0465098
0.0608138
0.0469295
0.121739
0.096669
0.0696088
0.137764
0.0839929
0.0576706
0.0446118
0.125664
0.042447
0.107589
0.150227
0.212071
0.0582763
0.13891
0.0756344
0.0560496
0.140679
0.0812228
0.0603462
0.103747
0.142811
0.11058
0.0595329
0.128391
0.0704443
0.0637919
0.0353977
0.0793021
0.113271
0.0838101
0.0334407
0.082303
0.0564845
0.0469071
0.0946239
0.138232
0.220679
0.107007
0.20255
0.0798835
0.0462883
0.123416
0.0900728
0.0520936
0.0570014
0.0882726
0.0443585
0.0645103
0.120252
0.0650412
0.111079
0.115017
0.0123309
0.147794
0.0873007
0.0633561
0.0306839
0.0795153
0.0836952
0.0590791
0.0721986
0.0450174
0.0690436
0.0961726
0.0522838
0.0581117
0.10015
0.0444634
0.0796734
0.0701687
0.150266
0.275074
0.0637782
0.116382
0.067557
0.0429209
0.100048
0.10149
0.0460759
0.0862749
0.0503922
0.155881
0.10925
0.127756
0.0514948
0.0464089
0.066632
0.0746098
0.0341379
0.0651858
0.0883583
0.138518
0.0941592
0.089193
0.0427713
0.0565852
0.0636416
0.0872333
0.0517546
0.0994056
0.0566111
0.0961642
0.244621
0.112787
0.0547136
0.0777902
0.147307
0.152673
0.0783251
0.0609298
0.0747804
0.0996126
0.0852499
0.0507345
0.142003
0.0845401
0.0527476
0.121265
0.0708275
0.0726503
0.157542
0.0208874
0.0854977
0.0490046
0.0764013
0.14709
0.184519
0.0609272
0.0551737
0.0328836
0.14773
0.107374
0.0323609
0.0438192
0.0961432
0.0611895
0.0758768
0.0480658
0.120829
0.0813104
0.0826114
0.0322697
0.0683195
0.0784401
0.0645929
0.160187
0.103934
0.081182
0.0759296
0.0715124
0.0458983
0.0740873
0.122814
0.116827
0.10359
0.18098
0.0746127
0.0454753
0.0215332
0.0646913
0.125466
0.105787
0.0588868
0.0364795
0.0281375
0.107649
0.0887931
0.115853
0.0720769
0.0904922
0.0795399
0.0626469
0.0957625
0.084631
0.0869368
0.0448598
0.0847003
0.0827871
0.214188
0.0904245
0.098099
0.0801007
0.0550982
0.0786476
0.139272
0.08563
0.108781
0.0400891
0.0432408
0.0565498
0.126566
0.0559106
0.0630033
0.115565
0.158382
0.0525598
0.0391242
0.188149
0.0276898
0.0638469
0.13768
0.105128
0.0938986
0.0895856
0.112235
0.238305
0.151988
0.0639381
0.0634522
0.0616748
0.285775
0.123579
0.100748
0.114974
0.141668
0.110891
0.046687
0.0506789
0.127436
0.0296634
0.167322
0.0413035
0.0268295
0.070425
0.0584697
0.13898
0.180524
0.0328963
0.0673885
0.089473
0.107188
0.12068
0.141903
0.0811548
0.0522729
0.110167
0.173984
0.0406946
0.0235614
0.0451074
0.0844173
0.104751
0.206695
0.144609
0.0745691
0.0472798
0.0671702
0.0563355
0.0828266
0.0813892
0.0871049
0.0597911
0.0496064
0.0670646
0.107581
0.154478
0.0763479
0.0438107
0.0574018
0.0679266
0.162636
0.113648
0.0883687
0.092791
0.0689927
0.0585704
0.115031
0.0667433
0.260852
0.0648043
0.145352
0.0684937
0.0578911
0.0398587
0.0985358
0.043394
0.0655682
0.248829
0.099713
0.0784901
0.0361573
0.0608147
0.0757622
0.0437557
0.0703814
0.114452
0.0642651
0.140717
0.048664
0.0859717
0.162411
0.156845
0.127868
0.0758406
0.0336234
0.107723
0.162484
0.12796
0.0701347
0.0612947
0.0710685
0.0872509
0.0899434
0.0559782
0.235714
0.116048
0.0766066
0.0584752
0.0831642
0.110683
0.0752824
0.113578
0.0778756
0.0392189
0.0491492
0.116606
0.0921368
0.107998
0.0917669
0.0570518
0.0777572
0.140776
0.094437
0.045715
0.0826511
0.0711545
0.0630456
0.158569
0.107437
0.132305
0.113228
0.567373
0.0538738
0.169028
0.0870071
0.109412
0.039928
0.126305
0.0375106
0.0638415
0.051912
0.292619
0.0761502
0.111592
0.162265
0.0817216
0.0472055
0.125874
0.0549006
0.168707
0.0528029
0.0459439
0.185134
0.0324481
0.0620061
0.129716
0.119125
0.107637
0.100486
0.0839094
0.0542335
0.0888451
0.0437809
0.0511115
0.135884
0.11318
0.0491064
0.0332199
0.0916303
0.0838546
0.0228235
0.0555177
0.0158
0.0564433
0.171841
0.0311377
0.116914
0.223668
0.0493491
0.0375112
0.0615818
0.086081
0.0375747
0.132743
0.0721729
0.146059
0.0642758
0.0860769
0.0996564
0.0270044
0.102291
0.0677347
0.0754235
0.108597
0.15378
0.035947
0.0319091
0.0850829
0.0573891
0.0551525
0.139437
0.0900822
0.0735503
0.0501388
0.0662251
0.0314535
0.0759233
0.110653
0.0536023
0.0878906
0.070219
0.11262
0.100769
0.0520289
0.15315
0.0614216
0.0714065
0.0570236
0.0887033
0.0496118
0.0597956
0.0948624
0.117001
0.0485572
0.0639074
0.0930151
0.12428
0.0460134
0.102692
0.0561624
0.182732
0.0581566
0.0562492
0.0629621
0.0776565
0.227271
0.0770376
0.0299124
0.0624415
0.059172
0.118204
0.0273008
0.0912608
0.0759677
0.100394
0.0795487
0.104261
0.0665168
0.055502
0.0730494
0.052572
0.0812836
0.13586
0.132895
0.111275
0.091871
0.0759629
0.0622143
0.0623581
0.0692909
0.0799704
0.0664509
0.0445654
0.0618359
0.261921
0.103932
0.118496
0.0424938
0.0993357
0.130268
0.105432
0.138133
0.152544
0.101868
0.0411461
0.0966431
0.114923
0.0831616
0.0547877
0.109278
0.0837871
0.109495
0.0405427
0.132795
0.230037
0.435653
0.164185
0.0839326
0.118296
0.163087
0.0316876
0.133907
0.121726
0.0576785
0.199128
0.162183
0.0504619
0.0787971
0.135651
0.0729691
0.0442405
0.0818832
0.152533
0.0549164
0.0539584
0.0619042
0.101768
0.0802343
0.107133
0.079788
0.111272
0.183462
0.150401
0.226837
0.139446
0.0862307
0.0464508
0.0601252
0.0812167
0.079805
0.117534
0.0688349
0.0690071
0.0720422
0.141896
0.0881181
0.0691222
0.162848
0.0565315
0.0657343
0.0519939
0.0373183
0.0309062
0.0704209
0.0589848
0.0613674
0.0921292
0.0528309
0.107137
0.109124
0.10053
0.19064
0.11207
0.113181
0.26508
0.0611184
0.121521
0.104142
0.048751
0.0634435
0.0449425
0.296219
0.169918
0.0727398
0.0683757
0.0751316
0.128919
0.0559595
0.142281
0.0697539
0.14362
0.0831308
0.0543176
0.11169
0.0607764
0.0706536
0.111326
0.0804337
0.091709
0.0481418
0.11076
0.12652
0.116604
0.142907
0.161001
0.0696782
0.140779
0.0798879
0.0818374
0.0340998
0.0496636
0.0576092
0.0789753
0.0944863
0.0772917
0.0902587
0.0682903
0.218841
0.144946
0.119932
0.0697145
0.0501288
0.11413
0.0595442
0.0681636
0.0403415
0.0438966
0.140704
0.041102
0.0814394
0.0689094
0.068653
0.095053
0.336355
0.161527
0.18933
0.115726
0.0429973
0.0988158
0.113073
0.119136
0.0433224
0.101874
0.0269068
0.0487672
0.0583907
0.108398
0.0728712
0.04056
0.0272926
0.115
0.0557008
0.120749
0.0724723
0.0623237
0.055628
0.151956
0.112499
0.11457
0.0732817
0.156214
0.107786
0.0617351
0.0717498
0.0518196
0.088422
0.129763
0.0419678
0.140795
0.374182
0.0460479
0.248655
0.0390899
0.0570955
0.112739
0.0519185
0.0903209
0.054271
0.0577236
0.0828372
0.233238
0.0454602
0.07893
0.059424
0.165604
0.163867
0.0360708
0.088096
0.116166
0.0779544
0.120394
0.231393
0.103334
0.104911
0.0633972
0.0872566
0.0704388
0.161285
0.0444302
0.134329
0.0755605
0.0459405
0.0608575
0.0388573
0.0624957
0.0333424
0.0291391
0.0793855
0.025363
0.0949609
0.150658
0.106478
0.0448737
0.128756
0.0452022
0.0403698
0.113961
0.0430642
0.306094
0.0809719
0.120698
0.104696
0.112586
0.0932382
0.0932583
0.10141
0.0399588
0.085991
0.168212
0.0802883
0.0588211
0.121067
0.139309
0.240147
0.0399718
0.0548802
0.158287
0.0843941
0.0764593
0.0530894
0.134013
0.0890849
0.0692564
0.0946466
0.0837739
0.0825295
0.161501
0.0638047
0.162801
0.0307911
0.0765529
0.0740302
0.0452178
0.0649717
0.055674
0.112038
0.0383658
0.0557889
0.0494143
0.0802011
0.0908598
0.207661
0.0841825
0.132957
0.0685176
0.130585
0.0638079
0.0904847
0.149467
0.0498655
0.105898
0.0643301
0.122222
0.0652519
0.0566238
0.0874666
0.0797308
0.108613
0.0747656
0.105885
0.116358
0.0354666
0.0922596
0.139835
0.0763967
0.101321
0.313078
0.0365976
0.149328
0.0726903
0.0873015
0.105524
0.048524
0.0143803
0.108728
0.021888
0.13448
0.0638587
0.122651
0.0683802
0.0253555
0.0723666
0.222274
0.120587
0.0983679
0.218236
0.0492066
0.0805648
0.0825396
0.10631
0.075562
0.126218
0.171428
0.0751529
0.0712812
0.0339708
0.11419
0.0726896
0.0713343
0.196735
0.0612038
0.0927441
0.054902
0.0269996
0.265779
0.0557301
0.086715
0.18939
0.130827
0.0668929
0.0794727
0.127711
0.138344
0.135424
0.0830855
0.0281098
0.0470076
0.189665
0.107616
0.0779684
0.0386273
0.0571773
0.0879884
0.094085
0.0243627
0.0569028
0.0465121
0.0949868
0.0643821
0.13425
0.0322957
0.057478
0.0676402
0.103677
0.158682
0.218866
0.047989
0.0972248
0.166483
0.0361413
0.108598
0.097666
0.0821672
0.10571
0.0384696
0.0666186
0.0444346
0.349962
0.170471
0.0678602
0.0727116
0.194274
0.136585
0.0775546
0.0934327
0.0609091
0.0967535
0.0838412
0.127832
0.0383369
0.117444
0.0664147
0.0438314
0.0673051
0.0720981
0.0901403
0.103501
0.0820921
0.0600397
0.0418861
0.0693661
0.0407355
0.0428365
0.093866
0.0738647
0.0626881
0.143383
0.0420086
0.078991
0.0199442
0.200344
0.523979
0.0374129
0.0534725
0.124202
0.0587088
0.0569068
0.12143
0.119138
0.0668822
0.0579355
0.0361272
0.0456972
0.188177
0.0928864
0.105232
0.108791
0.0502698
0.0710329
0.10311
0.0339155
0.171782
0.0830183
0.0681503
0.122604
0.195865
0.0329857
0.14757
0.0572803
0.0749771
0.073107
0.0365375
0.142527
0.19445
0.0864022
0.0947704
0.0714228
0.0720556
0.11879
0.0750594
0.0821824
0.163163
0.136092
0.119871
0.120044
0.0352334
0.16138
0.0369056
0.0521426
0.0918185
0.127972
0.06739
0.0490507
0.0781308
0.0670255
0.0289757
0.0814932
0.0750834
0.0925264
0.0559553
0.0864903
0.140227
0.130875
0.0721897
0.0742573
0.0794102
0.131468
0.139516
0.0851033
0.100704
0.0615379
0.0728542
0.0948403
0.0449539
0.0224883
0.0940326
0.0799016
0.149235
0.117521
0.0871201
0.0823021
0.0455498
0.140946
0.0987623
0.127461
0.0833985
0.0878693
0.0930305
0.089668
0.069261
0.158782
0.0596149
