0.175462
0.192795
0.179632
0.199993
0.133552
0.257909
0.136982
0.160492
0.222645
0.200725
0.297851
0.148319
0.0994513
0.236459
0.230154
0.158802
0.296606
0.151616
0.133596
0.0853655
0.0807244
0.0760283
0.285746
0.170061
0.240146
0.264125
0.221619
0.266559
0.266898
0.27983
0.120097
0.113744
0.258663
0.245762
0.162581
0.106873
0.210553
0.245353
0.188873
0.0817916
0.180034
0.170191
0.120561
0.244331
0.267177
0.27416
0.167193
0.162233
0.149305
0.276047
0.140326
0.16283
0.166586
0.270294
0.231067
0.262739
0.172139
0.285983
0.211357
0.273727
0.22184
0.270056
0.206464
0.183055
0.190365
0.0685977
0.16862
0.257797
0.105024
0.205098
0.105623
0.195065
0.0786796
0.130108
0.197657
0.248352
0.215212
0.259133
0.182758
0.296475
0.11002
0.122495
0.127572
0.242765
0.141788
0.14858
0.143127
0.198159
0.250496
0.162679
0.197863
0.197692
0.146156
0.244832
0.231166
0.143664
0.266607
0.161203
0.202755
0.14921
0.152266
0.191272
0.192719
0.0850491
0.24978
0.213702
0.260249
0.224967
0.172968
0.231471
0.177296
0.0983859
0.265192
0.143602
0.0973868
0.245233
0.188367
0.286861
0.156883
0.265542
0.178
0.241739
0.26269
0.200369
0.0575301
0.132778
0.271135
0.143773
0.12521
0.0712117
0.160445
0.188482
0.221275
0.2584
0.19605
0.282775
0.185118
0.0944779
0.125512
0.256471
0.19156
0.15935
0.231685
0.196852
0.112163
0.236978
0.204351
0.106811
0.271438
0.273352
0.242033
0.0520013
0.220174
0.267992
0.125191
0.287499
0.107925
0.20451
0.249873
0.219235
0.265459
0.243534
0.152824
0.114239
0.18119
0.143923
0.26114
0.242925
0.164782
0.09727
0.20388
0.158347
0.219551
0.143307
0.17416
0.285169
0.141416
0.184826
0.195662
0.213132
0.223796
0.172481
0.213703
0.296976
0.237367
0.0530898
0.260548
0.161014
0.175215
0.172682
0.220573
0.155201
0.134514
0.209522
0.146598
0.151169
0.144951
0.2088
0.194832
0.212729
0.273989
0.17351
0.103719
0.186874
0.232872
0.19542
0.19935
0.242412
0.107202
0.172016
0.189516
0.199119
0.186286
0.128332
0.237685
0.223342
0.173698
0.075128
0.194025
0.146787
0.181879
0.114267
0.228009
0.188896
0.218086
0.185758
0.160882
0.171863
0.195174
0.191622
0.175222
0.122009
0.24789
0.262531
0.233556
0.229524
0.193749
0.141286
0.154097
0.272168
0.188228
0.226904
0.2069
0.242534
0.246902
0.219068
0.19731
0.275041
0.303461
0.2337
0.143518
0.172339
0.201587
0.237043
0.197519
0.151776
0.215282
0.14117
0.0804554
0.224583
0.127721
0.268176
0.152088
0.215121
0.0965485
0.120975
0.242842
0.260967
0.113936
0.107117
0.0480425
0.230369
0.252151
0.320317
0.148858
0.208051
0.0723241
0.205886
0.215308
0.256681
0.254828
0.118069
0.168217
0.0740708
0.157281
0.135079
0.204579
0.0958562
0.227274
0.211147
0.170619
0.0951015
0.133368
0.131852
0.244161
0.259007
0.118684
0.121713
0.281013
0.109438
0.227616
0.153546
0.117998
0.226631
0.20653
0.10867
0.125652
0.124338
0.160189
0.177334
0.273559
0.187891
0.270229
0.072122
0.210632
0.244466
0.203928
0.226401
0.201466
0.227171
0.147529
0.246287
0.165382
0.225886
0.190153
0.275988
0.215038
0.106472
0.216987
0.167092
0.242007
0.249789
0.256474
0.213754
0.183527
0.225875
0.145534
0.166114
0.166459
0.115199
0.176988
0.180815
0.179617
0.203196
0.251863
0.22042
0.177627
0.112595
0.142534
0.213007
0.146353
0.139985
0.169238
0.231171
0.102982
0.281573
0.139712
0.192073
0.178886
0.199105
0.27119
0.251853
0.234496
0.186217
0.244709
0.297478
0.22469
0.190833
0.193852
0.156036
0.242665
0.0810259
0.192699
0.219339
0.284158
0.137581
0.172696
0.239528
0.225363
0.180552
0.109678
0.0929737
0.183101
0.245456
0.0636023
0.145059
0.251296
0.175885
0.0891206
0.114215
0.229968
0.275794
0.204817
0.2499
0.210666
0.154437
0.221264
0.249884
0.128734
0.224263
0.281206
0.282348
0.137571
0.0611031
0.181027
0.21411
0.198043
0.139122
0.0681166
0.158986
0.214862
0.242824
0.10237
0.174436
0.177632
0.142265
0.18817
0.19799
0.124983
0.193973
0.129625
0.109637
0.162445
0.248332
0.222592
0.187487
0.135908
0.165134
0.132569
0.201179
0.203048
0.197259
0.112518
0.239132
0.220949
0.278632
0.247394
0.0697149
0.139086
0.046919
0.187395
0.154466
0.238271
0.217025
0.28414
0.198354
0.217049
0.18352
0.249616
0.249635
0.234195
0.208886
0.211043
0.209782
0.186422
0.232771
0.233505
0.115213
0.184493
0.133144
0.205343
0.18976
0.26138
0.309614
0.157191
0.222454
0.25694
0.214087
0.178133
0.1852
0.162112
0.176371
0.123089
0.186171
0.239259
0.252417
0.2853
0.134065
0.305495
0.179768
0.233295
0.185596
0.296625
0.136548
0.136437
0.230962
0.119141
0.145382
0.194976
0.181013
0.0874094
0.180193
0.287212
0.17441
0.21615
0.249198
0.204126
0.173811
0.200739
0.145092
0.104399
0.171405
0.243607
0.153903
0.257972
0.210378
0.0640298
0.219085
0.284687
0.209216
0.0484899
0.296133
0.198315
0.271325
0.196834
0.113143
0.124852
0.125648
0.163666
0.124957
0.195934
0.177414
0.228194
0.172392
0.169083
0.0715824
0.152056
0.174295
0.235574
0.164085
0.100007
0.204707
0.147018
0.24059
0.127728
0.0965891
0.259232
0.238513
0.170922
0.266703
0.153049
0.232461
0.176788
0.137062
0.151542
0.101144
0.188825
0.247353
0.270252
0.189531
0.1408
0.236592
0.106378
0.153196
0.181548
0.12512
0.271881
0.220942
0.164862
0.132258
0.134981
0.202257
0.197497
0.225184
0.271196
0.15232
0.186104
0.292213
0.136459
0.210087
0.136879
0.164602
0.273977
0.255278
0.174129
0.142415
0.284229
0.265068
0.193224
0.0814945
0.245633
0.13616
0.110879
0.226228
0.277019
0.252695
0.24684
0.251188
0.155752
0.198386
0.139816
0.282826
0.197005
0.182508
0.192441
0.0788101
0.275358
0.180886
0.2281
0.0579565
0.162752
0.0410513
0.288003
0.222234
0.208725
0.156745
0.125696
0.169638
0.184212
0.145877
0.103529
0.279108
0.0785281
0.170598
0.118422
0.253936
0.0475339
0.263013
0.266901
0.284882
0.0623997
0.24731
0.217483
0.168128
0.157828
0.23582
0.239815
0.198
0.226854
0.0922838
0.189377
0.134964
0.20128
0.129334
0.100318
0.263686
0.123298
0.231359
0.26524
0.246963
0.136796
0.247818
0.17095
0.293808
0.255094
0.273589
0.21058
0.164608
0.222827
0.193338
0.220119
0.129182
0.136134
0.174319
0.223472
0.166099
0.207832
0.215286
0.298883
0.206013
0.184242
0.240372
0.213242
0.0722971
0.136297
0.0966911
0.148433
0.25778
0.21814
0.220781
0.152403
0.148844
0.234997
0.215119
0.119866
0.196712
0.248944
0.296941
0.122574
0.271392
0.156156
0.218658
0.103023
0.23544
0.051441
0.105659
0.290182
0.241763
0.247967
0.170555
0.301686
0.159365
0.271361
0.250359
0.272812
0.190197
0.0920486
0.101632
0.148459
0.230359
0.227066
0.119343
0.160834
0.197927
0.194859
0.136211
0.1666
0.0618286
0.125187
0.15092
0.261767
0.21373
0.127717
0.302229
0.253223
0.091156
0.115975
0.168845
0.205176
0.126466
0.138357
0.256233
0.240455
0.0921956
0.170704
0.135554
0.173499
0.127808
0.204161
0.175894
0.182585
0.0761313
0.121447
0.215711
0.262284
0.298549
0.138869
0.258656
0.194797
0.0712008
0.191868
0.209789
0.2151
0.199216
0.136574
0.200355
0.195002
0.264289
0.16133
0.182592
0.165249
0.217318
0.191186
0.117462
0.122533
0.199188
0.16809
0.222299
0.242713
0.195511
0.241355
0.202007
0.1359
0.263874
0.188574
0.176701
0.259644
0.0571651
0.191683
0.163285
0.0679999
0.230349
0.198208
0.158773
0.134159
0.0462272
0.105717
0.113795
0.158339
0.0618915
0.211557
0.287255
0.222961
0.294659
0.206777
0.258016
0.256222
0.146672
0.188336
0.198983
0.228761
0.18216
0.147253
0.22352
0.265435
0.20626
0.280759
0.145587
0.240152
0.197281
0.210079
0.193074
0.199928
0.158939
0.165723
0.190193
0.10899
0.174344
0.273208
0.21131
0.201681
0.281133
0.152941
0.271555
0.28881
0.228181
0.0731021
0.234577
0.136142
0.157293
0.247404
0.193296
0.0941796
0.25446
0.193596
0.114607
0.175981
0.0650758
0.185616
0.156646
0.144429
0.137748
0.14531
0.203117
0.193496
0.232829
0.151566
0.269879
0.184319
0.200031
0.150627
0.139877
0.0901484
0.104749
0.246759
0.24167
0.20418
0.129444
0.22922
0.192837
0.18773
0.144218
0.238869
0.0884598
0.239181
0.207569
0.235576
0.262104
0.138882
0.172062
0.194848
0.0947159
0.264104
0.235037
0.0950359
0.143765
0.208877
0.157334
0.204808
0.256805
0.197427
0.254807
0.243765
0.216691
0.178486
0.101254
0.205483
0.173036
0.215778
0.141685
0.146683
0.0499526
0.0561303
0.168038
0.0547627
0.252979
0.237929
0.0436625
0.181092
0.0698208
0.148074
0.253719
0.146983
0.0938683
0.227745
0.114245
0.175786
0.280783
0.142188
0.249296
0.182599
0.223228
0.224971
0.133813
0.228019
0.217658
0.154603
0.127911
0.189278
0.144768
0.139114
0.181787
0.157436
0.206556
0.176848
0.196761
0.215921
0.211428
0.132274
0.111977
0.220261
0.210596
0.181361
0.217641
0.150917
0.234191
0.244729
0.20167
0.292911
0.150575
0.123699
0.133298
0.156577
0.165176
0.290413
0.154849
0.0617572
0.199761
0.259879
0.230941
0.189831
0.124935
0.241429
0.24757
0.10461
0.214912
0.0843535
0.123015
0.163445
0.18201
0.135339
0.257544
0.122947
0.275626
0.184519
0.166604
0.283296
0.213713
0.123298
0.180982
0.279532
0.210539
0.14538
0.273999
0.219079
0.206308
0.273866
0.161586
0.205845
0.223768
0.307473
0.115433
0.273346
0.114697
0.098823
0.270259
0.153316
0.107207
0.199081
0.232412
0.242148
0.165822
0.164939
0.163839
0.0788284
0.261308
0.175503
0.0688382
0.16503
0.240297
0.126724
0.238139
0.226081
0.112581
0.145941
0.252589
0.183625
0.257876
0.169311
0.149797
