0.00317433
0.00300491
0.0151628
0.00141964
0.0166904
0.0285996
0.00614328
0.00561606
0.00619466
0.0226839
0.00343225
0.0283408
0.0288436
0.0166496
0.0138059
0.0210364
0.0192572
0.0167188
0.00136427
0.00526994
0.0361907
0.00168881
0.014806
0.0239464
0.00796646
0.00210747
0.0375151
0.00520892
0.0168931
0.00358636
0.0021477
0.0151794
0.0141807
0.0227091
0.0175067
0.0152846
0.00498205
0.00270182
0.0274075
0.00367815
0.0265954
0.0052928
0.0244021
0.0277357
0.0148071
0.00421033
0.0037466
0.0231451
0.00241747
0.00171569
0.0168994
0.0179975
0.000479729
0.001786
0.0147784
0.044844
0.00266249
0.00348018
0.0145824
0.0060309
0.0123777
0.020872
0.00240048
0.031545
0.0309916
0.0195654
0.00441167
0.00189677
0.0241655
0.0198223
0.00245338
0.000776598
0.00268232
0.0115169
0.0216586
0.016805
0.00268916
0.0318692
0.0324463
0.0314856
0.0301284
0.00211252
0.0144006
0.00205827
0.0184161
0.00853167
0.00299232
0.0144575
0.0267294
0.00202689
0.02327
0.00438538
0.0151451
0.000871565
0.0461981
0.00320604
0.00270862
0.0198811
0.00297495
0.0286594
0.00371118
0.00365541
0.00123553
0.0240957
0.000440447
0.00942033
0.0113574
0.00598671
0.0132488
0.0116728
0.00405442
0.00190107
0.0247807
0.00535648
0.0211992
0.0188263
0.0294728
0.00344478
0.00687183
0.0251549
0.0200865
0.0148885
0.0192283
0.0338299
0.0233161
0.0245143
0.0158359
0.00650405
0.0247308
0.0128082
0.0359628
0.0151456
0.000931659
0.00196158
0.00784409
0.00915468
0.00510352
0.00241473
0.0290859
0.00430129
0.0268547
0.00560296
0.0338081
0.0260164
0.00948229
0.0187951
0.00856449
0.00431708
0.00447391
0.00217133
0.0132344
0.00930731
0.0168325
0.0225809
0.00503098
0.00221312
0.00704197
0.0253182
0.0439516
0.0228447
0.00418909
0.00310968
0.00337897
0.00211422
0.0049839
0.0174236
0.0063472
0.00287023
0.00378687
0.0276059
0.018951
0.0383167
0.0125975
0.0365518
0.00124793
0.0296511
0.00717291
0.00314264
0.0116182
0.00431805
0.00419547
0.00292608
0.00257443
0.0151198
0.0343155
0.0065401
0.0243676
0.0130683
0.013347
0.0156625
0.00194445
0.00338594
0.0465379
0.00422079
0.0209439
0.00350974
0.0134629
0.00165569
0.016764
0.0183655
0.00466821
0.0280649
0.00387697
0.0149333
0.0196387
0.00314283
0.0155668
0.00483495
0.00172097
0.0108585
0.00624207
0.00515233
0.0040064
0.0019094
0.00545971
0.0041645
0.013328
0.0146431
0.0048517
0.0517676
0.0282542
0.0032083
0.0120301
0.00228423
0.00199135
0.00157818
0.000928834
0.00219982
0.0218343
0.00265425
0.00561567
0.0277016
0.0289632
0.00769182
0.00643714
0.000753361
0.00230987
0.00192295
0.000688838
0.00807627
0.0226891
0.0209178
0.0395662
0.0024098
0.0136296
0.00371673
0.0151344
0.0118285
0.0374429
0.00328658
0.0115538
0.00510238
0.00664424
0.0256899
0.0104025
0.0317967
0.00457395
0.0235836
0.00428892
0.0251415
0.000438014
0.022424
0.0072827
0.00224935
0.00140012
0.000554167
0.013872
0.0018365
0.00431308
0.000910893
0.00862645
0.022224
0.00262776
0.00139725
0.0122214
0.00484385
0.00146069
0.0117735
0.00194684
0.00814122
0.00443818
0.00287918
0.0144151
0.00630963
0.00302932
0.0377915
0.00365939
0.00741881
0.00319829
0.00708354
0.0392934
0.00780661
0.00238656
0.0273452
0.00141834
0.00456481
0.0093142
0.00380301
0.00796196
0.00303718
0.00305341
0.0131697
0.0346516
0.00218803
0.0106286
0.0086387
0.00448291
0.00637178
0.000531172
0.00165614
0.0182187
0.0114413
0.0573638
0.025815
0.0122555
0.0258218
0.0134131
0.00899284
0.00126939
0.043018
0.00515674
0.0146418
0.00384325
0.00338742
0.00403237
0.00929238
0.00112587
0.0574389
0.00256367
0.0136937
0.005326
0.0026401
0.0236102
0.0234791
0.0072573
0.0356514
0.0350276
0.043897
0.0109108
0.00685353
0.00196889
0.00358502
0.00351779
0.00291811
0.00158237
0.0197684
0.0312762
0.0305369
0.00130165
0.031439
0.00345191
0.0217489
0.0127142
0.0232638
0.00904965
0.0159096
0.00234908
0.00608461
0.0295945
0.00389265
0.00317528
0.00198735
0.038763
0.00568496
0.0194118
0.00203656
0.0396298
0.0285349
0.0286663
0.00743778
0.00476884
0.00467228
0.00233177
0.0121964
0.000751531
0.00362624
0.0300859
0.0241376
0.0208478
0.0164348
0.0320384
0.02153
0.0102112
0.0232945
0.00315158
0.00368975
0.0333442
0.0124784
0.00637588
0.00254257
0.00372744
0.0100256
0.00747629
0.00312905
0.0187164
0.0225753
0.0278365
0.00475026
0.00653351
0.00119343
0.00255939
0.0135534
0.0269782
0.00243661
0.00301842
0.019777
0.0454138
0.0129535
0.00563807
0.0158377
0.00171036
0.00478965
0.0260252
0.000899267
0.0433603
0.0219894
0.00211326
0.00294977
0.020993
0.00541617
0.0163761
0.005498
0.0146397
0.00800316
0.0123291
0.00287713
0.000877169
0.0201579
0.00417518
0.0236475
0.0224118
0.0228622
0.0152356
0.024734
0.0129448
0.00525277
0.000958696
0.00315299
0.00146689
0.00182502
0.020091
0.0226437
0.0335201
0.00294225
0.00339509
0.0049105
0.00994638
0.0075745
0.0133125
0.00177411
0.0210884
0.00863568
0.00152522
0.0036877
0.00287171
0.011373
0.0209881
0.0210059
0.0110205
0.00412408
0.0170244
0.00426155
0.00558472
0.00571213
0.0314699
0.0054232
0.0266913
0.0243806
0.0192081
0.0190505
0.00115926
0.00302706
0.00245719
0.00417332
0.00370743
0.00185332
0.0319428
0.0253625
0.00244989
0.0035964
0.0166838
0.00522551
0.0240292
0.00266646
0.0279568
0.00615292
0.00145444
0.0318412
0.0252094
0.0184787
0.0281752
0.0168106
0.0647378
0.0130754
0.0134896
0.00362601
0.00429087
0.00438151
0.00539212
0.0192626
0.0296917
0.00401295
0.0297164
0.0207197
0.00312841
0.00384152
0.0234322
0.0158676
0.00463432
0.0081853
0.0163862
0.0157323
0.00551681
0.00317701
0.0335523
0.0168803
0.0043998
0.00683049
0.00284218
0.0206035
0.0106225
0.0197973
0.0159019
0.00229406
0.00699494
0.0039812
0.000970156
0.0226386
0.0204434
0.0360031
0.0159607
0.0118403
0.0128774
0.00104473
0.00289188
0.00289387
0.0194972
0.0324198
0.00658325
0.0168643
0.00157692
0.00121193
0.00374366
0.0220944
0.00339993
0.0192018
0.00538633
0.0171343
0.00937523
0.00110696
0.0047095
0.00631085
0.002066
0.008872
0.0330637
0.0026392
0.0427188
0.00112814
0.0202411
0.012592
0.00388293
0.00198827
0.00724907
0.00180804
0.0134454
0.00253453
0.0153834
0.00530458
0.0212461
0.0218455
0.0263981
0.0130679
0.0100178
0.0141452
0.00793891
0.0145421
0.00284154
0.0061093
0.0143007
0.00163277
0.005933
0.0266965
0.0027881
0.00527186
0.0266731
0.00586153
0.00516331
0.0229669
0.00198687
0.00550977
0.00151426
0.0171055
0.0138327
0.0233143
0.0133616
0.0209722
0.00238511
0.00689416
0.00281851
0.00102684
0.00280769
0.00472556
0.0240384
0.0193861
0.0159887
0.00134516
0.00391384
0.0081153
0.0177408
0.0284743
0.00861583
0.051216
0.0190103
0.00588242
0.00491267
0.00731978
0.0417651
0.0144943
0.0138287
0.0187818
0.00464141
0.00288888
0.0315848
0.0046341
0.00165767
0.0254507
0.00212582
0.0227137
0.00396435
0.0159407
0.00564304
0.00221312
0.00140859
0.0405857
0.00945661
0.0006183
0.00349956
0.00241043
0.0220317
0.00367575
0.0124293
0.0211766
0.0268536
0.0020219
0.0251908
0.00226544
0.00206222
0.00883138
0.00270881
0.02036
0.00153096
0.0248837
0.0159784
0.00195397
0.0207146
0.00491877
0.0180813
0.0475564
0.00418292
0.00562785
0.00116483
0.00584309
0.000805241
0.00200941
0.000664653
0.0112563
0.00880221
0.00138606
0.00464247
0.0315236
0.00389476
0.022786
0.00533553
0.0177901
0.0330185
0.0053858
0.00178714
0.0314145
0.00272775
0.0235957
0.0140746
0.0107249
0.0267524
0.00741255
0.00222483
0.00456067
0.00319049
0.0299074
0.0159679
0.0357568
0.00281432
0.00201137
0.00319352
0.0196315
0.00252917
0.0213305
0.017403
0.0061671
0.00235923
0.0126917
0.019661
0.0220617
0.00494605
0.025372
0.0446938
0.00972012
0.0274257
0.00268079
0.0317372
0.0139274
0.00167538
0.0338208
0.0230336
0.0183443
0.00230396
0.00534551
0.0283746
0.0115605
0.0225048
0.0121778
0.0129229
0.00284683
0.00129472
0.0370736
0.0218431
0.00665375
0.00270642
0.00265047
0.0393993
0.00711813
0.00399253
0.0100135
0.00226392
0.0118846
0.00104671
0.00158204
0.00278343
0.00888797
0.00428146
0.0196843
0.0247537
0.00164334
0.0121152
0.0144463
0.0175841
0.000981776
0.00313619
0.015165
0.0101036
0.00240643
0.00370875
0.00460233
0.010368
0.00576764
0.0125969
0.00306284
0.00363525
0.00343566
0.0215225
0.00353734
0.0154671
0.00198176
0.00650507
0.00735875
0.00546132
0.00307063
0.00734597
0.0165743
0.0100161
0.00294374
0.0111643
0.00236858
0.0109026
0.00362812
0.00749331
0.0243938
0.00548367
0.0121153
0.0160452
0.00277254
0.00613082
0.0305259
0.00969203
0.00298743
0.0204669
0.0117436
0.0286981
0.00277922
0.0153569
0.00624104
0.00592113
0.00769634
0.000587987
0.00271777
0.00228594
0.0126317
0.0179074
0.036978
0.00485646
0.0253807
0.043512
0.014024
0.00346292
0.0439146
0.0217796
0.000827105
0.00586963
0.0266362
0.033522
0.0240951
0.00808913
0.00315332
0.00313864
0.0008749
0.00069845
0.0177694
0.0205781
0.002057
0.0121564
0.00467379
0.0242112
0.00162343
0.00605333
0.00627152
0.0186709
0.00458775
0.00929729
0.0269449
0.00311933
0.0326838
0.000644045
0.0068331
0.00199484
0.0142243
0.00219908
0.0268427
0.00410965
0.00296615
0.000741992
0.0162855
0.00377187
0.0531169
0.00293495
0.04024
0.0122382
0.0124312
0.0140963
0.0241391
0.00321868
0.00497332
0.016675
0.00123431
0.00290365
0.00334081
0.0298194
0.00623455
0.000851006
0.00540721
0.0652551
0.00826286
0.00556931
0.0190043
0.0283706
0.0213544
0.0590626
0.00220479
0.0102241
0.00214076
0.00157417
0.00532651
0.00141755
0.00187547
0.00666844
0.033239
0.0076725
0.002285
0.00539033
0.000834333
0.0198807
0.0393223
0.0273453
0.00383085
0.00320519
0.0353611
0.000513304
0.00179137
0.0260957
0.00489257
0.00169667
0.0125716
0.00510989
0.0225476
0.00540765
0.00246461
0.0189871
0.00247884
0.00164256
0.0297849
0.031235
0.00787815
0.0213604
0.00315337
0.0147459
0.00320539
0.0307017
0.0101401
0.0186841
0.0314551
0.0161382
0.0187267
0.015299
0.00391384
0.00135485
0.0165033
0.00416677
0.00234827
0.00316562
0.00144029
0.0015763
0.013277
0.000531207
0.00887233
0.0088766
0.0271158
0.0153888
0.0241757
0.00985674
0.0260646
0.00441705
0.0024129
0.0318581
0.0297857
0.0193645
0.0344934
0.000934977
0.0215703
0.00537482
0.00123353
0.0315916
0.00433366
0.00637939
0.0161646
0.0128713
0.000763161
0.0238186
0.00150557
0.0151902
0.00336183
0.0182466
0.0393944
0.0020972
0.00181776
0.012863
0.00862886
0.00411975
0.0417532
0.0212657
0.0354886
0.0114853
0.0247466
0.021246
0.00191038
0.00813866
0.0310409
0.00218388
0.0050378
0.0198585
0.0289361
0.00894792
0.0232754
0.00215372
0.0216999
0.00138651
0.0110333
0.0209924
0.00351391
0.00458469
0.00301756
0.00542345
0.0120243
0.00486965
0.0104169
0.00356109
0.0232968
0.00419038
0.0283215
0.00520941
0.0455293
0.00935498
0.00232202
0.0124759
0.00277453
0.0264251
0.00505193
0.00407448
0.00171191
0.0202907
0.0200844
0.0123999
0.0275056
0.0107433
0.0139444
0.0125763
0.0319389
0.00313302
0.021798
0.0103408
0.00212701
0.030323
0.0190153
0.010886
0.00259768
0.00969453
0.00289212
0.0140182
0.0115757
0.0224802
0.0240849
0.00268156
0.023622
0.00743787
0.00316042
0.0203263
0.03253
0.0319482
0.00463457
0.00440831
0.00575184
0.0164355
0.0327916
0.00809451
0.00579502
0.0294199
0.0150745
0.0108873
0.00231483
0.0275221
0.00362578
0.00793154
0.00251419
0.0252628
0.00284521
0.0112404
0.0175149
0.0264096
0.0287501
0.00189896
0.0416491
0.00199624
0.014835
0.00147263
0.00459777
0.0253259
0.0281115
0.00136273
0.00211417
0.00455616
0.00535011
0.0243692
0.00262827
0.000830245
0.0124423
0.00784451
0.0231921
0.00274198
0.000742397
0.0266477
0.00275797
0.0017418
0.0115737
0.00286656
0.0201383
0.00836842
0.0021174
0.00277276
0.0334503
0.0204761
0.0234255
0.0329096
0.00527061
0.00208465
0.00220448
0.00310246
0.00412156
0.0155161
0.0416936
0.0149048
0.00772744
0.0215833
0.00145806
0.0592646
0.000299172
0.000875572
0.0227711
0.00501444
0.0169031
0.00234846
0.0407986
0.00272564
0.0141101
0.0116727
0.0280108
0.032268
0.00595117
0.0277806
0.0375097
0.0219141
0.020535
0.00158085
0.0169875
0.00514208
0.0128318
0.00104995
0.024251
0.0258247
0.0124073
0.0229227
0.00200953
0.0376609
0.00913712
0.023203
0.00998581
0.00382401
0.00576385
0.0208507
0.000718621
0.00684616
0.00896535
0.00113287
0.0300498
0.00686051
0.00153735
0.013415
0.00341813
0.014391
0.00325934
0.000911232
0.0350655
0.0347619
0.0265423
0.00483453
0.0252455
0.00841982
0.00601738
0.012417
0.0249464
0.00333808
0.0257416
0.0268623
0.0334674
0.0473269
0.00537251
0.00184916
0.0164761
0.0139705
0.00266877
0.00867624
0.0134621
0.0127638
0.00183532
0.00339245
0.000433923
0.00409261
0.0295453
0.00212419
0.0219913
0.00166079
0.00463704
0.00186203
0.0274401
0.0117757
0.0307049
0.012476
0.00431325
0.0241944
0.00197696
0.00251271
0.00182684
0.00763089
0.0394174
0.00118259
0.00335545
0.00198669
0.0400262
0.0293068
0.0173772
0.0257445
0.0431947
0.00369716
0.018908
0.00470435
0.0044506
0.00413401
0.0233549
0.0138759
0.00129765
0.00407105
0.0104634
0.00106234
0.0261436
0.0139768
0.0335428
0.000861911
0.0225957
0.0239829
0.00459034
0.0197525
0.00493299
0.00414744
0.00326365
0.0218321
0.0115811
0.0216013
0.0106962
0.0166528
0.0155501
0.0280693
0.00288398
0.00493324
0.0298571
0.0344165
0.0313808
0.00176797
0.00476054
0.00707476
0.00264185
0.0164369
0.000451147
0.0246679
0.00289752
0.00279213
0.0247697
0.0158181
0.00165292
0.0194839
0.00293086
0.0165595
0.000803662
0.0286097
0.011167
0.00317089
0.0167871
0.00512468
0.000939396
0.00737725
0.0283479
0.001659
0.00461407
0.00127731
0.00356045
0.00279441
0.0022243
0.0211241
0.00714747
0.00855234
0.0121839
0.010752
0.00951006
0.0022514
0.000834678
0.0193899
0.0053785
0.00556579
0.021691
0.00331373
0.0443181
0.00248843
0.0291697
0.00354473
0.048737
0.0292783
0.00623789
0.0236193
0.0481437
0.0209566
0.00145823
0.00303343
0.00270788
0.0143209
0.0104387
0.00434835
0.00224357
0.0224003
0.0260657
0.0121776
0.012086
0.0125209
0.0196754
0.0174994
0.00226825
0.0223338
0.000701565
0.0247116
0.00533024
0.00199801
0.0021475
0.00229579
0.0102827
0.00276432
0.032449
0.00207757
0.0142644
0.000468938
0.0087634
0.00248815
0.00203493
0.0176649
0.00452181
0.00817152
0.00242881
0.0262149
0.00755869
0.00243526
0.00932215
0.00204447
0.00197326
0.0264562
0.00788365
0.0204607
0.0287765
0.0193085
0.00451523
0.0100189
0.0294692
0.00243509
0.00466409
0.00419478
0.025701
0.00204127
0.00853367
0.0372513
0.00635464
0.0024679
0.00611362
0.0290798
0.00744773
0.011084
0.00733145
0.0166859
0.00366567
0.00622887
0.00158999
0.0019332
0.0272117
0.0149931
0.0262633
0.00250441
0.0263215
0.0166028
0.00680678
0.00318451
0.0156743
0.00216637
0.0273847
0.00424237
0.00464769
0.0212658
0.00749815
0.0451048
0.0268877
0.0058859
0.0105605
0.00755216
0.00801713
0.005647
0.000905153
0.0261678
0.0237442
0.00397909
0.000836909
0.0157295
0.0184208
0.00337619
0.00270214
0.00810378
0.00531686
0.00200785
0.000353871
0.00365463
0.0440371
0.0470314
0.00422194
0.0010404
0.0232457
0.00268468
0.00952571
0.00920343
0.00160591
0.0309072
0.00657944
0.0122954
0.0241695
0.00245658
0.0128913
0.0272511
0.0160634
0.00235371
0.0357257
0.00234802
0.0125118
0.0123812
0.00212451
0.00902978
0.0262599
0.00128235
0.00106964
0.00496367
0.00427068
0.00715952
0.0258522
0.00372907
0.00258547
0.0208858
0.0268553
0.00113293
0.0305448
0.026618
0.00478508
0.00285305
0.00375938
0.0129887
0.00218015
0.00405024
0.0228573
0.00273827
0.012655
0.017486
0.00247761
0.0219238
0.0231577
0.00448909
0.0251843
0.0100383
0.00195344
0.00388072
0.00111588
0.00977678
0.0266823
0.00161452
0.0312894
0.0258082
0.0218433
0.0160597
0.00492388
0.0333301
0.035723
0.00362041
0.00110953
0.0287524
0.0112756
0.0307489
0.0167962
0.0089901
0.00482012
0.0264246
0.00645636
0.0202493
0.00353119
0.0048973
0.00300045
0.0197737
0.0228064
0.0010378
0.00341123
0.0274499
0.000960608
0.0145149
0.0074176
0.0270339
0.00194136
0.0164356
0.0104439
0.0247057
0.0190298
0.0145096
0.0175101
0.0405265
0.00213786
0.00382887
0.0468691
0.0138143
0.00786855
0.000250089
0.00799337
0.00225162
0.020971
0.0189149
0.00395738
0.00229049
0.00131196
0.00285929
0.00715328
0.0106114
0.00199751
0.0133327
0.00937824
0.0292748
0.00512967
0.0147
0.00230819
0.00200144
0.00464676
0.0420107
0.00167802
0.0218583
0.0142741
0.0220064
0.0150425
0.0117639
0.0103878
0.0179417
0.00374333
0.0209483
0.0358723
0.0348682
0.0208263
0.00141383
0.000386256
0.0146055
0.0028845
0.0171886
0.0198744
0.00245618
0.000964156
0.00081187
0.0116724
0.0367244
0.00355974
0.0191829
0.0313042
0.0062161
0.0246534
0.0211619
0.00776804
0.0244711
0.0195205
0.00202295
0.00674401
0.00427071
0.000712655
0.00383235
0.00308288
0.0233751
0.00440468
0.0294105
0.00215127
0.00904865
0.00649816
0.0143348
0.00313453
0.00335167
0.0468559
0.0288473
0.0223276
0.0228642
0.0141863
0.000930608
0.0406423
0.017487
0.0179679
0.00945279
0.0268659
0.0158657
0.00184355
0.00274411
0.0112466
0.00325868
0.0212137
0.00607637
0.00617447
0.00281542
0.0102965
0.0361366
0.00191665
0.00214761
0.00885268
0.0044243
0.022243
0.0174794
0.0090232
0.0166624
0.0024711
0.000912951
0.00333792
0.0027949
0.0167987
0.0261525
0.013703
0.00358056
0.0020504
0.00141773
0.0201259
0.00132673
0.0161365
0.0348733
0.0102529
0.00838512
0.001358
0.0443109
0.00486825
0.0198157
0.00159611
0.00772351
0.00293087
0.0123999
0.00396049
0.0145019
0.0136979
0.0211833
0.00153478
0.0112802
0.00427504
0.0040564
0.00141282
0.00252367
0.00465637
0.0280167
0.0211976
0.00360861
0.00773707
0.00190766
0.00543196
0.0148255
0.0240594
0.00847555
0.00241692
0.00725577
0.00760964
0.00335802
0.010562
0.0166505
0.00242554
0.00490619
0.0116212
0.017124
0.0117931
0.0191038
0.00259258
0.00296752
0.00933882
0.00315281
0.0124451
0.0026906
0.022037
0.00825561
0.0249977
0.0105917
0.00187586
0.00853786
0.0203817
0.00666969
0.044901
0.00267209
0.0306415
0.0023724
0.00426932
0.0141232
0.0271968
0.00484555
0.00252456
0.0125172
0.0356263
0.00536121
0.0033436
0.00316664
0.00331168
0.00430209
0.000730541
0.00661119
0.0229957
0.00453355
0.00996083
0.0189505
0.0324603
0.00180535
0.0147736
0.0223681
0.00253126
0.035459
0.022156
0.00513837
0.0022276
0.0250767
0.00319914
0.00984778
0.00301229
0.00944402
0.0276364
0.000851587
0.0021886
0.00962642
0.0243129
0.021533
0.0318946
0.00614037
0.017338
0.0430304
0.00209765
0.00675963
0.0022802
0.00813876
0.00711741
0.00226237
0.0242053
0.000232426
0.00962211
0.00976644
0.00160811
0.0322213
0.00326407
0.00137695
0.00163418
0.022921
0.0158633
0.00171981
0.00281109
0.00371147
0.0046221
0.0123195
0.00199848
0.0253575
0.0284899
0.00566149
0.00277339
0.00955168
0.0233941
0.000214441
0.00431037
0.00374214
0.0116823
0.00336745
0.00277406
0.00637296
0.00212398
0.00419147
0.0182799
0.0171876
0.000658805
0.0224939
0.00156025
0.00539887
0.0165654
0.00165444
0.00894835
0.00550731
0.0163616
0.00837918
0.00432088
0.00412426
0.00559625
0.0206502
0.0262244
0.00160218
0.0157763
0.00501804
0.00392301
0.00324606
0.00224803
0.0439715
0.0212237
0.012824
0.0236423
0.00187166
0.0156044
0.0033977
0.0106327
0.00175398
0.00210618
0.0017372
0.0188455
0.00466975
0.00330352
0.0269359
0.0011839
0.00606282
0.0171407
0.0138282
0.027774
0.00483103
0.0253261
0.00983617
0.00377489
0.00388516
0.00431967
0.0104282
0.044599
0.00288275
0.00501602
0.00509969
0.00294039
0.00267974
0.0231989
0.00217633
0.00200484
0.0124452
0.0123192
0.00283304
0.0019583
0.00720407
0.012332
0.0197607
0.000818149
0.00436772
0.0131144
0.00325326
0.0161318
0.00531484
0.00483246
0.0254977
0.0280987
0.00598255
0.0291498
0.0267266
0.0359515
0.0405503
0.00343175
0.0279243
0.0132303
0.0149472
0.00243507
0.0111758
0.00276075
0.0038251
0.00239735
0.0102813
0.0178224
0.00151512
0.034395
0.0358206
0.0109771
0.0205967
0.00321533
0.00990144
0.0165257
0.00568888
0.0117105
0.00747439
0.025195
0.00446877
0.00261399
0.026534
0.00474446
0.0120377
0.00105721
0.029572
0.0073883
0.00366583
0.00386206
0.0114302
0.0184985
0.0170389
0.0022281
0.00813561
0.019123
0.0179069
0.00382994
0.0133633
0.0293594
0.0192494
0.0344823
0.00169906
0.0122855
0.00327571
0.017083
0.0235679
0.0322655
0.0475533
0.0139766
0.0139402
0.0113823
0.0286585
0.00436389
0.00261129
0.00290175
0.0297743
0.00340667
0.0423803
0.000811246
0.00262469
0.00552026
0.0023014
0.0272097
0.00193007
0.0154749
0.0285493
0.00508779
0.00740063
0.0302816
0.00586051
0.00291749
0.0350365
0.012479
0.0230176
0.00716778
0.0317874
0.00865762
0.0346511
0.00190894
0.00898403
0.00327794
0.0120142
0.001387
0.00901508
0.0209109
0.0013578
0.00378413
0.00744642
0.000660346
0.00104938
0.0132912
0.0173634
0.00367129
0.0241591
0.0278849
0.012273
0.0264957
0.00508001
0.0233157
0.011149
0.00188276
0.0298766
0.0380788
0.000515335
0.0293075
0.059571
0.0211192
0.0306193
0.0111255
0.00505744
0.0172572
0.0288018
0.0264902
0.0318026
0.00157088
0.0263367
0.046478
0.0103044
0.00176287
0.00305701
0.0140922
0.0239894
0.00989513
0.0258047
0.0164985
0.0100848
0.00499707
0.0244309
0.0035017
0.00307601
0.0277759
0.00191195
0.0243777
0.014137
0.013985
0.0138725
0.00367986
0.00126305
0.00103346
0.00390423
0.0208841
0.0166452
0.00895869
0.00547351
0.00684098
0.00324496
0.00100702
0.0208562
0.0294916
0.00566544
0.0250695
0.0343889
0.00310457
0.0494998
0.0168396
0.0169781
0.00506567
0.00396399
0.000251676
0.0326578
0.0278551
0.0167051
0.0103814
0.0289937
0.0259121
0.00525643
0.00219915
0.00141204
0.00884818
0.00203975
0.00561102
0.0028793
0.00245271
0.0271921
0.00360059
0.00431139
0.0115766
0.00323403
0.00187962
0.00369822
0.0336586
0.00255152
0.015231
0.0114412
0.00790958
0.00579433
0.0176868
0.00453013
0.0151604
0.00343645
0.0151011
0.0214026
0.00434354
0.0427664
0.00803386
0.00470295
0.00337884
0.00079325
0.00587703
0.0021748
0.00136574
0.00161834
0.031436
0.00280738
0.000517916
0.00151289
0.0262025
0.0157217
0.0158446
0.0294729
0.0194246
0.0586599
0.0032918
0.0124845
0.00929058
0.0298954
0.007896
0.0148327
0.00115033
0.0177499
0.0102653
0.0107991
0.0137253
0.0648744
0.00579054
0.0022921
0.00470748
0.0195805
0.0262244
0.0364022
0.00592396
0.00358846
0.00190756
0.00447313
0.0035429
0.00155505
0.0160335
0.00175168
0.00229956
0.00177371
0.0143305
0.00573858
0.011453
0.00258197
0.00861634
0.00183817
0.00661636
0.00509197
0.0157301
0.0033121
0.000368507
0.0385559
0.0291294
0.0155003
0.00817462
0.0342123
0.00310883
0.00192037
0.00153446
0.00418222
0.00167459
0.00190261
0.0009059
0.0181942
0.0262382
0.0134774
0.0187599
0.00540809
0.003882
0.0207428
0.0195163
0.00370501
0.00928665
0.0111324
0.00978291
0.00274777
0.0120453
0.00336841
0.0244643
0.0332932
0.00149632
0.00373263
0.0145855
0.0180396
0.00349835
0.00284376
0.0289465
0.00246029
0.00543745
0.0138596
0.00436635
0.00218199
0.00179096
0.0198519
0.0192797
0.0301014
0.0118554
0.00435161
0.0119841
0.020609
0.00509235
0.017382
0.022765
0.0046721
0.0113867
0.0336822
0.0251326
0.0393612
0.0325305
0.00343898
0.0310226
0.0023852
0.00728357
0.0162107
0.00491662
0.00542769
0.00178535
0.0156758
0.0147832
0.00518048
0.0167507
0.00384332
0.0164538
0.00135266
0.0467112
0.0367702
0.00357544
0.00354564
0.00556918
0.0127839
0.0116605
0.00109151
0.00532589
0.0049037
0.00592837
0.0207587
0.00427116
0.0316345
0.0013157
0.0105723
0.00381024
0.0154019
0.0217601
0.00163457
0.0112968
0.0136373
0.00667583
0.00333864
0.0108577
0.0272266
0.00458206
0.00752388
0.0260522
0.00191506
0.0246046
0.0131801
0.0162761
0.00264224
0.0434802
0.00140077
0.00432067
0.0101517
0.0195673
0.00137225
0.00147093
0.00230684
0.0092322
0.00465099
0.0107203
0.00392182
0.0435925
0.0133796
0.00230895
0.0154515
0.00184342
0.020261
0.00721596
0.00213812
0.00454326
0.0207661
0.0304456
0.00321421
0.0249354
0.00972121
0.0413127
0.0167858
0.00381092
0.0449136
0.00819137
0.0197862
0.0159025
0.00526092
0.00438409
0.00778834
0.0150589
0.00992772
0.0107166
0.00215584
0.00343919
0.00944349
0.00276978
0.00427275
0.00151952
0.00753107
0.0200434
0.00461619
0.00226402
0.0308123
0.00263034
0.00694745
0.00626489
0.00224909
0.01888
0.00251707
0.032895
0.0169132
0.00385985
0.00244597
0.0142912
0.0183408
0.00135789
0.00201957
0.0191201
0.00203111
0.0321899
0.000942232
0.0291686
0.00149667
0.0132566
0.0374727
0.0152811
0.0013244
0.00265014
0.00228412
0.0205989
0.00858749
0.00425847
0.024244
0.00296703
0.00978808
0.0103314
0.00294478
0.00377296
0.0138726
0.00372561
0.0208754
0.0184281
0.0291439
0.0162057
0.00486735
0.00341802
0.000586416
0.0141253
0.00447173
0.00408176
0.00472254
0.00174967
0.000656189
0.00143833
0.00146218
0.00292407
0.021936
0.00903065
0.00313186
0.00633007
0.0357931
0.0207418
0.00163726
0.00222672
0.0287645
0.00809414
0.035152
0.0207338
0.0047038
0.00561549
0.0183382
0.010311
0.0215361
0.00113431
0.0102346
0.0158041
0.00157168
0.0271941
0.0200359
0.025548
0.0022399
0.00400536
0.0232146
0.00207781
0.00117651
0.0157458
0.00466433
0.00361684
0.00613442
0.0274522
0.00618995
0.0301194
0.0129096
0.0428839
0.00485971
0.00639249
0.0125293
0.00311836
0.00746044
0.0377451
0.0180866
0.0245245
0.00298455
0.00173269
0.000557063
0.000515317
0.0298875
0.0114819
0.00363421
0.00263325
0.00366795
0.00306405
0.00776735
0.0128018
0.00261537
0.024881
0.00145016
0.0160707
0.00250379
0.00418075
0.0083218
0.0240072
0.00144379
0.0394196
0.000439121
0.00128678
0.00865199
0.0124595
0.00230422
0.0030514
0.00221268
0.0451342
0.0186244
0.00712639
0.0128248
0.0180461
0.00133166
0.0223395
0.030888
0.0029002
0.0208465
0.0206255
0.0190448
0.0199692
0.019915
0.0247955
0.00515732
0.00382092
0.00795654
0.0327105
0.00336778
0.0211369
0.00107293
0.00324697
0.032512
0.0170515
0.00532366
0.00751161
0.0140213
0.00356856
0.00192129
0.03092
0.00167244
0.00302225
0.00413012
0.00629836
0.00282848
0.00235354
0.0126622
0.0105238
0.00625643
0.0169713
0.0174813
0.00184462
0.010184
0.00260355
0.00216885
0.00223895
0.0237452
0.000724526
0.0182868
0.00162629
0.0311272
0.0303022
0.0114943
0.0276466
0.0248883
0.0129235
0.0128251
0.00189261
0.0164708
0.0099621
0.0143294
0.00280511
0.00481997
0.00774059
0.00135559
0.00745421
0.00231054
0.00278611
0.0101089
0.00489304
0.022734
0.0105405
0.00279435
0.0257112
0.00221969
0.00345089
0.00481603
0.00775423
0.00115506
0.00133494
0.015413
0.0265021
0.0396452
0.0182208
0.000903698
0.00350133
0.00458918
0.0166254
0.000377785
0.0398277
0.0104531
0.0193214
0.0195827
0.00381273
0.00669239
0.0457668
0.000565174
0.00529713
0.00124295
0.00470317
0.0459377
0.00949067
0.0404276
0.00251183
0.0068924
0.0238374
0.00757035
0.00962633
0.0265033
0.0509591
0.00338087
0.0475091
0.0328511
0.00684796
0.00353978
0.00303424
0.016046
0.00327613
0.0376842
0.00427043
0.0157484
0.00527711
0.0168671
0.00154763
0.00264497
0.0301999
0.00105838
0.0351083
0.00103549
0.00507884
0.000747012
0.0251496
0.0350171
0.00893459
0.0149028
0.00932146
0.00242369
0.0285389
0.0180984
0.0175302
0.00298585
0.0249607
0.0394859
0.0137401
0.00885102
0.0253159
0.0120868
0.0025319
0.00228542
0.0155224
0.00221129
0.016994
0.000557354
0.0375301
0.0351737
0.00538462
0.0100351
0.0242565
0.0164952
0.00111567
0.0289478
0.00516756
0.0337758
0.0381959
0.0308728
0.0262263
0.0317987
0.000305303
0.00912711
0.00231587
0.0064298
0.0421433
0.0170465
0.0146381
0.0117306
0.0308285
0.00988119
0.0288999
0.000443978
0.00460858
0.0186393
0.00151541
0.00526978
0.0062448
0.028999
0.014759
0.000992377
0.00279561
0.000189901
0.0140127
0.00422281
0.0253334
0.00905311
0.00228171
0.0137274
0.00112113
0.0185941
0.0175964
0.0137446
0.00618771
0.00305938
0.0123652
0.00280848
0.0215043
0.0185379
0.0308074
0.000853212
0.00067148
0.00376054
0.00659044
0.0138823
0.00145557
0.00675213
0.0216459
0.000809449
0.00240882
0.0042417
0.0051668
0.00436252
0.00289958
0.0270294
0.00190424
0.015481
0.0247121
0.0404793
0.00213686
0.0267002
0.00876434
0.00272874
0.00826691
0.00323191
0.0189515
0.00731934
0.0275232
0.00459977
0.0050449
0.0158523
0.018287
0.00164295
0.0045782
0.00207044
0.00441986
0.0256221
0.00796552
0.0192759
0.0292935
0.0127515
0.00297934
0.00877467
0.0213226
0.00610227
0.00157575
0.00578383
0.00236006
0.00345207
0.0194786
0.0253704
0.0217352
0.0211732
0.00541999
0.0184229
0.00255915
0.0453561
0.00685909
0.00125787
0.00821056
0.00729833
0.0206973
0.0107171
0.0014472
0.00805604
0.0118401
0.00923527
0.00364286
0.000900933
0.00835661
0.00746911
0.00391762
0.00586542
0.00110348
0.0186813
0.016552
0.00383794
0.0104604
0.0246607
0.00974717
0.00898509
0.00335141
0.000243286
0.0220638
0.0147341
0.00433654
0.00116086
0.000736412
0.00581398
0.00250458
0.035766
0.0107626
0.0109359
0.0288694
0.0219698
0.00107359
0.00216639
0.015341
0.0120356
0.017044
0.00267261
0.00745814
0.0207282
0.00378846
0.0250593
0.0156081
0.0358127
0.0108676
0.0108415
0.0021597
0.00782517
0.00135241
0.000771166
0.00758444
0.0181459
0.0265978
0.00622961
0.00437216
0.028242
0.038097
0.00928994
0.00774058
0.00135172
0.00436074
0.0162389
0.00260336
0.0136422
0.0230468
0.00646407
0.00434759
0.0272695
0.00383853
0.00316103
0.00162206
0.028661
0.0241887
0.0313012
0.02089
0.0186023
0.000954678
0.00416123
0.00924446
0.00182087
0.00375284
0.0536582
0.0093482
0.00223026
0.00734525
0.00428511
0.0236183
0.00273004
0.00383642
0.00147083
0.00546754
0.00221683
0.0181867
0.0030971
0.0110631
0.00152854
0.0376605
0.0385834
0.0230125
0.0275537
0.0162041
0.00585124
0.0247328
0.00697443
0.0123857
0.0178181
0.00352245
0.00825287
0.0231899
0.0103576
0.0390169
0.00262861
0.00777845
0.0302125
0.00356947
0.00147884
0.0173944
0.0251004
0.0229478
0.00307383
0.00121181
0.00362898
0.00336701
0.00399027
0.00104104
0.0112504
0.00200735
0.0205116
0.00116369
0.0160591
0.00931966
0.00766307
0.0418141
0.0142472
0.00454318
0.00352933
0.0138837
0.00297721
0.037373
0.0251745
0.0218291
0.0101691
0.00178049
0.0164582
0.0052127
0.0110872
0.00240405
0.0351127
0.00182846
0.0104538
0.0234384
0.00148167
0.0141132
0.0253305
0.0020003
0.000920201
0.0154145
0.018942
0.00118941
0.00453176
0.00511027
0.00177044
0.00529985
0.00348233
0.0398442
0.0283226
0.0028406
0.0187128
0.00417498
0.029382
0.0238779
0.036546
0.0254563
0.00532097
0.00417859
0.030871
0.0163028
0.0138503
0.00230082
0.0140541
0.0134516
0.021412
0.0139775
0.0172759
0.00103785
0.0092672
0.00254995
0.00216568
0.00466611
0.0116246
0.0160894
0.0463618
0.00663233
0.0334637
0.00290319
0.0188487
0.0359151
0.0179516
0.0170377
0.0216983
0.00505509
0.000884783
0.0143442
0.00145771
0.00159506
0.00267074
0.00755136
0.00409843
0.0316686
0.039017
0.00293685
0.00280361
0.00665739
0.0029459
0.00361516
0.0113986
0.0251066
0.0228178
0.00160553
0.0251395
0.0107011
0.014086
0.00851702
0.0028662
0.000709059
0.00942871
0.0159753
0.000594431
0.00311654
0.025323
0.0240905
0.00135449
0.000832956
0.00678321
0.00248094
0.00380685
0.0254439
0.00325151
0.0160087
0.00309057
0.000745728
0.0108825
0.0134734
0.0069651
0.0042801
0.0219728
0.0119808
0.0120704
0.0101039
0.0219685
0.0110948
0.0194329
0.0022859
0.0357308
0.0174424
0.00389684
0.00152648
0.00117047
0.00253429
0.00425596
0.00578368
0.0125327
0.00203459
0.0220592
0.00588841
0.0023195
0.0132363
0.000909414
0.0209515
0.004842
0.0121638
0.00369686
0.00258949
0.00460187
0.00457542
0.00399211
0.00182298
0.0240559
0.00353425
0.00616564
0.0046516
0.0144163
0.00116972
0.00143036
0.0120334
0.00740286
0.0227562
0.0111852
0.00949471
0.0124315
0.00516483
0.00303093
0.00232903
0.0394572
0.0176209
0.00333124
0.00224244
0.00934023
0.00406085
0.00330403
0.0022461
0.0180567
0.0149764
0.00298001
0.0340798
0.00167516
0.0135738
0.0315716
0.0121784
0.00956295
0.0309292
0.00554109
0.0217011
0.0338016
0.00208792
0.00327467
0.0108113
0.00209487
0.0444625
0.00269821
0.00261569
0.00148698
0.00366854
0.0386134
0.0106771
0.000449301
0.0026528
0.00168042
0.0174135
0.00570283
0.00183262
0.0257564
0.00180617
0.0188156
0.00120304
0.0022742
0.0230818
0.0398074
0.0169102
0.00158576
0.00275362
0.00273736
0.0155885
0.00199115
0.00209838
0.00299678
0.0203808
0.0229919
0.040131
0.0017442
0.0141681
0.0271387
0.00940892
0.00274129
0.0183793
0.00183599
0.0160415
0.0214153
0.023381
0.0299376
0.0140505
0.0258058
0.00295467
0.0351367
0.00203088
0.0277627
0.000957406
0.00023299
0.00974682
0.0138794
0.00523146
0.0185442
0.0230652
0.0108444
0.00561495
0.00264157
0.00379823
0.00358492
0.0084768
0.00161041
0.00338273
0.0146401
0.00464015
0.0241255
0.00390521
0.00559653
0.0222709
0.000948334
0.00590466
0.00241939
0.00301622
0.0265407
0.00590846
0.00251193
0.0293902
0.0150638
0.023527
0.0167235
0.00109355
0.00295441
0.00623699
0.00560536
0.00464908
0.0043668
0.00407517
0.0034398
0.00280591
0.0345088
0.0291561
0.027048
0.0023957
0.00176137
0.00398191
0.035039
0.00155193
0.011867
0.0319659
0.0363736
0.00371973
0.0084186
0.019282
0.0225017
0.00542519
0.00770411
0.0428006
0.0279604
0.015392
0.00248613
0.00261367
0.0251101
0.0312735
0.00271174
0.0316536
0.0338986
0.00387718
0.0043142
0.000784232
0.00314846
0.038231
0.00133424
0.0245708
0.0138571
0.0131785
0.00179932
0.00322058
0.00327763
0.00107452
0.0278913
0.0194794
0.00271549
0.00183023
0.0486207
0.0063024
0.0329954
0.00549733
0.00346466
0.0354419
0.0048866
0.0237201
0.00824401
0.0117939
0.00495747
0.00365088
0.001536
0.0156347
0.0403336
0.0106332
0.027914
0.0099517
0.0202885
0.00434057
0.0305689
0.0206026
0.00200733
0.00880059
0.0387232
0.00255501
0.0260645
0.00104344
0.0105027
0.00842307
0.000996359
0.00579394
0.0454381
0.0203147
0.0248182
0.0263151
0.0356556
0.0147614
0.0302193
0.0307225
0.00140637
0.0298621
0.0035682
0.0167769
0.020927
0.034724
0.0204092
0.00136409
0.04112
0.0364564
0.0180488
0.0276509
0.0231466
0.00162708
0.00283168
0.00302244
0.00395764
0.0291718
0.0214396
0.00485155
0.015493
0.00119949
0.00267807
0.0206231
0.00960214
0.013753
0.0135773
0.00357467
0.00243317
0.00633958
0.0192373
0.00582121
0.0130554
0.0269951
0.0263995
0.0034748
0.000879165
0.0022827
0.00293826
0.0132451
0.00115791
0.0155211
0.0216636
0.036396
0.0169372
0.0062254
0.0227329
0.00129576
0.00347946
0.00262731
0.0232097
0.00231155
0.0281831
0.0285514
0.0200094
0.0152865
0.002394
0.00295409
0.0106767
0.0042158
0.0192042
0.00577309
0.0116647
0.0256545
0.0261105
0.00282694
0.0014737
0.0328725
0.00308998
0.00928469
0.00698539
0.0251384
0.000945572
0.00176931
0.00336851
0.0251099
0.00420684
0.00145509
0.00502995
0.0281661
0.0272
0.00717895
0.00088524
0.0102413
0.0122222
0.00331305
0.00390077
0.0174889
0.00505261
0.00280897
0.00904489
0.0132662
0.00414314
0.00704496
0.00553612
0.0315173
0.0020172
0.00304553
0.0115975
0.00158814
0.0102523
0.00236546
0.00817408
0.00783503
0.0154943
0.00390491
0.0340505
0.00737485
0.0181529
0.0174006
0.013961
0.0147061
0.00963005
0.028883
0.00399264
0.0176835
0.021144
0.0182522
0.0205376
0.00147996
0.00300536
0.00346805
0.00227372
0.0326635
0.000329828
0.00239288
0.00126036
0.0108169
0.00095305
0.0186671
0.00901459
0.00126337
0.0272959
0.0205648
0.0346643
0.00926487
0.00281173
0.0256383
0.0193908
0.0278693
0.0419901
0.00316615
0.00159249
0.00701695
0.00162999
0.000522017
0.00224858
0.00377597
0.00124204
0.00549352
0.00596824
0.00384198
0.0011464
0.0105952
0.0024367
0.00408781
0.0262614
0.0280299
0.0292277
0.00971816
0.0290833
0.0205929
0.023662
0.0513291
0.0240256
0.00185731
0.00644083
0.0148092
0.0483045
0.0128558
0.00198665
0.019648
0.00427671
0.00560816
0.00152886
0.0181201
0.00790999
0.0154878
0.00406051
0.00181119
0.00374208
0.0167058
0.0274042
0.00581898
0.00172802
0.0327071
0.0329676
0.00241974
0.00231873
0.00480586
0.0128267
0.0322617
0.0299281
0.0250578
0.0102327
0.00153927
0.0034684
0.0174644
0.00246476
0.0167751
0.0159181
0.0172544
0.0211473
