0.0931857
0.108025
0.115326
0.0429153
0.111596
0.0148192
0.103153
0.0536431
0.0424403
0.0938391
0.155444
0.0725059
0.0546581
0.0333774
0.101327
0.0456621
0.069082
0.113906
0.0259487
0.0783509
0.103824
0.13415
0.119123
0.164859
0.0705531
0.0471808
0.0271737
0.0323094
0.123016
0.0561029
0.0461802
0.0651319
0.0572913
0.0222253
0.119873
0.106674
0.0373626
0.0802304
0.0372922
0.0506282
0.0745469
0.0721795
0.0916504
0.0347868
0.0394725
0.0597312
0.0338467
0.0256659
0.0269597
0.0290266
0.0684954
0.126163
0.035799
0.0200737
0.0803694
0.031309
0.0749578
0.131104
0.0260069
0.0738815
0.0517926
0.0502515
0.0242596
0.0415649
0.108091
0.0090669
0.180168
0.0103565
0.0643558
0.054495
0.0543733
0.05985
0.10301
0.0670403
0.0544687
0.0687027
0.0411455
0.167497
0.0227866
0.0442818
0.0673975
0.143464
0.100958
0.0419826
0.0863351
0.0528208
0.036685
0.080237
0.0482928
0.0566924
0.0145189
0.073852
0.0796786
0.114001
0.025823
0.0246657
0.0582353
0.0415099
0.0556657
0.0298212
0.122818
0.104027
0.0510012
0.0454452
0.0982578
0.0230958
0.0650989
0.0834817
0.0308407
0.0174617
0.0238568
0.0878057
0.0857028
0.0420362
0.0303183
0.0707863
0.0266466
0.0373626
0.0523254
0.0513709
0.0203169
0.037042
0.0376953
0.0858082
0.0839443
0.0570768
0.0689567
0.0534627
0.0402514
0.0227707
0.0802148
0.0118617
0.112502
0.0785072
0.0517455
0.0109069
0.0488906
0.0294699
0.0711679
0.0915949
0.0304472
0.0737975
0.0763301
0.0955556
0.0356248
0.0956477
0.0705213
0.0319105
0.081575
0.0576434
0.0456756
0.0515928
0.0343725
0.0529378
0.0749723
0.0854653
0.0657792
0.0405197
0.0466564
0.082356
0.0785818
0.0633277
0.0499255
0.0750761
0.0657867
0.0466177
0.0177653
0.172634
0.0591459
0.0801935
0.0147335
0.0899294
0.131903
0.106006
0.0476694
0.0344099
0.0140916
0.00590392
0.0309364
0.0953608
0.0790037
0.113225
0.0437525
0.113679
0.052328
0.0346686
0.0366573
0.0283369
0.0102237
0.0148068
0.0958133
0.0706329
0.0225819
0.0599835
0.0714348
0.0612418
0.131146
0.100881
0.0499785
0.00648678
0.0669113
0.146908
0.084067
0.0497584
0.0440812
0.0189231
0.0877399
0.0364179
0.0710548
0.0532008
0.0142083
0.0451747
0.113472
0.056461
0.0675194
0.0838262
0.0682159
0.0689927
0.0879936
0.0567991
0.061559
0.0300322
0.0279183
0.10256
0.0482758
0.0262373
0.0563291
0.0375807
0.0511902
0.0695266
0.0780746
0.0531569
0.0550882
0.0039106
0.0732412
0.041417
0.0498094
0.0371745
0.0757185
0.0169779
0.0372979
0.02327
0.0641663
0.0626178
0.0953743
0.0802244
0.038723
0.0418413
0.0969855
0.0571836
0.0344356
0.0238286
0.121872
0.0353078
0.0545405
0.0828955
0.0625019
0.025205
0.0115671
0.0475516
0.0836551
0.0456294
0.0306727
0.0484943
0.0609749
0.0406051
0.125338
0.0473001
0.0340113
0.073705
0.0865302
0.0966496
0.0862684
0.0559941
0.0430721
0.0716811
0.0585748
0.0848264
0.0260069
0.0352288
0.0782954
0.0516964
0.00963082
0.0308771
0.0834858
0.0221591
0.0408296
0.0231261
0.072882
0.0957088
0.0724181
0.118958
0.0689712
0.0763459
0.0715928
0.0221863
0.0622598
0.103275
0.0537941
0.00402619
0.0515831
0.0720747
0.0538026
0.0652765
0.21844
0.118897
0.0951412
0.0156862
0.0447456
0.0393859
0.0955635
0.0309318
0.078589
0.106355
0.085398
0.0768721
0.0632654
0.0477624
0.126577
0.0639057
0.0581439
0.0681469
0.0410455
0.0853897
0.0930432
0.0697175
0.0978101
0.0550972
0.131208
0.0451344
0.0292635
0.044556
0.0895236
0.0204865
0.0173202
0.0225296
0.0793516
0.0839984
0.0597723
0.0618805
0.159303
0.0281347
0.0168005
0.0372856
0.0911661
0.0314348
0.0498257
0.0206728
0.0700894
0.0846764
0.0268184
0.0335773
0.064645
0.0771776
0.0842705
0.0469291
0.0657048
0.060293
0.0636443
0.0763137
0.0766497
0.0775627
0.0456646
0.0445039
0.043187
0.150153
0.0622615
0.023914
0.0389502
0.0853101
0.0790785
0.0942222
0.0264343
0.0419634
0.065802
0.0256548
0.0925434
0.0957329
0.151443
0.0451688
0.0609084
0.0890265
0.0457036
0.0289367
0.076972
0.0634478
0.00747938
0.0239737
0.145643
0.108781
0.0556389
0.0611621
0.0866036
0.103844
0.0638763
0.0506758
0.128899
0.0417745
0.0724515
0.0577949
0.0482092
0.0728937
0.0563404
0.0589425
0.0979237
0.0580236
0.136591
0.03989
0.110977
0.0593894
0.0897524
0.0494273
0.0253152
0.102092
0.0952067
0.129191
0.0873819
0.0682994
0.0657531
0.077451
0.0501597
0.0611067
0.069335
0.0736751
0.0433115
0.0504248
0.0282204
0.0613608
0.0342203
0.074656
0.0400274
0.0306099
0.147127
0.0461229
0.0289917
0.0813166
0.0304806
0.0442985
0.042888
0.0786576
0.0583142
0.0347908
0.0683055
0.0725124
0.0431126
0.0851053
0.0789369
0.0626355
0.0428472
0.0908213
0.0336513
0.00203971
0.0870051
0.0561067
0.0324843
0.0384895
0.0748101
0.093211
0.0705734
0.0721204
0.0133728
0.0227953
0.0885455
0.0828111
0.134129
0.0673463
0.034623
0.0136494
0.0928082
0.0585263
0.0409684
0.0736429
0.100827
0.0386798
0.0449925
0.037658
0.102067
0.0596582
0.062592
0.0852523
0.0927798
0.0655791
0.033407
0.0581573
0.0886909
0.0686743
0.0525906
0.0311639
0.0501373
0.129049
0.0380964
0.0558815
0.0334532
0.0401593
0.0302525
0.0469719
0.0686444
0.073501
0.0531244
0.0574244
0.0314695
0.134786
0.0230169
0.0967648
0.0332679
0.0197674
0.0646516
0.0536293
0.110206
0.027614
0.0754555
0.101599
0.0880736
0.0720379
0.0561582
0.00514719
0.090438
0.0400877
0.0699531
0.0487683
0.0234092
0.0822494
0.0569486
0.0785996
0.0748503
0.0669966
0.0474037
0.0258262
0.0178642
0.0706296
0.0941209
0.0279277
0.0713612
0.0753252
0.101646
0.0910858
0.143074
0.0299604
0.0563381
0.0670777
0.0586798
0.0510127
0.0244106
0.05985
0.0264646
0.0329432
0.0619802
0.131078
0.105701
0.0593231
0.100015
0.184049
0.144797
0.0724731
0.0777603
0.0604566
0.0358998
0.039931
0.105567
0.0563436
0.0809476
0.133221
0.0959191
0.0911804
0.0813094
0.0336166
0.0654766
0.0186606
0.076125
0.0954967
0.115764
0.14083
0.0627396
0.0477416
0.0297802
0.0627524
0.0394395
0.0277754
0.0197144
0.0612224
0.0483843
0.080655
0.0551951
0.0749944
0.058513
0.0369667
0.0607811
0.0655797
0.0372489
0.0222085
0.0754296
0.0499672
0.0821103
0.0501321
0.0576819
0.0792858
0.0659888
0.0333779
0.0654267
0.0393739
0.0262012
0.0723924
0.0754577
0.0856152
0.0506128
0.086738
0.0526846
0.0549868
0.0402948
0.0373624
0.108852
0.0728573
0.0427348
0.116352
0.032613
0.0318437
0.0434908
0.0325629
0.0697918
0.033993
0.0684856
0.00362628
0.027105
0.0696961
0.0509639
0.0558239
0.0246901
0.052594
0.0901836
0.0788562
0.0977623
0.179528
0.07489
0.0686974
0.0732223
0.0451755
0.0641667
0.0958459
0.0661032
0.0418481
0.133325
0.0229027
0.0502426
0.0486521
0.114054
0.0521033
0.00416275
0.10294
0.0554232
0.0417394
0.0473025
0.0512637
0.0458376
0.025077
0.0354341
0.0682108
0.12338
0.024006
0.0777633
0.0190618
0.0429346
0.154744
0.072092
0.113657
0.0678096
0.120389
0.0525743
0.018187
0.084392
0.0474058
0.0356055
0.0747988
0.116759
0.0501169
0.0291216
0.095593
0.025851
0.0776157
0.0771901
0.0738047
0.0288239
0.0666537
0.0444265
0.0685977
0.0327643
0.05158
0.115854
0.0221619
0.0647616
0.0315917
0.034787
0.0744675
0.04931
0.0321749
0.0690085
0.0498245
0.0298222
0.0603989
0.0964772
0.0466093
0.0659681
0.0338884
0.0687018
0.0834552
0.00174068
0.0248535
0.0618063
0.110933
0.0393293
0.0809917
0.00200906
0.0955006
0.122305
0.11817
0.137277
0.0712743
0.115576
0.0287137
0.0781375
0.0572689
0.101415
0.0704748
0.0892137
0.0195522
0.0658769
0.0380448
0.0519612
0.0969932
0.0328436
0.0366065
0.116549
0.113026
0.0952575
0.115628
0.109815
0.0931835
0.0421954
0.028218
0.0845569
0.0202029
0.0589168
0.0721114
0.0488158
0.0116856
0.0555544
0.0840375
0.0996595
0.0256408
0.139199
0.0191271
0.0598285
0.0311011
0.0458059
0.101549
0.132135
0.0599421
0.025205
0.0596526
0.0336758
0.0406326
0.0796947
0.106699
0.045752
0.042573
0.0460631
0.0467634
0.0750087
0.0980451
0.136118
0.0543857
0.0871187
0.0247735
0.124558
0.100066
0.0716485
0.150056
0.0532507
0.0294419
0.105223
0.00413327
0.0650924
0.0127905
0.0677405
0.00998326
0.0783454
0.0926591
0.0408546
0.0528979
0.0628981
0.114333
0.00758869
0.0457689
0.0918384
0.044471
0.0184026
0.126569
0.0541827
0.123987
0.0532178
0.142322
0.0317234
0.0584034
0.104512
0.101743
0.0594285
0.0602399
0.130798
0.10157
0.0672514
0.0387087
0.160311
0.0370314
0.0231374
0.168912
0.0422894
0.0690859
0.0181975
0.0429224
0.0773428
0.0330335
0.0327849
0.0754424
0.113859
0.0986875
0.0444038
0.068292
0.155636
0.103769
0.0474137
0.0547388
0.0564994
0.0501783
0.0523918
0.02279
0.077998
0.0551452
0.0389247
0.0837132
0.100499
0.039447
0.0224542
0.062961
0.0774486
0.0562694
0.175348
0.0614462
0.0373886
0.0373029
0.0675055
0.0693812
0.0297299
0.0925576
0.0469547
0.0389365
0.0877062
0.0144771
0.0447624
0.0883107
0.0820458
0.0722516
0.0749608
0.13825
0.0396053
0.091852
0.0587119
0.0367076
0.0900648
0.124958
0.0244343
0.0514005
0.0595886
0.0496402
0.0994323
0.0624801
0.0664258
0.13027
0.0802106
0.0546964
0.0811156
0.113935
0.0418189
0.0476381
0.0616075
0.086996
0.0994966
0.0443343
0.0543487
0.0838204
0.120079
0.0206992
0.0363282
0.0254978
0.0959272
0.021173
0.0543373
0.0127949
0.10033
0.0394736
0.108234
0.0420765
0.0137789
0.069221
0.0464932
0.0787829
0.0404455
0.0612975
0.0704468
0.0482739
0.093929
0.129854
0.0648391
0.0724
0.0823208
0.0757422
0.0883103
0.0902582
0.0747227
0.0184963
0.0477926
0.0549401
0.0211058
0.117919
0.105142
0.0318367
0.115142
0.0135479
0.0740233
0.0372629
0.0701851
0.0198239
0.137444
0.0748466
0.0518829
0.147626
0.0681581
0.0880241
0.0356371
0.0721979
0.0530392
0.0303068
0.0184029
0.0681083
0.0701353
0.0343666
0.0797806
0.0630583
0.0446988
0.113301
0.0942556
0.0728917
0.0166265
0.0827229
0.0286561
0.0484262
0.0609194
0.026674
0.0571076
0.0622287
0.105951
0.0682342
0.0816022
0.0490647
0.0563329
0.0434175
0.0323895
0.0289024
0.0344278
0.0528943
0.076531
0.0223421
0.0470352
0.0446881
0.0443971
0.0894022
0.0311059
0.0913626
0.00754727
0.0144718
0.0301538
0.0763176
0.0293335
0.0189839
0.0934856
0.0284281
0.0871559
0.0425491
0.0895393
0.037552
0.0694319
0.0723175
0.0153517
0.0426671
0.144732
0.0547325
0.0845107
0.0656318
0.142248
0.0713461
0.043628
0.0587256
0.0693242
0.0324666
0.0444904
0.0419599
