0.000938132
0.000953743
0.00320213
0.00364453
0.0214654
0.00148993
0.0012086
0.00505144
0.00341948
0.00201398
0.00098282
0.00276103
0.00615903
0.00215137
0.000973315
0.01266
0.00136691
0.00370722
0.00117215
0.00310916
0.000820297
0.00145432
0.00300081
0.0068375
0.00578236
0.00174669
0.00143988
0.0053354
0.0022823
0.001412
0.00129025
0.00340536
0.0026288
0.00212202
0.0073532
0.0146612
0.00431715
0.00527425
0.00269721
0.00333032
0.0204912
0.00114459
0.00293815
0.00469724
0.00439963
0.00667305
0.00280686
0.00105826
0.00212693
0.00106927
0.00427808
0.000625623
0.00140748
0.00213929
0.00201625
0.00038333
0.00085285
0.000362289
0.00459525
0.00113731
0.0050781
0.00565136
0.00100892
0.00141482
0.00459575
0.00791472
0.00256237
0.0020565
0.00611226
0.020918
0.00343638
0.00105521
0.000628682
0.00118448
0.000825902
0.00285525
0.00178666
0.00300399
0.00222191
0.00267027
0.001258
0.00306297
0.00264569
0.0018174
0.00219958
0.00293343
0.00393756
0.00528929
0.00194335
0.00197279
0.00315089
0.00257044
0.00181402
0.0160937
0.00551983
0.00209953
0.0022704
0.00312806
0.00172764
0.00168665
0.00260705
0.00112573
0.00780512
0.00402006
0.00680764
0.00523023
0.00214822
0.00378031
0.0116713
0.00298596
0.00118811
0.00175327
0.00452552
0.00242161
0.0121949
0.00129884
0.00109836
0.00180685
0.00228757
0.00294829
0.00353351
0.00389012
0.00763733
0.00112249
0.00166784
0.0110459
0.0034416
0.00399255
0.00187098
0.00219583
0.000824657
0.00686423
0.00358664
0.00181148
0.00291314
0.003234
0.00133908
0.0044937
0.00129709
0.0042525
0.00249843
0.00902713
0.00239761
0.00368615
0.00394667
0.00365862
0.00449784
0.00336813
0.0057365
0.00133661
0.00146603
0.00297633
0.00129241
0.00292943
0.00155105
0.00394621
0.00382547
0.00310089
0.00409482
0.00111182
0.00540401
0.00191046
0.00461153
0.00588381
0.00347469
0.00964661
0.0123195
0.00192766
0.00592794
0.0127511
0.003396
0.00324819
0.00198231
0.00323868
0.00408736
0.00388952
0.00499709
0.00174033
0.00446612
0.00456846
0.00318699
0.00170108
0.00254146
0.00181728
0.00108788
0.00347505
0.00272192
0.00282596
0.0140711
0.00145909
0.00313106
0.0065804
0.00103661
0.000895532
0.00482311
0.00383152
0.0027166
0.000807118
0.0022453
0.00692015
0.00114201
0.00124974
0.0127608
0.00648507
0.00114072
0.00596479
0.0017385
0.00107654
0.00781724
0.00351693
0.0063065
0.00205278
0.000673431
0.00401645
0.00305876
0.00269096
0.00388535
0.00103039
0.00387328
0.00308689
0.00368926
0.00627481
0.00210973
0.00224533
0.00331374
0.000782997
0.00205045
0.00286877
0.00461585
0.00305278
0.00133519
0.00260109
0.00228256
0.00244025
0.0066626
0.000892466
0.00302533
0.00267511
0.00385073
0.00185646
0.00320283
0.000910411
0.000523749
0.0054019
0.00265711
0.00444809
0.00155539
0.00223396
0.00359859
0.00191621
0.004195
0.00480934
0.0134395
0.00341032
0.00284375
0.00170644
0.00950741
0.00367957
0.000942895
0.00164642
0.00238016
0.00225828
0.00198658
0.00287718
0.00176668
0.00148635
0.00152693
0.000286142
0.00314242
0.000337547
0.00448052
0.00202763
0.000852759
0.0138425
0.00390165
0.000980735
0.00381856
0.00234586
0.001756
0.00186334
0.00171701
0.00439138
0.00183263
0.0070767
0.00368914
0.00290168
0.0027527
0.0024225
0.00397467
0.0051102
0.00479897
0.00350558
0.0033729
0.00364061
0.00430295
0.024029
0.00369459
0.00282977
0.00571782
0.000355253
0.00181342
0.00299458
0.0204394
0.00237514
0.00101182
0.00533966
0.0031601
0.00520092
0.0040259
0.00512536
0.00237133
0.00124446
0.000820122
0.00785472
0.000834824
0.00350304
0.00331497
0.0135043
0.00314718
0.0112075
0.0033307
0.00227404
0.0096443
0.00248095
0.00267181
0.00260227
0.00207921
0.00289996
0.00144251
0.00122379
0.0022361
0.00106173
0.0182809
0.0111415
0.0022906
0.00678959
0.00209904
0.00581867
0.001521
0.00403656
0.00661289
0.00399322
0.00183346
0.00190009
0.00358032
0.00168489
0.00460131
0.000155369
0.00263358
0.0178761
0.00494323
0.00419664
0.00296983
0.00176485
0.00409771
0.00443509
0.00161982
0.00468985
0.000416259
0.00646248
0.00494896
0.00206368
0.00287338
0.00094835
0.00133885
0.00143284
0.00242817
0.00440228
0.00693207
0.000843448
0.00182074
0.00221849
0.00203779
0.0025865
0.00307336
0.00465673
0.00157735
0.00697844
0.00264361
0.000812457
0.00142067
0.000415307
0.000327057
0.00565179
0.00388001
0.00442097
0.00474988
0.00210794
0.00221708
0.00251366
0.00253397
0.01042
0.00297638
0.00142858
0.00170522
0.00106969
0.00139556
0.00347421
0.00203197
0.00301526
0.00349465
0.00220958
0.00587258
0.00195481
0.00277215
0.00330378
0.00352973
0.000327945
0.00176624
0.00262979
0.0017176
0.00437279
0.00438616
0.00229782
0.00455654
0.0021782
0.00631691
0.00283356
0.00619934
0.00395177
0.0108534
0.00322346
0.00207532
0.00190165
0.003568
0.00115939
0.00757221
0.00529479
0.00237522
0.00295358
0.00679699
0.0037733
0.00710824
0.00398356
0.00259248
0.00295445
0.0022386
0.00200234
0.00150822
0.00190346
0.00158792
0.00208669
0.0113597
0.00313274
0.0184912
0.00316333
0.00178803
0.00441699
0.00441243
0.0021861
0.00385147
0.000984592
0.00191214
0.00179194
0.00273735
0.00136415
0.00317474
0.00155323
0.00283163
0.0113325
0.00321604
0.00252506
0.00115072
0.00200943
0.00353536
0.00142163
0.00235417
0.00298696
0.00451634
0.00329152
0.00329823
0.00597635
0.000249493
0.000801161
0.00208168
0.00348729
0.0027869
0.0035801
0.00144707
0.00938406
0.00513432
0.00516552
0.00141282
0.00423345
0.0084418
0.00376591
0.00371811
0.00091218
0.00231499
0.0128187
0.0129581
0.00480393
0.00101986
0.00232868
0.00196281
0.00394326
0.00227079
0.00352911
0.00341323
0.00395008
0.0123969
0.00642098
0.00233925
0.000947899
0.00397074
0.00225801
0.00156758
0.00986982
0.00256693
0.0028372
0.00196055
0.00208011
0.0027632
0.00535178
0.00376314
0.00277651
0.00101665
0.0065566
0.0214005
0.00589514
0.00314267
0.00527543
0.00172076
0.00301613
0.0114923
0.00323286
0.00119792
0.00428412
0.00293002
0.00224001
0.00259414
0.0055352
0.00142341
0.000948719
0.00122866
0.00263507
0.00270372
0.00331102
0.0011058
0.0142252
0.00530003
0.00397509
0.00613432
0.000649294
0.00349114
0.00235612
0.00429707
0.00461857
0.00383553
0.00388796
0.00167853
0.00164109
0.00291862
0.00776718
0.00317286
0.00168092
0.00135752
0.00481897
0.00239582
0.00336271
0.00382872
0.00281812
0.00643025
0.00200468
0.00215884
0.00446931
0.00242753
0.00646714
0.0134697
0.00471279
0.00575897
0.00483414
0.0021337
0.00262068
0.00306138
0.000831494
0.00611522
0.00297352
0.00254504
0.00572782
0.00306692
0.00300116
0.00200704
0.00424849
0.000858272
0.00104227
0.000402866
0.00355783
0.00117238
0.00149071
0.00209513
0.00484938
0.0041686
0.00482109
0.00692257
0.00486454
0.00435335
0.00193771
0.00622486
0.000858845
0.00838244
0.00383255
0.00793192
0.000542124
0.00108469
0.00379465
0.000733676
0.00218793
0.000488976
0.00505924
0.00499464
0.0060722
0.00404825
0.00392836
0.00227872
0.0176686
0.000645088
0.0012184
0.00123615
0.00118433
0.00243886
0.00253535
0.0050308
0.0178889
0.000726024
0.00207669
0.00313587
0.00106443
0.0142693
0.00148926
0.00190476
0.00213524
0.00177558
0.00700012
0.00215245
0.00149285
0.00454131
0.00370067
0.0154793
0.00515887
0.00344826
0.00284774
0.00124691
0.00310639
0.00249624
0.00214827
0.00295581
0.00379065
0.00653861
0.00239256
0.0124994
0.00060725
0.00295445
0.00230811
0.00234743
0.0174094
0.00717491
0.00140954
0.0049235
0.00220603
0.00467405
0.00185724
0.00105867
0.000886704
0.00151121
0.00114479
0.00413839
0.00629411
0.0014078
0.00184719
0.00415275
0.00567898
0.00353313
0.00349222
0.00179017
0.00130177
0.00344825
0.00430972
0.00301354
0.00340356
0.000964064
0.00538124
0.00225177
0.00304514
0.0027924
0.00311984
0.000433822
0.00109285
0.00369751
0.0025087
0.00217347
0.000419728
0.00162236
0.00133785
0.00211536
0.00269398
0.00226986
0.011162
0.000903078
0.00187021
0.00125924
0.00149384
0.00512979
0.00406248
0.0034635
0.00415258
0.00176963
0.00472436
0.000527074
0.00177458
0.00215366
0.00163034
0.00404946
0.00103895
0.00165647
0.00219168
0.00107058
0.00284363
0.0016539
0.00161185
0.000519579
0.00327779
0.00452151
0.000376214
0.00524625
0.00201873
0.00671852
0.00486646
0.00178981
0.010499
0.00439966
0.00521643
0.00119021
0.00188381
0.00239053
0.00442256
0.00557228
0.0015247
0.00512333
0.00162575
0.0012229
0.00248001
0.002401
0.00351928
0.00353758
0.00251884
0.00330806
0.00150864
0.00898619
0.00173719
0.00183661
0.00305474
0.00570642
0.00256279
0.0143742
0.00229193
0.00447127
0.0158121
0.0031128
0.00159535
0.00267444
0.00401141
0.00493975
0.00323994
0.00162104
0.00275132
0.00101876
0.0045558
0.00388001
0.00211966
0.0021831
0.00127527
0.00545626
0.00433175
0.0027911
0.0122333
0.00123853
0.00202936
0.00500386
0.00160108
0.00541396
0.00207626
0.00346815
0.0108131
0.00390197
0.00115823
0.010615
0.00302358
0.00429031
0.00722968
0.00375
0.00641137
0.0038142
0.00274961
0.000817584
0.000390981
0.00229764
0.00533594
0.00642343
0.00456476
0.00146486
0.000948022
0.0201502
0.00123481
0.00237184
0.00819757
0.00018498
0.00204571
0.00232433
0.000191682
0.00604558
0.00237095
0.00602357
0.00336785
0.00274775
0.0027003
0.00194571
0.00173611
0.00237462
0.00286084
0.00683499
0.0113185
0.00437706
0.00304958
0.00155389
0.00331856
0.00126076
0.00160504
0.00178371
0.0133263
0.00234362
0.00140067
0.011073
0.0024729
0.00448622
0.00634444
0.000307901
0.00418297
0.00361297
0.00224205
0.00207372
0.00225379
0.00162035
0.00271671
0.00346986
0.00754625
0.010641
0.00994559
0.0172754
0.00196813
0.00187048
0.00330713
0.00325193
0.00226395
0.00287339
0.00352095
0.00359885
0.00858279
0.00141468
0.00436417
0.00573796
0.00294721
0.007065
0.00199033
0.00207742
0.00196266
0.00494957
0.00193919
0.00223412
0.00234162
0.00226152
0.00458831
0.00281752
0.00418253
0.00141323
0.00047679
0.00356431
0.000839711
0.00479576
0.00844346
0.00210111
0.00226706
0.00335794
0.00204908
0.00192046
0.00410263
0.00290948
0.00184994
0.00233171
0.00142091
0.00414328
0.00164526
0.00931877
0.00402589
0.00205312
0.00181743
0.00336069
0.00328828
0.00239816
0.00703137
0.00291069
0.00639898
0.00567625
0.00326936
0.00460874
0.00547432
0.00147133
0.000437151
0.00166537
0.00269478
0.000941505
0.00317564
0.00297518
0.00119901
0.00239265
0.00348945
0.00190287
0.00218344
0.00234642
0.0028038
0.00166454
0.00397801
0.00431567
0.0048033
0.000762079
0.00244571
0.00371306
0.00369572
0.00146668
0.00217862
0.00365459
0.00293843
0.00211196
0.00174477
0.0097012
0.0028791
0.00123965
0.0017531
0.00292046
0.00100471
0.00202721
0.00170766
0.00398804
0.00314715
0.00510644
0.00461782
0.00482135
0.00564212
0.000809513
0.00210121
0.00273421
0.00151494
0.0040049
0.00183676
0.00535799
0.000292931
0.00800281
0.00428171
0.00329365
0.0139568
0.00170376
0.00230786
0.00574204
0.0011711
0.0019636
0.0046291
0.00140281
0.00289112
0.00242861
0.000939914
0.00261787
0.00211614
0.00245456
0.00443672
0.0132611
0.00479011
0.00163072
0.00221834
0.00695618
0.00907185
0.00294943
0.00154246
0.00244592
0.0108863
0.001159
0.00393663
0.00359462
0.000853625
0.00405746
0.00243289
0.00681218
0.00367604
0.000618779
0.00411872
0.00541878
0.00262463
0.00564564
0.0024479
0.00369044
0.0121849
0.00156486
0.00214215
0.0055854
0.00201917
0.00294284
0.00123428
0.00266935
0.00228642
0.00429357
0.00211206
0.00284855
0.00220732
0.00425478
0.00232839
0.00509479
0.00292171
0.000779951
0.0117826
0.00202887
0.000576087
0.0046422
0.00245241
0.00345976
0.000967609
0.00266424
0.00556548
0.00271057
0.00162382
0.0033609
0.0107793
0.00375477
0.00321531
0.00185581
0.00329139
0.000888615
0.00396704
0.00440456
0.00356588
0.00261777
0.00471839
0.00511933
0.00160968
0.00153046
0.0013992
0.00476807
0.00102745
0.00263627
0.00129375
0.000961196
0.000716071
0.00546315
0.00042806
0.00159283
0.00150672
0.00352596
0.005242
0.00343466
0.00247972
0.00338892
0.00505078
0.00121298
0.000189222
0.00385762
0.00117283
0.00264799
0.00640501
0.00419239
0.00187674
0.00387084
0.00455571
0.00278373
0.00400778
0.00289974
0.00251129
0.00270863
0.00224048
0.00836366
0.00171973
0.00275337
0.0028663
0.00383468
0.0014214
0.00165212
0.00318746
0.00268658
0.0106541
0.00385645
0.00843315
0.0120099
0.00293712
0.00729403
0.00536556
0.00319002
0.00250363
0.00179319
0.00610909
0.0103455
0.00109429
0.00379923
0.0028328
0.00415982
0.00444407
0.00404493
0.00188777
0.000955963
0.00435658
0.00472129
0.00303885
0.00424076
0.00231911
0.0102749
0.00315212
0.00306979
0.00555202
0.00532245
0.00132475
0.0212257
0.00151312
0.00157724
0.00120335
0.000457803
0.00496666
0.00352227
0.0062131
0.00281684
0.0155239
0.00327792
0.00223793
0.00318147
0.00305179
0.00130329
0.0121738
0.00337959
0.000690142
0.00280211
0.00449377
0.00105183
0.00248977
0.00745437
0.00296355
0.00271169
0.000687616
0.00190715
0.00102845
0.00109481
0.00055151
0.00200113
0.0043942
0.0047502
0.0036829
0.00147361
0.00400968
0.00197801
0.00230808
0.00112054
0.00284711
0.0065663
0.00536863
0.00648888
0.00410102
0.00204464
0.00137763
0.00144501
0.00206656
0.00273548
0.00175047
0.00172653
0.00466036
0.00182234
0.00328645
0.00101396
0.00116371
0.00138801
0.00585058
0.00402796
0.00492145
0.00338546
0.00310682
0.00255676
0.00265175
0.000964061
0.0023116
0.00186711
0.00495549
0.00193861
0.00375895
0.000482002
0.0025375
0.00227049
0.00721886
0.0115225
0.00190814
0.00196537
0.00182828
0.00188565
0.00284987
0.00128022
0.00177479
0.00636437
0.00279818
0.00193456
0.00271075
0.00326929
0.00265483
0.00284699
0.00272566
0.00222608
0.00315465
0.00454518
0.00643526
0.00404637
0.0033339
0.00377349
0.00225095
0.000753986
0.00209344
0.00394653
0.00161171
0.00310322
0.00173794
0.0127112
0.00517873
0.00113781
0.00982939
0.00228855
0.00168541
0.00399436
0.00455515
0.00176338
0.00252665
0.00569833
0.00275931
0.00305423
0.00186414
0.000813248
0.00319753
0.00597474
0.0134051
0.00242592
0.00662284
0.00179313
0.000228287
0.00659894
0.00470608
0.00194485
0.00340115
0.00128422
0.0220032
0.00196288
0.00226126
0.00296264
0.00115674
0.00253911
0.00309857
0.00317212
0.00610376
0.00115609
0.00138044
0.00380259
0.0021531
0.00462959
0.000927592
0.00268118
0.0192323
0.00541159
0.00281859
0.0015827
0.00480409
0.0123596
0.0022731
0.00310652
0.00330186
0.00648819
0.00391426
0.00054794
0.000714297
0.00498394
0.00214825
0.00077927
0.00410492
0.00592991
0.000419659
0.00442759
0.000677073
0.0020711
0.00226752
0.00217542
0.000659221
0.00405486
0.00148032
0.00212733
0.00546054
0.00345888
0.00510209
0.0212513
0.00249012
0.0027053
0.00138666
0.00438608
0.0015942
0.00187185
0.000845931
0.0032347
0.00185058
0.0173863
0.00311198
0.011789
0.00196533
0.0126782
0.00322824
0.00179079
0.00268302
0.00404427
0.00370008
0.0012505
0.00121296
0.00260461
0.00355514
0.00271008
0.00127311
0.00312141
0.00329461
0.00179423
0.00551789
0.000613654
0.00284577
0.000688312
0.001477
0.00171634
0.00323439
0.00275866
0.00388004
0.00884074
0.00589738
0.00164466
0.00491068
0.00141833
0.000452744
0.00441932
0.020226
0.0101675
0.000831861
0.00281016
0.00446922
0.00206339
0.00167801
0.00208408
0.000567158
0.00364543
0.00384496
0.00140089
0.00239923
0.00569196
0.00594268
0.00211523
0.00244755
0.00261321
0.00715251
0.0011893
0.00241559
0.000647155
0.00189187
0.00482335
0.0123022
0.00512731
0.00415163
0.0233959
0.00474312
0.00126804
0.00174741
0.00525578
0.00239368
0.00383966
0.00258567
0.00160465
0.00432362
0.00254639
0.0175912
0.000576699
0.00537517
0.00260672
0.00347353
0.00284878
0.00341053
0.00226197
0.00413219
0.00252014
0.00131033
0.00311928
0.00274405
0.00494412
0.00392705
0.00151394
0.00171544
0.00273778
0.00447535
0.00245505
0.00125275
0.00462175
0.00142525
0.00193069
0.00311509
0.00261553
0.00736638
0.0025809
0.00249227
0.00150579
0.00312346
0.000891331
0.00133106
0.00102502
0.00296354
0.00351533
0.00367567
0.0167218
0.0024485
0.00114124
0.00228425
0.002571
0.000984809
0.00909062
0.00828029
0.00304189
0.00208442
0.00102937
0.00112891
0.00567676
0.00471784
0.00848853
0.00230878
0.00607002
0.0010743
0.00153855
0.000734138
0.00659931
0.00211016
0.00200865
0.00279724
0.000741523
0.00476967
0.00442975
0.00850764
0.00536725
0.00713289
0.00128423
0.000403798
0.00274458
0.00293232
0.00323791
0.00929434
0.00434632
0.00217021
0.00170079
0.00194007
0.00144137
0.00187464
0.00607183
0.00256552
0.00370529
0.00430806
0.00264905
0.00395379
0.00310824
0.00262699
0.00242727
0.0110722
0.00499862
0.00379346
0.00416295
0.00359169
0.00157883
0.00402809
0.00231833
0.0140277
0.00347819
0.0025426
0.00210339
0.00149906
0.00138363
0.00379446
0.00608972
0.00687846
0.00304305
0.00313457
0.00521488
0.0013508
0.0030268
0.00414792
0.00400314
0.00248443
0.00369033
0.00776531
0.0146698
0.00217834
0.00119748
0.00444334
0.00231265
0.00398932
0.00372689
0.00145071
0.00420418
0.00466381
0.00240075
0.00158868
0.00126499
0.0027544
0.00241259
0.0049373
0.00462107
0.000885201
0.00433077
0.0141702
0.00176494
0.00520015
0.00461238
0.000844479
0.00113698
0.00191084
0.00358604
0.00100748
0.000964892
0.00142953
0.00169018
0.00326442
0.000754493
0.00255728
0.00347243
0.00297107
0.00275764
0.000574894
0.00195758
0.00100858
0.00145348
0.00842632
0.00144977
0.00444315
0.00298216
0.0042187
0.00271923
0.00219403
0.00137586
0.0031449
0.00325306
0.00377998
0.00260032
0.00137029
0.00370755
0.00319048
0.00254419
0.018927
0.00297308
0.00507686
0.000651989
0.00193292
0.00219126
0.00191637
0.00545053
0.00305149
0.00505303
0.000171917
0.0046819
0.00129909
0.00186511
0.00307848
0.00105269
0.00125133
0.00492094
0.00455903
0.00127816
0.00222864
0.00423383
0.00320193
0.00231976
0.00460062
0.00345561
0.00445128
0.00106523
0.00291232
0.0056559
0.00492626
0.00110809
0.00293315
0.00393328
0.00136932
0.00519272
0.00201502
0.00649777
0.00519527
0.00711903
0.0140515
0.0030302
0.00356723
0.00112324
0.0035764
0.00251303
0.00235741
0.002098
0.00174461
0.00160883
0.00555119
0.00225155
0.00131527
0.00211806
0.00354096
0.00171314
0.0205375
0.00721699
0.00182594
0.00499296
0.00213116
0.00192909
0.00373995
0.00337961
0.00264799
0.000591302
0.00378513
0.00200519
0.00292893
0.00573075
0.00355382
0.00365117
0.00148425
0.0017702
0.00264753
0.00232918
0.0105678
0.0055674
0.00130307
0.00316611
0.00276091
0.00124614
0.00270502
0.00354175
0.0124547
0.000935698
0.00291796
0.00250873
0.00200448
0.00686893
0.00316315
0.0110277
0.00185822
0.00181458
0.00296398
0.00277765
0.00503085
0.00411256
0.000879716
0.00160246
0.00350712
0.00160202
0.00487877
0.000751557
0.0010092
0.0120202
0.00429349
0.00142119
0.00431133
0.00179592
0.000569898
0.0134556
0.00207115
0.00185265
0.00239318
0.00135398
0.00391204
0.000898818
0.00607089
0.00882688
0.00263752
0.00324206
0.00132657
0.00498994
0.000517335
0.00604822
0.000553755
0.00181699
0.00209866
0.00551859
0.00291183
0.00481082
0.0039045
0.00705431
0.00869019
0.00157696
0.00508771
0.000841587
0.00222239
0.000475652
0.00308008
0.00272349
0.00257885
0.00333401
0.00355788
0.00128863
0.00210841
0.002865
0.0142578
0.00217549
0.00257861
0.00377118
0.00204877
0.00130586
0.0125428
0.00291416
0.00082936
0.00167874
0.00986896
0.0022417
0.00213438
0.00375696
0.00226575
0.0135172
0.00289825
0.00153844
0.00357237
0.00207075
0.00168334
0.00161313
0.000702089
0.00329543
0.00346081
0.00279594
0.00149647
0.00365453
0.00855685
0.00215294
0.00176354
0.00170361
0.00269991
0.00321681
0.00178544
0.00419774
0.00505055
0.00112155
0.0014714
0.00101295
0.0109396
0.00273071
0.0027675
0.00241197
0.00546277
0.00303094
0.00123139
0.00112087
0.00171107
0.0096574
0.00322665
0.00232281
0.00243405
0.00441367
0.00211403
0.000543695
0.00178954
0.00229768
0.00103956
0.00309444
0.00326371
0.00472343
0.00232889
0.00261326
0.0177748
0.00236942
0.00269873
0.00145833
0.00417862
0.00210576
0.00335712
0.00117638
0.00134949
0.00768866
0.00134441
0.00146184
0.00480197
0.00232454
0.00459868
0.00158073
0.00114778
0.00127503
0.00339636
0.00593396
0.0229179
0.00149475
0.00538056
0.00431569
0.00209362
0.00349543
0.00194305
0.00922595
0.00419407
0.00539592
0.00151984
0.000921147
0.0220042
0.00204611
0.00266131
0.00158509
0.00184889
0.00207311
0.00641796
0.00469187
0.00227455
0.00150523
0.00227919
0.00316285
0.00297872
0.00226458
0.00601251
0.00333984
0.000922583
0.00114769
0.00400139
0.00106838
0.00578256
0.00203957
0.00179805
0.00335609
0.0127125
0.0020117
0.00259347
0.00199611
0.00382719
0.00128378
0.00412218
0.00397606
0.00793414
0.00248498
0.00286985
0.00155279
0.00224017
0.0030351
0.000404431
0.00179094
0.00376124
0.00208109
0.00066232
0.00686644
0.00727928
0.00330697
0.00570087
0.00537876
0.003094
0.0026653
0.000741689
0.00214813
0.00118638
0.00302833
0.00218035
0.00223399
0.0116049
0.00864677
0.00294126
0.00426005
0.00401441
0.00151334
0.00301341
0.00178474
0.00716071
0.00115581
0.0031062
0.00334845
0.00176081
0.00346574
0.00340761
0.00344232
0.0105809
0.00190078
0.00199779
0.00335662
0.0048467
0.00307077
0.00374802
0.00391191
0.00210072
0.00179204
0.0133542
0.0125595
0.00197108
0.00428137
0.00146951
0.00648815
0.00325134
0.00527543
0.00227074
0.00349805
0.00189919
0.00330747
0.0028912
0.00101438
0.00147293
0.00431926
0.00107354
0.00113743
0.00193415
0.00238471
0.00302108
0.00238244
0.00332857
0.00122956
0.00102463
0.00268217
0.0062367
0.00314346
0.00437933
0.00358041
0.00636672
0.00130436
0.001954
0.0026126
0.0126829
0.00565113
0.00278908
0.0040392
0.00413156
0.00145278
0.00462107
0.00197983
0.00299957
0.015874
0.00329474
0.00562673
0.00421611
0.00168608
0.00184145
0.00118731
0.00166689
0.00490081
0.00287727
0.00275751
0.00453459
0.000201904
0.00205894
0.00285516
0.00209597
0.0160782
0.00112011
0.00140163
0.00469162
0.0197637
0.00294845
0.00372097
0.000787256
0.00991705
0.00411131
0.00190892
0.00644606
0.0173619
0.00544614
0.000324186
0.00108376
0.0100119
0.0028797
0.00217839
0.00568268
0.00457366
0.00253856
0.00208334
0.00549693
0.00320663
0.00326874
0.000873742
0.00239264
0.00226391
0.00149908
0.00370847
0.00239372
0.000908037
0.00447875
0.00515216
0.00364487
0.00953995
0.0164554
0.00259752
0.00427353
0.00902653
0.00472077
0.00354136
0.00985036
0.00405629
0.00450293
0.00283988
0.00860816
0.00531158
0.0057113
0.00119955
0.00102525
0.00140733
0.00233102
0.00419521
0.000514679
0.00281061
0.00535113
0.00240744
0.00254903
0.00343744
0.00109368
0.000836832
0.00479329
0.00364498
0.014516
0.00270391
0.00378062
0.000397893
0.00204024
0.00423376
0.000478981
0.00379519
0.00267506
0.00208001
0.00259653
0.00131089
0.00682364
0.0101882
0.00374112
0.00335695
0.00434392
0.00669967
0.00204239
0.002288
0.000480435
0.00815938
0.002763
0.00558257
0.00317654
0.00117579
0.00166531
0.000940957
0.00632212
0.0031374
0.00178238
0.00440433
0.000820132
0.00328875
0.00394605
0.000587302
0.000968376
0.000340508
0.00366823
0.00544063
0.00241303
0.0101005
0.00205835
0.00237168
0.00335922
0.00235375
0.00108281
0.00428795
0.00229728
0.00451576
0.00130843
0.00472988
0.00533752
0.00315039
0.00273115
0.00285875
0.00576891
0.00161826
0.000827783
0.00777542
0.00451807
0.00138845
0.00414517
0.00279616
0.00102321
0.00292619
0.00113497
0.000880765
0.00269686
0.005578
0.00257944
0.00233922
0.00319041
0.00536052
0.0032326
0.00101886
0.00189797
0.00116563
0.0017583
0.00200335
0.00183637
0.015055
0.00369798
0.00279046
0.00291702
0.00404141
0.00619041
0.00170638
0.00204415
0.00522136
0.00413239
0.00391874
0.00454002
0.00237316
0.00445952
0.00472248
0.00506951
0.00266565
0.0046827
0.00140821
0.00109843
0.00217433
0.00298672
0.0206653
0.0144861
0.000876931
0.00251466
0.00451668
0.00784377
0.00410955
0.00197368
0.00565578
0.00119641
0.00287532
0.00176886
0.00179605
0.00140227
0.00132949
0.00286984
0.000757707
0.00266088
0.00662448
0.00307692
0.00192153
0.00699827
0.00266818
0.00204384
0.00538136
0.00344792
0.00539113
0.000594856
0.00386035
0.0026949
0.00185381
0.00305847
0.00202564
0.00275015
0.00128112
0.00464085
0.00198457
0.00164346
0.0118694
0.0186048
0.00734385
0.00157196
0.00243503
0.00929796
0.00151761
0.00451528
0.00175836
0.000875214
0.00704259
0.00536345
0.00168081
0.00728558
0.00344621
0.00201173
0.00345136
0.00388589
0.00259433
0.00120485
0.00182144
0.00419377
0.0034449
0.00628799
0.00208936
0.00930009
0.00499104
0.00502677
0.00275633
0.00176182
0.00114952
0.00949932
0.0173119
0.00128395
0.00358204
0.00209098
0.0161343
0.00323098
0.0116707
0.00173538
0.0106544
0.000799653
0.00286438
0.00198212
0.00122575
0.00326818
0.0042196
0.00271766
0.00138036
0.0169351
0.00372997
0.00240907
0.00344916
0.000282671
0.00263524
0.00365089
0.00179503
0.00176978
0.00484446
0.00441705
0.0139377
0.00389701
0.00459118
0.00466246
0.00415555
0.00330589
0.00603429
0.00172572
0.00347297
0.00953046
0.00336223
0.00184847
0.00404682
0.00298472
0.000665807
0.00476632
0.00167614
0.0120225
0.00274393
0.00230215
0.00381791
0.00410085
0.00386854
0.000451059
0.00519967
0.00119003
0.00406312
0.00160594
0.00323743
0.0016166
0.00294281
0.00372612
0.00223125
0.00331886
0.00734866
0.00196737
0.00269459
0.00148448
0.00327625
0.00435708
0.00131368
0.00284283
0.00574144
0.00392337
0.00435506
0.00301075
0.00341475
0.00975063
0.00185657
0.00236248
0.00452731
0.00282449
0.00254449
0.00476916
0.00553653
0.00146167
0.00452993
0.00313532
0.00313883
0.00150289
0.00764681
0.00664168
0.0131088
0.00217613
0.00719962
0.00315739
0.00198755
0.00812309
0.000947955
0.00317771
0.00328848
0.00300314
0.00299798
0.0021902
0.00228823
0.00476239
0.00274754
0.00200179
0.00283258
0.000275737
0.00242557
0.00296275
0.00441611
0.00255913
0.00481344
0.00756084
0.00192133
0.00349114
0.00102247
0.00619959
0.00208073
0.000355757
0.00182134
0.00377562
0.00297944
0.00397814
0.00344173
0.0126596
0.00275436
0.00141168
0.00586998
0.00196414
0.00615567
0.00182783
0.00149246
0.00444187
0.00594736
0.00158714
0.0159178
0.000719294
0.00152634
0.0028607
0.00197981
0.00249219
0.00288867
0.0023477
0.00253174
0.00126722
0.00107755
0.00164353
0.00364568
0.0018791
0.000609423
0.00350834
0.000990055
0.00152688
0.00697465
0.00425934
0.00293333
0.00978762
0.00122974
0.00414452
0.0035709
0.00125086
0.000652093
0.00583868
0.00444591
0.00299293
0.00306215
0.00123173
0.00332789
0.00230927
0.00557228
0.00302348
0.0107965
0.00142293
0.00247803
0.00353449
0.00227076
0.003031
0.00744933
0.00234165
0.00346263
0.00544388
0.0156166
0.00147966
0.00723933
0.00250703
0.00339716
0.00306669
0.00390942
0.00330744
0.00112433
0.00291736
0.0056947
0.00234686
0.00200742
0.00301528
0.0020693
0.00221043
0.00647006
0.00149449
0.00357769
0.00488753
0.00255259
0.00254617
0.00443006
0.00195715
0.00198557
0.00461645
0.000886317
0.00353123
0.0021606
0.00483725
0.0107379
0.0021911
0.00258585
0.000980871
0.00630681
0.00233589
0.00107287
0.0027936
0.00292804
0.00440213
0.00199942
0.00300707
0.00306045
0.00163666
0.0013497
0.00354432
0.00228102
0.0131989
0.00161105
0.00277301
0.00160351
0.00238257
0.000537987
0.0068137
0.000912768
0.00425995
0.00430955
0.00445105
0.00264553
0.0104906
0.00185891
0.00328835
0.00334253
0.00301323
0.00426133
0.00206736
0.00087931
0.00980049
0.00265566
0.000862752
0.000633494
0.00669153
0.00171924
0.00139545
0.00205278
0.0167417
0.00414358
0.00287084
0.00132395
0.0011114
0.00230915
0.00628071
0.0193395
0.00425416
0.00943946
0.00334131
0.00535295
0.0022447
0.00126343
0.00217771
0.00504645
0.0039265
0.00205442
0.00263435
0.00174613
0.00376883
0.00705543
0.0050741
0.00309356
0.00176117
0.00519393
0.00272755
0.00222394
0.00185063
0.00453109
0.0056128
0.00213016
0.0025451
0.00350851
0.000965917
0.00256235
0.00173676
0.0024267
0.00392029
0.00183216
0.00727841
0.00368685
0.00116076
0.00306584
0.00566406
0.00128653
0.00638998
0.0025935
0.00340459
0.000410904
0.00149676
0.00130277
0.00580003
0.00100322
0.0085723
0.00219173
0.0025676
0.00196985
0.00335905
0.00305801
0.000858042
0.00569598
0.0193148
0.00238855
0.0129447
0.00975325
0.0024894
0.00263427
0.000980507
0.00274545
0.0039812
0.00499492
0.00310245
0.0172829
0.00557209
0.00280939
0.00475419
0.00325207
0.00383927
0.00169094
0.00150802
0.00360267
0.00234836
0.00379729
0.00415042
0.0016486
0.0030917
0.00289441
0.00387916
0.00412514
0.00371277
