0.0276594
0.0836934
0.049922
0.07145
0.0658649
0.0252722
0.0840497
0.0831441
0.0638686
0.0559382
0.104401
0.0207794
0.0467637
0.0664564
0.109825
0.0572726
0.0313669
0.150586
0.114366
0.052243
0.0587801
0.0455755
0.0543291
0.0381923
0.0281506
0.120639
0.020747
0.043775
0.127816
0.0740406
0.0412492
0.0198324
0.0884612
0.0237348
0.0906123
0.0937775
0.113048
0.021912
0.0509901
0.122762
0.0331992
0.045049
0.0408056
0.0345278
0.0730475
0.0749575
0.0721215
0.0310057
0.0608582
0.0259883
0.0193811
0.0601955
0.109495
0.0362377
0.116582
0.0632135
0.0297081
0.0193712
0.107915
0.0487841
0.078217
0.107456
0.0469027
0.0532923
0.05228
0.0811238
0.0284013
0.0151447
0.0443266
0.0620863
0.0752267
0.0632991
0.0637306
0.0842398
0.0923473
0.0865418
0.0668536
0.0270427
0.114939
0.037851
0.107922
0.106809
0.0401291
0.0811611
0.0463148
0.0795064
0.0956552
0.0497131
0.114235
0.0334469
0.0292213
0.0682551
0.0896278
0.0219949
0.0297179
0.0957605
0.0350044
0.0533978
0.0797388
0.0214076
0.0404018
0.102388
0.104061
0.0976606
0.115973
0.0974553
0.0830892
0.0588044
0.0579459
0.0440465
0.0584627
0.138727
0.0376475
0.0457236
0.0602342
0.117498
0.0370669
0.0811636
0.0402974
0.0598558
0.0483932
0.0549338
0.0451569
0.0613359
0.0249672
0.0295815
0.0415069
0.0963242
0.113555
0.0143285
0.0540859
0.0363527
0.0750102
0.0407029
0.0664642
0.0371287
0.0308129
0.0712515
0.144119
0.077305
0.0539547
0.0360091
0.0673613
0.0476639
0.0953914
0.0395506
0.066191
0.096106
0.0371911
0.114904
0.0436024
0.0704092
0.077393
0.0364971
0.0312482
0.0450333
0.0343972
0.107185
0.0524807
0.0394957
0.0771424
0.0852994
0.0568378
0.0104438
0.0751289
0.0710643
0.0505735
0.118989
0.0338368
0.076985
0.0247214
0.0706631
0.0949789
0.00524899
0.106351
0.100907
0.0979104
0.0553659
0.0389384
0.100654
0.124974
0.0593032
0.0780554
0.082405
0.0281376
0.0409598
0.106161
0.0521868
0.0664291
0.0207052
0.0331593
0.12202
0.121854
0.0806436
0.122076
0.0904482
0.0278258
0.0553314
0.0554698
0.0328709
0.0365096
0.0413295
0.0599864
0.0572719
0.0432477
0.0226743
0.0541639
0.0550541
0.102055
0.0416957
0.0618264
0.0438318
0.0985474
0.056126
0.0424667
0.00390928
0.0974988
0.0464655
0.0349429
0.0536802
0.0921804
0.0254797
0.0291352
0.050859
0.0535552
0.0748176
0.0248886
0.0387725
0.040064
0.0160211
0.104036
0.0571637
0.0727689
0.0278208
0.0685504
0.0496227
0.0754999
0.102326
0.0475722
0.032275
0.0563661
0.046067
0.0958391
0.0561843
0.0266584
0.0572665
0.0155387
0.0598599
0.0499357
0.0663127
0.0772291
0.0334305
0.0592175
0.0488361
0.113185
0.0415058
0.014087
0.0700215
0.0317323
0.0924085
0.045769
0.067998
0.0170662
0.0496906
0.0172369
0.0227976
0.099191
0.0816962
0.0382783
0.0906701
0.0602389
0.0584875
0.103773
0.0918915
0.0995625
0.108928
0.100715
0.0695842
0.0427139
0.0282261
0.0462313
0.0463861
0.00799867
0.0436417
0.0284491
0.0857927
0.0677835
0.0461701
0.00337266
0.111546
0.11753
0.0439058
0.0979968
0.0833163
0.0567623
0.00976831
0.0103658
0.0292352
0.155444
0.0785679
0.0759129
0.0614574
0.0460681
0.0238211
0.138118
0.0531306
0.0211632
0.0311398
0.0979945
0.0490027
0.039199
0.0465875
0.0310076
0.0592661
0.113555
0.0698577
0.0336598
0.0657048
0.0377119
0.0635431
0.0940227
0.0647281
0.100087
0.101242
0.0486075
0.0890459
0.100792
0.0187062
0.0756898
0.0344478
0.0301382
0.0708147
0.0860699
0.0682711
0.0434501
0.0752171
0.051431
0.0630885
0.0672847
0.0918742
0.0707824
0.0415377
0.031051
0.0791855
0.0915732
0.0602331
0.0709652
0.10612
0.0474361
0.0739951
0.0685476
0.0506591
0.0662213
0.0343495
0.0472871
0.0645896
0.0506787
0.0532833
0.0646056
0.177179
0.0547032
0.0296264
0.0533989
0.0649798
0.031833
0.0512979
0.0908045
0.00998028
0.0409113
0.0499363
0.0435991
0.0941391
0.0630272
0.101434
0.0295271
0.066769
0.0449156
0.105773
0.0197252
0.0932516
0.0541186
0.0427526
0.00914401
0.0524078
0.0380778
0.0776839
0.097998
0.0523506
0.0349984
0.0357851
0.0487376
0.0890025
0.0723048
0.07844
0.0355072
0.0465168
0.0548021
0.0409274
0.108847
0.055302
0.0705862
0.0474365
0.0282195
0.0960193
0.0755815
0.0636741
0.0214366
0.100031
0.0337484
0.0417167
0.0774686
0.0503484
0.0665121
0.0463592
0.0397881
0.0156141
0.00453455
0.0213837
0.120472
0.0790362
0.0316298
0.0423358
0.0361716
0.0656899
0.0973189
0.0956701
0.0413188
0.0452692
0.128383
0.0556647
0.044051
0.0625884
0.0655048
0.0973081
0.0310087
0.097715
0.0714235
0.02255
0.0222924
0.0640688
0.0652854
0.0765409
0.0524203
0.0791936
0.0674639
0.0373922
0.0129973
0.0598125
0.0715286
0.0705505
0.0817732
0.0615752
0.0119218
0.0175242
0.0482566
0.0924524
0.0613586
0.0794792
0.0354047
0.0284082
0.0372403
0.122443
0.0689507
0.048255
0.0358464
0.0864932
0.0432948
0.0842059
0.0523164
0.0180888
0.0672008
0.0552039
0.0483615
0.0557049
0.0218049
0.0625436
0.0810444
0.0458555
0.0526483
0.112326
0.0749738
0.0676724
0.0318199
0.0255477
0.124912
0.0246308
0.113995
0.101113
0.0992611
0.0328987
0.0769885
0.0378612
0.0359047
0.109372
0.0543412
0.0529115
0.0801701
0.0515721
0.0193955
0.0730982
0.0642544
0.0508397
0.0406614
0.0441636
0.0303769
0.0313961
0.0237884
0.0485937
0.0746938
0.0342226
0.0879236
0.0403101
0.024928
0.0520325
0.0222092
0.0782166
0.0259661
0.0789828
0.0549927
0.0397556
0.0629858
0.0726298
0.0515288
0.0937534
0.0978817
0.0355517
0.0668994
0.115667
0.0217283
0.0279048
0.0369537
0.0971115
0.033023
0.0612925
0.0294056
0.0836284
0.0604322
0.0330844
0.118963
0.0698597
0.0522923
0.0330823
0.0882395
0.0935675
0.126413
0.0648665
0.0787523
0.131046
0.053033
0.121915
0.0767709
0.00418683
0.0282821
0.0935669
0.0406693
0.0558437
0.0359674
0.0428776
0.0815759
0.084744
0.0874775
0.0419414
0.0465312
0.0394285
0.0574577
0.0532443
0.0210695
0.0894613
0.103511
0.0242878
0.0649756
0.029977
0.071024
0.0961234
0.0296919
0.0614839
0.0348877
0.0720753
0.155424
0.160224
0.0149297
0.0257964
0.0408363
0.0368719
0.0663278
0.066922
0.0376525
0.0358311
0.0433217
0.0215427
0.0939005
0.0600876
0.067807
0.0665659
0.0442499
0.0416676
0.0538047
0.0192076
0.0162869
0.0288465
0.0532957
0.0261542
0.0665767
0.0314879
0.039211
0.0361505
0.0409812
0.102684
0.074512
0.0162569
0.0543085
0.0479554
0.0764868
0.0807164
0.117561
0.0268131
0.109661
0.0379651
0.0749663
0.0549741
0.102276
0.035005
0.0593137
0.0543538
0.0480861
0.0792267
0.0838163
0.0216935
0.0932732
0.0557202
0.0182583
0.121982
0.0457847
0.0771495
0.00174965
0.112097
0.0139829
0.0553574
0.0788031
0.0460973
0.0776904
0.054925
0.0630335
0.128752
0.00163267
0.120278
0.0583997
0.0316145
0.0274824
0.0283657
0.0168868
0.0247171
0.0336983
0.0340164
0.0454125
0.0399949
0.107083
0.0321113
0.0579151
0.14888
0.148686
0.0659466
0.0884197
0.0384139
0.0247246
0.0584581
0.0926929
0.0579296
0.0694972
0.0762919
0.00950039
0.0517147
0.00718328
0.0417644
0.00876225
0.0695771
0.113916
0.0858809
0.0453545
0.0293346
0.0412384
0.0248765
0.0697241
0.073878
0.0456527
0.0522475
0.0524425
0.142538
0.0888619
0.0777866
0.0685416
0.104008
0.0481741
0.0563475
0.0738471
0.036545
0.0597015
0.0454508
0.0639011
0.0405776
0.155999
0.0322079
0.0467237
0.030257
0.0256541
0.0759498
0.140148
0.128384
0.0232141
0.0608596
0.0203256
0.0421622
0.0354917
0.00887793
0.0883249
0.0601713
0.0320663
0.0489334
0.0460775
0.0683959
0.0131612
0.0594252
0.105953
0.0979564
0.0261303
0.0417885
0.0692283
0.0506614
0.153838
0.0621531
0.0932296
0.0951084
0.0318437
0.0418665
0.0438659
0.120123
0.0190125
0.0518124
0.0708966
0.0538302
0.0523047
0.0985481
0.0542673
0.0352779
0.0983926
0.0567859
0.0212446
0.0733965
0.0703936
0.00773237
0.0427873
0.0267096
0.0287663
0.123009
0.0847683
0.0388925
0.0664746
0.0189427
0.0315934
0.0946314
0.145058
0.05622
0.0478499
0.062345
0.0382293
0.0703867
0.0566348
0.0897368
0.0705638
0.0591528
0.0534526
0.109592
0.0327707
0.0760199
0.0561762
0.0570524
0.0727867
0.0516746
0.0152636
0.0252486
0.0460925
0.113504
0.0405952
0.0393706
0.0722871
0.027801
0.0836962
0.0403434
0.0366838
0.0599697
0.0498685
0.119093
0.0570953
0.0754051
0.0778018
0.0858952
0.140886
0.0300288
0.0727786
0.0729758
0.0486761
0.0308418
0.0511543
0.0197835
0.0773709
0.0303523
0.0503922
0.0438489
0.0790272
0.0548089
0.0586919
0.0626315
0.101843
0.0588945
0.0479662
0.100695
0.077081
0.0721535
0.0982296
0.148471
0.0667543
0.031381
0.0120367
0.0793149
0.0635199
0.0956006
0.0375489
0.103431
0.103014
0.0463939
0.0157107
0.0672411
0.0761241
0.0334478
0.0403086
0.10962
0.0152894
0.0875103
0.0736869
0.0156685
0.0344541
0.104163
0.0718025
0.0658892
0.0671547
0.0701751
0.155283
0.123148
0.0175624
0.0205344
0.103195
0.0401611
0.0526891
0.103736
0.0209947
0.028335
0.0483988
0.0514664
0.0677309
0.0760363
0.0553535
0.0592367
0.0315155
0.0812478
0.086519
0.0593254
0.0741655
0.0515857
0.0833082
0.071508
0.0743035
0.0506178
0.0727855
0.069811
0.0858266
0.0510995
0.11348
0.0714998
0.0222376
0.0529305
0.0333969
0.0306285
0.0358416
0.0155417
0.0277836
0.0617367
0.0665491
0.116687
0.0863062
0.0466757
0.0650433
0.0471365
0.00726546
0.126976
0.0413989
0.0482921
0.0451976
0.0881672
0.171696
0.0487535
0.0602388
0.0516515
0.0520225
0.0331921
0.0491877
0.0322528
0.0629379
0.0094834
0.0977563
0.0668292
0.160307
0.0801969
0.0970534
0.0459355
0.0360203
0.0868446
0.0493983
0.0703041
0.0317811
0.0508848
0.0301045
0.0431017
0.066489
0.0998784
0.0551866
0.0325023
0.0269385
0.071244
0.0628327
0.0624014
0.0284289
0.0516026
0.0307523
0.114257
0.0308268
0.0676413
0.0876142
0.0807608
0.0362488
0.0816645
0.0425923
0.0384134
0.0446275
0.0418873
0.0421786
0.0702413
0.0446399
0.0290473
0.101465
0.101778
0.0179327
0.0673647
0.0956815
0.0204199
0.101343
0.0600288
0.0993196
0.0425431
0.0429275
0.0525423
0.0717359
0.0849658
0.102132
0.0272686
0.0874047
0.0616317
0.0471811
0.0776379
0.0210459
0.0115063
0.0233569
0.0272766
0.026186
0.00742754
0.0938877
0.0407788
0.0898119
0.0557084
0.0612488
0.0897629
0.100696
0.0136076
0.103752
0.0188022
0.101016
0.118572
0.0527853
0.0277542
0.0658049
0.120625
0.0719541
0.079841
0.1085
0.114581
0.0441055
0.077908
0.0226819
0.0686303
0.0747399
0.108899
0.0920125
0.0643303
0.111111
0.0475243
0.0253173
0.0305821
0.0855523
0.0640519
0.0695843
0.0387545
0.0601735
0.0470783
0.0919613
0.0855044
0.031971
0.0357455
0.0463326
0.0414303
0.0734077
0.0395351
0.0437992
0.0939798
0.041601
0.0472545
0.0408863
0.0993005
0.0884434
0.0397638
0.09337
0.0511124
0.0377405
0.0463512
0.036931
0.147911
0.079161
0.0802704
0.058193
0.0419074
0.0766869
0.0888794
0.0361254
0.0851036
0.0453557
0.081207
0.0642306
0.0383321
0.00185039
0.0800757
0.0603867
0.0579953
0.0625062
0.102346
0.0468797
0.0700959
0.0298171
0.0965148
0.0314268
0.129213
0.0508578
0.0247392
0.0249609
0.0485762
0.082856
0.0569483
0.0218218
0.0617906
0.0442046
0.0429321
0.154916
0.11649
0.0427452
0.0338867
0.0499676
0.0123581
0.0586798
0.0493049
0.0733244
0.0236688
0.107993
0.0294088
0.0558783
0.0248907
0.125091
0.0879618
0.0479557
0.0272278
0.038091
0.0426086
0.0563736
0.0339858
0.0887919
0.0609219
0.0445973
0.109011
0.0399216
0.0722569
0.159654
0.0992417
0.0223138
0.0678555
0.0901077
0.0517628
0.0810686
0.093361
0.0749265
0.0729832
0.0513124
0.100389
0.0262181
0.065911
0.0424222
0.0620748
0.0370244
0.0770334
0.0638129
0.0583974
0.0368376
0.0601153
0.0434436
0.0788318
0.0574026
0.0440623
0.0424993
0.0637745
0.0543781
0.0478871
0.0268375
0.0519505
0.0893162
0.0163126
0.0609362
0.0995729
0.0704858
0.0303006
0.0780266
0.0937041
0.0743275
0.0592416
0.0951995
0.00822059
0.0285558
0.0770756
0.0321735
0.0504478
0.0602456
0.0345124
0.0422888
0.0475251
0.0505597
0.0184077
0.0663096
0.0699116
0.0531765
0.0634957
0.102692
0.0723454
0.00442939
0.0650322
0.0706181
0.0921355
0.110192
0.0499513
0.0296416
0.0431799
0.0614399
0.0346947
0.0488378
0.104697
0.0444844
0.0613259
0.0298219
0.0523377
0.0848617
0.0551246
0.0151306
0.0547565
0.0598007
0.0254658
0.0799045
0.129016
0.037348
0.000808776
0.0401097
0.0850746
0.118586
0.0608399
0.0947067
0.166368
0.032834
0.0580055
0.0150342
0.0416127
0.0445013
0.0593903
0.0649289
0.0806458
0.10248
0.0697411
0.0352734
0.0699654
0.0353083
0.0403225
0.0440627
0.0171748
0.0628653
0.053323
0.0980288
0.0427831
0.00207049
0.0735977
0.0862972
0.0431903
0.0507419
0.0635853
0.0407239
0.0560077
0.0431654
0.0535726
0.117882
0.0956363
0.0548274
0.0543809
0.04901
0.0533576
0.0578071
0.0519904
0.0381268
0.0656221
0.0489515
0.0472595
0.0949628
0.00851795
0.0203465
0.0347276
0.0020059
0.0436955
0.0311394
0.0225446
0.160397
0.0793232
0.102852
0.0684481
0.061041
0.0549791
0.033868
0.0421337
0.0339868
0.115319
0.0266059
0.0699149
0.0370846
0.104168
0.0490055
0.0395714
0.132647
0.0510404
0.0477729
0.0903878
0.0332132
0.0576337
0.0470367
0.0573577
0.0604227
0.0669812
0.0534187
0.108267
0.0875213
0.0884228
0.094829
0.0757671
0.044147
0.0954775
0.0473838
0.0418056
0.0451418
0.0601736
0.0694869
0.052529
0.0385886
0.0228323
0.0745722
0.097658
0.0571238
0.0940727
0.0432524
0.0566293
0.0408802
0.0990024
0.0697852
0.108967
0.0558588
0.0818159
0.0571984
0.102523
0.0246518
0.044478
0.0638582
0.04745
0.0276182
0.0344099
0.0482678
0.117864
0.0729339
0.0873431
0.119797
0.0420434
0.0554267
0.0484381
0.10937
0.0693542
0.082808
0.102576
0.159808
0.0646392
0.0351552
0.0402285
0.00724907
0.0237156
0.128248
0.0628287
0.0612349
0.0260051
0.0403452
0.0604073
0.0379798
0.0279119
0.0107505
0.0990755
0.0178038
0.0234381
0.0507755
0.0685853
0.14236
0.0580176
0.0482544
0.158945
0.021262
0.0943394
0.0799457
0.0582651
0.0509632
0.0771116
0.0200849
0.0500919
0.0961651
0.0152943
0.0251956
0.0826331
0.0529526
0.045321
0.0301072
0.0348331
0.0996469
0.0716309
0.107677
0.0408469
0.0444897
0.0501607
0.087014
0.0484592
0.0606773
0.0484991
0.0347475
0.0686191
0.0256692
0.0251885
0.03366
0.064877
0.0787473
0.132797
0.114555
0.0341394
0.0503474
0.0407593
0.101651
0.0299611
0.157407
0.0554858
0.0836425
0.080143
0.0432477
