0.0476412
0.0431807
0.0312529
0.0583652
0.034927
0.0320957
0.0218497
0.0937203
0.125073
0.0364007
0.0463733
0.050921
0.0220674
0.0407134
0.0695346
0.0926277
0.0634838
0.0364038
0.0155037
0.0142611
0.0383947
0.0345485
0.111396
0.0948903
0.022818
0.0311483
0.0276096
0.0441776
0.0415728
0.107841
0.16768
0.12052
0.0367296
0.0571715
0.0949193
0.0755154
0.0248542
0.0225312
0.0912881
0.0516165
0.059032
0.0464191
0.0517047
0.0825223
0.0344542
0.0729639
0.0577972
0.0674069
0.0426473
0.048735
0.0245778
0.0376409
0.0853167
0.0981481
0.0301991
0.0273001
0.0785215
0.0377884
0.0687583
0.0423093
0.0290876
0.0581316
0.115628
0.118701
0.0898458
0.0140254
0.0558871
0.0843957
0.0196874
0.0528995
0.0868576
0.0401737
0.0346756
0.113392
0.0579339
0.0469585
0.0848114
0.0244479
0.0439647
0.0580295
0.0965087
0.0970079
0.0671658
0.0948033
0.024619
0.0320183
0.0291505
0.0654042
0.0104359
0.0245664
0.0214627
0.049805
0.0333995
0.0834496
0.104322
0.0363688
0.0503984
0.0429673
0.101831
0.08274
0.0673298
0.0965062
0.0601815
0.0445848
0.044564
0.0374359
0.0947698
0.0697485
0.000932532
0.0780876
0.0835422
0.10568
0.0566203
0.0315476
0.12633
0.0607359
0.0318484
0.0474988
0.0465
0.0632204
0.0584347
0.144599
0.026236
0.0589897
0.0446907
0.0234308
0.103243
0.0848327
0.133578
0.039202
0.0297367
0.0247626
0.0508556
0.0459396
0.0522558
0.073416
0.107842
0.0693354
0.00633092
0.0928832
0.0594649
0.0458368
0.0449355
0.0412494
0.0670427
0.0757346
0.00972704
0.137503
0.019287
0.00568832
0.0318833
0.100984
0.083275
0.056982
0.0461367
0.0407576
0.102151
0.0902092
0.0412579
0.0466918
0.145122
0.00143644
0.0668697
0.0324906
0.0721938
0.0618445
0.0160042
0.0874661
0.0501904
0.0747398
0.0194895
0.0314181
0.0331523
0.0745854
0.105059
0.0418992
0.0692062
0.0808542
0.0342697
0.0603587
0.0561019
0.0453929
0.0265216
0.0504624
0.0502518
0.048869
0.03099
0.0240223
0.0473823
0.0507747
0.0267509
0.108222
0.00533903
0.0886306
0.019939
0.0353606
0.12519
0.0332065
0.0304968
0.0801822
0.025049
0.0166707
0.0636819
0.0244871
0.13735
0.0607136
0.108769
0.0340391
0.132166
0.0881999
0.0322243
0.0620956
0.049028
0.0348867
0.140044
0.03611
0.0249782
0.126192
0.00880027
0.086659
0.0968897
0.0358894
0.0609839
0.0641588
0.0593788
0.0423101
0.119672
0.102411
0.0795309
0.0736317
0.00224592
0.109714
0.0276341
0.0577657
0.0693442
0.0559509
0.0586819
0.03216
0.0461593
0.0193934
0.0327467
0.0293185
0.148822
0.058276
0.0706459
0.0343561
0.0489324
0.0267603
0.0629093
0.0895978
0.0299813
0.0710306
0.0560138
0.0696108
0.04559
0.0338378
0.122296
0.0240059
0.0334852
0.0862369
0.0779242
0.0171363
0.0405723
0.0774579
0.0361207
0.0347571
0.0369158
0.0808516
0.0729186
0.0304553
0.0554139
0.0815181
0.0503385
0.0340371
0.178416
0.00143937
0.114349
0.0585329
0.0515502
0.0553707
0.0188627
0.0421879
0.102432
0.100866
0.0496264
0.0766687
0.0536698
0.0453975
0.0123193
0.183873
0.00420124
0.0927393
0.0825768
0.06275
0.0225702
0.0308061
0.0551742
0.0522165
0.183767
0.0335927
0.0369972
0.0602779
0.0210881
0.0810508
0.037081
0.0352421
0.107112
0.0327388
0.0932889
0.0341674
0.0618181
0.0368128
0.0727413
0.0571511
0.0383133
0.0355122
0.0588986
0.0679875
0.0548373
0.0334937
0.0728571
0.112978
0.0401939
0.052116
0.0598645
0.0293214
0.0251176
0.00758096
0.0849865
0.0346358
0.0641382
0.0518445
0.0379682
0.116897
0.0916541
0.153255
0.0974252
0.0601442
0.0370555
0.0878999
0.0454582
0.0325508
0.0937494
0.0335069
0.106291
0.0107233
0.0538983
0.0393864
0.0628058
0.0430877
0.0517637
0.040171
0.025256
0.0973338
0.0698172
0.00925012
0.0879153
0.059643
0.0517691
0.0819417
0.067696
0.0459714
0.104293
0.031728
0.0778689
0.0411737
0.0908217
0.0667061
0.0929798
0.0284203
0.0338783
0.0896048
0.0199775
0.0541552
0.0523252
0.0765528
0.145486
0.10001
0.0158548
0.0679932
0.0998473
0.0486318
0.12905
0.165532
0.0723737
0.0515595
0.0736718
0.0802339
0.0400652
0.0227141
0.0920548
0.0304776
0.0385867
0.0661715
0.0597395
0.140066
0.0567302
0.0498714
0.0749812
0.161257
0.103858
0.0320355
0.0593031
0.0392204
0.0525599
0.0386401
0.0381549
0.0311184
0.0899306
0.0242715
0.051431
0.0208726
0.0955228
0.0515819
0.123036
0.0399644
0.0495794
0.0581376
0.0547523
0.0369885
0.0404725
0.0697052
0.00187813
0.0456554
0.0378165
0.0399186
0.0526404
0.0637362
0.0374391
0.0308003
0.0917523
0.0476018
0.0954728
0.022299
0.0838918
0.0373761
0.0436711
0.0173463
0.0781237
0.0999201
0.0970036
0.0251853
0.032138
0.0223511
0.0719614
0.0344013
0.0742248
0.054499
0.107352
0.0813173
0.0767356
0.0889782
0.0966241
0.0663611
0.0867168
0.107486
0.0535646
0.05255
0.0375076
0.159983
0.0551155
0.0135518
0.0384518
0.0437424
0.0496548
0.0793742
0.0253375
0.0368659
0.00878607
0.0186573
0.0595245
0.0302626
0.0224899
0.0254744
0.0419416
0.0178653
0.0323566
0.0402289
0.0559553
0.0681903
0.089007
0.0305726
0.0350536
0.102557
0.0912088
0.0737684
0.02385
0.0554215
0.0442653
0.10295
0.152761
0.119697
0.070768
0.119066
0.0482944
0.0190178
0.0903919
0.0610518
0.052281
0.0255824
0.0922091
0.0776559
0.0601589
0.067359
0.0405281
0.11443
0.0355356
0.0528987
0.108685
0.0365552
0.0848245
0.0460974
0.0804407
0.0633835
0.100908
0.116543
0.0168249
0.0740324
0.0889763
0.0865499
0.0164105
0.0594158
0.115003
0.061861
0.0873884
0.0523462
0.0250341
0.0441665
0.071312
0.0725475
0.0845185
0.032089
0.0730985
0.0524589
0.04507
0.0618639
0.0229033
0.0660777
0.0416467
0.036087
0.0272639
0.128633
0.0734097
0.0292197
0.0461629
0.0119122
0.0124957
0.0795825
0.0190128
0.0987227
0.0930455
0.0178381
0.0745598
0.0877818
0.0612373
0.0451341
0.053442
0.0232899
0.052531
0.154603
0.0955056
0.0507782
0.0850002
0.0389348
0.0652156
0.029852
0.0712882
0.0455028
0.114852
0.0139074
0.0760625
0.0837903
0.0247367
0.124441
0.00273908
0.0767796
0.046419
0.0398571
0.0183314
0.0783705
0.0539314
0.0567319
0.0267501
0.146123
0.00906192
0.042918
0.0552137
0.0609358
0.0132698
0.0851951
0.0372245
0.0801132
0.0625169
0.0270114
0.0194958
0.0258991
0.0418519
0.1269
0.142138
0.0777923
0.0501227
0.056302
0.0876019
0.0511562
0.0832588
0.0215614
0.0459066
0.0684077
0.0752248
0.170264
0.0652674
0.0443375
0.061815
0.0280688
0.0572102
0.0380499
0.0484753
0.0921729
0.0563781
0.0153485
0.0269794
0.0573248
0.0490719
0.0461866
0.0496294
0.0497227
0.0494723
0.0968644
0.0476009
0.03479
0.0895385
0.0537832
0.0102588
0.0743999
0.0431882
0.0538165
0.0744786
0.0304004
0.0528474
0.00403778
0.050347
0.0602791
0.0442804
0.0490878
0.0410639
0.122872
0.069436
0.0731166
0.0510918
0.0195129
0.0410312
0.071183
0.0824449
0.0600636
0.154185
0.13819
0.0423815
0.0394489
0.0752293
0.121939
0.0331944
0.0629367
0.0909659
0.0481656
0.0317302
0.075172
0.0664629
0.0956515
0.0328702
0.0411759
0.0550667
0.0675204
0.0489194
0.0232384
0.143481
0.0495267
0.0597258
0.0736905
0.0968082
0.115008
0.0373576
0.0265978
0.0738285
0.110266
0.0518697
0.0749527
0.0407126
0.0942324
0.0944629
0.0553751
0.0879983
0.0820924
0.0433221
0.0311354
0.0462146
0.0132403
0.0168628
0.0929184
0.0555285
0.0468765
0.0494826
0.0569997
0.0458856
0.034719
0.0588915
0.0161285
0.129398
0.0242572
0.0522793
0.0688851
0.0644465
0.0429139
0.078565
0.0336929
0.046868
0.0116811
0.0251378
0.0364074
0.0151373
0.0553919
0.117528
0.0968264
0.0603648
0.047567
0.0856512
0.0517901
0.102854
0.124259
0.0587361
0.0722022
0.0381568
0.0636046
0.0574438
0.0738712
0.00306313
0.0394101
0.0784117
0.0513655
0.0592279
0.100308
0.0948369
0.0544978
0.016966
0.0834231
0.0482149
0.0798151
0.0958891
0.0872101
0.0906064
0.0154311
0.0334414
0.0718497
0.0445651
0.0482924
0.0453234
0.0294457
0.0787632
0.0176405
0.11132
0.0902163
0.0891271
0.0271089
0.0859243
0.0356089
0.0883632
0.130951
0.0146277
0.0205404
0.0829388
0.10694
0.0433194
0.0999157
0.0420042
0.00320528
0.0296659
0.0786432
0.038423
0.0963322
0.087401
0.0813119
0.0834068
0.0982352
0.114603
0.0314431
0.0471277
0.0362489
0.0305715
0.0942169
0.0251402
0.0678313
0.0402438
0.0274208
0.0584811
0.075148
0.0495643
0.0335931
0.0840643
0.0373698
0.0651211
0.0217363
0.0581578
0.0338892
0.0508027
0.117053
0.0575518
0.0483873
0.0202285
0.0448387
0.0752638
0.0818869
0.0411782
0.0152289
0.0745087
0.0576705
0.0213217
0.0639163
0.113276
0.0352727
0.0800378
0.0457035
0.0213666
0.108159
0.0901949
0.0608717
0.0627146
0.0445055
0.102617
0.0765476
0.0622621
0.0806368
0.101255
0.070169
0.0450627
0.108093
0.0455554
0.09767
0.0853001
0.141261
0.0468607
0.0281002
0.0492082
0.0201597
0.0278277
0.0361016
0.0620143
0.0635322
0.0199787
0.023833
0.0283769
0.0709103
0.056339
0.0884919
0.0790909
0.0551514
0.0458586
0.0117127
0.0590419
0.119276
0.0347238
0.0810778
0.0646765
0.148195
0.0430774
0.0902527
0.0650697
0.0309454
0.0300838
0.0171154
0.032224
0.00120246
0.0289815
0.0607414
0.0369764
0.0364737
0.0229651
0.0386553
0.0201405
0.0858613
0.0327585
0.0316248
0.0110466
0.0342042
0.0137921
0.0711529
0.06828
0.0551049
0.0693056
0.00486551
0.0482626
0.0222629
0.0388618
0.0564233
0.0395399
0.0653657
0.0786689
0.0236414
0.0479015
0.0771577
0.0467467
0.076439
0.0715887
0.00935196
0.0747976
0.0497301
0.0283535
0.0370821
0.0432642
0.0621525
0.0562976
0.0799338
0.0889264
0.103553
0.0503925
0.0510765
0.0381473
0.0343199
0.0766027
0.0996793
0.0535237
0.347246
0.0811469
0.066718
0.0358885
0.0881249
0.157776
0.0632873
0.0924307
0.0358877
0.1047
0.106107
0.103801
0.0769296
0.106609
0.0348281
0.087883
0.0985707
0.0392969
0.0547854
0.0619257
0.0486548
0.0405715
0.049761
0.0760187
0.070761
0.0590555
0.0562019
0.0401959
0.0513159
0.138745
0.166957
0.106051
0.106536
0.0647095
0.0477542
0.0782972
0.0955944
0.0649452
0.0609608
0.0732578
0.0213108
0.0565588
0.0175505
0.0669065
0.04001
0.0526578
0.0581587
0.118087
0.101579
0.0973208
0.037763
0.0545379
0.0304953
0.0955705
0.0514042
0.0304967
0.0314364
0.0936446
0.111093
0.0304505
0.0515566
0.0244207
0.104819
0.0418342
0.100429
0.0516671
0.0577621
0.0250711
0.0493525
0.0320419
0.0429
0.108706
0.0535737
0.0541726
0.0677438
0.0492315
0.0395678
0.0644993
0.0518596
0.0576277
0.0868091
0.02843
0.0433553
0.0591309
0.119924
0.13002
0.0800471
0.0492138
0.0901893
0.00258686
0.0834539
0.151786
0.0223289
0.0832708
0.0729955
0.0675774
0.0507656
0.0431824
0.0900971
0.0566276
0.0789509
0.0470051
0.0565361
0.0641391
0.0582253
0.101859
0.0687547
0.0514135
0.0720222
0.0952253
0.0162772
0.0456266
0.0919591
0.0140965
0.0675586
0.0325026
0.051711
0.0971203
0.0667135
0.0811027
0.125804
0.0756216
0.0451182
0.0186208
0.0496066
0.112329
0.00231871
0.11086
0.0406665
0.123221
0.0388961
0.0987367
0.0244587
0.0588934
0.071274
0.0957441
0.0455569
0.0635342
0.108695
0.176337
0.109983
0.0666755
0.00408962
0.0801446
0.0564752
0.027458
0.0175546
0.0673281
0.0423102
0.0971953
0.104795
0.175211
0.0501977
0.102353
0.0213305
0.0705709
0.110035
0.088045
0.0368104
0.0365243
0.166135
0.0993778
0.024398
0.0557732
0.042921
0.0198702
0.0267603
0.0244351
0.089367
0.0540831
0.0591276
0.0869489
0.0624957
0.0535782
0.112392
0.0941458
0.06096
0.0593313
0.0717297
0.027569
0.0310384
0.0739694
0.0974392
0.0323194
0.0357283
0.00480037
0.0332762
0.0964714
0.0785246
0.0236605
0.0375578
0.0527678
0.0304484
0.0398818
0.0741229
0.101701
0.0198924
0.075025
0.0297384
0.0828865
0.0670718
0.0708464
0.0380325
0.0410629
0.0345585
0.0361587
0.0574921
0.0728833
0.110999
0.0394906
0.0378063
0.0693985
0.0184735
0.0472485
0.150821
0.0567361
0.0393957
0.0799599
0.0332395
0.026098
0.0316248
0.11467
0.0785932
0.107905
0.0847207
0.057099
0.0947668
0.0269605
0.0749396
0.0817377
0.0259549
0.0248237
0.0913065
0.0567347
0.0267511
0.0367398
0.0852234
0.129371
0.120235
0.0680989
0.0546529
0.0662874
0.0606549
0.0408399
0.0575251
0.0825592
0.0606181
0.000267485
0.0512958
0.0281927
0.0419611
0.055764
0.0374728
0.0803315
0.0215457
0.107856
0.0493134
0.0479892
0.0420352
0.0964863
0.0495649
0.0366839
0.085489
0.104834
0.0279179
0.081353
0.154463
0.0563751
0.122918
0.0661422
0.0661406
0.0614737
0.0341153
0.0518648
0.0540716
0.106999
0.0389483
0.0875787
0.0423426
0.0714823
0.139764
0.0517706
0.0265083
0.0439817
0.0470234
0.0189753
0.0538067
0.0244554
0.0727941
0.0580172
0.0513224
0.113746
0.0589206
0.0764004
0.0379021
0.0529158
0.107707
0.102664
0.0898509
0.0612552
0.104576
0.0590245
0.0144495
0.0627028
0.0464522
0.0847933
0.113031
0.0535317
0.0620654
0.0385281
0.0558239
0.0815719
0.0436383
0.0875916
0.0721246
0.0352923
0.0470229
0.123234
0.134527
0.055215
0.0212004
0.0240341
0.0370687
0.0637184
0.0771925
0.0420181
0.07605
0.0279278
0.111986
0.0577963
0.0437392
0.0190776
0.0598912
0.0479102
0.076889
0.122907
0.0638381
0.0400775
0.124984
0.0399393
0.0585281
0.0362078
0.0514047
0.0753341
0.0523985
0.133635
0.042627
0.0308614
0.0785224
0.0482743
0.0361013
0.0535212
0.0731076
0.0719515
0.044515
0.0191561
0.0531461
0.0403158
0.127609
0.0384629
0.016765
0.0459879
0.0764482
0.0512566
0.0656154
0.0133827
0.078695
0.0431849
0.0525673
0.0994886
0.0902234
0.04748
0.0254946
0.102411
0.0713019
0.0432197
0.0988818
0.0431022
0.0544272
0.0316179
0.0672889
0.129201
0.0976179
0.0931644
0.0443016
0.0750508
0.0248475
0.0585746
0.041838
0.0263867
0.0425316
0.103528
0.173803
0.0234785
0.0298815
0.0937195
0.0597896
0.0854539
0.0205358
0.102459
0.0515751
0.0981076
0.0395321
0.015569
0.0522354
0.0591757
0.084571
0.0603687
0.0526752
0.0760637
0.0959865
0.0206162
0.0208133
0.118126
0.0724809
0.0568938
0.0481935
0.0872939
0.119809
0.0647298
0.0659282
0.0630493
0.0404471
0.0141291
0.0270157
0.114074
0.034425
0.072425
0.0229292
0.0723651
0.0383887
0.0192703
0.0699883
0.103637
0.0323593
0.0655563
0.0680685
0.0945818
0.04264
0.116447
0.0913946
0.0235889
0.116766
0.0758669
0.0393669
0.0494445
0.0388107
0.0764833
0.0407142
0.0691353
0.0803925
0.0189045
0.0446784
0.0237503
0.037508
0.106807
0.0568001
0.0293758
0.0338559
0.0418583
0.115233
0.0751975
0.0194066
0.0671026
0.0775554
0.075243
0.0548028
0.0674826
0.0253163
0.148127
0.0447409
0.0252626
0.0353039
0.0565265
0.0411394
0.0582826
0.029004
0.0528915
0.176165
0.0721575
0.0131724
0.0675594
0.0860222
0.076086
0.0300275
0.141197
0.118487
0.0329165
0.0425203
0.0773734
0.0179036
0.0608463
0.0430902
0.0672745
0.064418
0.0383939
0.076134
0.0355975
0.0480158
0.100724
0.165793
0.034753
0.0951247
0.0110055
0.0515613
0.0522997
0.0378164
0.0722406
0.055031
0.0130467
0.0349625
0.0032537
0.0339364
0.0649477
0.0363226
0.118505
0.108728
0.0639043
0.0873255
0.0970333
0.0726764
0.0754806
0.119427
0.0453774
0.0242002
0.0800596
0.069294
0.0418106
0.0418205
0.10978
0.0681317
0.0891794
0.0263015
0.0404854
0.0389089
0.015772
0.0579141
0.0507149
0.0554993
0.0664345
0.036447
0.147329
0.0448702
0.0419342
0.00264959
0.0318396
0.0158977
0.101864
0.0325502
0.0299303
0.0954789
0.0307723
0.0409241
0.050389
0.0358675
0.0197362
0.082195
0.0639807
0.0714506
0.0557594
0.0512753
0.105136
0.107141
0.0398959
0.0616057
0.0239908
0.035655
0.0490483
0.0517627
0.0463985
0.0448184
0.0459616
0.0749171
0.0138357
0.0341976
0.0315689
0.0256363
0.0640368
0.12358
0.0932191
0.00337328
0.0699482
0.0558985
0.104743
0.0739277
0.0408038
0.0822339
0.118447
0.0359203
0.0741389
0.0798353
0.0895213
0.0762039
0.101263
0.136421
0.126424
0.027868
0.0773761
0.0914731
0.0776088
0.095048
0.0882045
0.042078
0.0457572
0.0658336
0.0953461
0.0179443
0.0666784
0.138394
0.0572925
0.0222723
0.0744034
0.124093
0.0447376
0.0714099
0.0472601
0.0482111
0.0673161
0.0468261
0.0906645
0.0830195
0.0881544
0.0952308
0.0250893
0.0328706
0.0870621
0.054492
0.0368538
0.040554
0.0621422
0.0581125
0.0350147
0.0528586
0.00324007
0.0230636
0.062991
0.0354513
0.0754025
0.0371767
0.0510371
0.0151811
0.0331807
0.126163
0.0955354
0.0764137
0.0841794
0.0418312
0.0194024
0.00765638
0.0271082
0.0214895
0.0994476
0.0346895
0.0924438
0.0804287
0.028863
0.013195
0.0568108
0.0335686
0.0676473
0.0467049
0.0189291
0.0779147
0.02855
0.0893669
0.0351941
0.0769663
0.0885983
0.0325771
0.111215
0.00726836
0.0720507
0.00114895
0.0790405
0.0767022
0.0970613
0.059367
0.0317308
0.0770134
0.0765085
0.0792426
0.0651416
0.10381
0.0503366
0.0487686
0.0678271
0.0125152
0.0948044
0.0872772
0.0269723
0.0483728
0.0231982
0.0826777
0.0405402
0.0405541
0.066898
0.0693291
0.0628772
0.051656
0.0563873
0.0858895
0.0446072
0.0174896
0.0606236
0.0550241
0.0203392
0.00196542
0.0977449
0.0434611
0.0721942
0.0278539
0.0253923
0.101068
0.0277042
0.02717
0.104565
0.0738721
0.0761495
0.0525463
0.140713
0.0630865
0.0778462
0.0619832
0.0566931
0.0483066
0.0187848
0.0711291
0.0401665
0.10858
0.0329425
0.0014102
0.0879465
0.0925909
0.0199709
0.0498298
0.0768219
0.0724324
0.11248
0.0194125
0.0679226
0.0113063
0.0223658
0.08269
0.0658227
0.0556146
0.048899
0.0680292
0.0319453
0.148028
0.0242689
0.118311
0.0383744
0.0371624
0.210228
0.0677292
0.0895617
0.194032
0.154935
0.0840448
0.0520044
0.139045
0.0397517
0.132506
0.0559953
0.0551912
0.026088
0.102704
0.0512379
0.112451
0.152552
0.0662505
0.129198
0.0551101
0.0443398
0.12986
0.0419913
0.0996758
0.033843
0.0423556
0.0832936
0.0256057
0.0501084
0.0343592
0.0140599
0.0630312
0.0739678
0.092856
0.0601675
0.0221208
0.0707714
0.0557749
0.05261
0.0318649
0.0549662
0.0970683
0.0220413
0.0524628
0.055942
0.0265415
0.0663617
0.0817611
0.101437
0.0887816
0.0759102
0.0292266
0.21332
0.12774
0.0662873
0.0539705
0.0474023
0.0734542
0.0396478
0.0901768
0.0902814
0.0627134
0.0621546
0.0469027
0.1065
0.0432106
0.0537599
0.0688084
0.0502107
0.0881689
0.119051
0.181383
0.0529436
0.126891
0.0760652
0.121941
0.102282
0.0348926
0.0965159
0.0275624
0.00191395
0.0334764
0.064442
0.0932584
0.0356132
0.0788088
0.0974124
0.0214504
0.0195957
0.0586797
0.0385782
0.0677172
0.0746393
0.0717823
0.0719793
0.04852
0.0599912
0.0527845
0.060155
0.0536639
0.0314496
0.0405104
0.0454513
0.0105302
0.108853
0.0488683
