0.051298
0.0417815
0.0851467
0.127121
0.120721
0.122234
0.201948
0.0997929
0.16534
0.087649
0.0719385
0.0862612
0.162863
0.0909683
0.112368
0.0560306
0.138427
0.0836786
0.0942598
0.132839
0.080292
0.0578003
0.0771906
0.099047
0.0809339
0.10097
0.074198
0.0634524
0.142574
0.101631
0.150826
0.0698622
0.125718
0.0661492
0.102918
0.0598179
0.0947915
0.0522491
0.198026
0.0599199
0.130068
0.106297
0.0783828
0.0971513
0.0652034
0.149995
0.120235
0.177748
0.107873
0.091551
0.0792772
0.0677107
0.127498
0.109881
0.0662094
0.0841367
0.0717436
0.163692
0.148844
0.09755
0.0998408
0.0979278
0.0589266
0.154657
0.0482084
0.0875472
0.18717
0.0797222
0.119861
0.120817
0.0663566
0.120412
0.154956
0.0635258
0.0688631
0.104022
0.166918
0.120397
0.108458
0.111218
0.129586
0.146141
0.117733
0.0458065
0.0869839
0.253815
0.0502906
0.049576
0.160544
0.0843376
0.112919
0.171432
0.169572
0.0769763
0.119098
0.169618
0.0721966
0.0601032
0.0732062
0.0884514
0.0217066
0.109006
0.10182
0.0960357
0.116874
0.0270716
0.181199
0.163741
0.172328
0.0566578
0.0722577
0.235444
0.135132
0.083853
0.164648
0.131963
0.105515
0.248448
0.122026
0.112765
0.07994
0.125177
0.0851972
0.0899593
0.06846
0.176344
0.167795
0.162721
0.149797
0.0766301
0.151676
0.0382742
0.0615759
0.0699161
0.158256
0.123635
0.175533
0.0475094
0.111683
0.153617
0.119619
0.0970034
0.127391
0.105151
0.157638
0.0867706
0.0808434
0.0989461
0.130623
0.0622859
0.0896046
0.11806
0.0954453
0.127833
0.0744192
0.0553255
0.125001
0.0646503
0.0700461
0.200509
0.180187
0.112872
0.119747
0.131182
0.0869
0.115212
0.039467
0.0703773
0.200793
0.0414765
0.0964511
0.0675755
0.0672017
0.0748478
0.0838988
0.0975102
0.0807523
0.119983
0.146541
0.247046
0.0903187
0.129671
0.118016
0.0620316
0.0539384
0.162054
0.0760873
0.0670913
0.064152
0.121832
0.0387797
0.0995096
0.04395
0.149583
0.165554
0.111683
0.190366
0.0895805
0.127713
0.143963
0.122872
0.0856063
0.133902
0.0978671
0.0765805
0.0600294
0.0951266
0.127644
0.126973
0.110644
0.0218896
0.0293103
0.135472
0.0804564
0.115166
0.0571555
0.0338677
0.0657438
0.042291
0.128878
0.0889541
0.0731363
0.0278382
0.122447
0.0523263
0.159299
0.10323
0.20357
0.0840726
0.0588015
0.0718559
0.0386652
0.120682
0.175305
0.0593089
0.111338
0.0849599
0.0833983
0.157745
0.211521
0.0858171
0.0813556
0.0995872
0.0866026
0.142518
0.0795764
0.142037
0.0570229
0.107551
0.130809
0.0813534
0.106766
0.108094
0.0754157
0.0936462
0.0729332
0.100908
0.206732
0.197689
0.123564
0.0824141
0.149189
0.135158
0.144623
0.0943199
0.0999427
0.0961604
0.0895161
0.138166
0.153437
0.0864632
0.0765677
0.121364
0.119358
0.0316188
0.0578677
0.0768724
0.122076
0.116219
0.0833686
0.0988184
0.101413
0.180188
0.0857916
0.166212
0.141754
0.129027
0.0552479
0.120565
0.119856
0.145654
0.065314
0.139966
0.0641571
0.0920703
0.0424276
0.144302
0.07365
0.113292
0.120609
0.12719
0.0833916
0.118537
0.0960354
0.108155
0.109703
0.134604
0.130343
0.263132
0.183291
0.158749
0.0809094
0.0739
0.124663
0.0333807
0.0854371
0.092052
0.0625894
0.0898105
0.129809
0.101162
0.0720039
0.0918423
0.133335
0.0405427
0.122168
0.0995168
0.207119
0.148686
0.102376
0.0691581
0.042178
0.115718
0.1413
0.142229
0.0861789
0.1242
0.142607
0.162301
0.110482
0.119772
0.0423678
0.132442
0.103051
0.135952
0.126102
0.0625708
0.0704695
0.121837
0.0715926
0.14642
0.19959
0.108727
0.0611829
0.135764
0.101735
0.095575
0.159423
0.116656
0.0952118
0.199699
0.131394
0.033628
0.133514
0.0545379
0.102821
0.125439
0.130248
0.111607
0.0785625
0.147958
0.158737
0.0608418
0.117463
0.0720074
0.141749
0.157577
0.180668
0.0791066
0.169719
0.178339
0.113838
0.0682127
0.0415462
0.0666333
0.109281
0.152052
0.122064
0.0935334
0.0700834
0.0766095
0.170949
0.092665
0.0752583
0.140592
0.0490863
0.0475646
0.0636848
0.0575491
0.0945376
0.0959838
0.0978386
0.215367
0.0790328
0.0782399
0.079236
0.0547864
0.121589
0.0561868
0.0966399
0.0305951
0.118774
0.0432521
0.0859289
0.0609058
0.074546
0.126151
0.0362965
0.110004
0.0946952
0.180257
0.125979
0.11395
0.0611704
0.0670598
0.123576
0.0522824
0.0543295
0.0909864
0.0406837
0.148625
0.140928
0.0955128
0.116211
0.109246
0.118229
0.0692539
0.076109
0.0460317
0.0905645
0.106236
0.0828144
0.103155
0.157663
0.142591
0.0588497
0.129259
0.0918507
0.128679
0.0675403
0.217742
0.0712644
0.0295714
0.181898
0.1866
0.0283072
0.090474
0.153617
0.0687588
0.133357
0.126257
0.138508
0.128335
0.069736
0.0611072
0.124345
0.165437
0.0579247
0.0949759
0.0800602
0.068373
0.0429627
0.127871
0.11199
0.136597
0.145576
0.141707
0.097468
0.045762
0.108
0.105261
0.0717423
0.141385
0.112045
0.121338
0.147978
0.0870988
0.14382
0.134687
0.104763
0.100808
0.074376
0.0675936
0.0890929
0.0309768
0.132196
0.193601
0.0896346
0.12761
0.0438686
0.177262
0.0342026
0.078341
0.118968
0.0649662
0.207051
0.180232
0.0367979
0.154864
0.0749489
0.172031
0.0704638
0.112717
0.0438335
0.100728
0.111619
0.0943147
0.0995238
0.0773996
0.0558619
0.0916638
0.125253
0.138709
0.1894
0.0873478
0.057648
0.12228
0.115393
0.124571
0.17276
0.135407
0.12777
0.0524118
0.0843245
0.166289
0.085914
0.133284
0.12511
0.119345
0.0557372
0.1069
0.095382
0.0590785
0.195911
0.204603
0.100434
0.140616
0.100596
0.203158
0.0921549
0.112859
0.0551904
0.115316
0.218052
0.0389959
0.158144
0.0747356
0.0920956
0.10877
0.125195
0.066458
0.117691
0.122844
0.26683
0.0328809
0.107143
0.130145
0.0990206
0.0875872
0.0798843
0.0757275
0.0945542
0.217821
0.112379
0.0882747
0.130964
0.0699002
0.0999335
0.122757
0.0872449
0.119415
0.113947
0.117505
0.0572065
0.242457
0.159591
0.087419
0.127173
0.144312
0.148126
0.154807
0.0989035
0.117059
0.168625
0.153415
0.135224
0.0966821
0.230225
0.0776229
0.149075
0.0857402
0.0612205
0.0643148
0.0921786
0.152624
0.100158
0.0942986
0.0495418
0.0613249
0.161856
0.110927
0.0240718
0.113791
0.128955
0.0823371
0.0801599
0.05801
0.150537
0.131024
0.0864953
0.108555
0.0874515
0.069525
0.106057
0.0194961
0.13808
0.172272
0.170238
0.0784302
0.102858
0.079229
0.087039
0.0728877
0.0922254
0.201875
0.178817
0.167979
0.163896
0.0690659
0.0784064
0.0695583
0.069627
0.0673902
0.0941616
0.0944331
0.0684947
0.0577822
0.11033
0.100114
0.103806
0.025835
0.108966
0.026664
0.181744
0.0811077
0.0678112
0.126187
0.0925731
0.12814
0.0341506
0.167319
0.032893
0.0952528
0.198236
0.102022
0.114828
0.132225
0.086334
0.111146
0.0980652
0.124748
0.119374
0.0610697
0.0857367
0.156135
0.118044
0.0924236
0.0645275
0.0734067
0.139508
0.0540375
0.0324334
0.144824
0.0797719
0.100284
0.131721
0.138683
0.202105
0.114216
0.0576464
0.152565
0.0972009
0.19332
0.0632264
0.136289
0.107909
0.105969
0.163829
0.0964126
0.135638
0.0660498
0.190763
0.0558866
0.0963267
0.0669175
0.16722
0.183697
0.0461712
0.102662
0.0895114
0.0910473
0.0583378
0.0676867
0.173048
0.0930151
0.102757
0.132164
0.0859356
0.0618616
0.107745
0.107784
0.131283
0.0892357
0.0821561
0.217156
0.0880045
0.137711
0.163182
0.126513
0.104754
0.0605479
0.0914693
0.0197984
0.103935
0.0434044
0.0799103
0.0648065
0.109046
0.0686176
0.0625163
0.0955357
0.101283
0.0988742
0.0805775
0.0988633
0.0654833
0.102291
0.0867976
0.156276
0.125933
0.158024
0.089664
0.0541947
0.17766
0.0726536
0.14165
0.0565049
0.14646
0.0363809
0.197466
0.12177
0.040225
0.0657679
0.0324938
0.0296517
0.176303
0.22915
0.0959666
0.0961215
0.108087
0.153413
0.049816
0.172226
0.153278
0.173204
0.0971636
0.030462
0.0459888
0.0556483
0.151115
0.11671
0.0345853
0.103403
0.156399
0.0908145
0.108018
0.0826134
0.0649207
0.0416138
0.144054
0.12506
0.159572
0.0791695
0.174343
0.151583
0.0679607
0.196222
0.056922
0.0408275
0.0732027
0.137758
0.0501315
0.113471
0.179925
0.0504022
0.122009
0.107291
0.0893034
0.0587926
0.0725112
0.154112
0.0835585
0.185978
0.110721
0.0949323
0.134694
0.102753
0.0897313
0.0693189
0.164591
0.0743328
0.041018
0.0317886
0.080895
0.096873
0.082711
0.122125
0.10365
0.102454
0.0885376
0.118141
0.167199
0.150908
0.09601
0.147796
0.14004
0.0782834
0.122072
0.125292
0.0956532
0.149244
0.141802
0.072557
0.118516
0.119554
0.167797
0.11795
0.0938016
0.119174
0.108419
0.19726
0.114613
0.126048
0.171536
0.223853
0.11065
0.0869213
0.0374574
0.100232
0.045757
0.071369
0.0792198
0.0944825
0.0494992
0.189532
0.0939792
0.101979
0.18002
0.134439
0.103473
0.105592
0.0863503
0.117307
0.165714
0.190911
0.11235
0.185559
0.107582
0.0363086
0.124837
0.071926
0.0970964
0.0717841
0.0394875
0.198927
0.0992742
0.0127872
0.117223
0.153048
0.083484
0.0420481
0.0898343
0.22118
0.158881
0.108922
0.144542
0.0626957
0.113919
0.0281258
0.0933042
0.133763
0.170086
0.157889
0.139057
0.120789
0.134915
0.104936
0.19109
0.0904395
0.110073
0.059505
0.0930483
0.178961
0.0961941
0.0930452
0.130716
0.114376
0.0560306
0.0778938
0.0931836
0.0865227
0.120565
0.0253832
0.109223
0.0364491
0.151981
0.0985752
0.0735209
0.0887787
0.0861681
0.133388
0.112197
0.145662
0.124036
0.142027
0.0947347
0.11224
0.0558967
0.123453
0.0861745
0.115806
0.0454812
0.115306
0.0707415
0.130248
0.128812
0.0271702
0.172571
0.103666
0.0578017
0.105743
0.0824596
0.128371
0.0129218
0.273972
0.196966
0.100095
0.0658301
0.0830781
0.0861118
0.0718566
0.0952188
0.0843831
0.0836361
0.00695507
0.169357
0.212576
0.151013
0.191547
0.124803
0.104713
0.146939
0.129146
0.221918
0.0514726
0.0876869
0.0692147
0.169689
0.144021
0.0540866
0.187768
0.148216
0.0984648
0.0482242
0.0808574
0.146314
0.0932776
0.120739
0.0987547
0.153908
0.090392
0.263141
0.127602
0.15546
0.147695
0.0801366
0.103801
0.0722512
0.157988
0.114201
0.0869728
0.0796554
0.138995
0.113906
