0.040856
0.0626385
0.0981616
0.0841861
0.0956291
0.0698727
0.158733
0.0661262
0.0754522
0.112548
0.153693
0.0187132
0.0522761
0.051919
0.0477753
0.102287
0.134693
0.11368
0.0281633
0.0441509
0.108018
0.0432749
0.139437
0.0730061
0.0906295
0.0526486
0.10901
0.182099
0.0589496
0.0118807
0.0351847
0.069719
0.0365589
0.0545535
0.125155
0.130465
0.108982
0.0302692
0.0521313
0.0374709
0.0822937
0.0419053
0.0361985
0.0203754
0.0410268
0.154478
0.0882256
0.0687659
0.0308894
0.038304
0.1092
0.0443664
0.0151459
0.0638713
0.128039
0.100013
0.0428738
0.129052
0.125752
0.0835811
0.0938718
0.0791045
0.0841443
0.127891
0.0587263
0.16932
0.0706073
0.191323
0.0566564
0.0792599
0.0378776
0.0709828
0.0522652
0.0329969
0.073957
0.0295351
0.126039
0.0832899
0.0470625
0.0688273
0.102892
0.186684
0.0622745
0.0565685
0.106924
0.130346
0.0668428
0.0462308
0.105504
0.0560048
0.0529022
0.139782
0.133379
0.02538
0.124707
0.0214435
0.053768
0.113865
0.0434115
0.0668562
0.0529857
0.154039
0.0837276
0.00633725
0.0444558
0.0445882
0.0543166
0.09363
0.129665
0.0304242
0.0187084
0.0643712
0.0872122
0.0580567
0.0619661
0.0935211
0.053338
0.0625841
0.0298123
0.0529555
0.0621554
0.0453016
0.0636381
0.0581423
0.125565
0.0652867
0.0682932
0.0916557
0.151312
0.108659
0.0952236
0.109884
0.111948
0.0745854
0.112036
0.0794581
0.0518046
0.096481
0.0458932
0.134072
0.0995927
0.0805744
0.0408799
0.126855
0.0757753
0.0996882
0.0538147
0.0633386
0.114568
0.0542551
0.0915833
0.195082
0.205017
0.0261423
0.0955987
0.0483687
0.0577758
0.0761723
0.132607
0.0634903
0.0762308
0.0680329
0.057057
0.122359
0.0807727
0.0242137
0.101902
0.0447114
0.199736
0.176064
0.0332664
0.0458874
0.0574981
0.0641967
0.0919496
0.177344
0.0653517
0.0923417
0.0353431
0.109066
0.0782941
0.0897227
0.0986319
0.0243335
0.0274425
0.0418399
0.116751
0.172844
0.0305939
0.0559059
0.0520686
0.0569495
0.0434642
0.10519
0.0490968
0.132678
0.0918392
0.0128
0.0580031
0.142669
0.0421544
0.0863571
0.0370729
0.0546202
0.0973767
0.0312788
0.118683
0.0682603
0.0630998
0.11921
0.0872557
0.0759394
0.115846
0.161911
0.043253
0.131375
0.0549133
0.0280936
0.129905
0.0229018
0.0458895
0.109516
0.0281019
0.0471135
0.0416322
0.0528569
0.0908407
0.0286517
0.0672201
0.0529767
0.0288593
0.108643
0.0544024
0.0553003
0.0384554
0.0871788
0.163896
0.0463821
0.0834573
0.0555495
0.0721815
0.0293518
0.0967616
0.0333391
0.0513157
0.0431035
0.0355418
0.127421
0.0530881
0.0906741
0.0285684
0.124149
0.0580808
0.0524012
0.0530352
0.0240697
0.0659349
0.0476699
0.0565675
0.0475237
0.0266336
0.0748667
0.0881197
0.0465337
0.0447187
0.101439
0.053881
0.0887847
0.135755
0.0716927
0.0613141
0.0616049
0.0102956
0.1031
0.140106
0.0517618
0.0515035
0.0543982
0.135153
0.203857
0.138923
0.092998
0.166611
0.120469
0.100967
0.0740476
0.0541683
0.132859
0.0553707
0.0851293
0.0533319
0.0812753
0.0813174
0.12386
0.0363617
0.126331
0.0936758
0.0324892
0.0773366
0.047005
0.0252226
0.0501692
0.12375
0.0778749
0.0776436
0.139643
0.0107443
0.0361992
0.100805
0.101314
0.0584466
0.0675021
0.151705
0.0584172
0.0540464
0.0904375
0.0513543
0.0415434
0.0879721
0.0736066
0.0904857
0.0861297
0.0163772
0.105748
0.0549245
0.0607925
0.0936128
0.0413387
0.0964824
0.0230742
0.0622687
0.0387622
0.0382881
0.0354847
0.118582
0.0405379
0.105868
0.111013
0.0966332
0.136277
0.0312517
0.0482414
0.123455
0.136877
0.0565587
0.173261
0.0596317
0.0375761
0.0762901
0.0662772
0.107761
0.0450351
0.0575308
0.0318091
0.0748979
0.247079
0.062894
0.0862268
0.0820299
0.0551355
0.0607855
0.0449578
0.0567952
0.0986714
0.191012
0.0596418
0.0302032
0.0429773
0.0753535
0.101459
0.0647788
0.097435
0.111638
0.0928695
0.19182
0.0720248
0.0417734
0.0475055
0.0551238
0.21271
0.0477921
0.154987
0.0391274
0.0548114
0.0550719
0.0949496
0.0995842
0.0698419
0.10019
0.052166
0.0653801
0.0603655
0.140501
0.112432
0.0762777
0.0353228
0.0507691
0.0787399
0.071071
0.0972375
0.0753227
0.0349076
0.054027
0.0752606
0.138694
0.0453631
0.0467382
0.0923671
0.103222
0.0517005
0.0502829
0.0870504
0.0680789
0.116632
0.089443
0.0316298
0.178492
0.0757873
0.122854
0.122874
0.0507057
0.136745
0.117586
0.119472
0.0817269
0.0626754
0.050177
0.0835893
0.0373128
0.0730507
0.020129
0.091838
0.0454781
0.132928
0.0719943
0.0829528
0.0750044
0.133991
0.0356497
0.0516801
0.0628977
0.174093
0.0605516
0.0851032
0.119441
0.0848329
0.0405089
0.0286497
0.147469
0.0327169
0.156574
0.047531
0.0342816
0.0442405
0.11361
0.0343332
0.0764619
0.101073
0.120553
0.101683
0.071631
0.124466
0.0978126
0.0674833
0.0664939
0.0947615
0.129336
0.0480537
0.0692855
0.034264
0.0579861
0.0950722
0.0974792
0.107311
0.0517062
0.0489934
0.168037
0.0402795
0.0440657
0.0600553
0.0245601
0.086776
0.138367
0.0571293
0.0523119
0.0911722
0.12559
0.0789968
0.040041
0.111221
0.0307595
0.0809635
0.0490011
0.111012
0.0642905
0.064505
0.0901092
0.0512095
0.089739
0.0356385
0.0189676
0.089554
0.0785126
0.125588
0.00933686
0.0687789
0.070338
0.0937494
0.0970363
0.0679452
0.0386685
0.0824614
0.00824593
0.0324448
0.0387568
0.0570537
0.0159924
0.0316035
0.0590393
0.0800162
0.0555395
0.109238
0.0967601
0.103466
0.0419573
0.0847172
0.102915
0.0649339
0.0436167
0.152934
0.0684463
0.077203
0.0708152
0.101183
0.158832
0.134851
0.0796774
0.0542811
0.0593986
0.0850251
0.122414
0.0706142
0.0605023
0.106317
0.044867
0.0650989
0.0906641
0.0751637
0.0719799
0.0374785
0.11534
0.0458227
0.0573263
0.0421902
0.143644
0.0718028
0.0623407
0.00936696
0.0687698
0.0474049
0.0812581
0.0856084
0.0887089
0.156142
0.0923084
0.0160223
0.092467
0.103513
0.0660805
0.0949603
0.0250349
0.0207335
0.0909739
0.103109
0.0904973
0.0340186
0.103159
0.0801659
0.0719476
0.0320073
0.0941032
0.0795847
0.0749142
0.0287459
0.0257606
0.0554457
0.155869
0.13806
0.127026
0.12331
0.0920685
0.0705642
0.0553239
0.139128
0.0629427
0.032456
0.0861749
0.104426
0.100997
0.0718293
0.0464595
0.165415
0.132231
0.113711
0.0861666
0.0629448
0.0489621
0.0540107
0.0832137
0.115555
0.207358
0.150633
0.0526147
0.0855691
0.0266028
0.104219
0.185899
0.101118
0.113708
0.0780943
0.0511332
0.0699708
0.116577
0.0538825
0.0412277
0.120884
0.088317
0.032838
0.0516362
0.0505813
0.048395
0.121037
0.145918
0.0680166
0.0577197
0.00827954
0.0963669
0.0383328
0.109438
0.107856
0.0862683
0.10196
0.0570505
0.0755809
0.116475
0.0715225
0.105366
0.113124
0.0510749
0.0701109
0.0626942
0.0664652
0.0324659
0.121691
0.0171607
0.0646497
0.0813001
0.0663115
0.0349643
0.116192
0.105947
0.093186
0.0676767
0.0817631
0.0885139
0.107211
0.118788
0.0893204
0.0335828
0.0845208
0.0408374
0.0649071
0.0557294
0.0244834
0.0396712
0.0579325
0.125848
0.0483792
0.0575633
0.154708
0.0369277
0.0169785
0.0409025
0.127686
0.0933253
0.116317
0.0972551
0.0661029
0.0779383
0.0867161
0.101844
0.0154959
0.107333
0.112565
0.125742
0.160641
0.074589
0.0341666
0.0431441
0.0925829
0.0642052
0.0827111
0.0837239
0.098997
0.0914185
0.050501
0.0723002
0.10712
0.0410678
0.0429623
0.0680752
0.0481086
0.0726313
0.0930294
0.0231534
0.0538638
0.0348208
0.0725059
0.026358
0.138491
0.137724
0.109532
0.0589451
0.108195
0.0425199
0.0858093
0.0297689
0.0785055
0.0918663
0.0611378
0.0351507
0.134188
0.0737682
0.0382596
0.0511192
0.176916
0.0343071
0.0416224
0.103204
0.0389791
0.164117
0.025664
0.0993463
0.080909
0.0267035
0.024886
0.0419881
0.0785772
0.0574974
0.220441
0.0661732
0.0588665
0.100003
0.0818878
0.0794301
0.10434
0.0983451
0.055085
0.114503
0.0693976
0.0732603
0.0472052
0.0311461
0.0428258
0.0931524
0.0587522
0.104886
0.0393354
0.094138
0.0315304
0.0945349
0.0288976
0.080422
0.038895
0.0467718
0.0243676
0.0643262
0.0772335
0.031155
0.0537773
0.111724
0.0758072
0.0524927
0.100755
0.0345736
0.0466539
0.0811422
0.175412
0.102644
0.0508049
0.0544265
0.0854394
0.0707295
0.116338
0.0781741
0.0572162
0.0317396
0.0581988
0.0468586
0.0142972
0.0708029
0.0885463
0.0774676
0.116638
0.0773302
0.0172662
0.124431
0.0599208
0.0731203
0.0373728
0.0736613
0.129181
0.025489
0.0485965
0.0945691
0.102902
0.0968206
0.0380684
0.0329251
0.0790351
0.116976
0.113685
0.117323
0.165837
0.0755683
0.0840158
0.135194
0.0792429
0.0502837
0.0880108
0.0888333
0.0993277
0.0492389
0.134273
0.0573383
0.0554711
0.0737457
0.080667
0.0937181
0.12554
0.0754454
0.0949597
0.0627073
0.0961108
0.194602
0.124636
0.0852169
0.123036
0.0329601
0.0504415
0.107213
0.0809857
0.0238037
0.0526767
0.11105
0.0896
0.0778703
0.0201437
0.0491046
0.107313
0.203394
0.0839834
0.0918141
0.0309244
0.0907626
0.0918583
0.102689
0.0871686
0.136046
0.085921
0.0256927
0.0581551
0.0540278
0.0835633
0.0191066
0.0997128
0.024523
0.109544
0.110224
0.0422344
0.0595609
0.142057
0.129707
0.0349131
0.0766012
0.0725378
0.0793803
0.0488637
0.122857
0.0172774
0.135418
0.0543879
0.12217
0.0927775
0.0552364
0.0922114
0.0611099
0.120761
0.0784539
0.0250663
0.106854
0.183672
0.0972922
0.0632826
0.0638936
0.108033
0.0496147
0.102998
0.0260332
0.106688
0.0224058
0.065902
0.0989295
0.0484125
0.0497523
0.0985974
0.0861595
0.0305869
0.0460642
0.0788377
0.0358052
0.104561
0.0947905
0.0432194
0.031562
0.0673175
0.0720189
0.036367
0.0620386
0.0779541
0.0651104
0.0310182
0.0372588
0.0988114
0.124045
0.0430963
0.0749399
0.0672795
0.110545
0.0574357
0.0934024
0.0625637
0.089295
0.0747896
0.0148956
0.107846
0.0119102
0.0634609
0.112269
0.100042
0.0646189
0.134372
0.06658
0.116874
0.0723964
0.0339012
0.0617493
0.0909001
0.0576645
0.129618
0.0347518
0.10151
0.0670506
0.111031
0.0483497
0.0316247
0.129932
0.0496122
0.0538587
0.06181
0.113598
0.0379169
0.122131
0.0503458
0.0687107
0.0687444
0.0562026
0.0324725
0.238663
0.124483
0.102454
0.0695012
0.0720751
0.0602406
0.114538
0.0741223
0.0648179
0.0801942
0.0608366
0.0331494
0.116515
0.0848853
0.152565
0.0691639
0.155297
0.0980289
0.0687909
0.137207
0.045392
0.0508049
0.0845964
0.0350178
0.110771
0.0934335
0.107188
0.067345
0.0165528
0.0827347
0.0413766
0.205083
0.046475
0.121474
0.0779115
0.0907552
0.143721
0.0852264
0.0852772
0.158673
0.0626583
0.0961907
0.0939758
0.0922268
0.115788
0.0422826
0.0776998
0.0906031
0.187309
0.127975
0.0511842
0.0424972
0.0438197
0.0992211
0.128432
0.028632
0.0995282
0.0699149
0.0395922
0.119493
0.0599336
0.107312
0.0515758
0.0651798
0.0535796
0.0749037
0.0574142
0.0743567
0.0268464
0.0421715
0.0258567
0.0940231
0.0479394
0.0558825
0.104267
0.043055
0.0756599
0.123701
0.0330909
0.0845471
0.0737478
0.067738
0.121228
0.0507318
0.127991
0.0704136
0.232173
0.0925503
0.0827457
0.149408
0.0436951
0.132496
0.0693841
0.0634276
0.0625042
0.0571652
0.0542512
0.103188
0.0793203
0.0832527
0.0747796
0.130377
0.101405
0.191684
0.0485679
0.0618639
0.137034
0.0939797
0.148809
0.0879607
0.0673194
0.142496
0.0403996
0.104684
0.0130626
0.0594803
0.0621102
0.110548
0.0675521
0.0833461
0.0872605
0.0427166
0.0846115
0.0814301
0.272642
0.0838105
0.234
0.0987075
0.131251
0.0814414
0.0643063
0.0678063
0.151152
0.0611468
0.0804802
0.150318
0.0706343
0.0760693
0.0958371
0.0256763
0.0258107
0.0754638
0.0949695
0.0711076
0.0916137
0.129484
0.0653164
0.0457945
0.0141881
0.103654
0.103905
0.0593723
0.0188416
0.0701042
0.0705893
0.0319696
0.084079
0.154751
0.0583287
0.106682
0.0201217
0.147884
0.103448
0.0721196
0.0775325
0.0974676
0.0530053
0.0411443
0.11722
0.0648844
0.137675
0.117647
0.0885142
0.0643422
0.0999786
0.119418
0.0688628
0.0373832
0.0911636
0.0557877
0.0217565
0.0319001
0.0739285
0.0319073
0.0694695
0.055242
0.185498
0.105427
0.157285
0.0691667
0.0691335
0.0531349
0.0565877
0.0489199
0.0951939
0.0264842
0.0730592
0.0552764
0.104544
0.0175274
0.0658894
0.0557463
0.0880854
0.0991649
0.102622
0.162814
0.142602
0.133529
0.0593395
0.0646003
0.0654958
0.0769522
0.0553368
0.0986152
0.0950633
0.0493279
0.0649002
0.0355
0.0733874
0.106881
0.0724393
0.0202379
0.0764942
0.0990615
0.056538
0.0532913
0.0763057
0.0121586
0.0334857
0.131119
0.095499
0.145025
0.0497338
0.111205
0.0603352
0.119551
0.0889489
0.040307
0.103056
0.108604
0.0530566
0.0532123
0.122924
0.0633959
0.0692782
0.0799203
0.160173
0.0970667
0.0983525
0.0737883
0.0449689
0.103342
0.0741401
0.0440588
0.0937049
0.0602453
0.180103
0.0844658
0.0483387
0.115645
0.0383393
0.075003
0.0988165
0.0584449
0.178925
0.056459
0.0525804
0.123148
0.14942
0.113551
0.0823713
0.0380479
0.086347
0.11134
0.0497983
0.058347
0.0764376
0.0984041
0.0491751
0.0453513
0.0618174
0.0953193
0.0668254
0.100069
0.0779113
0.0843726
0.0482714
0.0875602
0.0460917
0.0586554
0.12127
0.129296
0.0875635
0.0765731
0.110306
0.11451
0.0342419
0.180717
0.0402083
0.0388423
0.0541143
0.0440895
0.123543
0.0162813
0.0364149
0.114027
0.0592312
0.0329224
0.116646
0.0826366
0.0338955
0.117105
0.151069
0.186071
0.15065
0.096225
0.0805523
0.153416
0.159453
0.0454387
0.0318544
0.0292467
0.0980981
0.0724193
0.0208538
0.118663
0.0538968
0.189625
0.0447734
0.172406
0.104741
0.0713545
0.180008
0.0344675
0.0681068
0.0381352
0.0797684
0.099579
0.0939842
0.111296
0.128872
0.0886339
0.0436643
0.0734474
0.0292002
0.107873
0.0516696
0.141122
0.147522
0.0963101
0.0672931
0.0767454
0.0538734
0.0909134
0.0201728
0.0321337
0.023625
0.108458
0.076186
0.0916703
0.0485928
0.0821847
0.0795676
0.0558001
0.0887065
0.127784
0.00209402
0.102528
0.0827967
0.0482493
0.176089
0.0767813
0.0392555
0.0693936
0.0298274
0.0883206
0.0541488
0.0965293
0.079457
0.0889258
0.151134
0.0938092
0.108071
0.0267675
0.108111
0.133237
0.104568
0.0756512
0.0644964
0.0736126
0.0824256
0.0335906
0.0624798
0.0773716
0.117594
0.0516773
0.024687
0.0607212
0.0286306
0.164877
0.156355
0.211424
0.0599161
0.0850928
0.0766788
0.0946308
0.0650647
0.0539525
0.0504954
0.0987862
0.139306
0.127145
0.0730825
0.0651853
0.155072
0.159655
0.217423
0.0726144
0.0615056
0.132069
0.0517957
0.0474366
0.0772929
0.133911
0.104587
0.0466501
0.0298666
0.0183107
0.0415113
0.0898648
0.0364584
0.08084
0.0695173
0.0430719
0.116793
0.0876241
0.0240176
0.149231
0.0537311
0.0368074
0.0774484
0.0574832
0.0535609
0.0305904
0.0358289
0.0286097
0.075825
0.0465377
0.0654167
0.0939272
0.0202088
0.0360948
0.110201
0.0482165
0.119039
0.0528464
0.127253
0.0638421
0.0408258
0.0460998
0.0591017
0.114101
0.0961641
0.100115
0.0531244
0.11145
0.0955349
0.125714
0.0770125
0.0406675
0.115468
0.07744
0.126197
0.0427299
0.111207
0.0894074
0.0241322
0.0396409
0.0355857
0.0822451
0.0768161
0.0844262
0.104115
0.02519
0.0999506
0.122544
0.0631603
0.161494
0.0534337
0.0665219
0.137424
0.0900959
0.0820683
0.0615149
0.137409
0.0445872
0.0664109
0.0687885
0.106124
0.093722
0.0867704
0.0931237
0.0667003
0.0785488
0.0403912
0.0377727
0.0990849
0.0327471
0.0892845
0.0437305
0.129795
0.0341621
0.128742
0.0693292
0.120255
0.0532779
0.0491296
0.081355
0.0275563
0.0983111
0.10894
0.123953
0.120506
0.0857409
0.0766032
0.0718753
0.0590884
0.0262776
0.0394772
0.107021
0.0684379
0.0377981
0.0454464
0.0275646
0.0950312
0.0872657
0.0599522
0.065325
0.0356393
0.0770014
0.108989
0.101994
0.0890274
0.059733
0.128066
0.124619
0.0721223
0.128193
0.055527
0.0578718
0.0894831
0.0389026
0.064197
0.119924
0.117631
0.0552909
0.169128
0.0391823
0.0871448
0.143012
0.103377
0.0774693
0.114577
0.0545245
0.186367
0.0888173
0.0324855
0.0985734
0.0422778
0.137636
0.194537
0.0914587
0.0463865
0.149441
0.0373584
0.0297568
0.0471712
0.0879128
0.135386
0.0406839
0.125637
0.0425033
0.0474366
0.183946
0.236094
0.105219
0.12531
0.0841171
0.0964887
0.0553177
0.0918996
0.0183116
0.0563171
0.0908896
0.118869
0.0259848
0.0662029
0.0774523
0.0264686
0.0291349
0.186958
0.0802815
0.166832
0.0566459
0.0997053
0.0626065
0.10894
0.0596648
0.0704128
0.126534
0.0417999
0.0800263
0.0527916
0.11571
0.0504466
0.0330253
0.095648
0.0258625
0.132631
0.0535207
0.0436145
0.0766438
0.0887974
0.160335
0.0501359
0.0997034
0.265321
0.0895448
0.0648129
0.0549085
0.140956
0.11448
0.0794114
0.0655458
0.0673711
0.0586878
0.102173
0.112107
0.082271
0.186443
0.0213898
0.0646811
0.0363654
0.0545822
0.0507382
0.0786155
0.0730174
0.0691335
0.0547144
0.0595938
0.145977
0.0373735
0.113772
0.121753
0.0555676
0.0672085
0.0405563
0.0568888
0.0723146
0.0570796
0.0421115
0.0972646
0.160566
0.0648233
0.0175782
0.0949879
0.0873864
0.0852488
0.10067
0.0668821
0.0996612
0.0811433
0.0216323
0.155219
0.145173
0.0562508
0.0256423
0.0432613
0.042562
0.0503835
0.0135315
0.115571
0.0923467
0.0591751
0.126593
0.0364792
0.0600379
0.0474379
0.121938
0.0367927
0.0565417
0.114095
0.14653
0.0424574
0.113157
0.0518579
0.0534372
0.0595008
0.0784763
0.0622199
0.152575
0.0250832
0.0899523
0.0488523
0.172885
0.0727909
0.0787768
0.0298806
0.0379014
0.176343
0.0795968
0.0482442
0.0792255
0.0630955
0.150136
0.162249
0.0472512
