0.0216661
0.0271746
0.0288464
0.0332337
0.0367193
0.029188
0.0799874
0.00378828
0.0490641
0.026913
0.0113458
0.0281346
0.0296163
0.00185962
0.0217974
0.010854
0.016558
0.0290514
0.0326439
0.0210749
0.00197656
0.00246714
0.00412731
0.00167517
0.02535
0.0377957
0.00302167
0.0209381
0.0244232
0.0131588
0.0156247
0.0218605
0.0223099
0.00329546
0.00381022
0.0535373
0.0141297
0.00369857
0.0212069
0.049191
0.013506
0.0036484
0.016551
0.00132713
0.00203569
0.0182701
0.0416887
0.0296461
0.0362014
0.0245849
0.0217736
0.00158565
0.0137024
0.0786371
0.0156453
0.0420325
0.0201451
0.0481322
0.0090366
0.00333715
0.0185281
0.00151445
0.000661588
0.00253571
0.0379569
0.0152805
0.00691603
0.00717986
0.0403282
0.0205647
0.0447121
0.0739092
0.033643
0.00277433
0.0135995
0.0314505
0.03246
0.00318956
0.0268016
0.00222918
0.0308305
0.00368752
0.00689895
0.0194355
0.0348182
0.0010517
0.00363369
0.00513311
0.0265839
0.00111867
0.0232627
0.00330446
0.00232045
0.00210559
0.0305845
0.0310772
0.0163664
0.00433497
0.00335044
0.0106096
0.00292232
0.00246834
0.00654333
0.00439623
0.0303567
0.00190476
0.0277515
0.00314902
0.0170682
0.010167
0.00400723
0.0347162
0.00775318
0.0113549
0.0158683
0.0229944
0.0031111
0.0143687
0.00139302
0.00131112
0.00391601
0.00175805
0.0274542
0.00421792
0.00818938
0.00223901
0.0020293
0.00297879
0.0239197
0.0421205
0.0181317
0.0158192
0.0293535
0.0211095
0.00433392
0.00208154
0.0258002
0.00308936
0.0358202
0.00531253
0.037226
0.00993659
0.00376995
0.0127388
0.000967956
0.0144471
0.017653
0.0108769
0.0129627
0.00162007
0.0240458
0.0162141
0.0512442
0.0430962
0.0232389
0.0209215
0.00226023
0.0420172
0.00483272
0.039661
0.00271199
0.00422431
0.0107613
0.00311698
0.00899259
0.0265232
0.0534111
0.0204356
0.00195212
0.0014153
0.0153329
0.0140557
0.0130599
0.00402899
0.00661631
0.00148784
0.0228009
0.0235744
0.0191309
0.00354739
0.00181262
0.0245715
0.000519048
0.0225498
0.00672133
0.0040708
0.0200469
0.00098057
0.0194857
0.0499002
0.00400488
0.00900817
0.0274532
0.0521363
0.00104378
0.00281705
0.026638
0.00260126
0.0200499
0.00259249
0.000535336
0.0212367
0.00997899
0.00250884
0.00390258
0.00309145
0.0157909
0.0209735
0.0416711
0.0152901
0.00090268
0.0471245
0.00827021
0.0424209
0.0194016
0.0184146
0.0018789
0.0240622
0.0336161
0.0125715
0.0487394
0.0366254
0.0613449
0.0108312
0.00374776
0.0270532
0.0234173
0.0137041
0.0294688
0.00503444
0.0427455
0.0258774
0.0203493
0.0153404
0.0271195
0.0499034
0.00998977
0.00152693
0.0501589
0.0221721
0.0445035
0.00253573
0.0377472
0.0281848
0.00280839
0.0211935
0.00403901
0.021599
0.0256728
0.0225008
0.00641022
0.0014964
0.0250064
0.00126297
0.0481295
0.0216001
0.0227342
0.0428772
0.00400449
0.0185619
0.0034561
0.0446478
0.0222941
0.015295
0.0416056
0.00214571
0.0139733
0.00288968
0.0111201
0.0252308
0.00329354
0.0639434
0.00248538
0.0194579
0.00744067
0.0375727
0.0358024
0.000490217
0.0092263
0.00996245
0.00338763
0.000524625
0.0417236
0.00165902
0.0136097
0.00101421
0.00572914
0.00216535
0.00178906
0.0126529
0.0210105
0.00163666
0.0269505
0.00260784
0.0267813
0.00931038
0.0245062
0.0557037
0.02489
0.0179518
0.0121909
0.0215437
0.0275927
0.0244622
0.00583823
0.0340744
0.00109709
0.0196816
0.0406057
0.0046874
0.04364
0.0272295
0.00189741
0.00986339
0.0261359
0.0659358
0.00288757
0.0425462
0.0612616
0.0461063
0.0027721
0.00248544
0.00309059
0.0303333
0.0247499
0.00321929
0.00358029
0.0296432
0.0042811
0.0216798
0.0377308
0.00735575
0.0329495
0.0596691
0.0239275
0.00963506
0.00631726
0.00651559
0.00327879
0.0280801
0.0175357
0.0155995
0.000780806
0.0233763
0.00189974
0.0210619
0.00577993
0.0326045
0.00436194
0.00798515
0.0204304
0.00206928
0.0049754
0.00279333
0.0175048
0.00178217
0.00353917
0.0313183
0.00315965
0.0207811
0.00471038
0.00501788
0.00595782
0.00184873
0.028004
0.00449125
0.00869756
0.00166688
0.0177407
0.0183173
0.033398
0.0143559
0.0476937
0.00580019
0.0114182
0.0290057
0.0192437
0.0291667
0.00485536
0.00904744
0.00109306
0.0214093
0.00435523
0.0337764
0.00555738
0.0160778
0.00252148
0.0380884
0.0395827
0.0393672
0.0138567
0.00140525
0.0130362
0.0400601
0.0196
0.021321
0.0314072
0.0139983
0.00317559
0.0425976
0.00255188
0.0322875
0.0519652
0.0260508
0.00285226
0.000141645
0.013516
0.0423352
0.0068496
0.0135846
0.00074386
0.00309744
0.0501173
0.0324724
0.0217855
0.0220967
0.00661397
0.0410041
0.0423377
0.00472871
0.0178724
0.001455
0.0274744
0.00325599
0.00990868
0.0106014
0.0305612
0.034351
0.0119282
0.037881
0.00190792
0.041865
0.00127445
0.0226547
0.0457853
0.00469331
0.00311445
0.0044044
0.00199562
0.00331721
0.0296958
0.0172308
0.00151336
0.0155099
0.00221014
0.0242264
0.0354866
0.00231784
0.00341117
0.002003
0.0319802
0.00447696
0.0274533
0.0385508
0.0142524
0.0219473
0.00114203
0.018254
0.0344201
0.00132472
0.00264429
0.00190046
0.00261642
0.0108003
0.0307587
0.0521266
0.00398598
0.00570519
0.000907717
0.0292903
0.0267025
0.00261079
0.029927
0.0122978
0.00216269
0.00434387
0.021435
0.0337041
0.0014132
0.0166996
0.00544715
0.00200205
0.0138952
0.00287612
0.00497896
0.00492527
0.00104612
0.000156818
0.000574642
0.0198872
0.00359617
0.000886776
0.0176683
0.0026086
0.0482085
0.0172556
0.000765935
0.0298789
0.00389895
0.00309499
0.0122211
0.0187796
0.0100785
0.0276582
0.024306
0.0512062
0.00430242
0.00391385
0.0486153
0.00076117
0.0148327
0.0043677
0.0130292
0.0156845
0.00689735
0.0119063
0.0343189
0.0359949
0.00162846
0.0380511
0.0362587
0.00228119
0.0125337
0.000632743
0.0288065
0.00139679
0.0170859
0.0220736
0.00575636
0.00208353
0.0113969
0.0137804
0.00199852
0.0353285
0.0126202
0.00698816
0.0190763
0.00214884
0.0289624
0.0224228
0.0197051
0.0130334
0.0197989
0.016152
0.0656263
0.0567918
0.0309214
0.000944413
0.00243205
0.000779139
0.0393798
0.00520549
0.0243284
0.0296395
0.0337438
0.0196144
0.0622108
0.0415738
0.0157971
0.00165828
0.0193785
0.0209142
0.00297588
0.00730507
0.00254643
0.00935357
0.00395953
0.0195072
0.0252506
0.00334596
0.00597377
0.00147523
0.000774409
0.0485616
0.0018839
0.0305002
0.00442418
0.000783325
0.0296495
0.00219162
0.0022887
0.0381946
0.00168498
0.0193965
0.0209165
0.00421297
0.00221015
0.0342438
0.0038467
0.0268415
0.0129572
0.016504
0.00280199
0.00205678
0.00353421
0.0035615
0.00590629
0.0312345
0.0154869
0.0392413
0.00183252
0.0130043
0.0127336
0.011906
0.0425457
0.00165434
0.0321824
0.0053312
0.00284361
0.0433561
0.00314334
0.00405996
0.0417016
0.0286337
0.0203983
0.0120633
0.00436947
0.0379635
0.000677615
0.000740806
0.0195165
0.00133068
0.0245212
0.00383953
0.0166859
0.0319097
0.0144146
0.0235526
0.0276216
0.0397867
0.00988663
0.0289793
0.0370449
0.00248621
0.0288928
0.00123727
0.0103465
0.013253
0.0212906
0.0306265
0.0212632
0.000863486
0.00093405
0.0334698
0.00113244
0.0290562
0.0073841
0.00417984
0.00225357
0.015394
0.00223851
0.0115187
0.0288246
0.0280675
0.000899543
0.0246413
0.0093925
0.00487791
0.0409503
0.00354773
0.00303441
0.0386464
0.0347247
0.0282572
0.0155918
0.0233634
0.00265697
0.0285165
0.00273988
0.0166335
0.018483
0.0040234
0.00502252
0.0554957
0.0357093
0.00410427
0.00448532
0.0350594
0.0195116
0.00220772
0.0176655
0.0249824
0.0560882
0.00346538
0.00268758
0.0107425
0.0079617
0.00322989
0.00120919
0.00319855
0.00255444
0.0320525
0.000490231
0.0514535
0.00111071
0.00214924
0.0401066
0.0423642
0.00342671
0.0458268
0.0283628
0.0375329
0.0147339
0.0150132
0.0375408
0.00128201
0.0209746
0.0195569
0.0299221
0.0178309
0.0048675
0.0269088
0.00236341
0.0329242
0.00131621
0.0010401
0.0208061
0.00524892
0.00415171
0.00492147
0.025411
0.00214577
0.0166548
0.0145554
0.0216965
0.0346297
0.00430031
0.0567388
0.0316993
0.0367918
0.0151648
0.00263512
0.0190714
0.0038237
0.0151458
0.0371394
0.0146089
0.02086
0.025723
0.0463381
0.0144803
0.0360652
0.038842
0.0282275
0.035107
0.014559
0.00277421
0.0071206
0.00477488
0.00243367
0.0116111
0.0321726
0.0667373
0.00393521
0.0514887
0.00285953
0.00259945
0.0153899
0.00196917
0.0017586
0.0418045
0.00309749
0.0017706
0.00730127
0.0168098
0.00126161
0.00753911
0.0223961
0.0200321
0.0256817
0.011193
0.00197124
0.0169452
0.00848688
0.0159114
0.0304464
0.00721513
0.0037511
0.0227408
0.0492698
0.023623
0.00277609
0.0158976
0.016192
0.0320401
0.00244473
0.00907451
0.0465206
0.0163936
0.019291
0.00346048
0.0438761
0.0270817
0.00441661
0.00287557
0.00610893
0.00197842
0.000458186
0.014762
0.0038824
0.0139798
0.0260107
0.0187323
0.00275436
0.0270967
0.00362602
0.0166599
0.0047075
0.0169043
0.00109987
0.00311156
0.0289229
0.00440395
0.0113557
0.0163984
0.00106373
0.0129895
0.0168884
0.00618712
0.0206882
0.0137717
0.0182527
0.00120446
0.0204003
0.0181593
0.0245211
0.038303
0.0105281
0.00442508
0.00979429
0.0516442
0.00236869
0.0162088
0.0249216
0.0529087
0.0371559
0.0011087
0.0194075
0.0101953
0.00303079
0.0215611
0.00121669
0.0237554
0.00014178
0.00809314
0.0146079
0.0219928
0.00251589
0.0174597
0.0112796
0.00245815
0.00313877
0.00187965
0.0190655
0.0136485
0.0666341
0.000141427
0.00198116
0.0523097
0.0168929
0.0290135
0.0438157
0.0619155
0.0100289
0.00690372
0.0223748
0.00744609
0.0154671
0.0170426
0.00128158
0.0489971
0.0414983
0.0445927
0.00656853
0.00236379
0.00610903
0.0025379
0.0147294
0.0241883
0.021394
0.00455477
0.0430536
0.0281023
0.0188652
0.0415984
0.00794947
0.0708142
0.020018
0.00115227
0.0177111
0.00867617
0.037997
0.0104777
0.0197823
0.0126849
0.00587854
0.00086865
0.0196575
0.000141674
0.0130652
0.00324813
0.0176065
0.0206672
0.0332192
0.0286016
0.0261449
0.00368312
0.0028883
0.00818427
0.0222847
0.010654
0.0302525
0.0219225
0.00739826
0.00478437
0.0010321
0.0121249
0.0260536
0.0172296
0.0131259
0.0225874
0.0217881
0.0195035
0.00800054
0.00245698
0.0401562
0.00294382
0.0201984
0.00371832
0.0259588
0.00269308
0.00118325
0.0171919
0.0220661
0.00194781
0.00889506
0.00201164
0.0241572
0.0292936
0.0222427
0.0360183
0.00297673
0.0152429
0.00245431
0.0311223
0.000621919
0.010008
0.022092
0.00855828
0.0215758
0.0350421
0.0130343
0.039862
0.0292841
0.077879
0.0045481
0.0425641
0.0129756
0.028542
0.00366248
0.0254461
0.0194134
0.00208596
0.0370456
0.0036767
0.0196863
0.00466102
0.00153357
0.00203841
0.0185647
0.0105252
0.00538486
0.0059337
0.00263116
0.0208128
0.00298262
0.0301058
0.0225569
0.0041748
0.0327011
0.0311922
0.0529413
0.0139317
0.0280505
0.0442214
0.0443172
0.034759
0.00333799
0.0148029
0.00651519
0.0278195
0.00295766
0.0346887
0.039039
0.0258112
0.00263828
0.00562977
0.0048166
0.0359498
0.0166386
0.00387865
0.0079004
0.00159223
0.00161019
0.0183053
0.00277713
0.029938
0.0245946
0.00849547
0.00821406
0.00962781
0.00249386
0.00438153
0.0135888
0.0292171
0.0309101
0.00508956
0.00215115
0.00601213
0.00154666
0.0386298
0.00272172
0.0265985
0.0103515
0.00216733
0.00141544
0.0046518
0.0190098
0.00382402
0.00336115
0.0332934
