0.00472275
0.000271654
0.000990337
0.00136
0.00251816
0.00126223
0.000929674
0.00082437
0.00087805
0.0009041
0.00142059
0.000159451
0.00137486
0.00143688
0.00102751
0.000601649
0.00134554
0.00214362
0.000986736
0.000878184
0.0014313
0.000428219
0.000926395
0.00141655
0.000343639
0.000753797
0.00139157
0.000430042
0.00197347
0.00206858
0.00196142
0.00151867
0.00246359
0.000348431
0.00136667
0.00233582
0.0016073
0.00145955
0.00173888
0.000711729
0.00417348
0.00194542
0.00139083
0.000695937
0.00285477
0.0009947
0.000492904
0.00180351
0.00140818
0.00281053
0.00503013
0.00206681
0.000978998
0.000476552
0.00299421
0.000987502
0.000291072
0.000941673
0.00160173
0.000688546
0.000194929
0.000977026
0.00226526
0.00372334
0.00402067
0.00170698
0.00179629
0.000180578
0.00151786
0.000815175
0.000770307
0.00128376
0.00155073
0.000541088
0.00248111
0.00171671
0.000644399
0.00108509
0.00392205
0.00324121
0.00312696
0.00422818
0.000731975
0.000541531
0.00114464
0.000329894
0.00173869
0.00187544
0.00169473
0.00236999
0.000978968
0.00144314
0.00194306
0.00101851
0.00091576
0.00171903
0.00124048
0.000678961
0.00298153
0.000988756
0.000356586
0.00387059
0.00446557
0.000809276
0.000897804
0.00166041
0.00095052
0.0028828
0.00116069
0.00162186
0.0018734
0.00106657
0.00107868
0.00176367
0.00385152
0.00215018
0.000620395
0.00301669
0.000777627
0.00107472
0.000679991
0.00122085
0.00154781
0.00104441
0.00177176
0.000906187
0.00057177
0.00202863
0.00139921
0.000498727
0.00145393
0.00103499
0.00292075
0.000786037
0.00225799
0.00102728
0.000809075
0.00379642
0.000662485
0.00146914
0.00116514
0.000757928
0.00158606
0.00395757
0.00185491
0.00128631
0.00188019
0.00135767
0.000910148
0.000158919
0.00175313
0.000876392
0.00184299
0.00114041
0.000583572
0.0012276
0.000371305
0.000890948
0.00148732
0.00153341
0.00237786
0.000630872
0.000820794
0.000565395
0.00151133
0.00122911
0.000381689
0.00148422
0.00121492
0.000549809
0.00096546
0.000309745
0.00169411
0.00131783
0.0012029
0.00497796
0.00134031
0.000830366
0.0030185
0.00106341
0.00118764
0.00116882
0.00369642
0.00132151
0.0012891
0.00210804
0.00152427
0.00121645
0.00195415
0.00225804
0.00128047
0.000986966
0.00452215
0.000652833
0.000935711
0.000614257
0.00208665
0.00180919
0.00283072
0.00124049
0.00108133
0.00129427
0.00057969
0.000300718
0.000894154
0.0037728
0.000476434
0.000919177
0.00173661
0.00232319
0.000211227
0.00106117
0.00230049
0.00121393
0.00172747
0.00192657
0.00134412
0.0021843
0.00120227
0.0012491
0.0016392
0.00100015
0.000513656
0.000850657
0.00163014
0.000947412
0.000770492
0.000827653
0.00146251
0.00145308
0.00180165
0.00161186
0.00138271
0.00223185
0.00097916
0.0016261
0.00345957
0.00252969
0.00133619
0.000934389
0.00157636
0.00180702
0.00040149
0.00124966
0.00137666
0.000710383
0.00194065
0.00362718
0.00112953
0.000603841
0.00173373
0.00152904
0.00119881
0.000490352
0.00142981
0.000704465
0.00181516
0.0012915
0.00230473
0.00215068
0.000279048
0.000181807
0.00263133
0.000694068
0.00132275
0.00165836
0.00167495
0.00165597
0.000537816
0.000304781
0.0013092
0.00117344
0.000953417
0.00125712
0.00122072
0.00104107
0.00138005
0.00133064
0.000637585
0.00130408
0.00172787
0.00212882
0.000643153
0.00158972
0.00201201
0.000792571
0.000605215
0.00381208
0.000939416
0.000400546
0.00035
0.00166274
0.00185702
0.00170318
0.000969341
0.000877436
0.00138839
0.000933135
0.000825605
0.00133471
0.000555952
0.00135292
0.00146518
0.00111944
0.00233853
0.00115527
0.0022861
0.00249455
0.00143697
0.00195814
0.000721749
0.00182526
0.000879297
0.00096734
0.000371763
0.00139731
0.00187187
0.00101309
0.000936843
0.00142047
0.00122876
0.000762022
0.00132299
0.000959155
0.00133523
0.00159164
0.000258303
0.00118979
0.00171619
0.00142539
0.000226652
0.00164698
0.00117735
0.000649793
0.00303288
0.00189398
0.00163343
0.000800233
0.00142187
0.00101771
0.00155364
0.000641965
0.000458818
0.00183593
0.00152421
0.00166778
0.00180906
0.00264324
0.00133389
0.00159949
0.00229743
0.00351467
0.00120268
0.000977615
0.00284407
0.00138912
0.00100955
0.00291609
0.00232492
0.00102875
0.0024887
0.000760753
0.00370177
0.00175953
0.00107707
0.000359809
0.00127836
0.0005287
0.0018853
0.00119694
0.000364539
0.00517158
0.00265765
0.00196317
0.000562999
0.0016653
0.00133624
0.00278203
0.000917208
0.00106692
0.000947199
0.00158539
0.000288172
0.00179162
0.00125028
0.00292417
0.000181512
0.000423052
0.000668285
0.000286992
0.00130994
0.00172926
0.000454368
0.000163589
0.00215314
0.00129534
0.00107963
0.0012482
0.00112881
0.00417923
0.000555389
0.000932772
0.0017883
0.00115112
0.00264228
0.000496728
0.0015526
0.000979078
0.00173469
0.000395951
0.000762308
0.00143921
0.00168042
0.0032713
0.00136317
0.00127453
0.00120544
0.00366479
0.00140746
0.000435842
0.00277623
0.000829077
0.00146673
0.00177365
0.000728379
0.00121
0.00106615
0.000770336
0.00335729
0.0021607
0.00129954
0.00109652
0.000280887
0.00131363
0.00131909
0.0065223
0.00159144
0.000981494
0.00179187
0.00227462
0.000800721
0.00149028
0.000563371
0.00120348
0.00101861
0.00242618
0.000834128
0.00119894
0.00168275
0.00537512
0.00204248
0.00119602
0.00112412
0.00151449
0.00140397
0.000154315
0.00135227
0.000844839
0.00347343
0.00244344
0.0015922
0.000924
0.000437302
0.000824184
0.0014787
0.000572646
0.00023439
0.00142021
0.00146976
0.00138944
0.00222161
0.000743774
0.00112919
0.000819161
0.00106643
0.000780254
0.00257806
0.00148727
0.000387656
0.00266479
0.00139387
0.000681277
0.000620731
0.000635703
0.00106432
0.00414708
0.000846176
0.00182208
0.00101999
0.00157306
0.00153103
0.000965459
0.00132802
0.00301544
0.00135116
0.000300924
0.0016231
0.00131767
0.000842559
0.00100989
0.000487318
0.000553369
0.00104333
0.000352915
0.00144302
0.00160513
0.000414494
0.000690516
0.00116433
0.00113047
0.00215131
0.0016438
0.001569
0.00096517
0.00174263
0.00144549
0.00171173
0.00229891
0.00231274
0.00145245
0.00172264
0.000443958
0.000718076
0.00232865
0.000965695
0.00038215
0.00127661
0.000835656
0.00106163
0.000456725
0.000428129
0.00242019
0.00186209
0.00362515
0.00189955
0.000659053
0.0016554
0.00135972
0.000980527
0.00120441
0.00243129
0.00216883
0.00252199
0.0011846
0.000672335
0.00157883
0.00069931
0.00088272
0.00371235
0.00117268
0.00101045
0.00158099
0.00123412
0.00177166
0.00124172
0.000718595
0.00176342
0.00251721
0.000495973
0.00206334
0.000768482
0.0031192
0.00134961
0.00190654
0.000973739
0.00108623
0.00110632
0.00134651
0.000939776
0.000532215
0.00197746
0.00423068
0.00137063
0.000628472
0.000787267
0.000591185
0.000860469
0.00458758
0.0024929
0.000864981
0.000797513
0.00149198
0.00240579
0.00197122
0.000945274
0.000525508
0.00246833
0.000634578
0.00105551
0.0012564
0.000243259
0.00157716
0.000756935
0.000356088
0.00111344
0.000701749
0.0018162
0.000733269
0.00241416
0.00102939
0.00148911
0.00343817
0.00100491
0.00114199
0.000745706
0.00205872
0.00119014
0.000952774
0.00147045
0.00109585
0.00128779
0.00132346
0.000629836
0.000625438
0.002014
0.00105041
0.00138663
0.000732402
0.000839382
0.00179453
0.000927367
0.000711529
0.000404176
0.000795267
0.00185556
0.000731914
0.00117004
0.0010833
0.00318964
0.0010091
0.000542612
0.00170974
0.000803552
0.000956897
0.00138376
0.000299664
0.00273352
0.00138805
0.0017055
0.00155654
0.00305537
0.000743317
0.00120286
0.00329817
0.00105576
0.00126547
0.000900722
0.00136228
0.00173068
0.00139725
0.000823664
0.00102631
0.000641687
0.000524603
0.00077594
0.00263079
0.000646956
0.00175469
0.00148929
0.0012538
0.00113866
0.00264969
0.000155311
0.00121514
0.000840963
0.00057059
0.00369906
0.00170241
0.0011298
0.000552268
0.000605011
0.00135809
0.001569
0.00102563
0.000852304
0.000714713
0.00111109
0.000775858
0.00158624
0.00162766
0.0011409
0.000686365
0.00218984
0.00431239
0.00123347
0.000937593
0.00394789
0.000325508
0.0010064
0.000603516
0.000986591
0.000690268
0.00141367
0.000952144
0.000465804
0.00177489
0.000754558
0.00163589
0.000643728
0.00188429
0.00153055
0.00100311
0.00125483
0.00104834
0.000271784
0.00138123
0.00276248
0.00118383
0.00208611
0.00186285
0.00193813
0.000859731
0.00122556
0.000937683
0.00108744
0.00113234
0.00112061
0.000526741
0.000915951
0.00214123
0.00116654
0.00208525
0.000937119
0.000360362
0.00182041
0.00123325
0.00216875
0.00077277
0.00125987
0.00144533
0.000153195
0.00155928
0.000719231
0.000920006
0.00079592
0.000173924
0.00261604
0.000767483
0.000875822
0.00088008
0.00143652
0.000924528
0.000894779
0.00173318
0.00111237
0.00182153
0.00294098
0.00175398
0.000189831
0.00128552
0.000820685
0.00123111
0.000918353
0.0010159
0.00287068
0.00147935
0.000540229
0.00290265
0.00155513
0.000678319
0.000481139
0.00124141
0.00138957
0.0030375
0.000845966
0.000966677
0.000764395
0.000486838
0.00140899
0.000446533
0.00158568
0.00113286
0.00114173
0.00189433
0.00141873
0.000535864
0.00346304
0.00109204
0.000923636
0.000577137
0.00107003
0.0045503
0.00161801
0.000504942
0.00100226
0.000636537
0.00043326
0.00140453
0.00203051
0.00111771
0.000500202
0.00140503
0.00228164
0.00350996
0.000964839
0.00144853
0.000294886
0.00391871
0.00244178
0.00239211
0.000927419
0.00142191
0.002044
0.00211052
0.00156693
0.000813738
0.000930391
0.0010496
0.00124756
0.00340411
0.000738284
0.00130335
0.00256
0.00126558
0.00275923
0.00412159
0.000483434
0.00173774
0.00437935
0.000874901
0.000873483
0.00124974
0.00133697
0.000694638
0.00212942
0.00157646
0.000233318
0.00180326
0.000773441
0.000245366
0.00137706
0.00234633
0.000493057
0.000639565
0.00281079
0.000536773
0.00200644
0.00153067
0.000253142
0.00104142
0.00167954
0.000568856
0.000907687
0.00198298
0.000356022
0.00399881
0.000507485
0.00131811
0.000457936
0.000934962
0.00121446
0.000582396
0.00181446
0.00135614
0.00167411
0.000253485
0.00274442
0.00259972
0.00116819
0.00161125
0.00102596
0.0017203
0.00157812
0.00126049
0.000916704
0.00143746
0.00144225
0.000574797
0.00274101
0.00219479
0.0006311
0.00143004
0.00120555
0.00231021
0.00187623
0.000414448
0.00107444
0.000564045
0.00134526
0.000570124
0.00144643
0.000648165
0.00188823
0.00160719
0.00162905
0.00304389
0.0026791
0.000996039
0.00270838
0.00326405
0.000180775
0.00219125
0.0010693
0.00111314
0.00147547
0.00231188
0.00126815
0.00131944
0.00154754
0.00178685
0.00157796
0.00026053
0.000458305
0.00027739
0.00125418
0.0007606
0.00135353
0.000870661
0.00104188
0.000740025
0.000662901
0.00132828
0.00102368
0.00292116
0.00123327
0.000865547
0.0023175
0.000956185
0.00149276
0.00109353
0.0017308
0.00190184
0.00221226
0.00123816
0.000860576
0.000873461
0.000167182
0.0013843
0.00188451
0.00158011
0.000836939
0.00119258
0.000862312
0.00121151
0.00148864
0.000871401
0.00172686
0.000968019
0.00126145
0.000986395
0.00174362
0.00130319
0.00200632
0.000524421
0.000446582
0.0011659
0.000979612
0.00146748
0.00135661
0.00120413
0.00122347
0.000708704
0.000917218
0.00157126
0.000443839
0.000579959
0.00276039
0.000977191
0.00225949
0.000896736
0.000232982
0.00126909
0.00140957
0.000581711
0.000386068
0.00168101
0.000799173
0.00242145
0.000786547
0.00059683
0.000380472
0.00262577
0.00047536
0.000721646
0.00403404
0.000654857
0.000640262
0.00163311
0.0014756
0.0023685
0.00132991
0.00100967
0.00257218
0.00190418
0.000155722
0.00227303
0.00151935
0.00112644
0.00108363
0.000915181
0.000898145
0.000579011
0.0022331
0.000219113
0.000979994
0.000595182
0.00113586
0.000688783
0.00387403
0.00103712
0.0011845
0.00240804
0.00183276
0.00188884
0.000675449
0.00283186
0.00118007
0.000987456
0.00134476
0.00109668
0.000642884
0.00145579
0.000935298
0.00147091
0.000658452
0.00188436
0.00128653
0.00193707
0.0018833
0.000377874
0.00100962
0.00138893
0.00109738
0.000905817
0.000742719
0.000736385
0.00192743
0.00125524
0.00101432
0.00161126
0.00250123
0.00160764
0.00391227
0.00204674
0.00274596
0.000264052
0.000851246
0.000693363
0.000651625
0.0013158
0.00151159
0.00113896
0.000813838
0.00414506
0.00159958
0.00095728
0.000687032
0.00221965
0.0018343
0.000422146
0.00217488
0.00191537
0.000704977
0.00112799
0.000627089
0.00128873
0.00129097
0.0018863
0.00113085
0.00128482
0.000614731
0.00164126
0.00139478
0.00359886
0.00336823
0.00226309
0.00244388
0.00128372
0.00117278
0.00128651
0.000614912
0.0033886
0.000648023
0.000712977
0.00052517
0.000962733
0.00184526
0.00141839
0.00171271
0.000463466
0.00348326
0.00150031
0.00338566
0.00257945
0.000657337
0.0002532
0.0014806
0.000614777
0.000597646
0.00227411
0.000410133
0.00119627
0.00153685
0.00175863
0.000629438
0.0013712
0.0005332
0.00224562
0.00174373
0.000201453
0.000882957
0.000954924
0.000843601
0.00258548
0.001392
0.00112148
0.00172317
0.000740901
0.000574168
0.00314115
0.00264795
0.00130863
0.000262443
0.000706068
0.0057897
0.00424018
0.00111117
0.00130159
0.00167896
0.00146055
0.00168475
0.0021446
0.000529071
0.00115502
0.00190049
0.00222029
0.00114588
0.00166117
0.00324037
0.00259998
0.0021614
0.00327714
0.00125623
0.000766299
0.00120741
0.00207905
0.00159241
0.00141784
0.00191825
0.00384632
0.00155952
0.000311037
0.000791161
0.000999762
0.000908385
0.00110413
0.0015686
0.000618495
0.00145614
0.00313214
0.00159532
0.00061117
0.00068304
0.00296399
0.000967359
0.00310973
0.000538969
0.00157056
0.00101891
0.00188553
0.00147944
0.000843009
0.000295305
0.000940053
0.00119565
0.00189986
0.00126855
0.000905258
0.00143375
0.00150623
0.00128304
0.000774274
0.00163911
0.00105329
0.00150009
0.00114557
0.000839374
0.00115843
0.00307641
0.00111643
0.00133878
0.000631142
0.000258845
0.001743
0.000522604
0.000154606
0.00136691
0.000412403
0.00109832
0.000814209
0.00124508
0.000697031
0.00134095
0.00139967
0.000649892
0.00166604
0.00159496
0.00164402
0.000360161
0.000784836
0.0014973
0.00132668
0.000763856
0.000900797
0.00213678
0.00117434
0.00131239
0.000877335
0.00261556
0.000145994
0.00130102
0.00122987
0.00110788
0.00243348
0.00387856
0.000332802
0.00131305
0.00140563
0.0018245
0.00125686
0.00284288
0.00121946
0.0017565
0.00114893
0.00088306
0.000862953
0.00268815
0.00112993
0.00111933
0.00228211
0.00187547
0.000727067
0.00217806
0.00435537
0.00247797
0.00143793
0.000953132
0.00150078
0.00197204
0.00144348
0.00122579
0.00123239
0.00081968
0.000908647
0.00122776
0.00195938
0.00137094
0.000944785
0.00103906
0.00266254
0.00124966
0.000811039
0.00246232
0.000708635
0.000893075
0.000687053
0.00412515
0.0014516
0.0014268
0.00215974
0.00125487
0.00277863
0.000880785
0.000142321
0.00234336
0.000576289
0.00166022
0.00127765
0.000242341
0.0016611
0.00252327
0.000640946
0.000195747
0.000871189
0.0033644
0.00113735
0.00137423
0.00133385
0.000471008
0.00111679
0.00226893
0.001139
0.00170662
0.0018483
0.000790109
0.000542249
0.00121178
0.00182145
0.0013531
0.00133218
0.00132713
0.00248004
0.00167279
0.00125205
0.00160072
0.000892241
0.00126754
0.000605174
0.000651969
0.000672458
0.00394246
0.00154952
0.00109016
0.00416264
0.0023237
0.000293214
0.00126074
0.00166935
0.000997764
0.00174132
0.00178416
0.00254117
0.00183528
0.000638766
0.00134277
0.000628201
0.00141213
0.00212378
0.00234531
0.00234673
0.000646932
0.00282154
0.00193647
0.00290352
0.00176468
0.00247012
0.00167778
0.00244712
0.000831725
0.00152776
0.00228169
0.00196661
0.00183302
0.00171005
0.000404616
0.00390709
0.00106302
0.000795543
0.00154853
0.00109399
0.00140383
0.00102368
0.00243411
0.00186009
0.00154709
0.000816885
0.00210724
0.00117689
0.00215022
0.000628004
0.000836385
0.000883119
0.00152678
0.00141428
0.00183063
0.00132358
0.00148925
0.00306161
0.00102967
0.0018922
0.00185663
0.000471461
0.00143483
0.00377408
0.000955119
0.00158726
0.00080494
0.00283689
0.00142623
0.00172503
0.0010634
0.00109485
0.00084596
0.000718134
0.000701884
0.00308883
0.00111846
0.00150474
0.00441196
0.000877531
0.00135761
0.000862146
0.0011659
0.00131497
0.00204893
0.00030687
0.00381264
0.0021771
0.00111817
0.000198978
0.00304861
0.00165579
0.00198387
0.00162706
0.00112913
0.00419539
0.00349485
0.00257477
0.000646241
0.00135157
0.0027136
0.00153842
0.00132623
0.00125923
0.00272247
0.000988069
0.00281755
0.000423225
0.00109063
0.00176253
0.000542166
0.00097971
0.00119395
0.00183914
0.00117378
0.00170185
0.00174036
0.000413989
0.00404181
0.000901466
0.000837021
0.00159012
0.000661142
0.00237392
0.000453514
0.00254821
0.00139182
0.00439765
0.00107596
0.00116057
0.00203593
0.00167386
0.00122951
0.000880877
0.000416776
0.0014732
0.00182078
0.00106385
0.00134104
0.000619815
0.000692193
0.000312283
0.00122231
0.00135794
0.000709186
0.00154309
0.000762695
0.0014105
0.00135271
0.00116119
0.000932583
0.00104815
0.00057999
0.00119816
0.00084971
0.00251201
0.00106195
0.0012173
0.00046224
0.00301352
0.0001743
0.000814881
0.00154315
0.00101126
0.00164789
0.00108634
0.000856722
0.00155334
0.00115719
0.00109412
0.000986822
0.000456539
0.00291481
0.00198831
0.000992823
0.00154311
0.000591133
0.00187332
0.00137521
0.00187125
0.00153398
0.00123075
0.00149971
0.000803114
0.00071083
0.000669895
0.000403744
0.00168974
0.000673878
0.00118651
0.000401275
0.00606918
0.000941106
0.0012427
0.00152585
0.000395789
0.00130101
0.00480609
0.00230197
0.00261923
0.00221612
0.00154514
0.000774343
0.000670486
0.000997073
0.000730763
0.00562031
0.000587612
0.00108341
0.00136224
0.00085802
0.000340326
0.0020672
0.00145881
0.000365455
0.0012583
0.00316742
0.00498261
0.000895483
0.0030388
0.00379751
0.00328638
0.00040167
0.00168391
0.00114891
0.00217766
0.0015118
0.00133139
0.000769873
0.000567491
0.000990589
0.00114873
0.000332581
0.000536506
0.00142077
0.00280776
0.0021319
0.000921221
0.00150404
0.00119978
0.000349556
0.000374012
0.00100481
0.00146836
0.00132568
0.00102936
0.0026151
0.00136438
0.00146342
0.00142364
0.00226418
0.00101307
0.00105984
0.00186663
0.00311987
0.00127961
0.000365973
0.000967752
0.000883291
0.00105812
0.000988784
0.0020576
0.00162749
0.000322146
0.000337595
0.00259444
0.00284174
0.00148861
0.000454712
0.00083631
0.000318844
0.000706575
0.00140437
0.00129594
0.00272358
0.000949887
0.00113351
0.00358048
0.00110486
0.00422827
0.00251031
0.00110151
0.000859897
0.00178893
0.00193491
0.00069579
0.00504131
0.00166539
0.00179658
0.00165515
0.0029371
0.000990203
0.0019256
0.000365268
0.00141814
0.000917958
0.0006948
0.00127322
0.000650193
0.000571192
0.0022496
0.000325587
0.00294923
0.000966343
0.000524713
0.00156435
0.00268894
0.00060672
0.00225458
0.000712167
0.000778755
0.0034322
0.00159584
0.00239082
0.00145611
0.00107865
0.00093933
0.00134456
0.00101067
0.000936325
0.000475557
0.000952753
0.000406329
0.000818797
0.000244363
0.00104284
0.000253578
0.000260476
0.00080638
0.000742161
0.00162887
0.00125561
0.00124074
0.00231188
0.00131864
0.000434574
0.00174384
0.00137128
0.00169679
0.00145721
0.000477805
0.00192071
0.0013005
0.00207351
0.000803989
0.00243653
0.000660139
0.00291155
0.00153121
0.000596026
0.000719939
0.00256897
0.00399502
0.000644372
0.00132484
0.00133253
0.00080596
0.000849748
0.00316611
0.00089822
0.00109578
0.00114235
0.00338714
0.00337422
0.00148456
0.0010159
0.000816999
0.00298037
0.00113219
0.000740936
0.00175509
0.00106796
0.000331547
0.0013871
0.00225796
0.00241982
0.000859473
0.000326978
0.001504
0.000563333
0.000964787
0.00179892
0.000968674
0.0010651
0.000597464
0.00231358
0.000696474
0.00157692
0.0012725
0.000708188
0.00154339
0.00151878
0.00132233
0.00162231
0.00148325
0.00202673
0.00144579
0.000581822
0.000917886
0.000705493
0.00239287
0.00185189
0.00238301
0.00126349
0.000595977
0.000716533
0.00445601
0.00355665
0.00203691
0.00223329
0.00154645
0.00164634
0.00259177
0.0014415
0.0013549
0.000799084
0.000730939
0.00116257
0.00119079
0.0018797
0.0012875
0.00171874
0.00235724
0.00230132
0.00101162
0.00167228
0.00153213
0.00203204
0.00300741
0.0033522
0.000693666
0.000608233
0.000732898
0.000441735
0.000612508
0.00145749
0.0013919
0.00380921
0.000899146
0.00150538
0.00123266
0.00155379
0.00250215
0.000812384
0.0016018
0.00378406
0.00123107
0.00101635
0.000794889
0.00133685
0.00251522
0.000841965
0.00168247
0.00100932
0.00329755
0.000682088
0.00265251
0.00173106
0.0011206
0.00067592
0.00110964
0.00119983
0.000757766
0.000984234
0.000553556
0.00342074
0.00133047
0.00195543
0.00303651
0.000709895
0.000757631
0.00145141
0.00150981
0.00204971
0.000445066
0.00269819
0.00062504
0.00085885
0.00145995
0.00139402
0.00256686
0.00292404
0.00112809
0.00129932
0.00146052
0.000224432
0.00134994
0.00125229
0.00162221
0.00266048
0.00106754
0.0024277
0.000616627
0.00119844
0.000808488
0.00069315
0.00102412
0.0011374
0.000771474
0.00201599
0.000689549
0.00149562
0.00164585
0.000791769
0.000727171
0.00081765
0.00103211
0.00137321
0.00120753
0.000295799
0.000758489
0.00076727
0.00122101
0.000791044
0.00055127
0.000919122
0.00245534
0.00212329
0.00107591
0.00152898
0.00103886
0.00231276
0.000207736
0.000195962
0.00135677
0.00088716
0.00135064
0.00193096
0.0014098
0.000765383
0.00128111
0.00104236
0.00226025
0.000762973
0.000598188
0.00163728
0.00128151
0.000787477
0.000329054
0.000621907
0.00220387
0.000398991
0.00207422
0.00210277
0.00217881
0.00193723
0.00153668
0.000962783
0.00183723
0.00143582
0.00136564
0.00272516
0.00080099
0.00113413
0.00107929
0.0015049
0.000895141
0.000948268
0.000822271
0.000690078
0.00370209
0.00124719
0.00139157
0.000875116
0.000850463
0.00152743
0.00201253
0.00421645
0.000157331
0.00326222
0.00136084
0.0014017
0.00108299
0.00168562
0.00102884
0.000784278
0.00107867
0.0015155
0.000593771
0.000865509
0.00223066
0.00104109
0.000711384
0.00100737
0.00135443
0.00229483
0.00161194
0.00113819
0.00069376
0.000340157
0.0012883
0.00117734
0.00133149
0.00181806
0.00161121
0.00130623
0.000930283
0.00114469
0.00118696
0.000698495
0.00108189
0.00145566
0.000968263
0.00166035
0.000380017
0.000436116
0.002814
0.003475
0.00146141
0.00120371
0.00159817
0.000430395
0.00147403
0.000196042
0.00161231
0.00118027
0.00101079
0.000293232
0.0019096
0.00147217
0.00240537
0.000862725
0.00141267
0.00132388
0.00106062
0.000350634
0.000898118
0.000404951
0.000449501
0.00143342
0.000837643
0.0010422
0.00119901
0.000641229
0.0021169
0.000879781
0.00077073
0.000508487
0.000345726
0.00156461
0.00138528
0.00094127
0.00179956
0.000890243
0.000358829
0.00104058
0.000567475
0.00114855
0.00140691
0.00109306
0.000671624
0.00111958
0.00178318
0.000880427
0.00432727
0.00062369
0.000486115
0.00189058
0.000795091
0.00319975
0.00361389
0.00185171
0.000813467
0.00182519
0.00345866
0.000905569
0.00137322
0.00220132
0.000795957
0.000732299
0.000847654
0.00108648
0.00173385
0.00275864
0.000734031
0.000991724
0.000793635
0.000492712
0.00134748
0.000471972
0.00158004
0.000861167
0.00126807
0.00252238
0.00386143
0.000914307
0.000491681
0.00113741
0.00382638
0.00188367
0.00157728
0.000289746
0.00143708
0.000798299
0.00120907
0.000537109
0.00109675
0.00132061
0.00140081
0.000959453
0.001247
0.00208766
0.000586585
0.00168999
0.00101733
0.000580806
0.00128207
0.00198346
0.00131829
0.00150585
0.0028103
0.00141951
0.00157292
0.00122543
0.000983649
0.00125352
0.000244843
0.00159553
0.0024568
0.000215547
0.000449794
0.00334349
0.00164682
0.00132043
0.00223851
0.000974144
0.00109791
0.000802365
0.000603959
0.0011274
0.0013547
0.00166449
0.00123994
0.00148477
0.000719006
0.00156179
0.00374962
0.00134089
0.000892516
0.000839252
0.0039658
0.000605532
0.00122006
0.00199458
0.00117458
0.00250219
0.00142544
0.00108101
0.000392514
0.00166224
0.00191968
0.00100708
0.0015981
0.0017321
0.001981
0.000797282
0.00092558
0.000998038
0.00168154
0.000780146
0.000370825
0.00127007
0.00099805
0.00246134
0.00123451
0.00155106
0.000699087
0.00133575
0.00213899
0.000895025
0.00295379
0.00166586
0.000763924
0.00150194
0.00135393
0.00125169
0.00133891
0.00154458
0.00100716
0.00113565
0.000674772
0.00280394
0.000400189
0.000818018
0.00113055
0.000836377
0.00231876
0.000729279
0.000994017
0.00158536
0.0013287
0.000782608
0.00287068
0.000811033
0.00132761
0.000829662
0.000590946
0.00231024
0.000858484
0.00278908
0.00110646
0.00115322
0.000316994
0.000504964
0.00154653
0.000648204
0.00189107
0.00169466
0.00149523
0.00169372
0.00374364
0.00066419
0.00196371
0.00133457
0.000428832
0.000780553
0.00138552
0.00103579
0.00220854
0.0010505
0.00334757
0.000728312
0.00154376
0.00114897
0.000794864
0.000996061
0.00187944
0.00101148
0.0012066
0.00104062
0.0022214
0.00205542
0.00303114
0.000354826
0.00132707
0.00105749
0.00162225
0.001281
0.000856103
0.00123283
0.00415913
0.00163226
0.000425754
0.00245418
0.000517328
0.000194156
0.00118787
0.00133601
0.00229822
0.00162539
0.000535607
0.001163
0.00262691
0.000981622
0.00178641
0.00215015
0.00109127
0.00195823
0.00214107
0.00158331
0.00184875
0.00195646
0.000654574
0.00235868
0.000415063
0.00332823
0.0047746
0.000373599
0.000784443
0.000967479
0.00107071
0.00217949
0.000887503
0.0032044
0.000337748
0.000345768
0.00204097
0.00146336
0.000865887
0.00434538
0.000163539
0.00176281
0.00110922
0.00276642
0.002319
0.000792702
0.00550965
0.000661933
0.00219958
0.00268746
0.00154278
0.00164562
0.00142275
0.000882117
0.00230217
0.00082696
0.00120675
0.000286718
0.000774782
0.00117758
0.00139483
0.00139059
0.00208909
0.00287748
0.00285038
0.00159918
0.0014549
0.00364241
0.0018431
0.00143845
0.00152883
0.000714054
0.000953063
0.00112821
0.00133153
0.00112445
0.00161781
0.000519049
0.000158215
0.00122604
0.000486487
0.00146538
0.00111486
0.00260195
0.00147817
0.000988384
0.00197967
0.00239208
0.000977169
0.000995485
0.000945193
0.000629884
0.00140865
0.00115394
0.00131487
0.0016763
0.0021274
0.00268584
0.000877519
0.00121772
0.000527288
0.00123606
0.00256577
0.00284981
0.000879544
0.000544602
0.00152776
0.00199337
0.000524492
0.0012114
0.000796098
0.0023533
0.000720755
0.000597151
0.00341687
0.00426336
0.00121331
0.00133932
0.00197539
0.000298609
0.000617127
0.000440337
0.00308144
0.00125171
0.000836507
0.00176346
0.00255415
0.00139508
0.000963987
0.0004661
0.00192747
0.00316109
0.00169266
0.00153715
0.00389067
0.00129664
0.00177179
0.00228071
0.00198986
0.00126376
0.000648257
0.00103035
0.00180162
0.00244067
0.00296332
0.00147601
0.00154731
0.00426862
0.00194819
0.00320033
0.00158083
0.000283797
0.000569512
0.00145576
0.0015207
0.0033974
0.00061103
0.00214246
0.00101638
0.00164949
0.000195524
0.0014415
0.00144835
0.00032291
0.00153581
0.00480951
0.00109019
0.00068206
0.00130592
0.00197141
0.00152602
0.000882001
0.000566716
0.00059737
0.00122856
0.000827277
0.00126791
0.00096107
0.00198466
0.000822273
0.00158724
0.00178489
0.00153794
0.0012054
0.00211398
0.00126091
0.000681588
0.00181064
0.0020236
0.0011493
0.00175692
0.00123328
0.00154363
0.00243964
0.00146852
0.0010351
0.0012801
0.00195454
0.00229017
0.000762903
0.000841193
0.000984978
0.00288741
0.000367313
0.000370464
0.00353364
0.00068457
0.00259824
0.000271828
0.00244826
0.00258836
0.00177076
0.000501052
0.000736737
0.0016206
0.000704133
0.00135508
0.00295279
0.00245314
0.000921357
0.00285957
0.000377448
0.000648638
0.000696295
0.00200594
0.00127644
0.00252334
0.00195894
0.00108836
0.00206109
0.000226632
0.00111619
0.00336581
0.000511434
0.00263363
0.00349132
0.00115027
0.0018219
0.000318487
0.00114205
0.00104182
0.000503433
0.00364761
0.00111768
0.00312072
0.00133281
0.00126142
0.00169126
0.00177989
0.0015148
0.00359383
0.000595949
0.00017336
0.00448202
0.00137655
0.00194234
0.00134511
0.00068314
0.00117892
0.0004045
0.00286461
0.00084015
0.000868553
0.00192306
0.00198523
0.000264585
0.000941373
0.00139285
0.00130365
0.00139696
0.000480176
0.00379612
0.00340296
0.00023381
0.00170933
0.00392303
0.00129103
0.00125217
0.00167511
0.00463998
0.000246847
0.000936606
0.000692828
0.00480487
0.000836881
0.00115062
0.00227225
0.00110739
0.000564193
0.000891574
0.000414722
0.000876561
0.000946034
0.00607182
0.000489471
0.00257796
0.00107455
0.000383132
0.00464391
0.00302501
0.00195742
0.000944763
0.00145096
0.00122046
0.000545477
0.00136904
0.00152012
0.00119328
0.00158667
0.00141182
0.00080478
0.00077085
0.000570392
0.00121736
0.00202317
0.00112274
0.00139951
0.00255631
0.00163293
0.00175062
0.00079314
0.00153943
0.000844864
0.00179661
0.00404364
0.000842989
0.00173515
0.000361842
0.000319252
0.00240395
0.000657262
0.00125815
0.00153556
0.00113167
0.000890021
0.0014208
0.00110307
0.000507188
0.00173462
0.00205035
0.00108844
0.00301157
0.00140096
0.000399954
0.00145846
0.00130328
0.000795697
0.00106286
0.000300664
0.00116417
0.00107899
0.000944675
0.00467193
0.00129024
0.000951817
0.000701789
0.00248758
0.00155604
0.0020794
0.00239271
0.000177016
0.000465208
0.00156921
0.000832657
0.0004315
0.00140771
0.00106343
0.00276101
0.00107297
0.00182902
0.00110711
0.000985742
0.00117057
0.000909041
0.000181537
0.00247699
0.00257311
0.00132764
0.00200611
0.00101903
0.000743966
0.000856241
0.00111984
0.000290479
0.00102174
0.00103977
0.0010707
0.000219942
0.00332259
0.00140893
0.00141559
0.000724128
0.00264668
0.000801817
0.000931333
0.00109747
0.00163716
0.00155923
0.00181689
0.000708057
0.00055247
0.000269336
0.00393617
0.000413343
0.000468845
0.000950567
0.00236224
0.000967447
0.00262199
0.000955505
0.00156352
0.00386117
0.000859234
0.000681589
0.000711436
0.00104597
0.000452649
0.000927151
0.000370631
0.00344698
0.00132162
0.00133056
0.001067
0.00135312
0.0015724
0.000795774
0.00163742
0.00127896
0.00113525
0.00157065
0.00143017
0.000826489
0.00216336
0.00231143
0.00132403
0.00282468
0.000843767
0.00152418
0.00153998
0.000958316
0.00116891
0.00031597
0.000837576
0.00109706
0.000936913
0.0012098
0.00148218
0.00139952
0.00145266
0.00335676
0.00156747
0.00220141
0.00144958
0.000404033
0.00385018
0.00147984
0.00192181
0.000764417
0.00102767
0.00154059
0.00100777
0.000932828
0.0003555
0.000923666
0.00111126
0.000462717
0.00185264
0.00110277
0.000198449
0.0016392
0.00214412
0.000757657
0.00056556
0.00132312
0.000419459
0.00326545
0.00441255
0.00414849
0.00067862
0.000937809
0.00231533
0.00371841
0.00285888
0.00180631
0.00161677
0.000834717
0.00150924
0.000839766
0.00103704
0.000696805
0.000687747
0.00186822
0.0019876
0.000817834
0.00293895
0.00119415
0.00131636
0.000198842
0.00266088
0.000885238
0.00131335
0.0016292
0.00135849
0.00144715
0.00139872
0.00132288
0.000773696
0.0021537
0.000394607
0.00128755
0.000934657
0.000810369
0.00144815
0.000942559
0.00109485
0.00141507
0.00181239
0.00101805
0.000521103
0.000983722
0.0023232
0.000639448
0.00562465
0.00111918
0.000694012
0.001115
0.000550318
0.00163997
0.000631847
0.00144287
0.00174909
0.00350399
0.000752174
0.000894657
0.00176805
0.00240102
0.000182358
0.00344919
0.000975689
0.00194936
0.00104316
0.00235401
0.000665472
0.00133964
0.00233824
0.00229527
0.00266868
0.00118857
0.000641259
0.00135485
0.00187572
0.00118182
0.000605725
0.00183581
0.000538821
0.00100845
0.00103456
0.00109961
0.000216859
0.00187399
0.000577495
0.000643724
0.00139973
0.00159407
0.000651436
0.00104342
0.000574804
0.000852354
0.00103019
0.00106506
0.00233045
0.00316549
0.00155456
0.000363734
0.000925199
0.000751596
0.000392151
0.002401
0.000675209
0.0011608
0.00291306
0.00203627
0.000273696
0.00015122
0.00150368
0.00266535
0.000993115
0.00142807
0.000193843
0.00273872
0.000233637
0.0018275
0.00207419
0.00372804
0.00166833
0.00174085
0.00132197
0.000970851
0.000945771
0.000623324
0.00177453
0.0029203
0.00164032
0.00050131
0.000562402
0.00327296
0.0032447
0.000633352
0.00112044
0.000977657
0.000744345
0.00160565
0.000919851
0.00064808
0.00380429
0.00117066
0.000381563
0.000519018
0.00144239
0.00163043
0.000656992
0.00185257
0.00357708
0.00106938
0.000547041
0.00241148
0.000569862
0.000698186
0.00169649
0.00275981
0.0014989
0.000572583
0.000667682
0.000368837
0.00189933
0.000843869
0.00325074
0.000848072
0.00189168
0.00105486
0.000910158
0.00184038
0.00151305
0.000612212
0.00198101
0.00282711
0.000519487
0.00232285
0.00155218
0.000817266
0.00154227
0.000182996
0.00103576
0.00116759
0.000282339
0.00140128
0.000512367
0.00313027
0.00111367
0.00346274
0.00163819
0.000920338
0.00124887
0.00119797
0.00283848
0.0013639
0.0011764
0.00102557
0.00437737
0.00160488
0.00100941
0.0014764
0.00104709
0.00292905
0.00079889
0.000469284
0.00221469
0.0015621
0.000769787
0.000523124
0.0013172
0.000886738
0.00348768
0.00192265
0.00167605
0.00129853
0.00153215
0.000507479
0.000578664
0.00183181
0.00195703
0.00099595
0.00135431
0.00112412
0.00112819
0.000799566
0.000875301
0.000535865
0.00175329
0.00179755
0.00517519
0.000344645
0.00147851
0.000757018
0.00184535
0.00149242
0.00301768
0.000538686
0.000765395
0.000965071
0.00165077
0.00182173
0.00277158
0.0017603
0.00137139
0.00114941
0.000891309
0.00103618
0.00101268
0.00126378
0.00285586
0.00174984
0.0011083
0.00112556
0.000551239
0.00262356
0.00105703
0.000989785
0.000877317
0.00262268
0.00229644
0.00102329
0.001407
0.00240042
0.00446093
0.00161821
0.00169635
0.000350363
0.00115669
0.00311664
0.0018127
0.000391078
0.00157255
0.00116919
0.000814257
0.000638232
0.00128302
0.00352983
0.00210515
0.000218309
0.00312913
0.00407489
0.000938088
0.000887038
0.00109016
0.00156975
0.00343972
0.00104461
0.00103198
0.00162748
0.00179786
0.000911376
0.000898231
0.00112986
0.00149647
0.00101233
0.00240372
0.000378474
0.00210795
0.00177456
0.000716437
0.00295385
0.00144079
0.00234658
0.00278896
0.000386689
0.00148792
0.00103901
0.000823339
0.00116434
0.000508439
0.000819515
0.00502555
0.00216233
0.00187312
0.000694053
0.000465518
0.00120147
0.000709383
0.000503358
0.00183554
0.00129548
0.0024544
0.000470768
0.00114238
0.00042355
0.00220309
0.00114484
0.0010529
0.000782694
0.00238829
0.00171546
0.000782952
0.0033607
0.00104293
0.00367364
0.00167289
0.00364482
0.000889321
0.000490379
0.0014234
0.000577445
0.00124942
0.000799123
0.00112214
0.00140332
0.000670463
0.00313909
0.00188457
0.00229011
0.0016981
0.00231824
0.00177726
0.00156068
0.00111777
0.00130331
0.00103972
0.00075587
0.0018128
0.00135124
0.00097854
0.00180885
0.000685985
0.000223467
0.0016096
0.00134602
0.00171006
0.00169274
0.00108983
0.00149967
0.000535328
0.00130357
0.00105062
0.000710007
0.00182447
0.00102975
0.00173069
0.000786849
0.00155476
0.00454219
0.000827047
0.00338055
0.000690324
0.00161852
0.000771691
0.000450134
0.000844761
0.00121479
0.00055572
0.000913475
0.000699107
0.00102457
0.00220473
0.00207933
0.00338516
0.0025769
0.00420597
0.000975702
0.000550056
0.000448366
0.00102564
0.00359545
0.00103497
0.00112892
0.00168362
0.000676794
0.00202796
0.00114065
0.00126945
0.00280796
0.00100933
0.00179767
0.00114576
0.00103604
0.000525831
0.000931423
0.0040242
0.00120354
0.000933995
0.00217122
0.00289598
0.000504694
0.00159434
0.00201733
0.00170279
0.00316559
0.00152559
0.000301364
0.00106509
0.00151085
0.00173673
0.000852094
0.000514194
0.00176012
0.00564598
0.000321999
0.000977341
0.00034136
0.000665397
0.00130585
0.000659609
0.0011122
0.00112248
0.00207442
0.00378565
0.00206877
0.00122305
0.00196614
0.000476267
0.0011575
0.000422606
0.0006311
0.00181756
0.0025038
0.000930517
0.00108495
0.00199416
0.00409991
0.000650843
0.000546789
0.000888958
0.00206099
0.00139803
0.00152566
0.00233489
0.0011332
0.000961421
0.00110432
0.00155903
0.000753757
0.000784867
0.000937111
0.000528304
0.0020429
0.000874077
0.00117064
0.000922515
0.00182391
0.00104117
0.00236545
0.00176282
0.000759499
0.00431881
0.00129998
0.000364734
0.000881448
0.00335693
0.000362998
0.00142708
0.000644457
0.00144547
0.00130053
0.00174688
0.000741027
0.000956126
0.00202184
0.00157175
0.00169472
0.00198938
0.00146235
0.00234088
0.00134701
0.00164079
0.00111737
0.00054417
0.000536668
0.00135743
0.000252137
0.00109063
0.000586398
0.00130416
0.00268932
0.00124039
0.000556097
0.00155435
0.00041013
0.00118307
0.000528247
0.00118387
0.000716851
0.000395509
0.00081709
0.000916392
0.00110451
0.00146553
0.000248718
0.00062169
0.00127341
0.0039662
0.000765249
0.00129209
0.00426113
0.000604548
0.000512178
0.000157326
0.0009252
0.000694771
0.00141297
0.000273199
0.00286032
0.000885187
0.00311526
0.00050799
0.00123791
0.00147581
0.00155425
0.00161083
0.00132139
0.000953468
0.00186582
0.00120926
0.00205132
0.00150447
0.000906882
0.00334508
0.00074577
0.00464498
0.000938318
0.000685067
0.00233133
0.000604147
0.00160074
0.000351222
0.00124681
0.00117792
0.00465578
0.000435284
0.0012571
0.000210452
0.00141985
0.00142687
0.00112781
0.00123553
0.0009074
0.00179006
0.000610513
0.00264445
0.00093593
0.00240803
0.00124066
0.00147812
0.000357217
0.000400931
0.00194307
0.000998182
0.00184632
0.00169339
0.00233348
0.000986864
0.000642323
0.000493608
0.00134085
0.00204042
0.0044272
0.00186799
0.00127626
0.0017898
0.00139034
0.00128561
0.00120932
0.000540787
0.000647361
0.000473868
0.00114754
0.000780959
0.00117423
0.0024446
0.00120215
0.000865497
0.00171508
0.0024468
0.0013122
0.000541868
0.0011553
0.00126741
0.0016962
0.00170938
0.000579088
0.000685057
0.00168459
0.00031811
0.00035135
0.00117403
0.000520357
0.00148888
0.00104506
0.00100339
0.00119879
0.00286679
0.000643632
0.00206538
0.00114574
0.00184196
0.000301245
0.00162455
0.00147362
0.000797028
0.000804407
0.00362138
0.00289879
0.000939597
0.00316364
0.00271738
0.00116833
0.00266535
0.00206286
0.00233423
0.00188177
0.000354639
0.000779172
0.000590553
0.000919394
0.0015798
0.00205209
0.00108355
0.000893076
0.000983604
0.000176429
0.00111756
0.00128244
0.00131797
0.000866874
0.000340644
0.00361364
0.000937749
0.00400057
0.00222494
0.00061933
0.00166234
0.00183447
0.00125557
0.00369729
0.000671304
0.0015184
0.000899596
0.0010584
0.00146774
0.00202943
0.00133604
0.00182945
0.00128878
0.00155866
0.00198897
0.00403112
0.00153815
0.0010999
0.000791524
0.001051
0.000537858
0.00237727
0.00070287
0.00144135
0.00154093
0.00233812
0.000631025
0.000650755
0.000927436
0.000924653
0.00165221
0.00104891
0.00118183
0.000985401
0.00121194
0.00139306
0.000828829
0.00214582
0.00192678
0.00102594
0.00159868
0.000256697
0.00168016
0.00153083
0.000760776
0.000990635
0.00115683
0.00288462
0.00110009
0.00159381
0.000944487
0.00143384
0.000947033
0.00350957
0.00104536
0.00203084
0.000644467
0.00242876
0.00148804
0.00227474
0.000783209
0.000909329
0.00286102
0.000818871
0.000936641
0.000875223
0.00212898
0.000960809
0.00151198
0.00104424
0.000578998
0.00151611
0.00268291
0.00122259
0.00195517
0.000692643
0.0012124
0.00189041
0.00133265
0.00323975
0.000562563
0.00155177
0.00084093
0.00100294
0.000793005
0.000898858
0.000567137
0.00181366
0.000761556
0.00133607
0.0020655
0.000876314
0.000685305
0.00401256
0.00100005
0.00119496
0.00121427
0.00280205
0.00104817
0.00109821
0.00162163
0.00125607
0.00307256
0.00017569
0.000621783
0.00062857
0.000523035
0.000475145
0.00137854
0.000913046
0.00075048
0.000972611
0.000787215
0.00129875
0.00108711
0.000937523
0.00106161
0.00150021
0.00422332
0.0013836
0.0015455
0.00129526
0.000898239
0.00182217
0.000979942
0.00230874
0.000949178
0.000916779
0.00157208
0.00274459
0.0019752
0.00095805
0.000226181
0.00218836
0.00173806
0.00102464
0.00130587
0.000478032
0.00114718
0.000573275
0.003052
0.00133329
0.000958641
0.00108581
0.00189005
0.0041065
0.00229523
0.00118132
0.00129125
0.00118695
0.00153357
0.000471461
0.00363177
0.00196225
0.000846331
0.00102989
0.00269148
0.000297257
0.00182917
0.00328509
0.00077495
0.000653639
0.0030641
0.00189437
0.000989822
0.00102626
0.000981419
0.00153462
0.00357344
0.00191505
0.00251849
0.00158118
0.00254745
0.0022117
0.000433515
0.00166016
0.000940695
0.00371856
0.00119997
0.00157768
0.00127591
0.000534647
0.00125281
0.00179375
0.000907908
0.000410803
0.000199818
0.00182571
0.00151495
0.000511025
0.00101196
0.000890157
0.000818807
0.000821351
0.000618127
0.00108974
0.00366537
0.00251101
0.00458899
0.0012698
0.0030937
0.00152144
0.00137747
0.00106767
0.00461257
0.00156794
0.000629926
0.000778225
0.000270918
0.000609314
0.0010075
0.00335167
0.00663422
0.00114184
0.00174972
0.00139889
0.00499068
0.00155822
0.00159955
0.00616515
0.0011098
0.00189358
0.00102377
0.00210738
0.000832854
0.000336199
0.00103786
0.00139742
0.00101126
0.00146462
0.000957203
0.000563013
0.000852644
0.00182211
0.00172613
0.000704757
0.00138829
0.000204111
0.000198542
0.000461158
0.00324045
0.00223273
0.00116905
0.00124231
0.00249913
0.000495237
0.00170847
0.00116854
0.0010024
0.00136339
0.00141865
0.00316551
0.00136443
0.000944195
0.0020659
0.00175402
0.00236844
0.00157192
0.00101991
0.00284373
0.00218177
0.000437254
0.00229262
0.000976234
0.00189471
0.001112
0.00114197
0.00113855
0.000691718
0.00404074
0.000851296
0.000732118
0.00191978
0.000683318
0.00189452
0.000781592
0.00160469
0.00141545
0.00159054
0.000602553
0.00186785
0.00335254
0.000650419
0.00164423
0.00156261
0.00100274
0.00199747
0.000231867
0.000940362
0.000844566
0.000480587
0.00368633
0.00219709
0.00213237
0.00174706
0.00092369
0.000815634
0.000857729
0.000883041
0.00177911
0.00238218
0.000955311
0.000419029
0.0016953
0.00125424
0.00126845
0.00155095
0.000951918
0.00163184
0.00193799
0.00122406
0.00227023
0.000896364
0.000978396
0.000677815
0.00196303
0.00353057
0.000240188
0.000976031
0.00142323
0.00134593
0.00173109
0.000839023
0.000840962
0.00107616
0.00102836
0.0022875
0.00209358
0.00374989
0.00196496
0.00163133
0.0015367
0.00176251
0.00273522
0.000953732
0.00122558
0.00108456
0.00283004
0.00111655
0.000897363
0.00196489
0.00168539
0.000808775
0.00116437
0.00211738
0.000333224
0.00305769
0.000609042
0.00183748
0.000545353
0.000801753
0.000711452
0.00205559
0.0022217
0.00133741
0.0015469
0.00114427
0.000491269
0.00237285
0.00147788
0.00145367
0.00154457
0.00120733
0.00311274
0.00353065
0.00255027
0.00167572
0.00198406
0.00145435
0.000581645
0.00249
0.000844872
0.00184628
0.00104528
0.00101834
0.000800152
0.000793413
0.00147434
0.00142523
0.00107473
0.00065611
0.00181539
0.00121186
0.00312654
0.000462482
0.000794802
0.00172395
0.00130371
0.00280982
0.00179219
0.000724835
0.00059426
0.00414652
0.00125441
0.00341501
0.00180298
0.000776568
0.00164476
0.001677
0.000912626
0.000808539
0.0021792
0.00245338
0.0031015
0.000954874
0.00247758
0.00040511
0.00290995
0.000962926
0.00167264
0.00107771
0.00128249
0.00186451
0.00046553
0.00191969
0.00336722
0.00172624
0.00190873
0.00198124
0.0021044
0.00422172
0.000795683
0.00129231
0.00154517
0.00102432
0.000463277
0.00166654
0.00179243
0.000698694
0.00122042
0.00114857
0.000561476
0.00124396
0.000377714
0.000537658
0.00150377
0.00204855
0.00102802
0.00266981
0.00153907
0.00165172
0.00117643
0.0013707
0.000438608
0.0012482
0.000784315
0.000891954
0.00115071
0.0039116
0.0002085
0.000881331
0.0011561
0.00175066
0.0013568
0.000253464
0.00234154
0.00188622
0.000446653
0.0034115
0.000758457
0.00124757
0.000884968
0.000824375
0.0010896
0.000258251
0.000562031
0.00164332
0.000677084
0.00086692
0.0016361
0.00065074
0.000996104
0.00210967
0.000247064
0.00133887
0.00183615
0.00123615
0.000231839
0.00138644
0.0022163
0.000674384
0.00142316
0.000823401
0.000802325
0.000913602
0.00254524
0.00201888
0.00138042
0.000895065
0.0031905
0.000711601
0.00100698
0.000745309
0.000455664
0.00124848
0.00157666
0.00110529
0.00293021
0.000964028
0.000151812
0.000889103
0.000677342
0.00210489
0.00178213
0.00120499
0.000329802
0.00139787
0.00122712
0.00225545
0.000549603
0.00405036
0.00120131
0.000706115
0.00233247
0.000567889
0.00333808
0.000705014
0.000318903
0.00202815
0.000407099
0.00443352
0.000887901
0.000771636
0.000643213
0.000321898
0.0012067
0.000935743
0.000879396
0.0010826
0.00128378
0.00134304
0.00225995
0.000574764
0.00135794
0.00219174
0.00186328
0.00189063
0.00110501
0.000862031
0.000459275
0.000666868
0.00123414
0.00159772
0.00123762
0.000702842
0.000609635
0.000976935
0.00136486
0.000971895
0.00124512
0.000211318
0.00211027
0.00166997
0.00177462
0.00197487
0.00148264
0.000574733
0.00075599
0.00245016
0.00129271
0.00112139
0.000792678
0.00118416
0.000566075
0.00156848
0.00232436
0.000383017
0.00169449
0.00107938
0.00183444
0.000740931
0.000886256
0.000559478
0.00109641
0.000543484
0.00117001
0.000162817
0.00135776
0.00179524
0.000896287
0.000832374
0.000384462
0.00355829
0.00151279
0.00128823
0.001476
0.000609871
0.00110231
0.000257097
0.00397078
0.00125834
0.00116682
0.00131118
0.000656488
0.00191252
0.000979392
0.00169089
0.00158226
0.00142521
0.000598313
0.00063209
0.00112675
0.000502756
0.00144229
0.00227877
0.000732117
0.000673308
0.0023391
0.00160473
0.00243936
0.00174586
0.00111264
0.00109886
0.0029846
0.001107
0.000737277
0.00440722
0.00123002
0.000604212
0.00121026
0.00216579
0.000469581
0.000436498
0.00132848
0.00191112
0.000498392
0.000880055
0.0015431
0.00017715
0.000568986
0.00156029
0.00265907
0.00328195
0.00169023
0.000370047
0.000725209
0.000485619
0.00159674
0.00353086
0.000716675
0.00347616
0.00122809
0.00085771
0.0018148
0.000950383
0.00026321
0.00094289
0.000715263
0.00143627
0.00204062
0.000193788
0.00263005
0.00159568
0.00123697
0.00130732
0.00167791
0.000789929
0.000871817
0.00086659
0.00160563
0.000211648
0.000865187
0.00196948
0.0023693
0.000886045
0.000542321
0.000487153
0.00126693
0.00116578
0.00113468
0.00146236
0.00140299
0.000669478
0.00157348
0.00180173
0.000918271
0.000551124
0.00205245
0.00145586
0.002324
0.00064686
0.000905634
0.00155608
0.00172714
0.00251601
0.00109478
0.00148248
0.0017022
0.000478141
0.00143644
0.00129254
0.00111543
0.000625615
0.00101439
0.00212695
0.00364858
0.00142914
0.00137189
0.00345363
0.00179782
0.00170178
0.000915179
0.00426364
0.00043168
0.000402408
0.000530875
0.00216966
0.00179119
0.00051748
0.000308275
0.00104013
0.000938484
0.000311694
0.00174336
0.00150609
0.000848032
0.00147813
0.000942483
0.00163842
0.00102815
0.00158284
0.0021546
0.00056005
0.000394494
0.00299103
0.00220674
0.00105943
0.00196626
0.001749
0.00390851
0.00118305
0.00117552
0.00166427
0.0033484
0.000893678
0.000623742
0.00121149
0.00268519
0.00074502
0.000929474
0.00115971
0.000366275
0.00109646
0.000428207
0.00149464
0.00120644
0.00109849
0.000555914
0.000655645
0.00149218
0.00291379
0.00161197
0.000931578
0.000711315
0.000477672
0.00159534
0.00129965
0.00143342
0.00187518
0.00339105
0.00125562
0.00120584
0.00224949
0.000567927
0.00152296
0.0034081
0.00179625
0.00179795
0.0009932
0.000502897
0.000388116
0.00245206
0.00243233
0.00209947
0.000782762
0.00154289
0.000899079
0.00148389
0.000815826
0.00203994
0.00265893
0.00143763
0.00170786
0.00189499
0.000929789
0.00051562
0.00181691
0.00161027
0.00148007
0.00121955
0.00125497
0.000992062
0.000330641
0.000808821
0.00125515
0.00188631
0.0022519
0.000927077
0.00158499
0.000940085
0.0028022
0.00128589
0.00145345
0.000432157
0.00155592
0.000888739
0.000665636
0.00495171
0.000497054
0.00117721
0.000550995
0.00112545
0.000968458
0.000964025
0.000460864
0.00155388
0.00171447
0.00163756
0.00128477
0.00142248
0.00107002
0.00112468
0.00173211
0.000809971
0.00184003
0.000419785
0.000547542
0.00210061
0.000808407
0.00145341
0.000771471
0.000388265
0.00115989
0.00143016
0.00240968
0.000982839
0.00238621
0.00119247
0.000610174
0.00199009
0.000325497
0.000412076
0.00162266
0.00173288
0.00132239
0.00232562
0.00058677
0.00205715
0.000693432
0.00113416
0.00414704
0.000856024
0.00133167
0.00140822
0.00180399
0.00228179
0.00225433
0.000847377
0.00115005
0.00321682
0.000645024
0.00126497
0.00171559
0.00118222
0.000776964
0.00123398
0.000856914
0.00121593
0.00194047
0.00157864
0.00120866
0.000545464
0.00151296
0.000242781
0.00153115
0.0011902
0.00124629
0.0023981
0.00110414
0.00112597
0.000334536
0.00156916
0.00181813
0.000658425
0.000933399
0.00171638
0.00110026
0.000251991
0.0013535
0.000383443
0.00119656
0.00156359
0.00305444
0.00239507
0.00304374
0.00084525
0.00150154
0.000256687
0.00156398
0.000637496
0.00101694
0.00125316
0.000719367
0.00125818
0.00140394
0.00171855
0.00194495
0.0005176
0.001511
0.00268324
0.00122331
0.000865586
0.00219164
0.00555616
0.000645903
0.00107734
0.000868987
0.00115385
0.00461944
0.000503415
0.00078456
0.000577707
0.000987755
0.00105538
0.00197748
0.00164282
0.000430183
0.00172696
0.00272401
0.000634332
0.000711454
0.000863251
0.00404461
0.000963254
0.00353863
0.00116833
0.00125947
0.000406948
0.00180586
0.00102459
0.000747267
0.00144222
0.00138388
0.000940396
0.00074806
0.00206802
0.0010353
0.00135234
0.00108396
0.000986189
0.000762135
0.000786787
0.00123671
0.00125555
0.00110405
0.000963976
0.00062907
0.0014474
0.00157831
0.00265916
0.00102776
0.000840087
0.00259341
0.00122374
0.000756179
0.000619442
0.00092862
0.0016663
0.0021723
0.00158763
0.00100794
0.000973307
0.00143887
0.000364926
0.00161337
0.00102943
0.000918664
0.000654537
0.00148944
0.00133461
0.00185026
0.00111252
0.00469566
0.000778088
0.000241042
0.00276811
0.000614217
0.00077397
0.000827555
0.000434964
0.0011217
0.00103767
0.00165102
0.000718521
0.000870342
0.00241182
0.000449412
0.00130151
0.00120605
0.0019492
0.00414252
0.00289179
0.000261321
0.00120615
0.00102861
0.000611389
0.000903076
0.00167469
0.00140043
0.00166477
0.00131826
0.00122859
0.00107621
0.00141581
0.00094802
0.00135423
0.000514574
0.00201571
0.00237548
0.00125161
0.00277324
0.000423413
0.00105071
0.00194019
0.00325868
0.000733288
0.00016357
0.00156047
0.0027913
0.000612209
0.00338861
0.000646114
0.00123471
0.00203265
0.000793331
0.00241382
0.00274094
0.00274366
0.00272148
0.00113401
0.000728776
0.000406353
0.000727869
0.000562377
0.00143595
0.00110917
0.000693002
0.000569129
0.000350745
0.00265828
0.00318793
0.00306504
0.00137925
0.00197598
0.00289108
0.000521951
0.000525264
0.00155675
0.000409429
0.00161748
0.00361182
0.000790697
0.00348067
0.0011943
0.0022327
0.00115587
0.00240401
0.000798164
0.00149918
0.000839684
0.00318442
0.00367697
0.000435108
0.00025751
0.000531558
0.000677532
0.00232508
0.0010335
0.000473968
0.00129333
0.00127469
0.000887841
0.000774853
0.00152543
0.00152049
0.00168286
0.000775933
0.00150244
0.000920819
0.00189082
0.000859067
0.00370817
0.00186397
0.000490382
0.00337841
0.000690803
0.000252171
0.00128437
0.000632183
0.00178327
0.00148672
0.00141363
0.000911265
0.00255028
0.000458885
0.0020712
0.00237723
0.00525691
0.00146939
0.00115458
0.000431638
0.00138367
0.00164063
0.00164327
0.000495999
0.000976122
0.000802965
0.000797978
0.00110341
0.000556576
0.0018961
0.000646276
0.00187589
0.00255127
0.00201374
0.000685821
0.00206631
0.00232392
0.000945693
0.00142356
0.000895158
0.00301089
0.000287121
0.000637003
0.00217427
0.000893245
0.000631431
0.000509351
0.00355075
0.00162531
0.00111856
0.00160082
0.00141943
0.00115894
0.00143809
0.00211328
0.000594289
0.00142371
0.00186953
0.00279528
0.000759997
0.00119792
0.00113432
0.000695828
0.000710764
0.000744623
0.00121078
0.00137549
0.000823192
0.000339861
0.00184187
0.000422113
0.00141646
0.0022048
0.00302461
0.000610444
0.000360448
0.00132439
0.00162029
0.000910314
0.00356673
0.00131454
0.00150727
0.00111866
0.000659392
0.000699391
0.00064524
0.000657674
0.000984235
0.000868194
0.000861553
0.000750748
0.000919403
0.000984693
0.000857319
0.00380346
0.000602269
0.00168775
0.000493663
0.001748
0.00161668
0.00243319
0.000833276
0.00110865
0.00294358
0.0010405
0.000803449
0.00111947
0.00025892
0.000555671
0.000748747
0.0017954
0.00218089
0.00207671
0.00205338
0.00264089
0.00112405
0.0012034
0.00325299
0.000955972
0.000505435
0.00227546
0.00208195
0.000918075
0.00230866
0.00425806
0.00175059
0.00195341
0.00154244
0.00277571
0.000961149
0.00194638
0.00279575
0.00248824
0.00101823
0.0018777
0.00183515
0.000427236
0.00108645
0.00196563
0.00105017
0.000633734
0.00135615
0.000658515
0.00104648
0.00086736
0.00329543
0.00140571
0.00465979
0.000852304
0.000682394
0.00302837
0.00109545
0.00159615
0.000774192
0.00227788
0.0026609
0.00191598
0.00191305
0.000701263
0.000172449
0.00159862
0.0016149
0.00185643
0.000475442
0.00303014
0.000882274
0.00120377
0.000563544
0.00217018
0.00159921
0.00123064
0.00126501
0.00168297
0.00121242
0.00108548
0.00156864
0.00290404
0.000840043
0.00138086
0.000331034
0.00117354
0.0014666
0.00101981
0.000554651
0.00124433
0.00312566
0.00147476
0.000952942
0.000683096
0.0012848
0.00126193
0.00187955
0.00112389
0.00123958
0.000951389
0.000774771
0.00188048
0.00321164
0.000939994
0.000749846
0.000659781
0.000843689
0.00100829
0.000538763
0.000746656
0.00110335
0.000717043
0.000360166
0.00183208
0.00174185
0.00107376
0.000394715
0.00103411
0.00124589
0.000769138
0.00167115
0.000586601
0.00232777
0.000916106
0.000648592
0.000584689
0.00123655
0.000847596
0.00120206
0.0019733
0.000352092
0.000820562
0.000833288
0.00381025
0.00126232
0.00355715
0.0013497
0.00104011
0.00123029
0.00180872
0.00131656
0.00126341
0.00153819
0.00373574
0.000850858
0.000494286
0.00109317
0.00022378
0.00182735
0.00150928
0.00152123
0.00354962
0.00236478
0.00172472
0.000346109
0.000797451
0.00277013
0.00155703
0.00097106
0.00121366
0.00314938
0.00206408
0.00116614
0.00069467
0.00212063
0.00137098
0.00122044
0.00177544
0.000842649
0.00173434
0.0012865
0.00103771
0.00148626
0.000675221
0.00292861
0.000270547
0.00182367
0.0011838
0.00164828
0.00047955
0.00107572
0.00149112
0.00228045
0.00136778
0.0005953
0.000728772
0.000451796
0.000751656
0.00159782
0.00136729
0.000687847
0.00200823
0.00280906
0.00184587
0.0017373
0.00136182
0.00199002
0.000786165
0.00122985
0.0011898
0.00247943
0.00171372
0.00137276
0.00180728
0.00152696
0.000662312
0.00199314
0.00162148
0.00133205
0.000631789
0.00123005
0.00103093
0.00171907
0.000938903
0.000764621
0.0014096
0.00043507
0.00258583
0.00179026
0.00201693
0.0010791
0.000917894
0.000665676
0.00280932
0.000756862
0.00116378
0.000422604
0.00213281
0.00269597
0.0053269
0.00134449
0.00104527
0.00339539
0.00173847
0.000699252
0.00121106
0.00184273
0.00207063
0.000669319
0.00102506
0.00106395
0.00181426
0.00187294
0.000736414
0.000353701
0.000520496
0.00479948
0.00116001
0.00207634
0.00080645
0.000663932
0.000311549
0.000898762
0.0035833
0.000794781
0.00138738
0.000601322
0.00155749
0.00092079
0.0012552
0.000366171
0.00203818
0.000860556
0.000852651
0.00044996
0.00446855
0.000653299
0.000301149
0.000204068
0.000696319
0.00136431
0.000521219
0.000696787
0.00070616
0.00113469
0.00157189
0.00491537
0.000623476
0.000665991
0.000576805
0.00214703
0.000781215
0.00115189
0.00359086
0.00125813
0.00161984
0.00131781
0.00150474
0.00295689
0.00289208
0.00101819
0.00067501
0.00172795
0.000691783
0.00164471
0.00110322
0.000374842
0.000287591
0.00170898
0.000558546
0.00190623
0.0015726
0.00237106
0.00120884
0.00161446
0.00163895
0.000392187
0.000795747
0.00240734
0.00114163
0.000768453
0.00177013
0.00130069
0.00174857
0.00146745
0.000868712
0.00105376
0.000601356
0.00138679
0.00113507
0.001396
0.00113537
0.00144472
0.00173885
0.000700697
0.00329402
0.000787987
0.000212856
0.000957238
0.00182211
0.00130869
0.000932845
0.00104163
0.00149198
0.000860638
0.00191912
0.000688775
0.00460821
0.00106731
0.0011276
0.000469199
0.00111154
0.00138186
0.00264628
0.000750987
0.000517864
0.0019099
0.00105448
0.00144524
0.00298235
0.00153316
0.000477862
0.00238613
0.00320793
0.000169026
0.00041612
0.00145791
0.000669134
0.00129132
0.000446949
0.00187372
0.000283245
0.000975188
0.000623879
0.00154635
0.00266091
0.00102077
0.0011973
0.000180276
0.000425029
0.00170821
0.000577464
0.00104318
0.00120158
0.000463626
0.00102763
0.00110887
0.00295386
0.000334257
0.000909378
0.000681382
0.00123867
0.000204319
0.00181807
0.00162708
0.00149803
0.00110263
0.0018336
0.000970613
0.00130128
0.000828037
0.00192492
0.00148522
0.00424456
0.00299084
0.000845727
0.00218822
0.000472699
0.00181199
0.00213021
0.00110669
0.000961724
0.000832684
0.00114193
0.000595797
0.00157251
0.00133444
0.00141867
0.00101066
0.00173071
0.000833272
0.0012627
0.00278647
0.00156436
0.00134685
0.00166697
0.00073353
0.00120092
0.00156155
0.00142588
0.00156782
0.00085893
0.000936988
0.002835
0.00108583
0.000382708
0.00169583
0.00174086
0.000273127
0.00050416
0.000835949
0.00153145
0.000357671
0.0013967
0.00118408
0.00458738
0.000840405
0.00324062
0.000189512
0.00185782
0.00155222
0.000659565
0.00127529
0.00158246
0.00213958
0.00290337
0.000580331
0.000940294
0.00128781
0.000385942
0.00177567
0.0004649
0.000854298
0.00310382
0.000548093
0.000550952
0.00262142
0.000883506
0.00308471
0.00203095
0.00157214
0.0012218
0.00106989
0.00322769
0.00155147
0.000289775
0.000952407
0.00063681
0.000821025
0.00275577
0.0008096
0.00336071
0.00109712
0.00160857
0.000951242
0.00120019
0.00113683
0.00092569
0.0013732
0.0018233
0.000663275
0.00120834
0.00196861
0.00103058
0.00106518
0.00139958
0.000908481
0.000653438
0.000491665
0.000983254
0.000745134
0.000811458
0.000182629
0.0010272
0.000572506
0.000599893
0.000428614
0.00251923
0.00238838
0.0014998
0.00204611
0.00100285
0.0013074
0.00200972
0.000568384
0.000900175
0.00235289
0.00318778
0.00199806
0.00143211
0.00106201
0.00266314
0.00151258
0.00182018
0.000484986
0.000525838
0.00141652
0.00154843
0.000781917
0.00107665
0.000911112
0.000930827
0.00266421
0.00049854
0.00101025
0.000818651
0.000292262
0.00184814
0.000627813
0.00306855
0.003141
0.000345243
0.000561819
0.000593173
0.00121507
0.00142975
0.000475513
0.00112325
0.000705476
0.00127074
0.00146686
0.00274467
0.00292872
0.00103957
0.00109526
0.00135661
0.000838365
0.000683313
0.00175108
0.000596494
0.00137466
0.000670469
0.00122094
0.00236749
0.00046443
0.00131207
0.000191179
0.00282669
0.000757974
0.00139762
0.00109843
0.00120699
0.00250469
0.00145074
0.00182241
0.000755437
0.0001693
0.00215365
0.000418779
0.00207388
0.000760166
0.00201659
0.00111091
0.00279873
0.00227357
0.000326391
0.00146275
0.000628114
0.000387111
0.00104595
0.00404899
0.0018472
0.0018072
0.00161945
0.000290733
0.000868045
0.00112646
0.000167095
0.00216296
0.000891086
0.000691579
0.00172246
0.000718867
0.000718179
0.00217872
0.000873069
0.000837464
0.00133085
0.00186497
0.000808514
0.00079549
0.000951407
0.00045873
0.00350131
0.00104214
0.000615662
0.000779554
0.000915717
0.00211688
0.00143061
0.00119261
0.000355003
0.000966308
0.000877229
0.000703594
0.000617643
0.000174227
0.000888469
0.000198353
0.00118009
0.00353397
0.00111014
0.000780482
0.00157491
0.00106619
0.00207591
0.00175332
0.00135029
0.00131509
0.00102018
0.000757081
0.00368325
0.0036462
0.000722567
0.000657099
0.00209435
0.00133788
0.000873577
0.00042822
0.0015813
0.00178268
0.000667582
0.00330123
0.00193056
0.00204291
0.000812023
0.000867854
0.002002
0.00137077
0.00044885
0.00150011
0.00130836
0.00186467
0.00125876
0.00192494
0.00126456
0.00146097
0.000244683
0.00172144
0.00205918
0.000687131
0.00131672
0.000905319
0.00163966
0.0025527
0.00160748
0.000295049
0.000778541
0.0035024
0.000407304
0.00118371
0.00199633
0.00181885
0.000965851
0.000997577
0.00171845
0.00188335
0.00135904
0.000697317
0.00493568
0.000907194
0.00135237
0.00348537
0.000777463
0.00175873
0.00138635
0.00383603
0.00130119
0.00195094
0.000497321
0.000847355
0.000880537
0.00128405
0.00156721
0.00144256
0.00477345
0.000737906
0.00143783
0.00196874
0.0017643
0.000710138
0.00102415
0.00350099
0.00218668
0.00156734
0.000903524
0.000612801
0.000586726
0.00187798
0.00131853
0.000846201
0.000870356
0.00195555
0.0011694
0.00165688
0.00254912
0.00118494
0.00222142
0.000771841
0.00154395
0.00154801
0.00178788
0.00314367
0.00152717
0.000515026
0.000530953
0.00107425
0.000640312
0.0010987
0.0007717
0.00163308
0.000596582
0.000983646
0.001454
0.000840909
0.000499467
0.000807968
0.00134249
0.00277281
0.00162615
0.00187274
0.00205584
0.00323725
0.00178643
0.0029256
0.00131965
0.00119448
0.00131464
0.00107366
0.000413049
0.00546333
0.00155235
0.000833394
0.000991383
0.000432067
0.00283572
0.00104206
0.000937213
0.00108723
0.000596974
0.00128567
0.000721123
0.00102614
0.00489444
0.00210372
0.00354116
0.000773295
0.000618805
0.00106193
0.000345532
0.00245692
0.00184796
0.00127543
0.000600767
0.000638183
0.00117641
0.00137649
0.0016633
0.001245
0.00255644
0.000830908
0.00181185
0.00200955
0.00152145
0.00156626
0.000520158
0.00127376
0.000852945
0.00336649
0.00158427
0.0010609
0.00386504
0.00164205
0.00248784
0.00182633
0.00156123
0.0007716
0.000783914
0.00298759
0.00224924
0.00218172
0.00154844
0.00392199
0.000873167
0.00123249
0.000533573
0.00153711
0.000225073
0.00226079
0.000978662
0.00114591
0.000517585
0.00071696
0.000309527
0.00142415
0.00295023
0.000976288
0.0014852
0.00100621
0.000927433
0.00111213
0.00102901
0.00119111
0.00129662
0.00155787
0.00212143
0.00344058
0.00104161
0.00109142
0.00108852
0.00129931
0.00134478
0.00348463
0.00149068
0.00138795
0.00142514
0.00175199
0.0025171
0.00128537
0.00110323
0.00146608
0.00160929
0.000971567
0.0014087
0.00100881
0.00137657
0.000790316
0.00134957
0.000610107
0.000884614
0.000461058
0.000803578
0.000582198
0.00182347
0.000963666
0.00229119
0.000783382
0.00201722
0.00153474
0.0009047
0.000799442
0.00129945
0.00138721
0.0016955
0.00165052
0.000705015
0.00111717
0.000835282
0.000746195
0.00306994
0.000416649
0.00192963
0.00133814
0.00148193
0.00169137
0.000712618
0.00162323
0.00228764
0.00100316
0.00304611
0.00150165
0.00104812
0.000548252
0.00066543
0.00387812
0.000989341
0.00113088
0.00139089
0.00227126
0.00106669
0.000782881
0.000853391
0.00102037
0.00175738
0.000755839
0.00188404
0.00243544
0.00111174
0.000581184
0.000633249
0.00178999
0.000795636
0.00203979
0.00147616
0.00172453
0.000203987
0.000882942
0.00105405
0.000430811
0.00121244
0.0027425
0.00139644
0.00110951
0.000365144
0.000808503
0.000789887
0.0011865
0.00455132
0.00245696
0.00114383
0.00150706
0.00130973
0.00085471
0.00207077
0.000659816
0.000590791
0.00408113
0.000760203
0.00111864
0.00187764
0.000622504
0.00108866
0.0014984
0.000784334
0.00192508
0.000834548
0.0017165
0.000902137
0.00124786
0.000252802
0.00151344
0.000807879
0.000497587
0.00131962
0.00185765
0.000658265
0.000343143
0.00150235
0.000371332
0.00113118
0.00153532
0.00122509
0.000702897
0.00353057
0.000360944
0.00170323
0.00159545
0.000930695
0.00160336
0.0016406
0.000822932
0.00222831
0.00146255
0.00203502
0.00149353
0.00126328
0.0016667
0.00268057
0.000876816
0.00140717
0.00392707
0.000629589
0.0032616
0.00246295
0.00119897
0.000842188
0.00243355
0.00216406
0.000715195
0.000738218
0.00147264
0.0037072
0.00119696
0.000872958
0.00487419
0.00213166
0.00129081
0.00124296
0.00242673
0.00225004
0.000671436
0.000700683
0.000976327
0.000941626
0.00097342
0.0023963
0.000522793
0.00246873
0.000529983
0.00195307
0.000615092
0.00177568
0.000361112
0.0012565
0.0014442
0.00111153
0.00108918
0.000228065
0.0014007
0.00142022
0.00218718
0.000764711
0.00102218
0.00109563
0.00243886
0.00150905
0.000565528
0.00258707
0.00177667
0.00481607
0.00131042
0.000347342
0.00142907
0.00291537
0.00150633
0.0016379
0.00273944
0.00322387
0.00104866
0.00214052
0.000738197
0.00162575
0.00117467
0.00188799
0.00305852
0.00265982
0.00217901
0.00163525
0.00079902
0.00150776
0.00101652
0.00205572
0.000777404
0.000706659
0.00272055
0.000381628
0.00366956
0.000877621
0.00217231
0.000858431
0.000479087
0.00195716
0.000623632
0.000638837
0.00230265
0.000981033
0.000306792
0.00200085
0.00101593
0.00134384
0.000735002
0.002422
0.00164518
0.00100894
0.00192506
0.00331058
0.00228458
0.000448029
0.000796568
0.0013779
0.000778038
0.00337158
0.00190561
0.000478772
0.000735564
0.000477526
0.00110604
0.0010385
0.00200598
0.00180177
0.000909872
0.000387402
0.000396986
0.0021157
0.00167868
0.00130703
0.000556423
0.000841655
0.000178812
0.000544025
0.00172758
0.0016649
0.000966351
0.00107113
0.00106246
0.00105153
0.00135674
0.00186726
0.000632441
0.00338337
0.0012566
0.000539379
0.000998027
0.0007362
0.000509559
0.0010472
0.00097301
0.00182143
0.000515418
0.00239681
0.000470363
0.000988264
0.00115766
0.00100305
0.00163517
0.000954578
0.000438035
0.000739305
0.00210409
0.00137051
0.00194436
0.00142227
0.00224245
0.00121251
0.00211969
0.00214977
0.0011182
0.000688387
0.000594597
0.000848728
0.00176755
0.00205454
0.0015113
0.00150887
0.000833818
0.00311859
0.001704
0.00182542
0.00129535
0.00097687
0.00179039
0.000657022
0.000872171
0.00222909
0.00116313
0.00357388
0.000656767
0.002277
0.00267902
0.000714199
0.000263148
0.000967532
0.00112167
0.000588985
0.000863722
0.000976764
0.00293333
0.00132697
0.00174557
0.00119256
0.000940739
0.00261122
0.00107863
0.00168041
0.00138512
0.000637135
0.000771149
0.00315373
0.000893141
0.000929176
0.000328064
0.00187452
0.00176658
0.00110413
0.00116465
0.00114441
0.00054684
0.00094131
0.00111172
0.000474836
0.00105176
0.00202088
0.0012526
0.000658036
0.00143722
0.00201217
0.00100667
0.00169295
0.00128469
0.00143402
0.000818332
0.00125837
0.00111145
0.00293071
0.00169024
0.00150115
0.000928828
0.00141291
0.001461
0.00269387
0.00125408
0.00149035
0.000944039
0.00424283
0.000375806
0.000971637
0.00139062
0.00116077
0.000698822
0.000712448
0.000775079
0.000691813
0.00220735
0.00120121
0.00150931
0.000476814
0.00292061
0.00103328
0.000663594
0.00103027
0.000647888
0.00101612
0.000386783
0.00274221
0.000766052
0.000910115
0.00198405
0.00224622
0.00155625
0.00231332
0.00138144
0.00162885
0.000815391
0.00202414
0.00108383
0.00317911
0.00112276
0.00111361
0.00100602
0.00164764
0.00139513
0.000979612
0.00215663
0.000677587
0.00381779
0.00262484
0.00106282
0.000709576
0.00243006
0.00039574
0.00101624
0.000586183
0.00109197
0.000436653
0.00103068
0.00122924
0.0007618
0.000354612
0.00267172
0.000853543
0.000620628
0.00101765
0.00182166
0.000689951
0.00119243
0.00206079
0.00177947
0.00188999
0.00105167
0.000662298
0.000664512
0.000420657
0.000873824
0.00227189
0.00256063
0.000928148
0.00414697
0.000264769
0.00144089
0.00149304
0.00151924
0.000754086
0.00119238
0.000553184
0.000289684
0.00222442
0.00040956
0.00263046
0.00153534
0.00237418
0.000373186
0.000248178
0.00198638
0.00103395
0.000712984
0.00161491
0.00159217
0.00181937
0.000958832
0.00144133
0.000935797
0.00110897
0.00128551
0.00166487
0.000909738
0.00339237
0.00200457
0.00130703
0.00128063
0.00187926
0.00352179
0.00120646
0.000845483
0.00114979
0.00268522
0.00117848
0.00153347
0.000413264
0.00514386
0.00110517
0.00137923
0.00243869
0.000402874
0.000904017
0.0013724
0.000907254
0.000895457
0.00300788
0.00107818
0.00185384
0.00198836
0.000685724
0.00134191
0.00343351
0.00058538
0.00245253
0.00123199
0.00204393
0.00214921
0.00202631
0.00160144
0.00118618
0.00129362
0.00108257
0.000522988
0.00382021
0.00309713
0.00118358
0.0010869
0.00107193
0.00116989
0.000923678
0.000734212
0.00130073
0.000724895
0.00125658
0.000735823
0.00107941
0.0014466
0.00104647
0.00254046
0.00320642
0.00115279
0.00190381
0.00211786
0.000271314
0.00108287
0.00115273
0.00100168
0.00106264
0.000556431
0.000702305
0.000995521
0.0011816
0.000778082
0.00137022
0.00223393
0.00120843
0.000648022
0.00109659
0.0015253
0.000918324
0.000367463
0.00146764
0.00114743
0.00117996
0.00122921
0.00159847
0.000570462
0.00231493
0.00214088
0.00167642
0.00132703
0.00132858
0.00167257
0.000579033
0.00140409
0.00104166
0.00195043
0.000884623
0.00435549
0.00213991
0.00174874
0.00403578
0.00116562
0.000458269
0.00101306
0.00295971
0.00112741
0.00126674
0.000830492
0.00129031
0.000987028
0.000775031
0.00196949
0.00174989
0.00185913
0.00144949
0.00149965
0.00160308
0.00295373
0.00314935
0.00131043
0.00144126
0.000711421
0.000808697
0.000672054
0.000889325
0.000629898
0.00259912
0.00138203
0.00147459
0.0010497
0.00238988
0.00245922
0.00116654
0.00241548
0.000538027
0.00144491
0.00220703
0.00193077
0.00253532
0.000250837
0.00057173
0.000549839
0.00161743
0.00133226
0.000644242
0.00150407
0.000178077
0.00228163
0.00270966
0.00174515
0.00141839
0.000727425
0.000752175
0.00131676
0.00111888
0.00211337
0.00114541
0.00209926
0.00109683
0.000333832
0.00123925
0.00110759
0.00350088
0.00322509
0.00147883
0.00133974
0.000324782
0.0014948
0.00113741
0.00110117
0.00182977
0.00163797
0.000821985
0.00253515
0.00128083
0.00174479
0.000335234
0.000527174
0.000640581
0.000592702
0.00129472
0.00153982
0.00224097
0.00164097
0.000886216
0.00189486
0.00405878
0.00252475
0.00217644
0.000550611
0.00267113
0.00142905
0.000888409
0.00206613
0.00160725
0.00361502
0.00102527
0.00113727
0.00102715
0.000851136
0.0019527
0.000926608
0.00190048
0.00122773
0.00153622
0.00137719
0.000837074
0.00189873
0.000239337
0.000390555
0.000646777
0.00095785
0.00141483
0.00206466
0.00115644
0.000632737
0.00205334
0.000471245
0.00131753
0.00135512
0.00075609
0.000895092
0.00105699
0.00136579
0.00084817
0.00185263
0.000957843
0.000879297
0.0010462
0.00100523
0.000530121
0.00177555
0.000754784
0.00232048
0.00135376
0.00193493
0.00122647
0.00164881
0.00164223
0.000679603
0.00182959
0.00127001
0.000954699
0.00266822
0.00347811
0.0010763
0.0018869
0.00187048
0.00180259
0.000848059
0.00203611
0.00125036
0.000774263
0.00155421
0.000837616
0.00182629
0.00034452
0.00122698
0.00314061
0.000393731
0.00107714
0.00440673
0.00218292
0.000176705
0.00172347
0.000723278
0.0012529
0.00158148
0.0014066
0.00103992
0.00134375
0.00123586
0.000881899
0.000531271
0.00142141
0.000996989
0.0012609
0.00104795
0.00138629
0.00125157
0.00232753
0.00196472
0.000995612
0.000711446
0.000883685
0.00133035
0.00176889
0.000910033
0.00230989
0.00122786
0.001642
0.00103715
0.000425726
0.000631836
0.00166478
0.00180311
0.0001706
0.00138593
0.000651824
0.00229704
0.0011527
0.00124976
0.001721
0.00111083
0.00129292
0.000823332
0.000514797
0.00163467
0.000740766
0.0019329
0.000816014
0.00189319
0.000802705
0.000337719
0.000535602
0.000732454
0.00124755
0.00082481
0.00101926
0.00106956
0.0026747
0.00345207
0.00384289
0.00215904
0.000871248
0.000633986
0.000949774
0.0019842
0.000581669
0.00119156
0.000695501
0.00161405
0.00184525
0.000947141
0.00110024
0.000480287
0.00200949
0.000602273
0.000619805
0.00137624
0.00059656
0.00114475
0.000532176
0.000631586
0.00238898
0.000857202
0.00222605
0.00212908
0.00262926
0.00179777
0.0020079
0.00143681
0.00172484
0.000397652
0.00264497
0.000451492
0.00126794
0.00223657
0.000411232
0.00077464
0.00331196
0.000230326
0.00225428
0.00102627
0.000736466
0.0010669
0.0014857
0.00236929
0.000343624
0.00111718
0.00115661
0.00133695
0.00127298
0.00145075
0.00428235
0.000199218
0.00242387
0.0014142
0.000820514
0.00212285
0.000383259
0.000284835
0.000969645
0.00128295
0.00119689
0.000822632
0.000963202
0.00304943
0.000189957
0.000731031
0.00155914
0.000614063
0.00170638
0.000718368
0.000175491
0.000584929
0.00153373
0.00149601
0.00101657
0.00234556
0.00198022
0.000455175
0.00142431
0.0023483
0.0010496
0.000322183
0.000272997
0.000976105
0.00291345
0.00261664
0.000953234
0.00151515
0.00135068
0.00458524
0.0017522
0.00130317
0.000867202
0.00164278
0.00181976
0.00415259
0.000813665
0.0011449
0.00173715
0.000687678
0.001495
0.000906595
0.00257037
0.000659139
0.000923323
0.00111011
0.000999079
0.00353098
0.00173246
0.00164523
0.000151579
0.00159285
0.00107821
0.00134979
0.000781982
0.000738962
0.00127293
0.00107614
0.00120145
0.000877936
0.00245361
0.000884039
0.000226904
0.000740641
0.0013633
0.00162776
0.00151033
0.00125264
0.00249276
0.00132673
0.000598784
0.000794092
0.0016619
0.000703318
0.00020704
0.00203331
0.000818311
0.00146842
0.00129817
0.00055601
0.00113393
0.00163869
0.00144563
0.00122937
0.00301834
0.00121624
0.000769749
0.00102714
0.00121685
0.00397418
0.00132629
0.000759165
0.00106639
0.000516133
0.000780159
0.000927109
0.000440062
0.00147375
0.000288149
0.00204425
0.00318037
0.000981096
0.0014382
0.000932573
0.00112198
0.00120131
0.0023014
0.00114822
0.00075801
0.000995068
0.00076243
0.000447483
0.00143599
0.00138702
0.00101552
0.000290696
0.000898158
0.00237381
0.000723951
0.00192159
0.00217008
0.000577948
0.00071648
0.0010306
0.00170096
0.00119735
0.00173791
0.00219877
0.00274954
0.000734057
0.000374529
0.00195847
0.00052456
0.000871134
0.00223649
0.00227007
0.00136988
0.0025615
0.000937826
0.000953993
0.00204923
0.00177593
0.000514062
0.00104301
0.00140518
0.00307619
0.00185379
0.00157562
0.00104172
0.000934992
0.00106893
0.00122994
0.00356714
0.000439484
0.000677441
0.00141254
0.00129444
0.00128042
0.00383109
0.000897846
0.00142232
0.00134278
0.000953588
0.00149692
0.000912126
0.000743128
0.00046629
0.000311353
0.00132738
0.00124084
0.00114432
0.00095104
0.000803332
0.00139507
0.00192966
0.000933352
0.00245276
0.00233176
0.000598387
0.000373837
0.00179159
0.0024462
0.00130691
0.000877501
0.000744643
0.00419911
0.00150015
0.00154528
0.00328973
0.00063548
0.00153951
0.0033994
0.0013284
0.00101653
0.00124846
0.000586518
0.00110588
0.000978928
0.00160951
0.000632974
0.00351277
0.00130222
0.000268041
0.000834897
0.0011886
0.00128169
0.00151078
0.00277829
0.000459202
0.00217568
0.00145234
0.00108688
0.00414996
0.00198809
0.000493714
0.00227357
0.00159052
0.00119499
0.000711822
0.00405989
0.00016102
0.000478382
0.00148185
0.00127769
0.00363905
0.00141083
0.000195513
0.00431811
0.000690591
0.00173402
0.0013272
0.00137456
0.0017722
0.00181137
0.00107769
0.000317083
0.00163865
0.0013173
0.00029355
0.000930229
0.00140515
0.00201333
0.00166791
0.000753942
0.00196694
0.00260822
0.000435141
0.00194343
0.00169974
0.000904893
0.00109024
0.00162413
0.000995462
0.000950928
0.00147438
0.00104517
0.00056134
0.000436011
0.00114995
0.000584282
0.000867908
0.00110437
0.000518655
0.00207817
0.000736846
0.00152725
0.0016173
0.00433774
0.000576715
0.00186052
0.00117297
0.000895562
0.000256372
0.000742572
0.00196308
0.00138984
0.00100108
0.00136372
0.00292495
0.000732368
0.000233338
0.00127803
0.0013056
0.00129322
0.000798905
0.000442178
0.0034636
0.00130882
0.002501
0.00326427
0.003696
0.00111538
0.000574637
0.000449273
0.00132129
0.000636767
0.00114403
0.00181308
0.00103664
0.00144794
0.00155379
0.00135253
0.00115749
0.000871022
0.00124952
0.000427453
0.00240364
0.00132134
0.00187505
0.000968993
0.00110891
0.00142799
0.0023451
0.00338363
0.00105125
0.000684489
0.00103872
0.00126052
0.00198469
0.00162492
0.00107427
0.00119938
0.00174097
0.00148272
0.00144973
0.00118277
0.00038694
0.000990242
0.00110186
0.000764456
0.00102929
0.000791148
0.00277484
0.000733393
0.00122956
0.000392985
0.00204617
0.000381955
0.000977888
0.00213064
0.000927419
0.000983501
0.000410012
0.00250512
0.00193213
0.000462951
0.00116288
0.00126544
0.00253851
0.000847257
0.000588471
0.00184053
0.00162971
0.000556217
0.00142503
0.00027721
0.00152844
0.00121372
0.00181636
0.00407737
0.000790956
0.00181956
0.000861338
0.00139857
0.00166604
0.00176665
0.00124724
0.000489958
0.00116125
0.000618489
0.000275843
0.000611241
0.00493302
0.000836209
0.000963246
0.00133464
0.00086783
0.00109679
0.00226533
0.00207378
0.00154723
0.000758547
0.00068215
0.00032003
0.00253333
0.0023722
0.00114587
0.00350848
0.00140834
0.00127174
0.00051481
0.000307582
0.000576469
0.000745945
0.00219049
0.00141123
0.000455058
0.00121203
0.000436775
0.00125242
0.000831665
0.00078196
0.00122962
0.00144341
0.00270001
0.00220938
0.00155976
0.000227697
0.00122311
0.00349411
0.000863016
0.000877157
0.000898389
0.00159856
0.00125212
0.000868913
0.00152933
0.000410253
0.00303159
0.00219497
0.00133506
0.00047637
0.000931746
0.00207882
0.00260433
0.0007815
0.00142337
0.00139582
0.00158124
0.00228408
0.00027089
0.00181907
0.00181587
0.000933704
0.000620311
0.00110247
0.0018693
0.0010941
0.000998061
0.000957923
0.0025028
0.00144045
0.00124935
0.00163808
0.00188999
0.000997085
0.00109957
0.00520249
0.000866076
0.000169223
0.00128627
0.00260881
0.00134653
0.00242244
0.00192304
0.0027784
0.00353132
0.000432666
0.00047979
0.00152717
0.000642379
0.000774873
0.00119802
0.00503663
0.00109552
0.00123353
0.00021892
0.00216468
0.0019699
0.00118428
0.000421883
0.000592281
0.000456134
0.000482578
0.00211841
0.00174346
0.000421773
0.00119817
0.00103123
0.00145433
0.00124842
0.000547077
0.00186557
0.00151862
0.000653719
0.00163962
0.00157373
0.00149546
0.0002651
0.00060241
0.0021025
0.00035837
0.00188436
0.000516197
0.00165547
0.00063247
0.000628058
0.000547339
0.00146599
0.00107005
0.00124236
0.00201389
0.000951489
0.00105646
0.00150688
0.00131044
0.000539732
0.000784422
0.00263917
0.000954196
0.00102649
0.00181783
0.00066744
0.000226086
0.00642622
0.00245747
0.000272004
0.000908362
0.00245443
0.00115328
0.00249232
0.000673088
0.0016906
0.000825223
0.000431834
0.00177647
0.00123609
0.000886975
0.000825797
0.000925333
0.00080968
0.00121743
0.000768171
0.000824588
0.000175564
0.000453133
0.00128838
0.000638485
0.00126862
0.000757532
0.00217121
0.00280136
0.00142027
0.00107065
0.00219214
0.00242111
0.00121307
0.00110989
0.000927397
0.00357847
0.00088123
0.00158552
0.00224527
0.000755235
0.00113344
0.000503132
0.0051145
0.00109187
0.00143668
0.00129804
0.00169059
0.00244327
0.0012217
0.00190544
0.00144384
0.00183418
0.00107041
0.00112309
0.00138771
0.000973134
0.00195096
0.00114316
0.00123048
0.00181578
0.000228331
0.00325822
0.000524346
0.00208931
0.00100649
0.00126632
0.00302052
0.00164982
0.00107103
0.00181432
0.0017938
0.00138127
0.00136815
0.000614224
0.00105083
0.00198778
0.000970362
0.00109923
0.00124772
0.000194705
0.00335082
0.0018335
0.0011734
0.00282281
0.00122468
0.00154571
0.00163112
0.0009368
0.00184192
0.000683284
0.00094272
0.00346572
0.00302452
0.00128735
0.000800327
0.000421182
0.00152028
0.00218024
0.000896703
0.00170835
0.00044107
0.000591361
0.00051936
0.00138079
0.00101144
0.000655862
0.00100942
0.00158947
0.000874259
0.00144786
0.00129293
0.00208078
0.00155797
0.00105673
0.00120719
0.000554272
0.00166789
0.00091474
0.000319778
0.00187696
0.00172682
0.000823178
0.000537955
0.00279791
0.00156198
0.000921189
0.00212577
0.000862532
0.00275016
0.000270003
0.00163034
0.000869223
0.00194542
0.00166876
0.000778571
0.000976764
0.00144082
0.000507621
0.00255617
0.00288505
0.0010073
0.0020778
0.00122761
0.00131859
0.00144391
0.00246232
0.00127302
0.00146342
0.00132653
0.000347987
0.00182937
0.000825386
0.000891534
0.00262415
0.00167946
0.000618655
0.00123551
0.0016869
0.0035638
0.00132814
0.000843865
0.00185596
0.00187802
0.000638819
0.000673422
0.00187353
0.000926775
0.00237697
0.00119593
0.000742696
0.00109793
0.00094357
0.000527861
0.00289437
0.000377145
0.00104906
0.000740127
0.00225912
0.000720592
0.000941654
0.00155522
0.0010627
0.0021867
0.0010761
0.00249175
0.000549579
0.00276278
0.00146719
0.000998616
0.00058147
0.000959699
0.000510448
0.00192667
0.00141728
0.0010054
0.00125541
0.00178955
0.00105561
0.00103173
0.000858047
0.000702271
0.00167777
0.00256302
0.00110718
0.00140536
0.00192346
0.00046351
0.00159852
0.00111388
0.00135096
0.00378095
0.00118402
0.00322794
0.00117633
0.00171673
0.00100612
0.00155043
0.00231819
0.00135334
0.000366928
0.00240646
0.00093634
0.000403908
0.00167125
0.0013545
0.00467772
0.00320377
0.00140905
0.00146887
0.00259648
0.000949429
0.00188356
0.000839257
0.00111736
0.00191531
0.00121289
0.00131266
0.000286746
0.00429905
0.00076179
0.00108157
0.00200833
0.00199221
0.000867357
0.00158188
0.00148859
0.0041651
0.00106893
0.00231705
0.00221666
0.00286359
0.000419603
0.00137029
0.00135523
0.0029393
0.00163077
0.00427699
0.00137833
0.0006391
0.000280217
0.00102292
0.00339998
0.00131504
0.000880613
0.00125349
0.000331687
0.000162673
0.000330236
0.00157069
0.00126935
0.00290348
0.00160277
0.000521159
0.000722042
0.00187519
0.000398575
0.00119984
0.00141828
0.000610041
0.0025467
0.00102619
0.0020605
0.000332978
0.00130972
0.000527022
0.00130061
0.0013786
0.000841497
0.000841491
0.0017742
0.000710723
0.0015514
0.00179381
0.0044702
0.00178503
0.00125167
0.000998621
0.000969625
0.00134178
0.00148502
0.00101933
0.000608027
0.00120983
0.00403865
0.00158125
0.000677559
0.000848561
0.0014425
0.000689048
0.000869274
0.00186129
0.000858498
0.00100072
0.000874717
0.00226408
0.00194744
0.000901465
0.00180098
0.000548827
0.00168631
0.00328402
0.00216307
0.00169476
0.000461594
0.00138274
0.00112346
0.00014583
0.00364925
0.00099991
0.000570617
0.00403998
0.0012775
0.00287441
0.00270158
0.000908594
0.001034
0.000416278
0.000663043
0.0011708
0.00307964
0.00147811
0.000330743
0.00221966
0.00282309
0.00112175
0.000806517
0.000591541
0.00291965
0.0021654
0.000829402
0.00125189
0.00122907
0.00118532
0.00407016
0.001658
0.00171301
0.00163799
0.000856468
0.000830436
0.0013887
0.00421621
0.000755431
0.00111181
0.00357102
0.00113166
0.0013711
0.00116496
0.00233354
0.000472449
0.00166549
0.00261035
0.00296131
0.000571597
0.0024442
0.000723375
0.000895459
0.000664146
0.0044978
0.000983857
0.00231198
0.00104584
0.00185701
0.000711039
0.00165504
0.000849394
0.000945492
0.00131768
0.00162825
0.00169673
0.00128044
0.000731095
0.00078358
0.000851382
0.000887339
0.000306278
0.00167405
0.0025762
0.00178793
0.000766152
0.000586312
0.00185643
0.000804446
0.00146145
0.000666766
0.000195261
0.00120904
0.000773954
0.00151803
0.00100322
0.0014756
0.00128524
0.000282916
0.00106858
0.000843989
0.00202245
0.000888474
0.00186666
0.00162561
0.00281778
0.000914553
0.000240855
0.000304312
0.00218838
0.00161828
0.00165258
0.00239207
0.000412274
0.000709767
0.00103128
0.00178267
0.00148187
0.00246004
0.000991954
0.00160666
0.000666636
0.000942618
0.00117102
0.00142012
0.00167329
0.00122717
0.0022881
0.000767965
0.00119579
0.0015356
0.000371457
0.000651558
0.000939253
0.0011167
0.000571193
0.000686946
0.0012002
0.000842405
0.000932079
0.000488466
0.00082404
0.00136746
0.00234932
0.00212524
0.00100696
0.00175893
0.00165705
0.002732
0.00117194
0.000807106
0.00115009
0.00147865
0.00159528
0.00043158
0.000198354
0.000812241
0.000738593
0.000886406
0.00142512
0.00149077
0.000432585
0.00174979
0.00154615
0.00133
0.00178983
0.000778177
0.00106131
0.00180702
0.00127429
0.00091182
0.000251588
0.00122829
0.00138905
0.00154928
0.00193272
0.00127422
0.000498646
0.00040935
0.000347185
0.00071366
0.000920041
0.000335904
0.00152513
0.000882933
0.00131122
0.00192547
0.00246689
0.00152773
0.00185683
0.000485982
0.00283389
0.0017705
0.00063588
0.00152113
0.00230475
0.00133818
0.000463207
0.00129911
0.000876452
0.00087203
0.00112544
0.000884785
0.000244788
0.000522994
0.00044713
0.00232643
0.00110669
0.00177347
0.00131057
0.00210657
0.00132923
0.00255538
0.00149325
0.000898835
0.0010659
0.00183684
0.00312657
0.00103365
0.000341729
0.00161197
0.00132344
0.00165606
0.00164911
0.00210043
0.0011545
0.00122409
0.00129925
0.00296793
0.00196195
0.00311858
0.00220527
0.000674752
0.000683132
0.00176757
0.0017463
0.000372888
0.00138275
0.000947791
0.000356373
0.00117168
0.000545816
0.00295798
0.00135681
0.000750981
0.00341448
0.00205497
0.000669911
0.00220957
0.00171301
0.000972961
0.000395449
0.00382072
0.00403486
0.00176356
0.000863712
0.00296291
0.000952352
0.000836053
0.000884513
0.00129263
0.000309649
0.0015937
0.000739721
0.00370878
0.00121497
0.00104062
0.00157798
0.00058397
0.000695399
0.000981636
0.000858656
0.00108215
0.000863856
0.00101
0.00244306
0.00200459
0.00197602
0.00116122
0.000916482
0.00151607
0.000546257
0.00202682
0.000997162
0.000684097
0.00189996
0.00152868
0.00154108
0.000801844
0.000254309
0.00145582
0.00148993
0.000630852
0.000250482
0.00170217
0.00193216
0.00138164
0.00121975
0.00173181
0.000716645
0.00231304
0.000454744
0.00196519
0.000613323
0.00124813
0.000894526
0.00200892
0.00093021
0.00107357
0.00287002
0.000146884
0.000799697
0.000184757
0.00215915
0.00107577
0.00107587
0.000142154
0.00348772
0.000989671
0.000510078
0.000761678
0.00145293
0.000233155
0.00141738
0.00175179
0.00173796
0.0014935
0.000911268
0.00174722
0.00264626
0.00242185
0.00208571
0.00433917
0.00130081
0.00122909
0.000607919
0.00122
0.00151165
0.00221601
0.000772921
0.00130211
0.000582719
0.00283093
0.0016594
0.000984044
0.00148533
0.00067018
0.000423855
0.000838134
0.00357332
0.0018184
0.00179036
0.000433446
0.00403902
0.00122549
0.00204776
0.000696521
0.00189108
0.00105933
0.00462628
0.000622318
0.001686
0.00351841
0.00203255
0.00257878
0.00228181
0.00141886
0.00364482
0.00179047
0.00317816
0.000483823
0.000221227
0.00140614
0.00251417
0.00141371
0.00217459
0.00116741
0.00111196
0.000741931
0.00028083
0.00222903
0.00090893
0.000555713
0.000846254
0.00100739
0.000443436
0.00101211
0.000997892
0.000741572
0.000945175
0.00109062
0.00219992
0.00249334
0.000486391
0.00139853
0.000712684
0.00163898
0.00114735
0.00156791
0.00376665
0.00253305
0.000528522
0.00100812
0.00122878
0.00107831
0.000434956
0.0011955
0.00146464
0.00153718
0.00153499
0.000366687
0.00161276
0.00235183
0.000426218
0.00115309
0.00123059
0.00158643
0.00116197
0.00169662
0.00143799
0.00117057
0.000682328
0.00068614
0.000275063
0.000713852
0.00209562
0.000807798
0.00133193
0.00479611
0.0013982
0.00204513
0.00359661
0.00127263
0.000497942
0.00080086
0.000769803
0.00120308
0.0038327
0.00176133
0.0022264
0.00234079
0.00108085
0.00258153
0.000467017
0.000778837
0.00160153
0.00268404
0.0031751
0.00501292
0.000648067
0.000740683
0.000210046
0.000911212
0.00189681
0.00339171
0.000864643
0.000808813
0.00156238
0.00168338
0.000730072
0.000761251
0.00261438
0.000641862
0.000875557
0.000684176
0.00143271
0.00250269
0.00129735
0.00101008
0.00062573
0.00102255
0.00210911
0.00140368
0.000815284
0.000701736
0.00116836
0.00124806
0.00494914
0.00241265
0.000838572
0.0036666
0.000628436
0.00161454
0.00112007
0.00181342
0.000869949
0.00405904
0.00101608
0.00202335
0.00149007
0.000772959
0.00435417
0.000788157
0.000976639
0.00227303
0.00143737
0.00100784
0.000939995
0.00101246
0.00298165
0.00100188
0.0032607
0.00340006
0.00234687
0.000921153
0.00115572
0.0011956
0.000342387
0.000207586
0.000925108
0.000925463
0.00118221
0.000839596
0.000889212
0.00209706
0.00189615
0.00115656
0.000586394
0.00106732
0.00148662
0.00101371
0.00157325
0.000493532
0.00048003
0.00184897
0.00162095
0.00123589
0.00150351
0.00224394
0.000563151
0.00250745
0.000733326
0.00229159
0.00148664
0.00159664
0.0012752
0.00260598
0.000990842
0.00135932
0.000489368
0.000530415
0.000708595
0.000816452
0.000765484
0.00424207
0.00109066
0.00120857
0.00117102
0.00307567
0.00089393
0.00150121
0.00128873
0.00349835
0.000992542
0.00129094
0.0010192
0.000655804
0.00101433
0.0031775
0.00121248
0.00302717
0.00242775
0.000360891
0.00160787
0.00127575
0.0020967
0.0014759
0.00290715
0.00134898
0.00583023
0.000694272
0.000740162
0.000574246
0.00217852
0.00095951
0.0011558
0.000592363
0.0012315
0.000964137
0.00122714
0.000942145
0.000533964
0.00213665
0.00135754
0.00183185
0.000944261
0.000321557
0.00039886
0.000792053
0.00252214
0.00103351
0.00139642
0.00085767
0.00205092
0.00243033
0.00155308
0.00101234
0.00141745
0.00157986
0.00084015
0.00219844
0.000641832
0.000639772
0.00118368
0.00140511
0.00103493
0.00111561
0.000783727
0.00147669
0.00292913
0.00107594
0.000885619
0.0021377
0.0014496
0.00163835
0.00148475
0.0015202
0.00237915
0.00114091
0.000467352
0.00116772
0.00102318
0.0008175
0.0016478
0.000931325
0.00330525
0.000778759
0.0010167
0.00112291
0.00057294
0.00288772
0.000638639
0.00201323
0.000434821
0.00150226
0.00155214
0.000954039
0.00165946
0.00297631
0.00124538
0.000866155
0.000236932
0.00426574
0.0013535
0.00457011
0.00358784
0.000948431
0.00115663
0.000786135
0.00172621
0.00411297
0.00242284
0.0014575
0.00201933
0.00111709
0.00578006
0.00123808
0.00220423
0.000829221
0.000700239
0.00316848
0.000272921
0.00187594
0.00225017
0.00121272
0.00155899
0.000716153
0.00145585
0.00130135
0.00284765
0.00128626
0.000877766
0.000874145
0.000618857
0.00198727
0.000862836
0.00173335
0.000277568
0.00126092
0.00111759
0.00115518
0.00255687
0.000978785
0.000511071
0.000373431
0.00094034
0.00183099
0.00104701
0.000965394
0.00183642
0.00215982
0.00137346
0.00186392
0.00105911
0.000815603
0.000632256
0.000997487
0.000864893
0.000690508
0.000787772
0.000786153
0.000891685
0.00144204
0.00361413
0.000558431
0.00148987
0.000497673
0.00179834
0.00145585
0.000637472
0.00114794
0.00351183
0.0012828
0.000938641
0.00166536
0.000429384
0.0028577
0.000664835
0.000357373
0.00181135
0.00139131
0.000378186
0.000721906
0.0010105
0.000672712
0.00243485
0.00164153
0.00252777
0.000922527
0.000801214
0.00163996
0.00190288
0.000752874
0.00112704
0.000933169
0.000400552
0.00123581
0.00125339
0.000390527
0.00149016
0.000930977
0.000520796
0.000156498
0.0021819
0.00111261
0.00063355
0.00147548
0.000460316
0.00267224
0.00133886
0.00104781
0.00105446
0.000445135
0.000345484
0.00169884
0.000570492
0.000749847
0.000565112
0.000196694
0.00238141
0.000935902
0.000822225
0.0027041
0.00100215
0.00138491
0.00132209
0.000781131
0.000891312
0.0011959
0.00213991
0.000730214
0.000778875
0.00209745
0.00124544
0.000718525
0.000778021
0.0033196
0.00121441
0.00104326
0.00114112
0.00117138
0.0015012
0.00142446
0.00114444
0.00116253
0.000895304
0.00154034
0.000895269
0.00179211
0.00146572
0.000502041
0.000915501
0.00113613
0.000815698
0.00152419
0.00085356
0.00311203
0.00281125
0.00119703
0.00061029
0.00247302
0.00244589
0.000822339
0.00071677
0.00204227
0.000523855
0.00102789
0.000594313
0.00141479
0.00201835
0.00253981
0.00207377
0.00209495
0.00379743
0.00129996
0.00144684
0.000949685
0.000479932
0.00123284
0.00138221
0.00193108
0.00215032
0.00200472
0.00195525
0.00067527
0.00169828
0.00204084
0.00597972
0.000966679
0.000747594
0.00123537
0.00131233
0.000717326
0.00115071
0.000570656
0.00153465
0.00151144
0.000315533
0.000747542
0.000480688
0.00123372
0.00143083
0.000651262
0.00111089
0.00215448
0.00309966
0.000978505
0.00144125
0.00169664
0.00112318
0.000988762
0.00175673
0.000824404
0.000480965
0.00125014
0.00165224
0.000698553
0.00069843
0.000708226
0.00107677
0.000540838
0.000653297
0.00195043
0.000698847
0.00069889
0.000649584
0.00153538
0.000703298
0.000697088
0.000654671
0.00103908
0.000814697
0.00150218
0.00404201
0.00251848
0.00136515
0.000236455
0.0011957
0.000614534
0.00232867
0.000454047
0.000580981
0.00177149
0.00212054
0.000706537
0.000799276
0.000713579
0.00231729
0.000482611
0.00152193
0.00103564
0.000564712
0.00182967
0.0011953
0.000600317
0.000938069
0.00152834
0.000515952
0.00032225
0.00151724
0.00137442
0.00110302
0.000783906
0.000669416
0.000519425
0.00205654
0.0001538
0.00105236
0.00114723
0.00136806
0.00281973
0.00121472
0.00140727
0.00117022
0.000551702
0.000868625
0.00201097
0.00134168
0.000515079
0.00128659
0.00209183
0.00131117
0.00247573
0.00301048
0.00122706
0.00160962
0.00221257
0.0016125
0.00193726
0.000636924
0.000896066
0.00049085
0.000885553
0.000165354
0.00143841
0.00231117
0.00112182
0.00128891
0.00138133
0.00168696
0.00458004
0.00115165
0.00079424
0.00234906
0.000634195
0.000632578
0.00144356
0.000512153
0.00163186
0.00157853
0.00115907
0.00407599
0.00224349
0.000572051
0.00136536
0.000566696
0.0027686
0.00169149
0.00343358
0.000960812
0.00131239
0.000355574
0.00134592
0.000750772
0.000359016
0.00141083
0.000921193
0.00182963
0.00105723
0.000962347
0.00101564
0.000443668
0.00236732
0.00082938
0.002997
0.00116188
0.00133707
0.00259769
0.00124937
0.00220103
0.00041606
0.00149348
0.00133117
0.00148078
0.0018236
0.000389579
0.00391217
0.0027991
0.000875581
0.000467322
0.00145558
0.00142393
0.000571662
0.000963615
0.00321173
0.00123479
0.00173423
0.000876867
0.00121055
0.000958418
0.000635197
0.00114127
0.00153055
0.00127456
0.00440513
0.00147754
0.000407061
0.00172077
0.00187467
0.000674657
0.000671422
0.000829826
0.00146488
0.00438195
0.00154557
0.00164653
0.00400065
0.00181951
0.00101813
0.000878737
0.00101442
0.000603146
0.0011934
0.000404364
0.00150255
0.000603063
0.00102469
0.00114087
0.000289671
0.00148981
0.0011681
0.00265943
0.00140619
0.000807314
0.00210887
0.000979614
0.00143075
0.000847367
0.00101857
0.000864668
0.0017139
0.000752776
0.000580989
0.00373453
0.00136281
0.00157127
0.00103998
0.000480474
0.000524591
0.000369519
0.00131518
0.00254228
0.00443586
0.00618823
0.00095425
0.00132727
0.000436719
0.00125548
0.000771252
0.00185932
0.00118031
0.00144968
0.000990517
0.00115192
0.00191839
0.0010222
0.000380497
0.000371506
0.00242821
0.00185145
0.00100816
0.00151473
0.00132638
0.00209004
0.000842627
0.00261746
0.00392043
0.000214676
0.00141479
0.00110451
0.000765753
0.00237329
0.00353003
0.00078986
0.000757302
0.00209887
0.00116696
0.000875064
0.00137039
0.00266238
0.000756992
0.00140676
0.00253132
0.00144644
0.00254084
0.000929408
0.000476437
0.00124713
0.00208519
0.000893455
0.00103405
0.000403801
0.000385814
0.000768799
0.000615812
0.000402538
0.00225355
0.000762443
0.000719964
0.000711121
0.00275447
0.00149891
0.00182475
0.00142626
0.00171492
0.00105524
0.00262009
0.001025
0.00198362
0.00080604
0.00111054
0.00105176
0.000368447
0.00147827
0.00126026
0.0014957
0.000262074
0.00149286
0.00100269
0.000768101
0.00454685
0.0025557
0.000252553
0.00163115
0.00138325
0.00131724
0.00109
0.00150134
0.00106659
0.00195911
0.00134385
0.00138426
0.000529079
0.00138678
0.000956021
0.000911057
0.00175785
0.00214927
0.00148129
0.000834868
0.00115943
0.00117068
0.000693232
0.00112331
0.00107077
0.000466457
0.000322415
0.00117627
0.000772823
0.00149544
0.00101441
0.000174818
0.00368715
0.000888349
0.0013881
0.000919553
0.00202591
0.00108472
0.000443563
0.00151875
0.00150769
0.00291945
0.00136392
0.00217934
0.00150616
0.000502613
0.00105346
0.0023567
0.000232652
0.000481846
0.00260679
0.00140834
0.000933987
0.00427547
0.000780661
0.00203083
0.000493756
0.000990006
0.00120375
0.00114765
0.000530361
0.00072982
0.000883768
0.00143291
0.00130518
0.000949293
0.00121619
0.000708076
0.000312573
0.00136762
0.0012432
0.00140338
0.00123805
0.000954539
0.000766819
0.00186261
0.000632174
0.00139573
0.00113868
0.00270843
0.00263957
0.00235206
0.000997864
0.00120696
0.00172079
0.00125855
0.000726841
0.000784367
0.000409443
0.00144221
0.000224268
0.000542896
0.00105801
0.00187086
0.00122508
0.00153648
0.0039904
0.000984779
0.00382187
0.0010587
0.00118257
0.00162052
0.00106729
0.000710216
0.000529394
0.000683854
0.00139246
0.00042038
0.00106559
0.00090492
0.000372207
0.000647089
0.000388293
0.00284391
0.00237132
0.0009408
0.000974074
0.002444
0.00113217
0.0019273
0.00132293
0.0021686
0.00231777
0.000630893
0.00250475
0.00115829
0.00143928
0.00523128
0.00048506
0.00223798
0.00153426
0.00101403
0.00261377
0.00091056
0.00164908
0.00425588
0.000614506
0.00160363
0.00158986
0.00152946
0.00164891
0.00122309
0.00154707
0.00218601
0.0014876
0.000426731
0.00264048
0.00126766
0.00179955
0.00161729
0.000808395
0.00166601
0.000589822
0.001402
0.00181976
0.00179195
0.00149808
0.00034003
0.00225526
0.00334612
0.00237164
0.00159113
0.000419237
0.00133406
0.000164458
0.0017153
0.000693349
0.00103938
0.00120031
0.0013143
0.00104008
0.00101362
0.00122365
0.000941411
0.00140615
0.000928764
0.00154005
0.0028271
0.00221288
0.000900403
0.00139001
0.000969446
0.000542406
0.0014898
0.00152539
0.000620547
0.00142852
0.00179928
0.00109557
0.00374756
0.000496031
0.000786537
0.00188184
0.000390611
0.00609518
0.000912598
0.000984385
0.000848454
0.000975411
0.00277198
0.000388874
0.000735775
0.00154941
0.00119696
0.00139868
0.00123316
0.00139093
0.000386949
0.00163006
0.000984419
0.00191774
0.00099787
0.00212448
0.000973759
0.00173384
0.0014975
0.000747551
0.00341802
0.000733812
0.00216087
0.00140731
0.00101105
0.00118301
0.00081215
0.000263896
0.000736211
0.00156635
0.00068378
0.00121416
0.00428374
0.00148052
0.00080445
0.000969818
0.000795332
0.000639023
0.00166757
0.000675672
0.0014332
0.00116834
0.00183105
0.00314415
0.00209956
0.00208389
0.000952832
0.002205
0.000692903
0.00210842
0.00071345
0.00224516
0.00114064
0.00130366
0.00238813
0.00112962
0.00144949
0.00145317
0.000594564
0.000530077
0.00167887
0.000462636
0.00210147
0.00164455
0.00212766
0.000582141
0.00163418
0.000611542
0.0038038
0.000484572
0.000712961
0.000425427
0.000688744
0.0011929
0.0011962
0.00416852
0.002823
0.0006883
0.000985492
0.00508069
0.00148198
0.00173737
0.00168937
0.00222221
0.00107922
0.00165389
0.00163475
0.000680134
0.00198814
0.00105951
0.000691888
0.00111319
0.000154625
0.00148665
0.00120227
0.000767386
0.00396092
0.00183994
0.000546674
0.000447148
0.00268205
0.00103146
0.000906525
0.000779521
0.00123147
0.00137289
0.0012142
0.000507465
0.000948425
0.00111738
0.00039142
0.00146492
0.00136459
0.00107306
0.00116792
0.00066841
0.00206414
0.000877756
0.0021485
0.00118753
0.000942924
0.00136527
0.00173078
0.00190904
0.000185191
0.0015714
0.00185492
0.00130558
0.000317526
0.000719972
0.000429395
0.00169427
0.000868464
0.00328586
0.00188232
0.00145632
0.00129359
0.000399041
0.00180074
0.00127399
0.00142822
0.00388171
0.000599648
0.00193454
0.000821045
0.00076846
0.00111121
0.000565964
0.0016427
0.00211954
0.000618662
0.00075877
0.000394479
0.00122924
0.000781159
0.00143797
0.00113438
0.00135869
0.000775997
0.00121863
0.00124648
0.00149542
0.00104782
0.0012066
0.00148493
0.00186463
0.00183479
0.0010089
0.00167629
0.00058905
0.00381993
0.00110992
0.00113591
0.00088881
0.000972907
0.00163986
0.000602572
0.00144409
0.00124582
0.000862884
0.000522669
0.00237732
0.00088751
0.00160975
0.000629819
0.000737282
0.00194301
0.00241658
0.00409313
0.000711477
0.000959014
0.000761312
0.00156257
0.000833615
0.00308989
0.00320343
0.00134644
0.000624482
0.000817002
0.00193914
0.00152298
0.00395191
0.000812629
