0.177596
0.165157
0.151524
0.0720618
0.116215
0.135173
0.147366
0.084919
0.0557583
0.100374
0.233386
0.0612616
0.0479744
0.0765173
0.0642175
0.151458
0.097817
0.110266
0.138497
0.115211
0.0460988
0.0998096
0.0673531
0.10894
0.0634916
0.0788504
0.052387
0.183528
0.0736593
0.120139
0.177408
0.0550404
0.0925265
0.167561
0.071613
0.0273613
0.0565853
0.0732854
0.0422273
0.0856702
0.101987
0.0780303
0.199095
0.219777
0.076024
0.10936
0.0874429
0.0172825
0.20292
0.188102
0.129042
0.0402846
0.110337
0.026656
0.0865751
0.0895488
0.153986
0.103003
0.115698
0.0750429
0.0670551
0.0914099
0.127984
0.0373395
0.0535929
0.0643118
0.0643524
0.0549078
0.0836865
0.0816404
0.168828
0.0919779
0.108401
0.0425093
0.0556433
0.0452521
0.116733
0.0778733
0.067829
0.175353
0.0872159
0.0680945
0.0618429
0.123802
0.0427844
0.0902457
0.0522597
0.18254
0.0169515
0.0879453
0.0745288
0.0632933
0.118999
0.12642
0.0999069
0.0215655
0.065586
0.0923776
0.0932458
0.145084
0.10896
0.0436535
0.126175
0.127475
0.164929
0.0578372
0.0499121
0.10559
0.106299
0.154648
0.0797342
0.157071
0.0749256
0.084827
0.0721342
0.111883
0.0819366
0.073933
0.0633748
0.0991086
0.055126
0.102122
0.111973
0.0860001
0.0973032
0.0658278
0.159518
0.0406456
0.112701
0.176578
0.115525
0.0455081
0.135467
0.19277
0.0727535
0.102891
0.0860463
0.104952
0.0616339
0.111276
0.117443
0.1079
0.143664
0.129761
0.109187
0.101148
0.0691512
0.129958
0.166116
0.10074
0.0874775
0.11396
0.116819
0.117408
0.0795532
0.0911573
0.113014
0.0983086
0.147244
0.117963
0.127861
0.100259
0.0930641
0.0789867
0.0505464
0.124
0.106783
0.0527089
0.0930362
0.0816917
0.0873578
0.0545041
0.203279
0.0627781
0.0853609
0.11614
0.0709371
0.142105
0.176898
0.131907
0.0980586
0.150782
0.0794222
0.146617
0.199953
0.0869901
0.0691767
0.064608
0.0753963
0.144849
0.131755
0.0857147
0.0556325
0.239581
0.0682565
0.0353368
0.0364972
0.046701
0.130208
0.156936
0.119317
0.0340163
0.0712836
0.169509
0.129867
0.110223
0.0369599
0.158809
0.00969361
0.0885907
0.0758282
0.0708666
0.0843828
0.170608
0.113822
0.114356
0.098029
0.233311
0.0636636
0.11684
0.184903
0.121555
0.163274
0.134518
0.0928801
0.0945679
0.113509
0.100079
0.0407631
0.235236
0.142657
0.0542397
0.0968347
0.159683
0.156825
0.14631
0.0611726
0.0914785
0.140867
0.115878
0.239668
0.082365
0.186851
0.194055
0.144549
0.0828558
0.10284
0.15832
0.128548
0.124111
0.0533151
0.230337
0.168952
0.0459169
0.0434325
0.105109
0.0742617
0.162369
0.0812397
0.123259
0.194875
0.0733239
0.0723817
0.106157
0.0982923
0.0729215
0.120082
0.094862
0.132727
0.152187
0.113614
0.0843288
0.120143
0.0650757
0.0999975
0.122417
0.0637475
0.127655
0.0456229
0.0698861
0.0922377
0.060381
0.0875509
0.114704
0.0366007
0.127205
0.0977431
0.114347
0.148162
0.164115
0.0476717
0.148163
0.0433909
0.155588
0.0595796
0.0636029
0.105047
0.102175
0.102916
0.0921728
0.0713386
0.112643
0.0816614
0.0819783
0.0729322
0.0747778
0.151324
0.111851
0.148985
0.0236421
0.0614448
0.0516966
0.160411
0.0489927
0.0956958
0.0857711
0.112529
0.0964949
0.112475
0.132081
0.0881191
0.0668359
0.140931
0.0987417
0.12187
0.10117
0.0841591
0.100179
0.0486652
0.169272
0.0749307
0.0444677
0.0807085
0.0521741
0.110543
0.186987
0.113539
0.136485
0.0487711
0.179162
0.193248
0.054739
0.0307266
0.107984
0.0514773
0.051874
0.0739265
0.0807232
0.0795986
0.0422557
0.10434
0.129914
0.0336962
0.155777
0.127642
0.0937278
0.0974534
0.0835385
0.242736
0.102188
0.1026
0.0889766
0.0864909
0.0776248
0.0588728
0.147861
0.0737028
0.135781
0.110653
0.0504431
0.109021
0.0393413
0.0999657
0.137148
0.0931211
0.087302
0.077461
0.0541426
0.0340267
0.0754613
0.116273
0.05027
0.132468
0.117465
0.0528293
0.0371004
0.062585
0.116487
0.123716
0.0581055
0.124681
0.0974213
0.0688485
0.158498
0.166189
0.0749153
0.116989
0.119429
0.138606
0.112553
0.132457
0.136809
0.0667522
0.063096
0.110474
0.0454516
0.177148
0.0818574
0.133006
0.0282252
0.0685144
0.154703
0.0946495
0.127668
0.102232
0.0851741
0.185299
0.0375755
0.167587
0.0845765
0.116116
0.120173
0.0694462
0.170289
0.0246045
0.0904216
0.0797273
0.0981359
0.0809212
0.115296
0.151452
0.0647337
0.0562037
0.0492427
0.0660086
0.0717349
0.243707
0.0726698
0.0808083
0.130193
0.0613974
0.089831
0.144347
0.0651462
0.0648265
0.146966
0.106229
0.151147
0.107144
0.0920693
0.119686
0.112855
0.09848
0.056296
0.127945
0.0808701
0.070363
0.0960933
0.053088
0.1655
0.0773347
0.0541142
0.188459
0.146471
0.100295
0.117868
0.123929
0.0731268
0.0618622
0.0681073
0.0633199
0.134833
0.068824
0.0762736
0.143914
0.0579136
0.0350698
0.116865
0.0608124
0.126603
0.113558
0.0717615
0.0300396
0.0837104
0.229977
0.101207
0.0376589
0.149664
0.0992984
0.0541531
0.0766471
0.114628
0.0985704
0.11846
0.0684277
0.0817393
0.0579758
0.100152
0.115204
0.060064
0.0539092
0.116901
0.0866332
0.0855998
0.127117
0.0974621
0.107611
0.0802185
0.131738
0.0648519
0.0614179
0.182299
0.114982
0.184833
0.0486736
0.0303284
0.297769
0.152581
0.11282
0.114696
0.0683432
0.108767
0.115742
0.0906748
0.0770378
0.070877
0.0979393
0.0447696
0.121275
0.105565
0.102039
0.0623362
0.128156
0.109193
0.0413279
0.0707489
0.0892387
0.0642499
0.0714947
0.0551361
0.103173
0.263328
0.121964
0.0606186
0.0755154
0.120859
0.158656
0.119589
0.0859955
0.09794
0.105501
0.0697505
0.0355885
0.141
0.0837614
0.115327
0.17467
0.059874
0.0899937
0.0667255
0.124409
0.134486
0.188375
0.0909834
0.0812584
0.0800172
0.111529
0.142416
0.0980749
0.0689205
0.0589346
0.15198
0.0532093
0.109302
0.16018
0.0386828
0.133125
0.065358
0.148948
0.0587986
0.155766
0.0593639
0.0811068
0.0866564
0.0611832
0.0759386
0.0238393
0.0502061
0.0904707
0.174636
0.114759
0.0738024
0.0942357
0.0333665
0.0854096
0.118398
0.109542
0.099304
0.0356181
0.111744
0.1037
0.0643762
0.105095
0.287205
0.155642
0.146853
0.197047
0.111005
0.0610932
0.0784764
0.109215
0.0853188
0.159074
0.187877
0.136106
0.0400129
0.0764119
0.0703611
0.0743995
0.127915
0.117062
0.152392
0.076323
0.161326
0.126825
0.19044
0.127839
0.0835379
0.0960655
0.115064
0.0938134
0.10312
0.118528
0.118288
0.0602343
0.106175
0.0971592
0.109744
0.0351863
0.0882676
0.14231
0.124155
0.0979642
0.0760599
0.0333357
0.0914734
0.0996601
0.136195
0.106864
0.156392
0.0449271
0.147302
0.174337
0.0933346
0.0926434
0.11348
0.0654617
0.230562
0.0968607
0.0746015
0.0666181
0.0967732
0.147769
0.0883366
0.0711619
0.0365394
0.147867
0.0907048
0.0332771
0.0346434
0.0932504
0.100601
0.0465504
0.105061
0.140951
0.0563543
0.0747885
0.10378
0.106481
0.139601
0.0704525
0.0135924
0.0900858
0.142521
0.0546441
0.0743155
0.138183
0.0873149
0.0945381
0.0889897
0.113979
0.0784153
0.0404619
0.0555177
0.0851064
0.0821942
0.0949412
0.0651236
0.083997
0.070843
0.151584
0.123649
0.114797
0.125036
0.0378545
0.109818
0.104348
0.100314
0.0674033
0.0718776
0.135912
0.0614857
0.127442
0.152388
0.128357
0.158196
0.0641155
0.160315
0.106178
0.137194
0.156982
0.0383386
0.0690551
0.0280848
0.201213
0.0867392
0.0967845
0.0553885
0.101048
0.113083
0.0539536
0.107067
0.0709784
0.142119
0.0612441
0.0967346
0.112115
0.1191
0.121008
0.0579896
0.14067
0.0869448
0.175192
0.132832
0.0691758
0.097695
0.0877868
0.0594949
0.118172
0.0735309
0.0919265
0.0597313
0.120526
0.178059
0.108547
0.0991557
0.0552397
0.0475783
0.138407
0.147711
0.0630408
0.129156
0.106972
0.127237
0.136578
0.153218
0.0553805
0.0824006
0.111438
0.0724045
0.0415269
0.0670436
0.0725629
0.0851504
0.0474162
0.104923
0.14466
0.0620248
0.137997
0.108684
0.0826117
0.118013
0.132825
0.111578
0.0560503
0.145406
0.0213412
0.0901292
0.111116
0.109046
0.082829
0.115897
0.199377
0.07632
0.149323
0.177505
0.13858
0.0661175
0.164389
0.196356
0.0771726
0.061391
0.072328
0.0902102
0.0670225
0.0387395
0.0635547
0.0955414
0.0317701
0.0859114
0.11894
0.122205
0.101105
0.22877
0.0767718
0.0409258
0.142042
0.0597381
0.114521
0.127056
0.0461088
0.0774298
0.142496
0.114261
0.0936165
0.105164
0.0892566
0.171564
0.150278
0.111158
0.113749
0.0795925
0.088661
0.111001
0.0729003
0.10453
0.0921481
0.118255
0.0996992
0.244144
0.116233
0.0720305
0.0366695
0.0593166
0.124265
0.0504189
0.142842
0.0812111
0.102592
0.0599247
0.0996621
0.121564
0.0710247
0.0428447
0.0583809
0.0975759
0.0429206
0.126415
0.0499918
0.0713076
0.134863
0.106085
0.172542
0.16247
0.188708
0.0871828
0.0714495
0.148791
0.122528
0.0608153
0.0674981
0.04419
0.153541
0.118481
0.10884
0.193645
0.0360714
0.0677265
0.0416411
0.08406
0.121061
0.099371
0.12778
0.108587
0.0967274
0.182905
0.184747
0.0628887
0.0827683
0.0832949
0.0292097
0.098824
0.0712858
0.176526
0.062285
0.0634805
0.0880086
0.07165
0.0776531
0.0623216
0.0982048
0.121828
0.107993
0.0272615
0.139559
0.131463
0.0888534
0.109595
0.0401487
0.0652586
0.0536102
0.0642244
0.0973528
0.0826197
0.224987
0.0649904
0.0601453
0.0244957
0.0604305
0.067151
0.0489231
0.047974
0.175085
0.0905726
0.0610857
0.09302
0.0801555
0.0844356
0.147636
0.0761734
0.0864739
0.135519
0.136644
0.104525
0.157896
0.0683889
0.105533
0.106764
0.184447
0.0626471
0.0791111
0.132096
0.0693704
0.0377992
0.0216747
0.105982
0.0722583
0.105848
0.112534
0.0774478
0.0879457
0.0918389
0.129703
0.0414277
0.0922659
0.114811
0.0846182
0.0794051
0.0821849
0.252961
0.136613
0.095667
0.0993071
0.120486
0.206588
0.0871686
0.13455
0.114632
0.0395564
0.138517
0.0591591
0.0532675
0.0930368
0.112617
0.0916098
0.113745
0.0961253
0.170614
0.196559
0.129004
0.0416822
0.198646
0.0253103
0.108024
0.186473
0.155362
0.115806
0.0678204
0.098187
0.0751327
0.0718459
0.133761
0.132417
0.0753721
0.0386677
0.137161
0.0881637
0.0554006
0.0541593
0.0802562
0.130238
0.034273
0.0410008
0.149476
0.120781
0.190225
0.122757
0.0630257
0.129635
0.107542
0.124245
0.116134
0.124659
0.0779457
0.0649192
0.0738284
0.139354
0.0744369
0.0496256
0.0300048
0.0957903
0.0409972
0.120367
0.0790222
0.124655
0.111012
0.132006
0.0410451
