0.199649
0.385285
0.390781
0.162503
0.160863
0.272428
0.123983
0.272428
0.222263
0.270223
0.706093
0.27375
0.635453
0.221896
0.379814
0.31063
0.321075
0.32617
0.391357
0.127716
0.595704
0.221037
0.232071
0.389061
0.268891
0.468034
0.320285
0.144088
0.269921
0.382431
0.200646
0.134019
0.0958074
0.393735
0.330131
0.387895
0.385598
0.649571
0.281337
0.401906
0.270409
0.287474
0.379047
0.379779
0.272231
0.209828
0.264287
0.379134
0.0476418
0.191684
0.484546
0.130927
0.33057
0.312863
0.266383
0.662079
0.388552
0.381546
0.331871
0.351567
0.321824
0.224893
0.19037
0.377458
0.477456
0.260079
0.331869
0.278907
0.387733
0.507289
0.480037
0.149733
0.332327
0.225211
0.512345
0.377808
0.275568
0.493944
0.326456
0.374891
0.188828
0.3849
0.327658
0.148306
0.386998
0.478586
0.514669
0.507899
0.120816
0.399454
0.485279
0.307134
0.237928
0.170836
0.237914
0.315215
0.389037
0.315785
0.154256
0.180467
0.242409
0.195348
0.184516
0.275812
0.57819
0.222965
0.325526
0.123219
0.384583
0.382426
0.295702
0.376331
0.156378
0.38769
0.317958
0.15936
0.156503
0.384059
0.322851
0.216499
0.236585
0.378327
0.452084
0.238345
0.376563
0.473101
0.389008
0.316977
0.479326
0.315797
0.222271
0.328268
0.147982
0.387898
0.382526
0.385598
0.235986
0.136124
0.190301
0.377748
0.227169
0.474389
0.391934
0.282418
0.445476
0.478482
0.281278
0.38724
0.320257
0.330385
0.475335
0.38821
0.235921
0.0905987
0.389723
0.321329
0.236169
0.285267
0.139765
0.274007
0.378772
0.0829242
0.184369
0.227296
0.238552
0.324364
0.27234
0.152955
0.315377
0.329929
0.495349
0.389532
0.382054
0.319884
0.0777005
0.282986
0.31316
0.392197
0.47553
0.216541
0.376687
0.327357
0.180014
0.236323
0.229403
0.38924
0.376445
0.32432
0.323613
0.150895
0.22088
0.319695
0.216219
0.233606
0.388286
0.0669277
0.388351
0.495028
0.189296
0.223321
0.229736
0.376561
0.331722
0.470052
0.329298
0.461642
0.317883
0.234527
0.480045
0.274002
0.190459
0.281997
0.135921
0.326969
0.380624
0.320916
0.223274
0.201149
0.327196
0.321098
0.316644
0.275579
0.159099
0.281693
0.140596
0.331168
0.391708
0.46792
0.315495
0.375175
0.391047
0.319667
0.507942
0.39157
0.328907
0.197471
0.486061
0.207968
0.375124
0.272678
0.324355
0.470741
0.377826
0.480358
0.478539
0.363647
0.32536
0.328363
0.141273
0.225828
0.326855
0.177361
0.308401
0.235431
0.285478
0.276559
0.141542
0.181167
0.162645
0.390258
0.498187
0.185203
0.38355
0.109363
0.365708
0.0888684
0.391464
0.157328
0.280704
0.328787
0.272286
0.390722
0.485335
0.696
0.316853
0.386582
0.466622
0.317029
0.377866
0.264535
0.504219
0.284342
0.381864
0.390526
0.390719
0.372391
0.39566
0.269262
0.127906
0.318125
0.375646
0.372475
0.381255
0.382768
0.15123
0.3749
0.377713
0.425724
0.286648
0.291801
0.392753
0.236044
0.272666
0.269601
0.342323
0.166778
0.182435
0.330096
0.320139
0.496011
0.149896
0.38286
0.278494
0.149424
0.471965
0.479527
0.322817
0.191498
0.236589
0.27636
0.271734
0.23633
0.209766
0.148339
0.331104
0.231868
0.470789
0.234529
0.277999
0.215859
0.272824
0.469849
0.270941
0.55723
0.332458
0.192363
0.26692
0.267456
0.391692
0.482182
0.222912
0.374758
0.237936
0.229471
0.388757
0.332833
0.192127
0.376478
0.478911
0.375805
0.395519
0.0877842
0.470157
0.26429
0.481003
0.643586
0.396389
0.465666
0.145195
0.317472
0.179263
0.391168
0.229072
0.467506
0.37624
0.376617
0.383328
0.168372
0.361191
0.318176
0.278517
0.515766
0.169182
0.390822
0.328814
0.227057
0.224336
0.467812
0.219767
0.145566
0.472306
0.331528
0.202609
0.279612
0.321915
0.470266
0.373527
0.279285
0.22462
0.452174
0.376404
0.229481
0.192153
0.26784
0.331056
0.398152
0.237826
0.202311
0.391131
0.281394
0.331903
0.479225
0.309802
0.237124
0.372958
0.325867
0.237233
0.384596
0.323318
0.334133
0.377931
0.329244
0.38889
0.235503
0.328247
0.382577
0.0956225
0.154206
0.238195
0.380098
0.467825
0.489708
0.191193
0.469661
0.169142
0.245125
0.272913
0.511631
0.387974
0.479824
0.229889
0.178538
0.480003
0.469102
0.378793
0.322631
0.16052
0.594283
0.310339
0.199532
0.492011
0.18556
0.331722
0.230777
0.169937
0.49464
0.327986
0.145706
0.476676
0.328122
0.529823
0.334272
0.27511
0.196644
0.316378
0.322288
0.377623
0.279896
0.282387
0.0929746
0.225761
0.135088
0.33001
0.47946
0.390948
0.389106
0.386067
0.374539
0.428379
0.166354
0.214607
0.315095
0.479573
0.375469
0.183584
0.197135
0.226083
0.232922
0.387748
0.27928
0.358452
0.26825
0.380306
0.267326
0.382295
0.391969
0.372008
0.391702
0.105597
0.225518
0.467597
0.384801
0.185419
0.273198
0.227373
0.101703
0.480204
0.314763
0.64406
0.393947
0.490602
0.275232
0.372969
0.234563
0.277077
0.477127
0.228379
0.375817
0.23043
0.405409
0.280844
0.378096
0.324183
0.377933
0.136992
0.488241
0.195319
0.385751
0.383265
0.224475
0.387881
0.383648
0.329549
0.267406
0.504479
0.282436
0.191709
0.197271
0.237795
0.125949
0.375635
0.382694
0.380604
0.322891
0.186148
0.479128
0.386467
0.239155
0.239094
0.318283
0.333143
0.385647
0.375077
0.182244
0.483876
0.387626
0.385887
0.231839
0.467978
0.194959
0.319295
0.479112
0.466606
0.499027
0.476353
0.393789
0.731066
0.20094
0.0904418
0.278983
0.514216
0.391299
0.265351
0.138632
0.526448
0.330851
0.316463
0.266037
0.275994
0.272065
0.485593
0.238848
0.385695
0.378947
0.233987
0.238401
0.321968
0.0776833
0.485167
0.18557
0.376339
0.157583
0.281805
0.375816
0.48451
0.382379
0.237161
0.332703
0.385429
0.376223
0.391015
0.275688
0.365558
0.393597
0.505025
0.3226
0.314408
0.376217
0.27776
0.387797
0.383722
0.390634
0.31307
0.219324
0.19405
0.331545
0.158629
0.374434
0.270841
0.374469
0.375923
0.3946
0.314709
0.479748
0.273178
0.391393
0.378785
0.149495
0.15721
0.277723
0.271506
0.274614
0.32406
0.375004
0.469199
0.483942
0.226046
0.280518
0.214845
0.276255
0.233918
0.20272
0.37962
0.512401
0.26714
0.473351
0.375781
0.195694
0.320802
0.324983
0.314802
0.393301
0.39155
0.329795
0.390563
0.320191
0.272724
0.225835
0.198036
0.212111
0.332702
0.326838
0.327314
0.23528
0.183303
0.0781372
0.274767
0.376903
0.224996
0.161299
0.269546
0.327239
0.52078
0.0966884
0.273121
0.271817
0.378194
0.320277
0.484825
0.541869
0.47737
0.495038
0.326865
0.236359
0.232118
0.379464
0.479442
0.479145
0.27862
0.47976
0.388394
0.292468
0.245755
0.174554
0.274275
0.387946
0.327364
0.379158
0.233431
0.28369
0.602927
0.276993
0.127341
0.331945
0.275169
0.327235
0.479178
0.485104
0.473919
0.266662
0.269254
0.267643
0.395523
0.387565
0.156749
0.477036
0.382215
0.38295
0.127424
0.390407
0.3161
0.164377
0.158917
0.469107
0.231708
0.326912
0.0973224
0.511513
0.32355
0.23561
0.118769
0.274768
0.187475
0.375144
0.467617
0.230263
0.376599
0.388046
0.181925
0.500004
0.474565
0.478691
0.235399
0.47013
0.182841
0.474728
0.391194
0.388174
0.376653
0.378342
0.25262
0.378979
0.469831
0.495047
0.477089
0.272983
0.379644
0.376538
0.32903
0.391882
0.203135
0.152624
0.479396
0.380067
0.500759
0.268664
0.320352
0.376406
0.383993
0.265076
0.18674
0.275752
0.479436
0.382655
0.516434
0.105086
0.328123
0.187742
0.391761
0.153625
0.268184
0.228651
0.326611
0.143601
0.270279
0.391812
0.273753
0.319705
0.391245
0.670768
0.390336
0.273397
0.392635
0.276173
0.274479
0.200457
0.271539
0.268624
0.325691
0.328897
0.394539
0.199243
0.332734
0.256031
0.234512
0.0975899
0.148639
0.395543
0.28666
0.451534
0.373661
0.227067
0.284568
0.28608
0.262695
0.390648
0.282018
0.207372
0.233176
0.479261
0.148837
0.171692
0.222607
0.391799
0.319265
0.477377
0.271282
0.271582
0.221117
0.226457
0.377552
0.468318
0.469465
0.28461
0.362346
0.251773
0.321152
0.191451
0.470297
0.470628
0.38924
0.381944
0.230345
0.325647
0.277064
0.384561
0.466843
0.469159
0.197018
0.374986
0.438377
0.207315
0.100632
0.16827
0.261656
0.229332
0.383422
0.190572
0.318432
0.23118
0.235197
0.235627
0.315538
0.517588
0.388862
0.266584
0.299427
0.155766
0.569238
0.378531
0.269296
0.398924
0.227265
0.536242
0.274727
0.320206
0.37483
0.326731
0.232535
0.245309
0.235632
0.279715
0.372333
0.187142
0.468213
0.332217
0.376842
0.170138
0.373017
0.3068
0.227584
0.37354
0.105467
0.474591
0.194499
0.161077
0.0943022
0.373527
0.320048
0.272243
0.385287
0.276928
0.268943
0.195721
0.467038
0.222526
0.280748
0.379018
0.331974
0.142015
0.634116
0.124772
0.328183
0.54176
0.494944
0.372086
0.235524
0.331857
0.573587
0.235213
0.234452
0.136425
0.479311
0.479045
0.271612
0.182547
0.211509
0.322759
0.156354
0.22887
0.237365
0.479119
0.235378
0.238219
0.281231
0.504738
0.395495
0.375683
0.148126
0.233962
0.280947
0.173215
0.268372
0.267659
0.37751
0.156542
0.382847
0.228016
0.491633
0.3784
0.347339
0.27438
0.284349
0.19601
0.143539
0.391653
0.47101
0.390702
0.233428
0.224054
0.116977
0.269041
0.13167
0.328003
0.372612
0.320412
0.468725
0.391045
0.385167
0.391355
0.219333
0.484616
0.485653
0.390718
0.386406
0.318557
0.208842
0.31995
0.329235
0.374893
0.229766
0.269455
0.28007
0.399182
0.387503
0.395344
0.195728
0.490028
0.229636
0.493757
0.273732
0.470775
0.368982
0.392359
0.266577
0.194766
0.374064
0.288585
0.319411
0.162517
0.495451
0.377744
0.415976
0.19551
0.192439
0.388439
0.377803
0.490528
0.238084
0.12705
0.32637
0.233166
0.239956
0.180267
0.326052
0.329338
0.388414
0.376018
0.323654
0.192591
0.318537
0.382991
0.495455
0.49549
0.232908
0.153615
0.468139
0.192801
0.276873
0.383451
0.477218
0.37515
0.269251
0.23301
0.479953
0.326781
0.474585
0.332962
0.375717
0.236842
0.492109
0.329338
0.233981
0.325876
0.374436
0.224836
0.375826
0.185615
0.278695
0.4969
0.32764
0.194891
0.315632
0.188218
0.331884
0.391387
0.327051
0.193187
0.328063
0.394978
0.32653
0.267853
0.387944
0.237471
0.114222
0.378738
0.131448
0.322429
0.238981
0.411436
0.273077
0.279317
0.186363
0.512794
0.484463
0.376469
0.479788
0.384845
0.129008
0.313634
0.301536
0.375988
0.267263
0.23082
0.15247
0.217762
0.23384
0.394254
0.156412
0.272633
0.196668
0.214117
0.500238
0.318339
0.394958
0.17998
0.376883
0.375488
0.158786
0.245369
0.394973
0.276033
0.158269
0.142576
0.388146
0.326024
0.391839
0.689736
0.388929
0.123368
0.197152
0.479418
0.379435
0.384982
0.316711
0.161378
0.267256
0.327314
0.372848
0.231893
0.32693
0.23085
0.318277
0.511445
0.16601
0.241819
0.373482
0.241577
0.327614
0.39846
0.141697
0.376752
0.193159
0.37431
0.26079
0.389439
0.17758
0.374837
0.232287
0.479599
0.200191
0.467881
0.397949
0.376749
0.495889
0.229105
0.139235
0.325585
0.391694
0.178706
0.377582
0.238285
0.271759
0.102
0.22851
0.468156
0.110659
0.375413
0.4808
0.168142
0.332222
0.316587
0.106229
0.322136
0.164749
0.278525
0.271271
0.179407
0.389145
0.376504
0.391934
0.270309
0.385976
0.494186
0.23274
0.384567
0.331406
0.388944
0.399636
0.484314
0.228294
0.271013
0.192258
0.391841
0.183323
0.205681
0.381871
0.184731
0.383025
0.215174
0.100702
0.213909
0.183
0.478737
0.172337
0.274257
0.472379
0.374723
0.475289
0.388351
0.154506
0.115484
0.212014
0.191112
0.241108
0.325537
0.199851
0.278295
0.376918
0.37565
0.327903
0.32668
0.3231
0.285779
0.330298
0.279987
0.495017
0.190291
0.384558
0.718784
0.467869
0.373615
0.326035
0.383061
0.202774
0.379621
0.227687
0.159613
0.512165
0.477608
0.325045
0.321258
0.387577
0.532243
0.278152
0.237273
0.291219
0.331888
0.703368
0.278014
0.273594
0.387944
0.280422
0.378294
0.194577
0.486477
0.314489
0.168976
0.316521
0.374574
0.328713
0.23677
0.319308
0.234338
0.277788
0.22964
0.370774
0.149217
0.470217
0.316971
0.307561
0.213383
0.467885
0.164891
0.53404
0.279194
0.274291
0.383597
0.233687
0.384403
0.479661
0.279625
0.31507
0.320952
0.507898
0.33216
0.389753
0.376461
0.283394
0.470218
0.379062
0.39189
0.388564
0.270982
0.387939
0.330641
0.233093
0.129952
0.324085
0.388299
0.388207
0.258405
0.171174
0.378173
0.229578
0.122622
0.303508
0.232324
0.200552
0.470103
0.374273
0.376507
0.374933
0.373632
0.385317
0.319144
0.400005
0.199023
0.178521
0.363669
0.371681
0.324444
0.277878
0.47017
0.258535
0.26737
0.322719
0.22104
0.383346
0.4796
0.470985
0.232102
0.273804
0.391008
0.470496
0.276617
0.319374
0.327089
0.396164
0.491396
0.217133
0.320228
0.455232
0.171541
0.376838
0.484809
0.2213
0.374671
0.355083
0.376447
0.379868
0.378049
0.275727
0.270524
0.135118
0.393725
0.391811
0.376769
0.236542
0.468685
0.279396
0.209971
0.274392
0.235723
0.529896
0.471614
0.170431
0.234025
0.189441
0.331205
0.51146
0.336347
0.235295
0.146
0.377061
0.468289
0.545005
0.196838
0.38918
0.374568
0.319384
0.27165
0.19424
0.272667
0.234326
0.157603
0.474195
0.379119
0.253235
0.228921
0.148103
0.47177
0.179501
0.399985
0.317235
0.376861
0.388925
0.238725
0.383781
0.193807
0.325815
0.425695
0.281069
0.332445
0.378514
0.497266
0.326868
0.183699
0.372078
0.468048
0.391653
0.126608
0.14356
0.198354
0.476504
0.319892
0.283563
0.479944
0.114229
0.478004
0.283638
0.323322
0.377904
0.38216
0.17069
0.330964
0.176265
0.223199
0.468143
0.324453
0.271702
0.272572
0.379062
0.276645
0.222024
0.327696
0.28003
0.388137
0.334535
0.265643
0.149071
0.270677
0.390935
0.27604
0.395704
0.389303
0.39209
0.195068
0.237929
0.389566
0.236316
0.331548
0.619446
0.374699
0.162927
0.175423
0.329642
0.383371
0.476146
0.242583
0.128393
0.110319
0.192984
0.382795
0.299732
0.470124
0.332811
0.271727
0.329608
0.330242
0.327483
0.280739
0.389404
0.383455
0.388527
0.376305
0.196863
0.484398
0.376421
0.371612
0.283285
0.268625
0.381831
0.484312
0.607355
0.1452
0.123423
0.283105
0.195407
0.27373
0.328346
0.229892
0.234705
0.319432
0.325984
0.237896
0.099687
0.470097
0.237047
0.331398
0.325502
0.230987
0.480079
0.0950364
0.466121
0.479923
0.421267
0.658819
0.392094
0.198602
0.145627
0.235893
0.303791
0.391818
0.189482
0.468171
0.275054
0.276423
0.472236
0.329808
0.328549
0.166568
0.468371
0.188072
0.208252
0.376418
0.320907
0.279734
0.390974
0.278706
0.396777
0.093125
0.155614
0.275876
0.376867
0.160482
0.325918
0.475015
0.280308
0.480062
0.37679
0.272473
0.321574
0.161262
0.376342
0.317027
0.325081
0.32275
0.47608
0.328477
0.485294
0.376905
0.267396
0.274942
0.387001
0.142936
0.189345
0.152336
0.271959
0.232399
0.272279
0.567813
0.51131
0.178492
0.235268
0.373977
0.204888
0.233725
0.268563
0.143833
0.279598
0.476464
0.384139
0.144359
0.390155
0.146796
0.371391
0.374394
0.28056
0.116894
0.214506
0.375766
0.388
0.385566
0.518825
0.316096
0.476591
0.31548
0.325437
0.469614
0.374423
0.239769
0.246465
0.384797
0.390512
0.373779
0.326774
0.326845
0.268064
0.211774
0.229134
0.225899
0.172011
0.231953
0.305188
0.231797
0.320785
0.315826
0.31529
0.227079
0.239276
0.376726
0.328091
0.395105
0.324051
0.699327
