0.0312302
0.0431794
0.00295761
0.0258796
0.00171167
0.0171801
0.0175562
0.00198329
0.0243829
0.00127113
0.0169652
0.0512788
0.0220144
0.0235042
0.00196842
0.00145508
0.0239779
0.0120883
0.00537325
0.00803165
0.0304971
0.0105414
0.0338356
0.0561296
0.00203139
0.0533407
0.014297
0.00481873
0.0021037
0.00121027
0.0276384
0.0451483
0.0192346
0.0647175
0.0153351
0.0340031
0.0154929
0.0167575
0.0303854
0.0304473
0.0411851
0.0022226
0.01167
0.00208793
0.000547262
0.0166097
0.0272075
0.00228992
0.00658123
0.00263197
0.00688958
0.0044914
0.00248058
0.0154403
0.00175595
0.00139118
0.0178673
0.00108942
0.0400742
0.0259851
0.00368727
0.0383406
0.001537
0.0279952
0.0256536
0.00117822
0.0431877
0.0311971
0.00308602
0.0216432
0.00473586
0.00225727
0.0406459
0.00221068
0.00292831
0.00246226
0.0442764
0.0116029
0.00491227
0.0468315
0.00471243
0.068683
0.00438679
0.00158383
0.0255077
0.0465389
0.0329332
0.00107729
0.003874
0.0243605
0.0275635
0.00350077
0.0272726
0.0381479
0.0255948
0.0222595
0.00306591
0.0389483
0.00113117
0.0194734
0.00323954
0.00668561
0.045799
0.0260307
0.00621323
0.0170933
0.0328063
0.0131125
0.0163698
0.0310005
0.016575
0.020149
0.0189629
0.0418006
0.0538484
0.0289456
0.0249833
0.0318013
0.00290005
0.0371397
0.00699838
0.0384591
0.0103312
0.0347663
0.0157963
0.00423773
0.00251393
0.0260524
0.0625741
0.0205846
0.0262218
0.000896337
0.00814951
0.00557593
0.0411132
0.0432076
0.00272221
0.00251882
0.0305747
0.0087826
0.00413006
0.00510586
0.0132247
0.00479959
0.0359482
0.0105991
0.0317368
0.00732007
0.00978382
0.0308573
0.0238001
0.00308742
0.0149346
0.0126159
0.0122596
0.00940606
0.00424509
0.0268273
0.0108245
0.00360785
0.0103976
0.00607926
0.0415218
0.0186715
0.00606224
0.000705368
0.0103163
0.00291361
0.0263848
0.0416953
0.0288251
0.00455463
0.0050653
0.00337097
0.0401525
0.0299895
0.0246462
0.0106675
0.00133739
0.0201678
0.00563608
0.0311927
0.0306601
0.0613963
0.00738474
0.00159928
0.0205758
0.0291018
0.00741374
0.00289892
0.00380671
0.00431678
0.0199601
0.00306686
0.00154226
0.00193104
0.00230716
0.00161462
0.0106488
0.0208411
0.00284823
0.0649476
0.00101372
0.00652912
0.00410207
0.0505463
0.0455565
0.0282576
0.0283975
0.0405594
0.0132151
0.00161444
0.00491476
0.0524729
0.0160717
0.025487
0.0399784
0.00329284
0.0201392
0.00259414
0.00392681
0.0293862
0.00276085
0.0325688
0.0327725
0.00140243
0.0229825
0.0189349
0.0349986
0.0336354
0.0470798
0.0393315
0.0222482
0.00768617
0.0237464
0.014852
0.0437888
0.00116745
0.031576
0.0280949
0.0319583
0.0545442
0.0281917
0.0161812
0.00214247
0.00241074
0.00325037
0.00593406
0.00323663
0.00120139
0.000667981
0.0228319
0.014473
0.0270068
0.00545686
0.0019533
0.00527929
0.00166243
0.00474568
0.00459813
0.0180044
0.00164363
0.0034883
0.0264886
0.0217882
0.037926
0.0362052
0.00476389
0.00293395
0.0030802
0.0205649
0.00841317
0.019588
0.00817898
0.0342422
0.00182269
0.0179242
0.00827877
0.0324677
0.0214227
0.0210162
0.00202818
0.00704728
0.0311074
0.00354655
0.00064832
0.00275664
0.019431
0.00237913
0.0150486
0.00713117
0.0022335
0.0475857
0.00489593
0.0379072
0.00544747
0.00351099
0.00656386
0.0460949
0.00793529
0.00434879
0.00166623
0.0317612
0.035423
0.00070551
0.02926
0.0185767
0.00452209
0.0367963
0.0148494
0.00134745
0.041545
0.00174133
0.00507509
0.00583945
0.0037515
0.0107537
0.0189334
0.0377377
0.00747198
0.0079886
0.00585754
0.0140498
0.0059808
0.015259
0.0366536
0.0220262
0.0088423
0.00136181
0.0273672
0.0263912
0.00112211
0.00952629
0.0325028
0.0160169
0.0310325
0.0302896
0.0031376
0.0171291
0.0315749
0.00304035
0.0378538
0.000581109
0.00933885
0.00899764
0.0506036
0.0197851
0.0158188
0.0152779
0.029356
0.0267126
0.0121026
0.00264144
0.0192352
0.0296514
0.000722213
0.0289633
0.0126004
0.00759395
0.0312728
0.00919751
0.0424073
0.0174017
0.0113082
0.00165937
0.0190169
0.0272635
0.0357021
0.02117
0.0511011
0.0529108
0.0522144
0.0189583
0.00640634
0.0194501
0.00141026
0.018605
0.00267921
0.0333974
0.0282265
0.00229133
0.0138083
0.00232236
0.00258568
0.0182752
0.0220548
0.0541575
0.008686
0.0528307
0.0265412
0.0229927
0.0017018
0.00582327
0.00602364
0.0197871
0.00694543
0.00553661
0.0175606
0.00324552
0.00557874
0.00290006
0.00161437
0.0237304
0.00362162
0.0172483
0.0193958
0.00700105
0.034627
0.0383379
0.0278851
0.00246488
0.0459465
0.0027496
0.00708169
0.0602072
0.00349803
0.0293798
0.0297126
0.0227547
0.0283571
0.0100043
0.0622771
0.0393878
0.0273711
0.00262993
0.0142145
0.00559902
0.00699337
0.0229288
0.0363496
0.0168066
0.00348905
0.031671
0.018205
0.00994014
0.00664012
0.0081546
0.0282581
0.019215
0.0493533
0.0309686
0.0235859
0.0253015
0.00423397
0.000206397
0.0180507
0.0233676
0.0356418
0.000980017
0.00278721
0.00221702
0.00732477
0.00701287
0.0136504
0.00498016
0.00449454
0.00381465
0.00390703
0.0239614
0.0139381
0.00445544
0.0132841
0.0341327
0.0301184
0.0133027
0.00354173
0.000893626
0.00140708
0.000859003
0.0232618
0.036732
0.0445414
0.00330644
0.00201272
0.00143306
0.0327817
0.0212913
0.00170595
0.0139786
0.0200254
0.0361996
0.000857729
0.0473359
0.0357474
0.0414147
0.0269735
0.0376125
0.00270736
0.00238633
0.00646986
0.0182254
0.0147092
0.0509916
0.0352362
0.00257666
0.00982841
0.00129953
0.0470966
0.0482954
0.0154975
0.000368052
0.00735531
0.00103316
0.0280748
0.0270722
0.0369389
0.0243303
0.0349419
0.0657064
0.016775
0.0130167
0.0512347
0.0143736
0.0152651
0.0257917
0.00444354
0.0469438
0.000343266
0.00204489
0.0169778
0.0272643
0.0167569
0.0442659
0.0280463
0.0526927
0.00303062
0.0358849
0.00222395
0.00207222
0.00883399
0.0227467
0.00296135
0.00806131
0.0367185
0.00515443
0.0028054
0.00550695
0.00587499
0.0465967
0.0265913
0.00490678
0.00206702
0.0161549
0.00479761
0.00273077
0.0174396
0.00278943
0.0151017
0.0389365
0.0219014
0.00448876
0.00605959
0.000972773
0.0314904
0.0260791
0.00311964
0.00946667
0.0292641
0.0246995
0.0278503
0.0378606
0.00992704
0.0197503
0.0489021
0.0211673
0.0226577
0.0110934
0.0465949
0.0238476
0.018657
0.0339541
0.0324722
0.00474918
0.00705869
0.0231942
0.00341853
0.00256634
0.00887774
0.030527
0.0142411
0.0246721
0.0102389
0.00112489
0.00187376
0.0223008
0.0483886
0.0437859
0.0304254
0.0145429
0.0142887
0.0296932
0.0168423
0.0212205
0.0248821
0.00138226
0.00447656
0.0165492
0.0016256
0.00631593
0.0582422
0.0221482
0.0108048
0.0463776
0.0196133
0.00174379
0.00271419
0.00256677
0.0259176
0.0269026
0.00400335
0.0040311
0.0118373
0.00549536
0.0134649
0.00493998
0.0012273
0.00208456
0.0190573
0.0056314
0.0170441
0.00440347
0.035277
0.0332968
0.00273284
0.0074238
0.0144313
0.00520294
0.0272124
0.0302117
0.000336694
0.0019976
0.00880701
0.0242826
0.0274241
0.0481438
0.00550903
0.0296059
0.0605838
0.0100761
0.0398473
0.00231755
0.00131631
0.00672049
0.0137719
0.0261783
0.037188
0.0468693
0.0270689
0.00313915
0.0032761
0.00212014
0.000843038
0.00382473
0.0123426
0.0236004
0.00367631
0.00206344
0.0212736
0.000652928
0.00803324
0.0147584
0.0115674
0.00533001
0.0474466
0.0157511
0.0257652
0.0113615
0.0186426
0.00204093
0.0279296
0.0377382
0.0468466
0.0202774
0.0244826
0.0254998
0.00466401
0.0197673
0.00291853
0.0137672
0.0268446
0.0127311
0.0251058
0.0312946
0.0206826
0.00325446
0.00987603
0.000926897
0.00300053
0.0253627
0.0174176
0.0370504
0.00234885
0.000701998
0.0115227
0.00251559
0.0118848
0.00395341
0.000673358
0.00537597
0.0326733
0.00176843
0.0410099
0.0184435
0.0316868
0.0412264
0.00870268
0.00815146
0.00988744
0.031445
0.00263963
0.00166626
0.0568417
0.00255029
0.00592981
0.0142642
0.030905
0.0368881
0.00163401
0.0252301
0.00395435
0.0159569
0.0139314
0.0385349
0.00168021
0.0228904
0.0186198
0.0370755
0.0248502
0.0229083
0.00307556
0.00276873
0.00287813
0.0239063
0.0049246
0.0265719
0.0222013
0.00411698
0.00100838
0.014858
0.00535857
0.000140961
0.00291631
0.0324371
0.0237814
0.0216619
0.00358947
0.00262392
0.0277191
0.0245716
0.00189416
0.0183502
0.00210489
0.0121711
0.0179336
0.0244527
0.00577389
0.0645377
0.00855239
0.00782711
0.00454491
0.00321022
0.00217881
0.00274293
0.0419346
0.0153991
0.0318088
0.00632242
0.0514542
0.00516145
0.00245787
0.0280218
0.0189515
0.0255874
0.00190753
0.00886996
0.0237828
0.040422
0.00258961
0.0253002
0.030015
0.037394
0.00182756
0.0216342
0.0127777
0.0314287
0.0397744
0.000386763
0.0396315
0.00104271
0.00397739
0.0411755
0.0153671
0.0094564
0.0244381
0.0165792
0.0174017
0.003925
0.00370211
0.00842194
0.0018469
0.0156129
0.00357703
0.0490181
0.0052421
0.0389218
0.0288452
0.0109302
0.0280974
0.00322953
0.00386955
0.00753265
0.023566
0.0148548
0.0046731
0.0221501
0.016945
0.0128769
0.00214466
0.0148547
0.00158866
0.0146989
0.0127881
0.00283942
0.00095211
0.0141233
0.0194986
0.0139215
0.0218757
0.00133079
0.00137748
0.00149794
0.00171147
0.0170955
0.0370771
0.00202851
0.00178259
0.00495158
0.0205379
0.0205817
0.00229241
0.00303429
0.00263096
0.0322817
0.0182783
0.00575607
0.00345757
0.0146228
0.00457898
0.0136201
0.00177372
0.010265
0.00217624
0.0204123
0.0051609
0.0279768
0.0475047
0.00154672
0.0318645
0.0594148
0.00857152
0.000389592
0.00148118
0.0184597
0.00155885
0.0175783
0.0397577
0.0145279
0.0216376
0.0378689
0.00556929
0.0211841
0.0112433
0.0210093
0.000776843
0.00557078
0.00934875
0.00724195
0.0315315
0.0186496
0.00085551
0.0383129
0.0526312
0.0161519
0.0288021
0.00372347
0.019021
0.0229062
0.0458796
0.0207386
0.00347995
0.00522368
0.0465075
0.00593385
0.0330315
0.0144645
0.00300787
0.00159891
0.0080577
0.00038852
0.00265186
0.017343
0.0368891
0.00172875
0.00267048
0.00465756
0.0106495
0.0262588
0.0245789
0.0220178
0.00336226
0.0391549
0.00565705
0.02825
0.0389452
0.00410872
0.063068
0.0197178
0.0411299
0.0131452
0.00255341
0.00189497
0.00193094
0.0316378
0.0130524
0.00165072
0.00637952
0.00378902
0.0166885
0.00385342
0.00197456
0.0132527
0.0213334
0.0474698
0.00301805
0.0398451
0.017375
0.00630813
0.0441118
0.0203249
0.00278743
0.0246295
0.0310755
0.0099886
0.0330766
0.0168289
0.00346082
0.0298012
0.0102336
0.0142363
0.00196501
0.000932534
0.0104717
0.0105843
0.0196646
0.000488957
0.0312923
0.0138563
0.014365
0.0232743
0.0229166
0.0120633
0.0381261
0.0250434
0.0203614
0.0367535
0.00388751
0.0257339
0.0405679
0.0378103
0.0115174
0.0250628
0.0249694
0.00153039
0.0184273
0.0108232
0.0338455
0.0228621
0.0328825
0.00656815
0.0259514
0.0386197
0.0157166
0.00160555
0.0240447
0.00247749
0.0223155
0.0362277
0.0247777
0.0215505
0.0345286
0.0120398
0.00237291
0.00304649
0.0388217
0.0216641
0.0116836
0.00469392
0.000179214
0.0398485
0.0046689
0.00325877
0.0174882
0.0193871
0.0355276
0.0348607
0.0178042
0.0356816
0.00185736
0.00344783
0.00109074
0.0470282
0.061113
0.0414163
0.011054
0.00133613
0.00194939
0.0265596
0.0188619
0.000207875
0.00449644
0.0353336
0.00382791
0.00298642
0.0265295
0.0140231
0.014126
0.0230158
0.031747
0.00340807
0.0365833
0.0475397
0.00203507
0.0207315
0.0215815
0.00343342
0.00607285
0.0254166
0.00198299
0.0151162
0.00497405
0.000767446
0.00261376
0.0132293
0.0260146
0.00200302
0.0144924
0.00831598
0.0319864
0.00413549
0.0324672
0.0278961
0.00164292
0.0172093
0.0134289
0.00378981
0.0368321
0.0227587
0.000590167
0.0016001
0.0356057
0.0441508
0.011324
0.0254677
0.0117013
0.00335763
0.0039568
0.0229395
0.0287722
0.00269747
0.00399868
0.0228369
0.0288325
0.0289315
0.0235029
0.0160081
0.0441311
0.0359834
0.0199548
0.00174076
0.0270175
0.00516581
0.019384
0.0222652
0.00436298
0.0361434
0.0329528
0.0330141
0.0293699
0.0288044
0.00279091
0.0729695
0.048881
0.0470138
0.0422455
0.0189558
0.00346335
0.00989389
0.00257141
0.0124625
0.0456421
0.0142308
0.00851159
0.0035365
0.00160588
0.00613953
0.010219
0.00368131
0.0193156
0.00255574
0.0148894
0.0126988
0.025139
0.0202536
0.0486108
0.0119806
0.00352143
0.000381325
0.0330091
0.0439721
0.0114051
0.0479748
0.00826067
0.0263995
0.0186617
0.00292704
0.00328318
0.0234203
0.00211021
0.021865
0.0657497
0.0292177
0.0306709
0.0172453
0.00273996
0.00379275
0.0086093
0.0019897
0.0235394
0.0303006
0.00372793
0.0138633
0.00537638
0.0227247
0.00559723
0.0201596
0.0529614
0.0293974
0.00217422
0.00444076
0.0146343
0.0253271
0.0243987
0.0216177
0.0418395
0.0192545
0.000508611
0.0281293
0.0261931
0.00794412
0.0482633
0.000456265
0.020383
0.00445468
0.00491643
0.0194269
0.0279006
0.0447605
0.0609445
0.0279878
0.00441409
0.0260979
0.0447535
0.000487636
0.00855687
0.0268204
0.035812
0.0134771
0.0200164
0.00389604
0.0072444
0.00288278
0.00254252
0.0179011
0.013758
0.00274646
0.0215655
0.00405717
0.00184837
0.00104589
0.0224104
0.00509176
0.0433399
0.00239374
0.000682639
0.0263
0.0320305
0.0143456
0.00230109
0.0100464
0.000316239
0.0184067
0.00242246
0.0388605
0.00416988
0.00222533
0.016107
0.0492433
0.00451023
0.00325964
0.00382699
0.00260467
0.0157499
0.0206521
0.0240008
0.0149701
0.0017869
0.00175322
0.0252593
0.006162
0.000807282
0.0664224
0.0312981
0.0339378
0.00336682
0.000197732
0.0258721
0.00195908
0.0101098
0.00279485
0.00484989
0.011644
0.00239711
0.0215407
0.0146838
0.0164543
0.00532834
0.022082
0.0288677
0.0058776
0.00992764
0.00635983
0.00412614
0.0116557
0.0370971
0.0310045
0.0246139
0.0249766
0.00298776
0.0034545
0.0444203
0.00238603
0.0115154
0.00259277
0.0115531
0.0184239
0.0135025
0.00790139
0.0268504
0.0115895
0.00136776
0.00532382
0.00396649
0.013705
0.0144789
0.00316145
0.0034676
0.00578211
0.0454739
0.0330152
0.0207379
0.00228336
0.0476606
0.00517962
0.0179296
0.0131634
0.0281397
0.0536772
0.00366519
0.00282442
0.0169987
0.0300132
0.0258402
0.0191405
0.0156246
0.0181255
0.00535526
0.00251637
0.0115803
0.0232622
0.0439947
0.000856862
0.00154007
0.0209781
0.00128191
0.0551357
0.00148481
0.00453935
0.053643
0.0109623
0.00416213
0.0290597
0.00172768
0.00680001
0.00560889
0.0041668
0.0351132
0.0499219
0.00594067
0.0110333
0.0113302
0.0470013
0.00232546
0.0373601
0.0135403
0.0441327
0.0164808
0.00557055
0.00425404
0.00742375
0.00441658
0.0400773
0.00234949
0.0228435
0.00205823
0.00192787
0.0218753
0.00252149
0.0197811
0.0032985
0.0126628
0.0133271
0.0161725
0.000775691
0.00305357
0.00196945
0.015889
0.00142063
0.0214258
0.0256112
0.00120959
0.021885
0.00231462
0.0166536
0.00500818
0.018328
0.00242628
0.00479022
0.00828217
0.00183415
0.0204109
0.0263831
0.00212103
0.0111303
0.0529602
0.0039909
0.0212689
0.0393282
0.00230238
0.0180529
0.00375598
0.0104984
0.0259758
0.0669774
0.00137924
0.0187838
0.0018032
0.0664137
0.0468782
0.0154893
0.041267
0.00471809
0.00554814
0.00190852
0.0244995
0.00157048
0.0302493
0.0231961
0.0271782
0.0173756
0.00945836
0.00524841
0.00446729
0.0197058
0.00154421
0.0514738
0.0106839
0.00522245
0.0308545
0.0119584
0.00229399
0.0417855
0.0318799
0.00255127
0.0160584
0.0019645
0.0412162
0.0203666
0.00487838
0.00261411
0.0240968
0.00655338
0.00123948
0.0158219
0.00332581
0.0139894
0.0263945
0.0153297
0.0175542
0.0319547
0.0021542
0.00127819
0.0133096
0.0183788
0.0166665
0.000649317
0.0324561
0.0460355
0.00255801
0.00197731
0.0519369
0.00248392
0.00186943
0.00706216
0.0145165
0.022728
0.000664814
0.0268094
0.0324821
0.0037396
0.0387962
0.00672607
0.00231063
0.0224537
0.031452
0.00177287
0.00785229
0.00119284
0.034479
0.0279693
0.000607214
0.00143867
0.00238382
0.0106038
0.00615769
0.0120764
0.0231353
0.0295951
0.0178934
0.0131361
0.0010626
0.00407385
0.0359045
0.0117561
0.0475263
0.0218718
0.00459083
0.0229363
0.00471041
0.00193217
0.0174736
0.0268668
0.0239234
0.0403356
0.0026743
0.0332664
0.0319941
0.0522352
0.0447464
0.0312517
0.0453979
0.00267479
0.000814548
0.000524453
0.00222571
0.0153392
0.0197474
0.0193793
0.016819
0.0057227
0.0265155
0.0104986
0.0194041
0.0248706
0.0188622
0.00345777
0.00153478
0.0370158
0.00304906
0.0258211
0.00488493
0.00420912
0.00481406
0.00433557
0.0237652
0.0418896
0.0527627
0.0634776
0.00253361
0.00117742
0.00206681
0.0363718
0.0536729
0.00323716
0.0118929
0.0552186
0.00770357
0.0306967
0.0310603
0.00434621
0.0180305
0.00121591
0.00349862
0.000141915
0.00388284
0.0572044
0.0128713
0.0484481
0.0013885
0.0118667
0.00355325
0.0323157
0.00434083
0.00952825
0.00159243
0.000664678
0.0295467
0.0031438
0.00428649
0.0453573
0.0307364
0.0312772
0.0501595
0.00554039
0.00257706
0.0102897
0.0247941
0.0134266
0.0183808
0.0034268
0.00490766
0.0484507
0.0352061
0.0301871
0.0381705
0.00183314
0.0438501
0.0105739
0.0168961
0.0346561
0.00383924
0.0274676
0.00980447
0.00635197
0.0401477
0.00165163
0.0200016
0.042752
0.00186288
0.00862224
0.0271685
0.0311948
0.0267636
0.0105556
0.0374856
0.00193093
0.00345258
0.00887771
0.00617206
0.0219559
0.0327228
0.00475863
0.0176862
0.00252533
0.00189564
0.0553039
0.00207565
0.00262542
0.0193207
0.047228
0.0372949
0.0338801
0.033478
0.0484762
0.0204613
0.00243771
0.0184399
0.00262176
0.00505926
0.0487862
0.00217618
0.0031017
0.0014117
0.0149379
0.0161699
0.0309147
0.00173939
0.0159725
0.0159351
0.00589578
0.00515165
0.016766
0.0119082
0.0456651
0.0152535
0.00184591
0.0149392
0.0325755
0.00397322
0.0181589
0.00783771
0.0413756
0.0483311
0.00180295
0.0375739
0.004638
0.0265023
0.00215318
0.0465414
0.00623658
0.0664662
0.00491275
0.00191293
0.0506265
0.00561707
0.00320865
0.0167166
0.0372462
0.028136
0.0471209
0.0583108
0.00432359
0.0124798
0.0151673
0.00142461
0.00243767
0.00285082
0.0190774
0.00175502
0.00334984
0.0162318
0.00151143
0.0257456
0.00343241
0.0185706
0.0137517
0.00138006
0.014409
0.0229423
0.00231604
0.00267517
0.000433766
0.00122724
0.00190379
0.00469583
0.00701955
0.0499648
0.0102815
0.0341218
0.0149815
0.0188375
0.00414053
0.0257119
0.0298844
0.0114318
0.0125268
0.00731326
0.0521976
0.00871225
0.0365049
0.0448066
0.00376667
0.0393194
0.0214984
0.00280269
0.0076532
0.00932559
0.0196125
0.0454746
0.0150588
0.0165684
0.00152439
0.0199122
0.00488377
0.00736931
0.025715
0.0447699
0.00674537
0.0296705
0.00515244
0.00978289
0.0307654
0.00838624
0.00628634
0.00326237
0.023693
0.0376962
0.0395432
0.0243737
0.0056522
0.00545393
0.0109354
0.0290284
0.00738807
0.0278083
0.0237274
0.0387766
0.0161943
0.0136271
0.0331229
0.00490093
0.00160224
0.0232702
0.0311305
0.00441009
0.0276115
0.0373518
0.0147603
0.0685941
0.0313141
0.00220055
0.011815
0.00386513
0.0213324
0.00120084
0.0119116
0.0276469
0.00656453
0.0161355
0.0509884
0.00681975
0.0118286
0.00191682
0.0312123
0.00253911
0.0150938
0.00228669
0.0181244
0.00213653
0.00293541
0.00315897
0.00876965
0.00533166
0.0582407
0.00235654
0.00351779
0.000943478
0.000992133
0.0129292
0.00529636
0.0481747
0.0287415
0.0112535
0.00565586
0.00277231
0.0158598
0.0125429
0.00534852
0.00770664
0.0357805
0.0289213
0.00493544
0.00120844
0.00624398
0.0345447
0.00538226
0.0268184
0.0210013
0.0302359
0.00227176
0.0022904
0.0553035
0.017498
0.0283096
0.00702515
0.00115782
0.0213741
0.0263457
0.0358956
0.00308102
0.00708472
0.0421211
0.00641204
0.0280632
0.0162173
0.0068694
0.00444708
0.0336581
0.029058
0.00234759
0.0176663
0.0218711
0.00355329
0.003356
0.00184119
0.00494893
0.00594851
0.00609565
0.0106251
0.00240528
0.0303916
0.0376712
0.0316935
0.0241066
0.00552887
0.026571
0.00342849
0.0135816
0.0306527
0.0341661
0.0237437
0.0146074
0.0289977
0.0128465
0.00387801
0.00233007
0.0267875
0.0339699
0.0343297
0.00775117
0.00182131
0.0158623
0.00507781
0.0352429
0.016816
0.000946265
0.0297044
0.00280718
0.0153736
0.00607395
0.00360706
0.0150427
0.00538839
0.0301418
0.0211497
0.00543163
0.00293697
0.00513854
0.00391696
0.00315181
0.0118331
0.036474
0.023061
0.000603736
0.00442196
0.00313046
0.0102644
0.0235186
0.0222756
0.0279877
0.024571
0.00118346
0.0119421
0.00277731
0.00477256
0.0198964
0.00363689
0.0147896
0.00328976
0.00441359
0.0240966
0.0127682
0.0445653
0.0269839
0.0362044
0.00662093
0.0286293
0.0278245
0.0203279
0.0138958
0.0242584
0.014881
0.0447464
0.00197774
0.0113655
0.00907633
0.00295897
0.0389397
0.0191965
0.00439883
0.0202092
0.00190975
0.0519268
0.0180912
0.0176476
0.0262298
0.0410201
0.0194256
0.034284
0.027774
0.00421356
0.00824732
0.0241463
0.00707637
0.00756785
0.0246583
0.00273205
0.0326517
0.0169171
0.00362673
0.0314717
0.00450735
0.0386862
0.00327604
0.0379846
0.00292554
0.0083882
0.00337616
0.0287467
0.0680377
0.00362658
0.0120674
0.0149092
0.0126544
0.0165469
0.014203
0.00167974
0.0255207
0.0452532
0.00156197
0.0451083
0.0325445
0.0101247
0.0373313
0.00213104
0.00485816
0.0181295
0.00433636
0.0460351
0.0326604
0.00936608
0.0181032
0.0186787
0.032326
0.0467699
0.0264807
0.00406011
0.00370876
0.025273
0.00139341
0.0187391
0.00289146
0.0474972
0.00352551
0.0290892
0.017505
0.0300426
0.00159133
0.00224817
0.0332523
0.0417985
0.0311711
0.00569912
0.0219421
0.0246303
0.0290046
0.00562967
0.042647
0.00196112
0.0424968
0.00785654
0.0224563
0.0282738
0.00134147
0.0321208
0.0339644
0.0222077
0.0259485
0.00207245
0.0178713
0.0127857
0.00835113
0.00262903
0.000824508
0.0311004
0.0285457
0.0244715
0.0395605
0.00519053
0.000957691
0.0145617
0.00153065
0.0508581
0.00278741
0.00181222
0.018343
0.0100424
0.00306441
0.0171516
0.0206808
0.0169375
0.00177779
0.0119215
0.00274559
0.0254378
0.0313482
0.00125617
0.00371236
0.0225284
0.0114656
0.0170082
0.0353338
0.00260316
0.0230697
0.0205359
0.0288355
0.000899126
0.00364517
0.0161653
0.00161136
0.0174393
0.00182973
0.000876043
0.00220777
0.00293076
0.00157882
0.00358512
0.022571
0.00734237
0.00600533
0.00200132
0.0129327
0.00430082
0.0324571
0.00839697
0.0202931
0.0200324
0.00468385
0.00173443
0.00721111
0.0453367
0.0155634
0.0352694
0.00574651
0.0450693
0.0255114
0.0214043
0.00220365
0.036317
0.00246596
0.00208094
0.0196269
0.0331116
0.00495772
0.00639881
0.0447465
0.0180104
0.00211761
0.0190372
0.00140619
0.0107207
0.00243063
0.00443964
0.0202084
0.0314146
0.00114513
0.00313858
0.00334669
0.00208745
0.00573138
0.0232973
0.0195625
0.04732
0.0214966
0.00945431
0.0114741
0.0105002
0.00386162
0.0338184
0.0147398
0.0362708
0.0128523
0.00486788
0.00192724
0.00299201
0.0086342
0.0162229
0.0192796
0.059857
0.0359156
0.0307932
0.00509263
0.0049907
0.00172476
0.00650658
0.0492353
0.00252274
0.0238296
0.00326675
0.00259184
0.018777
0.0468233
0.0495369
0.00417072
0.0323065
0.00210591
0.0266608
0.0230163
0.0278795
0.0254366
0.0351902
0.00643685
0.0223494
0.0335468
0.00322872
0.0162131
0.00376885
0.047342
0.0190023
0.0153208
0.00431948
0.0041017
0.00259232
0.0314015
0.00460779
0.00273111
0.00528808
0.0447097
0.0281781
0.003338
0.0373566
0.0193296
0.00748624
0.00673871
0.00367985
0.00646861
0.0267325
0.00233625
0.002293
0.00597289
0.0166531
0.00340356
0.0182175
0.00257141
0.00364667
0.00597017
0.0237036
0.00150541
0.0166041
0.0362216
0.0376029
0.0434489
0.00975876
0.00387414
0.0220165
0.013228
0.0148594
0.050816
0.006215
0.00729675
0.016212
0.0387577
0.0197964
0.0437458
0.0246214
0.0124032
0.0259476
0.00251989
0.0243332
0.00821626
0.0314768
0.0255186
0.0270444
0.00597352
0.00488909
0.00139878
0.0134719
0.00849775
0.0281433
0.041522
0.0251969
0.0153031
0.0456623
0.0383079
0.0354324
0.00422292
0.0354943
0.031785
0.0120234
0.00147949
0.0122279
0.0229463
0.00364345
0.00772699
0.0499023
0.000704189
0.0161833
0.00314655
0.0237898
0.00875316
0.0505845
0.0343818
0.03253
0.00249191
0.0242136
0.0248622
0.00106625
0.00402461
0.00420881
0.0177602
0.0258966
0.00454349
0.00936819
0.00642994
0.00164174
0.0222362
0.00193372
0.00237779
0.0400392
0.0372454
0.0348845
0.0399537
0.014069
0.00209743
0.0294711
0.0187255
0.00323252
0.0195953
0.0368254
0.00617146
0.0222014
0.0217124
0.0814222
0.0543532
0.012512
0.0342519
0.0014394
0.0232831
0.0427638
0.0031782
0.0426431
0.00148281
0.0141232
0.0218285
0.013026
0.0251745
0.0648618
0.0202945
0.00203812
0.0139368
0.00960893
0.0111904
0.0485585
0.00304509
0.00391887
0.0185243
0.0257789
0.0196414
0.0333424
0.0365544
0.00884335
0.0180826
0.0245715
0.0202124
0.0220169
0.0182066
0.023273
0.0265836
0.00094585
0.023833
0.00703075
0.0322161
0.00234122
0.0255601
0.0175489
0.00222102
0.00189225
0.0184986
0.013577
0.0208648
0.0065594
0.0237028
0.00507644
0.0129984
0.018018
0.0432179
0.0184362
0.00429657
0.00239948
0.00329374
0.0414932
0.0212009
0.0031763
0.0133322
0.0480725
0.044394
0.00498764
0.0431661
0.0243024
0.0204016
0.0226749
0.0179471
0.00129105
0.00467335
0.0288333
0.039953
0.0387995
0.0425171
0.00208767
0.0172893
0.000721317
0.0227604
0.00238185
0.00393497
0.00993256
0.00512581
0.00805701
0.0557388
0.003344
0.0337098
0.00806239
0.0526012
0.00431762
0.00515729
0.0334302
0.0124847
0.00709621
0.035328
0.0428275
0.0131009
0.00207475
0.00343559
0.0264631
0.019381
0.0516204
0.0177706
0.0117788
0.0116061
0.0398246
0.0235835
0.03643
0.0136888
0.00197591
0.0201872
0.0103601
0.0388265
0.0071368
0.0287953
0.03034
0.000222357
0.0271135
0.0324593
0.0303964
0.0486067
0.0240636
0.0426899
0.00498513
0.0175238
0.0246693
0.00272903
0.00722192
0.0299402
0.00993647
0.00559017
0.0137875
0.0625964
0.00363859
0.00701112
0.0043926
0.026564
0.00569639
0.00234097
0.0163094
0.00125845
0.00186351
0.0149038
0.0369939
0.0305655
0.0312168
0.0345643
0.00237281
0.00399596
0.0553831
0.019184
0.00374308
0.0282901
0.0370132
0.00116218
0.0182076
0.00380988
0.000549188
0.0257909
0.0195216
0.000942052
0.0467106
0.00655859
0.0335072
0.0044294
0.0338792
0.0021035
0.00925764
0.0302318
0.0322963
0.0376256
0.0345547
0.00343831
0.00384468
0.0205081
0.0152453
0.0373624
0.0334705
0.00387563
0.0129045
0.0300003
0.0236097
0.0285803
0.0136254
0.029237
0.0108144
0.0164255
0.0022139
0.0256063
0.0558408
0.025803
0.0644183
0.00344233
0.0476254
0.0208771
0.00553295
0.0343674
0.0456772
0.0385615
0.0203185
0.00333543
0.00184991
0.0519932
0.00204366
0.00326759
0.00416588
0.00599475
0.00495502
0.0310269
0.00132339
0.043618
0.00387822
0.0249097
0.0336195
0.0271797
0.011764
0.00415427
0.00984093
0.00585062
0.00179475
0.0377466
0.0396712
0.0624155
0.0381653
0.00223671
0.0305415
0.0209202
0.0411236
0.0108465
0.0180071
0.0418061
0.014239
0.00271064
0.00227941
0.0199645
0.0432674
0.0327321
0.00188511
0.026335
0.00125509
0.0164252
0.0135411
0.0388313
0.00426417
0.0386391
0.0614196
0.0242151
0.0224447
0.00244892
0.0263104
0.00467955
0.00358524
0.0364957
0.04249
0.0340905
0.0346977
0.00246247
0.00374414
0.02546
0.00321354
0.00175472
0.00646108
0.00450981
0.00319718
0.0191253
0.02393
0.00857254
0.0189982
0.00609583
0.00553289
0.02992
0.0192785
0.0197769
0.0205653
0.0530287
0.00187108
0.00152866
0.0263385
0.0481432
0.00540163
0.00216234
0.00680198
0.00249647
0.0371095
0.0376402
0.0132617
0.00175401
0.00323133
0.00503963
0.0267292
0.0328148
0.0066845
0.00164284
0.0312405
0.00365447
0.0337926
0.00477688
0.0030085
0.0217379
0.00879752
0.00185326
0.00379642
0.00459308
0.000881571
0.0467553
0.00215459
0.0113097
0.00312855
0.0342149
0.00697069
0.0254957
0.0191446
0.00342516
0.0233514
0.0226282
0.0264405
0.0230363
0.0150774
0.0338563
0.0117551
0.00171864
0.00246802
0.0393119
0.0121792
0.0132039
0.0156858
0.0150273
0.00372733
0.0312018
0.041913
0.0609694
0.00102345
0.0167606
0.0275773
0.0162638
0.017342
0.0125876
0.0216794
0.00751538
0.0353832
0.0657936
0.00181792
0.000729355
0.0165637
0.0052872
0.00283726
0.00471232
0.0193258
0.00350369
0.0163462
0.0141008
0.0283191
0.0245055
0.0351313
0.0390801
0.0464703
0.0320929
0.00279417
0.0144728
0.00179867
0.010917
0.0315251
0.00266545
0.00212516
0.00471756
0.0176665
0.00321613
0.0189516
0.0211076
0.0372308
0.00343221
0.00259878
0.0207388
0.00768527
0.0370369
0.00317307
0.0168061
0.048878
0.0189292
0.0311552
0.0108047
0.00274372
0.00245583
0.0376684
0.0176517
0.00561706
0.0431576
0.0265798
0.00691976
0.0513318
0.0179436
0.0355298
0.0269666
0.00307797
0.00959536
0.00362204
0.0119963
0.00475699
0.00350769
0.0079436
0.0123344
0.00191844
0.00174983
0.00372462
0.0124498
0.00496515
0.0283125
0.00388754
0.000927288
0.00145202
0.0144675
0.0387824
0.00602652
0.0437096
0.0148228
0.0431354
0.00277163
0.0180467
0.0376088
0.0143854
0.00814718
0.026184
0.00846542
0.00434464
0.0318234
0.00594793
0.0030836
0.0211442
0.0117466
0.00370979
0.0302925
0.00275942
0.035669
0.00391108
0.0369408
0.00216506
0.031794
0.00256415
0.00264371
0.0180142
0.00393008
0.00295286
0.0441832
0.0157826
0.0252305
0.070243
0.00505274
0.00168372
0.0028674
0.0249813
0.0144104
0.00467535
0.0220665
0.00703667
0.0170306
0.0303293
0.0224704
0.00696009
0.0359562
0.0202475
0.0110018
0.00767031
0.00385729
0.000935776
0.0192924
0.00550241
0.00399844
0.00982098
0.0214215
0.00153652
0.0330327
0.00152116
0.00313078
0.0135522
0.0329269
0.0121212
0.0241038
0.0191881
0.0154544
0.0141349
0.0185861
0.0271256
0.00321105
0.0602868
0.0062107
0.00543124
0.00870323
0.0245504
0.00256928
0.00205145
0.00206397
0.0385803
0.0193982
0.0275709
0.023869
0.00273994
0.00184633
0.00638022
0.00412076
0.0100581
0.00498573
0.00193377
0.00136278
0.00430242
0.019586
0.0429695
0.0168044
0.0105405
0.0507738
0.0014368
0.00632897
0.000723536
0.0354031
0.0120249
0.0281567
0.0244081
0.00104409
0.00450914
0.00183732
0.0325626
0.047749
0.0216146
0.00367313
0.00341831
0.00539739
0.0029607
0.0304034
0.00314526
0.0478272
0.00579113
0.0208387
0.024098
0.0366749
0.00756796
0.0332522
0.00275244
0.00530626
0.00214158
0.0199766
0.00178186
0.0375849
0.00103761
0.0125724
0.00385295
0.0229304
0.0292907
0.026491
0.00878475
0.00861159
0.0330215
0.00641663
0.0299697
0.0334727
0.0257668
0.0213023
0.0384232
0.00198739
0.00253069
0.0266388
0.0265794
0.00507991
0.0381864
0.00972272
0.0089398
0.00208569
0.0296613
0.0348867
0.0352529
0.0215791
0.0143117
0.00415419
0.0229579
0.0342118
0.00308511
0.0038623
0.0275
0.00644585
0.0183378
0.027101
0.00299219
0.0193241
0.03081
0.00248675
0.0458241
0.014397
0.0150181
0.00525215
0.0238218
0.0229885
0.0219055
0.0319591
0.0150236
0.00187245
0.0226481
0.0255949
0.00125195
0.026659
