0.0560315
0.140834
0.125353
0.059607
0.104572
0.225676
0.0695088
0.0946894
0.0807142
0.140622
0.0944517
0.101035
0.187272
0.0940455
0.0930358
0.140048
0.163359
0.202023
0.089572
0.166992
0.144104
0.0709051
0.256327
0.159579
0.159622
0.152907
0.285274
0.207404
0.104362
0.0538352
0.0744587
0.0834053
0.100464
0.0806674
0.0565254
0.180893
0.122743
0.10084
0.138073
0.116136
0.171273
0.31078
0.124284
0.176863
0.0800755
0.205433
0.0908879
0.187893
0.113789
0.057929
0.120446
0.128293
0.0812911
0.0885626
0.157777
0.172591
0.0952811
0.187148
0.128796
0.152268
0.130065
0.0572151
0.144919
0.0657865
0.103757
0.157401
0.176943
0.143932
0.160065
0.152153
0.0921281
0.120017
0.224101
0.0552542
0.0791543
0.140453
0.219439
0.163052
0.217471
0.136539
0.135155
0.131445
0.0951826
0.0865675
0.161909
0.187974
0.128309
0.144164
0.118933
0.061171
0.205533
0.120059
0.157096
0.115462
0.100467
0.203644
0.106209
0.106308
0.3896
0.123756
0.201225
0.171651
0.21439
0.0677051
0.0922167
0.228394
0.0794951
0.238195
0.134747
0.109911
0.200419
0.0956425
0.100614
0.192651
0.101645
0.142949
0.0789841
0.423827
0.0922849
0.0613747
0.0935482
0.0632244
0.0942422
0.0921136
0.055962
0.0495017
0.109656
0.187867
0.148619
0.164049
0.177307
0.136755
0.135263
0.216953
0.0379385
0.167651
0.14639
0.141979
0.0976776
0.0966957
0.148923
0.0878668
0.120726
0.0701597
0.12217
0.210203
0.149206
0.136267
0.127716
0.0950551
0.0519374
0.0471924
0.141212
0.138714
0.07237
0.158265
0.105117
0.0656319
0.0892022
0.102905
0.049341
0.185673
0.124563
0.144788
0.0991829
0.136381
0.136516
0.16237
0.149842
0.151803
0.140939
0.199202
0.130479
0.0711252
0.233237
0.129108
0.274556
0.0712002
0.0729831
0.0858412
0.0606771
0.154018
0.111745
0.10647
0.116581
0.0909498
0.286818
0.116188
0.0532443
0.133129
0.166947
0.0779839
0.160061
0.0661495
0.12553
0.0663871
0.174408
0.218666
0.159176
0.0545952
0.338073
0.191616
0.22815
0.148674
0.156922
0.141229
0.152816
0.190662
0.139764
0.0611468
0.0987442
0.111633
0.0845664
0.104
0.162352
0.16067
0.150101
0.132067
0.0669662
0.0585122
0.143508
0.153965
0.140079
0.128827
0.0612753
0.0760167
0.0756241
0.0718121
0.233524
0.0673465
0.144328
0.117187
0.226777
0.116996
0.158165
0.158822
0.0670601
0.133493
0.167894
0.0430567
0.0377802
0.0952746
0.075284
0.165176
0.0713834
0.104401
0.180754
0.129261
0.222278
0.100785
0.280334
0.156668
0.268874
0.130518
0.144306
0.134851
0.0846793
0.137675
0.177726
0.157402
0.140282
0.14126
0.126009
0.204983
0.0777516
0.100739
0.0974405
0.105872
0.093267
0.120209
0.130392
0.136506
0.0572269
0.103217
0.160942
0.156382
0.0876009
0.0806245
0.0690055
0.289655
0.18228
0.0795084
0.0928116
0.0688206
0.0687218
0.122029
0.184204
0.146071
0.0669254
0.168802
0.110116
0.0806387
0.0363667
0.148937
0.130541
0.0453064
0.0582231
0.131462
0.135277
0.0817701
0.0723889
0.0872256
0.0397134
0.0870635
0.0976452
0.13823
0.0831815
0.162159
0.124047
0.151722
0.182255
0.0640464
0.17598
0.0696932
0.143833
0.08013
0.150567
0.140736
0.130122
0.165609
0.174853
0.103452
0.0515822
0.0625692
0.0982113
0.139098
0.152612
0.0644391
0.239066
0.0772929
0.187647
0.205785
0.138424
0.154561
0.171359
0.0991916
0.0905904
0.0901363
0.105386
0.107011
0.0920541
0.123732
0.141936
0.0463374
0.101299
0.121609
0.357339
0.0498843
0.170812
0.171831
0.143106
0.0520035
0.0978457
0.169329
0.113311
0.135725
0.214889
0.0495297
0.162422
0.221249
0.0672853
0.169871
0.155721
0.116545
0.130222
0.0835677
0.065971
0.126742
0.157113
0.101537
0.076833
0.0805133
0.211642
0.0958925
0.153438
0.241545
0.119828
0.230197
0.0923344
0.102729
0.31018
0.122806
0.162464
0.13942
0.120239
0.181369
0.0591849
0.0942243
0.411942
0.108165
0.0828726
0.163662
0.0807894
0.121846
0.138213
0.121157
0.097525
0.0500401
0.154985
0.159324
0.138313
0.165639
0.288264
0.0947903
0.262296
0.0497429
0.309142
0.222583
0.128636
0.0773181
0.0638033
0.100279
0.0893182
0.0540638
0.0763878
0.0887328
0.120601
0.0923482
0.133894
0.183923
0.0995942
0.245571
0.12991
0.136004
0.143347
0.305273
0.127182
0.0994265
0.129898
0.118764
0.0862423
0.0599307
0.191199
0.139854
0.0816223
0.0713482
0.0765401
0.122693
0.223388
0.185321
0.159064
0.0743013
0.145372
0.0919015
0.117002
0.408883
0.0956271
0.204266
0.211262
0.304783
0.192555
0.0647816
0.143286
0.105785
0.263414
0.0951056
0.12455
0.270368
0.178637
0.149154
0.116317
0.0765346
0.135649
0.129339
0.0747168
0.0976444
0.232243
0.0740642
0.140583
0.18328
0.101941
0.063644
0.0916818
0.068898
0.151753
0.121444
0.193005
0.115743
0.108165
0.119157
0.173462
0.159289
0.0609141
0.207762
0.130648
0.142722
0.101678
0.104175
0.144995
0.125994
0.150505
0.146479
0.182953
0.0972309
0.136932
0.384375
0.177318
0.12942
0.0568937
0.128728
0.0394094
0.0888859
0.0624984
0.0669354
0.101642
0.0707472
0.109974
0.0877964
0.110987
0.0758972
0.104437
0.121191
0.115419
0.109342
0.120594
0.0537657
0.064022
0.351169
0.100155
0.142374
0.30867
0.176938
0.137239
0.2387
0.152424
0.117855
0.0721344
0.0419766
0.0998352
0.0869336
0.0862702
0.112713
0.202007
0.183052
0.1034
0.0945846
0.0734979
0.0738916
0.13747
0.0734777
0.124939
0.104936
0.223054
0.123389
0.142788
0.173592
0.0483845
0.120967
0.121306
0.144159
0.194434
0.074719
0.0995813
0.0767456
0.335741
0.137513
0.26505
0.140737
0.0933117
0.037813
0.0149101
0.0991995
0.0523828
0.108188
0.258322
0.232625
0.155491
0.0639758
0.198046
0.10926
0.0864021
0.121672
0.125758
0.0941863
0.0786876
0.144973
0.0953095
0.125845
0.0648677
0.123856
0.0682761
0.119975
0.0711748
0.10284
0.180548
0.15887
0.341886
0.0624811
0.0948261
0.245063
0.132873
0.130601
0.0852555
0.0805125
0.246478
0.198573
0.18157
0.130396
0.227128
0.150737
0.0974949
0.166364
0.101277
0.152533
0.17605
0.0736388
0.0898796
0.139286
0.175169
0.114392
0.104236
0.140062
0.174157
0.134953
0.119229
0.10538
0.0861931
0.0975476
0.136879
0.197591
0.174745
0.11093
0.0944554
0.125637
0.181274
0.136871
0.146535
0.106129
0.166716
0.125243
0.126161
0.128326
0.0869507
0.136025
0.148155
0.0860116
0.0968328
0.0846879
0.0716356
0.16978
0.13063
0.208045
0.147601
0.0833026
0.0841397
0.157443
0.174484
0.107008
0.117777
0.0539992
0.109282
0.106277
0.0641427
0.0833017
0.100995
0.129613
0.106609
0.0623124
0.0802071
0.099334
0.116387
0.176806
0.148651
0.0833872
0.11311
0.143925
0.0854101
0.125966
0.175798
0.166076
0.082754
0.131245
0.143271
0.111975
0.14538
0.15502
0.131528
0.0820585
0.100131
0.100665
0.161223
0.131069
0.0445145
0.12221
0.0803887
0.154757
0.152608
0.0598184
0.179581
0.280643
0.105838
0.128536
0.107169
0.0985878
0.152537
0.100505
0.131199
0.0791459
0.119635
0.194708
0.184762
0.180205
0.298332
0.137727
0.104281
0.0490199
0.0908085
0.11341
0.216749
0.19917
0.159869
0.0959928
0.249382
0.136371
0.153414
0.123446
0.209394
0.158415
0.129806
0.0672495
0.103416
0.217435
0.188911
0.143272
0.0967412
0.0951042
0.0636809
0.112363
0.169615
0.311335
0.127763
0.156564
0.359484
0.150357
0.151269
0.118454
0.179593
0.117285
0.204673
0.183479
0.190277
0.126053
0.0770159
0.0598304
0.127467
0.187164
0.178643
0.101981
0.0791146
0.0827255
0.140873
0.168715
0.197316
0.0917138
0.142789
0.107367
0.0994794
0.173673
0.10602
0.0940164
0.0497209
0.19831
0.135599
0.0611699
0.148486
0.200309
0.16287
0.105174
0.192224
0.178091
0.0801984
0.211143
0.0991087
0.0775444
0.125763
0.0567491
0.128683
0.144009
0.0791725
0.0666651
0.193304
0.1686
0.126168
0.193098
0.0543377
0.147484
0.0895248
0.247731
0.410666
0.079064
0.104388
0.104758
0.175732
0.057764
0.128148
0.0778853
0.376223
0.0813731
0.261597
0.152534
0.208179
0.0588934
0.139004
0.0754961
0.119212
0.135642
0.121581
0.220597
0.144149
0.0914136
0.250309
0.0660172
0.174359
0.153104
0.114501
0.0705737
0.0848147
0.0949224
0.12319
0.164039
0.0863951
0.0693995
0.123924
0.108905
0.0932243
0.057649
0.109761
0.102282
0.120814
0.11729
0.0525571
0.0459687
0.102859
0.106824
0.135182
0.113033
0.172685
0.142096
0.187322
0.0875597
0.0909487
0.0782592
0.169037
0.0933094
0.162274
0.173946
0.134341
0.0871646
0.158457
0.116467
0.0238774
0.501318
0.0983109
0.0813975
0.110926
0.185705
0.0847253
0.144126
0.133724
0.0805783
0.0759062
0.170539
0.12926
0.111194
0.157558
0.100542
0.147722
0.0640643
0.111295
0.087718
0.0966351
0.0969003
0.113116
0.117673
0.124135
0.0922797
0.0971136
0.0505655
0.0880916
0.0823852
0.0871629
0.20027
0.0816984
0.129216
0.0910297
0.101725
0.0797786
0.385701
0.0357076
0.164283
0.130674
0.132186
0.105299
0.158
0.156661
0.208993
0.173365
0.1345
0.234695
0.113448
0.103788
0.0623152
0.0599339
0.178939
0.0829038
0.127093
0.0838224
0.320258
0.125464
0.14953
0.109908
0.115675
0.117867
0.0995734
0.183549
0.24314
0.100877
0.127641
0.145591
0.0539864
0.151972
0.127876
0.151449
0.0812472
0.0930102
0.188789
0.0504742
0.145807
0.136234
0.0967667
0.170952
0.0713065
0.0977707
0.0965443
0.0984151
0.0869148
0.039066
0.0881785
0.0947743
0.185462
0.0924613
0.152475
0.124872
0.209461
0.144648
0.0958235
0.0442337
0.0761796
0.0971745
0.153157
0.152366
0.0635739
0.0291203
0.0621707
0.0887713
0.0929354
0.162592
0.117873
0.109105
0.161586
0.141681
0.162974
0.0886805
0.114454
0.194749
0.123682
0.136821
0.0858964
0.151756
0.0884826
0.0921067
0.0840543
0.104722
0.135604
0.158096
0.12493
0.322396
0.0962054
0.0839733
0.0964885
0.0364248
0.0614639
0.0594314
0.0742735
0.163092
0.0911911
0.105185
0.170174
0.112449
0.0671931
0.0941983
0.0247662
0.143298
0.110901
0.20576
0.143245
0.0548193
0.0776503
0.0900114
0.228961
0.142009
0.205672
0.160536
0.12534
0.143775
0.161121
0.103487
0.182615
0.128045
0.147369
0.123109
0.138608
0.109893
0.196093
0.0857109
0.0979041
0.140145
0.129878
0.113193
0.157199
0.0799568
0.116932
0.0945995
0.195378
0.0696578
0.0926954
0.2166
0.119005
0.340107
0.108912
0.13371
0.180937
0.173833
0.127348
0.0919468
0.134942
0.0754299
0.139099
0.158234
0.063856
0.1112
0.10657
0.0653562
0.0404615
0.137502
0.0744591
0.209195
0.130594
0.115859
0.0680156
0.116791
0.0824704
0.0946366
0.0710046
0.0663887
0.139924
0.188965
0.18759
0.170634
0.0547184
0.179601
0.0795287
0.0646626
0.0844556
0.250181
0.0446975
0.128891
0.145398
0.101883
0.0995833
0.237418
0.177862
0.164732
0.0575144
0.0828332
0.0683333
0.113
0.181258
0.129165
0.157837
0.0746863
0.228051
0.0985028
0.144516
0.19357
0.0799353
0.236377
0.089774
0.147502
0.259523
0.11624
0.0769344
0.567928
0.163463
0.0478235
0.0752587
0.156768
0.0453315
0.159085
0.253597
0.206265
0.209584
0.154616
0.0816874
0.104421
0.0431528
0.0986137
0.14578
0.0918039
0.0849603
0.22023
0.151439
0.0618971
0.147723
0.162268
0.109454
0.0781324
0.163552
0.22624
0.173802
0.0771009
0.123526
0.0822351
0.103737
0.136472
0.120099
0.326178
0.120307
0.0734459
0.137897
0.079549
0.165407
0.166896
0.107824
0.142307
0.176001
0.168339
0.182057
0.325159
0.149808
0.0859676
0.060822
0.147486
0.122815
0.097886
0.174512
0.500627
0.131747
0.0470446
0.149547
0.105147
0.0998687
0.103238
0.185748
0.118525
0.136072
0.13103
0.0689226
0.0990912
0.107421
0.0993989
0.180309
0.114172
0.122651
0.139483
0.131706
0.105583
0.0577568
0.103131
0.1254
0.103385
0.157361
0.125703
0.209848
0.162774
0.107779
0.11185
0.179577
0.110732
0.211587
0.126812
0.112684
0.129504
0.101538
0.124218
0.1681
0.0626154
0.0609187
0.142795
0.238232
0.113224
0.0437524
0.194342
0.133381
0.135518
0.140374
0.11817
0.123827
0.138204
0.258983
0.0828121
0.041455
0.158547
0.0901113
0.154968
0.0660517
0.255545
0.145037
0.192167
0.139322
0.146691
0.0812671
0.20122
0.20437
0.0800487
0.21088
0.290021
0.103526
0.147377
0.0936051
0.128351
0.195777
0.113885
0.103317
0.0562667
0.140617
0.105358
0.0679609
0.14291
0.102546
0.219821
0.0839572
0.0884564
0.0559115
0.132881
0.0807283
0.131623
0.118338
0.173651
0.113001
0.146393
0.113646
0.113479
0.151155
0.0696279
0.0925246
0.137431
0.0769553
0.14918
0.0561897
0.313716
0.135463
0.134217
0.104519
0.05759
0.0932092
0.163009
0.0971932
0.0843625
0.137858
0.467074
0.117069
0.176851
0.143507
0.115223
0.119121
0.0827428
0.121871
0.257142
0.133812
0.0947091
0.165816
0.137516
0.141969
0.0931105
0.126606
0.0408719
0.148669
0.16827
0.222354
0.090008
0.0494882
0.0584196
0.107324
0.0997348
0.129736
0.0799436
0.10015
0.0649281
0.113356
0.0856728
0.205813
0.44536
0.201306
0.0900979
0.0671467
0.0905591
0.176383
0.111754
0.136521
0.13439
0.164726
0.13442
0.152352
0.191431
0.243916
0.115167
0.215265
0.314961
0.103279
0.0993506
0.0743217
0.143456
0.0597371
0.167695
0.122491
0.103204
0.1189
0.0630835
0.109397
0.0477103
0.168903
0.196679
0.327334
0.0993537
0.0423796
0.16575
0.113562
0.0993469
0.144574
0.143872
0.115652
0.113654
0.0770229
0.0929447
0.0651294
0.0598742
0.17907
0.0715934
0.148143
0.0933902
0.159858
0.108225
0.133616
0.0695529
0.184827
0.108191
0.151707
0.0545712
0.0806857
0.138268
0.0487315
0.1518
0.0812033
0.170275
0.133704
0.13245
0.141908
0.122117
0.0882647
0.133311
0.15738
0.142578
0.068351
0.307276
0.0316555
0.189641
0.294041
0.163156
0.145184
0.114933
0.124817
0.0968886
0.0815869
0.132097
0.146353
0.222463
0.0324722
0.186731
0.0263003
0.094454
0.0698026
0.284916
0.0969722
0.0615252
0.101362
0.130881
0.150561
0.0345351
0.124946
0.169886
0.120166
0.106169
0.101858
0.130628
0.108602
0.154734
0.113435
0.0631251
0.127801
0.16172
0.201837
0.0886579
0.0552848
0.123787
0.140384
0.269805
0.100327
0.0501241
0.121096
0.103251
0.127045
0.115516
0.0620799
0.0944023
0.148959
0.0881661
0.165191
0.135082
0.0868306
0.111381
0.120831
0.127774
0.172234
0.194387
0.187219
0.165549
0.0822967
0.0949089
0.0985708
0.430708
0.0522706
0.194502
0.168113
0.138679
0.0607799
0.0743247
0.221871
0.0715456
0.152479
0.138425
0.135358
0.127131
0.0506282
0.0272254
0.0877456
0.122591
0.145151
0.184146
0.0815002
0.0953249
0.255808
0.105265
0.104328
0.0921841
0.168043
0.0702769
0.120357
0.197439
0.112512
0.244918
0.113272
0.149908
0.152312
0.0804507
0.111102
0.112879
0.209481
0.202826
0.0863073
0.162559
0.221864
0.0713164
0.143201
0.127099
0.0588205
0.0925023
0.0906402
0.138312
0.138738
0.162306
0.0889192
0.0282523
0.125521
0.209414
0.0844299
0.0639186
0.0920627
0.152257
0.100306
0.0698041
0.0477985
0.124729
0.205325
0.178265
0.159339
0.0338595
0.0781748
0.0596338
0.149436
0.0561848
0.112507
0.159411
0.0736564
0.0907303
0.105565
0.117985
0.128131
0.125837
0.213989
0.121156
0.0560893
0.164655
0.0792976
0.165689
0.313567
0.129066
0.162108
0.193323
0.112925
0.0548972
0.105981
0.080815
0.132402
0.0430722
0.392051
0.0802408
0.182708
0.139596
0.100746
0.130962
0.0644689
0.103208
0.0669708
0.127382
0.354884
0.223452
0.142668
0.095451
0.0853445
0.11938
0.0363848
0.246323
0.0815843
0.0762116
0.161869
0.0932794
0.0814535
0.117584
0.0483397
0.0885789
0.152529
0.0892159
0.148956
0.132465
0.122548
0.138206
0.129321
0.126387
0.13941
0.0652937
0.0671058
0.14605
0.11176
0.0545202
0.0605996
0.139585
0.0772281
0.150352
0.0790021
0.184304
0.139002
0.123014
0.149588
0.207891
0.121119
0.138265
0.13553
0.0758246
0.111281
0.290696
0.0890143
0.155798
0.218365
0.236826
0.15421
0.10451
0.106242
0.137315
0.129757
0.182238
0.158239
0.14112
0.0911865
0.139421
0.0481134
0.118726
0.117405
0.226759
0.112186
0.12115
0.28667
0.168614
0.0569486
0.154249
0.0942745
0.120594
0.373358
0.127592
0.122459
0.142915
0.0718809
0.0711094
0.234644
0.169531
0.0983447
0.151132
0.100525
0.0971804
0.161741
0.140611
0.0804384
0.0579511
0.0967577
0.0896575
0.109619
0.178562
0.137277
0.143395
0.037467
0.160816
0.0839718
0.0656494
0.068264
0.210437
0.1748
0.0731754
0.107297
0.170097
0.145486
0.094588
0.164637
0.105378
0.0961822
0.127207
0.146373
0.0341484
0.386612
0.126826
0.438054
0.147185
0.124603
0.0859051
0.209523
0.0548316
0.21515
0.137331
0.135594
0.0939912
0.172575
0.425621
0.118117
0.106378
0.100205
0.0722718
0.161805
0.0989073
0.108477
0.135476
0.0647062
0.0993736
0.153852
0.0485753
0.138328
0.0918437
0.0547537
0.150658
0.175521
0.141905
0.0469356
0.136468
0.0451461
0.248814
0.0930265
0.160245
0.0722985
0.138172
0.0399675
0.0645302
0.119128
0.0439991
0.102283
0.0902231
0.148072
0.0966857
0.152576
0.085678
0.0899488
0.176615
0.193705
0.111795
0.0650794
0.0770667
0.147549
0.177792
0.153727
0.0457574
0.065594
0.146404
0.151032
0.141412
0.125511
0.100909
0.0758604
0.0970593
0.128825
0.208841
0.142879
0.110658
0.141483
0.0667053
0.12275
0.101837
0.0967802
0.156409
0.151906
0.123396
0.0398848
0.132349
0.192821
0.263071
0.136642
0.0547098
0.048704
0.119924
0.0677949
0.160315
0.151342
0.0835882
0.179445
0.159941
0.110603
0.0918926
0.119291
0.135706
0.0765347
0.0943018
0.1025
0.0708005
0.191876
0.116138
0.179153
0.179853
0.137196
0.0540059
0.188702
0.0975487
0.0965392
0.16643
0.146406
0.104965
0.0445758
0.0651497
0.08138
0.207719
0.317764
0.0574499
0.124442
0.145577
0.0853641
0.0286325
0.113225
0.0602789
0.314944
0.19928
0.0688194
0.107267
0.0664816
0.170259
0.146785
0.109598
0.185722
0.184093
0.104496
0.0711368
0.122613
0.0954723
0.116919
0.117654
0.0934568
0.195316
0.120854
0.0911455
0.12644
0.105426
0.117093
0.0678696
0.100406
0.102588
0.0845743
0.188159
0.0753824
0.142198
0.0900972
0.0651325
0.10554
0.123687
0.148844
0.130796
0.111251
0.201007
0.0960775
0.275943
0.0829939
0.191231
0.411268
0.0967393
0.118976
0.0738341
0.271935
0.138427
0.110887
0.174016
0.111867
0.15468
0.0917514
0.379385
0.109201
0.125589
0.131229
0.11494
0.176291
0.291511
0.171449
0.0420826
0.102428
0.175154
0.109013
0.10393
0.107766
0.0603777
0.156632
0.163768
0.0287585
0.154319
0.120394
0.0713651
0.0771284
0.130938
0.352799
0.145784
0.0338072
0.153208
0.0992537
0.0660761
0.143147
0.183271
0.179603
0.151096
0.113597
0.0600606
0.142271
0.159354
0.0713871
0.154447
0.118058
0.139326
0.0599298
0.196475
0.216442
0.117382
0.0723957
0.190956
0.290719
0.0450096
0.254716
0.0954116
0.149444
0.069863
0.0873954
0.0786308
0.0657521
0.0645584
0.162486
0.0914682
0.328869
0.127408
0.140721
0.0829477
0.134641
0.12577
0.154098
0.101858
0.146866
0.0709166
0.144699
0.147585
0.343455
0.0506367
0.0772343
0.127546
0.0937623
0.134796
0.157221
0.0648481
0.186361
0.243526
0.0797152
0.176098
0.0826621
0.115708
0.0602069
0.183712
0.0677135
0.101158
0.113839
0.0824893
0.102759
0.0592421
0.103087
0.0969096
0.111013
0.111298
0.234954
0.14176
0.0601498
0.102096
0.103511
0.0584931
0.0633954
0.106415
0.151734
0.0603505
0.0955598
0.0988477
0.118672
0.0728673
0.309203
0.135477
0.104424
0.0581339
0.0651352
0.0587884
0.115742
0.0657405
0.0869218
0.12632
0.0831872
0.0479119
0.0991073
0.134228
0.127176
0.142983
0.121132
0.0584912
0.178833
0.0867994
0.0979888
0.0655401
0.279953
0.0910774
0.150794
0.0350708
0.145282
0.0895385
0.120066
0.120104
0.05043
0.0471748
0.0475325
0.1297
0.0987563
0.117709
0.221768
0.156085
0.121325
