0.0781058
0.0783173
0.0506958
0.0447003
0.0758964
0.0260621
0.0873542
0.0872493
0.0930091
0.0747592
0.03958
0.0876076
0.0800694
0.0552266
0.0753334
0.079929
0.095067
0.0490489
0.101172
0.0451772
0.0656477
0.0493193
0.0241364
0.0743323
0.0492575
0.0600176
0.0700152
0.0910278
0.0576539
0.0394426
0.0178714
0.0289161
0.035132
0.0419876
0.0439941
0.119437
0.00283387
0.0569499
0.0619297
0.0411208
0.0430032
0.0556232
0.0278507
0.0345466
0.0824939
0.00217448
0.0475901
0.0315586
0.0537243
0.0331676
0.067891
0.0374803
0.0502698
0.0595877
0.0720082
0.11892
0.0558277
0.0156788
0.0478805
0.0791279
0.0464292
0.0341199
0.122541
0.0581767
0.0716578
0.0518418
0.0710497
0.0661224
0.105722
0.0449042
0.0427134
0.0334215
0.0330459
0.0479347
0.149985
0.0264801
0.0342019
0.0631788
0.0393242
0.0431774
0.0375836
0.0475317
0.0738382
0.0392494
0.0504638
0.0525702
0.0229547
0.0656315
0.05695
0.0758199
0.047814
0.020814
0.0659952
0.0593546
0.0439317
0.0865316
0.090363
0.0932707
0.03492
0.0295603
0.0300607
0.0740994
0.0702923
0.068217
0.0404616
0.0414148
0.0309662
0.0669663
0.0391111
0.00297158
0.0298752
0.0650142
0.163259
0.0157168
0.0234925
0.0732713
0.0804694
0.104428
0.085007
0.0809231
0.0256242
0.032357
0.0226486
0.0298359
0.0423685
0.0326118
0.0399906
0.0358219
0.0843958
0.0453493
0.0396454
0.142487
0.0837644
0.0252321
0.0022231
0.0521268
0.0741136
0.0475898
0.0513852
0.0228868
0.0585721
0.036764
0.115097
0.0963019
0.0330622
0.0406605
0.0229253
0.0694601
0.0442083
0.0490868
0.0494553
0.0315004
0.0326599
0.0665578
0.00102833
0.0492234
0.0288515
0.0421196
0.0816274
0.0719835
0.0708832
0.0978272
0.0585344
0.0526942
0.121009
0.0420921
0.0423026
0.0641951
0.086744
0.0150807
0.0415874
0.0982906
0.0576164
0.0267013
0.0371676
0.0198099
0.0623808
0.135272
0.0785444
0.0177933
0.0827325
0.119689
0.104976
0.0309508
0.0698117
0.0870185
0.0766553
0.0647495
0.00434743
0.0425964
0.0384969
0.0488922
0.0262842
0.0819421
0.0792757
0.0179829
0.0383192
0.0654337
0.0560628
0.0595086
0.0617249
0.0189213
0.0660877
0.0743841
0.0322797
0.0198081
0.0744551
0.048619
0.0267681
0.0775975
0.0546423
0.0603477
0.00799133
0.017177
0.0783308
0.0301925
0.0669498
0.0757699
0.0255939
0.0236847
0.0578218
0.0785272
0.0206018
0.0521809
0.0287627
0.115123
0.0293932
0.0641841
0.0906483
0.0443536
0.0585903
0.0661251
0.0532374
0.046645
0.0431073
0.0331518
0.0380019
0.030709
0.0531574
0.0403582
0.0516127
0.0332993
0.0435329
0.0147683
0.0455576
0.112083
0.0732258
0.0409714
0.101871
0.041882
0.0880922
0.0762696
0.109297
0.122191
0.0706372
0.0587082
0.0190992
0.156935
0.124144
0.089518
0.00421058
0.0683287
0.0409306
0.0175639
0.0357615
0.066169
0.0538391
0.0606998
0.0163806
0.0397819
0.0489057
0.0471204
0.0324923
0.0211466
0.0685474
0.0683268
0.0820547
0.045295
0.065375
0.0306593
0.0203762
0.075594
0.0397154
0.0721462
0.0434028
0.0346286
0.0679452
0.0437489
0.0125708
0.0610429
0.0491929
0.0578958
0.0437712
0.063147
0.065125
0.0526898
0.0179128
0.0528068
0.0778298
0.0847663
0.0939435
0.0354468
0.031338
0.0736811
0.03322
0.0192048
0.0313635
0.0847178
0.0272877
0.119364
0.0911244
0.0633854
0.077232
0.0616867
0.0647774
0.0744601
0.123525
0.0442709
0.0728586
0.0898424
0.0936724
0.0443785
0.0177095
0.0374123
0.034663
0.0402836
0.0970299
0.0566666
0.0636228
0.035481
0.0510497
0.0264421
0.0437132
0.0632582
0.0357215
0.0598945
0.0322278
0.0453173
0.0860876
0.0394403
0.0503604
0.00939957
0.0393952
0.0264575
0.0662021
0.0455556
0.0347287
0.0569823
0.0550969
0.0850864
0.0328005
0.0697004
0.0218167
0.0615492
0.0633208
0.0558715
0.0482897
0.0623125
0.0674261
0.0539978
0.0631745
0.0973923
0.0674589
0.0757529
0.00663836
0.0361484
0.0658509
0.0301518
0.00139381
0.0418727
0.041458
0.00207261
0.0483087
0.0400713
0.0989259
0.0882752
0.0348553
0.0605197
0.0484953
0.0239067
0.0161718
0.0296795
0.0447186
0.0407871
0.0329762
0.0177403
0.0957058
0.0515724
0.105341
0.0444373
0.0142107
0.0383164
0.0789048
0.057834
0.0313699
0.0398216
0.0144208
0.0413943
0.0694003
0.0587116
0.0889517
0.0390544
0.025454
0.062606
0.0314047
0.0503076
0.064778
0.0374795
0.0748697
0.0756886
0.0367777
0.0385251
0.0622307
0.026976
0.0620505
0.0312098
0.0412197
0.0698563
0.0818306
0.0576514
0.0323612
0.0963789
0.105983
0.0793236
0.0448858
0.0457588
0.0380176
0.0439901
0.0948001
0.0527539
0.0750467
0.0795624
0.11965
0.0306064
0.0387892
0.00141459
0.0885493
0.0528679
0.0410561
0.0236672
0.0725007
0.00551144
0.0696008
0.0740804
0.0746725
0.080504
0.0655483
0.0615913
0.0718137
0.0394127
0.0423615
0.0581836
0.0596708
0.00167047
0.0477459
0.037669
0.0579019
0.0317001
0.0529519
0.0428439
0.0510278
0.0235552
0.0508545
0.0328109
0.0348641
0.0654726
0.0894577
0.120189
0.0819078
0.0498727
0.0626212
0.05688
0.019853
0.106706
0.0727195
0.0915762
0.0337131
0.0374934
0.0244282
0.0949999
0.0776088
0.0631542
0.070408
0.0326092
0.0973464
0.0574085
0.0574822
0.0335553
0.0365522
0.0417319
0.0739261
0.0236787
0.0250947
0.089617
0.011828
0.0299341
0.0200299
0.0500358
0.00555582
0.0365268
0.0598543
0.107162
0.0556231
0.0711788
0.0513314
0.0121235
0.140462
0.0439124
0.0264048
0.0450488
0.102356
0.0922361
0.0290788
0.028724
0.0781744
0.0197774
0.0574396
0.0336136
0.0684155
0.0547944
0.012642
0.0977639
0.101785
0.108634
0.0772381
0.0475669
0.0282686
0.107729
0.0546791
0.0246777
0.0237686
0.077188
0.0739311
0.0709456
0.0573012
0.0317335
0.0528107
0.0325248
0.0803052
0.0305527
0.117516
0.0893618
0.0438681
0.0381967
0.0319454
0.0381413
0.0517059
0.024781
0.0509457
0.104815
0.0452135
0.0932669
0.0336661
0.0316172
0.042087
0.119954
0.00516423
0.0268486
0.0187321
0.0494659
0.0586529
0.0772555
0.103224
0.112695
0.118841
0.125353
0.0576907
0.0462104
0.0319917
0.0898426
0.0283211
0.0458916
0.0677731
0.0541016
0.0801959
0.0948206
0.0412375
0.032588
0.0803977
0.0609578
0.0542603
0.0633948
0.0671395
0.0390923
0.0480394
0.0435042
0.0884772
0.0303931
0.0749124
0.0522653
0.0672342
0.0340631
0.0907355
0.150469
0.0379642
0.057371
0.0753382
0.0405847
0.132113
0.0333895
0.0406825
0.108732
0.0741028
0.0955483
0.0695797
0.0364368
0.0899908
0.0217795
0.0614286
0.0474656
0.0699531
0.037852
0.0342869
0.0214378
0.044464
0.065691
0.0423163
0.033351
0.066058
0.0449304
0.0462709
0.0528856
0.058523
0.0859723
0.066958
0.0501359
0.104873
0.0230889
0.00599237
0.0825858
0.106117
0.120214
0.0728969
0.0625989
0.0268379
0.122015
0.0130113
0.138741
0.0439678
0.0421447
0.00174737
0.0156288
0.0527872
0.026821
0.0265279
0.0260693
0.0249542
0.0816856
0.0495695
0.0321649
0.0670898
0.0516485
0.0861353
0.054091
0.0300245
0.0220433
0.0254457
0.0368459
0.115442
0.0850496
0.0194332
0.0870523
0.0603021
0.0825221
0.042904
0.0889394
0.100059
0.0606723
0.0258551
0.0463508
0.0288544
0.0419119
0.0341367
0.0701048
0.0224069
0.00307934
0.0229812
0.0476778
0.0453617
0.0533599
0.044851
0.0960369
0.0757055
0.0728622
0.093722
0.0687406
0.0521481
0.0219886
0.0873299
0.0746503
0.0376188
0.0494498
0.0025643
0.0518655
0.00517304
0.0430384
0.0338738
0.111247
0.0198735
0.0101755
0.00377092
0.0394644
0.0954802
0.0373786
0.0159007
0.0725845
0.0584196
0.0143097
0.0546806
0.0509179
0.0220566
0.02284
0.024648
0.0520666
0.0471779
0.0204303
0.0413461
0.055416
0.0548263
0.0440215
0.0595306
0.0156381
0.0625108
0.0543322
0.103483
0.0577621
0.0285057
0.0971369
0.0948074
0.0244037
0.0559562
0.0310724
0.0823275
0.00233229
0.0599051
0.0508973
0.031482
0.027412
0.00171457
0.0175169
0.0785465
0.035792
0.0488146
0.0805394
0.0307006
0.0922006
0.0404731
0.0084776
0.0380171
0.0832166
0.0949937
0.0672919
0.0573064
0.115947
0.0657464
0.086672
0.0502448
0.0500045
0.036657
0.0871324
0.0481593
0.0329311
0.0769019
0.0533368
0.00714661
0.0639274
0.0845602
0.0213958
0.0274467
0.0722519
0.0710195
0.0833012
0.0424982
0.097621
0.0209673
0.0338086
0.0526392
0.0422394
0.0709388
0.058144
0.0776605
0.0801403
0.0556317
0.0242666
0.0480817
0.0875715
0.0798238
0.0343973
0.0704833
0.0534664
0.0693944
0.0643539
0.0779318
0.0374012
0.0136597
0.0623427
0.0435724
0.0401039
0.0303836
0.0613016
0.0243468
0.0188426
0.0586864
0.0393815
0.0481494
0.054312
0.0279268
0.0650526
0.0554933
0.0614711
0.12609
0.0653087
0.0463823
0.0461623
0.0435792
0.00273774
0.0544927
0.0715759
0.0226832
0.061256
0.0545175
0.0140756
0.0726808
0.0164217
0.0206954
0.0661865
0.0541345
0.0387607
0.0347376
0.0456048
0.0216944
0.0948171
0.0447088
0.0439449
0.0758653
0.0712095
0.0212812
0.0779862
0.0845073
0.072802
0.0615089
0.0495318
0.0617754
0.0703807
0.0574642
0.0707421
0.113912
0.0294524
0.0869181
0.0910533
0.0766645
0.033236
0.0209969
0.089159
0.0724391
0.0261988
0.0167122
0.138299
0.0608533
0.0545373
0.0702489
0.00103738
0.0842326
0.0150217
0.0270835
0.0310296
0.0613503
0.0616213
0.0523689
0.0783925
0.0618041
0.0399907
0.0186459
0.0588293
0.148783
0.0844478
0.0402815
0.119234
0.065902
0.0712128
0.0074316
0.0512415
0.0794967
0.0665415
0.0689308
0.0389345
0.0800101
0.0751646
0.0934563
0.0661452
0.0397187
0.0637474
0.00630775
0.0460151
0.111166
0.0415469
0.034946
0.0216775
0.0148941
0.0533013
0.0591519
0.0237658
0.0550914
0.0392023
0.0895597
0.0226811
0.0465574
0.0265618
0.0743905
0.100282
0.00108456
0.106184
0.00588907
0.023526
0.0217619
0.0417969
0.0376201
0.106314
0.040827
0.0462977
0.0204991
0.113874
0.00888939
0.120541
0.017259
0.0574215
0.0453804
0.0142911
0.0246429
0.0112291
0.0263415
0.019657
0.0360855
0.0910467
0.0962545
0.019022
0.0126209
0.0495493
0.044815
0.0418748
0.0495134
0.0460191
0.0794436
0.125533
0.0813461
0.04394
0.0156121
0.0673719
0.0191561
0.0367841
0.0507925
0.0534495
0.0358392
0.0669108
0.0486348
0.048365
0.107785
0.00932651
0.0755536
0.0730024
0.0587091
0.106557
0.0822768
0.0973664
0.152134
0.0789025
0.0598769
0.0430895
0.0276866
0.0858999
0.121228
0.059481
0.073791
0.0260595
0.0574942
0.0148824
0.0727616
0.0272831
0.0565205
0.0274265
0.0278174
0.0343959
0.041738
0.0337182
0.0738637
0.0486957
0.0482571
0.00436696
0.0294865
0.0597925
0.0361378
0.0850943
0.0428135
0.0342098
0.104286
0.0576304
0.041439
0.110488
0.0229338
0.0819965
0.0672895
0.0680855
0.0322127
0.00305053
0.106615
0.0670023
0.0753373
0.0574443
0.029634
0.0209018
0.0328951
0.0659821
0.0490973
0.114406
0.0596365
0.038032
0.156744
0.0721114
0.0303048
0.0853136
0.0818217
0.0597755
0.0634453
0.0110596
0.0207706
0.0358876
0.0333824
0.038925
0.105499
0.108751
0.0495128
0.0161127
0.000255524
0.0599566
0.0976111
0.0888565
0.0465174
0.0370285
0.0398209
0.0322016
0.0223672
0.0550549
0.130539
0.0284257
0.0307453
0.0367687
0.0880887
0.0507724
0.114912
0.0271039
0.0717246
0.110489
0.0270147
0.00192756
0.0602867
0.0144518
0.0834289
0.118167
0.107962
0.0436696
0.0479985
0.0859603
0.0474298
0.0389894
0.0969557
0.0357958
0.0323876
0.00142039
0.0301527
0.0302471
0.0609221
0.0857508
0.0695409
