0.403743
0.111052
0.0879318
0.0667565
0.134472
0.113157
0.0733113
0.0836747
0.140896
0.102265
0.0751962
0.0671703
0.224345
0.126048
0.10077
0.145089
0.0829057
0.117659
0.0771788
0.0824195
0.0720647
0.0955948
0.585439
0.156926
0.250764
0.139215
0.158715
0.0492924
0.134317
0.0824607
0.10902
0.266705
0.146597
0.0946073
0.0953133
0.095441
0.153844
0.0644556
0.119592
0.103287
0.0871321
0.150466
0.075995
0.109991
0.207651
0.115696
0.125272
0.139313
0.100139
0.13804
0.0707534
0.288901
0.0930555
0.0914275
0.08895
0.0555653
0.0997927
0.319367
0.1534
0.0967288
0.121642
0.199841
0.119068
0.338792
0.096061
0.0623651
0.144646
0.0926542
0.0864243
0.17827
0.0588312
0.155747
0.153718
0.332422
0.0512783
0.111183
0.110455
0.11638
0.225661
0.113156
0.0794189
0.0492439
0.0432508
0.0748881
0.106542
0.0881235
0.119327
0.137687
0.0883976
0.130945
0.088194
0.180122
0.0924825
0.123155
0.0955542
0.107402
0.0844375
0.109514
0.131837
0.0952879
0.109542
0.103786
0.155532
0.215139
0.167762
0.0746427
0.152847
0.107851
0.11417
0.172173
0.0683046
0.100864
0.174815
0.114313
0.25169
0.106705
0.126431
0.150857
0.161172
0.111371
0.142152
0.310321
0.0699847
0.0764417
0.126576
0.135814
0.131097
0.130867
0.082446
0.0699233
0.125078
0.0921358
0.139003
0.106616
0.276567
0.102058
0.216371
0.105655
0.0907882
0.0584704
0.0870931
0.153352
0.320462
0.245258
0.179304
0.121883
0.0563598
0.101139
0.278472
0.104084
0.118499
0.118457
0.166675
0.388339
0.173436
0.0637708
0.117012
0.0739187
0.244938
0.0693332
0.136863
0.0442528
0.140609
0.0865864
0.0772688
0.131791
0.0834254
0.0759512
0.139403
0.0910968
0.119242
0.113175
0.101042
0.0526186
0.17394
0.20871
0.0673707
0.242168
0.11997
0.37597
0.0705806
0.628379
0.0659088
0.123505
0.0979645
0.0165633
0.111081
0.0353294
0.172807
0.155445
0.23902
0.120951
0.110911
0.11286
0.180752
0.135258
0.137651
0.087631
0.109813
0.100574
0.124683
0.0935138
0.139453
0.0744136
0.355437
0.0837422
0.0610852
0.217222
0.0990735
0.0409113
0.110779
0.210934
0.0769203
0.107747
0.0937188
0.0830129
0.179451
0.13455
0.0841044
0.199278
0.116194
0.14053
0.0646811
0.163808
0.0925489
0.111158
0.291507
0.0777326
0.0818527
0.0767389
0.0970727
0.0781295
0.155998
0.118288
0.158841
0.0885895
0.174191
0.0625406
0.089011
0.0496458
0.183062
0.122109
0.101444
0.141227
0.150479
0.103028
0.0807399
0.136538
0.0887902
0.118235
0.0881211
0.107543
0.0755357
0.106829
0.137901
0.117611
0.100628
0.092912
0.100595
0.07692
0.0996136
0.124361
0.0799454
0.105717
0.140533
0.167569
0.0726406
0.195572
0.0808751
0.10336
0.225988
0.0902291
0.114591
0.123651
0.216142
0.0674679
0.09309
0.136811
0.104211
0.238147
0.483467
0.244454
0.319742
0.123309
0.1181
0.225284
0.127715
0.109184
0.166204
0.0857631
0.13026
0.151939
0.137491
0.238675
0.177897
0.0721425
0.0689277
0.162347
0.0804739
0.110191
0.0700722
0.0919394
0.0776573
0.106704
0.125969
0.260165
0.111595
0.2231
0.178442
0.114383
0.0759923
0.220803
0.0739407
0.116239
0.139881
0.110916
0.659669
0.257431
0.0894196
0.0521107
0.199371
0.123071
0.119423
0.153202
0.0795186
0.161715
0.158853
0.117437
0.10389
0.0904145
0.0930979
0.125443
0.0762718
0.105521
0.120617
0.12796
0.0936945
0.102808
0.448599
0.0741682
0.173583
0.261397
0.141182
0.0744119
0.12985
0.160412
0.0556204
0.0531572
0.114758
0.104636
0.0975009
0.153002
0.0774772
0.0825404
0.0863193
0.0647372
0.0777215
0.0967279
0.119343
0.085847
0.0827393
0.0855701
0.134756
0.177107
0.12465
0.105147
0.0987453
0.127554
0.368272
0.178109
0.132365
0.0839145
0.243544
0.224133
0.0435801
0.0589403
0.0926406
0.118895
0.143399
0.148946
0.117782
0.111556
0.245314
0.105047
0.176469
0.125957
0.0478463
0.188319
0.11789
0.0629263
0.127739
0.0760486
0.0907346
0.14199
0.181181
0.134338
0.124407
0.0947115
0.150791
0.153099
0.102274
0.128004
0.109628
0.11191
0.0854907
0.103722
0.498307
0.141145
0.0609594
0.108379
0.232768
0.137709
0.168942
0.0746819
0.140133
0.0784736
0.0986991
0.508294
0.0851592
0.0948098
0.193351
0.0703199
0.0664226
0.134563
0.180312
0.0877995
0.108185
0.0922971
0.129601
0.0727293
0.127377
0.0998494
0.102406
0.0439689
0.0827873
0.146842
0.126894
0.111111
0.336825
0.169233
0.0979881
0.0762537
0.0908566
0.12779
0.152448
0.113163
0.157247
0.0958942
0.137079
0.0822773
0.0759493
0.100085
0.0836264
0.109711
0.155375
0.0721491
0.138273
0.0698382
0.188574
0.241034
0.0818193
0.11658
0.1152
0.0727381
0.113889
0.104275
0.106861
0.117991
0.0974764
0.10759
0.112435
0.151497
0.117175
0.159792
0.124798
0.0711675
0.116941
0.089611
0.0583285
0.124779
0.107727
0.0852079
0.432442
0.235296
0.210826
0.130208
0.0901379
0.0814168
0.144189
0.08714
0.13636
0.0759901
0.127664
0.11252
0.100908
0.0965972
0.131981
0.0540345
0.0814644
0.109425
0.134079
0.143107
0.227678
0.302563
0.121505
0.0801101
0.170874
0.0647542
0.169965
0.129578
0.288755
0.127849
0.0577387
0.0765188
0.198276
0.100775
0.288935
0.0809962
0.0798042
0.329853
0.0929695
0.168807
0.122501
0.0568553
0.0813166
0.0860465
0.138055
0.0911086
0.101142
0.0651921
0.119648
0.0737117
0.0684076
0.103054
0.122541
0.170406
0.124753
0.123688
0.282
0.103009
0.177629
0.454992
0.217247
0.151971
0.387864
0.359613
0.110635
0.0833037
0.19396
0.117877
0.347928
0.141793
0.0748276
0.408403
0.0773055
0.116625
0.138654
0.116213
0.143351
0.150167
0.139007
0.087844
0.169468
0.106069
0.0622921
0.0882004
0.134175
0.085369
0.113087
0.0877258
0.0665238
0.162523
0.441764
0.368733
0.127955
0.0560155
0.146262
0.0706392
0.124554
0.172688
0.603224
0.0878692
0.0630296
0.120322
0.117838
0.379929
0.120675
0.141803
0.230446
0.0782569
0.0652002
0.0993038
0.173948
0.087172
0.133264
0.053903
0.140638
0.124468
0.599093
0.0550611
0.608779
0.101944
0.130928
0.406116
0.326534
0.138901
0.184255
0.0822189
0.116703
0.100163
0.121744
0.0777616
0.161315
0.0789878
0.0926491
0.144576
0.155649
0.146146
0.328308
0.135756
0.0549834
0.152526
0.119449
0.0711578
0.0318802
0.0866799
0.0785571
0.137257
0.0805385
0.0686023
0.0520032
0.110319
0.145063
0.11499
0.117752
0.299788
0.36866
0.122928
0.157523
0.139252
0.247968
0.0746074
0.173134
0.167768
0.102442
0.364254
0.126124
0.106288
0.0760752
0.123159
0.12817
0.124592
0.0768297
0.10588
0.0743709
0.0685484
0.151621
0.0891613
0.0891518
0.141142
0.495877
0.0855329
0.12875
0.0839027
0.0884094
0.174447
0.113902
0.142192
0.185982
0.168831
0.1861
0.107478
0.0694302
0.13264
0.0735147
0.12875
0.11677
0.0590922
0.189603
0.0927481
0.0669702
0.129828
0.0760117
0.109417
0.142369
0.0939328
0.343648
0.0524599
0.115205
0.0569122
0.0887855
0.115857
0.103951
0.110083
0.149733
0.103799
0.204615
0.136829
0.0944743
0.0428197
0.123237
0.405964
0.0888384
0.146735
0.0601577
0.0861544
0.109185
0.131295
0.187161
0.166975
0.095133
0.0851895
0.0986335
0.0874307
0.121534
0.069011
0.142122
0.407016
0.194553
0.377303
0.0610097
0.158851
0.137737
0.148769
0.142935
0.117813
0.330422
0.165512
0.155712
0.252659
0.089163
0.215141
0.131158
0.126626
0.15852
0.138431
0.09855
0.0943052
0.116311
0.113025
0.158669
0.142331
0.161991
0.0905259
0.0781602
0.126933
0.100291
0.103138
0.128238
0.124303
0.0883004
0.118796
0.100665
0.0756533
0.100506
0.089917
0.165537
0.166998
0.188007
0.125241
0.126167
0.0737435
0.0923279
0.17043
0.14111
0.13294
0.0532742
0.0801238
0.108839
0.0924899
0.217628
0.100726
0.141027
0.0707713
0.104401
0.112256
0.0607897
0.140403
0.0997164
0.169167
0.159363
0.106882
0.139559
0.0999053
0.122563
0.19002
0.114191
0.0992424
0.0982155
0.156946
0.131839
0.113772
0.113514
0.135262
0.108457
0.0748806
0.116847
0.127051
0.434446
0.1103
0.0646474
0.0532913
0.129248
0.0725135
0.165953
0.114778
0.0847744
0.0967743
0.0321608
0.59596
0.109529
0.0863534
0.0998799
0.115847
0.264633
0.130068
0.137607
0.115843
0.0588166
0.112569
0.171798
0.121288
0.085697
0.0397009
0.114517
0.226431
0.102096
0.0977218
0.0898975
0.148914
0.350295
0.115002
0.123151
0.069989
0.135447
0.170484
0.128782
0.101746
0.214054
0.0847075
0.129888
0.0929868
0.448331
0.0583426
0.0630609
0.133588
0.0814017
0.314976
0.097389
0.176533
0.555213
0.0603371
0.102671
0.125572
0.117009
0.177007
0.362173
0.142372
0.0586409
0.143726
0.174922
0.146779
0.0971267
0.111675
0.0750469
0.127783
0.128342
0.0890129
0.024873
0.168352
0.215249
0.112212
0.263349
0.154641
0.126675
0.130506
0.108882
0.134929
0.130768
0.134457
0.134381
0.204771
0.0990795
0.101893
0.0941702
0.080441
0.089313
0.146318
0.128106
0.103278
0.120093
0.0852442
0.12478
0.0927827
0.402385
0.159468
0.194403
0.112125
0.122747
0.0857394
0.303643
0.225272
0.0953581
0.102388
0.0959207
0.13636
0.131715
0.119804
0.166222
0.156982
0.137068
0.20807
0.11831
0.14954
0.131495
0.0666889
0.0634753
0.192375
0.156905
0.127686
0.0524889
0.198634
0.0906766
0.479104
0.190771
0.0919079
0.098954
0.0917964
0.185723
0.154879
0.0899713
0.187883
0.163866
0.065163
0.106659
0.152251
0.326245
0.0776378
0.0949086
0.121594
0.116802
0.154612
0.119281
0.116025
0.117241
0.13529
0.132787
0.420589
0.0875853
0.127382
0.0647211
0.121806
0.0994021
0.101302
0.135136
0.0833099
0.114523
0.0528553
0.114361
0.0978571
0.0696762
0.144495
0.458056
0.14279
0.0546959
0.122513
0.104012
0.070829
0.140165
0.350912
0.161148
0.100255
0.147824
0.0984796
0.12305
0.0536284
0.103338
0.074511
0.103865
0.141397
0.109199
0.115508
0.0658886
0.226986
0.0538497
0.0824289
0.125597
0.102904
0.0990658
0.218611
0.215452
0.0923465
0.0940283
0.13424
0.223439
0.16048
0.177046
0.127902
0.112891
0.108623
0.109574
0.0914417
0.171533
0.274597
0.120668
0.118965
0.210136
0.0864005
0.080454
0.138273
0.113032
0.0853166
0.167392
0.0788174
0.232526
0.174687
0.0938306
0.169831
0.135502
0.11367
0.0695886
0.214897
0.0844974
0.0755848
0.0821193
0.10914
0.119842
0.176523
0.113705
0.0979647
0.0980666
0.0320729
0.279541
0.0838666
0.162717
0.0364305
0.124161
0.175851
0.157376
0.201574
0.228335
0.214927
0.114397
0.178196
0.235249
0.0871441
0.115303
0.124979
0.107803
0.432828
0.111766
0.0858344
0.114962
0.110436
0.0865402
0.0616264
0.151449
0.442897
0.126098
0.0753135
0.0678088
0.213281
0.238054
0.401567
0.0868081
0.686872
0.0966288
0.0320179
0.143688
0.112462
0.124889
0.139441
0.108866
0.128141
0.124203
0.165403
0.194308
0.0673355
0.0588767
0.0973825
0.0667855
0.106223
0.0750515
0.117794
0.0762611
0.0495943
0.0710775
0.15045
0.138551
0.107137
0.0845007
0.101188
0.427948
0.0918565
0.130166
0.106608
0.102205
0.117612
0.0749389
0.104191
0.141842
0.073791
0.1361
0.299802
0.109198
0.0560864
0.166366
0.217131
0.175856
0.101916
0.0926365
0.130475
0.170487
0.0807335
0.0729066
0.115678
0.0999353
0.617564
0.0944047
0.079557
0.110274
0.134096
0.124815
0.145569
0.102357
0.486012
0.0825049
0.158312
0.0644482
0.0783083
0.11504
0.141657
0.0502473
0.04439
0.118413
0.122067
0.524072
0.158206
0.0523543
0.348773
0.0521286
0.109141
0.175746
0.123997
0.116947
0.113821
0.0769446
0.0923255
0.162379
0.0532378
0.122125
0.0824049
0.11451
0.0674831
0.0995211
0.112329
0.0858537
0.0620215
0.0846129
0.0403799
0.228543
0.0824143
0.175638
0.12129
0.0983366
0.61398
0.104716
0.0560162
0.113576
0.0772689
0.0925118
0.192267
0.12542
0.109933
0.131463
0.0682238
0.0999699
0.0778101
0.0692998
0.118576
0.112267
0.0930919
0.104758
0.250613
0.13528
0.14178
0.119809
0.110514
0.230047
0.0508606
0.0748865
0.488513
0.0884187
0.0662883
0.120313
0.13284
0.13885
0.238756
0.193838
0.0669571
0.137706
0.11487
0.132008
0.151652
0.117204
0.11906
0.138377
0.0687671
0.552015
0.104206
0.103553
0.226687
0.062484
0.155787
0.113242
0.146846
0.252969
0.13296
0.195355
0.0958934
0.1135
0.0621052
0.262613
0.0897285
0.129464
0.124068
0.144666
0.272607
0.0821407
0.265726
0.148946
0.118301
0.0991049
0.234934
0.650448
0.146191
0.194532
0.108286
0.0683944
0.0777645
0.13164
0.186881
0.309065
0.146871
0.130489
0.0485522
0.113122
0.0902375
0.112701
0.23211
0.0183296
0.073212
0.090054
0.12945
0.111241
0.0966146
0.0782869
0.0826331
0.0879838
0.14413
0.129855
0.0816369
0.318315
0.142593
0.163119
0.137856
0.175271
0.278922
0.145986
0.0685394
0.233082
0.0877845
0.12868
0.14753
0.0617872
0.115767
0.106874
0.147708
0.111529
0.101597
0.117275
0.218423
0.0768001
0.0771172
0.140849
0.137446
0.117052
0.0875074
0.0877743
0.170628
0.0709306
0.070265
0.103738
0.0889853
0.40539
0.0656381
0.20069
0.138966
0.124284
0.130257
0.0699695
0.158244
0.272848
0.21749
0.15856
0.17292
0.138507
0.253394
0.101839
0.0981046
0.128001
0.091506
0.191989
0.261434
0.119298
0.0683664
0.105745
0.0952206
0.0724467
0.296788
0.0625295
0.134969
0.0570664
0.136462
0.0623147
0.107474
0.0766616
0.154446
0.0863466
0.102547
0.0928633
0.0871996
0.123539
0.202317
0.103322
0.169709
0.114308
0.113476
0.115734
0.118245
0.0873695
0.156851
0.359377
0.0976864
0.0905317
0.0598762
0.146962
0.0793083
0.127755
0.124458
0.0639762
0.0825491
0.107102
0.179736
0.0768958
0.110021
0.0984528
0.147461
0.366654
0.29904
0.199035
0.134964
0.133397
0.0697044
0.202273
0.0636296
0.135684
0.392822
0.131044
0.0824914
0.0852654
0.197935
0.0963004
0.126048
0.127775
0.0769429
0.148998
0.124934
0.297494
0.580056
0.0854184
0.129408
0.150915
0.071882
0.168172
0.0949707
0.129585
0.080391
0.0756598
0.0880157
0.144876
0.216337
0.0703443
0.110664
0.105566
0.120809
0.0802118
0.0575829
0.092674
0.104392
0.123825
0.212595
0.161461
0.20032
0.209825
0.0841795
0.0732269
0.182909
0.0705102
0.267569
0.11201
0.0963313
0.242254
0.163074
0.156651
0.0531465
0.0718272
0.695851
0.477151
0.157962
0.0670149
0.105501
0.127973
0.0915677
0.037756
0.152248
0.130223
0.0497188
0.0635892
0.113339
0.0858341
0.20969
0.0934171
0.177015
0.167786
0.189351
0.105782
0.119622
0.156802
0.158599
0.0708107
0.13027
0.088092
0.0642081
0.112087
0.237716
0.0993501
0.133828
0.107752
0.0759855
0.105778
0.185377
0.123174
0.0901618
0.0927209
0.194233
0.0652311
0.0795938
0.0644314
0.144303
0.0584723
0.0931156
0.136182
0.127618
0.0808032
0.243078
0.165378
0.0948176
0.0462774
0.0653388
0.110672
0.20683
0.130051
0.0666435
0.569829
0.0804375
0.0769679
0.052034
0.107983
0.1303
0.131366
0.0761304
0.0529795
0.235381
0.139688
0.0891055
0.100893
0.141463
0.133854
0.16262
0.123736
0.119084
0.0780235
0.329737
0.0738283
0.113527
0.259372
0.0719996
0.154562
0.0689019
0.268481
0.0906578
0.0760503
0.0808051
0.185728
0.202444
0.130727
0.253997
0.134403
0.162799
0.131531
0.162689
0.0504082
0.100408
0.0847398
0.11969
0.114826
0.115636
0.119979
0.233941
0.103267
0.0950666
0.0676794
0.156457
0.200299
0.134448
0.628667
0.102019
0.137516
0.162795
0.185117
0.133848
0.261223
0.518519
0.0860555
0.164344
0.142341
0.101753
0.142796
0.0953963
0.0724748
0.120337
0.151263
0.111021
0.0766268
0.087548
0.0524919
0.120315
0.451032
0.0826523
0.146649
0.139852
0.100395
0.0956459
0.111498
0.0669352
0.224408
0.0994206
0.0787171
0.138267
0.0853689
0.0802847
0.125525
0.100673
0.165458
0.0841563
0.114811
0.1277
0.0759011
0.134059
0.165752
0.0854397
0.314992
0.111478
0.105227
0.141169
0.0914519
0.234575
0.184501
0.146311
0.190564
0.0526829
0.0901022
0.105541
0.120092
0.127438
0.188325
0.0744706
0.0936436
0.106859
0.127194
0.0858725
0.0935806
0.232762
0.088123
0.10474
0.24033
0.109403
0.127047
0.0899557
0.217199
0.152656
0.0890095
0.0680202
0.134361
0.162615
0.15492
0.182969
0.186546
0.123284
0.310496
0.108299
0.137126
0.48287
0.0616043
0.0788306
0.12337
0.0689748
0.100967
0.116466
0.101798
0.110711
0.134723
0.155479
0.0857922
0.0642541
0.0698702
0.135274
0.125454
0.0953634
0.114614
0.064766
0.0714797
0.080302
0.182654
0.227112
0.123349
0.11451
0.148452
0.10078
0.25448
0.0391834
0.145626
0.111139
0.127289
0.199956
0.121004
0.103816
0.071565
0.475376
0.0897873
0.107358
0.256654
0.0925456
0.0889875
0.178134
0.139098
0.105836
0.332755
0.156514
0.164477
0.109751
0.134562
0.0574559
0.0792227
0.0758199
0.118064
0.0706515
0.136016
0.1521
0.142572
0.0600285
0.110755
0.276659
0.132907
0.241174
0.13398
0.16074
0.253228
0.0839896
0.0871034
0.0898923
0.282122
0.0523879
0.0716071
0.100985
0.0363027
0.118712
0.107917
0.14132
0.0953256
0.106389
0.132872
0.106559
0.112614
0.0965212
0.138502
0.134345
0.122042
0.0827499
0.0724653
0.41011
0.198363
0.089542
0.114751
0.67169
0.084742
0.145217
0.0859449
0.254386
0.127348
0.107097
0.231748
0.0915731
0.130247
0.16209
0.131417
0.181574
0.13791
0.183914
0.083901
0.115914
0.417934
0.227049
0.0956912
0.0718981
0.434662
0.120104
0.145009
0.138043
0.265295
0.0774029
0.106862
0.0727008
0.124557
0.1113
0.307192
0.0844243
0.249177
0.147619
0.0483433
0.0775175
0.131089
0.345091
0.159808
0.0877939
0.0715918
0.169366
0.172607
0.0612738
0.0990488
0.0373237
0.1468
0.100514
0.0459878
0.107682
0.133627
0.0872349
0.118535
0.148845
0.105017
0.135307
0.10142
0.114575
0.0961296
0.0930754
0.102322
0.0883316
0.0405862
0.105494
0.0677716
0.0592446
0.0868771
0.165072
0.116086
0.109238
0.0889243
0.112543
0.169322
0.0598544
0.0683609
0.069728
0.188969
0.0607466
0.097622
0.102228
0.190837
0.0884267
0.102476
0.188438
0.0562831
0.0705972
0.0762031
0.137383
0.136688
0.148425
0.060863
0.22831
0.294227
0.15133
0.158698
0.174609
0.142708
0.21462
0.110392
0.0560955
0.118496
0.157552
0.105249
0.0668811
0.0392187
0.0885134
0.142925
0.101769
0.0962277
0.13306
0.176934
0.0787678
0.0802264
0.0994021
0.135768
0.0648829
0.0709946
0.0854816
0.337628
0.112931
0.13882
0.258187
0.165918
0.175617
0.131033
0.110703
0.173028
0.0778005
0.108814
0.0532897
0.0706378
0.0950705
0.173111
0.212671
0.167841
0.0906392
0.0706995
0.0670224
0.111926
0.126616
0.0885719
0.0935258
0.0492794
0.0955522
0.165361
0.146737
0.0919099
0.0692732
0.116756
0.144237
0.186238
0.0865703
0.123361
0.0757145
0.105625
0.16155
0.156593
0.184883
0.0852441
0.141794
0.350518
0.067769
0.100141
0.0857859
0.107223
0.206593
0.140787
0.497173
0.137139
0.12965
0.252411
0.0904471
0.114094
0.180509
0.170991
0.102969
0.190416
0.121958
0.169463
0.117086
0.0998275
0.105196
0.585813
0.0861068
0.11
0.14661
0.0888263
0.12694
0.271173
0.104057
0.0980522
0.0877661
0.0541523
0.129643
0.312298
0.627858
0.120682
0.0739797
0.126864
0.108807
0.290884
0.0833989
0.0986198
0.1043
0.180048
0.486044
0.120336
0.099241
0.0636467
0.0735974
0.150129
0.175046
0.0820955
0.0846401
0.179203
0.123227
0.116309
0.162368
0.308693
0.147399
0.0672749
0.147919
0.113007
0.118977
0.285584
0.112217
0.140325
0.101099
0.076816
0.0960478
0.0664888
0.109567
0.0802331
0.125843
0.138661
0.277429
0.114769
0.468727
0.112866
0.1027
0.195824
0.120017
0.120465
0.110251
0.0866717
0.136707
0.169122
0.0668688
0.162302
0.293346
0.117276
0.187007
0.625986
0.105205
0.131393
0.0704462
0.106299
0.153278
0.0562116
0.136295
0.28179
0.113007
0.175731
0.11953
0.0745672
0.120952
0.0863412
0.0947664
0.0378015
0.205248
0.0994752
0.0783406
0.129131
0.0946152
0.100191
0.082057
0.102943
0.126461
0.0907242
0.185591
0.0881038
0.175314
0.337117
0.093936
0.0614945
0.115872
0.0752745
0.0612091
0.154059
0.132239
0.178612
0.21879
0.155705
0.13898
0.0718422
0.16264
0.116919
0.244425
0.105213
0.105443
0.100564
0.074981
0.101293
0.207729
0.0848417
0.0760072
0.119046
0.171177
0.167554
0.107291
0.113999
0.151947
0.113212
0.0863523
0.209121
0.175555
0.0554532
0.120758
0.290487
0.152163
0.153695
0.0966874
0.0267363
0.1054
0.493827
0.0941985
0.0719617
0.141379
0.0909275
0.147748
0.116831
0.0853849
0.515819
0.162736
0.216035
0.104714
0.127102
0.0989859
0.126893
0.139154
0.143366
0.106456
0.138423
0.0870378
0.348671
0.134637
0.0691605
0.164239
0.352609
0.0903842
0.392144
0.190425
0.179972
0.104896
0.103009
0.130273
0.192401
0.124499
0.191373
0.152269
0.0745264
0.0950862
0.102884
0.0764295
0.112681
0.0939123
0.156926
0.110915
0.168075
0.568314
0.109872
0.309228
0.075503
0.176729
0.12329
0.139774
0.0805544
0.114773
0.143797
0.0441202
0.0717838
0.113663
0.0990594
0.14129
0.154289
0.0794053
0.140764
0.275043
0.133308
0.103883
0.174501
0.123406
0.0541721
0.127676
0.149137
0.140021
0.163634
0.0644558
0.0882546
0.131597
0.117727
0.133848
0.31669
0.15255
0.0754082
0.116587
0.187183
0.109072
0.202593
0.203377
0.0701351
0.150876
0.0902777
0.0795989
0.51603
0.244123
0.500728
0.0262225
0.157565
0.429937
0.119826
0.143481
0.630135
0.139028
0.110647
0.123626
0.141867
0.0949539
0.0617325
0.0849297
0.195185
0.184185
0.0870928
0.171402
0.0942266
0.076807
0.173266
0.114344
0.286746
0.105912
0.111099
0.053393
0.104738
0.425072
0.111744
0.108258
0.140345
0.693347
0.558786
0.221314
0.107303
0.184104
0.0619967
0.0684955
0.184493
0.14223
0.114068
0.452793
0.148757
0.159172
0.111671
0.205609
0.0625039
0.169194
0.116972
0.259836
0.118734
0.274439
0.170176
0.0527123
0.188345
0.109127
0.167182
0.144717
0.14695
0.145679
0.126614
0.0656944
0.138966
0.144281
0.551465
0.118054
0.12478
0.395284
0.075304
0.33875
0.137766
0.0831896
0.207821
0.0904128
0.0599234
0.131014
0.111664
0.0954322
0.100836
0.0970602
0.103044
0.162838
0.141273
0.0981287
0.134314
0.0453657
0.0760447
0.153429
0.0971709
0.0851668
0.226695
0.146572
0.117688
0.110122
0.102752
0.102236
0.207904
0.106667
0.148761
0.549887
0.222361
0.249608
0.187047
0.108255
0.0824962
0.076952
0.0950398
0.176971
0.0771605
0.119398
0.124219
0.077967
0.119718
0.0693124
0.0817965
0.118675
0.0483435
0.13652
0.10596
0.138052
0.0520563
0.118896
0.483567
0.0548134
0.0943856
0.102686
0.089893
0.0900634
0.0965326
0.107578
0.0776979
0.0838146
0.109349
0.116441
0.038522
0.161761
0.198767
0.0941346
0.0897254
0.0779542
0.119063
0.0716269
0.0676079
0.104541
0.0609343
0.140204
0.118727
0.084927
0.107065
0.0650314
0.0813307
0.142516
0.10579
0.0767396
0.0946665
0.0815907
0.213505
0.11799
0.134222
0.277861
0.119264
0.429042
0.0470584
0.228752
0.328904
0.0698676
0.144765
0.0808695
0.116124
0.180123
0.264479
0.135223
0.131928
0.0945413
0.231536
0.105184
0.25097
0.107993
0.0605032
0.305373
0.046681
0.170522
0.100687
0.150036
0.157813
0.0878713
0.0994717
0.148228
0.107723
0.0844162
0.138577
0.27355
0.0590212
0.194948
0.066121
0.138573
0.119902
0.102606
0.188311
0.0893953
0.0646491
0.528811
0.0613137
0.0694934
0.109673
0.105055
0.0834876
0.115522
0.16979
0.171295
0.0985138
0.0729484
0.0737348
0.0813212
0.088634
0.0814262
0.0964577
0.108727
0.170175
0.105437
0.070908
0.128556
0.113059
0.072324
0.132094
0.102113
0.105038
0.0519753
0.130536
0.0904789
0.0858649
0.129635
0.0971589
0.203077
0.0671575
0.126022
0.118954
0.270427
0.122617
0.128084
0.104293
0.118495
0.12713
0.106869
0.102401
0.13119
0.112565
0.0659596
0.11364
0.124865
0.134504
0.0958431
0.0679802
0.277064
0.0949418
0.126514
0.0865322
0.142742
0.104347
0.113904
0.101134
0.0945073
0.0877206
0.212009
0.0834527
0.0921143
0.101751
0.111608
0.153012
0.116342
0.103885
0.265293
0.140477
0.323331
0.0875832
0.131151
0.0831513
0.127039
0.0777865
0.105389
0.0965929
0.124903
0.278462
0.117047
0.19469
0.18286
0.101838
0.0791238
0.21017
0.131878
0.120196
0.0798035
0.107549
0.283235
0.144651
0.0821684
0.0675039
0.0767855
0.188673
0.144269
0.11405
0.143153
0.0847416
0.125257
0.0797596
0.150606
0.0877769
0.103809
0.193767
0.309453
0.0582303
0.11697
0.268089
0.353358
0.175517
0.150128
0.105476
0.0831571
0.0809672
0.224658
0.112099
0.389332
0.170626
0.100244
0.0903548
0.0790037
0.166635
0.236203
0.161079
0.077001
0.176792
0.237495
0.0902646
0.109657
0.0810499
0.110582
0.0932634
0.0667021
0.109193
0.190379
0.10907
0.0927867
0.135163
0.130453
0.215557
0.108264
0.0851362
0.148447
0.120367
0.130399
0.107033
0.196072
0.12764
0.176059
0.0937749
0.131464
0.127581
0.106724
0.246152
0.075148
0.131785
0.169468
0.134761
0.143979
0.103033
0.104687
0.144904
0.0728881
0.066771
0.0621991
0.132775
0.10244
0.162562
0.102599
0.0511152
0.141094
0.17292
0.114461
0.1178
0.10914
0.172527
0.124563
0.105379
0.108473
0.130658
0.116717
0.106517
0.0730643
0.117374
0.152279
0.101169
0.0941481
0.108416
0.0674559
0.0893758
0.177486
0.107029
0.0845592
0.173953
0.101769
0.124067
0.258455
0.191169
0.0609623
0.143695
0.349548
0.0969131
0.0751384
0.115801
0.252324
0.32989
0.10187
0.0594265
0.0634051
0.103906
0.105246
0.152812
0.0890596
0.0884972
0.113869
0.290264
0.0975393
0.169293
0.116298
0.160719
0.0865239
0.0654949
0.121941
0.181747
0.0600804
0.106392
0.0963901
0.0919771
0.0911811
0.117458
0.066699
0.124972
0.0728494
0.117045
0.108114
0.122912
0.0946285
0.204101
0.114675
0.140712
0.212909
0.149369
0.0799915
0.115905
0.0728745
0.107621
0.151051
0.121221
0.0842945
0.0819452
0.0965785
0.115642
0.208499
0.0899878
0.0535055
0.120458
0.149661
0.100887
0.0709283
0.118433
0.0872976
0.120348
0.14251
0.0897725
0.109061
0.0868821
0.121033
0.129864
0.200329
0.116951
0.132035
0.107834
0.0925245
0.18449
0.0478938
0.0854676
0.115953
0.407779
0.0517261
0.0766565
0.199261
0.0709367
0.214727
0.10877
0.133394
0.0834194
0.153986
0.127837
0.0922416
0.217604
0.0869388
0.103031
0.0820685
0.0364993
0.482295
0.117002
0.123113
0.120937
0.15901
0.178068
0.188687
0.0748094
0.118157
0.12524
0.326161
0.0591106
0.0788588
0.0723871
0.0952075
0.128146
0.155546
0.065932
0.145333
0.0665589
0.0383142
0.1273
0.201021
0.107155
0.154778
0.298584
0.0653391
0.0607608
0.0755106
0.135557
0.106902
0.110725
0.137453
0.172984
0.147375
0.071886
0.0857709
0.073565
0.131369
0.0615823
0.0782354
0.110395
0.446567
0.0770167
0.109653
0.198273
0.0919966
0.0802277
0.127863
0.25823
0.137568
0.093313
0.118638
0.0837401
0.121372
0.156138
0.324615
0.1223
0.16242
0.0927063
0.0730341
0.140743
0.113555
0.13255
0.140848
0.0756452
0.0597527
0.254756
0.0466181
0.0823038
0.128572
0.0950241
0.154389
0.223758
0.0633782
0.214803
0.184259
0.298434
0.193118
0.333319
0.136191
0.058994
0.122597
0.119593
0.151279
0.316005
0.277964
0.0811531
0.139596
0.194042
0.173318
0.198595
0.123991
0.182226
0.0878215
0.113072
0.102946
0.154369
0.124134
0.100756
0.0634398
0.0782161
0.124866
0.118746
0.219989
0.0766313
0.176374
0.0612786
0.104078
0.138823
0.097449
0.0943657
0.0919786
0.138936
0.146503
0.0691862
0.103702
0.181049
0.167533
0.0723269
0.20773
0.0824627
0.0907953
0.137286
0.169707
0.129671
0.0934503
0.228862
0.0897671
0.0594909
0.116438
0.0830087
0.0860563
0.0577016
0.107116
0.062398
0.0684019
0.138404
0.0795752
0.425723
0.459748
0.124026
0.141895
0.149915
0.0988989
0.336445
0.111798
0.133318
0.128286
0.0981094
0.0862904
0.0640478
0.160919
0.0460157
0.0408009
0.0955848
0.1308
0.14442
0.138668
0.0446953
0.0764051
0.198997
0.0486616
0.231592
0.131666
0.117833
0.296288
0.0861779
0.124727
0.0693579
0.0649294
0.117929
0.127193
0.189601
0.454927
0.0866761
0.0953206
0.114949
0.254363
0.129277
0.157999
0.0874813
0.145203
0.28352
0.0993164
0.134901
0.167005
0.0768929
0.0932725
0.0845838
0.115465
0.0980623
0.223347
0.0884611
0.104905
0.17605
0.11416
0.0867796
0.118537
0.0924603
0.0900342
0.086424
0.158688
0.14334
0.0856723
0.0944338
0.088191
0.109242
0.138975
0.0568536
0.12377
0.0734415
0.181724
0.24597
0.116304
0.14054
0.108394
0.125256
0.14231
0.23955
0.0998413
0.448278
0.166224
0.111101
0.119028
0.0702634
0.070964
0.0506267
0.0777593
0.38847
0.11311
0.149905
0.0792516
0.0671262
0.0890252
0.179773
0.0662326
0.135404
0.108328
0.0878442
0.232365
0.109103
0.0625164
0.232733
0.103937
0.160109
0.120019
0.0926998
0.0806785
0.152083
0.225762
0.0802398
0.100248
0.16554
0.0855893
0.149517
0.0985302
0.180541
0.0764325
0.0970625
0.0923805
0.06894
0.101681
0.104727
0.15402
0.264416
0.0924627
0.0687906
0.149651
0.115795
0.120781
0.0876922
0.148857
0.107566
0.054647
0.131629
0.093676
0.0937577
0.13054
0.114905
0.175261
0.139617
0.255555
0.161472
0.0996381
0.129996
0.198295
0.179437
0.237482
0.123574
0.0910262
0.116206
0.185611
0.111801
0.154431
0.0840974
0.168747
0.121955
0.0838119
0.226566
0.0557741
0.0846315
0.0653853
0.0748255
0.263631
0.04436
0.112939
0.142389
0.152797
0.100486
0.121608
0.198853
0.25625
0.119239
0.117926
0.181249
0.075989
0.0972449
0.0701677
0.0799656
0.368244
0.0641449
0.127444
0.213694
0.0943054
0.119821
0.060538
0.148404
0.163762
0.110601
0.106101
0.118479
0.0637715
0.120196
0.227875
0.113553
0.114277
0.181719
0.0481436
0.151241
0.261629
0.0832006
0.0936449
0.114355
0.0758147
0.143472
0.253137
0.150712
0.168319
0.134857
0.0622459
0.328758
0.104639
0.11196
0.187184
0.0882114
0.0979968
0.0801172
0.0802928
0.0757559
0.0508721
0.169143
0.0475085
0.0886465
0.329327
0.333154
0.456779
0.0754997
0.142085
0.101023
0.0738199
0.111482
0.0978234
0.49438
0.134971
0.0951109
0.0660905
0.11913
0.125252
0.100763
0.0857849
0.0464378
0.179802
0.109241
0.0737708
0.132065
0.15139
0.114806
0.109465
0.136626
0.127712
0.0858224
0.139326
0.0764832
0.0686589
0.169969
0.190597
0.0583231
0.237081
0.0580759
0.121952
0.142265
0.0339924
0.11713
0.142321
0.0846547
0.160572
0.140294
0.0912659
0.103271
0.248615
0.0790081
0.0967324
0.147847
0.099348
0.128451
0.104386
0.165814
0.137776
0.061853
0.14505
0.107486
0.0762798
0.122436
0.0624485
0.235754
0.0906959
0.0873673
0.120468
0.125119
0.0845472
0.0909766
0.0829209
0.103244
0.12007
0.102677
0.132035
0.106516
0.267643
0.0857635
0.103211
0.134948
0.168116
0.169148
0.287131
0.129588
0.116786
0.156703
0.0686687
0.335568
0.0904888
0.0834709
0.118013
0.0926091
0.201268
0.212265
0.122213
0.0693538
0.164166
0.138676
0.117396
0.124116
0.0978528
0.223777
0.130687
0.138618
0.0855701
0.104179
0.232146
0.164385
0.105218
0.120587
0.0932705
0.0760643
0.182745
0.061744
0.104017
0.0885803
0.114869
0.188118
0.107579
0.0533753
0.143237
0.0798
0.110649
0.0938257
0.154724
0.122449
0.0861123
0.123701
0.309149
0.11208
0.0952449
0.0837996
0.124138
0.0519779
0.0672473
0.125985
0.115853
0.235653
0.119857
0.244087
0.0780102
0.0945844
0.107921
0.193497
0.089295
0.0975556
0.0999904
0.0560381
0.194973
0.119847
0.0901014
0.124324
0.0767271
0.083479
0.108753
0.139468
0.162116
0.150293
0.089474
0.0948219
0.0663222
0.082272
0.087097
0.657746
0.128292
0.062744
0.210313
0.114224
0.103768
0.143497
0.317993
0.143266
0.0801423
0.272216
0.0903122
0.126608
0.171497
0.0908212
0.281383
0.0866387
0.125031
0.0621276
0.0704966
0.592891
0.0620957
0.0596493
0.184141
0.111031
0.136693
0.118092
0.153482
0.163662
0.129475
0.12259
0.128179
0.221571
0.103731
0.100924
0.0998306
0.150484
0.159751
0.111344
0.120169
0.146618
0.108116
0.104249
0.148307
0.113846
0.093694
0.115754
0.126521
0.103578
0.106442
0.131424
0.137828
0.134641
0.131232
0.0706417
0.191465
0.0656965
0.124474
0.112231
0.216468
0.0941285
0.0848847
0.112507
0.0710643
0.318545
0.158861
0.107065
0.29195
0.0978444
0.0805547
0.0548259
0.0760489
0.10578
0.0919915
0.117209
0.0949716
0.101418
0.141356
0.0635074
0.11668
0.102413
0.126672
0.0975463
0.0894642
0.12595
0.146926
0.164829
0.129673
0.0751551
0.131778
0.102719
0.0773117
0.0774255
0.109811
0.202195
0.0616001
0.239023
0.138976
0.131342
0.0920421
0.119496
0.244716
0.153625
0.0785976
0.0908082
0.102066
0.102041
0.117757
0.124882
0.0653771
0.135044
0.108255
0.137969
0.126623
0.100521
0.0872841
0.140482
0.134106
0.093883
0.0894181
0.0934477
0.129587
0.171655
0.343704
0.098568
0.146811
0.187444
0.128869
0.155213
0.0991325
0.0790548
