0.135255
0.148408
0.225161
0.357183
0.35108
0.373157
0.256008
0.336601
0.258056
0.39646
0.323648
0.357717
0.376116
0.403498
0.340545
0.351495
0.418322
0.155185
0.255774
0.36385
0.333334
0.340215
0.137195
0.224762
0.339399
0.352103
0.339705
0.342629
0.136066
0.152722
0.286111
0.355888
0.116313
0.362419
0.344824
0.223069
0.337907
0.382179
0.135667
0.258765
0.178022
0.407059
0.233669
0.344151
0.390434
0.367131
0.369588
0.178965
0.362516
0.322793
0.258541
0.202525
0.244015
0.366893
0.207905
0.352694
0.0830351
0.346013
0.397077
0.272046
0.337972
0.380475
0.344705
0.0758606
0.257274
0.394433
0.415358
0.362765
0.171199
0.175009
0.255783
0.148931
0.244023
0.2228
0.380057
0.242026
0.383234
0.252829
0.351682
0.390943
0.352376
0.107994
0.138337
0.348771
0.354605
0.282526
0.244983
0.384165
0.386488
0.349711
0.202153
0.366056
0.356349
0.394532
0.247283
0.38544
0.104548
0.187827
0.360432
0.196712
0.36327
0.270478
0.371242
0.385468
0.323204
0.348014
0.336605
0.39808
0.335043
0.371602
0.0960044
0.0918327
0.354849
0.378111
0.377609
0.400101
0.177951
0.16486
0.38295
0.172323
0.307055
0.410181
0.364055
0.327477
0.403729
0.22442
0.355346
0.361017
0.138768
0.139022
0.390333
0.369266
0.385667
0.188482
0.39676
0.329298
0.295466
0.344222
0.394526
0.34995
0.343385
0.413364
0.369032
0.392893
0.406834
0.201685
0.337432
0.296333
0.361743
0.352488
0.198662
0.350097
0.376813
0.351064
0.122784
0.360171
0.186236
0.25325
0.373315
0.247283
0.403327
0.256596
0.350756
0.325974
0.399008
0.285187
0.359154
0.39596
0.360462
0.370643
0.379319
0.348973
0.367719
0.30876
0.337706
0.377328
0.191971
0.397324
0.255703
0.307687
0.342923
0.158965
0.371584
0.388704
0.36128
0.401396
0.328865
0.382724
0.359652
0.365419
0.14547
0.252678
0.369256
0.366702
0.347457
0.21275
0.372986
0.307806
0.316983
0.336114
0.269504
0.0752319
0.201831
0.375828
0.390768
0.386283
0.274274
0.350035
0.357196
0.364216
0.114964
0.135869
0.294826
0.363227
0.272011
0.358057
0.423063
0.260504
0.25734
0.421681
0.351509
0.32407
0.263764
0.249258
0.392991
0.318581
0.284076
0.312821
0.18376
0.329946
0.407038
0.364045
0.323592
0.261029
0.377854
0.33164
0.347385
0.279998
0.160226
0.20826
0.112665
0.385241
0.38391
0.37091
0.369735
0.110643
0.338323
0.334807
0.333625
0.364025
0.366432
0.391246
0.39185
0.230079
0.280106
0.382008
0.361255
0.373809
0.378704
0.232862
0.340137
0.117275
0.365689
0.3958
0.391025
0.330052
0.267377
0.362004
0.41432
0.268437
0.373754
0.403679
0.362074
0.124397
0.337403
0.384689
0.378409
0.394964
0.389268
0.253088
0.372218
0.307086
0.380886
0.330192
0.344013
0.0648894
0.316039
0.343068
0.162939
0.245125
0.140242
0.277329
0.291163
0.344971
0.255597
0.396683
0.182901
0.207361
0.340221
0.359953
0.195757
0.371614
0.371584
0.275837
0.213298
0.389929
0.362615
0.332204
0.343567
0.358507
0.270279
0.386561
0.362881
0.252741
0.244257
0.332634
0.345913
0.294895
0.258501
0.249934
0.34535
0.257036
0.201663
0.333549
0.25435
0.367418
0.363255
0.221611
0.291241
0.355045
0.382086
0.353612
0.343745
0.260126
0.266732
0.374878
0.210154
0.257929
0.362765
0.271418
0.357727
0.391759
0.136953
0.355484
0.20412
0.374317
0.341117
0.369619
0.349643
0.250243
0.249841
0.358913
0.253495
0.332687
0.390665
0.148195
0.19939
0.343296
0.353896
0.335087
0.405591
0.158448
0.339024
0.361674
0.363173
0.371019
0.376747
0.341999
0.392637
0.409181
0.255153
0.181005
0.347174
0.146124
0.338038
0.0878982
0.260012
0.401013
0.199692
0.307086
0.363291
0.384419
0.18486
0.241862
0.188705
0.0835681
0.379414
0.346688
0.391319
0.3659
0.371609
0.328068
0.382117
0.267151
0.360901
0.324849
0.212319
0.133884
0.336624
0.388973
0.253629
0.389718
0.373639
0.26112
0.215693
0.336248
0.362668
0.370634
0.327664
0.104721
0.391444
0.370895
0.377728
0.353253
0.173074
0.208688
0.390011
0.244982
0.355299
0.375135
0.399981
0.405589
0.383177
0.1529
0.371345
0.370508
0.345182
0.185393
0.393581
0.293964
0.240335
0.366787
0.363629
0.33427
0.262929
0.349972
0.351522
0.397782
0.170412
0.369458
0.392432
0.387309
0.360258
0.138631
0.361889
0.395786
0.385698
0.26406
0.387442
0.188485
0.361101
0.227782
0.344609
0.370006
0.352352
0.378233
0.23254
0.402986
0.271855
0.0752637
0.0702139
0.260588
0.366074
0.355008
0.36921
0.331915
0.356985
0.256306
0.335168
0.34631
0.397338
0.269541
0.300412
0.382055
0.261648
0.413662
0.370606
0.370664
0.395971
0.274363
0.369901
0.281726
0.171878
0.335872
0.354379
0.338913
0.374919
0.166985
0.213056
0.333018
0.253539
0.347229
0.264346
0.266653
0.178868
0.25036
0.369159
0.337061
0.284515
0.409786
0.367007
0.394069
0.313537
0.340879
0.187323
0.39048
0.407416
0.393697
0.327682
0.349423
0.33364
0.112439
0.345721
0.207372
0.353409
0.185566
0.39631
0.403019
0.377877
0.371738
0.351589
0.240469
0.136946
0.407958
0.323368
0.340533
0.215772
0.373273
0.361363
0.348876
0.331871
0.404976
0.348678
0.342132
0.394414
0.227052
0.395471
0.139732
0.23112
0.298833
0.252303
0.337545
0.109285
0.398498
0.271775
0.357597
0.267505
0.156244
0.259329
0.342736
0.114781
0.340797
0.360852
0.287666
0.367616
0.221144
0.373174
0.389053
0.341539
0.14493
0.326388
0.225681
0.347994
0.390096
0.26681
0.330744
0.2608
0.230557
0.296226
0.377538
0.349693
0.38465
0.345615
0.159579
0.323195
0.38647
0.362202
0.359593
0.386712
0.266075
0.262893
0.340086
0.361427
0.0967288
0.375118
0.167394
0.383883
0.272993
0.368733
0.142192
0.366584
0.418466
0.145072
0.340824
0.404762
0.367158
0.282521
0.32307
0.211544
0.171197
0.363757
0.317449
0.385943
0.368437
0.16487
0.26388
0.181342
0.219928
0.322134
0.374792
0.346047
0.39238
0.344445
0.355869
0.251706
0.314521
0.366415
0.347892
0.238574
0.348618
0.356268
0.164831
0.377631
0.33816
0.340766
0.408709
0.390699
0.362595
0.265611
0.357134
0.359538
0.334228
0.367611
0.387835
0.366983
0.349763
0.356071
0.172355
0.251922
0.400101
0.246469
0.181058
0.191088
0.373419
0.270477
0.334608
0.236918
0.351006
0.244982
0.360614
0.37175
0.378742
0.192405
0.347692
0.321199
0.29764
0.387562
0.247445
0.331006
0.201496
0.367271
0.367074
0.294754
0.325479
0.2092
0.211779
0.113902
0.160332
0.267288
0.399215
0.378303
0.372006
0.402822
0.386962
0.370169
0.345949
0.0738287
0.39337
0.255832
0.34145
0.18485
0.133789
0.266317
0.35023
0.163896
0.342749
0.227855
0.391297
0.387198
0.354044
0.375113
0.367253
0.369039
0.212661
0.396636
0.38466
0.365549
0.257896
0.219213
0.263151
0.350039
0.341636
0.337356
0.14865
0.182391
0.125978
0.270871
0.294763
0.0820351
0.352534
0.239024
0.401273
0.270411
0.356152
0.243817
0.408353
0.386545
0.0752476
0.356609
0.357738
0.378639
0.403147
0.36771
0.384554
0.26845
0.164776
0.176564
0.251724
0.124311
0.238901
0.395584
0.344187
0.408171
0.274707
0.347133
0.337523
0.383026
0.332232
0.351802
0.208452
0.232655
0.11118
0.223339
0.37769
0.173175
0.384121
0.334381
0.201733
0.394042
0.342416
0.40879
0.354171
0.176692
0.341264
0.357153
0.374352
0.188673
0.207185
0.111781
0.318597
0.111486
0.196263
0.336043
0.353645
0.151008
0.0908493
0.338739
0.158962
0.382643
0.3574
0.218405
0.267641
0.360701
0.355315
0.347143
0.384739
0.273229
0.262613
0.402044
0.385208
0.27085
0.381986
0.3817
0.362008
0.266625
0.207459
0.236313
0.158084
0.146152
0.195934
0.334283
0.351882
0.374223
0.379863
0.398719
0.358505
0.33279
0.374105
0.297697
0.405144
0.355981
0.33305
0.256873
0.352995
0.360417
0.191043
0.338336
0.153594
0.372684
0.220993
0.148586
0.182886
0.325226
0.349478
0.397614
0.201601
0.344108
0.338863
0.356117
0.347404
0.244542
0.399579
0.154751
0.261452
0.354239
0.265575
0.216447
0.404706
0.130815
0.342041
0.366554
0.189673
0.362353
0.163304
0.249282
0.266989
0.297812
0.376971
0.393187
0.349531
0.369159
0.128004
0.371616
0.342374
0.35695
0.104398
0.190636
0.375282
0.349078
0.24048
0.358667
0.296657
0.16113
0.344045
0.152336
0.344549
0.17163
0.248534
0.335377
0.26533
0.367276
0.364788
0.383196
0.385573
0.270108
0.190368
0.380165
0.103732
0.268017
0.337141
0.371283
0.24171
0.349095
0.330733
0.287612
0.327059
0.32
0.34707
0.333725
0.236328
0.356384
0.392808
0.385901
0.241429
0.331408
0.414748
0.346199
0.256138
0.35579
0.380064
0.372087
0.162011
0.273525
0.346264
0.405878
0.358975
0.34837
0.356957
0.274497
0.367489
0.349844
0.241916
0.395955
0.37112
0.197413
0.328667
0.258724
0.177203
0.396684
0.382725
0.136519
0.0987647
0.303156
0.400686
0.332454
0.268484
0.223551
0.396381
0.415622
0.222781
0.366655
0.364762
0.392276
0.374516
0.33191
0.35114
0.334722
0.31013
0.26151
0.327672
0.147419
0.393223
0.162867
0.38843
0.381963
0.162229
0.340894
0.228908
0.244938
0.371322
0.34463
0.327648
0.266664
0.39152
0.169744
0.41458
0.344186
0.383693
0.343498
0.345413
0.35716
0.177414
0.311677
0.375054
0.389962
0.205837
0.410948
0.381825
0.273657
0.381894
0.357664
0.316817
0.334297
0.245619
0.423639
0.37066
0.171063
0.380378
0.409448
0.38023
0.401644
0.396863
0.341025
0.36706
0.365488
0.348667
0.339776
0.281863
0.13109
0.269138
0.383043
0.20034
0.209945
0.116126
0.358964
0.267333
0.38544
0.346956
0.364574
0.265047
0.147181
0.175838
0.129192
0.325599
0.378796
0.323146
0.355249
0.234276
0.204412
0.396447
0.345262
0.342175
0.248537
0.248583
0.273488
0.358445
0.253789
0.349844
0.375347
0.343036
0.131708
0.324414
0.252433
0.376244
0.147219
0.404789
0.358145
0.116815
0.171702
0.35154
0.365654
0.175684
0.373894
0.388022
0.377912
0.348325
0.39068
0.377107
0.331289
0.195364
0.256366
0.265023
0.0919813
0.333402
0.328565
0.201298
0.397843
0.128896
0.201955
0.07635
0.25088
0.345122
0.342811
0.215116
0.31946
0.231716
0.389117
0.203363
0.220736
0.142283
0.25359
0.12782
0.340227
0.260764
0.292944
0.348
0.32107
