0.267485
0.152314
0.0546522
0.142603
0.35727
0.126291
0.127334
0.178266
0.218736
0.206412
0.204683
0.173909
0.204044
0.274883
0.132477
0.069014
0.274449
0.271226
0.134625
0.205956
0.162872
0.244548
0.145871
0.171685
0.143978
0.215554
0.16671
0.220748
0.184759
0.313909
0.130671
0.328433
0.221142
0.269587
0.268024
0.128337
0.200208
0.208849
0.276449
0.285394
0.458236
0.198517
0.24222
0.0671557
0.227785
0.197438
0.0802584
0.25816
0.194398
0.230844
0.261004
0.175613
0.435609
0.214199
0.118141
0.236971
0.202714
0.312242
0.280011
0.215306
0.120598
0.125496
0.0993377
0.273065
0.204623
0.211603
0.116276
0.106574
0.294801
0.347562
0.261782
0.1644
0.222252
0.172356
0.141308
0.220127
0.23347
0.0791957
0.298438
0.143083
0.136856
0.265617
0.117702
0.10837
0.199356
0.234887
0.0736666
0.0631227
0.107626
0.144803
0.289546
0.237467
0.131537
0.200107
0.216334
0.0758413
0.0871091
0.230245
0.179314
0.200429
0.243073
0.282204
0.217221
0.219859
0.205236
0.18806
0.144915
0.188213
0.160504
0.120785
0.0701845
0.179654
0.231908
0.135957
0.398758
0.228432
0.15207
0.176688
0.0626495
0.277038
0.193291
0.160381
0.168217
0.407052
0.2483
0.2377
0.203173
0.273639
0.259166
0.194595
0.193216
0.109156
0.267234
0.118302
0.265185
0.227366
0.284154
0.243745
0.26438
0.230821
0.19912
0.171829
0.126136
0.151792
0.163409
0.18439
0.300869
0.0511581
0.305639
0.20288
0.14191
0.141979
0.196039
0.145658
0.247168
0.171756
0.163167
0.270375
0.144561
0.195022
0.113988
0.140328
0.152247
0.476889
0.206155
0.136459
0.164571
0.195082
0.270944
0.240927
0.15184
0.208677
0.184906
0.234299
0.108579
0.162665
0.192464
0.294899
0.116888
0.144821
0.246314
0.172067
0.244882
0.229108
0.153442
0.0924254
0.141709
0.164267
0.199206
0.241347
0.183374
0.265212
0.14326
0.231119
0.286375
0.20817
0.060427
0.0988827
0.0678462
0.111263
0.113934
0.202584
0.203503
0.260349
0.117494
0.116106
0.254418
0.13959
0.162416
0.218341
0.173014
0.154541
0.18992
0.0849977
0.236521
0.0766598
0.245708
0.19809
0.1889
0.171606
0.0785983
0.23093
0.168713
0.137631
0.156409
0.0732679
0.172442
0.0958494
0.122211
0.164885
0.196438
0.331347
0.216316
0.297988
0.127108
0.229332
0.238177
0.292563
0.242485
0.262663
0.249938
0.138223
0.0844023
0.313081
0.19114
0.302705
0.11444
0.0819542
0.127397
0.294492
0.130339
0.147987
0.136743
0.160238
0.241514
0.173562
0.138641
0.202836
0.189148
0.24032
0.262417
0.152528
0.157411
0.219385
0.142564
0.267625
0.308931
0.148731
0.144085
0.241346
0.443091
0.177746
0.198498
0.136151
0.121886
0.0452234
0.0891357
0.135144
0.314567
0.139172
0.233979
0.213151
0.162818
0.119755
0.193847
0.130263
0.253441
0.304029
0.144698
0.211934
0.303685
0.167137
0.130534
0.28739
0.145582
0.220159
0.119876
0.197546
0.456128
0.250782
0.190974
0.190387
0.100576
0.144874
0.169887
0.15847
0.24273
0.209911
0.28494
0.176449
0.215566
0.207701
0.241896
0.139691
0.213171
0.472229
0.301993
0.159703
0.222079
0.178891
0.323683
0.15414
0.261714
0.114659
0.150727
0.153474
0.101862
0.226884
0.202065
0.175325
0.227573
0.298314
0.25016
0.11353
0.286394
0.430808
0.161182
0.225837
0.153678
0.15397
0.191589
0.220587
0.168624
0.159122
0.263569
0.148259
0.245112
0.15984
0.145058
0.0701327
0.101749
0.189807
0.309017
0.178877
0.0967504
0.159744
0.31987
0.18477
0.212915
0.149856
0.0695312
0.193425
0.191209
0.142166
0.144258
0.250671
0.0906526
0.28206
0.124036
0.282771
0.234618
0.223054
0.110789
0.244416
0.173049
0.0789663
0.15063
0.177736
0.119233
0.164868
0.181784
0.201616
0.201989
0.171036
0.1611
0.226294
0.137447
0.293769
0.160349
0.207599
0.160016
0.221737
0.180814
0.164172
0.186375
0.208672
0.184785
0.100173
0.182319
0.13554
0.147969
0.209725
0.261287
0.202914
0.152829
0.179837
0.287563
0.133405
0.208976
0.236442
0.202448
0.180878
0.101906
0.262982
0.286229
0.23496
0.253118
0.464177
0.0933991
0.311125
0.136872
0.290225
0.155928
0.142155
0.211518
0.214466
0.196998
0.187258
0.180269
0.0841707
0.453413
0.205407
0.306699
0.221602
0.161489
0.197151
0.212548
0.189605
0.313394
0.274038
0.0965505
0.289342
0.218156
0.221774
0.246965
0.256274
0.215811
0.293685
0.142411
0.226468
0.228968
0.0898527
0.0721036
0.305612
0.181025
0.178996
0.224952
0.142235
0.216551
0.193402
0.264576
0.201578
0.29711
0.0972528
0.22305
0.415432
0.200361
0.229747
0.410825
0.167159
0.193329
0.125103
0.218371
0.214833
0.196607
0.148982
0.216701
0.108025
0.235834
0.432203
0.24979
0.138122
0.194003
0.149616
0.111454
0.205354
0.148979
0.159596
0.175374
0.155561
0.203222
0.203289
0.139412
0.257211
0.0695815
0.240314
0.224401
0.28169
0.240451
0.207804
0.104495
0.262328
0.16992
0.186151
0.183981
0.241278
0.199148
0.082139
0.181523
0.211252
0.231872
0.130802
0.205713
0.188556
0.137187
0.311323
0.240423
0.227716
0.252433
0.204231
0.12708
0.0762638
0.0641388
0.0871161
0.164423
0.223761
0.169964
0.157584
0.272455
0.292911
0.0685488
0.22068
0.0858034
0.178103
0.14354
0.110055
0.278799
0.0885835
0.243313
0.224535
0.0899463
0.130366
0.124344
0.201379
0.111302
0.0980813
0.111562
0.171359
0.20651
0.146142
0.150181
0.286577
0.156266
0.300872
0.295174
0.236028
0.160747
0.0927298
0.345158
0.149733
0.217337
0.152766
0.198483
0.203618
0.24502
0.218072
0.10809
0.1335
0.277382
0.287414
0.0505655
0.293177
0.145239
0.165965
0.213484
0.231151
0.191569
0.120849
0.158558
0.223062
0.152291
0.196819
0.043865
0.188664
0.158254
0.100713
0.282079
0.257621
0.199773
0.223908
0.236646
0.155187
0.118752
0.208946
0.0534779
0.174409
0.155101
0.211139
0.170934
0.127895
0.434444
0.25944
0.185354
0.12015
0.218861
0.287596
0.305437
0.245165
0.149794
0.231141
0.301919
0.208743
0.290401
0.110103
0.117841
0.233101
0.229788
0.110985
0.191937
0.0921122
0.236709
0.300053
0.239359
0.231329
0.213461
0.266722
0.198167
0.183076
0.15306
0.107436
0.227491
0.135289
0.225387
0.29086
0.26062
0.117018
0.195913
0.26923
0.180781
0.150873
0.123849
0.254965
0.180658
0.132413
0.142728
0.145009
0.189016
0.14444
0.46501
0.0907489
0.242048
0.215256
0.135512
0.170814
0.195671
0.219412
0.149794
0.147408
0.147994
0.140021
0.266061
0.191623
0.183789
0.2716
0.206195
0.412684
0.248912
0.27035
0.240945
0.109335
0.263372
0.200568
0.176437
0.23079
0.195995
0.380728
0.236198
0.176455
0.263142
0.146078
0.162457
0.130102
0.187856
0.262654
0.203338
0.23149
0.078054
0.0988112
0.213406
0.199666
0.115377
0.193789
0.0971705
0.196181
0.243766
0.143711
0.147518
0.139825
0.120057
0.135288
0.254298
0.220604
0.143591
0.13181
0.17064
0.151166
0.0987388
0.163658
0.239981
0.279456
0.189927
0.218855
0.215831
0.117357
0.151861
0.302447
0.154793
0.311843
0.114165
0.16389
0.129119
0.34344
0.200211
0.226732
0.242847
0.123016
0.211302
0.104716
0.322545
0.218439
0.205069
0.275652
0.21508
0.0409169
0.166078
0.150333
0.0471238
0.115061
0.155612
0.146162
0.139038
0.266149
0.258576
0.0789633
0.148339
0.234312
0.216323
0.179869
0.226396
0.317393
0.199201
0.320411
0.182806
0.235971
0.247939
0.290994
0.0889475
0.0891192
0.242664
0.256339
0.0905725
0.138641
0.121594
0.219204
0.266736
0.140341
0.203276
0.0947186
0.211306
0.147827
0.213041
0.218808
0.195095
0.199753
0.126097
0.163061
0.153318
0.337118
0.126163
0.153204
0.344397
0.294461
0.105165
0.209826
0.0856935
0.137026
0.170301
0.22303
0.315749
0.167519
0.139495
0.28903
0.176384
0.0549356
0.158852
0.260742
0.177071
0.113935
0.189215
0.262355
0.160676
0.273788
0.172679
0.141228
0.269913
0.297025
0.197023
0.0549727
0.114686
0.16497
0.289731
0.171654
0.263522
0.205825
0.134306
0.143287
0.219029
0.105138
0.234454
0.191185
0.148976
0.191404
0.12911
0.104127
0.236361
0.091977
0.159858
0.291948
0.193055
0.371515
0.26886
0.146497
0.17658
0.368461
0.279552
0.0702397
0.1716
0.0502165
0.203479
0.22343
0.130669
0.142466
0.156522
0.234989
0.166002
0.0557057
0.194838
0.28769
0.229202
0.178404
0.1297
0.226598
0.156231
0.30954
0.197062
0.216009
0.152617
0.177501
0.182617
0.191253
0.237814
0.264663
0.284535
0.244115
0.144512
0.226771
0.197357
0.176611
0.25178
0.239964
0.282191
0.192666
0.218634
0.185173
0.226587
0.220045
0.252478
0.309034
0.246537
0.109466
0.0874257
0.10002
0.149838
0.266584
0.190901
0.0453371
0.420552
0.293236
0.172848
0.225594
0.250251
0.247819
0.139244
0.197288
0.0893203
0.196498
0.216385
0.233916
0.177293
0.325735
0.266252
0.181169
0.0949156
0.243721
0.101284
0.295351
0.193796
0.130724
0.239377
0.0679325
0.15358
0.17949
0.307532
0.181389
0.212144
0.112787
0.291904
0.248305
0.274554
0.175466
0.230643
0.2288
0.0941391
0.0931547
0.197315
0.170579
0.133869
0.284493
0.242843
0.181933
0.112181
0.200132
0.445305
0.298718
0.15215
0.177697
0.081557
0.159049
0.296938
0.218838
0.283566
0.128243
0.15141
0.162617
0.0937042
0.229039
0.138136
0.239951
0.335777
0.152142
0.185117
0.135059
0.154516
0.244895
0.146074
0.221728
0.196274
0.168348
0.20243
0.134023
0.176017
0.228304
0.213217
0.134168
0.131067
0.304805
0.287364
0.233084
0.329204
0.32572
0.168731
0.170383
0.26365
0.292282
0.350996
0.266385
0.325168
0.106279
0.155057
0.215424
0.231302
0.205593
0.114455
0.107509
0.222825
0.196326
0.103962
0.16689
0.238504
0.207632
0.17492
0.118986
0.174739
0.0658475
0.119568
0.217801
0.209122
0.180959
0.179377
0.201374
0.269296
0.211686
0.174771
0.101327
0.177629
0.239441
0.163742
0.27569
0.187522
0.156851
0.241659
0.182962
0.220537
0.134671
0.178406
0.240097
0.137233
0.274775
0.186101
0.174648
0.215367
0.226707
0.298343
0.245123
0.176931
0.144716
0.142196
0.103238
0.198708
0.159394
0.217761
0.195268
0.265354
0.2464
0.0852538
0.294216
0.202584
0.0923977
0.0901148
0.201765
0.0560991
0.260784
0.197458
0.159401
0.162425
0.197426
0.22094
0.160005
0.274287
0.0815144
0.289185
0.18889
0.222294
0.138678
0.165549
0.226984
0.151676
0.134591
0.167909
0.271077
0.0679418
0.208863
0.225695
0.215197
0.254175
0.15531
0.179552
0.182992
0.258122
0.190195
0.228385
0.116714
0.0963539
0.226983
0.265606
0.195932
0.218248
0.15865
0.18323
0.0740554
0.228579
0.243328
0.164288
0.0857053
0.162246
0.200902
0.207303
0.321595
0.197867
0.281376
0.103231
0.241627
0.186196
0.204363
0.252859
0.11667
0.181659
0.156776
0.27079
0.18617
0.171611
0.288913
0.260772
0.161199
0.268445
0.312787
0.249383
0.156541
0.198134
0.218153
0.184511
0.239458
0.243465
0.214652
0.0667272
0.237579
0.179268
0.244867
0.229568
0.207666
0.316165
0.242339
0.211041
0.172203
0.197853
0.173766
0.379888
0.231681
0.160331
0.337417
0.142174
0.108863
0.309986
0.24608
0.261467
0.228112
0.273759
0.176646
0.216343
0.209805
0.172829
0.12609
0.218362
0.22495
0.218407
0.153374
0.19617
0.20954
0.13871
0.224087
0.0876637
0.211075
0.193515
0.331668
0.095137
0.194994
0.162036
0.130186
0.25794
0.25731
0.317224
0.321019
0.222755
0.231233
0.377728
0.202027
0.226548
0.297485
0.149908
0.275798
0.271491
0.331522
0.261031
0.142886
0.169108
0.269329
0.13938
0.298094
0.126378
0.112948
0.107447
0.111581
0.0952938
0.0808901
0.072978
0.0750961
0.2071
0.267962
0.0760909
0.128352
0.248668
0.260138
0.239401
0.179241
0.203402
0.252395
0.17381
0.171782
0.193247
0.144599
0.168509
0.0785709
0.403246
0.251814
0.168597
0.315256
0.116391
0.151935
0.0597869
0.20513
0.0905818
0.170498
0.321536
0.0785343
0.17414
0.216569
0.188762
0.181418
0.204691
0.18486
0.261303
0.203713
0.286824
0.135887
0.22836
0.257262
0.156488
0.246523
0.180449
0.260228
0.133536
0.204493
0.19388
0.173834
0.230891
0.266074
0.166986
0.123425
0.180118
0.15707
0.216079
0.107809
0.121827
0.19703
0.0854835
0.198909
0.216053
0.160353
0.325747
0.23065
0.193574
0.186574
0.306162
0.135404
0.227357
0.119139
0.253204
0.23118
0.257745
0.246353
0.338833
0.296199
0.289377
0.119883
0.133624
0.0837969
0.181091
0.198043
0.195753
0.273851
0.307086
0.215606
0.150396
0.119222
0.316713
0.181165
0.143647
0.308144
0.321668
0.232351
0.226574
0.405648
0.334917
0.141638
0.151364
0.200564
0.165736
0.218277
0.094933
0.200915
0.308529
0.0727056
0.251516
0.0643063
0.142889
0.16608
0.219496
0.159722
0.191477
0.102042
0.243406
0.110841
0.0978154
0.224793
0.109251
0.242222
0.201245
0.127784
0.259398
0.214336
0.266158
0.211265
0.11841
0.105502
0.281691
0.0903949
0.165709
0.175789
0.118276
0.222412
0.113554
0.181476
0.0927985
0.197963
0.246473
0.0896943
0.179394
0.227274
0.268406
0.236039
0.125122
0.184567
0.0961759
0.091086
0.16195
0.275137
0.20626
0.123551
0.220534
0.15359
0.202152
0.207601
0.202809
0.182254
0.266808
0.210268
0.204904
0.11402
0.244397
0.37514
0.291935
0.210342
0.109538
0.273879
0.210441
0.159719
0.290829
0.219286
0.250633
0.220073
0.199123
0.218964
0.0946549
0.320038
0.225356
0.134847
0.170393
0.118102
0.225581
0.0931723
0.23596
0.262388
0.0788356
0.168447
0.229865
0.149337
0.284511
0.114806
0.203376
0.184537
0.254724
0.222845
0.132964
0.132129
0.232336
0.162239
0.168466
0.0745542
0.229365
0.240944
0.157181
0.225115
0.361773
0.30422
0.300335
0.166491
0.177129
0.156018
0.0593762
0.25618
0.190713
0.177855
0.30308
0.100012
0.245528
0.238872
0.245675
0.0973461
0.115475
0.144538
0.183716
0.112871
0.189205
0.213201
0.17985
0.212031
0.333055
0.173748
0.138554
0.191749
0.155322
0.243796
0.225234
0.265313
0.163152
0.23429
0.269505
0.147355
0.217293
0.180063
0.278725
0.207391
0.0830673
0.194618
0.0816919
0.137773
0.102312
0.119546
0.267881
0.093068
0.069222
0.212836
0.267225
0.189252
0.245447
0.153817
0.0771508
0.109659
0.223566
0.175468
0.151504
0.233432
0.350929
0.198718
0.124007
0.193151
0.199405
0.151184
0.235129
0.270886
0.270092
0.221616
0.257755
0.280718
0.211698
0.267175
0.110193
0.214246
0.164492
0.285434
0.240456
0.156376
0.230161
0.237105
0.117612
0.12929
0.156652
0.180161
0.0718126
0.241556
0.237591
0.0973056
0.204603
0.21941
0.220089
0.233457
0.0932174
0.178628
0.0889447
0.240306
0.102562
0.147033
0.130262
0.289102
0.156743
0.134855
0.215491
0.192699
0.158681
0.0907838
0.280691
0.247757
0.117252
0.123605
0.160089
0.207342
0.22346
0.218115
0.229704
0.214234
0.143279
0.180734
0.162695
0.194088
0.245181
0.210055
0.0817982
0.232017
0.222634
0.162543
0.30644
0.116195
0.244367
0.150308
0.195949
0.193952
0.154465
0.176777
0.199302
0.273728
0.245125
0.0990077
0.232351
0.171761
0.287063
0.0532704
0.290623
0.208309
0.147938
0.349373
0.0900402
0.110529
0.223605
0.0787768
0.119469
0.0486341
0.146877
0.167622
0.127802
0.262796
0.147456
0.203596
0.298916
0.159855
0.178674
0.0660899
0.159592
0.0681205
0.205931
0.190449
0.260411
0.244981
0.24362
0.211788
0.124046
0.221149
0.247635
0.0464493
0.124661
0.353409
0.108805
0.241438
0.205129
0.168465
0.10027
0.242245
0.212699
0.200493
0.25309
0.245441
0.168725
0.31195
0.188996
0.328303
0.0575026
0.221715
0.289926
0.235513
0.170776
0.207211
0.195298
0.226571
0.108538
0.126002
0.157084
0.271141
0.174561
0.181177
0.221975
0.21184
0.242041
0.231277
0.218938
0.157998
0.0938314
0.165073
0.143748
0.162701
0.243944
0.275472
0.0919133
0.145855
0.255757
0.115585
0.319826
0.121904
0.11397
0.176821
0.137015
0.164567
0.162253
0.308555
0.204533
0.198941
0.31976
0.128278
0.135753
0.187002
0.114511
0.314985
0.146797
0.260942
0.310716
0.178402
0.221062
0.182603
0.378436
0.106731
0.226757
0.161095
0.0913861
0.311988
0.271462
0.298683
0.132083
0.25508
0.166962
0.215365
0.246207
0.200578
0.11653
0.17384
0.138002
0.186045
0.13765
0.131716
0.207333
0.103692
0.104808
0.22215
0.1479
0.327364
0.265886
0.199015
0.220468
0.284431
0.267459
0.170835
0.194455
0.201909
0.204619
0.180906
0.114909
0.27966
0.17322
0.266944
0.222454
0.210058
0.225046
0.106924
0.217762
0.16094
0.242324
0.165394
0.159621
0.214246
0.198373
0.195689
0.124537
0.168656
0.122182
0.139521
0.294064
0.0596217
0.15413
0.186315
0.114321
0.103321
0.211624
0.231975
0.0676457
0.301944
0.302783
0.10168
0.305566
0.28402
0.0793675
0.214243
0.208771
0.246897
0.145123
0.0561595
0.151747
0.229163
0.233983
0.12259
0.243504
0.146755
0.149604
0.172905
0.110662
0.264519
0.126704
0.234629
0.0958933
0.12336
0.249216
