0.147682
0.0919172
0.133806
0.277396
0.0886138
0.115702
0.139171
0.121309
0.509635
0.197932
0.142956
0.112857
0.158213
0.156991
0.114424
0.113782
0.156605
0.239356
0.417152
0.427115
0.158639
0.122596
0.0707183
0.157733
0.128159
0.227692
0.161282
0.158304
0.10766
0.161855
0.119164
0.155112
0.0941578
0.546404
0.124647
0.0947831
0.1176
0.124661
0.149835
0.115842
0.108081
0.102974
0.170133
0.109057
0.113938
0.106382
0.139647
0.152771
0.205383
0.196815
0.155225
0.0943689
0.130398
0.172536
0.127446
0.144579
0.0839036
0.147571
0.153919
0.122692
0.116743
0.124928
0.179447
0.260916
0.154929
0.106688
0.114312
0.160592
0.276782
0.223489
0.284568
0.159182
0.148297
0.154211
0.148506
0.335516
0.291785
0.117326
0.125922
0.0905811
0.159066
0.183332
0.108151
0.412746
0.157214
0.11366
0.10649
0.190141
0.158516
0.122904
0.157504
0.115298
0.0902477
0.122157
0.118535
0.0855699
0.115552
0.162895
0.109846
0.157223
0.127187
0.109336
0.0772006
0.120654
0.158969
0.161381
0.142146
0.144154
0.220436
0.153854
0.194509
0.216709
0.102523
0.162689
0.125503
0.27013
0.114929
0.149723
0.19382
0.122526
0.0819785
0.154096
0.095048
0.145629
0.15833
0.152972
0.14964
0.0945237
0.155456
0.158573
0.0450536
0.126383
0.14551
0.200251
0.155885
0.110774
0.156117
0.198591
0.16007
0.158455
0.110563
0.0983323
0.114396
0.493285
0.144168
0.111639
0.0925445
0.52706
0.129391
0.337366
0.462404
0.149923
0.153751
0.114872
0.177083
0.429626
0.279974
0.153583
0.118475
0.114347
0.177973
0.154525
0.202671
0.0904862
0.0922025
0.383869
0.113158
0.126104
0.152076
0.15468
0.138071
0.372291
0.151329
0.118498
0.0825974
0.117663
0.115259
0.151306
0.145653
0.139371
0.145567
0.153235
0.153664
0.115453
0.349189
0.227334
0.144126
0.115031
0.212328
0.145434
0.219263
0.207263
0.154847
0.115284
0.1198
0.0883034
0.334663
0.156112
0.327027
0.112117
0.12336
0.0939265
0.108781
0.301312
0.118065
0.159792
0.157111
0.154628
0.0831387
0.112241
0.150849
0.174239
0.159327
0.14584
0.113986
0.115199
0.121324
0.584895
0.0954486
0.119958
0.0949079
0.0914099
0.148601
0.109102
0.12338
0.68267
0.0944417
0.157068
0.11772
0.268895
0.247338
0.158126
0.154172
0.142569
0.154933
0.108226
0.0543745
0.107465
0.116829
0.111136
0.124573
0.127408
0.150492
0.0913449
0.0203796
0.155868
0.162649
0.110693
0.12181
0.084873
0.144063
0.215217
0.0860608
0.12657
0.121723
0.0873498
0.111449
0.0927188
0.15605
0.121545
0.108504
0.122071
0.147367
0.120649
0.117846
0.155577
0.0754641
0.106573
0.110525
0.111293
0.123735
0.4233
0.11115
0.111656
0.212909
0.122744
0.149438
0.155077
0.189484
0.109781
0.56633
0.327657
0.164595
0.150415
0.116637
0.123041
0.253144
0.118191
0.433926
0.226793
0.159266
0.261612
0.116195
0.0955356
0.111825
0.0899604
0.156566
0.294419
0.113149
0.115984
0.15808
0.155459
0.162227
0.0761249
0.0925821
0.121291
0.330555
0.271375
0.111345
0.150829
0.111229
0.0819149
0.230854
0.111614
0.156874
0.145543
0.217153
0.398371
0.0831246
0.223971
0.112203
0.0929231
0.124691
0.0967386
0.163723
0.203533
0.11745
0.372938
0.0757425
0.108871
0.129659
0.156158
0.0953314
0.178149
0.112041
0.217009
0.113649
0.150456
0.118651
0.107813
0.178575
0.158536
0.115986
0.272588
0.234242
0.200847
0.125005
0.155281
0.158668
0.155824
0.196128
0.107982
0.111372
0.0363974
0.136736
0.151126
0.417978
0.32095
0.128583
0.150566
0.108028
0.181143
0.0869766
0.155331
0.120292
0.1494
0.567675
0.0822043
0.143949
0.0873225
0.149007
0.0936995
0.161428
0.210978
0.108382
0.149623
0.125998
0.118569
0.163963
0.121039
0.125569
0.11904
0.204905
0.586474
0.281419
0.0788952
0.121495
0.189884
0.158548
0.160565
0.158992
0.087594
0.217672
0.106712
0.160323
0.122851
0.153822
0.244699
0.130284
0.122245
0.122238
0.116825
0.153541
0.147592
0.199401
0.186593
0.121416
0.148002
0.0986559
0.159145
0.0818037
0.203558
0.0936308
0.151664
0.162092
0.15619
0.156366
0.124579
0.225658
0.230348
0.150924
0.234027
0.153813
0.122822
0.112114
0.160143
0.317092
0.106766
0.357771
0.152949
0.148422
0.11763
0.310368
0.116271
0.109022
0.16973
0.135388
0.151678
0.205449
0.158861
0.208597
0.166589
0.335096
0.115514
0.24415
0.125582
0.153899
0.130173
0.153256
0.115506
0.107337
0.339067
0.110987
0.161947
0.108531
0.145727
0.219024
0.120726
0.150802
0.0900049
0.15128
0.122643
0.154845
0.0849411
0.153563
0.334032
0.0868821
0.169795
0.110264
0.114013
0.126249
0.117164
0.0909329
0.125177
0.24299
0.0727704
0.111066
0.170767
0.368361
0.152903
0.0788807
0.11827
0.147813
0.257397
0.117605
0.128567
0.093533
0.247562
0.159017
0.114433
0.160302
0.0897192
0.11249
0.114747
0.208955
0.160762
0.112857
0.309323
0.11528
0.156744
0.342499
0.120239
0.114377
0.0934393
0.114445
0.115521
0.166508
0.117722
0.387327
0.158237
0.118562
0.11947
0.159126
0.107882
0.161946
0.142941
0.0728419
0.256343
0.0753334
0.11069
0.144906
0.120798
0.1459
0.125038
0.108486
0.175243
0.339311
0.111917
0.153177
0.12448
0.0929779
0.230277
0.182823
0.0624394
0.107806
0.191866
0.365499
0.261668
0.153854
0.161989
0.0705249
0.112745
0.356242
0.156192
0.16004
0.0916352
0.112191
0.13364
0.123011
0.141863
0.405164
0.112758
0.116429
0.145917
0.11795
0.103876
0.125175
0.161808
0.362484
0.112563
0.103554
0.217809
0.127711
0.182954
0.113351
0.113738
0.428716
0.110905
0.351227
0.278325
0.226146
0.415525
0.113171
0.164472
0.154714
0.161584
0.214721
0.120979
0.112922
0.106344
0.0870669
0.165386
0.112573
0.112965
0.1208
0.214605
0.1433
0.0836531
0.105229
0.238805
0.115816
0.0938592
0.116996
0.125249
0.162467
0.118772
0.189961
0.108654
0.156898
0.201931
0.110971
0.195568
0.2487
0.106476
0.128509
0.122694
0.0936319
0.11053
0.0622545
0.169832
0.344426
0.310538
0.1252
0.120767
0.111942
0.151081
0.170488
0.0845919
0.123246
0.303583
0.119437
0.151174
0.113552
0.113363
0.349837
0.0784388
0.125526
0.109813
0.240323
0.117439
0.11188
0.160357
0.111189
0.156549
0.110093
0.122982
0.103428
0.239971
0.117354
0.147192
0.0622083
0.318342
0.424167
0.354023
0.131268
0.115948
0.260266
0.0901489
0.122287
0.226476
0.158715
0.19527
0.265678
0.215535
0.067837
0.151414
0.108945
0.17051
0.125326
0.417603
0.148592
0.10768
0.174537
0.158605
0.110288
0.158045
0.311831
0.372626
0.577545
0.181448
0.116727
0.0816987
0.0480252
0.116788
0.15416
0.159648
0.117213
0.123865
0.20094
0.129876
0.149301
0.150043
0.211691
0.143555
0.0868125
0.236639
0.154197
0.618477
0.125753
0.156036
0.0909446
0.539922
0.159302
0.120176
0.234539
0.109809
0.0774672
0.163339
0.116766
0.123313
0.317653
0.144411
0.120053
0.114778
0.113473
0.340383
0.106715
0.124763
0.116563
0.423207
0.1214
0.0909259
0.15325
0.0910087
0.106631
0.108481
0.120061
0.162051
0.118933
0.0942576
0.123217
0.151962
0.135915
0.30028
0.1231
0.324324
0.111502
0.21119
0.118615
0.257921
0.218608
0.15422
0.115372
0.156484
0.159681
0.107744
0.146904
0.125648
0.150898
0.124995
0.133753
0.120278
0.155896
0.207743
0.146417
0.193558
0.122113
0.124364
0.193026
0.10663
0.157139
0.161711
0.119203
0.107574
0.106653
0.273446
0.126799
0.0887164
0.24029
0.141256
0.308813
0.158973
0.126178
0.11721
0.172989
0.256591
0.108445
0.161808
0.152502
0.263386
0.108872
0.0756343
0.124243
0.162866
0.126703
0.117596
0.251075
0.0817501
0.151558
0.162141
0.156824
0.12707
0.118635
0.157472
0.201186
0.156083
0.114792
0.134617
0.59731
0.132173
0.0901266
0.116811
0.15873
0.12437
0.126746
0.118889
0.0845026
0.116125
0.121329
0.141425
0.596855
0.191372
0.1651
0.559946
0.109103
0.306546
0.11086
0.15178
0.150801
0.106425
0.157017
0.153359
0.249612
0.151059
0.258335
0.229926
0.113725
0.153969
0.105436
0.177645
0.111352
0.536893
0.267183
0.0829788
0.143934
0.11048
0.148181
0.155605
0.248073
0.12393
0.117816
0.0818166
0.112655
0.377846
0.0480666
0.156449
0.0939505
0.122278
0.0939759
0.179642
0.120876
0.277631
0.120322
0.105392
0.276254
0.156225
0.158483
0.125197
0.215765
0.235066
0.27208
0.162261
0.472246
0.160684
0.0905494
0.120448
0.123827
0.121899
0.0936246
0.426042
0.150043
0.155754
0.111206
0.117745
0.352659
0.197729
0.123899
0.151171
0.16049
0.0929902
0.121112
0.116783
0.296377
0.369129
0.155825
0.160636
0.27073
0.251339
0.153443
0.126149
0.229695
0.307817
0.157021
0.160703
0.120933
0.117346
0.238371
0.114228
0.343136
0.156289
0.124103
0.277859
0.15968
0.112916
0.217039
0.159083
0.153881
0.0911651
0.124944
0.160084
0.12278
0.082808
0.109333
0.116829
0.112459
0.110535
0.263761
0.117207
0.115857
0.159289
0.161408
0.262989
0.156913
0.121452
0.143323
0.213015
0.108884
0.15221
0.0889423
0.121682
0.120196
0.123599
0.114196
0.112327
0.20476
0.112182
0.407045
0.116509
0.14779
0.108068
0.139874
0.11335
0.117559
0.109626
0.259232
0.151594
0.132236
0.109565
0.100681
0.275707
0.147247
0.114791
0.154224
0.116192
0.245433
0.145437
0.109995
0.167472
0.12613
0.125483
0.171623
0.125656
0.269263
0.462567
0.155936
0.157212
0.153488
0.160763
0.110686
0.0810309
0.158907
0.112582
0.11063
0.0828465
0.130453
0.593423
0.364038
0.157915
0.152292
0.120695
0.30996
0.149064
0.0979333
0.452971
0.163094
0.153129
0.284267
0.153376
0.145576
0.414022
0.0866227
0.1097
0.124427
0.155826
0.11266
0.0947086
0.12104
0.145014
0.436531
0.0932381
0.158238
0.477671
0.255218
0.458717
0.107874
0.237369
0.12485
0.113622
0.2872
0.167373
0.23381
0.147645
0.696548
0.489639
0.107814
0.0836941
0.197411
0.232034
0.123793
0.165924
0.122677
0.121281
0.126007
0.0871315
0.0900561
0.12045
0.0928561
0.124819
0.105355
0.126985
0.0944234
0.191016
0.09191
0.334488
0.126407
0.200018
0.138534
0.128621
0.185395
0.191254
0.161683
0.149761
0.0718693
0.149916
0.0836083
0.166589
0.123148
0.113217
0.26604
0.123061
0.288041
0.229549
0.244249
0.583342
0.12389
0.109077
0.200753
0.209808
0.106619
0.117147
0.263556
0.12692
0.223697
0.318722
0.148788
0.129791
0.145269
0.413281
0.115917
0.112295
0.153143
0.117783
0.0874494
0.150733
0.155287
0.124081
0.186083
0.147315
0.0839213
0.151729
0.0824428
0.104776
0.109876
0.158154
0.270682
0.116246
0.0862522
0.155254
0.0646016
0.130446
0.154752
0.241983
0.115244
0.149188
0.111886
0.0830394
0.126364
0.284468
0.126003
0.112575
0.215
0.158043
0.113055
0.0924977
0.259617
0.155547
0.159896
0.156281
0.087708
0.0862407
0.0752718
0.114051
0.300767
0.324098
0.123684
0.165415
0.0834012
0.107668
0.124515
0.111194
0.110084
0.156822
0.115209
0.123248
0.158165
0.122993
0.338425
0.125669
0.177702
0.150904
0.223916
0.115898
0.110693
0.205076
0.118034
0.110423
0.37664
0.155575
0.108312
0.120964
0.147663
0.123801
0.159376
0.0947767
0.115063
0.180498
0.0860389
0.122092
0.154396
0.106921
0.150835
0.155064
0.267076
0.240052
0.158917
0.495506
0.159363
0.213444
0.158919
0.160745
0.131404
0.0943414
0.350382
0.0821823
0.344627
0.210362
0.202833
0.124632
0.11437
0.0881712
0.102431
0.17044
0.0872283
0.155263
0.153584
0.245859
0.148146
0.0935857
0.205847
0.156481
0.0850614
0.13122
0.123727
0.177131
0.233887
0.0788137
0.122799
0.115595
0.115513
0.106658
0.101961
0.157622
0.164703
0.150646
0.130245
0.391375
0.164318
0.0934966
0.117003
0.146254
0.123525
0.20748
0.152389
0.14774
0.114202
0.21737
0.249881
0.210711
0.0889507
0.0918122
0.153699
0.107621
0.173782
0.150614
0.126689
0.167342
0.0925863
0.499092
0.166091
0.121437
0.377486
0.12657
0.125521
0.131154
0.158335
0.118391
0.118229
0.144365
0.419064
0.284739
0.107325
0.120151
0.0992724
0.16339
0.181111
0.157715
0.154059
0.208649
0.0876419
0.125161
0.191562
0.129607
0.117526
0.116537
0.230241
0.0818561
0.149361
0.115568
0.11288
0.227871
0.191128
0.127808
0.445423
0.116051
0.124799
0.142709
0.267615
0.259381
0.108562
0.233314
0.1144
0.119632
0.275745
0.154948
0.155428
0.110592
0.294955
0.122522
0.163505
0.160307
0.102925
0.417028
0.257105
0.126742
0.258199
0.125894
0.151141
0.160332
0.0995833
0.158243
0.113961
0.446708
0.3079
0.101139
0.159271
0.120112
0.119592
0.258368
0.646134
0.167128
0.18724
0.125284
0.108542
0.125347
0.123195
0.111401
0.315918
0.126089
0.151934
0.461013
0.112407
0.176678
0.16274
0.157802
0.108195
0.114751
0.235993
0.0942523
0.123405
0.277747
0.171265
0.161229
0.117272
0.114393
0.118964
0.291406
0.149897
0.152193
0.497846
0.111506
0.126147
0.0929129
0.266141
0.202224
0.0828554
0.197867
0.117285
0.125095
0.146915
0.152866
0.0943157
0.145972
0.113225
0.156464
0.192284
0.14926
0.156203
0.127909
0.227013
0.138517
0.0833552
0.139174
0.105463
0.158461
0.14711
0.113071
0.165594
0.143701
0.194273
0.159187
0.259737
0.0930904
0.115086
0.167099
0.12045
0.106835
0.109873
0.121168
0.130363
0.116773
0.139423
0.114853
0.477668
0.215548
0.127333
0.465544
0.155385
0.502955
0.0930717
0.215066
0.0926892
0.114059
0.507281
0.18307
0.156668
0.110916
0.0939884
0.134986
0.150477
0.128747
0.179003
0.149474
0.290239
0.149634
0.0876947
0.153197
0.150701
0.304325
0.126202
0.61563
0.152234
0.284826
0.246433
0.154514
0.0834631
0.141333
0.255392
0.148622
0.146707
0.0734723
0.193857
0.244729
0.111147
0.0962794
0.123138
0.155302
0.126445
0.111893
0.108888
0.121086
0.155906
0.124042
0.196898
0.0624794
0.0871348
0.147905
0.111477
0.136481
0.22317
0.17727
0.1086
0.426444
0.144862
0.130267
0.12332
0.155164
0.108568
0.115864
0.10146
0.241267
0.126954
0.114543
0.124399
0.113456
0.153268
0.0829757
0.108403
0.224036
0.0923079
0.371593
0.112841
0.154048
0.156287
0.152487
0.0952317
0.153217
0.150339
0.277465
0.349077
0.1164
0.124022
0.0918326
0.125368
0.121233
0.122438
0.0480657
0.360641
0.152818
0.15301
0.161101
0.230327
0.114821
0.115145
0.310769
0.117243
0.152701
0.172159
0.159477
0.14484
0.162615
0.107433
0.108614
0.503949
0.155257
0.13288
0.0946996
0.152497
0.326676
0.15506
0.0831513
0.226645
0.0757148
0.0906592
0.506472
0.106806
0.280794
0.115539
0.150528
0.123446
0.60147
0.157891
0.203508
0.091824
0.0951527
0.149313
0.122663
0.0624999
0.587027
0.144577
0.300848
0.0819912
0.160478
0.167259
0.121134
0.123034
0.155498
0.246995
0.114939
0.157434
0.270326
0.589568
0.174814
0.243318
0.244868
0.150954
0.0950309
0.121137
0.15023
0.123425
0.2481
0.144542
0.107875
0.146495
0.117293
0.122261
0.116061
0.12539
0.150423
0.122005
0.121959
0.0751618
0.109988
0.126005
0.112433
0.120187
0.107794
0.155398
0.246458
0.118232
0.111955
0.154126
0.152275
0.203504
0.114688
0.177126
0.186338
0.103877
0.121282
0.120442
0.161355
0.154475
0.159678
0.233228
0.11337
0.151618
0.12069
0.153055
0.315007
0.281392
0.111968
0.351313
0.204324
0.223666
0.272935
0.120647
0.326911
0.109493
0.145775
0.0783052
0.108629
0.258473
0.156009
0.155391
0.336228
0.198678
0.234186
0.101761
0.106168
0.125815
0.105162
0.115711
0.0831767
0.0710897
0.146119
0.482709
0.0937157
0.118634
0.238548
0.113391
0.150034
0.244216
0.121891
0.159726
0.123765
0.305473
0.0954505
0.20512
0.229162
0.107721
0.157468
0.151282
0.153205
0.190327
0.077461
0.157863
0.146074
0.271934
0.215466
0.157835
0.117455
0.083771
0.14734
0.124521
0.155513
0.106407
0.122706
0.106578
0.129028
0.165484
0.113551
0.588808
0.113209
0.255315
0.145904
0.15341
0.151641
0.122972
0.196211
0.0924457
0.0942777
0.0694231
0.156523
0.224754
0.374956
0.153034
0.0867542
0.111071
0.118874
0.227227
0.140173
0.160242
0.125732
0.124987
0.194584
0.108229
0.19377
0.441888
0.376851
0.49724
0.119525
0.117736
0.0826936
0.10817
0.287417
0.227795
0.155447
0.140494
0.110914
0.110845
0.0832756
0.283819
0.119501
0.200165
0.200415
0.250391
0.155629
0.149093
0.087369
0.207983
0.117774
0.0933507
0.10978
0.0909831
0.112618
0.124293
0.133877
0.0780364
0.161801
0.155279
0.112618
0.0941603
0.12654
0.159559
0.118883
0.121928
0.184928
0.110768
0.155826
0.054173
0.1231
0.197243
0.159643
0.113246
0.117905
0.110062
0.146572
0.234265
0.134211
0.231173
0.171436
0.160523
0.132345
0.108688
0.148075
0.110247
0.10119
0.175315
0.115789
0.177367
0.244729
0.125371
0.114049
0.0829048
0.0841223
0.236761
0.333321
0.213431
0.10797
0.107936
0.207275
0.156409
0.211607
0.528684
0.203019
0.113955
0.0925624
0.147053
0.149887
0.263414
0.168121
0.333525
0.218924
0.232373
0.245834
0.122225
0.584804
0.463628
0.243759
0.087842
0.157254
0.116849
0.122429
0.117183
0.156016
0.112437
0.14059
0.16361
0.165634
0.123411
0.107269
0.117443
0.237597
0.122407
0.0862651
0.156212
0.11903
0.114769
0.147732
0.183192
0.150207
0.151999
0.164815
0.0927719
0.166284
0.149161
0.108817
0.149776
0.113583
0.11916
0.132806
0.156379
0.142429
0.380893
0.0884574
0.153428
0.38737
0.0548542
0.136687
0.152006
0.0934572
0.0879969
0.116406
0.122176
0.112996
0.120387
0.433223
0.123594
0.117126
0.114619
0.232585
0.16569
0.08945
0.573722
0.158913
0.475497
0.164124
0.115775
0.165561
0.159769
0.0910343
0.160033
0.0943368
0.120733
0.0894107
0.165577
0.0940286
0.113013
0.112771
0.267564
0.121824
0.111153
0.156909
0.203723
0.267004
0.116411
0.230777
0.0879917
0.137747
0.0954476
0.14284
0.106536
0.117695
0.148368
0.111645
0.107656
0.152483
0.122955
0.213792
0.123722
0.119359
0.183593
0.164851
0.130976
0.159042
0.0870637
0.122748
0.107607
0.152804
0.230778
0.177598
0.27444
0.396325
0.123038
0.194998
0.118828
0.125033
0.126757
0.118236
0.114703
0.21135
0.114975
0.145146
0.16119
0.294478
0.152431
0.109232
0.16134
0.148885
0.0825903
0.108638
0.148177
0.687979
0.19675
0.187148
0.150127
0.153266
0.0820624
0.363151
0.124102
0.123588
0.145252
0.234013
0.105614
0.0956264
0.194091
0.298141
0.314053
0.185454
0.121547
0.144822
0.145661
0.136415
0.400301
0.117902
0.184445
0.124082
0.102861
0.151119
0.124341
0.127356
0.106411
0.121368
0.092447
0.0861941
0.580246
0.11462
0.15014
0.160195
0.119046
0.255695
0.214501
0.213417
0.518582
0.236764
0.1176
0.156297
0.196149
0.109905
0.111656
0.192549
0.152646
0.111914
0.119733
0.391996
0.176544
0.123751
0.152127
0.191873
0.126983
0.199794
0.151366
0.158317
0.144536
0.505412
0.169126
0.117184
0.200514
0.113949
0.253527
0.125428
0.251975
0.160723
0.121213
0.158745
0.0524782
0.152051
0.12518
0.118521
0.121071
0.551939
0.0865762
0.233975
0.255172
0.149228
0.337708
0.448069
0.160951
0.170071
0.124832
0.156157
0.119348
0.117622
0.122696
0.0880311
0.545498
0.120813
0.152305
0.120141
0.153603
0.159549
0.162729
0.137102
0.094533
0.156732
0.313616
0.190443
0.151317
0.119958
0.127357
0.118355
0.110943
0.114106
0.125683
0.30395
0.116464
0.171985
0.159785
0.116692
0.1615
0.11364
0.120417
0.143903
0.475315
0.117299
0.16245
0.111281
0.180712
0.157384
0.225614
0.117883
0.132764
0.166819
0.122411
0.111478
0.482044
0.155455
0.200079
0.145875
0.153883
0.087169
0.101579
0.155376
0.373386
0.349973
0.124992
0.0958067
0.11163
0.283528
0.162894
0.149789
0.126739
0.250182
0.148019
0.108924
0.153075
0.157684
0.155266
0.0847603
0.121693
0.207069
0.162411
0.126357
0.155695
0.102828
0.120422
0.124369
0.163924
0.239881
0.156144
0.0849781
0.122192
0.115896
0.132477
0.271807
0.184423
0.126031
0.110302
0.161855
0.113679
0.141077
0.482245
0.117541
0.15655
0.138885
0.0876284
0.279701
0.107502
0.234627
0.117631
0.154403
0.111712
0.103517
0.152728
0.112622
0.609001
0.313278
0.168291
0.192998
0.124399
0.352046
0.205624
0.159209
0.12623
0.152642
0.151452
0.120394
0.157347
0.119156
0.117887
0.160187
0.155711
0.330263
0.448437
0.15474
0.156366
0.108786
0.106547
0.329386
0.107924
0.196688
0.0942407
0.153366
0.157444
0.102321
0.121909
0.458296
0.34107
0.107742
0.117629
0.163265
0.303462
0.11295
0.15689
0.122923
0.228915
0.154266
0.121651
0.213021
0.506163
0.18529
0.105843
0.23854
0.354788
0.509882
0.110343
0.111427
0.464269
0.165762
0.0508928
0.139408
0.113563
0.109097
0.143924
0.112991
0.158914
0.275825
0.0897213
0.0853563
0.286597
0.10841
0.14757
0.123164
0.119838
0.14963
0.256369
0.492267
0.259809
0.082437
0.0756444
0.16061
0.115262
0.12146
0.125862
0.246399
0.121117
0.115121
0.116929
0.1106
0.118404
0.192382
0.432268
0.150694
0.150639
0.114338
0.143208
0.152111
0.41646
0.126952
0.111448
0.108468
0.21358
0.0819179
0.227381
0.109261
0.125479
0.123459
0.154009
0.187204
0.122513
0.239231
0.149581
0.320245
0.0760215
0.243038
0.125587
0.162406
0.160953
0.140942
0.11968
0.109935
0.117444
0.106538
0.147518
0.167812
0.130738
0.113074
0.148661
0.0912859
0.281131
0.151429
0.212602
0.149879
0.172908
0.161792
0.155209
0.602446
0.121636
0.313869
0.119193
0.127817
0.113759
0.16497
0.0936256
0.0377083
0.150399
0.249041
0.164551
0.166497
0.162425
0.159453
0.107236
0.124272
0.114211
0.10897
0.149898
0.195145
0.250688
0.137338
0.133285
0.325551
0.112455
0.55501
0.146658
0.110618
0.115694
0.0944959
0.159458
0.157318
0.0914621
0.123021
0.149551
0.0831467
0.0984419
0.148566
0.0872419
0.164857
0.0829436
0.114377
0.151848
0.133223
0.161142
0.111686
0.124509
0.139299
0.582966
0.117823
0.114643
0.145293
0.193475
0.17072
0.123187
0.0820252
0.253732
0.154861
0.195001
0.122781
0.11738
0.0930976
0.109536
0.153484
0.127545
0.132083
0.177587
0.159298
0.123322
0.547018
0.23558
0.118822
0.115035
0.277332
0.147952
0.158602
0.122313
0.153011
0.231345
0.152923
0.0990814
0.11817
0.114905
0.163695
0.109787
0.150165
0.120427
0.127191
0.109239
0.227698
0.15607
0.143132
0.161261
0.570827
0.101591
0.247447
0.157905
0.128386
0.124755
0.155496
0.108389
0.221959
0.165417
0.121906
0.248834
0.411219
0.231812
0.11092
0.106851
0.253166
0.156926
0.129712
0.139511
0.124063
0.117253
0.145458
0.155694
0.0870204
0.153608
0.420341
0.124974
0.424605
0.151696
0.149837
0.593959
0.123595
0.220403
0.156194
0.157266
0.152015
0.127086
0.0772539
0.14784
0.117137
0.111368
0.0863553
0.124006
0.0939267
0.123475
0.125199
0.154092
0.108585
0.108565
0.0437377
0.111573
0.130733
0.456004
0.121492
0.115638
0.111427
0.217864
0.119267
0.155016
0.118192
0.147267
0.123348
0.292469
0.087439
0.11667
0.340599
0.149524
0.253139
0.15334
0.201727
0.109933
0.126761
0.145292
0.149495
0.0429489
0.122845
0.108915
0.117176
0.15402
0.0936852
0.131216
0.197611
0.222792
0.226512
0.12232
0.397518
0.414704
0.157852
0.0548039
0.11723
0.150216
0.106669
0.154521
0.268161
0.109654
0.122646
0.121078
0.113301
0.200774
0.241815
0.119971
0.157332
0.113591
0.120171
0.114286
0.119019
0.117408
0.138192
0.152661
0.118622
0.17041
0.12609
0.115718
0.152531
0.155777
0.12784
0.155736
0.0989648
0.349329
0.0848594
0.151113
0.0830966
0.117007
0.362928
0.116289
0.301119
0.109963
0.12546
0.127605
0.168634
0.163236
0.118754
0.116401
0.143823
0.126894
0.145139
0.354688
0.304947
0.155481
0.109957
0.0801928
0.168046
0.54325
0.114445
0.176605
0.114536
0.122453
0.151147
0.159303
0.390028
0.154762
0.0827942
0.0925906
0.161461
0.146264
0.268952
0.149728
0.229629
0.106293
0.367922
0.146996
0.153518
0.111092
0.0829916
0.199629
0.443289
0.179402
0.656066
0.125784
0.150264
0.227135
0.186432
0.120373
0.474649
0.313201
0.11817
0.0828225
0.490539
0.16397
0.106569
0.149767
0.156226
0.110845
0.135607
0.127654
0.120347
0.36626
0.126496
0.119116
0.12525
0.164576
0.164017
0.208705
0.199117
0.0723737
0.126005
0.102532
0.516599
0.0994398
0.148133
0.0935213
0.116868
0.207316
0.130262
0.157159
0.227594
0.123235
0.115394
0.127964
0.160808
0.114086
0.131498
0.159729
0.154349
0.153984
0.157361
0.211468
0.0892061
0.245786
0.108246
0.142612
0.14906
0.13126
0.120781
0.160693
0.169983
0.121131
0.10253
0.0924015
0.12673
0.14954
0.12011
0.0943424
0.124739
0.333795
0.103263
0.237145
0.216133
0.128546
0.152969
0.147374
0.555207
0.111897
0.203328
0.25717
0.121806
0.22254
0.115258
0.154689
0.0853647
0.223538
0.111154
0.299912
0.156063
0.157917
0.171457
0.113048
0.214494
0.257022
0.0813136
0.187407
0.111441
0.149311
0.086546
0.116839
0.113881
0.15472
0.220831
0.110666
0.139946
0.06621
0.306008
0.124157
0.1537
0.150641
0.155252
0.11993
0.314865
0.149714
0.157561
0.122878
0.250671
0.150508
0.0831008
0.159657
0.479564
0.108674
0.122107
0.152945
0.15051
0.11266
0.270022
0.0914381
0.115004
0.109661
0.188612
0.166548
0.656738
0.0875248
0.315553
0.11329
0.210339
0.128337
0.134117
0.149026
0.1168
0.145705
0.111452
0.0710507
0.251297
0.109888
0.094864
0.185967
0.150154
0.113923
0.190687
0.153721
0.111479
0.101588
0.148559
0.154604
0.162656
0.162474
0.1109
0.119802
0.154139
0.0991623
0.166368
0.258453
0.44424
0.0900963
0.147329
0.49312
0.170898
0.156841
0.213995
0.162619
0.215748
0.124971
0.629127
0.0846485
0.113861
0.123133
0.111348
0.178925
0.12468
0.207902
0.125515
0.116254
0.123768
0.207225
0.215241
0.0933152
0.122303
0.120675
0.083513
0.180658
0.151656
0.15236
0.157206
0.121089
0.0896222
0.126635
0.159727
0.114304
0.122055
0.118584
0.150579
0.143574
0.114769
0.0884734
0.147499
0.113427
0.124325
0.0798412
0.137603
0.380587
0.140138
0.11465
0.120965
0.088759
0.131224
0.55342
0.176494
0.0949675
0.232965
0.494396
0.114863
0.235013
0.118407
0.230199
0.285562
0.256547
0.234592
0.0833473
0.162125
0.14682
0.17119
0.120495
0.120151
0.159657
0.155937
0.139792
0.117893
0.154666
0.154531
0.318815
0.154046
0.574564
0.111392
0.13653
0.125557
0.154048
0.125911
0.0883761
0.193391
0.1546
0.213797
0.12661
0.109102
0.102598
0.111538
0.124624
0.0919152
0.150866
0.192909
0.130505
0.124565
0.300096
0.414592
0.0988634
0.120558
0.125267
0.146735
0.2348
0.111655
0.343076
0.116208
0.176947
0.125194
0.142376
0.0927182
0.139575
0.108576
0.100746
0.115623
0.112339
0.124249
0.240708
0.0905826
0.225846
0.119602
0.158418
0.10793
0.0925811
0.0919291
0.157423
0.494514
0.152287
0.0141915
0.112507
0.15051
0.0761089
0.0725382
0.202723
0.090594
0.115057
0.0961009
0.155441
0.122257
0.109906
0.367479
0.120021
0.112061
0.147237
0.122924
0.454039
0.111726
0.12727
0.154439
0.0624182
0.139328
0.109771
0.129727
0.183593
0.107353
0.214881
0.153171
0.107473
0.122296
0.19051
0.107838
0.176266
0.145663
0.24139
0.206849
0.106387
0.164088
0.155359
0.173784
0.152762
0.108654
0.165664
0.0828971
0.26477
0.191401
0.162987
0.138029
0.122235
0.157654
0.123301
0.160979
0.354977
0.230858
0.119032
0.11541
0.118597
0.152967
0.116316
0.118959
0.110552
0.0870872
0.0735126
0.121942
0.274149
0.121029
0.124395
0.122247
0.119004
0.117493
0.112925
0.334107
0.175479
0.0709999
0.109258
0.157085
0.294879
0.226509
0.252099
0.314418
0.172125
0.110374
0.119689
0.123002
0.108523
0.198852
0.155714
0.159667
0.082972
0.123122
0.141699
0.118378
0.156937
0.0828927
0.143115
0.114006
0.120421
0.210848
0.123895
0.109999
0.115883
0.121358
0.126844
0.113097
0.116009
0.152697
0.0938594
0.154208
0.114497
0.241374
0.121386
0.16111
0.0638112
0.134028
0.195381
0.1536
0.0882305
0.117642
0.151812
0.17153
0.111032
0.158186
0.59624
0.166827
0.165551
0.484208
0.112516
0.114011
0.0928331
0.109921
0.651223
0.124793
0.227125
0.116866
0.149054
0.159919
0.435328
0.109671
0.108631
0.156278
0.137587
0.167093
0.113151
0.260206
0.3527
0.154798
0.0831602
0.143762
0.158247
0.159736
0.149933
0.161734
0.147821
0.148928
0.122869
0.293622
0.122035
0.258007
0.120409
0.139992
0.104386
0.135338
0.117857
0.159017
0.146531
0.119603
0.134091
0.121141
0.108993
0.273649
0.116506
0.140492
0.15166
0.20224
0.336425
0.0849011
0.12108
0.123119
0.157763
0.115355
0.141497
0.112424
0.105546
0.433762
0.0996628
0.109661
0.0861015
0.151196
0.63568
0.154995
0.120783
0.0902906
0.145342
0.0996342
0.203207
0.101891
0.105051
0.116885
0.156292
0.110477
0.120899
0.118734
0.128315
0.148036
0.112372
0.114734
0.14288
0.235287
0.137659
0.138107
0.155791
0.109573
0.124228
0.227918
0.15589
0.280643
0.154096
0.183175
0.218315
0.147858
0.115645
0.109377
0.0817128
0.163407
0.154095
0.255117
0.150389
0.0874026
0.646526
0.119712
0.0865039
0.14989
0.264418
0.118256
0.106925
0.162453
0.126537
0.239317
0.110116
0.471216
0.151683
0.126994
0.187104
0.150627
0.12613
0.145308
0.194158
0.29852
0.118464
0.120379
0.19835
0.150974
0.262224
0.141645
0.135953
0.15117
0.155538
0.169187
0.152824
0.138384
0.166332
0.305158
0.296356
0.228877
0.127797
0.123896
0.221332
0.201017
0.11936
0.12404
0.0936832
0.368976
0.0942308
0.364479
0.275993
0.15873
0.136234
0.48269
0.124714
0.237343
0.149837
0.290518
0.453416
0.15592
0.185422
0.148392
0.447452
0.121033
0.46328
0.111075
0.122478
0.15258
0.120074
0.382241
0.155127
0.124036
0.258204
0.12397
0.47767
0.123689
0.362095
0.127273
0.158249
0.0877618
0.143481
0.182348
0.212162
0.155985
0.25645
0.103341
0.122063
0.125285
0.152563
0.0874872
0.119617
0.144882
0.112713
0.106462
0.182771
0.155418
0.255843
0.270245
0.120333
0.160548
0.103504
0.153702
0.149908
0.113483
0.158065
0.111434
0.146915
0.180204
0.0745121
0.127914
0.273713
0.156805
0.15301
0.114841
0.126013
0.153608
0.147606
0.126005
0.122664
0.168067
0.146239
0.162085
0.140439
0.258393
0.10736
0.192846
0.110807
0.113362
0.161897
0.12685
0.107181
0.157311
0.135387
0.157153
0.115858
0.217321
0.15262
0.151006
0.107823
0.376004
0.150074
0.205205
0.124895
0.224457
0.160008
0.243745
0.11526
0.275839
0.104252
0.148892
0.241776
0.101597
0.116643
0.124024
0.170904
0.119542
0.106626
0.085831
0.107074
0.115716
0.158947
0.349523
0.147246
0.113568
