0.000565964
0.00319093
0.00144038
0.00314378
0.0023559
0.00294122
0.00537742
0.00118739
0.0012139
0.00664234
0.00392795
0.0173524
0.0278588
0.0181837
0.000659741
0.00313278
0.00136204
0.0189642
0.00124812
0.00390135
0.00208158
0.0167623
0.00396035
0.0197898
0.00678102
0.0207787
0.00152731
0.00336158
0.0027317
0.00351323
0.0114806
0.00305005
0.0030499
0.00263018
0.00234835
0.000357398
0.00201954
0.000755858
0.0014145
0.00376162
0.000884133
0.00147067
0.00036198
0.00118974
0.00141641
0.0202155
0.00239651
0.00140867
0.0151899
0.000811115
0.00476099
0.00123211
0.0015629
0.00164601
0.00635074
0.00504617
0.00214346
0.00452374
0.00233591
0.0018167
0.000706102
0.0012507
0.0605723
0.02942
0.00636359
0.000632741
0.00128498
0.00166725
0.00167027
0.00137624
0.0166312
0.00308264
0.00130223
0.00176968
0.00158092
0.00131866
0.00333814
0.00030197
0.0267178
0.00255779
0.00169483
0.0145451
0.0011837
0.00186921
0.00130573
0.00216618
0.00519535
0.0095819
0.00334766
0.00277254
0.0440361
0.001012
0.00772246
0.0656505
0.000962681
0.00685281
0.00953991
0.00363422
0.00284024
0.000955695
0.00127587
0.00193906
0.0048054
0.0047241
0.000759664
0.00187717
0.00356684
0.0123895
0.000384161
0.00187328
0.0015112
0.00173336
0.00166667
0.00192014
0.00423133
0.00166564
0.00694921
0.00455205
0.0182439
0.00848376
0.00215482
0.028786
0.00220531
0.0382772
0.00578111
0.00282752
0.00984791
0.00243802
0.00169694
0.00132463
0.00208909
0.00124887
0.0169563
0.00452715
0.0135096
0.00205562
0.00347709
0.00132322
0.00329725
0.00105068
0.0021785
0.00118596
0.00107838
0.000666534
0.00237234
0.0271613
0.00125698
0.00174985
0.00175604
0.00148054
0.00271606
0.000643769
0.00201151
0.00169947
0.00266743
0.00073265
0.00580915
0.000823634
0.000874598
0.00978875
0.00133372
0.00216582
0.0133669
0.0022867
0.00139515
0.00234638
0.00823968
0.000898827
0.00126707
0.000417501
0.00513902
0.00333306
0.00218037
0.000363059
0.00313444
0.000483951
0.00997187
0.000817731
0.00103212
0.0197668
0.00243317
0.00803149
0.00476578
0.0161938
0.0111594
0.00177034
0.00173931
0.0043372
0.00360099
0.000734263
0.00540993
0.00279341
0.00110401
0.00145352
0.00246118
0.00259594
0.00198784
0.0146093
0.00193895
0.00120513
0.0132798
0.00137157
0.00229074
0.00342398
0.00226505
0.00191094
0.0144101
0.0033979
0.00231881
0.00244373
0.0265369
0.000170205
0.028581
0.00188139
0.00346117
0.00149468
0.00294705
0.0146299
0.00182336
0.0447797
0.0111347
0.000988274
0.00175908
0.00655362
0.00309044
0.00234992
0.0278497
0.0773946
0.00437348
0.000970788
0.00310076
0.00148079
0.00295679
0.00296157
0.00476078
0.00113477
0.0114166
0.00169048
0.00995591
0.0008209
0.0019738
0.00112793
0.000724052
0.00313935
0.00341882
0.00826115
0.00343344
0.0286151
0.00947259
0.00657503
0.00106332
0.00139946
0.00447287
0.00195644
0.0313249
0.00307906
0.0158931
0.00737774
0.0165442
0.000650356
0.0022851
0.00205577
0.00252442
0.00107834
0.00479387
0.00329802
0.0010151
0.00409472
0.0172961
0.0013795
0.00205451
0.00137372
0.00666272
0.00161117
0.00299016
0.00257966
0.000825117
0.00199432
0.00133822
0.00338008
0.00724859
0.0203012
0.00126105
0.00239422
0.00184499
0.00220084
0.00643546
0.0015223
0.00597202
0.00383152
0.000488346
0.0245016
0.00110795
0.00285631
0.00293507
0.00186113
0.00189689
0.0133709
0.000866513
0.00382529
0.0642911
0.00752108
0.0023104
0.00113649
0.00452779
0.00177023
0.00404007
0.00206527
0.0141077
0.00441698
0.00222535
0.00121839
0.0021869
0.00400352
0.00581474
0.00645483
0.00247279
0.000740133
0.00178722
0.00248136
0.00126369
0.00115607
0.00289739
0.00219853
0.00327544
0.001199
0.00221148
0.00237448
0.00255522
0.00237063
0.00179935
0.0166545
0.00243124
0.00330028
0.00197545
0.00239405
0.000815845
0.000656952
0.0143261
0.00387319
0.00329775
0.0653523
0.000754652
0.00153064
0.00216515
0.00328236
0.00052398
0.00235478
0.00106933
0.00928292
0.00209522
0.00444428
0.0150581
0.00175751
0.00127478
0.00667009
0.00684687
0.014038
0.00258087
0.0206966
0.00276169
0.00248049
0.00423785
0.0048702
0.00135311
0.00295306
0.00720302
0.00302607
0.00173039
0.000568839
0.0232713
0.00147397
0.000437605
0.00273333
0.0033181
0.00204725
0.00168066
0.00517106
0.00398871
0.000556926
0.00101344
0.00072589
0.00129716
0.00071939
0.00163633
0.0503771
0.00263898
0.00244941
0.000345427
0.00101732
0.0105437
0.00163132
0.00233184
0.00233116
0.00172486
0.0168074
0.00120737
0.00263744
0.00251466
0.0075648
0.000264721
0.00180038
0.00140481
0.00269281
0.000831211
0.00129575
0.00414724
0.00183858
0.000996198
0.00196771
0.0110817
0.0058576
0.00489087
0.00160737
0.00601132
0.00047752
0.00564817
0.000666496
0.00486773
0.0473487
0.0172471
0.00124436
0.00249044
0.00311532
0.000317874
0.00841
0.00133361
0.00243897
0.00573265
0.0268229
0.000736404
0.00852723
0.00160998
0.00287218
0.00629443
0.000892156
0.00171271
0.000733545
0.00245514
0.00139122
0.000412409
0.00717327
0.00310049
0.00966332
0.0270335
0.000602745
0.00154205
0.00706426
0.0172451
0.00260775
0.00167541
0.00150441
0.00746699
0.000327517
0.00120533
0.00168413
0.00400747
0.00659715
0.0050107
0.00302412
0.00300919
0.00760525
0.0143429
0.00424614
0.0221258
0.00165211
0.00250342
0.00273421
0.00390277
0.0466559
0.0115528
0.00165387
0.0160157
0.00157532
0.00421838
0.0175667
0.0042819
0.00203132
0.00236842
0.00232118
0.00185756
0.0127766
0.000683112
0.000557776
0.00479818
0.0110041
0.00437447
0.00120472
0.0842361
0.00256746
0.00340459
0.00236483
0.00209549
0.0103144
0.000291646
0.00350898
0.00237247
0.00163925
0.00113251
0.000942157
0.00947325
0.000230745
0.00140771
0.0031702
0.002497
0.00239486
0.000601974
0.00133253
0.00487199
0.00102911
0.00268439
0.00422361
0.00173862
0.0283433
0.00176146
0.0674006
0.00281679
0.00820432
0.00124384
0.00198474
0.00310462
0.00363413
0.00334466
0.0301308
0.0144442
0.00259818
0.00291643
0.000991826
0.00439778
0.000645056
0.00154318
0.00647871
0.00176937
0.00668696
0.00215538
0.0028064
0.00453978
0.0179832
0.00199458
0.00631553
0.00266747
0.00903024
0.00112153
0.0226652
0.00356673
0.00687767
0.00190928
0.00160783
0.00199673
0.00115687
0.010051
0.0587885
0.00105683
0.000780517
0.000805975
0.0085008
0.0024366
0.00092424
0.0110708
0.00832814
0.0215622
0.00259192
0.00245024
0.014376
0.00073707
0.00293147
0.0400912
0.00107374
0.0610485
0.00153244
0.00167072
0.0207827
0.00230288
0.0148289
0.00264932
0.00280322
0.00246692
0.00223749
0.00745548
0.000967892
0.00159345
0.000754348
0.00235473
0.000752609
0.000593344
0.00205786
0.00176919
0.00148436
0.00694254
0.00221967
0.00266522
0.00305577
0.00228632
0.0024133
0.000632005
0.00436072
0.0071731
0.0145843
0.00677338
0.00147588
0.00163501
0.0050258
0.00172118
0.00106829
0.000499431
0.00796623
0.0023192
0.000716401
0.00122202
0.00369893
0.00327614
0.00137922
0.00203216
0.00835807
0.000600489
0.00256058
0.00167312
0.00707978
0.000644796
0.0210026
0.00127473
0.00100913
0.0034207
0.00272512
0.00153912
0.00111811
0.00982844
0.00045121
0.00528571
0.00140245
0.00158875
0.00226306
0.00163966
0.00170689
0.00562592
0.0189053
0.00393438
0.00291369
0.0022636
0.00205377
0.00114064
0.00137176
0.00145485
0.00447425
0.00662934
0.0019446
0.00695291
0.0138157
0.00140958
0.00160019
0.00163005
0.0322432
0.000576247
0.00287997
0.00105691
0.00341332
0.000505392
0.00203836
0.00240564
0.00164213
0.00951831
0.00570702
0.024904
0.00311007
0.0431176
0.00041506
0.00194252
0.00883404
0.00446584
0.00142485
0.0313218
0.00227164
0.00863455
0.00318873
0.00228285
0.00198007
0.00215479
0.00174724
0.00205381
0.00115041
0.00133768
0.00334883
0.107058
0.00230998
0.00117837
0.0025289
0.00201436
0.0202745
0.0035619
0.0430018
0.00471827
0.00654437
0.00071974
0.00184683
0.000865012
0.00392565
0.00202471
0.00159084
0.00129203
0.00220271
0.00812364
0.00137479
0.00629124
0.00371131
0.00189102
0.00090764
0.0035728
0.00104798
0.00641538
0.00203321
0.00152209
0.00164177
0.00147428
0.01013
0.000835794
0.00312638
0.0277643
0.000971045
0.00387457
0.00939267
0.00104533
0.000263648
0.00280772
0.00279478
0.00245233
0.00239872
0.00158335
0.00175808
0.00145965
0.00635217
0.000528071
0.00157979
0.000779855
0.0171578
0.0248608
0.00739929
0.00268248
0.00456719
0.00325485
0.00123922
0.000908737
0.00175054
0.000895862
0.00221957
0.00308005
0.000898297
0.00229178
0.00112327
0.00357639
0.000604575
0.00138111
0.000765412
0.00189843
0.00195085
0.000444947
0.0104834
0.000503982
0.00129969
0.0238016
0.00275989
0.00319011
0.0111348
0.0430978
0.00100514
0.00247016
0.00645891
0.00185184
0.0760553
0.0130847
0.00316265
0.0135709
0.000544432
0.0010141
0.00835543
0.00209255
0.00189402
0.00298227
0.00125898
0.00264432
0.00220648
0.00279808
0.00241989
0.00195655
0.0020457
0.00290114
0.00484679
0.00184499
0.00404839
0.0143802
0.00236612
0.0146076
0.00194751
0.0119887
0.013621
0.00239467
0.00148019
0.0205792
0.000750997
0.00232046
0.00182133
0.00155103
0.0234343
0.00415229
0.0010387
0.00466161
0.00214097
0.00264809
0.000609031
0.00496725
0.00457099
0.00211945
0.00172176
0.000442527
0.00153975
0.000857794
0.0168761
0.0226291
0.00121687
0.000464748
0.0028058
0.00567994
0.00120945
0.000630209
0.00175374
0.0111672
0.000446966
0.00141395
0.00586771
0.00335785
0.0037905
0.00257275
0.00503325
0.00327871
0.000984903
0.00571808
0.00151012
0.0234299
0.00371578
0.0242685
0.000865441
0.00178177
0.00187905
0.00257757
0.00170874
0.000552015
0.0023575
0.00210295
0.00258454
0.00121819
0.00175202
0.00587992
0.000618735
0.000962957
0.0025509
0.0125726
0.000769273
0.00160803
0.00722806
0.00333126
0.00761553
0.0109547
0.000745501
0.00863456
0.000512055
0.00253061
0.00149977
0.00136127
0.00503188
0.000565115
0.0439123
0.00106736
0.0146288
0.00104238
0.00336654
0.00363344
0.00718893
0.00537385
0.00292079
0.00278547
0.000765755
0.0200275
0.00081253
0.00321065
0.0012544
0.00217093
0.00107457
0.00785883
0.00302223
0.00244092
0.00543872
0.0756589
0.00232062
0.00332511
0.0128899
0.0212009
0.0450415
0.00140278
0.00375444
0.000949517
0.00260704
0.000403337
0.00320541
0.00447387
0.000864652
0.00634393
0.00116919
0.0014427
0.00220756
0.00281798
0.000897961
0.00234723
0.00405165
0.000801969
0.00313793
0.00760249
0.00145713
0.00228817
0.00584402
0.00497425
0.00288116
0.000565142
0.000912337
0.0030356
0.00403081
0.000451469
0.00362815
0.00166324
0.0228889
0.00378845
0.000588297
0.00121417
0.000720033
0.000960752
0.00697171
0.00106005
0.00459062
0.00845029
0.00127711
0.00634697
0.00346311
0.00112327
0.00138709
0.0226158
0.0107234
0.00227661
0.00134266
0.000930499
0.00385201
0.00181322
0.00187756
0.00618521
0.00123933
0.00634078
0.0139218
0.00308396
0.0026667
0.00927298
0.00185192
0.00234504
0.00313738
0.00102479
0.000743925
0.0126154
0.00144376
0.00180969
0.000931969
0.0027435
0.0017807
0.00207385
0.0108998
0.00281144
0.00193807
0.020441
0.0474365
0.00162368
0.00608334
0.00297513
0.00411672
0.00219286
0.00421091
0.00123421
0.0106828
0.000464876
0.00155007
0.00382113
0.00110667
0.000575657
0.00265344
0.0887141
0.00112628
0.00573194
0.00421064
0.00159178
0.00286795
0.00663293
0.00125732
0.00867968
0.0171356
0.00227537
0.00424419
0.00716193
0.00126227
0.000996473
0.0203262
0.00190806
0.00209148
0.0227941
0.00159611
0.00136356
0.00089806
0.00357669
0.0154354
0.000919365
0.000641234
0.00150547
0.0485131
0.00169588
0.0632311
0.000777828
0.00658845
0.00166386
0.0366223
0.000988615
0.00165888
0.00119365
0.0132842
0.00064911
0.0172357
0.00199786
0.00188679
0.00243301
0.00161828
0.0074262
0.00705949
0.0163028
0.00242056
0.00287763
0.00224452
0.00132616
0.0207854
0.00364426
0.00147728
0.00112817
0.000790747
0.00159766
0.0103114
0.0018004
0.00592966
0.00131328
0.00158741
0.000885447
0.000639471
0.00203261
0.0014437
0.00369869
0.000839834
0.00378976
0.00349699
0.00885534
0.00154189
0.00148647
0.000398416
0.000492524
0.00226841
0.00390082
0.000324624
0.00130331
0.00517287
0.000979702
0.00104803
0.00224634
0.00155497
0.000679328
0.00192916
0.00162406
0.0019182
0.000522378
0.000994336
0.00481252
0.00264169
0.00383294
0.0196155
0.00207456
0.000888122
0.00106388
0.00149888
0.00104946
0.00147644
0.000625814
0.00170581
0.00155815
0.00302938
0.00252248
0.00215128
0.000572278
0.00230607
0.0070103
0.00363535
0.0121408
0.000661451
0.00047395
0.00130287
0.000677865
0.00347194
0.00300554
0.00338727
0.0321459
0.00361149
0.0207303
0.00782285
0.00103397
0.000960794
0.000161051
0.0128459
0.00738707
0.0115152
0.00406506
0.00138768
0.000877719
0.00735588
0.00145282
0.00398933
0.00159754
0.00344929
0.00278139
0.00123635
0.00570146
0.00136343
0.0225062
0.00366383
0.00160551
0.00366718
0.00634201
0.00461532
0.000812358
0.00163827
0.00132831
0.000318324
0.00287563
0.0102976
0.0028915
0.000807008
0.0014536
0.0020108
0.00383298
0.0014633
0.000882333
0.00805476
0.00554894
0.003376
0.00250142
0.00240617
0.00625165
0.0221663
0.00084741
0.00174215
0.00180105
0.0338492
0.0019633
0.00180099
0.00140299
0.0114633
0.00289093
0.00191976
0.00231006
0.000795749
0.0120557
0.00265337
0.00171384
0.00294037
0.00146067
0.0423897
0.0207612
0.0014062
0.00420108
0.00336713
0.00151472
0.00378225
0.00108287
0.0012631
0.00504246
0.00363809
0.00204232
0.00201302
0.00235253
0.0134636
0.00113854
0.00150593
0.00409905
0.0147166
0.001007
0.00533443
0.0129369
0.00265868
0.000801449
0.000157492
0.00206436
0.00260068
0.0121373
0.00345523
0.00112152
0.00249517
0.0328982
0.00373998
0.00136763
0.00330434
0.0129547
0.00173792
0.00695683
0.000851119
0.0170607
0.00171602
0.00482722
0.00128246
0.00195794
0.0016832
0.00261635
0.00110972
0.000785918
0.00280996
0.00393052
0.010497
0.00288584
0.0092922
0.00409662
0.0022405
0.00181809
0.000990629
0.000499635
0.00127065
0.00265272
0.00185664
0.0182762
0.00126347
0.00374912
0.00140791
0.000762815
0.0120725
0.0043377
0.00265909
0.0029121
0.00185108
0.000859463
0.00894092
0.0222758
0.00520034
0.0127069
0.0030955
0.0051403
0.00542775
0.00125669
0.00446407
0.00564516
0.00179462
0.00188278
0.00416178
0.00168768
0.00388066
0.0637436
0.0011838
0.00107463
0.00144197
0.0020988
0.00136124
0.000573436
0.00798256
0.00166504
0.00374535
0.00101194
0.00602897
0.00078193
0.0261804
0.0020653
0.00267986
0.000726497
0.0210076
0.0123542
0.0355577
0.00126924
0.0051112
0.0011546
0.00157993
0.00113513
0.0123349
0.00159575
0.00285667
0.00210488
0.0138127
0.000889289
0.00311496
0.00361886
0.00208867
0.00338924
0.0142257
0.00110197
0.000649218
0.00159513
0.00128614
0.0178321
0.00341419
0.00236279
0.00173688
0.00746235
0.00633798
0.00379737
0.00144784
0.0220328
0.00175223
0.0419774
0.00574794
0.00133611
0.000742247
0.00211968
0.00270415
0.00312418
0.0103324
0.0106348
0.00848237
0.00358959
0.00296876
0.00465487
0.00349901
0.0002142
0.000603388
0.014457
0.00260763
0.00382486
0.0119776
0.00484832
0.00627437
0.0251829
0.00136555
0.0120599
0.00175965
0.00170663
0.00161298
0.00211872
0.00315047
0.001263
0.0010451
0.00107645
0.00209569
0.00082868
0.00129819
0.00399663
0.00113491
0.00260992
0.00113052
0.0213703
0.0254754
0.000192779
0.00260611
0.00539096
0.0234179
0.00427129
0.00163969
0.0103566
0.00140854
0.00211428
0.00103912
0.00103882
0.000263717
0.00129084
0.000835831
0.000971208
0.00734539
0.000979366
0.000520721
0.00158338
0.00352452
0.0112691
0.00537101
0.00332221
0.00261702
0.00201758
0.0129545
0.00301631
0.00176124
0.00285654
0.00509061
0.00110126
0.00162987
0.00198132
0.00654226
0.00324088
0.000140877
0.0015391
0.0103724
0.00253217
0.00305206
0.00405969
0.00786154
0.0208258
0.00148053
0.00169766
0.0020837
0.00119263
0.0133298
0.00178874
0.00185285
0.00560584
0.00168162
0.00347712
0.00222685
0.00303345
0.00274178
0.00208696
0.00148375
0.00207318
0.00563561
0.00621407
0.00232742
0.00287441
0.00162531
0.000569418
0.00116283
0.00176743
0.00126036
0.00429626
0.00479179
0.00329058
0.00603742
0.00123343
0.000901412
0.00294011
0.00221775
0.00105077
0.00166799
0.000830955
0.00155955
0.0011546
0.000272507
0.00188973
0.00225546
0.00532603
0.000861396
0.00217279
0.00297162
0.00315052
0.00101206
0.00196604
0.00361444
0.00106895
0.00126921
0.00154752
0.0243417
0.00131056
0.00787129
0.00158332
0.0285671
0.0121634
0.0024699
0.00212466
0.0119843
0.0196905
0.0250424
0.000940224
0.00197976
0.00112535
0.00755995
0.00299148
0.0119766
0.00112576
0.0364716
0.00349157
0.000424082
0.0315945
0.0368319
0.00217221
0.00106995
0.00188989
0.00732789
0.0112383
0.00297722
0.00159966
0.00217847
0.0169277
0.00115179
0.00408741
0.0285546
0.0037639
0.0118043
0.00424153
0.00992946
0.00156609
0.00286268
0.0133217
0.00199429
0.000947931
0.00116833
0.0025435
0.0431137
0.00120979
0.00259228
0.0467457
0.0312257
0.00237851
0.0145648
0.0035581
0.0026514
0.0345243
0.0118966
0.00137714
0.00136232
0.0013673
0.000687082
0.00194641
0.00217219
0.00396986
0.00221449
0.00105643
0.00531266
0.00155742
0.00171542
0.00175547
0.00771221
0.00250019
0.00301055
0.00372627
0.0053893
0.0276276
0.00468252
0.00168662
0.00605342
0.0027468
0.000760476
0.00397072
0.0056536
0.00162
0.000779179
0.00177571
0.00536608
0.00279772
0.034257
0.00514951
0.000746371
0.000589379
0.0015156
0.00163736
0.000502411
0.00133593
0.00579743
0.00150245
0.00654674
0.00561119
0.00105662
0.00506427
0.00284862
0.00108542
0.00219326
0.00211099
0.00197761
0.000912018
0.00170333
0.00076766
0.00132722
0.00154969
0.00117856
0.00279871
0.00187662
0.00211844
0.00475134
0.00188365
0.0046495
0.00710172
0.00635616
0.00197099
0.0244928
0.000938118
0.00270169
0.00414892
0.00164369
0.0274307
0.00083169
0.00177214
0.00162192
0.00123543
0.00311052
0.000971227
0.00700661
0.000780152
0.00197548
0.00157215
0.00189235
0.0107778
0.00515241
0.00162639
0.00242349
0.00437078
0.0149866
0.0021103
0.00151049
0.00123984
0.00122272
0.00225242
0.00231957
0.00221603
0.00315729
0.0294583
0.0021763
0.00169857
0.00213204
0.000579616
0.00251706
0.0136975
0.01888
0.00195023
0.00230802
0.000845209
0.00132253
0.0184394
0.00362748
0.00772467
0.015976
0.00103832
0.00126678
0.0152387
0.00992854
0.00179194
0.012291
0.00191663
0.00214055
0.00210342
0.000680209
0.00114638
0.011789
0.000669478
0.00205342
0.049105
0.0139756
0.00142465
0.000920855
0.0149458
0.00193741
0.000879695
0.00026775
0.00216043
0.00192326
0.00207859
0.00197588
0.00446362
0.0188046
0.00177163
0.0138781
0.00404674
0.000322293
0.00275469
0.00184039
0.00139515
0.00278711
0.00317097
0.000513307
0.00527838
0.00559006
0.00242442
0.00101477
0.00259614
0.00112517
0.0214988
0.000913366
0.002344
0.00164566
0.00156546
0.00127147
0.00123247
0.000904078
0.00210481
0.000366533
0.0167926
0.00122719
0.0023524
0.0106776
0.00360035
0.000945836
0.00213961
0.00170419
0.00107695
0.0084831
0.00373887
0.00442991
0.0129857
0.00211843
0.0134917
0.0178179
0.00135962
0.00144088
0.00727215
0.00720048
0.00235333
0.0105198
0.00197148
0.00183309
0.0564708
0.001089
0.00163327
0.00113083
0.00143168
0.00783608
0.000932687
0.00291224
0.00226536
0.0217438
0.00353728
0.000779212
0.00886102
0.0019315
0.0018581
0.00289721
0.0504252
0.00264285
0.00332578
0.0022544
0.000827963
0.00114042
0.00340812
0.00314897
0.00267051
0.00260926
0.00932064
0.0104288
0.00605768
0.00191831
0.0021205
0.00165449
0.00392418
0.000761514
0.00708314
0.00985584
0.000408194
0.000669182
0.00178001
0.00167536
0.0181277
0.00803417
0.00467622
0.00830611
0.0020753
0.00331014
0.00213394
0.0130007
0.00175398
0.00321398
0.00211335
0.00337358
0.00134363
0.0105793
0.0026538
0.00140823
0.00103638
0.0043095
0.00257483
0.00410571
0.00452408
0.00189432
0.0650608
0.00153185
0.00693412
0.00145034
0.00146247
0.00276615
0.0367866
0.00213978
0.0328914
0.00508928
0.00998143
0.00139477
0.00242276
0.00493276
0.000681757
0.0114192
0.00427574
0.000628191
0.00460438
0.00569039
0.00327945
0.0147069
0.00233987
0.000466518
0.00118194
0.00205707
0.000751934
0.00390438
0.00443277
0.00990241
0.00153377
0.0318573
0.0364671
0.000859315
0.0149552
0.00173774
0.00194858
0.00656421
0.0054116
0.0073696
0.00303189
0.00090505
0.00844459
0.000613568
0.0024417
0.00593035
0.00279121
0.0017372
0.0068438
0.0560684
0.000852599
0.0156802
0.00232735
0.00336753
0.00204098
0.0201287
0.0011181
0.00147654
0.00347118
0.00184768
0.00196661
0.000672431
0.019325
0.00127812
0.0502246
0.000878969
0.0115062
0.000843465
0.00528635
0.0027244
0.0173861
0.00434521
0.00140016
0.000879302
0.00487406
0.00129343
0.00998854
0.00204477
0.000627885
0.00186729
0.00157741
0.008635
0.00515756
0.0324662
0.00259224
0.00206238
0.00179084
0.00103936
0.000532708
0.000663371
0.00149315
0.00215459
0.00250556
0.00157582
0.00551355
0.00716471
0.00873698
0.00288579
0.0105424
0.00278831
0.00139562
0.00091674
0.0012424
0.00155168
0.000841407
0.00150266
0.000571131
0.00632942
0.00170046
0.016281
0.0011987
0.0030321
0.00109233
0.0155769
0.0033537
0.0198413
0.00173294
0.00115507
0.00117452
0.005453
0.0015713
0.0116347
0.00193691
0.00398103
0.00138114
0.00648589
0.0754703
0.00153062
0.0170057
0.00489491
0.002471
0.00293808
0.000556923
0.0150497
0.00178058
0.0012986
0.00308021
0.000803883
0.00291933
0.00201832
0.009031
0.00175258
0.000412499
0.00131399
0.00520053
0.00144465
0.00114445
0.000913036
0.00277874
0.00146319
0.0010419
0.00383836
0.00102057
0.00271438
0.00392698
0.00248134
0.00144602
0.00122088
0.01363
0.00171727
0.0114302
0.00133769
0.00204866
0.015451
0.00246919
0.0116263
0.00211842
0.00167375
0.0119902
0.0104942
0.00147862
0.00294468
0.00178638
0.00102393
0.0378869
0.00342305
0.00414788
0.0018766
0.00639712
0.00111699
0.00268848
0.00163722
0.00113465
0.00290757
0.00291462
0.00260275
0.0101232
0.0016407
0.00893447
0.00235704
0.00194714
0.00467722
0.0111995
0.00151738
0.00638232
0.0100974
0.0132944
0.00192274
0.00185921
0.00293343
0.00326533
0.00758986
0.00844095
0.00138378
0.00162287
0.00163372
0.00030461
0.00262026
0.00255621
0.0223617
0.00269755
0.00132955
0.0259734
0.00495196
0.0167449
0.00145368
0.00125945
0.00136437
0.00318436
0.00218893
0.00154985
0.00117863
0.00125192
0.000609719
0.00168336
0.0258894
0.0128465
0.0185421
0.0018324
0.00247797
0.00105771
0.000441048
0.00924923
0.0030617
0.00312393
0.00745109
0.00131433
0.00455501
0.013554
0.00261528
0.00245735
0.00408682
0.00472748
0.00121444
0.0104267
0.00296031
0.00265932
0.000575629
0.00202207
0.000443026
0.00585972
0.000489025
0.00159982
0.00294966
0.00276248
0.0139496
0.00151313
0.00216043
0.00113689
0.000314251
0.00134249
0.0242795
0.0597243
0.00146332
0.000507079
0.00221542
0.00723853
0.00156932
0.00254134
0.0195979
0.00231484
0.00188797
0.0132089
0.00298645
0.00194482
0.0113705
0.0058721
0.0284357
0.0221211
0.00178704
0.00214526
0.00310809
0.000928042
0.00103755
0.000180581
0.00604827
0.00230911
0.00636653
0.00168451
0.00167802
0.00147308
0.00215998
0.00173768
0.00145007
0.00218132
0.000716376
0.00188196
0.00464188
0.02095
0.00786022
0.00181773
0.00235544
0.00217189
0.00335246
0.00103189
0.00145904
0.00400748
0.00371492
0.00122078
0.00132622
0.00491602
0.0035821
0.000763202
0.00262326
0.00205125
0.00273551
0.00276669
0.00807921
0.0139161
0.0813704
0.0153242
0.00438412
0.00737566
0.00352775
0.0182889
0.00266558
0.00136829
0.00213772
0.0141867
0.00117349
0.0138555
0.00362394
0.0429277
0.00191593
0.00193212
0.000851095
0.0204352
0.00615674
0.0262528
0.00826179
0.00593594
0.0191459
0.00617177
0.000889119
0.0204346
0.0111037
0.00202461
0.000873197
0.00584273
0.00951027
0.00382274
0.0153005
0.00176253
0.00267326
0.00134052
0.00112966
0.00250812
0.00232697
0.00969141
0.000381282
0.00163251
0.00160235
0.00245997
0.00161218
0.00284951
0.00215432
0.00241973
0.00264521
0.00140456
0.00255356
0.0029567
0.00210252
0.00324418
0.00335303
0.00218466
0.00163197
0.0021023
0.0026333
0.0154647
0.020641
0.0649967
0.00184748
0.00135458
0.00124482
0.00117518
0.000822979
0.00251043
0.00359794
0.00256509
0.00126719
0.00183253
0.000769968
0.00120998
0.00179387
0.00261913
0.00104706
0.0109305
0.00273215
0.00310557
0.00129586
0.002453
0.0176902
0.0106209
0.000990055
0.0058301
0.0025901
0.0016091
0.000307679
0.00497875
0.00412325
0.00063941
0.00195004
0.00462185
0.00291045
0.00163561
0.00544524
0.00574593
0.00127813
0.00919079
0.0017801
0.00100219
0.0036027
0.00139149
0.00178623
0.00166103
0.0687162
0.022977
0.00894898
0.000521523
0.00925613
0.00184769
0.00120768
0.00113817
0.0218353
0.00348385
0.00503865
0.00175078
0.0013304
0.0132441
0.000998254
0.0057462
0.00288072
0.00546237
0.0025598
0.00970351
0.0034086
0.00174302
0.000907166
0.00513679
0.0124232
0.00208331
0.00037635
0.00880533
0.00149434
0.00289977
0.0127538
0.000527404
0.00242608
0.00571679
0.00998312
0.00948808
0.00228098
0.00225586
0.00155195
0.00189392
0.0116165
0.00132174
0.00228768
0.00159801
0.00123545
0.000253209
0.00520717
0.000728838
0.00102587
0.00444181
0.00192956
0.0158114
0.0111482
0.0012449
0.00272283
0.0136405
0.00960339
0.00167716
0.012529
0.00324095
0.0168448
0.000845146
0.00449313
0.00159447
0.000289431
0.00409861
0.00120137
0.000824895
0.012944
0.00260255
0.00291954
0.000939516
0.00299648
0.00154895
0.00234491
0.0112608
0.0307873
0.000927293
0.00320732
0.0423642
0.000599462
0.00128193
0.000846036
0.000758861
0.0068532
0.0027611
0.00222964
0.00648063
0.00512096
0.000982239
0.00264953
0.00210513
0.00844818
0.00326844
0.00374889
0.0068902
0.000795021
0.00222218
0.0163684
0.000933562
0.00037908
0.0163171
0.00145402
0.00301714
0.00438915
0.00251707
0.0020731
0.000601949
0.0142415
0.00240895
0.00106691
0.0121802
0.00938029
0.00285168
0.00458269
0.000594844
0.00143856
0.000951189
0.005293
0.0237068
0.00127964
0.00125701
0.00819196
0.00624768
0.0471655
0.00670697
0.00547742
0.0010704
0.00211853
0.00642562
0.000985521
0.00133151
0.00424277
0.00214017
0.00230428
0.00222917
0.00158171
0.000826436
0.00136484
0.00221879
0.00257826
0.00316216
0.000398163
0.00357153
0.00119121
0.00109961
0.00168554
0.00368442
0.00159967
0.0022069
0.00320641
0.00083572
0.0141222
0.0258131
0.00893098
0.0190173
0.00382265
0.00139562
0.00180942
0.00505488
0.00323298
0.0015672
0.00176312
0.00139791
0.00148661
0.00323408
0.00319349
0.00519601
0.00433302
0.00116957
0.0201165
0.00165245
0.00957507
0.00125674
0.00102086
0.00258338
0.00222959
0.00338549
0.00260138
0.00792071
0.0078533
0.000685329
0.00222213
0.00275842
0.00161404
0.0186682
0.027727
0.00198534
0.00176598
0.000367798
0.0017218
0.00210519
0.00179324
0.00217356
0.00269888
0.00218053
0.00244195
0.00580178
0.0013914
0.000240441
0.0114291
0.00158019
0.00126842
0.00213011
0.00389793
0.0022018
0.00190906
0.0123238
0.0159785
0.00190086
0.000574622
0.00167529
0.00173077
0.00261389
0.00024092
0.0177002
0.0108285
0.00218363
0.00752115
0.0402864
0.00299728
0.00045064
0.0149915
0.00127433
0.00155646
0.00548576
0.00171769
0.00106109
0.00254169
0.0209097
0.00227068
0.00319937
0.00168767
0.00544532
0.00607608
0.00490727
0.00236366
0.000524511
0.00825163
0.0033471
0.00657211
0.00242292
0.00593921
0.00167996
0.00411381
0.0015333
0.00397325
0.00255299
0.00100489
0.000928411
0.0047731
0.00144591
0.000524389
0.00664191
0.0014517
0.0540902
0.00179532
0.00118019
0.00197377
0.00348655
0.00169441
0.00968075
0.00616322
0.00141216
0.00116112
0.00225481
0.00209224
0.00148581
0.00262141
0.00128893
0.000934156
0.00986288
0.00183352
0.00129679
0.00342208
0.00183718
0.00788182
0.000971266
0.00454564
0.000505663
0.00127574
0.00307633
0.00163993
0.00117338
0.00308539
0.012153
0.00076311
0.00072517
0.00221949
0.00798431
0.00224354
0.00112044
0.00224845
0.0170425
0.0033
0.00482002
0.00224546
0.000430759
0.0103807
0.00355326
0.00145674
0.00108416
0.00285521
0.00140717
0.00127653
0.00220084
0.000297366
0.00118758
0.0015777
0.000377195
0.0075761
0.000359205
0.0185357
0.0268833
0.00172256
0.00195764
0.00100466
0.0012206
0.00469703
0.00193907
0.00231898
0.00204301
0.0083609
0.0218385
0.0215093
0.00606086
0.010304
0.00269227
0.00172221
0.0279678
0.00384674
0.00250499
0.00193615
0.0073092
0.00111838
0.000994986
0.00246592
0.00132587
0.0162252
0.00135723
0.000238779
0.0069989
0.0723637
0.00110908
0.00190275
0.00144294
0.00558079
0.00198326
0.00161499
0.00141825
0.00347906
0.00276919
0.00200941
0.0014468
0.0329515
0.00206233
0.00396655
0.00156307
0.0167677
0.00295265
0.0035283
0.043142
0.000945995
0.000840731
0.00133714
0.00198447
0.0018638
0.00116287
0.00174454
0.00124555
0.00209207
0.000913317
0.0147115
0.0118958
0.00102475
0.00206646
0.00221994
0.0308592
0.000580732
0.000827406
0.00558629
0.0025089
0.00401959
0.0045058
0.0144973
0.0012824
0.0378196
0.00271461
0.00105589
0.00264955
0.00182605
0.00293803
0.00278193
0.0238023
0.00437669
0.000820398
0.00354843
0.0425552
0.00132086
0.000281885
0.00688394
0.00185882
0.00364098
0.00147039
0.00991841
0.00145416
0.0017593
0.0286599
0.0113271
0.000186407
0.000676413
0.021396
0.00258609
0.0198199
0.00378304
0.0135144
0.00121214
0.00775677
0.00283266
0.00197648
0.0264495
0.0104174
0.00668409
0.00243366
0.000147302
0.00150287
0.00255682
0.0126359
0.000802522
0.00162623
0.0687498
0.00143383
0.00144387
0.00181634
0.0190702
0.0136353
0.00919008
0.0011182
0.00225124
0.00302398
0.0102951
0.00985018
0.0196091
0.00542742
0.00269452
0.0144951
0.0025736
0.00178635
0.00053318
0.0175594
0.00585387
0.00992523
0.00151765
0.00170219
0.00138824
0.00611128
0.00148836
0.00136774
0.00407149
0.00407017
0.00109299
0.00248105
0.00734399
0.000377193
0.000529448
0.0014476
0.000875784
0.0184429
0.00212081
0.0012229
0.00398645
0.0043434
0.00569948
0.00348107
0.00836112
0.0138032
0.00281919
0.00216542
0.00822678
0.00222972
0.000648214
0.00793945
0.000414477
0.0196601
0.00112382
0.00405621
0.000690005
0.00220695
0.00166575
0.00148406
0.0414726
0.00174901
0.0020196
0.00508783
0.000614042
0.00127222
0.00225017
0.00365989
0.00106412
0.00133392
0.00750318
0.000408735
0.00254076
0.00167788
0.00327249
0.00130331
0.00124105
0.00481639
0.0057439
0.00143975
0.0184836
0.00180182
0.0034506
0.00174411
0.00600309
0.00105025
0.000847973
0.0458939
0.00113546
0.00500701
0.0019077
0.00363015
0.00821636
0.00540795
0.00369257
0.00276509
0.0043877
0.00322153
0.0118545
0.00458674
0.000649126
0.00135593
0.0051098
0.00455543
0.0103256
0.000838821
0.00441343
0.00253363
0.00799389
0.00116889
0.000834911
0.00179538
0.00134746
0.00190779
0.0167848
0.00852496
0.00917276
0.0012919
0.00198524
0.00125721
0.00203586
0.00190976
0.0033513
0.0015481
0.00111396
0.00117029
0.0102953
0.00193981
0.000767283
0.00136502
0.000990775
0.00339716
0.00934682
0.000603908
0.087319
0.00282427
0.00306536
0.00277938
0.00324777
0.00159212
0.00209134
0.0143038
0.00126334
0.00121491
0.00194692
0.000883493
0.00209639
0.00180865
0.000698479
0.00259831
0.000590731
0.00723735
0.00162508
0.00628283
0.000654147
0.00410091
0.00112776
0.00080267
0.00891493
0.00676093
0.00900642
0.000225991
0.00488283
0.00359612
0.00169166
0.000677288
0.0236146
0.00172227
0.00324849
0.00331398
0.00834346
0.00117755
0.000952997
0.00306473
0.0287944
0.019959
0.00744401
0.00144107
0.00244343
0.000396839
0.048093
0.000794497
0.00114946
0.0108181
0.00202066
0.000635777
0.00179007
0.00163213
0.0111326
0.00328934
0.00405787
0.00543659
0.0052638
0.00403079
0.00119231
0.000555756
0.000140629
0.00163736
0.00274743
0.00077953
0.00160653
0.00272227
0.00121063
0.0319636
0.0103969
0.00305038
0.0136133
0.0201256
0.00355492
0.005269
0.00440333
0.00940355
0.00138309
0.00316836
0.0185975
0.00278066
0.0977496
0.00172797
0.00238735
0.00123899
0.00339791
0.00478827
0.000760935
0.0165877
0.002932
0.00216563
0.00428184
0.000452539
0.00213309
0.000490131
0.00415212
0.00125131
0.00234335
0.00374357
0.00107876
0.00139575
0.0686941
0.00030809
0.0354174
0.00177101
0.00158391
0.0122065
0.00145154
0.00204763
0.00111113
0.0155178
0.00202448
0.00252879
0.00137863
0.00151423
0.0109795
0.00295171
0.00116416
0.00089163
0.0108164
0.0068583
0.000856104
0.00883809
0.000877662
0.00285894
0.0203289
0.00593811
0.000964436
0.00149443
0.00273045
0.0236294
0.00247436
0.000611624
0.00267634
0.00156533
0.0498729
0.00191211
0.00308325
0.00418308
0.00142693
0.00152407
0.00196486
0.013424
0.0131338
0.00226453
0.0115689
0.00593862
0.00132834
0.0272305
0.00180239
0.00292697
0.000814257
0.00183421
0.000497039
0.000494181
0.00218471
0.00153864
0.000865446
0.00124618
0.0133334
0.00179292
0.0209086
0.00330464
0.00197452
0.00586432
0.00252676
0.000837234
0.000675726
0.00142045
0.00201652
0.000499335
0.00162654
0.00684538
0.00197637
0.00194503
0.00448355
0.0114878
0.00231994
0.00129273
0.0221128
0.0059213
0.00037402
0.0147616
0.000476111
0.00200412
0.00279437
0.00582581
0.00220543
0.00766811
0.000833131
0.000729526
0.0038575
0.00067784
0.0017927
0.0279846
0.00335671
0.004491
0.0200134
0.00176375
0.00493698
0.00169567
0.000551428
0.000804156
0.00229368
0.0245993
0.00314733
0.000800434
0.00268309
0.00206879
0.00200495
0.00299098
0.00854946
0.00707434
0.0010319
0.0505176
0.00286901
0.0108962
0.00656933
0.00503808
0.00233582
0.00158616
0.00218804
0.00205541
0.00218551
0.00505138
0.00151587
0.000302576
0.00174078
0.00435274
0.00894031
0.000722532
0.000849387
0.00361939
0.00614244
0.00222783
0.0016351
0.003125
0.00125869
0.00821963
0.00220988
0.0044043
0.00237322
0.00282671
0.00168501
0.00653916
0.0405864
0.0040325
0.0131599
0.00127153
0.00201133
0.00264733
0.00372825
0.0197496
0.000776723
0.00158839
0.00188484
0.0105506
0.0133494
0.00204796
0.0660572
0.00180851
0.000680392
0.0249948
0.00105356
0.00614633
0.0018868
0.00124623
0.00224082
0.00696591
0.0245967
0.00776681
0.0450132
0.00595536
0.000777795
0.00147182
0.00158305
0.00282993
0.0084508
0.000986219
0.00483101
0.00162302
0.00163267
0.00283838
0.0157326
0.00239092
0.00390662
0.0251025
0.00464277
0.00372591
0.00270039
0.00707046
0.000828251
0.00142217
0.0151763
0.0195066
0.012878
0.0039329
0.00258689
0.0191152
0.0139932
0.00815151
0.00404056
0.00915427
0.00323605
0.00137149
0.0385182
0.00495501
0.0015052
0.00140932
0.000932532
0.00438192
0.00101471
0.00382889
0.000454825
0.00179308
0.00128547
0.00147333
0.0155012
0.00149657
0.00130756
0.000535004
0.00386959
0.00255237
0.0065438
0.00250434
0.00152283
0.00191102
0.0461061
0.00264147
0.00515756
0.000989631
0.00172564
0.000469989
0.00361811
0.0144112
0.013908
0.00315763
0.0307478
0.00194012
0.000950225
0.00457114
0.0369157
0.00668654
0.000210721
0.00107035
0.00217137
0.000339835
0.00318587
0.00028996
0.00310855
0.00151827
0.00334381
0.00124038
0.00192997
0.00346779
0.00175453
0.000725034
0.000979176
0.00198127
0.00291406
0.00159377
0.000994166
0.00135803
0.00137275
0.000608822
0.00326723
0.000487115
0.00384076
0.00517958
0.0604974
0.00194686
0.00131125
0.00122193
0.00303898
0.00642264
0.00343455
0.00216369
0.0229854
0.00851341
0.00150338
0.00637984
0.00231204
0.00103405
0.00114152
0.00325877
0.0027597
0.0303109
0.00538575
0.00185192
0.000965004
0.0109063
0.00276517
0.00060682
0.0015512
0.00143064
0.00120988
0.00150388
0.00337629
0.00229091
0.0140784
0.000959586
0.00327657
0.000362331
0.00116467
0.0313053
0.0019333
0.000927868
0.00335351
0.00245543
0.00178515
0.00318446
0.000554274
0.00140917
0.00716899
0.00136279
0.0325259
0.00405659
0.00762564
0.00094143
0.00170351
0.0025257
0.0373529
0.00141869
0.00189855
0.00773149
0.00173529
0.00569978
0.00105942
0.000565551
0.00866591
0.00488935
0.037739
0.0138463
0.00308433
0.00811615
0.00088505
0.000478856
0.00318289
0.000874819
0.00161393
0.000208249
0.010514
0.00212497
0.0264062
0.00191647
0.00214736
0.0687055
0.00595451
0.00138893
0.00125773
0.00162019
0.00390452
0.00138639
0.00224686
0.00333516
0.00986066
0.000406087
0.025278
0.00117224
0.00308154
0.00158092
0.00184972
0.00136971
0.00130375
0.00253691
0.00931829
0.0048274
0.000536242
0.00785701
0.00589746
0.00154073
0.0196546
0.0134481
0.000345761
0.0153267
0.001761
0.002446
0.000963185
0.000998627
0.00306861
0.00160863
0.000766531
0.0124889
0.0018574
0.00107539
0.00382445
0.00116801
0.00495128
0.000726007
0.00399134
0.00249615
0.00542949
0.00129331
0.00765081
0.00576967
0.0276806
0.00144691
0.00112819
0.000886937
0.00196178
0.00325156
0.00686173
0.0143112
0.0207129
0.00107009
0.00198816
0.0011196
0.00152523
0.00317992
0.0145833
0.0279271
0.00125593
0.00257118
0.00644034
0.00156161
0.0670249
0.0267722
0.00953007
0.000576709
0.0165756
0.00187238
0.00329544
0.00613032
0.00140461
0.0176959
0.00165987
0.0102264
0.00165247
0.00238506
0.00470951
0.00242643
0.00258275
0.00109841
0.00334784
0.00137816
0.0184849
0.00190468
0.00197827
0.0015486
0.0113153
0.00231893
0.000402372
0.00541322
0.00204012
0.00378598
0.00386402
0.0429747
0.0123665
0.00677285
0.00108089
0.000968236
0.00099042
0.00349525
0.029204
0.00148324
0.00356569
0.00263456
0.00180456
0.0012361
0.00163001
0.00230701
0.00234958
0.00151125
0.0337721
0.015496
0.00127426
0.00180728
0.00581351
0.0907408
0.00152203
0.0018526
0.00108279
0.0227901
0.000886369
0.00218965
0.00170417
0.000644428
0.00156566
0.00219337
0.0178657
0.00306196
0.00241813
0.00119497
0.0207245
0.0180926
0.00319963
0.00173135
0.00166425
0.0374311
0.00126555
0.0107315
0.00228276
0.000894272
0.0031502
0.00338755
0.00448948
0.00143472
0.0274545
0.00176061
0.00349445
0.00806281
0.00177101
0.00233995
0.00434476
0.00107389
0.000721082
0.00281307
0.00116752
0.0230576
0.00303947
0.00349083
0.00099198
0.0298187
0.0015475
0.00257367
0.00136138
0.00150454
0.0011801
0.00310767
0.00106186
0.00629427
0.0149998
0.00400326
0.00141338
0.0133331
0.000644201
0.00187044
0.000916543
0.0114407
0.0132018
0.00503007
0.00845103
0.00094861
0.00096993
0.0224511
0.00253645
0.0212173
0.00344615
0.00586554
0.0121531
0.00770667
0.0016012
0.00183548
0.00279881
0.00437853
0.013618
0.000934315
0.000426086
0.000439654
0.00361668
0.00194795
0.00118488
0.00174821
0.00145096
0.00179166
0.00985287
0.00299016
0.00257861
0.000747732
0.0100459
0.00176712
0.00272808
0.00388512
0.016942
0.0083912
0.00315222
0.00122024
0.000659045
0.00714184
0.00176071
0.00484775
0.00124041
0.00296413
0.045859
0.00464041
0.000916204
0.000349248
0.00367964
0.00176632
0.00279657
0.0188803
0.00202938
0.00460286
0.00239189
0.000687602
0.0208331
0.00178682
0.00163868
0.000298126
0.00265686
0.0016539
0.00748944
0.00210336
0.00166842
0.0015209
0.0018827
0.000704202
0.00224714
0.00134212
0.00217403
0.093559
0.00193347
0.00491584
0.0011974
0.00500646
0.00302605
0.00117425
0.0120724
0.00958672
0.00139372
0.0013773
0.00299048
0.00461429
0.000506563
0.00335235
0.00857902
0.0178595
0.00142513
0.00536802
0.00705791
0.00307342
0.0015286
0.00139387
0.00215502
0.00261415
0.00138007
0.0108417
0.00120615
0.0111397
0.00568364
0.00255226
0.0024978
0.00990586
0.000348307
0.00361235
0.00211646
0.00777035
0.0142086
0.00630423
0.00185335
0.00184087
0.00178786
0.000762522
0.00236332
0.00595009
0.00882456
0.00201412
0.00253102
0.000596566
0.00162345
0.0297707
0.0269284
0.00141893
0.00631418
0.00229545
0.00650206
0.0107382
0.00886404
0.0109438
0.00426542
0.0105821
0.00381232
0.00710398
0.00215368
0.000859532
0.00207383
0.00548057
0.0509123
0.000533634
0.00133142
0.00271152
0.00151618
0.0018716
0.00237127
0.00194667
0.00214391
0.00479745
0.00114418
0.00255103
0.00118852
0.013129
0.000469892
0.000722063
0.014988
0.00238993
0.000190303
0.0216709
0.00443664
0.00224986
0.00384976
0.00345156
0.00472525
0.00092299
0.00237115
0.00167763
0.00416573
0.00268438
0.0064566
0.0012487
0.000564695
0.0024721
0.00224581
0.00457724
0.00336339
0.00247793
0.00269572
0.000914672
0.0258777
0.00203995
0.0074245
0.00647361
0.0326803
0.00321237
0.000734714
0.00256779
0.00184871
0.00641678
0.000245238
0.00283519
0.00421228
0.0017371
0.00847758
0.000581755
0.00167589
0.0190635
0.00184337
0.00211841
0.00119361
0.00113244
0.00124755
0.00226172
0.00544743
0.00199806
0.00257719
0.00154782
0.00150804
0.00154072
0.00150269
0.00118365
0.00172296
0.00440738
0.00408801
0.00347866
0.00457425
0.00225757
0.00176142
0.0153687
0.0205326
0.00152175
0.00145856
0.000965948
0.0019667
0.00235771
0.00743238
0.0242384
0.0032529
0.00511519
0.0202246
0.00139671
0.0105334
0.000889179
0.00231569
0.00446287
0.00606107
0.0127166
0.000512762
0.00200951
0.00134276
0.00170096
0.00193869
0.0039296
0.0249369
0.0099967
0.00114142
0.00214129
