0.00146699
0.00450631
0.00457184
0.00829792
0.00347871
0.00255806
0.00277217
0.00604723
0.00468268
0.00652688
0.00158687
0.0183121
0.00525772
0.00340162
0.00157398
0.00126948
0.00316165
0.0285187
0.00210421
0.000798109
0.00199511
0.00444874
0.0485497
0.00146497
0.00783097
0.0030926
0.00143117
0.000919289
0.0232805
0.00108472
0.00434388
0.0082239
0.00140859
0.000888391
0.00152248
0.0106059
0.00231967
0.00315708
0.00247384
0.0113285
0.00170339
0.00380694
0.00190745
0.0016548
0.0108233
0.00815465
0.000252337
0.00146873
0.00320732
0.00189938
0.00300508
0.00102837
0.00909045
0.0036304
0.00619211
0.00436618
0.00117278
0.00159727
0.00366647
0.00115367
0.00233743
0.0024196
0.00227662
0.00371398
0.0081085
0.00356664
0.00298339
0.00223578
0.0109249
0.00184169
0.00287456
0.000332714
0.0025134
0.00486319
0.00180623
0.008702
0.00237584
0.00301578
0.00338058
0.00237207
0.00342314
0.00477549
0.00272047
0.00637871
0.00621082
0.00202976
0.000787372
0.00859385
0.00642735
0.00216807
0.0134197
0.00608442
0.00516512
0.000804651
0.0270667
0.00511431
0.000308569
0.00128843
0.00631195
0.00321776
0.000941538
0.000926338
0.00634061
0.00150487
0.00565317
0.00156465
0.00392816
0.00275679
0.00428409
0.00353037
0.00292016
0.00111464
0.00569683
0.00350337
0.00164531
0.00427305
0.0068108
0.0020005
0.000866891
0.00148199
0.00167115
0.00926878
0.0026774
0.00135047
0.00138281
0.00399895
0.00705106
0.00233309
0.00180193
0.00630037
0.024811
0.00124381
0.0157453
0.00335312
0.00280105
0.00282159
0.0130469
0.00169219
0.00472989
0.000984065
0.00902134
0.00114392
0.00413375
0.0044491
0.0826684
0.0107151
0.00475357
0.00992546
0.0029725
0.00548451
0.00343222
0.0290107
0.0100493
0.00158868
0.00353352
0.00483435
0.0022131
0.0497445
0.00247496
0.00809908
0.00156911
0.00304378
0.00107624
0.00555119
0.00132482
0.00322818
0.00111342
0.0031667
0.00343302
0.0011211
0.00368296
0.00319786
0.00841732
0.00300776
0.00468908
0.00685672
0.000424001
0.00454512
0.00572963
0.00138009
0.0153568
0.00165882
0.0079424
0.00319419
0.00695949
0.00251083
0.000571051
0.00219902
0.00426183
0.00827157
0.00771301
0.00238003
0.00389617
0.00235132
0.00630376
0.0109595
0.00181773
0.00800883
0.0288485
0.00521168
0.0127013
0.00079705
0.0150305
0.00893716
0.0166039
0.00609811
0.0130307
0.0022478
0.0103865
0.0043691
0.00517227
0.00566766
0.00149486
0.00113866
0.00124604
0.00075386
0.00388387
0.00201473
0.00613645
0.00382135
0.00663915
0.00791592
0.0193478
0.00398555
0.029731
0.00636376
0.00406285
0.00304872
0.00777527
0.00338176
0.00427473
0.00596781
0.0104827
0.00223827
0.000774631
0.00184888
0.00161684
0.00622882
0.0441671
0.0109866
0.0017373
0.0214283
0.00260345
0.00223883
0.00740234
0.00103396
0.00227375
0.000913195
0.00333331
0.00192833
0.0173176
0.00234199
0.00177959
0.00321143
0.0216888
0.00219895
0.00163206
0.00559068
0.0159493
0.00190764
0.00430248
0.00759686
0.00793518
0.0108512
0.00961306
0.0247534
0.0028019
0.000629999
0.0257531
0.00400859
0.00677311
0.00262149
0.0119183
0.00436408
0.00123703
0.00141275
0.00974792
0.00173092
0.0273504
0.00813245
0.00791523
0.00202061
0.00361499
0.010993
0.0012406
0.00693627
0.00380671
0.00211659
0.00975411
0.0274577
0.00673185
0.00929594
0.00411725
0.00226047
0.00191306
0.00738219
0.000807403
0.00695436
0.00384686
0.00194841
0.00615872
0.000619003
0.0194877
0.00278021
0.00183884
0.0129659
0.00833733
0.0081221
0.00641086
0.00344728
0.00565479
0.00260691
0.00459137
0.00192034
0.00196514
0.00276275
0.0178465
0.0158136
0.00500416
0.00163831
0.0156877
0.0330435
0.0289031
0.00141876
0.0123779
0.00164891
0.0224441
0.0134205
0.00328954
0.00911066
0.00183396
0.0108153
0.00392136
0.00779221
0.0012602
0.0033888
0.00408211
0.0062162
0.00729435
0.00291494
0.0115786
0.00109627
0.00264345
0.00352162
0.00403747
0.000504023
0.00482423
0.0013385
0.00304147
0.00125088
0.011148
0.00440974
0.00199074
0.00611903
0.00267646
0.00747416
0.000286677
0.00946273
0.0670603
0.00129913
0.00587587
0.00542888
0.00994653
0.000984836
0.0102547
0.00751815
0.0677273
0.00299406
0.00675908
0.00714588
0.00330883
0.00729228
0.00344882
0.00367972
0.000279247
0.00339351
0.00149286
0.0103071
0.0158724
0.000677124
0.00292753
0.00235782
0.00272514
0.00146485
0.0129708
0.00100722
0.00555913
0.00613652
0.0146743
0.00395186
0.00371956
0.00811409
0.00380842
0.00159364
0.0056741
0.00211831
0.00831167
0.00475363
0.00603114
0.00988531
0.000202988
0.00820382
0.00181681
0.00755073
0.00508611
0.00394023
0.00777123
0.0119632
0.00194163
0.00270144
0.00663962
0.0103768
0.000842323
0.0285348
0.00550447
0.0104498
0.00205809
0.00182971
0.0104868
0.00271622
0.000302351
0.00501634
0.000985879
0.00896471
0.00266197
0.00243759
0.00615846
0.0219358
0.000944861
0.00145573
0.00293477
0.0336426
0.00191625
0.00185888
0.00226351
0.000144136
0.0131707
0.00614817
0.00355503
0.00124924
0.00697762
0.000864869
0.00329945
0.002332
0.0197992
0.00219574
0.0173543
0.00715993
0.0104367
0.000862229
0.00814028
0.00356476
0.01021
0.00469652
0.0113842
0.00742591
0.00295218
0.00362031
0.000959648
0.0036346
0.0514213
0.00106493
0.00172108
0.0125457
0.0057564
0.0153135
0.000443313
0.00328607
0.0012566
0.00315263
0.00139095
0.00272167
0.0030625
0.00389781
0.00684977
0.00583492
0.0393272
0.00734353
0.00300483
0.00227484
0.0432413
0.0029184
0.00174155
0.000786727
0.00577163
0.00620865
0.00298546
0.0343649
0.00732281
0.00210647
0.00349827
0.14518
0.00670937
0.0187095
0.0184479
0.0025018
0.0314042
0.000849537
0.00613841
0.00161336
0.00100189
0.00331325
0.00122453
0.0065691
0.00161194
0.00292637
0.0054796
0.00281881
0.00406842
0.00137256
0.0070299
0.00256453
0.0136959
0.00355168
0.0105728
0.00607257
0.0124831
0.00466779
0.00162922
0.00950835
0.0116168
0.00199955
0.00650657
0.00482939
0.00848469
0.0113682
0.00193039
0.00104741
0.00844817
0.00361683
0.0133562
0.00894718
0.0086381
0.000493407
0.00416372
0.00719337
0.00833663
0.00331813
0.0085111
0.00628173
0.00662692
0.00110903
0.00186628
0.0332402
0.0110301
0.00593407
0.00158615
0.0283566
0.00348969
0.0458077
0.00119142
0.00179446
0.00137136
0.00854222
0.00132415
0.0015021
0.00169751
0.00302428
0.00456528
0.00393663
0.000402669
0.000683229
0.00916854
0.00633592
0.00896968
0.00170402
0.00416005
0.00945464
0.0049657
0.0187013
0.00954043
0.00491243
0.000278301
0.00183756
0.0225968
0.0123308
0.00241376
0.00397446
0.0137728
0.00152359
0.00176095
0.00128077
0.0330904
0.00479988
0.00244123
0.00493503
0.00690903
0.0116817
0.00950244
0.0300031
0.00826136
0.00405028
0.00515966
0.00472765
0.0137378
0.00702178
0.0049235
0.0136332
0.00292595
0.00261529
0.0177045
0.00148462
0.00347324
0.0182098
0.000659964
0.00155725
0.00770533
0.00261778
0.00713444
0.0148407
0.00214442
0.00175798
0.00423968
0.00447765
0.000744068
0.013939
0.0048981
0.0116979
0.00301853
0.00829861
0.00808026
0.00771002
0.00400133
0.010375
0.0176054
0.00093171
0.00403566
0.00469399
0.00927541
0.00893271
0.000582485
0.00195355
0.00264667
0.000852586
0.034887
0.00044398
0.00766985
0.00629251
0.00473693
0.00339951
0.0139762
0.00815485
0.0120595
0.000524253
0.00297639
0.0196197
0.0178972
0.0156007
0.00159042
0.00482576
0.00195003
0.000701562
0.00211151
0.00302574
0.000758587
0.00177454
0.00363319
0.0129207
0.0046973
0.00734011
0.0248881
0.00172663
0.000574743
0.0134556
0.00158753
0.00689759
0.00595495
0.0116442
0.00300366
0.00200718
0.00283746
0.00224221
0.0024551
0.00693481
0.00270957
0.00461473
0.00439062
0.00253138
0.00288499
0.00313989
0.00417368
0.00590684
0.0334951
0.0109925
0.0100512
0.00993725
0.00718517
0.00320209
0.0153963
0.00422245
0.000849762
0.0173306
0.00220576
0.00136136
0.00825477
0.00171923
0.0106698
0.00128215
0.00283701
0.00948325
0.00483905
0.0026351
0.00247594
0.00135904
0.00137531
0.0019037
0.00202461
0.000860087
0.0054573
0.0290708
0.00279427
0.0145969
0.00152874
0.0106411
0.00793431
0.0138112
0.00122665
0.0134321
0.0036715
0.0022112
0.00249
0.0104458
0.00998348
0.00378633
0.00657101
0.00403756
0.00234859
0.00384817
0.0165658
0.00799348
0.00352285
0.00244711
0.00029083
0.020531
0.0196845
0.00758939
0.00374969
0.00169134
0.00313134
0.00669026
0.00368112
0.0101631
0.0088869
0.00319948
0.0041267
0.00268233
0.0194311
0.0134855
0.0147308
0.00479801
0.0290286
0.00407009
0.00993332
0.0305104
0.00183269
0.00287015
0.00107088
0.00234664
0.00633982
0.016388
0.00222206
0.00107906
0.00292754
0.00422109
0.00120706
0.00227147
0.00423621
0.000669641
0.00275718
0.00231636
0.00177177
0.0106978
0.00156717
0.00260353
0.00494522
0.00172848
0.013878
0.000795678
0.00351755
0.00131688
0.00515737
0.00269485
0.00252536
0.00603437
0.00706288
0.00857446
0.00307225
0.000687924
0.00314722
0.000801975
0.00353948
0.00749586
0.00256044
0.00951241
0.00537847
0.00108169
0.00413786
0.00730239
0.036125
0.0019113
0.0035071
0.00464074
0.000988966
0.00803966
0.00106469
0.0057858
0.000729613
0.000718269
0.000591625
0.000346808
0.00169148
0.00115749
0.000561351
0.0104505
0.0156332
0.00307278
0.00193472
0.00116525
0.00744895
0.00191669
0.0121308
0.00815459
0.00142225
0.0051807
0.0211192
0.0367767
0.00292478
0.0160583
0.00498094
0.00243806
0.000527442
0.00224
0.000666403
0.00362285
0.00376958
0.00194347
0.00240951
0.00271145
0.0022981
0.00578161
0.0104023
0.0152919
0.00409842
0.00784283
0.00164748
0.0053078
0.00414587
0.0164899
0.00106114
0.00307739
0.00249268
0.0065326
0.000557526
0.00280191
0.00253833
0.0043607
0.00105051
0.00334862
0.00676419
0.00221593
0.00383219
0.0174762
0.00537779
0.000857879
0.00353875
0.0307365
0.00443805
0.00987976
0.00347375
0.00178846
0.00501446
0.00279661
0.00155013
0.000670088
0.0166906
0.00522698
0.00246074
0.00407664
0.00422334
0.00144182
0.0147605
0.00194878
0.00297868
0.0129821
0.00567119
0.0103726
0.0115814
0.00181217
0.00476851
0.00184782
0.00659781
0.00547941
0.00191023
0.0130625
0.00231647
0.00560725
0.0149758
0.00238522
0.0107998
0.012129
0.00890959
0.0235903
0.00382585
0.000683543
0.00135877
0.0108332
0.00176474
0.00958101
0.0056475
0.00483749
0.00453783
0.00953046
0.00183703
0.0112535
0.0050285
0.00585237
0.00319949
0.00449006
0.00364306
0.00137443
0.00787682
0.00240535
0.00136285
0.0405036
0.0123297
0.00183952
0.00263183
0.00433862
0.00138721
0.00958266
0.00156764
0.00444653
0.00156754
0.00373274
0.0037604
0.00328436
0.00842196
0.0031303
0.000378756
0.00911775
0.00104206
0.00493631
0.00302225
0.00305259
0.00482859
0.000825008
0.00382139
0.00240674
0.000562392
0.00163111
0.0086127
0.00665568
0.0123552
0.000575109
0.00437883
0.0019468
0.00375926
0.00728451
0.000608216
0.0021413
0.0100489
0.00224347
0.00104901
0.00154646
0.0166554
0.0103665
0.00224922
0.0123843
0.00215188
0.00343379
0.000968551
0.00178425
0.00687142
0.00532073
0.0014977
0.00464751
0.00485435
0.00492619
0.00156891
0.0109351
0.00839107
0.000602266
0.00181081
0.00735439
0.00396152
0.000465912
0.00567855
0.00125525
0.00244791
0.00239706
0.00332477
0.00346334
0.00705695
0.00343583
0.0163269
0.00145703
0.00782769
0.00329706
0.0140894
0.00243445
0.00121442
0.00202762
0.0139058
0.01885
0.00410847
0.0013747
0.00210087
0.00699968
0.00429841
0.00150432
0.0110251
0.00200844
0.00345527
0.00598456
0.00397378
0.0688508
0.00143798
0.00160917
0.00110684
0.0240479
0.00503417
0.0168816
0.0096525
0.00112384
0.00151908
0.00187046
0.00266819
0.00479007
0.00564961
0.000527287
0.00664199
0.00209595
0.00165625
0.00544865
0.00621062
0.00132715
0.00629546
0.00248666
0.0155151
0.00263764
0.00862472
0.00114442
0.00477473
0.00402409
0.00377217
0.00503087
0.000937844
0.00460197
0.00650435
0.00165103
0.00600079
0.0102359
0.00531317
0.000771932
0.00623741
0.00549949
0.0119224
0.000883364
0.00515404
0.00883495
0.00423594
0.00529141
0.00855447
0.000792911
0.00141316
0.00164643
0.00546975
0.00330184
0.000922535
0.00297313
0.00144472
0.00349074
0.00230461
0.019165
0.00313246
0.00694007
0.0114451
0.00430157
0.000491656
0.00287311
0.0762409
0.0108832
0.044132
0.00336739
0.00120889
0.0100078
0.00148339
0.00938441
0.00437556
0.00250225
0.0122049
0.0107855
0.0272755
0.00235005
0.00619089
0.00822533
0.00226427
0.0204665
0.00781081
0.000337883
0.0071186
0.00308391
0.0052635
0.0028739
0.00458521
0.00857277
0.00874685
0.000348312
0.00183843
0.00847832
0.0158741
0.00534178
0.00946525
0.00575305
0.00231428
0.000960481
0.00386412
0.00272731
0.00213825
0.0013539
0.0031962
0.00730156
0.0011821
0.00696936
0.0446907
0.00161219
0.0083829
0.00192172
0.00554651
0.00846103
0.0140102
0.0037479
0.000991854
0.00297676
0.00205829
0.00191974
0.0087125
0.00439384
0.00170744
0.00403927
0.0021006
0.00660393
0.00197019
0.00747519
0.00378029
0.00609895
0.00631989
0.000663683
0.00367391
0.000295178
0.00439624
0.000935886
0.000770575
0.0125563
0.00203833
0.00289336
0.00607644
0.0235001
0.00455124
0.0317416
0.00688161
0.00363575
0.000799403
0.0145839
0.00352454
0.00222957
0.00520113
0.00273473
0.00417603
0.00347162
0.00470918
0.00124857
0.0137715
0.00208441
0.0267152
0.000149029
0.00413402
0.0100627
0.0219249
0.00205801
0.00687299
0.00434636
0.00093892
0.00347806
0.00484454
0.0167099
0.00172918
0.0209793
0.00159633
0.00126026
0.00292058
0.00484803
0.0012276
0.0494856
0.00765177
0.00202632
0.00351656
0.00250023
0.000510769
0.00282049
0.00184947
0.0181996
0.000806589
0.00243795
0.00361438
0.00853839
0.0105854
0.014512
0.00682734
0.00167194
0.00829136
0.022547
0.00610394
0.018244
0.00483572
0.000152449
0.0111598
0.00993611
0.00934751
0.00145754
0.00281261
0.00812811
0.000912713
0.00318668
0.00111307
0.00660743
0.00768503
0.0116452
0.00271755
0.0154427
0.00707307
0.0026974
0.00743976
0.00659032
0.00360814
0.00249093
0.00263879
0.000977436
0.00370369
0.00454245
0.00679388
0.00527705
0.00505196
0.0035574
0.00314433
0.00204733
0.00503391
0.00137639
0.00450653
0.00434566
0.00465584
0.00139386
0.00350927
0.00847791
0.00139409
0.00331024
0.00124608
0.0118108
0.00543248
0.00100936
0.00126836
0.0293993
0.00101285
0.0033808
0.000961513
0.00283492
0.0020996
0.00140956
0.000541499
0.00543517
0.00861114
0.000790438
0.00236764
0.00588007
0.00663621
0.0037729
0.0255104
0.00139823
0.00795214
0.00207527
0.00405451
0.0183337
0.00177214
0.0150406
0.00111049
0.00474197
0.00707143
0.00102428
0.00206931
0.0127361
0.0176794
0.0103839
0.00288655
0.00267234
0.00733954
0.00122455
0.0196044
0.0019409
0.0019584
0.00372451
0.00165643
0.002865
0.00234367
0.0230702
0.0124782
0.00317125
0.00118415
0.00230868
0.00537078
0.00151743
0.00550814
0.00728685
0.00219785
0.00558062
0.0367157
0.00323781
0.00679326
0.00134643
0.000859307
0.00230083
0.00631268
0.00464599
0.0128162
0.00572716
0.00793729
0.00272895
0.00403167
0.00101169
0.033248
0.0109697
0.0184019
0.00322506
0.00126112
0.00238136
0.00719861
0.00855631
0.00525834
0.0062747
0.0191067
0.00869826
0.0205498
0.00370472
0.00393895
0.00431737
0.00170091
0.0226716
0.00427415
0.00206853
0.0450595
0.00207515
0.010199
0.0112648
0.00296518
0.0158434
0.0105687
0.00716329
0.00393683
0.0433611
0.000800435
0.00245862
0.00598452
0.00704988
0.00475944
0.0126472
0.00401994
0.00668257
0.00660253
0.00699061
0.00365656
0.00354628
0.0080871
0.00695199
0.00640282
0.00160848
0.00362684
0.00659747
0.0116803
0.00672911
0.000731596
0.00272266
0.000676159
0.00900963
0.00378
0.0036935
0.00119673
0.000239252
0.0024514
0.00159841
0.00186972
0.00330222
0.00259461
0.0125581
0.00511284
0.00482845
0.00405223
0.00202176
0.00123128
0.00248729
0.0139355
0.00370184
0.00716379
0.00343059
0.00189226
0.0165364
0.0151592
0.012783
0.000928716
0.00176095
0.0196925
0.00376242
0.00579255
0.00219424
0.00416231
0.00551061
0.00116517
0.000473528
0.00125081
0.0012401
0.0280123
0.00329747
0.000285901
0.00773227
0.00113722
0.00314733
0.000985132
0.00535842
0.0171269
0.000884312
0.00114939
0.00926527
0.00379985
0.0148423
0.00183169
0.00960807
0.0143001
0.00528952
0.00721448
0.00343013
0.00426293
0.0326626
0.00469434
0.00635233
0.00216742
0.00120015
0.0107924
0.0182724
0.0308793
0.0166291
0.00838919
0.0057474
0.00575271
0.00906297
0.00464542
0.0235103
0.00568429
0.00430763
0.0014041
0.00313867
0.00150443
0.00886881
0.00242754
0.040886
0.00389075
0.00391744
0.00507959
0.00563582
0.00971434
0.0114622
0.00193557
0.00239908
0.00290435
0.00112607
0.0015151
0.000512863
0.00415534
0.0337764
0.00384722
0.00209738
0.0143329
0.00150199
0.00126066
0.000884717
0.0054659
0.000938599
0.00516235
0.00447711
0.0405234
0.00323482
0.013392
0.00240154
0.000759141
0.0125288
0.00338527
0.00328885
0.056328
0.00449978
0.00108954
0.00484814
0.0129048
0.0143853
0.0101417
0.0220039
0.00522728
0.0158208
0.0033905
0.00211029
0.0183999
0.0032079
0.00112474
0.0117891
0.00538821
0.00146162
0.0040902
0.00734607
0.00468168
0.0200739
0.00340248
0.00388052
0.00331451
0.00282363
0.00592238
0.00158801
0.00980167
0.00807638
0.00281001
0.00481464
0.00166161
0.00209031
0.000865044
0.000536863
0.010909
0.00888561
0.00246068
0.00886001
0.00380915
0.00208225
0.00354953
0.00169979
0.00747359
0.012589
0.00944983
0.000430778
0.00254692
0.00198241
0.00857426
0.00208125
0.00652419
0.0123896
0.00852763
0.00128051
0.0038926
0.00335509
0.00451018
0.000871951
0.00173007
0.00247469
0.00753387
0.00180636
0.0165049
0.0112416
0.00568429
0.0054702
0.00168778
0.0110811
0.00388281
0.00149073
0.000901393
0.00790727
0.00308817
0.00702055
0.00976597
0.00189511
0.00107729
0.000663742
0.00592139
0.00330054
0.000992203
0.000734592
0.000425979
0.00571181
0.00392679
0.00942994
0.00301203
0.0151482
0.00257543
0.00716065
0.00519359
0.00209411
0.00118472
0.00200198
0.00132063
0.00161845
0.00789644
0.0252287
0.0141826
0.0015905
0.00218276
0.0113958
0.00618185
0.0108985
0.00515737
0.0270242
0.00289213
0.0116833
0.00778917
0.0128529
0.0130813
0.00326806
0.00414861
0.00470162
0.00504517
0.000954396
0.0136724
0.00184953
0.0217341
0.0231382
0.00161598
0.00544167
0.00129896
0.00293404
0.00157492
0.00805563
0.0019188
0.000598672
0.00804457
0.00166278
0.00480645
0.009156
0.00747223
0.00722914
0.0323209
0.0019062
0.0130114
0.000760568
0.00587769
0.0039361
0.0227126
0.00189269
0.00145555
0.00655789
0.00297308
0.00776282
0.012252
0.00172803
0.00302384
0.00649199
0.000412213
0.00336488
0.00631657
0.00508944
0.00287952
0.00433754
0.00413335
0.0262518
0.00502974
0.0745969
0.0010939
0.00431924
0.00995676
0.00339792
0.00282779
0.00643356
0.0020194
0.00356132
0.0134021
0.00527455
0.00111826
0.00315904
0.00239718
0.00196019
0.0122704
0.00786035
0.0059707
0.00412448
0.00382129
0.00143235
0.00383666
0.00655314
0.00315619
0.00234087
0.00630175
0.00458571
0.00924138
0.00178955
0.0047976
0.00134647
0.00267877
0.000716526
0.000200159
0.0033742
0.0264732
0.00899561
0.00210687
0.00308569
0.00334209
0.00274861
0.00796224
0.00233907
0.00457004
0.00666282
0.00241503
0.000607802
0.00505967
0.00161037
0.0006981
0.0106522
0.00787486
0.00113963
0.00698292
0.0110467
0.0034179
0.0104227
0.00351153
0.0119992
0.0009805
0.0015701
0.00129042
0.00158096
0.0135026
0.00111209
0.0033781
0.00662188
0.0128677
0.00309137
0.0153666
0.0108752
0.00110863
0.00564838
0.00270852
0.00771854
0.00509054
0.00789159
0.0234206
0.00523045
0.00519241
0.00831296
0.00240563
0.00627208
0.00360558
0.00524699
0.00517907
0.00153825
0.00413143
0.00207115
0.00398838
0.00626428
0.00327199
0.00128722
0.0050907
0.024459
0.00173375
0.00138419
0.00527065
0.00638331
0.003098
0.00175562
0.00251363
0.00203443
0.0103194
0.000897677
0.00799049
0.00852513
0.00163938
0.000456859
0.00359814
0.0307954
0.00293574
0.00154475
0.00248563
0.00417895
0.00734927
0.0135052
0.0225146
0.00333685
0.0112827
0.000532807
0.00138824
0.00154887
0.00073057
0.00429879
0.00102167
0.0190243
0.0113765
0.000798065
0.0104115
0.00102771
0.00622337
0.00702465
0.00474091
0.00255085
0.00328365
0.0034401
0.00578324
0.0168434
0.0183368
0.0064784
0.00418332
0.00314515
0.000677957
0.00612319
0.0047489
0.0135028
0.00160552
0.00771903
0.0019853
0.00328839
0.0196232
0.00378451
0.0185549
0.0335185
0.00130328
0.0039634
0.010688
0.00535675
0.00849111
0.000516474
0.00258977
0.00531763
0.00949445
0.011045
0.0168654
0.00120512
0.0122704
0.000620542
0.00276641
0.00172224
0.0040429
0.00162983
0.00359561
0.00213709
0.00301595
0.000168117
0.000373744
0.00207627
0.00682441
0.00063158
0.00322951
0.000700378
0.00166359
0.00465746
0.00208376
0.0007092
0.00469758
0.00845327
0.0401508
0.00482113
0.0127309
0.00371393
0.000146502
0.0021454
0.00883416
0.00385441
0.00163151
0.0256509
0.00122152
0.00604593
0.00383492
0.00117934
0.00139284
0.00270716
0.00281691
0.00452595
0.0152906
0.00218335
0.0109355
0.0026559
0.0178242
0.00231946
0.00772523
0.00138896
0.0231523
0.00533574
0.0134758
0.0156321
0.0165671
0.000950455
0.0250903
0.00420425
0.00289958
0.00860588
0.00265378
0.00272297
0.00808006
0.00615065
0.00216166
0.0212211
0.0126907
0.00392256
0.00477229
0.00236714
0.00270028
0.00587477
0.0157099
0.0216334
0.000538382
0.0054021
0.00162526
0.00180299
0.00158699
0.00331568
0.00111324
0.00445537
0.000952247
0.00712746
0.00190376
0.00600022
0.00112849
0.013346
0.0151675
0.0152315
0.020509
0.0107209
0.00162184
0.0030496
0.00359018
0.00261652
0.00546966
0.00640478
0.0190092
0.0107703
0.00895586
0.00573844
0.0263826
0.00485741
0.00576592
0.00158602
0.00284702
0.00134832
0.00383924
0.00589419
0.017107
0.00221157
0.00167855
0.00309474
0.005275
0.00168708
0.0106293
0.00456511
0.00409707
0.00790422
0.000922658
0.000284419
0.00573313
0.00711691
0.00764895
0.0315821
0.00540738
0.00153989
0.00798951
0.0126061
0.0043677
0.00478343
0.00484975
0.00446194
0.00720565
0.044855
0.000886353
0.00202712
0.00126561
0.00958181
0.00102172
0.00914389
0.0027611
0.00948521
0.00148888
0.0063063
0.00421252
0.00105894
0.00458849
0.00741725
0.0128143
0.00251114
0.00824229
0.00882961
0.000985464
0.00130734
0.0206799
0.0104513
0.00170657
0.00420995
0.00636856
0.00407759
0.0130092
0.00757163
0.0049283
0.00163342
0.000326552
0.00245957
0.000463602
0.00162922
0.0065352
0.00182127
0.00929529
0.0268987
0.0080274
0.00755736
0.00341594
0.00262825
0.00447166
0.0140928
0.00447828
0.0038868
0.00890474
0.00786446
0.0120958
0.00131754
0.00231138
0.0016352
0.00744088
0.00523763
0.00576974
0.00477814
0.00591758
0.00131616
0.0020533
0.00933771
0.00152566
0.0167251
0.00661248
0.00428801
0.00136987
0.000661856
0.0307604
0.00335905
0.0187026
0.00132091
0.00746719
0.00502536
0.00709814
0.00525518
0.000634143
0.00755888
0.0042338
0.00183275
0.00144469
0.00592431
0.0059342
0.00412239
0.00373207
0.000620343
0.0114782
0.00806818
0.00856885
0.00298847
0.00507556
0.00380744
0.00174649
0.0253692
0.0066824
0.0108978
0.00317255
0.0285921
0.00077679
0.00270273
0.00350786
0.00407923
0.00235327
0.00825668
0.0101032
0.00278844
0.008352
0.00539386
0.00238984
0.00174245
0.00513216
0.00907492
0.0139513
0.00425694
0.000625889
0.00120124
0.00372614
0.00419463
0.00539375
0.00640333
0.0265461
0.0066371
0.0174254
0.00266164
0.00459578
0.00321218
0.00892403
0.00422473
0.00162167
0.00184177
0.00966485
0.00184298
0.00865969
0.00559239
0.00589118
0.0171036
0.00427635
0.0215527
0.0750235
0.0233567
0.0130263
0.00130069
0.0127585
0.00790303
0.00223273
0.0058607
0.00227551
0.00264383
0.0127255
0.018519
0.00244927
0.00807931
0.0109053
0.0149648
0.00505735
0.00155702
0.00129805
0.000698743
0.00492169
0.00256956
0.00705284
0.00447495
0.00310396
0.00942039
0.0128535
0.00813627
0.00150701
0.00571915
0.0453427
0.00951046
0.00409472
0.00571247
0.00114173
0.00812842
0.000780998
0.00495535
0.00152507
0.00293605
0.00335206
0.00823991
0.00531529
0.00475121
0.00423388
0.00754525
0.0131954
0.00369981
0.00131898
0.028887
0.00628995
0.00215441
0.00241441
0.00618444
0.00292494
0.00607233
0.00342656
0.00325875
0.00121513
0.00165923
0.00276995
0.00252795
0.00177081
0.00214753
0.00520399
0.00386798
0.00123963
0.0093116
0.000847721
0.00100974
0.00086744
0.00692931
0.0135437
0.00171952
0.00605677
0.00847099
0.00624339
0.00134001
0.00101616
0.00251936
0.00231454
0.00749519
0.00107864
0.00145849
0.0354602
0.0173313
0.000409147
0.011209
0.00261934
0.000899068
0.00143363
0.00501719
0.00221189
0.00572985
0.00260815
0.00681269
0.00285641
0.00246214
0.00738291
0.00453646
0.00206787
0.00611108
0.00133713
0.0127751
0.00275149
0.00101488
0.00823147
0.00575986
0.00239819
0.00177563
0.00234212
0.00524572
0.0164977
0.00316218
0.00241344
0.012389
0.0137755
0.00340601
0.00678554
0.00225279
0.00257289
0.02042
0.0324506
0.0202655
0.00277451
0.000637986
0.00810422
0.000366457
0.00680604
0.00194841
0.00120182
0.00182957
0.0114222
0.00205957
0.0650941
0.0253788
0.00351575
0.0060895
0.00480246
0.00308307
0.00283351
0.00559546
0.00890325
0.00177911
0.000532474
0.00617454
0.000663364
0.0104888
0.000971513
0.000833323
0.00446478
0.00357419
0.00320994
0.00131198
0.00177363
0.00937272
0.000896644
0.0208064
0.000790323
0.00502656
0.00559784
0.00183226
0.00452098
0.00592379
0.00397778
0.00582991
0.00337028
0.00691537
0.00436414
0.0017546
0.000509381
0.000788087
0.00665321
0.00142933
0.00422655
0.00233478
0.00162829
0.014806
0.0071981
0.00513149
0.000660335
0.000988703
0.00867991
0.001912
0.0076083
0.00311794
0.00345596
0.00850378
0.00248981
0.00155182
0.0040512
0.0102591
0.0010419
0.00825954
0.00292393
0.0398175
0.0059626
0.0202787
0.00137259
0.00536612
0.000848505
0.015245
0.00907869
0.00108236
0.000246909
0.00476874
0.00725569
0.00335171
0.00670265
0.011162
0.0102741
0.0134129
0.00564545
0.0519857
0.00240673
0.00225139
0.00437882
0.00747652
0.016044
0.0049232
0.00503149
0.00642639
0.00158763
0.00699956
0.0022576
0.0181217
0.0097176
0.000954295
0.00639871
0.00181269
0.00676976
0.0011228
0.00514617
0.00457403
0.00454055
0.0253829
0.00573014
0.00114567
0.00107555
0.00456989
0.00648515
0.0305867
0.00511716
0.0039031
0.00879718
0.00373539
0.00150841
0.00473186
0.00332273
0.008006
0.00128808
0.00787554
0.00219885
0.00190157
0.00253305
0.0247534
0.00180422
0.00743441
0.000495412
0.00456553
0.00951412
0.00401781
0.0138277
0.00591562
0.0161264
0.0119837
0.00198594
0.00605058
0.00438317
0.00168129
0.000219075
0.00679521
0.0181187
0.00308426
0.00541299
0.00578085
0.00700118
0.0149088
0.000284419
0.00181281
0.00291516
0.00867002
0.00278963
0.00238304
0.00130184
0.000986269
0.00641263
0.00168842
0.0117539
0.003513
0.041951
0.00215203
0.00241505
0.0572415
0.00188787
0.00766504
0.00178689
0.0104068
0.00239833
0.00293951
0.00947995
0.0106526
0.00542818
0.00407376
0.00827379
0.00193902
0.00420208
0.0065214
0.00785576
0.00259529
0.00160807
0.00125286
0.0210125
0.00357311
0.000658406
0.00919648
0.00108478
0.00519336
0.00277764
0.0167534
0.0058507
0.014651
0.00358897
0.0014618
0.0117755
0.00583663
0.000574646
0.00474873
0.00190245
0.0019429
0.00118176
0.00815028
0.00218602
0.00587245
0.00611335
0.00150141
0.00447083
0.0115207
0.00153446
0.00594675
0.00137667
0.012683
0.0227724
0.00157207
0.00217028
0.00289387
0.0129639
0.0042402
0.00260183
0.00684047
0.0387403
0.0245474
0.00525356
0.00728779
0.00906379
0.00608677
0.00232697
0.0137137
0.00241733
0.00118418
0.00342858
0.0148893
0.00216644
0.00996786
0.00240568
0.00190714
0.0027951
0.00443918
0.0061488
0.00324199
0.00276979
0.00847664
0.00323018
0.0293555
0.00907054
0.0032417
0.00392585
0.00182288
0.0039707
0.00510601
0.00609612
0.00616578
0.00303083
0.00564368
0.00225978
0.00351701
0.00480348
0.0263347
0.00133933
0.00247088
0.0240338
0.00754617
0.00170738
0.00223472
0.00689927
0.0200412
0.0105885
0.000687882
0.00496739
0.00228282
0.00496147
0.00304502
0.00616873
0.00611659
0.0245733
0.00448483
0.00117875
0.0112311
0.00602391
0.00182636
0.00274907
0.000250991
0.00453797
0.0075305
0.00334817
0.0111714
0.0033553
0.00360421
0.000331839
0.00161542
0.00564859
0.00255498
0.0186881
0.00204722
0.00879082
0.0058763
0.00211053
0.00381592
0.00411107
0.0125907
0.00336041
0.00134872
0.00625267
0.00166255
0.000648568
0.00474182
0.00332134
0.00505334
0.00984214
0.0032813
0.0122618
0.0316259
0.00781584
0.0134309
0.00142289
0.0305374
0.0105066
0.0079952
0.00251324
0.0198189
0.0129001
0.00309117
0.00490978
0.00125855
0.0157724
0.00203003
0.0209121
0.00273163
0.000984343
0.00171658
0.00748408
0.0173841
0.00132171
0.0033605
0.0116496
0.00824536
0.00437267
0.00122283
0.00343116
0.0051134
0.00216745
0.00343316
0.025747
0.00277419
0.0023155
0.00444251
0.0071584
0.00238079
0.0147063
0.0026482
0.00170645
0.0175865
0.0121666
0.0185322
0.00118674
0.00815982
0.00139869
0.0050046
0.00401318
0.00683803
0.00195955
0.00263053
0.00150483
0.0195
0.00437111
0.000888232
0.0159731
0.00601844
0.00359042
0.00197419
0.00296144
0.0020891
0.00252074
0.011622
0.00193389
0.00618993
0.0097081
0.0109131
0.00660849
0.00564045
0.00235186
0.00402848
0.00891467
0.00137966
0.00219388
0.00909088
0.0187927
0.00612965
0.0121792
0.00769007
0.0291857
0.00243884
0.0107896
0.00393075
0.00833947
0.00317957
0.00155003
0.00179283
0.010189
0.0105465
0.00267531
0.00610171
0.000757307
0.00165125
0.00185708
0.00820702
0.0132361
0.00304273
0.00211696
0.00550744
0.00472847
0.0139107
0.0031903
0.00186942
0.00809629
0.00787971
0.00377938
0.00654709
0.0121872
0.0171266
0.00628478
0.00348995
0.00221218
0.00393665
0.0115215
0.00150642
0.00775358
0.00829074
0.000654928
0.0048079
0.00987849
0.027294
0.00361196
0.0019552
0.00211666
0.00153863
0.000915034
0.00334016
0.00204403
0.0045688
0.0058045
0.00601971
0.00318091
0.0055484
0.00266053
0.0048024
0.00158835
0.00169661
0.00662283
0.00139437
0.00218966
0.000370585
0.0120483
0.00104133
0.00160606
0.00220934
0.0130312
0.00711577
0.0121031
