0.00250436
0.00394491
0.00286279
0.0099623
0.00219702
0.00212514
0.0105734
0.00355726
0.000586454
0.000675705
0.00241627
0.00643678
0.00611888
0.00169477
0.0010005
0.00612858
0.0203619
0.00237368
0.00256233
0.00145522
0.00337587
0.00513072
0.00330211
0.0088101
0.00117225
0.00016918
0.00135561
0.00386011
0.00435482
0.00176905
0.00274509
0.001266
0.00303717
0.0113681
0.00199746
0.00215172
0.00245619
0.00104278
0.000864018
0.00546426
0.00588927
0.00206669
0.0015226
0.00492713
0.000288137
0.00153943
0.00549247
0.00279498
0.00236421
0.00245424
0.0158404
0.00183161
0.000676301
0.00333195
0.00428257
0.00662946
0.000770694
0.00286222
0.00175656
0.00342255
0.0055962
0.00210396
0.00432227
0.00152758
0.0172777
0.00291232
0.00173604
0.00490634
0.00170541
0.00739911
0.0048634
0.0060168
0.00299683
0.00288439
0.00427375
0.00688626
0.00147632
0.00699927
0.00395272
0.00381329
0.00213102
0.00082521
0.00291392
0.0083019
0.000878495
0.00353473
0.00338704
0.00234009
0.00463353
0.00449652
0.00464067
0.0026725
0.00431655
0.000957839
0.00282305
0.00156112
0.000497984
0.00155379
0.00247443
0.00325428
0.000572402
0.00424026
0.00546564
0.00232514
0.00135474
0.00036988
0.00461092
0.00714999
0.001391
0.0041369
0.00248862
0.000706201
0.00186275
0.00291102
0.00592593
0.00362481
0.00296927
0.00542338
0.000473096
0.0118428
0.00532793
0.00843301
0.00864109
0.0145735
0.00341515
0.00899565
0.00265305
0.00118746
0.0118661
0.000921611
0.00560817
0.00325896
0.000374651
0.00294601
0.00200083
0.000486655
0.00501308
0.00232934
0.00408825
0.004982
0.00470445
0.0024121
0.0104112
0.00776304
0.00396002
0.0156671
0.00441892
0.00304226
0.00263233
0.00142854
0.008483
0.00221186
0.00804276
0.00347396
0.00288414
0.00399825
0.00176359
0.00159821
0.00791311
0.00432702
0.00323657
0.00579782
0.00142947
0.00270244
0.0122495
0.00758218
0.00599615
0.00362974
0.00222275
0.00201008
0.0223803
0.00507588
0.0014565
0.00142171
0.00249629
0.000763844
0.00470775
0.00198922
0.0106466
0.000894911
0.00169406
0.00100823
0.00431
0.000980436
0.00535309
0.00116172
0.00425205
0.00178305
0.000994519
0.002078
0.013769
0.00776093
0.00148964
0.000889417
0.00845171
0.00380915
0.00128685
0.00104503
0.0033535
0.000697001
0.0030375
0.0142913
0.00137323
0.00435511
0.00334531
0.00064107
0.00200568
0.00433122
0.00294273
0.0146348
0.00481246
0.00414915
0.00414024
0.00404775
0.00546053
0.00168074
0.00719708
0.00525016
0.00459054
0.00190155
0.00486447
0.00231315
0.00351757
0.00320918
0.000728819
0.00259563
0.00223043
0.00812324
0.00570834
0.000940053
0.00378758
0.00227966
0.00155731
0.00198696
0.00143073
0.01117
0.00373293
0.00495584
0.00379546
0.00101989
0.000799146
0.00659467
0.0012154
0.00179776
0.00296957
0.00964476
0.00279905
0.00354264
0.00478237
0.00431529
0.00203609
0.00399601
0.00222869
0.00605405
0.0318993
0.000948839
0.0021935
0.00131995
0.00733118
0.00629987
0.013027
0.00519548
0.00129635
0.00215261
0.00274219
0.00488698
0.00550087
0.00125647
0.00889283
0.00524434
0.00297064
0.0190008
0.00150146
0.0106403
0.00137623
0.00158184
0.00224053
0.00343746
0.00416915
0.00141091
0.00823491
0.00235109
0.00883404
0.00589335
0.0045435
0.00264711
0.00516891
0.0030202
0.0123155
0.000766727
0.00198681
0.00170653
0.00185171
0.00573411
0.000672447
0.00545834
0.00146338
0.00792871
0.00349719
0.00206592
0.00113431
0.00162688
0.00217811
0.00147908
0.00322484
0.0114083
0.00867483
0.00134424
0.00281037
0.00269835
0.00245544
0.00301362
0.00325097
0.00496746
0.00668142
0.00040514
0.00212607
0.00437619
0.00195198
0.00135215
0.00140848
0.00312702
0.00283882
0.00206269
0.00158081
0.00298917
0.000706807
0.000792108
0.00411792
0.00142086
0.0223003
0.00709495
0.0013314
0.00132389
0.00373251
0.00117761
0.00812179
0.00475677
0.00236069
0.000849711
0.00135955
0.0023288
0.00284689
0.00533558
0.0191467
0.00517323
0.00598648
0.00329853
0.000805814
0.000539024
0.00427898
0.00157607
0.00215091
0.00602281
0.00170242
0.00340945
0.00338243
0.0023646
0.00339688
0.0016229
0.00427724
0.0024027
0.00322394
0.00602967
0.00217726
0.00134313
0.000969126
0.000530561
0.00314133
0.00412693
0.00261292
0.00164015
0.00275712
0.00336384
0.00322942
0.00185789
0.00155441
0.00139997
0.000611915
0.00855205
0.00119132
0.00342611
0.00322122
0.00195087
0.00414304
0.00231287
0.00482915
0.00131954
0.000454251
0.0015261
0.00410816
0.00205425
0.00347507
0.000729986
0.00147378
0.00134426
0.00226937
0.00849715
0.00431849
0.0070915
0.00406647
0.0025697
0.0200465
0.00142076
0.00547847
0.00168414
0.000903969
0.00435094
0.00169387
0.00286782
0.00196323
0.00142131
0.0129533
0.00434289
0.00737168
0.000454425
0.00179219
0.00278338
0.00437999
0.0033945
0.00212746
0.00512924
0.000859218
0.00570084
0.00960961
0.00464392
0.00513772
0.00176478
0.00498688
0.00308483
0.00211697
0.00427294
0.0169589
0.00434622
0.00128006
0.00847739
0.0023912
0.00122151
0.00219808
0.00608235
0.00257357
0.00810307
0.00134168
0.00360182
0.00278163
0.0047345
0.000917207
0.001258
0.00160942
0.00871159
0.00298248
0.0051861
0.0058702
0.00378253
0.00111362
0.00339239
0.0171164
0.00414334
0.00484721
0.00179943
0.00183037
0.00992062
0.00691488
0.00277311
0.00494458
0.00640863
0.00315046
0.00957181
0.00304208
0.00169518
0.000517569
0.00336542
0.000757902
0.00448313
0.00564204
0.0033763
0.00652027
0.00064972
0.00522026
0.00457479
0.00193725
0.00147823
0.00200495
0.00469246
0.00448723
0.00333366
0.00245559
0.00185005
0.000428959
0.00697956
0.00356168
0.000933021
0.00478094
0.0249868
0.00379272
0.00283759
0.00535976
0.0106567
0.00221239
0.00593844
0.00444172
0.0035709
0.00140464
0.000981929
0.00421883
0.00200792
0.00278032
0.00479888
0.00594446
0.0017226
0.00257492
0.00101002
0.00247643
0.00403186
0.00644131
0.00132901
0.000667227
0.00447298
0.00689305
0.002776
0.000974729
0.00702481
0.00962219
0.00158914
0.00360355
0.00192185
0.00589347
0.000675022
0.0023576
0.00134745
0.00131406
0.00271511
0.00916349
0.00389569
0.00161779
0.0045315
0.00223265
0.00399156
0.000228349
0.00745348
0.00093687
0.0017195
0.00126311
0.00365766
0.00704014
0.00728683
0.0175518
0.0014458
0.0105257
0.002117
0.00189618
0.00904406
0.00205759
0.000201339
0.00321395
0.0202673
0.00800747
0.00184698
0.00114455
0.000848547
0.00290169
0.00215284
0.0025038
0.000821008
0.00156626
0.00462944
0.0084032
0.0033135
0.00375629
0.00407929
0.00279833
0.00121994
0.000691783
0.00463154
0.00202677
0.002259
0.00691883
0.00458857
0.00447037
0.000718536
0.00589375
0.00364684
0.00743891
0.00126541
0.00673072
0.00789586
0.00157736
0.00290739
0.00198007
0.00236282
0.00764621
0.0123742
0.00275128
0.00134604
0.00547103
0.00142693
0.00456857
0.00206175
0.0069373
0.00484276
0.00939184
0.00376584
0.0187204
0.000533969
0.000363531
0.00298889
0.00258114
0.00158007
0.00325801
0.00158591
0.00148397
0.000397413
0.00145814
0.00178012
0.000987394
0.0020243
0.00464548
0.00354109
0.00717262
0.00180987
0.000377563
0.00123412
0.00545996
0.00315151
0.00137165
0.00141509
0.00165142
0.000305196
0.00487802
0.00731095
0.00396477
0.00117684
0.00247128
0.000669796
0.0107244
0.00277005
0.00204425
0.00292302
0.000810476
0.0165113
0.00101556
0.00121218
0.000844924
0.00535165
0.00594885
0.00394409
0.00154763
0.00267006
0.00177263
0.00149844
0.000961337
0.00397163
0.00145741
0.0081243
0.00380982
0.00115263
0.00124611
0.00147643
0.00581087
0.00138521
0.000441576
0.00137513
0.01336
0.0207448
0.00293182
0.00248933
0.00385132
0.00282093
0.000385475
0.000834614
0.00276101
0.00596518
0.000832819
0.00434814
0.00484349
0.0145122
0.00582242
0.00444663
0.00232536
0.00608927
0.00221304
0.0105959
0.00391782
0.0025574
0.00162228
0.00110909
0.00131825
0.00077376
0.000471354
0.000925368
0.00395866
0.000548671
0.00103614
0.0030175
0.00132433
0.00740167
0.00371855
0.00145207
0.0014352
0.00181178
0.00922665
0.000319749
0.00344047
0.00612951
0.000553773
0.00138446
0.00117039
0.00125846
0.00377872
0.0050679
0.000983765
0.00428664
0.00131733
0.0142961
0.000365999
0.00238685
0.00272706
0.00190228
0.00300082
0.00295248
0.00788271
0.00170841
0.00290204
0.00167934
0.00176278
0.00178099
0.00240493
0.000951434
0.00229592
0.00217121
0.00144204
0.00478492
0.00832832
0.00207053
0.00708261
0.0132731
0.00395161
0.00198143
0.00250635
0.00370667
0.00124236
0.0162321
0.00788132
0.00571552
0.00342032
0.00286104
0.00141736
0.0017055
0.00339542
0.00792661
0.00933775
0.000599122
0.00463104
0.00282027
0.00375106
0.000909013
0.00599497
0.000891028
0.000957664
0.00283088
0.00228971
0.00768579
0.00907643
0.00319857
0.00264118
0.00987854
0.00232199
0.00104003
0.00276469
0.00176127
0.00326768
0.00112371
0.00227506
0.000606845
0.00171251
0.0021211
0.00478
0.00660586
0.000662056
0.000749146
0.000924065
0.000381645
0.00255198
0.00250461
0.00329793
0.00168106
0.00836343
0.00514879
0.0109724
0.00556801
0.0034314
0.00285535
0.000770592
0.0283613
0.00216971
0.00245856
0.00382784
0.000803821
0.00242538
0.00387163
0.00162766
0.007423
0.00148608
0.00246766
0.00341038
0.000572741
0.00186286
0.00612332
0.00267974
0.000742299
0.00392339
0.00679032
0.00223621
0.00177175
0.0017856
0.0100907
0.00359797
0.00250241
0.00346605
0.000664584
0.00216037
0.00439468
0.00233672
0.00574997
0.0097297
0.00432336
0.00560785
0.00709844
0.000407804
0.000260047
0.005869
0.00315749
0.00445209
0.000914282
0.00475092
0.00121856
0.00628318
0.0038927
0.00259224
0.00410809
0.00279926
0.00439192
0.0050209
0.0011529
0.00528048
0.00250328
0.00281994
0.00265477
0.00126573
0.00313931
0.00251755
0.00155178
0.00101458
0.0119395
0.00526674
0.00199154
0.00433325
0.004084
0.00262348
0.00255364
0.00960381
0.00250629
0.00576348
0.0017404
0.000751409
0.00124582
0.00220424
0.00150913
0.00556234
0.00668041
0.00404525
0.00625838
0.0045503
0.000884019
0.00101964
0.00380089
0.0018468
0.00162075
0.000875851
0.00245764
0.00375428
0.00400346
0.00192305
0.00679231
0.00276209
0.00157537
0.00583948
0.00205764
0.00236428
0.00255787
0.00242488
0.011902
0.00336129
0.000987062
0.000558616
0.00221163
0.00792532
0.00422186
0.000838085
0.00210383
0.00554221
0.00510741
0.00266997
0.0012647
0.00293625
0.00359911
0.00220363
0.0118229
0.00220862
0.00284899
0.01471
0.00268836
0.00542272
0.0280845
0.00507334
0.00221118
0.00080949
0.00457575
0.000955243
0.00441703
0.00227241
0.0037803
0.00669344
0.00169652
0.00505592
0.00169892
0.00560354
0.0100396
0.00235369
0.00117741
0.000840125
0.00468546
0.00389045
0.00728017
0.00155105
0.000361513
0.00296557
0.016786
0.00305662
0.0039294
0.0061925
0.00368684
0.00465724
0.00855658
0.00124346
0.00205234
0.00559869
0.00454966
0.00475818
0.00849244
0.00560112
0.00130064
0.00110015
0.00251487
0.00511945
0.00902846
0.00302004
0.00176677
0.00758438
0.00121584
0.00196519
0.00273566
0.00308017
0.00353471
0.00214327
0.00158733
0.0150518
0.000787852
0.00346409
0.00146423
0.00250711
0.000852487
0.00284347
0.00234668
0.00310308
0.00212277
0.00651219
0.00692015
0.00527528
0.00464636
0.00103193
0.00601421
0.00114446
0.00108293
0.00199219
0.00191425
0.00388281
0.00180132
0.0031709
0.00683271
0.00647724
0.0039582
0.00151872
0.00272094
0.00273231
0.00232715
0.00193277
0.00159979
0.00332595
0.00222736
0.00637463
0.010558
0.00196558
0.00396505
0.00653559
0.00452659
0.00665086
0.00159991
0.00191236
0.00184779
0.00141808
0.00407576
0.00210903
0.0062186
0.000960993
0.00671428
0.00215612
0.00177828
0.00415124
0.00200949
0.00568344
0.00362443
0.00254176
0.00187792
0.00457354
0.00651635
0.00144505
0.00289359
0.00626028
0.00446207
0.0168651
0.00206268
0.000240928
0.00557259
0.000377781
0.00379444
0.00162318
0.00133204
0.00145859
0.0133012
0.00153331
0.00095088
0.00544322
0.00471954
0.00355557
0.00522581
0.0021167
0.000750813
0.0258668
0.00588504
0.00101091
0.00264677
0.00229222
0.00122291
0.00269716
0.0024818
0.00241596
0.00182821
0.00565097
0.00666604
0.00315638
0.00120542
0.00909387
0.00294846
0.00148753
0.0123991
0.00120574
0.00226563
0.00255218
0.000296507
0.00250286
0.00234636
0.00943982
0.00317032
0.00904565
0.00242188
0.0042694
0.00103009
0.00112426
0.00279903
0.00097781
0.000376863
0.00264735
0.000593484
0.00595745
0.0057942
0.00328103
0.00612648
0.00146686
0.000869685
0.00408943
0.00385823
0.00187862
0.0016995
0.0140385
0.00515092
0.00992352
0.00420984
0.00167941
0.00150194
0.00354809
0.00131076
0.00382494
0.00330485
0.00178498
0.00111368
0.00147052
0.00151556
0.00334289
0.00494914
0.00195906
0.00405689
0.0021361
0.000898199
0.00297397
0.00111745
0.00731161
0.00120388
0.00631997
0.0162062
0.00178254
0.008866
0.00872924
0.00700468
0.00234054
0.00308948
0.00238924
0.00486898
0.00159611
0.00502757
0.00148922
0.00349209
0.000902549
0.00275601
0.00112539
0.00788857
0.00294464
0.0129315
0.00671379
0.00335949
0.00481947
0.00514955
0.0017451
0.00303752
0.00127577
0.00398769
0.00346894
0.00480879
0.00410098
0.00243364
0.00219679
0.000158067
0.0015522
0.00139795
0.000673712
0.00421966
0.00451828
0.00156792
0.000642861
0.00153745
0.00106607
0.0022567
0.0104571
0.0102431
0.00326903
0.00119545
0.00143312
0.000763402
0.00470279
0.00149966
0.0010717
0.002397
0.00467295
0.00153798
0.0015279
0.00119335
0.00328987
0.000785126
0.00320768
0.00316143
0.00733279
0.00929914
0.00363078
0.00289006
0.00230144
0.00951586
0.00286445
0.0146039
0.00415383
0.00153028
0.00440944
0.00443349
0.00777877
0.001299
0.000899745
0.00140967
0.00195186
0.00209447
0.0052291
0.00142716
0.00174558
0.00365881
0.00109624
0.00263371
0.00131836
0.00430726
0.00371185
0.00134044
0.00164873
0.00577847
0.00368215
0.00080047
0.000503199
0.00658308
0.00282521
0.00299623
0.00327123
0.00123797
0.0006287
0.00193343
0.00314274
0.00347976
0.00292641
0.00814217
0.00121598
0.0149423
0.00110641
0.00188747
0.0109273
0.00196711
0.0009135
0.0112487
0.00214055
0.00636944
0.00369924
0.00516412
0.00124306
0.000398875
0.0126465
0.00127608
0.00194369
0.00107763
0.00138143
0.000716558
0.00264228
0.000472571
0.0017638
0.0101963
0.000940604
0.0036184
0.00184708
0.00493828
0.00169717
0.00356447
0.00181903
0.00867214
0.00116883
0.000677689
0.0047157
0.00436978
0.0102343
0.00276076
0.00206959
0.00162362
0.000245961
0.00310382
0.00310095
0.0015123
0.00104252
0.0243247
0.00323837
0.00476239
0.00142099
0.00242108
0.00849907
0.000567875
0.00055809
0.012513
0.00618027
0.002742
0.00248775
0.0164282
0.00286876
0.00914524
0.00234523
0.00306204
0.0015796
0.00284614
0.00447031
0.00391711
0.00479701
0.00205988
0.0136893
0.00979221
0.00417667
0.00121957
0.00255161
0.00103854
0.00132191
0.00730601
0.00347772
0.00138457
0.00616506
0.00586857
0.00402991
0.00333707
0.00630021
0.00310071
0.000166297
0.00313807
0.00173307
0.00524353
0.00312848
0.00112023
0.00436674
0.000938304
0.00235703
0.005369
0.000512264
0.00826981
0.00443011
0.000937681
0.00142915
0.00342573
0.000990905
0.00274218
0.00368459
0.00177671
0.00861584
0.0033819
0.00167961
0.00218022
0.00137279
0.00634638
0.00262842
0.00977323
0.00201373
0.00210341
0.00127021
0.00733628
0.00577397
0.00509205
0.00369607
0.000734115
0.00120605
0.00288768
0.00222383
0.0028589
0.00051713
0.00822548
0.00379762
0.00123086
0.00375228
0.00424917
0.00693663
0.00112737
0.00829446
0.00573512
0.00500902
0.00564183
0.00352815
0.00264236
0.00278784
0.000342929
0.000989917
0.00250011
0.00299791
0.00245772
0.0115415
0.00600931
0.00489447
0.0066008
0.000850421
0.00515406
0.00949666
0.00265084
0.00106563
0.0033732
0.00253119
0.000825846
0.00338182
0.00238173
0.00258476
0.00362571
0.00391772
0.00191835
0.000778075
0.0022438
0.00277864
0.00241276
0.00475349
0.00341147
0.000457082
0.00926061
0.00971034
0.00203521
0.00183358
0.00594874
0.006857
0.00148628
0.00340686
0.00709945
0.00132644
0.000827795
0.00231429
0.000725821
0.00203267
0.000479202
0.00110835
0.000789471
0.00325162
0.00816043
0.00508343
0.00315108
0.000445783
0.00147084
0.00117129
0.0066736
0.00274945
0.00194176
0.000474328
0.0077449
0.00563678
0.00240299
0.00450218
0.000699383
0.00150261
0.001818
0.000850039
0.0019416
0.0161479
0.00563503
0.0010111
0.00238478
0.00203831
0.00182668
0.00320007
0.0021848
0.00175896
0.00204286
0.000778423
0.00263999
0.000415204
0.00155688
0.00386196
0.001922
0.00470504
0.00116859
0.00312676
0.00556947
0.00506767
0.00081054
0.00522372
0.0100218
0.00961448
0.0020865
0.00550871
0.00420596
0.00240441
0.00691709
0.000675068
0.00140866
0.00600881
0.0088251
0.00554393
0.00179815
0.000624537
0.00565588
0.00508942
0.00509028
0.00252248
0.0117763
0.00101511
0.00462441
0.00548595
0.00133649
0.00481082
0.0049149
0.00957436
0.00324991
0.00327098
0.00596077
0.00195439
0.00337269
0.00119619
0.0113218
0.00206427
0.00128773
0.00157182
0.00643523
0.00116289
0.000285861
0.0105369
0.00409016
0.00144183
0.000922791
0.00102907
0.00426117
0.00148679
0.00153294
0.00486402
0.00100168
0.0152521
0.00450284
0.00269418
0.0030007
0.0125344
0.0201777
0.00471015
0.00501079
0.00658924
0.00292601
0.00318306
0.00247271
0.00462352
0.00588355
0.000941136
0.00277355
0.0024426
0.00498567
0.00433779
0.00326932
0.00095005
0.008455
0.00126856
0.00204973
0.00317469
0.000611623
0.00136442
0.000554505
0.00284399
0.0071583
0.0020132
0.00245218
0.00822617
0.00295787
0.00462092
0.00306302
0.00191846
0.00340088
0.0050037
0.00468181
0.00410522
0.00213502
0.00227961
0.00205272
0.00432391
0.00164424
0.019883
0.00342289
0.00242665
0.000287978
0.00532571
0.00262243
0.00587106
0.00129777
0.00103513
0.00112824
0.00168788
0.00473023
0.0022876
0.00300696
0.0062718
0.0047361
0.0123531
0.0014842
0.001839
0.00280019
0.000912095
0.00160318
0.0237643
0.00231803
0.00689204
0.00277892
0.00595242
0.00325895
0.00666526
0.00390071
0.000314615
0.0166473
0.00528736
0.0085739
0.00146076
0.00332681
0.00253093
0.00215138
0.00118217
0.000535948
0.0204534
0.0010588
0.00129428
0.00183417
0.00153371
0.00867121
0.00259024
0.00800371
0.00153205
0.00140914
0.00080678
0.00536162
0.00214941
0.0119185
0.00165609
0.00106541
0.00836746
0.00543536
0.00389561
0.0015015
0.00541881
0.00161194
0.00482107
0.00310431
0.00108681
0.00200611
0.00219783
0.000941685
0.00115639
0.00918941
0.000468595
0.00509822
0.00236369
0.00340006
0.000679067
0.00296154
0.00662721
0.00503903
0.00204098
0.00267095
0.00438557
0.00133818
0.0027445
0.00530205
0.00183838
0.00174167
0.00266979
0.00108964
0.00594012
0.00694876
0.000804632
0.00502226
0.00464617
0.00687436
0.00415363
0.00207879
0.00377245
0.00172622
0.00452357
0.00740747
0.00456519
0.0051911
0.000938416
0.0232486
0.00393202
0.000769967
0.00357314
0.0100777
0.00476403
0.00781617
0.00715731
0.00388765
0.0287024
0.00353868
0.00552491
0.00183917
0.00454566
0.00333123
0.00307878
0.00106019
0.00298146
0.00780677
0.00307163
0.00538153
0.000664956
0.00436325
0.00110946
0.000914522
0.00241343
0.000659673
0.00564927
0.000983365
0.00275541
0.0013237
0.00148228
0.0010192
0.00243752
0.00599571
0.00459157
0.000975857
0.0174697
0.00403121
0.00724661
0.00577107
0.00388882
0.00458604
0.00571558
0.0218718
0.000638666
0.00594824
0.0045294
0.00277923
0.011216
0.000574978
0.00423294
0.00256322
0.00389169
0.00220052
0.00167305
0.00325397
0.00702509
0.00863314
0.00158434
0.0077857
0.000633896
0.00387937
0.00281294
0.0030421
0.00693285
0.00113967
0.00233983
0.0157499
0.00335829
0.00322153
0.00190558
0.00379535
0.0127291
0.00332235
0.000888407
0.00345634
0.00866507
0.00880991
0.00193559
0.00368173
0.00318041
0.00218637
0.0100587
0.0028849
0.000923711
0.00244347
0.00207218
0.00795939
0.00392704
0.00311695
0.0041748
0.00290034
0.00493508
0.00488044
0.00469235
0.00190985
0.007391
0.00202026
0.000791528
0.000799893
0.00645167
0.000494907
0.0027476
0.00194632
0.0072387
0.00413313
0.00113955
0.00282494
0.00316166
0.00403284
0.0117335
0.00630183
0.00109198
0.00277527
0.000966879
0.00172379
0.00277652
0.00595829
0.00106649
0.000733202
0.00829118
0.00138195
0.00254158
0.00336395
0.0032083
0.00175453
0.000588164
0.0022942
0.0008208
0.00239279
0.00302561
0.00219866
0.00158365
0.00633161
0.00121012
0.00178619
0.00789193
0.00751333
0.00160789
0.00210989
0.000950877
0.00135762
0.00998705
0.00366564
0.00207229
0.00122693
0.00278651
0.0016452
0.0023755
0.00246466
0.00352963
0.0117325
0.00129822
0.000669207
0.00513249
0.00120441
0.00102365
0.000156034
0.00130516
0.00317726
0.00408499
0.00306445
0.00287559
0.00671022
0.00354784
0.0018901
0.00383756
0.00231409
0.00148914
0.00684153
0.0106402
0.00340391
0.00229844
0.0269475
0.00224611
0.0011627
0.00566844
0.00184049
0.00334325
0.00306159
0.00281843
0.0164811
0.00598201
0.00215328
0.00690896
0.00389575
0.000778043
0.00280015
0.00115001
0.00299585
0.000489832
0.00576447
0.00214847
0.0091244
0.0024196
0.00313092
0.00149029
0.00506363
0.00127545
0.00183656
0.00283295
0.00741205
0.00217011
0.00225903
0.00265306
0.0030164
0.00198092
0.00234719
0.0014439
0.00285677
0.00298424
0.00137553
0.00267532
0.00150736
0.00308461
0.00195778
0.00428593
0.0029401
0.00152366
0.00110959
0.0135659
0.000268024
0.000822227
0.0025848
0.00591252
0.00233218
0.00243135
0.00479856
0.0024379
0.00342419
0.000769274
0.00642305
0.00303951
0.000859786
0.00223572
0.000939481
0.00533147
0.00150415
0.00383188
0.00307602
0.00314427
0.00157466
0.00952496
0.00773398
0.00230416
0.00262479
0.00130677
0.00338995
0.00433506
0.000325851
0.00416973
0.00285836
0.00913237
0.00342449
0.00270475
0.00125123
0.00461078
0.00330627
0.00232185
0.00475222
0.000653555
0.00473753
0.0398654
0.00101064
0.00200131
0.00414037
0.00209104
0.00268073
0.00302428
0.00378807
0.00222185
0.00591828
0.000846674
0.00313491
0.00614414
0.000665286
0.00192082
0.0016205
0.000467734
0.000681778
0.000999353
0.00402578
0.00481969
0.00253409
0.00364877
0.00252872
0.000459447
0.000672149
0.00343325
0.00171333
0.002837
0.00345533
0.0018256
0.00307087
0.00212404
0.00981121
0.000510222
0.00133943
0.00553453
0.00204645
0.00402758
0.0154692
0.00250541
0.00656285
0.00202897
0.00519829
0.00359423
0.00174701
0.00081823
0.00404179
0.00190328
0.00353704
0.00205337
0.00756693
0.0373449
0.00271629
0.00278426
0.00825404
0.00502414
0.000831735
0.0152565
0.00397202
0.00514512
0.0265914
0.000792437
0.00281166
0.00748578
0.00199708
0.000852557
0.000511152
0.00202182
0.000686445
0.00641624
0.00114376
0.00210725
0.0124094
0.00687505
0.004586
0.00235538
0.00269364
0.00115367
0.00311397
0.0124203
0.00163112
0.00118573
0.000341563
0.00344962
0.000815208
0.00380508
0.00326779
0.00802142
0.00169341
0.0205836
0.00195048
0.00224125
0.00501862
0.00132818
0.00466146
0.00175419
0.00453516
0.00210908
0.00280059
0.00242683
0.00255084
0.0105981
0.0130594
0.00506517
0.0045143
0.0179614
0.00263252
0.00555901
0.00196658
0.00776717
0.00100861
0.00108698
0.00986532
0.00192111
0.00732079
0.00358853
0.00365806
0.00101184
0.00124943
0.00335162
0.00524335
0.0185464
0.00541333
0.00523416
0.000529007
0.000975773
0.00235962
0.00209959
0.0163615
0.00273855
0.0124693
0.00081647
0.00509178
0.00237963
0.0106854
0.000402998
0.00301904
0.00133262
0.00349946
0.00129767
0.00261296
0.00223618
0.00501168
0.0012211
0.0018409
0.000672005
0.00516263
0.00160481
0.00408336
0.00115867
0.00415498
0.00874125
0.000529716
0.00239402
0.00881162
0.00713044
0.00225579
0.00138872
0.00435329
0.00660016
0.00481465
0.00282876
0.00328523
0.00357575
0.0023579
0.00304299
0.00280889
0.00144967
0.0156828
0.00444797
0.00277018
0.00178071
0.00252437
0.00427884
0.0140888
0.00384499
0.00152274
0.000207232
0.0100206
0.000820534
0.00165567
0.00582664
0.00196051
0.00188415
0.0027041
0.00217326
0.00414647
0.00230825
0.00206667
0.00599914
0.00223607
0.00213281
0.00481474
0.00199448
0.00257969
0.00387001
0.00145759
0.00167627
0.00317788
0.00364853
0.000594215
0.00830616
0.0028747
0.00887646
0.00262742
0.00192318
0.00316283
0.00234816
0.00363544
0.0215416
0.000326122
0.00108843
0.00103374
0.00113751
0.0308863
0.00523917
0.00284091
0.00109305
0.000212732
0.00157249
0.00225055
0.00285333
0.00206142
0.00296731
0.0116872
0.00354788
0.00310724
0.00226441
0.00299743
0.00337981
0.00202287
0.0040091
0.00263024
0.00127941
0.00227045
0.00429263
0.0026047
0.00296323
0.0101674
0.000359562
0.00788152
0.000467627
0.00294836
0.00174578
0.00636107
0.0100351
0.00196738
0.000425576
0.00102489
0.00298877
0.00803437
0.00259554
0.00154672
0.0142588
0.00857367
0.00567648
0.0143611
0.00728976
0.0153221
0.0061811
0.001645
0.00495439
0.00943291
0.00990205
0.00380386
0.00334642
0.00319027
0.00363485
0.00238565
0.00401782
0.00504224
0.00270432
0.000963574
0.00313756
0.00153454
0.00574178
0.00203803
0.00103493
0.0075815
0.00196401
0.00592375
0.00594481
0.00350043
0.00103218
0.00139932
0.00566092
0.00517251
0.00194241
0.00262482
0.00146059
0.00722393
0.00501514
0.00339031
0.00332884
0.00102747
0.000737226
0.00235182
0.0010601
0.00143787
0.00112713
0.00400745
0.000460071
0.00136083
0.0083968
0.0198362
0.00218209
0.00193369
0.00361837
0.00129848
0.00718291
0.00436857
0.00231023
0.005865
0.00332195
0.00153176
0.00127291
0.00586421
0.00636791
0.00965426
0.0115925
0.00390018
0.0181302
0.00217844
0.00618028
0.00129992
0.00299981
0.00152242
0.00218577
0.00738027
0.00278064
0.00458175
0.00404162
0.0176296
0.00437878
0.00720682
0.00452167
0.000947073
0.00279621
0.00147948
0.00143519
0.000497996
0.00400772
0.00203568
0.00188754
0.00586226
0.00155418
0.00973779
0.00130727
0.000779473
0.00379542
0.00216094
0.000460719
0.00193603
0.00222835
0.00351192
0.0125384
0.00151203
0.00996408
0.00409835
0.00497236
0.00136862
0.00179086
0.00665371
0.0010872
0.00172257
0.00533296
0.00317545
0.00319474
0.00367628
0.0037357
0.00353315
0.00385311
0.00424541
0.0019359
0.00260927
0.000255933
0.0189794
0.00166599
0.00967933
0.00485155
0.00279591
0.00358025
0.00209184
0.00196061
0.00263833
0.00293378
0.000872314
0.00174137
0.000838265
0.00194303
0.00114055
0.00147517
0.00182264
0.00212333
0.00244028
0.0018828
0.00294803
0.0219853
0.00403325
0.00305301
0.0026338
0.00410952
0.0136816
0.00152949
0.00259104
0.00236616
0.00468014
0.000732163
0.00295112
0.0116529
0.00399377
0.00218341
0.00117972
0.00328763
0.015753
0.00223453
0.00226547
0.006965
0.00246553
0.00551165
0.0020097
0.00127799
0.00251085
0.00914654
0.0048661
0.00195335
0.00487817
0.00436756
0.000218675
0.00308196
0.0166975
0.00207343
0.00165876
0.00256582
0.00212882
0.00360109
0.00244347
0.00178226
0.00268605
0.00575701
0.00173067
0.00100433
0.0022327
0.00282739
0.000766453
0.00345814
0.00543106
0.00432372
0.00116775
0.00455181
0.0039995
0.00117404
0.000754106
0.0063008
0.0052273
0.0020164
0.000690027
0.00402615
0.00346574
0.00847831
0.00424658
0.00254453
0.00508634
0.00570827
0.00352581
0.00251477
0.000461597
0.00356577
0.000909309
0.020302
0.00281642
0.00675075
0.00396087
0.00318486
0.00450559
0.00123403
0.000986994
0.00127168
0.00138105
0.00154452
0.00158886
0.0026294
0.00322965
0.00120947
0.000682349
0.00691093
0.00171079
0.00487044
0.0030111
0.00307477
0.00223411
0.000570574
0.00117815
0.00311904
0.00139145
0.0111686
0.0160786
0.00121237
0.00747228
0.00254675
0.00035817
0.00475532
0.00192541
0.0051056
0.00395829
0.00620785
0.00501326
0.00465644
0.0019351
0.00248032
0.00689585
0.00988957
0.00190465
0.00756663
0.000312317
0.00632021
0.00469799
0.00130502
0.0015066
0.00597084
0.00324809
0.0089596
0.00430999
0.00137356
0.00257754
0.00039163
0.0140715
0.00127149
0.00841603
0.00379233
0.0105902
0.00184331
0.00135882
0.00233527
0.0206113
0.00276235
0.00134415
0.000688662
0.00746989
0.00336705
0.0030968
0.00676619
0.000555106
0.00229886
0.0064028
0.00444018
0.000654949
0.0129044
0.00558822
0.00344162
0.0131915
0.00475225
0.00148126
0.00387927
0.002434
0.000974449
0.00306206
0.00241102
0.00393786
0.010241
0.00154109
0.00161484
0.00409673
0.00043606
0.00201798
0.00227518
0.0038051
0.00431591
0.00092581
0.00726661
0.00293787
0.00692948
0.00982112
0.00113
0.000603492
0.005366
0.00310836
0.00213985
0.00210754
0.0104401
0.00133902
0.00460114
0.00754431
0.00682409
0.00109223
0.00148554
0.00202513
0.00538385
0.00507247
0.00449784
0.00376165
0.00264949
0.00242507
0.00230043
0.000655679
0.00285578
0.0119463
0.00183029
0.00254326
0.00677172
0.00289187
0.000287014
0.000532516
0.00206073
0.0024662
0.00116697
0.00130456
0.0015985
0.00661838
0.00231985
0.000490686
0.00309453
0.00760352
0.00176382
0.00513685
0.0166702
0.00541876
0.00446104
0.00112974
0.000611191
0.0032184
0.00444059
0.00105316
0.00167587
0.0025206
0.00174964
0.00297007
0.00684171
0.00817098
0.00384888
0.00759702
0.00268444
0.00854528
0.0016536
0.00339244
0.00280462
0.00361349
0.00117086
0.00356802
0.00978133
0.00919396
0.000594066
0.0006462
0.000915967
0.00297595
0.000990866
0.00921349
0.0076495
0.00147874
0.00251827
0.00182051
0.00362518
0.00202703
0.00193837
0.00334934
0.00279114
0.00232214
0.00382833
0.000540755
0.00661959
0.00297909
0.00497061
0.00173846
0.00147327
0.00655099
0.00415837
0.00293286
0.00314395
0.00287668
0.00739905
0.00280378
0.00150158
0.00111281
0.00278511
0.00327361
0.00250833
0.00365805
0.000948056
0.002106
0.00112547
0.000953195
0.00127322
0.00135769
0.00580136
0.00500264
0.00089408
0.00102866
0.00154758
0.000826062
0.00412323
0.00164531
0.0135168
0.00139524
0.00685088
0.000965092
0.0067399
0.00271715
0.000229174
0.00669409
0.00593776
0.0031549
0.00262301
0.000326698
0.00723553
0.00104863
0.00361727
0.0249184
0.00172664
0.0156761
0.00788443
0.0262705
0.000552548
0.00596051
0.00366765
0.00338747
0.00131982
0.00163635
0.00104914
0.0012814
0.00350499
0.00632861
0.0261844
0.00201124
0.00476842
0.00160792
0.00156573
0.000158165
0.00119823
0.000653317
0.0148888
0.00243043
0.00143477
0.0183618
0.00572892
0.0043135
0.0048337
0.00289844
0.000292328
0.012487
0.00210596
0.0043084
0.00283456
0.0194725
0.00564781
0.00354304
0.00195369
0.00391311
0.00823774
0.00230998
0.00759633
0.00400957
0.00191386
0.000724185
0.00195139
0.00476361
0.00203812
0.00140746
0.00584797
0.000803417
0.00477529
0.0123396
0.00292313
0.00166757
0.0035735
0.00615121
0.00210375
0.00161278
0.00285728
0.00158899
0.00564846
0.00461752
0.00149917
0.000908723
0.00340382
0.00444842
0.00393301
0.000830736
0.00195525
0.00188331
0.000374783
0.00135279
0.0053687
0.00314143
0.00602355
0.00111238
0.00419121
0.00776754
0.00420755
0.00240284
0.00254755
0.00183129
0.00127697
0.00563809
0.00974526
0.0140413
0.00276393
0.00135132
0.00321108
0.0042643
0.00146059
0.00311645
0.000470207
0.00241908
0.00302946
0.00189549
0.00222648
0.00116127
0.00793821
0.00678761
0.00114033
0.00292908
0.00642224
0.00212711
0.0039789
0.0106192
0.00467412
0.00576324
0.00450314
0.00579111
0.00548553
0.00172706
0.00273904
0.00510276
0.00503017
0.00398551
0.00150548
0.00229542
0.000754717
0.0124951
0.00536457
0.00766373
0.00481768
0.00267563
0.00147164
0.00247971
0.00191271
0.00320222
0.00370356
0.00158397
0.00201633
0.00164616
0.00966408
0.00143954
0.0129874
0.0038049
0.000540594
0.0350166
0.0067236
0.000750599
0.00362734
0.00646046
0.00238729
0.00817583
0.00391961
0.00213837
0.00502672
0.0119234
0.000964757
0.0122626
0.0180426
0.00122107
0.00468156
0.00277894
0.0111865
0.00232582
0.0022736
0.0012995
0.0114851
0.000904363
0.00231954
0.00134626
0.00173107
0.00911867
0.00286328
0.0017171
0.00170765
0.0079422
0.00105974
0.00324994
0.00512784
0.00113251
0.00915095
0.00948546
0.00112704
0.00123758
0.00391791
0.00494973
0.00397084
0.00525574
0.00184454
0.00636055
0.00151791
0.00478293
0.000712664
0.00268216
0.00212282
0.014051
0.00215946
0.0148726
0.00250711
0.000628063
0.00202087
0.00458192
0.00136236
0.00565758
0.00148416
0.00185452
0.00135917
0.00170364
0.00649188
0.00327448
0.00350892
0.00201341
0.00232263
0.00293772
0.00450593
0.00385564
0.00976366
0.000818865
0.00177207
0.00167944
0.00172155
0.00520375
0.00209349
0.00427009
0.00890618
0.00510226
0.00346435
0.000422067
0.00471918
0.00838879
0.00276979
0.00594602
0.00712708
0.000656099
0.00447896
0.00142134
0.00136421
0.0115034
0.00795287
0.00371492
0.00485628
0.0013806
0.0020174
0.00918545
0.00460418
0.00128666
0.00488747
0.00709234
0.00304076
0.00373754
0.0131399
0.00144274
0.0187689
0.00224319
0.00143584
0.00684347
0.00077241
0.000706231
0.00244345
0.00171587
0.00382372
0.000532297
0.00688794
0.00362781
0.00404754
0.0021999
0.00401007
0.00713462
0.000855992
0.00400839
0.00296688
0.00265224
0.00143942
0.0022459
0.0035357
0.00477081
0.00363101
0.00322366
0.00210631
0.000828087
0.000802737
0.00412077
0.000842898
0.00225406
0.00113744
0.0110744
0.00144127
0.00509022
0.0021769
0.00198175
0.00195725
0.00459833
0.00079092
0.00145288
0.00545859
0.00186975
0.0048915
0.00175977
0.00109699
0.00122319
0.00154233
0.00351954
0.00561482
0.00243217
0.00081878
0.00492669
0.00175864
0.0206013
0.00325052
0.00337789
0.00719145
0.00262911
0.00307868
0.0134531
0.000879693
0.00563545
0.00154607
0.00491078
0.000794805
0.00178804
0.00504334
0.00137454
0.00102811
0.0034352
0.00240593
0.00152261
0.00148368
0.00244843
0.00107638
0.000729082
0.00289998
0.0009221
0.0067835
0.00587436
0.00324479
0.00300783
0.00292128
0.00327386
0.00265901
0.00379599
0.00273566
0.00128219
0.00219119
0.00189736
0.00368114
0.00235818
0.00391916
0.00421225
0.00325661
0.0057404
0.000989589
0.00499797
0.0186109
0.00216421
0.00294829
0.00658433
0.00631538
0.00598016
0.000795114
0.0015972
0.00166029
0.00356762
0.0159786
0.00978664
0.000269464
0.0120081
0.00172983
0.00773398
0.00180895
0.00233976
0.00142169
0.00116731
0.00288673
0.00125269
0.000836545
0.00112382
0.000477231
0.00338397
0.00755408
0.00113413
0.0018097
0.00120744
0.00239563
0.0023945
0.00428919
0.00136535
0.00282027
0.000869747
0.00073467
