0.00560144
0.0108794
0.00319873
0.00247101
0.00254509
0.00228708
0.00180726
0.00143843
0.00939993
0.00184229
0.00206148
0.00778227
0.00272402
0.00647348
0.000982849
0.00367815
0.00968977
0.00299928
0.00256959
0.00898611
0.00338977
0.00445817
0.00254679
0.0035338
0.0042655
0.0104879
0.00155721
0.0204399
0.00604604
0.00239613
0.00809361
0.00280287
0.00257631
0.00376827
0.00266569
0.00522719
0.000325947
0.00109151
0.002368
0.00417552
0.00316871
0.0012125
0.0055289
0.0021454
0.00199927
0.0046732
0.00266142
0.00373073
0.00268717
0.00616073
0.00140672
0.00315517
0.00227889
0.00321323
0.00308225
0.00307263
0.00540552
0.00703844
0.00354883
0.015133
0.00429126
0.00154075
0.00169264
0.000923272
0.000958417
0.00401725
0.00269817
0.0065969
0.00186685
0.00644588
0.000869543
0.000863003
0.0139342
0.00669883
0.00109996
0.00215163
0.011146
0.00150406
0.00508433
0.0140671
0.00823261
0.00716362
0.00289247
0.00669848
0.00464568
0.00265138
0.00240679
0.00219185
0.00150111
0.00192188
0.00244271
0.001248
0.00258804
0.0102484
0.00348564
0.00488554
0.0052827
0.00348074
0.0129406
0.00299438
0.0013774
0.0130776
0.00902998
0.00393036
0.0114199
0.0155366
0.00379613
0.00239044
0.00125598
0.00142283
0.00357971
0.0163242
0.0103131
0.00155833
0.00413198
0.00103877
0.0032596
0.000932165
0.00382999
0.00715921
0.00407117
0.00989488
0.00349289
0.00920851
0.00389088
0.00366002
0.00419531
0.0107842
0.0029497
0.00187903
0.00195218
0.00144943
0.00942036
0.00552246
0.0035815
0.00305412
0.00351001
0.00311351
0.00502066
0.00107948
0.00349975
0.00333499
0.00244181
0.00304524
0.00314525
0.000998721
0.00199418
0.0027654
0.00388136
0.00588834
0.00215492
0.000603676
0.0103549
0.0034324
0.00296607
0.00362801
0.00368002
0.00454808
0.00484223
0.00261473
0.00105514
0.00232177
0.00395741
0.00235061
0.0043965
0.0028121
0.00825004
0.00471704
0.00182717
0.00202503
0.00673214
0.00135736
0.00466936
0.00276883
0.00144011
0.00579827
0.0030268
0.00295315
0.0127487
0.00213523
0.00254769
0.0080573
0.0471545
0.00164288
0.00344031
0.0118163
0.00596975
0.0100571
0.00454988
0.0017707
0.00510097
0.00494209
0.00568104
0.00131951
0.00100681
0.00228679
0.00505035
0.00387107
0.00190645
0.00499584
0.00683103
0.00231745
0.000607174
0.0126301
0.0088689
0.00169468
0.00116226
0.00127549
0.0022526
0.00430077
0.00332762
0.00611272
0.00346174
0.000507411
0.00308295
0.00331799
0.00393499
0.00307686
0.00344358
0.00520585
0.0049584
0.00284484
0.00627313
0.00390724
0.00247157
0.00482355
0.00129664
0.00200852
0.00737956
0.0200565
0.0019446
0.00276273
0.00178532
0.00736022
0.0015965
0.00168571
0.00397942
0.00390424
0.00399983
0.00434685
0.00885731
0.00173809
0.00111629
0.00344517
0.0061292
0.0103195
0.00226194
0.0011786
0.00245424
0.0019996
0.000718128
0.00535845
0.00703107
0.00206677
0.0123482
0.00514055
0.00261132
0.00532112
0.00281017
0.00297144
0.00391055
0.0230089
0.00150628
0.00114341
0.00959846
0.00275896
0.00346214
0.00153953
0.000182007
0.00288592
0.0141458
0.00458655
0.0025228
0.00283755
0.000507027
0.000298132
0.004592
0.000679763
0.00373215
0.00756303
0.00440896
0.00202851
0.00399523
0.000666321
0.0056033
0.00460811
0.00377628
0.00524549
0.00950922
0.00534112
0.00563434
0.0095117
0.00174143
0.00690713
0.00964284
0.00388513
0.00813177
0.00484252
0.00335305
0.00369917
0.00103479
0.00161624
0.00338168
0.00168481
0.011331
0.00155843
0.0133577
0.00208583
0.00553779
0.00232843
0.00697168
0.00941719
0.00183475
0.0017768
0.00280625
0.0111049
0.00629495
0.00564277
0.00401373
0.00870714
0.00495752
0.00878709
0.00459356
0.0026864
0.00257464
0.00192715
0.0011478
0.00282455
0.00270177
0.000643778
0.00566497
0.00374434
0.00261008
0.00209075
0.000769221
0.00406571
0.00400563
0.00216462
0.0121915
0.00199495
0.00260579
0.0316946
0.00174304
0.000829341
0.0013251
0.00217957
0.00243211
0.0031592
0.00464132
0.00354522
0.00321457
0.00170515
0.000696781
0.00251125
0.00304154
0.0298888
0.0147572
0.00316634
0.00664168
0.00554333
0.00564691
0.000848777
0.0023918
0.00772865
0.0123576
0.000591493
0.0042951
0.0251885
0.000454203
0.00646763
0.00371325
0.00311291
0.00266005
0.00113112
0.00605572
0.00319096
0.000614585
0.00495275
0.0024582
0.00225665
0.00286114
0.00142898
0.00467746
0.00891773
0.00443335
0.00467345
0.0039937
0.0104095
0.00457764
0.00496019
0.00342717
0.00919228
0.00321006
0.00835006
0.00474359
0.00591666
0.00297611
0.00475084
0.000493817
0.00161671
0.00140533
0.00122875
0.00222257
0.00189829
0.00129963
0.00654289
0.00190192
0.00134496
0.00106414
0.000921805
0.00651576
0.00194631
0.00948747
0.00366613
0.00495609
0.000922901
0.00786725
0.0169047
0.00202076
0.00134892
0.00397838
0.0107705
0.00749978
0.00142055
0.00405007
0.000617136
0.00945287
0.000195988
0.00438434
0.0027683
0.0052979
0.0028691
0.0052126
0.00271979
0.00148183
0.00166347
0.00508233
0.00434384
0.00361831
0.00178807
0.00712793
0.00146338
0.00370321
0.0027646
0.0161467
0.00365965
0.00565992
0.0054545
0.0054825
0.00387217
0.00370006
0.00595983
0.0030244
0.00115371
0.00290863
0.00796299
0.0125136
0.0037512
0.00848446
0.00503029
0.00321437
0.00419644
0.000741614
0.000872745
0.00111133
0.0176731
0.0185301
0.00288395
0.00495409
0.0025337
0.00229391
0.0108347
0.00074563
0.00615522
0.00370626
0.00176642
0.00690311
0.00366555
0.00364741
0.00290459
0.00217421
0.00209744
0.004844
0.00338837
0.00829341
0.00256501
0.00327457
0.00311531
0.00177767
0.00900029
0.00232486
0.00152706
0.0030313
0.00277487
0.0047484
0.00841077
0.00227821
0.0036461
0.00277
0.00511464
0.00659444
0.0191494
0.0010943
0.00147731
0.00160396
0.0122379
0.00252135
0.00287397
0.00464042
0.00782611
0.0025738
0.00501804
0.00212889
0.00363049
0.00326782
0.00437609
0.000942923
0.00648186
0.00197172
0.00678854
0.00451009
0.00474704
0.00263781
0.00431777
0.00353319
0.00914781
0.000672164
0.00578186
0.00622298
0.00453763
0.000788345
0.00320018
0.00454733
0.000883453
0.00148269
0.00782426
0.00255989
0.00649463
0.00168609
0.00321758
0.00578515
0.00235759
0.00179548
0.00312341
0.0021553
0.000663186
0.0260173
0.00472783
0.00458797
0.00551153
0.0044644
0.0125441
0.00428641
0.0117979
0.00289636
0.00252816
0.00174597
0.00204366
0.00242484
0.0297429
0.00312245
0.000866526
0.00545847
0.0013777
0.00340536
0.000957749
0.00919082
0.00341935
0.000675453
0.00528532
0.0307636
0.0019632
0.00244021
0.000990111
0.00693979
0.00193659
0.00135471
0.00309795
0.00420114
0.00186753
0.0271242
0.00126207
0.00237788
0.0047565
0.00559991
0.00473322
0.00252467
0.00320129
0.00212021
0.00239878
0.00108451
0.00733351
0.00172959
0.00499184
0.00124901
0.00286212
0.00426011
0.00403707
0.00567277
0.00223371
0.00297597
0.00102319
0.0043247
0.011553
0.00514669
0.0147103
0.00142126
0.0039692
0.00124742
0.00124591
0.00313813
0.00602521
0.00393054
0.00405616
0.00565015
0.0092301
0.00306779
0.00320484
0.00154215
0.00308213
0.00393955
0.00319169
0.00961555
0.00174446
0.00189875
0.00240533
0.00236383
0.00336338
0.00499692
0.00130795
0.00275141
0.0140556
0.00121855
0.00734619
0.00333515
0.00509928
0.00780277
0.00413122
0.000645361
0.00124532
0.00107404
0.00433925
0.011597
0.00604644
0.00792081
0.00448314
0.00182152
0.001399
0.00228867
0.00394714
0.00220281
0.00319306
0.00574103
0.0028181
0.00323892
0.016279
0.00118738
0.00142861
0.00197996
0.00236485
0.00234835
0.0015509
0.00116118
0.00260556
0.00278987
0.00473307
0.00347203
0.00331363
0.0035209
0.00367958
0.0111523
0.00207092
0.00661345
0.00394977
0.00349192
0.0204115
0.0025519
0.00429904
0.00392906
0.00641755
0.00137373
0.0109239
0.00929458
0.00583158
0.00504846
0.0169344
0.00261496
0.00197862
0.00407158
0.00253013
0.00554787
0.00165336
0.0028796
0.00104162
0.0041795
0.00486542
0.000224453
0.00100761
0.00562413
0.00479866
0.00413499
0.00292791
0.00527352
0.00205635
0.000450128
0.0048037
0.0020968
0.00351953
0.00201374
0.00107871
0.00159406
0.00178124
0.0075207
0.00347672
0.00120594
0.00162133
0.0156346
0.00200432
0.000711565
0.00466724
0.00156818
0.00116154
0.00160244
0.00205941
0.00927181
0.00241954
0.00615565
0.0039378
0.00155873
0.00211778
0.0084955
0.0122372
0.00480592
0.00377515
0.00408575
0.00561163
0.0141063
0.000707136
0.00242941
0.00457125
0.00780475
0.00396264
0.0111727
0.00448878
0.000651741
0.00168165
0.00216282
0.0341128
0.00122035
0.000639976
0.00273484
0.00227034
0.00369322
0.00306328
0.00195913
0.000626389
0.00282002
0.000858073
0.000974416
0.00643416
0.0011315
0.00168944
0.0130528
0.0052915
0.00438411
0.00300131
0.00460546
0.00627787
0.00358865
0.00118707
0.00330629
0.00292229
0.00115217
0.00262919
0.00254862
0.00268341
0.00845378
0.00647387
0.00850946
0.00160029
0.00499484
0.0125185
0.00251201
0.0030045
0.00416712
0.00266165
0.00767454
0.00666234
0.00269048
0.00109472
0.00294729
0.0320828
0.00289405
0.0197083
0.00216868
0.00259927
0.0059747
0.00303386
0.00667255
0.00453967
0.000283746
0.0111607
0.00202197
0.00218096
0.00069403
0.000678418
0.00600894
0.00163292
0.000764416
0.000927442
0.00105445
0.0054364
0.00338408
0.00331179
0.00255693
0.00112824
0.00480786
0.00184501
0.0047591
0.00112336
0.000448765
0.00418257
0.00372579
0.00529581
0.0019753
0.00446484
0.00541453
0.00507704
0.00195918
0.0106301
0.0036741
0.00290943
0.0062251
0.00368775
0.00294932
0.00307976
0.00202603
0.00414499
0.00148261
0.00419667
0.00267634
0.000802057
0.000933293
0.000787113
0.00252248
0.0086458
0.00236003
0.00321439
0.000327799
0.000915417
0.0041866
0.0002087
0.00519997
0.00713979
0.0029213
0.00262181
0.0038302
0.00314158
0.00084303
0.00481147
0.00831683
0.012402
0.000551581
0.00833953
0.00614868
0.00120718
0.00506858
0.00179191
0.00427643
0.00716653
0.00119255
0.000702288
0.00813134
0.00231203
0.00397901
0.00472753
0.00392109
0.0062812
0.00462538
0.00255503
0.00141994
0.000362406
0.0089607
0.00356766
0.00104262
0.00554496
0.00890617
0.000653233
0.00462957
0.00394182
0.0012728
0.00243373
0.00356079
0.00328209
0.00280004
0.00514975
0.00233166
0.0102221
0.00502045
0.00669289
0.00535629
0.00270099
0.00232997
0.00317435
0.00341364
0.000610127
0.00901622
0.00261223
0.00384665
0.00234609
0.00166819
0.00647691
0.00136647
0.00608294
0.00746766
0.00165007
0.00282453
0.00206178
0.00401994
0.00241871
0.00243003
0.00609793
0.00425524
0.00477943
0.00553334
0.00299754
0.00182766
0.00206979
0.00867228
0.00131509
0.00355191
0.00168683
0.00263795
0.00629297
0.00210506
0.00169707
0.00323114
0.00304473
0.00592353
0.00144948
0.00434549
0.0126727
0.00275505
0.00328873
0.0048291
0.00208524
0.0046044
0.00154039
0.00302228
0.00302756
0.00368898
0.00145705
0.0114018
0.005904
0.00415803
0.00388934
0.00364248
0.0023144
0.00555071
0.00645077
0.00176874
0.00528752
0.00314059
0.00163014
0.000287051
0.011338
0.00342428
0.00172344
0.0070009
0.00413947
0.00936275
0.00222572
0.00438543
0.0055946
0.00192843
0.00414848
0.0040332
0.00335526
0.00268579
0.0220057
0.000184392
0.00643059
0.0376268
0.00218049
0.00465966
0.00578463
0.00240844
0.0088253
0.00460922
0.00489306
0.00205378
0.000948989
0.00404713
0.00175497
0.00219076
0.00307952
0.0039379
0.00922042
0.0015671
0.000955453
0.000364701
0.000403479
0.0118035
0.00536368
0.00581394
0.00362623
0.000802738
0.00150842
0.00253273
0.00137268
0.00548891
0.00145716
0.00543688
0.00142935
0.000177164
0.00305908
0.00282275
0.00168622
0.00424362
0.00414003
0.0022699
0.00807604
0.00147591
0.00263741
0.00229192
0.0035514
0.00798927
0.00609509
0.00403509
0.00268117
0.00598604
0.00238385
0.0103976
0.00170061
0.00264002
0.00290367
0.00283775
0.00507275
0.00173528
0.00438764
0.00093663
0.00471485
0.00196406
0.000502502
0.00192305
0.00649613
0.00173678
0.00312101
0.00203771
0.00157521
0.0042073
0.00133571
0.000461597
0.00119564
0.0117918
0.00922907
0.00605147
0.00469073
0.0040338
0.00300178
0.00746454
0.00367543
0.0037615
0.00462171
0.00293438
0.00802318
0.00359936
0.00326751
0.00344921
0.00379483
0.00222137
0.00308746
0.00457197
0.00256202
0.00408107
0.00480715
0.00357138
0.00219544
0.00384165
0.00390251
0.00414963
0.00173239
0.00197533
0.00546196
0.00603875
0.00484517
0.0131572
0.000921936
0.0197696
0.0110983
0.00389135
0.00620197
0.00259589
0.00894295
0.00131154
0.00597236
0.00587347
0.00180854
0.00291007
0.00307507
0.00329628
0.00630186
0.00367706
0.0028711
0.00281259
0.00529271
0.00306067
0.00707211
0.00383255
0.00236107
0.00209845
0.00151049
0.00222377
0.00268163
0.0064571
0.00484644
0.00206186
0.00139661
0.00263102
0.00124354
0.00304931
0.00420185
0.0151217
0.00589637
0.00176546
0.0126929
0.00523107
0.00260244
0.0015403
0.00389023
0.00833246
0.000761561
0.00877126
0.0026797
0.00350453
0.0063173
0.00330855
0.0029568
0.00329779
0.00249603
0.000544409
0.0129356
0.0200308
0.0043721
0.00325823
0.00594499
0.00210448
0.00614644
0.00325013
0.00200499
0.00360513
0.00194085
0.00188997
0.0054599
0.0047281
0.0026328
0.00430711
0.00387661
0.00304604
0.0040002
0.000430964
0.00593667
0.00404757
0.00246728
0.00395047
0.00521886
0.0013254
0.00262538
0.00420956
0.0236273
0.0107971
0.00417596
0.00196231
0.00383604
0.00150347
0.000885671
0.0112486
0.00875015
0.00117623
0.000557841
0.00129217
0.00359053
0.00319955
0.0101574
0.000239728
0.00283232
0.00110365
0.0026756
0.00265153
0.000866767
0.000503188
0.00202771
0.00405196
0.00335391
0.00216943
0.00271055
0.00677955
0.0229077
0.0069872
0.00382279
0.000313123
0.0052604
0.0022922
0.00184453
0.00446532
0.00212179
0.000633347
0.00371385
0.00139539
0.00744228
0.00411546
0.00911039
0.00211527
0.00216126
0.0047969
0.0355075
0.000649583
0.00462417
0.00399796
0.00107013
0.00388085
0.00579761
0.00237861
0.00247999
0.00902182
0.00189315
0.00168449
0.00807887
0.00146547
0.00393606
0.0158883
0.00167995
0.000862215
0.00277584
0.0032063
0.0090925
0.000659722
0.00421159
0.00347528
0.00210382
0.0018963
0.00218442
0.00856164
0.00383522
0.00267786
0.00253542
0.00333156
0.00315521
0.0173249
0.00326531
0.00258458
0.00189131
0.00233485
0.00258418
0.00353198
0.00185512
0.0111713
0.00151743
0.0051912
0.0144923
0.000697974
0.00195351
0.00079204
0.00245658
0.000896741
0.00250063
0.0238124
0.000142022
0.00179629
0.00949805
0.00525565
0.00294524
0.000836346
0.00271008
0.00180895
0.0027457
0.00491335
0.00243786
0.000203812
0.0057417
0.00441671
0.00363346
0.00146648
0.00212924
0.0108187
0.00139064
0.0025267
0.0037867
0.0056124
0.0084563
0.00474974
0.00128576
0.00135799
0.00367942
0.00565932
0.000557018
0.00601584
0.00253143
0.00449201
0.00326563
0.00194878
0.00228061
0.00280109
0.00135637
0.00505082
0.00587764
0.00200526
0.00614827
0.00276927
0.00531795
0.00190194
0.0114471
0.00190762
0.00256476
0.000265682
0.008261
0.00231205
0.00266183
0.0088967
0.00604224
0.0116119
0.00431781
0.00441954
0.00321137
0.00980534
0.00798182
0.00131308
0.00192345
0.00395918
0.0049012
0.0035508
0.00272391
0.00250865
0.00276151
0.00777228
0.00968641
0.00285818
0.00122401
0.00160349
0.00142132
0.00189847
0.000921674
0.00218717
0.00134996
0.00394661
0.00458412
0.00175934
0.00123727
0.00200403
0.00462113
0.00168715
0.00368011
0.00323402
0.00161306
0.00250428
0.00378825
0.00229458
0.00544325
0.00218181
0.00108642
0.00766751
0.00471637
0.00198896
0.0105418
0.00529967
0.00132495
0.00155688
0.00331685
0.000918334
0.00870832
0.0127832
0.00306495
0.00371095
0.00232388
0.00686461
0.00367134
0.00497425
0.00244462
0.00294604
0.00533427
0.00232192
0.0032033
0.00428447
0.0145571
0.00275684
0.00617944
0.00663667
0.00738358
0.00714598
0.00180274
0.00396918
0.00247025
0.000660877
0.00308388
0.00211269
0.00299117
0.00672685
0.000414599
0.00176544
0.00617546
0.000744689
0.00492153
0.00735635
0.00163773
0.00297905
0.00326528
0.0044915
0.00746006
0.00398907
0.00530637
0.000425727
0.00208447
0.00137897
0.00652518
0.00275696
0.0118276
0.00424945
0.00327655
0.025498
0.00453442
0.00273063
0.00414142
0.0018202
0.00192663
0.00267155
0.00316595
0.00200537
0.00144915
0.00490411
0.00203272
0.00138868
0.00339868
0.0192805
0.00242551
0.000999338
0.0109297
0.0101239
0.00833465
0.000298591
0.00262917
0.00272028
0.00431559
0.00086346
0.00811232
0.00316705
0.00208903
0.00763435
0.00418974
0.00153879
0.00110114
0.00271764
0.00138151
0.0027666
0.00836992
0.00372778
0.00320621
0.00530876
0.00296092
0.000633814
0.000427402
0.00399576
0.00757596
0.00300708
0.00487429
0.00307038
0.000909144
0.00305755
0.000998995
0.000220747
0.00409077
0.0014575
0.00237862
0.00515019
0.00129897
0.000932229
0.00462928
0.00161646
0.00116817
0.00331911
0.00126082
0.0029791
0.00736016
0.00248571
0.00242478
0.00304536
0.00259716
0.00101025
0.00450338
0.000411008
0.0129881
0.014914
0.00262285
0.000433071
0.00266248
0.00178264
0.000292321
0.00237751
0.00182308
0.00340209
0.00528674
0.00689075
0.00451461
0.0197773
0.00487679
0.000556869
0.000924444
0.0202564
0.00442106
0.00201994
0.0105046
0.00392527
0.00160329
0.0028812
0.0091828
0.00236257
0.00223921
0.00409235
0.0105867
0.00397018
0.00351286
0.000768163
0.00120055
0.00153724
0.00563888
0.00101455
0.0033131
0.00301665
0.000978029
0.00909184
0.000409794
0.0036067
0.00718535
0.00890951
0.00256578
0.000974719
0.0050226
0.00595185
0.0121633
0.0021258
0.00180344
0.000965654
0.00125733
0.00185966
0.00739113
0.00107143
0.00627117
0.00333804
0.00563211
0.00342631
0.00248999
0.00163436
0.00304424
0.00419522
0.00579411
0.00229293
0.00571962
0.0032345
0.0022555
0.00133391
0.0104276
0.0186246
0.00213986
0.00745132
0.00155345
0.0040608
0.00161862
0.00314415
0.00893226
0.00362665
0.00321621
0.00295292
0.000911444
0.0181661
0.00184461
0.00237441
0.0128421
0.006588
0.000711417
0.00370591
0.00182761
0.00449165
0.0130199
0.00168784
0.00279863
0.00245094
0.00505591
0.0027697
0.00459433
0.0011467
0.00700347
0.00169383
0.00145559
0.00116722
0.00215489
0.000644437
0.00198767
0.00354294
0.00107708
0.00567239
0.00536214
0.000980926
0.00796518
0.000696753
0.00218281
0.00574883
0.00373614
0.00289744
0.00626973
0.00422517
0.00232576
0.0021367
0.0043865
0.000976247
0.00263736
0.00150163
0.000172608
0.00237515
0.00384246
0.00284426
0.000893123
0.000903175
0.00125943
0.00182348
0.00949492
0.00735659
0.0036365
0.00231651
0.00368817
0.00131481
0.00431152
0.0030758
0.00495543
0.00338666
0.000268264
0.00351218
0.00273
0.00234925
0.00176863
0.00261783
0.00247516
0.00162666
0.00182938
0.00617043
0.00302168
0.00371544
0.000517742
0.00279197
0.00250974
0.000949893
0.00481532
0.00222862
0.0202224
0.00516084
0.00916438
0.00202763
0.000784983
0.00407868
0.00238357
0.00257377
0.00161086
0.00796338
0.00481248
0.00195498
0.00381806
0.000972333
0.00132362
0.00960809
0.00845108
0.000313598
0.00151496
0.00422169
0.00308304
0.011764
0.0315423
0.00255863
0.00233139
0.00215791
0.00839157
0.0229609
0.00228834
0.0012407
0.00614383
0.00108782
0.00748207
0.00317685
0.00153846
0.00273953
0.00679041
0.00301671
0.00215128
0.0033146
0.00702517
0.00317171
0.00755098
0.00901622
0.00243241
0.00196847
0.00133915
0.00409114
0.00224022
0.0042301
0.000961826
0.00220067
0.00696319
0.00257983
0.00152651
0.00234669
0.000276215
0.00363041
0.00612275
0.00248736
0.00597028
0.00362562
0.00382769
0.00237922
0.00442066
0.00730535
0.00937592
0.003865
0.00973114
0.00208858
0.00105631
0.00367396
0.00623569
0.00660015
0.00223817
0.00784066
0.0225061
0.00335806
0.00969475
0.00308299
0.00844827
0.00178674
0.00970861
0.0015824
0.00992678
0.000797929
0.00666556
0.00277366
0.00338909
0.00513607
0.0025046
0.0116378
0.00407974
0.00961751
0.025964
0.00405231
0.0022348
0.0105214
0.00465527
0.00348627
0.0035108
0.00529042
0.0100637
0.00287162
0.00212181
0.00979189
0.00174851
0.00550122
0.00147589
0.00214474
0.00480356
0.00607965
0.00729984
0.00414336
0.0041477
0.00450811
0.00532152
0.00485797
0.00300358
0.0199475
0.00255554
0.00306438
0.00286334
0.00143692
0.00315086
0.00383695
0.00457887
0.00234466
0.0137426
0.00727436
0.00409687
0.0029584
0.00624483
0.000519108
0.00699835
0.00513416
0.00184194
0.00138233
0.00227279
0.019113
0.00124661
0.00824321
0.00183641
0.00362306
0.0100197
0.000406585
0.00146925
0.00348516
0.00527114
0.00582001
0.0276531
0.00183369
0.00214391
0.00128263
0.00523907
0.00400935
0.00899847
0.000661793
0.00194954
0.00546888
0.00117488
0.00282864
0.00191194
0.00436055
0.00123585
0.00216283
0.00492379
0.00388863
0.00312945
0.000874013
0.00105188
0.00171018
0.0214413
0.000861947
0.0156143
0.00343652
0.00669569
0.00229158
0.0030432
0.00302566
0.00234179
0.00217762
0.00500277
0.00158662
0.00291671
0.0126241
0.0016759
0.00246691
0.00182368
0.0595099
0.00251166
0.00218805
0.0033604
0.00276723
0.00340956
0.00550634
0.0058912
0.0029833
0.00110623
0.00144333
0.00320241
0.00557038
0.00210552
0.00317672
0.0036953
0.00479118
0.00345563
0.00405695
0.00630139
0.0180278
0.00247602
0.00373824
0.00763919
0.00189924
0.000862832
0.00906086
0.00407906
0.00332105
0.00378813
0.00263726
0.0023343
0.0109498
0.0069298
0.0071
0.0070028
0.000334293
0.0115788
0.00384423
0.00291518
0.00570355
0.00224972
0.00845119
0.00200259
0.00302929
0.00397237
0.00235474
0.00224101
0.00330468
0.00504009
0.00354807
0.00552784
0.00375195
0.00491071
0.0062177
0.0041759
0.00955928
0.00107041
0.00225804
0.00243287
0.00192595
0.000731903
0.00273657
0.00897675
0.00550328
0.00236166
0.00190082
0.00209803
0.00372096
0.00460822
0.0172036
0.00264823
0.0076508
0.0060962
0.00481641
0.00198895
0.0154978
0.00337801
0.000884412
0.00517207
0.000667165
0.00193485
0.00252472
0.00303807
0.00201225
0.00217721
0.00658589
0.00242644
0.00338603
0.00466531
0.0020541
0.00174502
0.00120401
0.00380938
0.00387629
0.00187189
0.00330954
0.0021261
0.00287278
0.00539219
0.00804707
0.00336897
0.00204334
0.00145152
0.00220122
0.00202754
0.00161787
0.00380955
0.00269044
0.0038694
0.00129365
0.00169362
0.000664541
0.00236179
0.00682702
0.00285055
0.00785826
0.0063595
0.00169252
0.010331
0.00318644
0.00643876
0.000181662
0.00548857
0.00198209
0.00532696
0.00179667
0.0350424
0.00311697
0.00224291
0.00514078
0.00169594
0.00320222
0.00148481
0.00603473
0.00279273
0.00135406
0.00148669
0.00226745
0.00430515
0.00470834
0.00608067
0.00390251
0.00287448
0.00292874
0.00158058
0.00252633
0.00720286
0.00562485
0.00230962
0.00241987
0.00248574
0.00547478
0.00843367
0.00187536
0.00649381
0.00336085
0.00180826
0.00291207
0.00338056
0.00163185
0.00248048
0.00278001
0.000796882
0.00167414
0.00164391
0.00224694
0.0014566
0.00473318
0.00181641
0.00266542
0.00236035
0.00580134
0.00334445
0.0046767
0.00358786
0.00363624
0.0103409
0.00109363
0.0054473
0.00164236
0.00512002
0.00387228
0.00233346
0.00292851
0.00333133
0.0055489
0.0087155
0.00523629
0.00269568
0.00347452
0.00334343
0.00360961
0.00276493
0.00209882
0.00128652
0.00143726
0.00272486
0.00262728
0.000356996
0.00356468
0.00459201
0.00325472
0.000854441
0.0118709
0.00324161
0.00219835
0.00436613
0.00119065
0.0254528
0.00569911
0.00190657
0.00308949
0.00755146
0.00504643
0.00528515
0.00388145
0.00547534
0.00787537
0.00695589
0.00112323
0.0147103
0.000729541
0.00388919
0.00608396
0.009187
0.00782172
0.00107925
0.00213508
0.00374778
0.00175691
0.00479734
0.0012133
0.00337741
0.00195522
0.00223913
0.0024873
0.00482703
0.00133314
0.0033234
0.00509898
0.00213371
0.00277567
0.00454133
0.00553841
0.00543655
0.00222006
0.000918606
0.0043482
0.00893127
0.00815504
0.00912284
0.00386337
0.00151734
0.00347256
0.00313844
0.00280406
0.000974946
0.0132932
0.00226054
0.00990175
0.000408973
0.00183719
0.00167371
0.00503881
0.0027701
0.00233173
0.00200045
0.000456496
0.0043148
0.00200623
0.00224922
0.0079354
0.00217355
0.00079424
0.00105705
0.0027123
0.00178365
0.00269449
0.00351953
0.00777054
0.00460271
0.00395934
0.00417201
0.00575895
0.00190187
0.00439605
0.00374592
0.00335867
0.00109255
0.00178752
0.00260223
0.00405395
0.00748718
0.0015039
0.00227943
0.00526392
0.00123903
0.00139623
0.00861591
0.00412306
0.00369996
0.00973494
0.00393119
0.00712169
0.00192997
0.00875809
0.00189558
0.0040967
0.00199248
0.00249049
0.00175695
0.00195963
0.00114283
0.00358053
0.00263192
0.0073329
0.000886343
0.00249496
0.00218818
0.00173202
0.000883857
0.00356508
0.00407957
0.00272231
0.00218477
0.00312282
0.000959972
0.00290119
0.00457032
0.00449024
0.001593
0.00147023
0.00199536
0.000737983
0.00286191
0.00388061
0.0380092
0.00583178
0.00226825
0.00748098
0.00214155
0.00414067
0.00089297
0.00262491
0.00218811
0.00109769
0.00635946
0.00157485
0.00203843
0.00374477
0.00412352
0.00229013
0.0123758
0.00262756
0.0213802
0.0116665
0.00333591
0.00453752
0.00112821
0.00516818
0.00526846
0.00566024
0.00427803
0.00212993
0.0027949
0.00228166
0.00904638
0.0028286
0.00153289
0.00390469
0.00146312
0.00126378
0.0101785
0.0147618
0.00799471
0.0054058
0.00319147
0.00247673
0.00159317
0.00296685
0.00128344
0.00326166
0.00127854
0.00397646
0.00805059
0.00366696
0.0018855
0.00154779
0.00161544
0.00206312
0.00591728
0.00803526
0.00415839
0.00480641
0.00278181
0.00581652
0.00300481
0.00124362
0.00527772
0.00327026
0.0017375
0.0199302
0.00426678
0.00664751
0.0057651
0.00583667
0.0068565
0.00114733
0.00481453
0.00608611
0.0131492
0.00348462
0.00474206
0.00290154
0.00573538
0.00526762
0.00651083
0.00210771
0.00400915
0.00166889
0.00493536
0.00455191
0.00657886
0.00295448
0.00378981
0.00595687
0.0122633
0.00347197
0.000944438
0.00476607
0.00243799
0.00206327
0.00437682
0.00221683
0.00373107
0.00199552
0.00363663
0.00283252
0.00345488
0.00188727
0.0020145
0.00143805
0.00382531
0.00583968
0.0153605
0.00182816
0.00723689
0.00402143
0.00195357
0.00423947
0.00356322
0.00273143
0.00736941
0.00187962
0.00386921
0.00412098
0.00457217
0.0206742
0.0016591
0.00254522
0.00384423
0.00166366
0.00397294
0.0115202
0.000458398
0.00388634
0.0246796
0.00133877
0.00120783
0.00137978
0.00269825
0.00346693
0.00371795
0.00259782
0.0014536
0.00440012
0.00346273
0.00559871
0.00891314
0.00504322
0.00737391
0.00543976
0.00362424
0.00171467
0.00549578
0.0024149
0.00871096
0.0075821
0.00581285
0.00232434
0.00396351
0.00685382
0.00140104
0.00557799
0.00287246
0.00468548
0.00682838
0.00206283
0.00348191
0.00991703
0.0240493
0.00120021
0.00123894
0.00332442
0.00124433
0.000814726
0.0203131
0.00679908
0.00122902
0.00589813
0.00147644
0.00258064
0.00284734
0.00191558
0.000598285
0.00319151
0.00798683
0.00469644
0.000595473
0.00670889
0.000352665
0.00256181
0.00491777
0.00206014
0.00232452
0.00237716
0.00919537
0.00133913
0.00153523
0.00607694
0.00367547
0.00302589
0.00189052
0.00258783
0.00135441
0.0023046
0.0055211
0.00365972
0.00530141
0.0134934
0.00197634
0.00523434
0.00998804
0.000980723
0.000716269
0.0136188
0.00358268
0.00324452
0.00195394
0.00105236
0.000573092
0.0118096
0.0098918
0.0101801
0.000578038
0.0017441
0.00583412
0.0247179
0.0157276
0.00752214
0.0105489
0.00226576
0.00351208
0.00462394
0.00515746
0.00349689
0.00333529
0.0169514
0.000182933
0.010757
0.00406074
0.00665136
0.00202531
0.00350171
0.00214791
0.000818105
0.00152231
0.00143369
0.0019979
0.00712113
0.00667113
0.00402275
0.00475778
0.00452404
0.00465489
0.000717552
0.00344337
0.00508815
0.00426437
0.00993768
0.00358729
0.00424135
0.00655372
0.00711818
0.00275805
0.0153815
0.00312547
0.00134062
0.00247908
0.00169725
0.00210841
0.00465673
0.00315572
0.00240486
0.00280424
0.000849132
0.000876143
0.00817315
0.00122417
0.00595338
0.00225269
0.00102265
0.0019891
0.00150673
0.00308686
0.00114432
0.00507602
0.000404068
0.00366988
0.0250671
0.0141082
0.00114298
0.0383849
0.00516946
0.00430263
0.00223458
0.00406801
0.000247291
0.00520047
0.00225602
0.00134381
0.00159796
0.00202854
0.00197841
0.00484258
0.00371501
0.00257855
0.0156315
0.00198507
0.00263586
0.0046564
0.00994661
0.0172155
0.000766933
0.0118065
0.00560284
0.00436156
0.00149019
0.0030649
0.0023402
0.00278944
0.00716832
0.00947967
0.00815372
0.00448716
0.00820926
0.00534345
0.00549833
0.00135017
0.00194336
0.0016723
0.00175048
0.00186916
0.00115248
0.00263164
0.00292549
0.00575015
0.00143682
0.00141764
0.00680796
0.00211433
0.00383706
0.00607414
0.00344667
0.0023582
0.00134425
0.00733061
0.0231439
0.00185109
0.0180795
0.00452272
0.00240525
0.00205396
0.0176355
0.00159436
0.0020809
0.00126641
0.00362608
0.00560147
0.00424788
0.000500875
0.00481094
0.00220705
0.00446636
0.00493741
0.013507
0.00292478
0.0024504
0.00397382
0.00550959
0.00443321
0.00485327
0.00544495
0.00145381
0.00185558
0.00304125
0.00711185
0.00489285
0.0152647
0.00281395
0.00476897
0.000928901
0.00179335
0.00123156
0.00206285
0.000568579
0.00176626
0.00600874
0.00629909
0.0015626
0.00674897
0.00178995
0.00603998
0.00892731
0.00206062
0.0117387
0.00579511
0.000978857
0.00247841
0.00188004
0.00403443
0.00128558
0.00132989
0.0103017
0.00283076
0.00313035
0.00430196
0.00129822
0.00729586
0.00900111
0.00620303
0.00542629
0.00343045
0.00480479
0.00184027
0.00108215
0.0156426
0.00279009
0.00356157
0.00158938
0.00432698
0.000885155
0.00459925
0.000812641
0.0211478
0.00122324
0.00109113
0.00747158
0.0017638
0.0214268
0.00180004
0.0110319
0.00631427
0.00182137
0.00205469
0.00398279
0.00292341
0.00284801
0.00565173
0.00614859
0.00517406
0.00326718
0.00140195
0.00334029
0.00375389
0.0127363
0.00229428
0.00473991
0.00375111
0.00185694
0.00479023
0.000779124
0.0128535
0.0148378
0.0108717
0.0145218
0.00832544
0.00265891
0.000635979
0.00709322
0.00279095
0.0139778
0.00321146
0.00210746
0.00248332
0.00331834
0.00129631
0.00311973
0.00184948
0.00865667
0.000802447
0.0117487
0.00131386
0.00135512
0.00386056
0.00266844
0.013513
0.00516458
0.00290214
0.00292763
0.00222841
0.000537701
0.0122405
0.00248364
0.00390043
0.00140338
0.00238003
0.00117131
0.00944106
0.00142039
0.00156997
0.00237518
0.00197058
0.000860907
0.00192082
0.00313754
0.00139693
0.00401979
0.00384168
0.00505708
0.0112253
0.00562358
0.00664882
0.00296751
0.00301016
0.00173957
0.00550947
0.00738645
0.00214507
0.00464599
0.00189666
0.0025257
0.00838723
0.00271374
0.00150602
0.00283088
0.00739291
0.00399931
0.00264647
0.001216
0.00407954
0.00249161
0.00374608
0.00431821
0.00374624
0.00731336
0.00664206
0.00386807
0.00176531
0.00221069
0.00239977
0.00222897
0.00215481
0.00210186
0.00218333
0.0049357
0.000594326
0.00289636
0.00662462
0.00187494
0.00463494
0.00390853
0.00418315
0.000297404
0.000602005
0.00411624
0.00822492
0.00501967
0.00623276
0.00118693
0.00356522
0.00854078
0.0119869
0.00685807
0.00151029
0.00382354
0.00302451
0.00229205
0.0118065
0.0107295
0.00484453
0.00402384
0.00649357
0.00175418
0.00476552
0.00200124
0.000430409
0.0149583
0.00250321
0.00300364
0.00996849
0.00385193
0.00728573
0.0137683
0.00198638
0.00331633
0.00384549
0.00256698
0.00309156
0.00342483
0.00488797
0.00417455
0.00229545
0.00149521
0.0010177
0.00288617
0.00437466
0.0052611
0.0025769
0.00485712
0.00131833
0.00132909
0.00366943
0.00245533
0.00669011
0.00347602
0.00303743
0.00152105
0.000622474
0.00599087
0.00259474
0.000928111
0.0057524
0.00210638
0.0064077
0.00305187
0.00383888
0.00304585
0.00254708
0.00438117
0.00199624
0.00124945
0.0109532
0.00166816
0.0188712
0.00397255
0.00313815
0.00187632
0.00463446
0.00516718
0.00362825
0.00169961
0.00432723
0.00293667
0.00221552
0.00214328
0.000644152
0.00140032
0.00975594
0.00555633
0.00445688
0.00189929
0.00599021
0.00433695
0.00268353
0.00330244
0.00162829
0.00283226
0.00413718
0.00176267
0.000999124
0.00717478
0.00236529
0.00640374
0.00369786
0.00172471
0.00239254
0.011433
0.0011166
0.00557038
0.00787465
0.00166159
0.00477588
0.00796233
0.0116826
0.053976
0.00578672
0.00350842
0.00489411
0.00288707
0.00475646
0.0011254
0.00420315
0.00518942
0.00103972
0.0010402
0.00429937
0.00225672
0.00341355
0.00377383
0.00843173
0.00911402
0.00433331
0.00524831
0.0121617
0.0027348
0.00438358
0.0168891
0.00166342
0.00370464
0.00613127
0.00393649
0.00328425
0.00350533
0.0030749
0.00277346
0.00169749
0.00422096
0.0060869
0.00697717
0.00127356
0.00511356
0.00254092
0.00781692
0.00378995
0.00301127
0.00484028
0.00300799
0.00053065
0.00263158
0.00279082
0.00346124
0.00916228
0.000846495
0.00954624
0.00210411
0.00310627
0.00194665
0.00104312
0.00360283
0.000371324
0.00175724
0.00106268
0.00064698
0.00927803
0.00707175
0.000965118
0.00186966
0.00265749
0.00790158
0.00434323
0.00346652
0.00548278
0.00312522
0.0011209
0.00113537
0.001348
0.00639092
0.00527851
0.0043557
0.0062464
0.00733667
0.0129566
0.000963114
0.0334649
0.00172474
0.000659018
0.00309859
0.00266341
0.000417523
0.00161681
0.00411534
0.00160466
0.00298001
0.00330005
0.00177094
0.00418563
0.00136795
0.00212116
0.000389644
0.00171948
0.00293463
0.00592418
0.00535408
0.00761423
0.00656787
0.00263161
0.00469938
0.00856546
0.00386261
0.00173791
0.00553612
0.0206953
0.001353
0.00325608
0.00191737
0.0010319
0.00194379
0.00449239
0.00116856
0.000675155
0.00108552
0.000715634
0.00141429
0.0017608
0.00679852
0.00189198
0.00402306
0.000793544
0.00424703
0.00230481
0.000625955
0.00403714
0.00148386
0.0154817
0.00218638
0.00106431
0.00547155
0.00286973
0.00237696
0.00275176
0.0148793
0.000953154
0.000191966
0.00569939
0.00928504
0.00584137
0.00331713
0.000444917
0.0100206
0.00375127
0.00753989
0.0114118
0.00153132
0.00113767
0.00450817
0.00244048
0.00562562
0.00116327
0.00617148
0.00499176
0.0087209
0.00963697
0.00970764
0.00309744
0.00454543
0.00296691
0.00382349
0.00296338
0.00290874
0.00750879
0.00256853
0.00312437
0.00540902
0.00636832
0.0034947
0.00329962
0.00774181
0.00145656
0.0112741
0.0033762
0.0140056
0.00125062
0.00147528
0.00243673
0.000196976
0.00393713
0.00304706
0.0272331
0.00744877
0.00256271
0.00154611
0.0025737
0.00576596
0.00341902
0.00460422
0.00184753
0.00561391
0.00199176
0.00221473
0.00625861
0.00939308
0.00246001
0.00734289
0.00342059
0.00381714
0.00207074
0.00864371
0.00419644
0.00193372
0.0161545
0.0155648
0.00285046
0.00242172
0.00727069
0.00870255
0.00326027
0.00464124
0.00610636
0.00112356
0.00227587
0.00202419
0.00179757
0.004458
0.00522472
0.00635509
0.00619998
0.00136453
0.00574468
0.00240063
0.00204303
0.00282946
0.0122414
0.00332467
0.00881937
0.00637427
0.00207466
0.00175601
0.00166925
0.00432645
0.002798
0.000403259
0.00255037
0.00133012
0.00523398
0.00218366
0.00819239
0.00280093
0.0046634
0.00418683
0.00221606
0.00147708
0.00803131
0.00308636
0.00459162
0.00123306
0.00238228
0.00447432
0.00600906
0.00327159
0.00106187
0.0127797
0.00529461
0.00307916
0.00842609
0.00151391
0.00128398
0.00348263
0.00522245
0.00352481
0.00183635
0.00738685
0.00319225
0.00291584
0.00213147
0.00189716
0.00132179
0.0017506
0.00150324
0.0163285
0.00338195
0.00379617
0.000442737
0.00151975
0.00388772
0.00425716
0.00424405
0.00177424
0.00176666
0.00128333
0.00491562
0.00112336
0.0107999
0.00137104
0.0045141
0.0129246
0.0026265
0.00236977
0.00164546
0.00173859
0.00654799
0.00456082
0.00478392
0.00624495
0.00520766
0.00496271
0.00498774
0.00357534
0.0155725
0.00267025
0.00516795
0.00211435
0.0048232
0.0125217
0.00565291
0.000849818
0.000672305
0.00297692
0.00021147
0.00326943
0.00287609
0.00103977
0.00206854
0.00620811
0.00150314
0.00379235
0.00144707
0.00322363
0.0122431
0.00077131
0.00227091
0.00442124
0.0035845
0.00269556
0.00940439
0.00203144
0.00151625
0.000445297
0.00198687
0.00698174
0.00221277
0.0224613
0.0155902
0.0054254
0.00168521
0.00151165
0.00191249
0.00693043
0.00248926
0.00343647
0.00726449
0.00107436
0.00795924
0.00615531
0.00381404
0.00771445
0.000655263
0.00133149
0.0134169
0.0081106
0.00223459
0.00440488
0.00492241
0.000947202
0.00403942
0.00164124
0.00317853
0.00171338
0.00254887
0.00499669
0.0158552
0.00117102
0.00494614
0.00474941
0.022137
0.00107786
0.00534092
0.00602373
0.00447711
0.0017628
0.00355618
0.00128099
0.0045723
0.00884273
0.00664874
0.00676873
0.00572713
0.00216152
0.00103863
0.00193904
0.00267511
0.000466664
0.00133112
0.00320928
0.00294839
0.00375327
0.00350245
0.00183099
0.00250667
0.00408716
0.000178014
0.00156067
0.00939644
0.00363567
0.00211426
0.00283411
0.00400529
0.0221859
0.00574301
0.00151847
0.00842564
0.0081719
0.00449111
0.00273107
0.000856379
0.00123242
0.00268131
0.00257206
0.000679269
0.00646304
0.0161614
0.00168529
0.00121161
0.0014896
0.00122182
0.00200331
0.00158655
0.00340588
0.00716776
0.000662267
0.000507212
0.001065
0.000841502
0.00244303
0.00717949
0.00229564
0.00236727
0.0035709
0.00158346
0.00342057
0.00198636
0.0044846
0.0035658
0.00388304
0.00206327
0.0013584
0.00223493
0.00105274
0.00569052
0.00440273
0.00699349
0.00598348
0.00344916
0.00301811
0.00178993
0.000545105
0.00180085
0.00554054
0.00331547
0.00423021
0.0108364
0.00109627
0.00177955
0.0032959
0.00234798
0.00104696
0.00122906
0.00325996
0.00149134
0.00246468
0.0061089
0.00384513
0.0123624
0.000851968
0.00606861
0.00502906
0.00166377
0.00626492
0.00558812
0.00185153
0.00269337
0.00164593
0.00169352
0.00180484
0.00552757
0.0131854
0.0135963
0.00332038
0.00146104
0.00135303
0.00380786
0.0114253
0.00604344
0.00243343
0.000800193
0.00136883
0.00348977
0.00320244
0.00424506
0.0011344
0.00567381
0.00677229
0.00354113
0.00313268
0.0015479
0.00470697
0.00213371
0.00735292
0.00193559
0.00123388
0.00384571
0.000782525
0.00191869
0.00077624
0.00504492
0.00263312
0.0104718
0.00725084
0.00406687
0.0131109
0.00371208
0.00175462
0.00388451
0.00154421
0.0014266
0.00107619
0.000746946
0.00427308
0.00737045
0.0103939
0.00212463
0.00212355
0.0211281
0.00285031
0.0100654
0.00208452
0.00186259
0.00136455
0.00319518
0.0136643
0.000718239
0.00527476
0.0019134
0.00997287
0.00944837
0.0102592
0.00990316
0.00130707
0.00215136
0.00463268
0.00238768
0.00353099
0.00585179
0.00250204
0.000145478
0.00399441
0.00601653
0.00590001
0.0012144
0.00218502
0.0025929
0.00787546
0.0010252
0.00472381
0.00550742
0.00237354
0.00237423
0.00154828
0.00703759
0.00190041
0.00140667
0.00964324
0.0020778
0.00313489
0.00670016
0.00230616
0.014947
0.000996213
0.00333509
0.00587611
0.00259229
0.00200577
0.0124806
0.000554198
0.00526592
0.00205956
0.0038702
0.00490531
0.00347338
0.000985893
0.000786912
0.00193785
0.001197
0.00665626
0.00325966
0.00412542
0.00206167
0.000346288
0.00535516
0.00265421
0.00543213
0.00383175
0.00911799
0.000802843
0.0203821
0.00453835
0.00280011
0.00778616
0.00373677
0.0025366
0.00383849
0.00123205
0.00432066
0.00350597
0.00911627
0.00881403
0.000992342
0.00262631
0.0028058
0.00813408
0.00388106
0.000997783
0.0130397
0.00382195
0.000962957
0.0069441
0.0117852
0.000402402
0.00746699
0.0079204
0.000798575
0.00900404
0.00156901
0.000940703
0.00397493
0.00885881
0.00438043
0.00657426
0.00222033
0.00137402
0.00672253
0.00430577
0.00143577
0.00384514
0.00124648
0.00461323
0.00299802
0.000457896
0.00287202
0.0222082
0.00411067
0.00359071
0.00143322
0.00591742
0.000780712
0.00361096
0.00303866
0.00206902
0.00268169
0.0105773
0.00629453
0.00173334
0.00494415
0.00149014
0.00725426
0.00430954
0.00193227
0.00481959
0.00819473
0.00485387
0.00476901
0.00462094
0.00496388
0.00173345
0.00368655
0.000800521
0.00277608
0.00715528
0.00102518
0.00480312
0.00432938
0.00668883
0.00477947
0.010432
0.0131322
0.00545886
0.00097753
0.00449224
0.0030718
0.00323709
0.00202901
0.0034508
0.00280679
0.00190058
0.00875078
0.00142003
0.00539167
0.00107539
0.0060104
0.00177017
0.00485805
0.00200062
0.00200738
0.00117204
0.00125009
0.0085309
0.00467905
0.00924714
0.00384798
0.00703113
0.00628666
0.00314871
0.00518163
0.00269307
0.00596622
0.0016895
0.00277829
0.00825337
0.0024701
0.00564865
0.0191347
0.00112118
0.0043859
0.000792837
0.00448626
0.000251013
0.00305352
0.00463693
0.000803172
0.000644937
0.0112132
0.00275792
0.000910795
0.00182429
0.00257199
0.00258438
0.00454131
0.00264922
0.00774132
0.00156858
0.00233145
0.00187781
0.00156908
0.00226257
0.00832689
0.00476292
0.00307029
0.00039504
0.00189324
0.0275868
0.00458009
0.00603757
0.00582674
0.00864383
0.00273368
0.01058
0.00135537
0.00492056
0.00263977
0.00415759
0.00949363
0.000986636
0.000746652
0.00429966
0.00497125
0.00153421
0.00412342
0.00786585
0.000954035
0.0162869
0.00429791
0.00103624
0.00220518
0.0021876
0.00548154
0.0244234
0.00209263
0.00423632
0.0045031
0.00462168
0.0057261
0.00196168
0.00326685
0.00181675
0.00161365
0.00249735
0.00228802
0.00248726
0.00113143
0.0025176
0.00210894
0.00287028
0.00310899
0.048751
0.00535987
0.000839859
0.00205194
0.00376092
0.00333601
0.00193322
0.00301186
0.00460431
0.0619488
0.00136578
0.00842201
0.00977481
0.00248075
0.00438458
0.00384647
0.00501606
0.00311495
0.000732563
0.00377055
0.000877431
0.00179728
0.00192724
0.00399941
0.00362747
0.00347162
0.00439846
0.00337825
0.00259693
0.00190621
0.00640027
0.00554538
0.00762703
0.0217815
0.00451972
0.000326248
0.00315106
0.0229109
0.00152482
0.00786555
0.0155412
0.00745064
0.00296205
0.00553075
0.000903023
0.00153906
0.00241152
0.00410336
0.00732002
0.00288763
0.00220109
0.0058102
0.0255637
0.00226407
0.0127962
0.000447993
0.00327962
0.0106168
0.00314811
0.00491086
0.0066366
0.00322143
0.0030775
0.00180152
0.00205491
0.00369781
0.00341467
0.00123472
0.00300817
0.00484995
0.00221023
0.00616292
0.00406705
0.00153834
0.000777525
0.00226194
0.00135727
0.00181795
0.00251938
0.00217168
0.00334446
0.00169655
0.00139652
0.00882679
0.00456732
0.00190709
0.00119878
0.000595554
0.00533309
0.00604952
0.00366639
0.00376187
0.00111715
0.0123997
0.00168864
0.00232594
0.00246794
0.00314527
0.00467438
0.00408564
0.00412138
0.00383479
0.00596479
0.00555156
0.00352657
0.000649615
0.00216253
0.00299394
0.00292197
0.00553152
0.00133777
0.0152061
0.00980546
0.00144589
0.00943483
0.00131576
0.0020119
0.0062287
0.00264127
0.00737411
0.00281648
0.00282502
0.00488825
0.00253175
0.00341558
0.00741826
0.00463478
0.00459753
0.00907042
0.0029114
0.00211088
0.00416811
0.00375971
0.00622223
0.00302909
0.00120305
0.00166857
0.00437656
0.00218666
0.00157935
0.00473513
0.0117598
0.00163094
0.00215655
0.00165848
0.00115898
0.000943175
0.00116512
0.00552545
0.00313846
0.0193697
0.002445
0.0052238
0.00290049
0.00460499
0.0114832
0.00337831
0.00588075
0.00319845
0.0041514
0.00373569
0.00535643
0.00496571
0.00277546
0.00421259
0.00246073
0.0142415
0.00200113
0.0024973
0.00357304
0.00410033
0.00534497
0.00542192
0.00449417
0.00234097
0.000959842
0.00282347
0.00327206
0.00852073
0.00285356
0.00886866
0.0011312
0.00152397
0.00505719
0.00167408
0.00250566
0.00766069
0.00409057
0.00101331
0.000695912
0.00670889
0.00475719
0.020056
0.000892884
0.00177062
0.00564013
0.00345515
0.00212112
0.00214902
0.00189276
0.00166511
0.00715967
0.00132243
0.0069664
0.00707117
0.00450329
0.00150893
0.00193249
0.00112617
0.00863846
0.00389687
0.0063779
0.00237714
0.00117186
0.00135161
0.00117856
0.00474671
0.00647976
0.000299942
0.00705101
0.00365258
0.00913947
0.00708711
0.0061275
0.00441878
0.00106783
0.00132813
0.0101251
0.0015047
0.000612944
0.00195302
0.00215559
0.00261246
0.00282803
0.00194628
0.039269
0.00881122
0.00215196
0.00161467
0.00619152
0.000994255
0.0059819
0.00166535
0.00221929
0.00382687
0.00602595
0.00530047
0.00706447
0.00129639
0.00635811
0.0025053
0.00719601
0.00563044
0.00813845
0.00264843
0.00162949
0.00508281
0.0129574
0.00356006
0.00386842
0.00136389
0.00261989
0.00351961
0.00394507
0.00113675
0.00335772
0.00249334
0.00150661
0.00141153
0.00917461
0.00155005
0.00270657
0.00458175
0.00254261
0.00611224
0.00639904
0.00151676
0.00620227
0.000460523
0.00359138
0.00322542
0.00873725
0.00449315
0.00109242
0.00108726
0.00211109
0.00205959
0.00277411
0.00544153
0.00320162
0.00318824
0.00242162
0.00480161
0.00307639
0.00197822
0.00338728
0.00760774
0.00630681
0.00256273
0.00515209
0.00405718
0.00247054
0.00435972
0.000860026
0.00156047
0.0094435
0.0135772
0.000255865
0.00124739
0.00299232
0.00542775
0.00449004
0.00427934
0.00149782
0.00305386
0.00068267
0.00279219
0.000885422
0.00390971
0.00966945
0.00629012
0.00712026
0.00929752
0.00336666
0.00123001
0.0217483
0.00198522
0.00204152
0.00125601
0.000630333
0.00519869
0.00631518
0.00514339
0.004187
0.00559074
0.00286222
0.00403242
0.00637388
0.00144502
0.00203301
0.00299598
0.000607887
0.000509705
0.00974447
0.00186971
0.000731327
0.0052282
0.00338372
0.00124812
0.0202804
0.00472041
0.00225918
0.00111165
0.0110849
0.00183951
0.00265369
0.0017749
0.00509475
0.00314168
0.00424595
0.0107668
0.0166077
0.00839694
0.00553751
0.00364523
0.00890969
0.0021045
0.00586807
0.00250707
0.0239133
0.00251082
0.00615587
0.0026388
0.00264546
0.00242368
0.00530729
0.00413933
0.000547468
0.00245838
0.00355905
0.00363313
0.00213225
0.00290975
0.00259024
0.00381702
0.000732503
0.00303214
0.000717379
0.00439672
0.000580555
0.0062185
0.00813677
0.00451767
0.00726973
0.0137303
0.00766638
0.00276982
0.00381724
0.000774424
0.00270704
0.000701687
0.00295433
0.00359449
0.00337578
0.00600442
0.00258709
0.00895349
0.0124534
0.00126743
0.00379741
0.00154903
0.00828804
0.00465558
0.00285251
0.00370657
0.00400394
0.00826663
0.00145341
0.0040752
0.00203286
0.00384507
0.00435433
0.0146804
0.000713202
0.00258898
0.0070008
0.0064899
0.00753021
0.00168844
0.00088187
0.00214728
0.000866056
0.0040736
0.00239097
0.00596159
0.00242165
0.00396812
0.00305717
0.0014863
0.000342544
0.00258684
0.00395147
0.000999589
0.00671497
0.000345241
0.00251008
0.00570232
0.00246755
0.00340176
0.00128722
0.0025915
0.00648266
0.0154422
0.00133842
0.00159898
0.00232811
0.002364
0.00369789
0.00230042
0.00281317
0.00212121
0.00109908
0.00182349
0.00946422
0.00207963
0.00423343
0.00483244
0.000936207
0.014119
0.00695283
0.00243891
0.002907
0.00292649
0.00526276
0.00229148
0.0033481
0.00338192
0.000980466
0.000222191
0.0134311
0.00202297
0.00180178
0.000881938
0.00264979
0.00391486
0.00507003
0.000983224
0.000916308
0.00305591
0.0100478
0.00388084
0.00428517
0.00184089
0.00652728
0.00552651
0.00402418
0.00141386
0.00315486
0.003856
0.00193717
0.00048999
0.0014552
0.00194702
0.000651649
0.00560227
0.00433489
0.0019851
0.00234139
0.00174172
0.00877531
0.00147473
0.00344113
0.00135263
0.00406149
0.0038214
0.0042226
0.0126343
0.0021203
0.00681985
0.00472445
0.0141296
0.00096185
0.00148152
0.00363951
0.00285624
0.00175273
0.00459579
0.00297594
0.0103691
0.00422352
0.00815056
0.00245041
0.00125272
0.0015143
0.00490729
0.000874124
0.00182093
0.00759245
0.00991982
0.00329354
0.00306015
0.0154846
0.00409175
0.00365971
0.00506292
0.00646577
0.00165411
0.000899614
0.00183802
0.0122376
0.0037611
0.00316851
0.00245894
0.00243274
0.00110023
0.0100936
0.00176501
0.00235356
0.00178514
0.00998651
0.00135201
0.00706247
0.000739217
0.00382686
0.0141775
0.0040178
0.00258407
0.00882632
0.00208461
0.00168488
0.00154803
0.0107192
0.00474918
0.0052729
0.00415354
0.00112583
0.00245234
0.0022871
0.00180432
0.0030605
0.00033211
0.0147173
0.00944527
0.00266921
0.00112587
0.00105917
0.00066283
0.0026699
0.00805033
0.000406553
0.00441044
0.00437232
0.00164922
0.00137987
0.00267707
0.00413759
0.00611842
0.00202855
0.00345903
0.000265343
0.00429115
0.00542166
0.00415516
0.0035842
0.0054943
0.012256
0.00700528
0.00136715
0.00234759
0.00141983
0.00428046
0.00905022
0.00523619
0.00183726
0.00164522
0.00367979
0.0101066
0.0017332
0.000854504
0.00277244
0.0028427
0.0110572
0.00276383
0.00112971
0.000303695
0.00316292
0.00479991
0.0016998
0.00596674
0.00540326
0.00379593
0.00277202
0.0041415
0.00459199
0.00672521
0.00221729
0.00235413
0.00268723
0.002204
0.00272574
0.00114852
0.00102318
0.00194906
0.00166014
0.012207
0.0207852
0.00324509
0.0118449
0.000694471
0.00344639
0.00242831
0.00568735
0.00145445
0.00567668
0.0016368
0.00294244
0.000931272
0.00554385
0.0028223
0.000521415
0.00151315
0.00259076
0.00888337
0.0024434
0.00441466
0.00744828
0.00192071
0.000678643
0.003288
0.0145995
0.00303597
0.00357442
0.00942497
0.00378058
0.00260922
0.00191702
0.00366067
0.000681632
0.00409068
0.00239648
0.00944737
0.00317652
0.00259439
0.00748063
0.00108701
0.000563301
0.0030894
0.0150849
0.00399394
0.063939
0.00166692
0.00319991
0.00277962
0.00481491
0.00226853
0.00108944
0.00432166
0.00120792
0.00401293
0.00543238
0.00384277
0.0138409
0.0042195
0.000634223
0.0059817
0.00213304
0.000867834
0.00523222
0.00770585
0.00652532
0.00809029
0.00492513
0.0107572
0.000608504
0.0075571
0.00193049
0.00697845
0.00199358
0.0129939
0.00166116
0.00156107
0.000746027
0.00366321
0.0095624
0.00159706
0.00918331
0.00634564
0.00226472
0.00816054
0.000644274
0.00529453
0.00361195
0.00177302
0.00495615
0.00510749
0.00435355
0.00733876
0.00410881
0.00101062
0.00198193
0.002812
0.00436495
0.00357341
0.00270664
0.00143457
0.000959249
0.00324074
0.00441302
0.00101585
0.000915887
0.0090644
0.0102645
0.000255831
0.00207162
0.00446695
0.00578352
0.00264555
0.00388737
0.000813201
0.00966088
0.00334881
0.0135635
0.00247643
0.0112225
0.00163338
0.00761742
0.00129073
0.00195244
0.00346319
0.00218741
0.00263636
0.00345803
0.00148829
0.00280909
0.00970779
0.00290805
0.00250283
0.00477084
0.00705162
0.00602956
0.00195576
0.00179235
0.00518967
0.00337137
0.00264685
0.0025883
0.00363754
0.00919127
0.0128483
0.000562932
0.00192669
0.00273391
0.00386041
0.00066276
0.00105982
0.00432762
0.0118131
0.000931753
0.0369158
0.00274158
0.00235386
0.00521213
0.00284273
0.00510812
0.00256952
0.0086537
0.00537467
0.00441959
0.00327559
0.00556317
0.00220262
0.002811
0.00179902
0.003382
0.00367153
0.0105166
0.00263197
0.00347172
0.00144377
0.00171104
0.00151181
0.00153761
0.0115429
0.00367896
0.00418919
0.00332364
0.00348673
0.00179122
0.000528811
0.000723117
0.00187054
0.00182511
0.00040313
0.00403415
0.00285625
0.0039045
0.0023929
0.00169337
0.00627995
0.00528308
0.00192724
0.00451054
0.0161684
0.00682507
0.00210001
0.0030541
0.0020162
0.0109276
0.00812416
0.00202066
0.00370387
0.00315668
0.00220425
0.00398811
0.00688035
0.00241721
0.00285898
0.0135847
0.00389207
0.00155401
0.000614374
0.00649965
0.0052622
0.002323
0.00245796
0.00531804
0.00382409
0.00351647
0.00154491
0.00377373
0.00204158
0.00771515
0.00158235
0.00102215
0.00218742
0.00270694
0.0019028
0.0125879
0.0102893
0.00160295
0.00744728
0.00327203
0.00336718
0.00365126
0.0183776
0.00389228
0.0030668
0.000531276
0.00592491
0.00659626
0.00236062
0.0017298
0.00167138
0.00460595
0.00399686
0.00596679
0.000940606
0.00504866
0.0002176
0.00341177
0.000922417
0.00195696
0.00203202
0.00150004
0.00324293
0.00345726
0.0011311
0.00790725
0.00256163
0.000752054
0.00354179
0.00205842
0.00192038
0.00355614
0.00250049
0.00392151
0.00113832
0.00424253
0.00528618
0.00173902
0.00215683
0.00167212
0.0335289
0.00218016
0.000290645
0.00362769
0.00342336
0.00196729
0.0120011
0.00272119
0.00413552
0.00390922
0.00553616
0.00238325
0.00251859
0.00499219
0.00251498
0.00676827
0.00712396
0.000760077
0.00453681
0.00259599
0.00459517
0.00268256
0.00159036
0.00268261
0.00356779
0.000337452
0.00201972
0.00258424
0.00308862
0.00350839
0.0026645
0.00119675
0.0108944
0.0229106
0.000459415
0.00230694
0.00554416
0.000474893
0.000995848
0.00169932
0.00599733
0.00259464
0.00264349
0.00477749
0.00694262
0.00976464
0.00277701
0.00267108
0.00454476
0.00132963
0.00118451
0.00145849
0.0264011
0.00504863
0.000948307
0.00150045
0.00927762
0.00407339
0.00395968
0.00433538
0.00287778
0.00583443
0.00854136
0.00152156
0.00363594
0.00200954
0.00396001
0.00209442
0.0101565
0.00170456
0.00521071
0.0130379
0.00203787
0.00158163
0.00506911
0.00343707
0.00322178
0.00746408
0.0047128
0.00243948
0.00126951
0.00297928
0.00370467
0.00215542
0.00166955
0.000158678
0.00652842
0.00138277
0.00572653
0.00556621
0.00238522
0.00166854
0.00326099
0.00157324
0.00496438
0.00517883
0.00332897
0.000903388
0.00657335
0.00438294
0.00243769
0.00901992
0.0010948
0.00851862
0.0080378
0.00936651
0.004545
0.00105737
0.00411517
0.00412438
0.00481967
0.00600884
0.00563179
0.0127821
0.000715767
0.00682345
0.000273795
0.000761145
0.00430586
0.00601762
0.00490302
0.00184339
0.00255979
0.0107112
0.00472809
0.00556375
0.00317256
0.00490806
0.00757128
0.000990351
0.00289528
0.0010816
0.00391952
0.00516756
0.00187837
0.00117094
0.00675361
0.00312398
0.00289597
0.002739
0.00487343
0.00592293
0.00213027
0.00640242
0.0116986
0.00170149
0.00781097
0.000456397
0.0050161
0.000649083
0.00740029
0.000586205
0.00173326
0.00351089
0.0178136
0.00276317
0.0272262
0.00234043
0.0035167
0.00587197
0.00855816
0.00145224
0.0011494
0.00182664
0.00531555
0.0161711
0.00506065
0.00169557
0.00136988
0.00359565
0.00417277
0.00968138
0.00235381
0.0119683
0.00159219
0.00155344
0.00335336
0.0051563
0.00202457
0.00719426
0.00133247
0.00128101
0.00604677
0.00409736
0.00283711
0.00376056
0.0023478
0.00338278
0.00143631
0.00171862
0.00707739
0.00151121
0.000680753
0.00248429
0.00728373
0.00779644
0.00294462
0.00342692
0.00185882
0.00118566
0.00104018
0.00510325
0.00380939
0.00173599
0.00303418
0.00274803
0.00369162
0.00151707
0.00378729
0.00573318
0.00529202
0.00108177
0.00646583
0.00681058
0.0075882
0.00527529
0.000676064
0.00332313
0.0012047
0.00695064
0.0222105
0.00116773
0.00175838
0.00293945
0.00307535
0.00191612
0.00290843
0.00208791
0.00905864
0.00122595
0.00142676
0.0006312
0.00107613
0.00215953
0.0034903
0.0033572
0.00315867
0.00159922
0.0111259
0.00235655
0.00123219
0.00659085
0.00228393
0.000643856
0.00292629
0.00345675
0.0043451
0.00250261
0.00158259
0.000290693
0.0203332
0.0157357
0.00111752
0.00180661
0.00673714
0.00188244
0.00788541
0.00625323
0.00244422
0.00108661
0.00296656
0.00695262
0.0296943
0.00180882
0.00279471
0.00162505
0.0021723
0.00658844
0.0049332
0.00845744
0.00415845
0.00750665
0.00442519
0.000186064
0.00362288
0.0024839
0.00120255
0.00496846
0.00791254
0.00188098
0.00726736
0.00325921
0.00279989
0.000676286
0.0297723
0.00145355
0.00498017
0.0019551
0.000919529
0.00288331
0.00161941
0.00402565
0.0052963
0.0011987
0.00872172
0.00410346
0.00216534
0.00123148
0.0057455
0.00144124
0.00369371
0.00334083
0.00391133
0.00573375
0.0042604
0.00674172
0.00449977
0.00506634
0.00114445
0.00230456
0.000503779
0.00942624
0.0125066
0.00046251
0.00423488
0.00258316
0.00102668
0.00335064
0.00602681
0.00267243
0.00400383
0.003961
0.00149997
0.00138489
0.002991
0.00190548
0.00344261
0.000874709
0.00842886
0.00776182
0.00877351
0.00349171
0.00430336
0.00418026
0.000677126
0.00064495
0.000440097
0.00409717
0.00236076
0.00532884
0.00110746
0.00178404
0.00218764
0.00222544
0.00217724
0.00443642
0.00201786
0.00434731
0.0039908
0.00565616
0.00579998
0.00303521
0.00266552
0.00125758
0.00147563
0.00244644
0.00307635
0.00176566
0.000610193
0.00121795
0.00332978
0.00145796
0.00205957
0.00077726
0.00286626
0.00565658
0.00548667
0.00862408
0.00844719
0.0027867
0.0048615
0.00493495
0.00138558
0.00426937
0.00257548
0.00310233
0.00592171
0.0031598
0.00251393
0.00685879
0.00179026
0.00155225
0.00513815
0.000312673
0.00373805
0.00216012
0.00487535
0.00125561
0.011393
0.0101237
0.000758229
0.00126081
0.00297071
0.0023766
0.00774048
0.0158521
0.00417582
0.00136814
0.00268805
0.00712057
0.00479176
0.00136356
0.0022689
0.000339388
0.00383383
0.00150944
0.00293386
0.00287391
0.0016848
0.00794592
0.0012817
0.00254347
0.00479053
0.00141082
0.00368058
0.00546242
0.00410835
0.00334308
0.00574817
0.00612658
0.00168328
0.0108276
0.00731332
0.00265899
0.00117567
0.00118681
0.00763102
0.00660019
0.00545189
0.00188773
0.00215053
0.00115155
0.00238155
0.00077049
0.0071399
0.00134655
0.00539189
0.00260496
0.012555
0.00620305
0.0021454
0.0105108
0.00794763
0.000722668
0.00393666
0.0014508
0.00776092
0.000818283
0.00106675
0.00481718
0.00380041
0.00223845
0.000738709
0.00434309
0.00310773
0.00454704
0.00107065
0.00129506
0.0106095
0.00500155
0.00208064
0.00389054
0.00492665
0.00281332
0.00691925
0.00398672
0.00484136
0.0110164
0.00524008
0.00266476
0.00306091
0.0109072
0.00294275
0.00453285
0.000772479
0.000842128
0.00626698
0.00347471
0.0028833
0.00106864
0.00606985
0.0023185
0.00206421
0.00540888
0.00297283
0.00291574
0.00155804
0.0166411
0.000859564
0.00366143
0.00234368
0.00166563
0.00185539
0.0038259
0.00295313
0.00173286
0.00174077
0.00521312
0.00438701
0.000960513
0.00246636
0.00492265
0.0035553
0.00151466
0.00109889
0.00388739
0.0113545
0.00621154
0.00395934
0.00468731
0.00229461
0.00335349
0.00109985
0.00131251
0.00250548
0.00047028
0.00359104
0.000242654
0.00219603
0.00138421
0.0158055
0.000381349
0.00102837
0.00324161
0.00214643
0.00128086
0.00390612
0.00237842
0.00645213
0.00350988
0.00170134
0.00296489
0.00294307
0.0157116
0.00108738
0.0021239
0.00115515
0.00451083
0.00135344
0.00627323
0.00431083
0.00478343
0.000944773
0.00495958
0.00611117
0.00449768
0.00365551
0.0044625
0.0059187
0.00654415
0.00456396
0.0017398
0.00112122
0.00143216
0.00357887
0.00431305
0.00176706
0.00204642
0.00627018
0.00455699
0.00238225
0.00597028
0.00449203
0.00693176
0.0081276
0.00341746
0.0010037
0.00500105
0.00479954
0.000186854
0.00428923
0.00282843
0.00626985
0.0205491
0.00206177
0.00238754
0.00318119
0.00971052
0.0053547
0.00221766
0.00559028
0.0023172
0.00252706
0.00715968
0.00125662
0.00445223
0.00446305
0.0028079
0.00261709
0.00129212
0.00165572
0.00104607
0.000681417
0.0292596
0.00726767
0.00359968
0.00251916
0.00440478
0.0050657
0.0082754
0.0055941
0.00417093
0.0203956
0.00301191
0.000811512
0.000559657
0.000602427
0.00421725
0.00162025
0.0158152
0.0101834
0.000935758
0.00644985
0.00249294
0.000663515
0.0021505
0.00322261
0.00135034
0.00207826
0.0146483
0.0248297
0.00226892
0.00336625
0.00473029
0.0017839
0.00440709
0.00964509
0.00733471
0.00126424
0.000595662
0.00810332
0.0146175
0.0045968
0.00329455
0.00346811
0.00215728
0.00299982
0.0050749
0.00576105
0.0029577
0.00390757
0.00205372
0.00181392
0.00410088
0.00206797
0.00567675
0.00255692
0.00360503
0.000733767
0.0017434
0.00199915
0.00213564
0.00162892
0.00411275
0.00247093
0.00813406
0.00587426
0.00294393
0.0034256
0.00116611
0.00302455
0.00130979
0.00309667
0.00449753
0.00211787
0.00285642
0.00792731
0.00692047
0.00421971
0.0028673
0.00424205
0.00162525
0.00093261
0.00557973
0.00243703
0.0036193
0.00393613
0.00191054
0.00349567
0.00245473
0.00737967
0.000893004
0.00241977
0.00247936
0.00236325
0.0059005
0.00368776
0.00121665
0.00372944
0.000947731
0.00113605
0.00610039
0.000715483
0.00454138
0.00147327
0.00404833
0.00185624
0.00163034
0.00298478
0.00393636
0.00227642
0.016679
0.00242365
0.0130326
0.0023121
0.00399355
0.00341749
0.0038243
0.000167819
0.00051485
0.00843771
0.00160681
0.00473384
0.00217893
0.00148272
0.00188326
0.000421875
0.00180448
0.00568924
0.0154314
0.00120406
0.00622168
0.00614408
0.00118138
0.00137707
0.00370598
0.00181751
0.00172786
0.00142645
0.0025304
0.0031948
0.000701523
0.00119722
0.00409958
0.00178813
0.0187595
0.00151742
0.0068407
0.00163827
0.00413556
0.00277788
0.00326908
0.00678973
0.00478279
0.00646173
0.00644359
0.0017222
0.00840532
0.00211318
0.00196459
0.000638475
0.00408032
0.00475408
0.00116765
0.00165212
0.00323727
0.00129548
0.00409256
0.00100836
0.00408694
0.00240129
0.00796985
0.00389343
0.00431587
0.00346978
0.00380019
0.00219399
0.00477565
0.00534648
0.00242875
0.00202392
0.00107344
0.0036037
0.00436747
0.00386222
0.00262193
0.00233104
0.00210692
0.00314082
0.0145744
0.00346032
0.0054828
0.00371223
0.00889159
0.00346733
0.00625209
0.00230514
0.0013779
0.00355193
0.000841489
0.000710966
0.00226339
0.00418597
0.00637627
0.00454792
0.00198912
0.000669206
0.00212595
0.000957006
0.00288385
0.00245829
0.00206212
0.00439163
0.0028383
0.000714939
0.00101624
0.00591426
0.0314984
0.0119428
0.0110336
0.00444499
0.00899703
0.00429288
0.00378489
0.00266674
0.00215961
0.00108352
0.00324643
0.00204126
0.000849268
0.00451017
0.0014244
0.00126465
0.00482573
0.00660787
0.00364071
0.00460029
0.00154842
0.00122072
0.00155827
0.000732911
0.00129989
0.000897162
0.00131114
0.00347059
0.00194394
0.0108464
0.00255879
0.00480975
0.00150495
0.00220845
0.00111919
0.00231401
0.00099696
0.00362172
0.0022835
0.00370595
0.00115606
0.00489573
0.00463175
0.000598993
0.00422983
0.00551499
0.000906274
0.00380375
0.00635958
0.00471788
0.000725026
0.000740637
0.00101021
0.000406221
0.00398671
0.00288456
0.00250929
0.00337898
0.00524582
0.00288211
0.00213614
0.00544622
0.00288843
0.0121031
0.00565287
0.00261763
0.014079
0.00393189
0.00144702
0.00160604
0.0059606
0.00729473
0.000437608
0.00898897
0.00819875
0.00286952
0.00280516
0.00247835
0.00325786
0.00203323
0.00522841
0.00945754
0.00200065
0.000740041
0.00887289
0.0161494
0.00718694
0.00184855
0.00125545
0.00708987
0.00263884
0.00306376
0.00367542
0.0066522
0.000359542
0.00163276
0.0141007
0.00113778
0.0120037
0.0162133
0.00215927
0.00768008
0.00239634
0.00298965
0.00496755
0.00343128
0.00164618
0.00232931
0.000680246
0.00558884
0.00162991
0.00403165
0.0012466
0.00118491
0.0011967
0.00375727
0.00182592
0.0112782
0.00230721
0.0111475
0.00380488
0.000371626
0.00440654
0.0100514
0.0172535
0.00265397
0.00271015
0.0015186
0.00692633
0.00322732
0.00737965
0.0010504
0.006957
0.00122326
0.024242
0.00172037
0.0104674
0.00350335
0.00580059
0.00561083
0.000716619
0.00346908
0.00345054
0.00468075
0.00224548
0.00379763
0.00485672
0.00123387
0.00834827
0.00210442
0.0159055
0.00197844
0.00232292
0.000619622
0.000691141
0.00241763
0.0020183
0.00292078
0.00177025
0.00252642
0.00460789
0.00280126
0.0129207
0.0067906
0.00712489
0.00167691
0.00702616
0.00537252
0.000370277
0.00179828
0.013354
0.00908426
0.00144981
0.00301161
0.00332545
0.00193682
0.00210654
0.00456061
0.00138889
0.0053129
0.00162309
0.0205005
0.00156465
0.0103156
0.000653978
0.000694251
0.00136024
0.00147491
0.00530506
0.0185657
0.00114631
0.00236478
0.00161689
0.0015156
0.00578345
0.00701333
0.00326433
0.00932281
0.00375182
0.00350032
0.000601961
0.00410012
0.00425453
0.00205503
0.00680871
0.00198366
0.00367816
0.0181831
0.00131244
0.00472593
0.00191292
0.00272833
0.00145403
0.00139571
0.00266903
0.00521452
0.00160902
0.0021458
0.013414
0.00550913
0.00175802
0.00203511
0.00115869
0.00297164
0.00446405
0.00528219
0.00224369
0.000434968
0.00401156
0.00591449
0.00811707
0.000842996
0.00604429
0.00296424
0.000746768
0.00125526
0.00293527
0.0044779
0.00530113
0.00209202
0.000219375
0.00270114
0.00347908
0.0324186
0.00717813
0.00421509
0.00320029
0.0035255
0.00279567
0.00301755
0.012786
0.00484875
0.00522705
0.000880497
0.00362575
0.00417319
0.00553783
0.00416231
0.00316153
0.00337767
0.00581424
0.0107416
0.00707785
0.00677922
0.0103811
0.00069409
0.00941158
0.0162673
0.00828465
0.00104461
0.0193082
0.00718884
0.000931392
0.00127524
0.00463661
0.0065676
0.0011028
0.00365501
0.00244213
0.00257427
0.00813624
0.00915857
0.00428664
0.0042529
0.00381198
0.00252099
0.00322066
0.0119773
0.0015611
0.00662168
0.00358132
0.00401707
0.0029611
0.0122281
0.0032126
0.00585731
0.000183688
0.00387265
0.00110221
0.00538874
0.00292847
0.0237745
0.0044931
0.00252145
0.002063
0.00182623
0.00223719
0.0104501
0.00129207
0.00470785
0.00284204
0.00239366
0.00373486
0.0128606
0.00622924
0.00491584
0.00578251
0.00126602
0.00239428
0.00321269
0.000963372
0.00439874
0.0015122
0.002145
0.00140983
0.000590887
0.000948571
0.00412598
0.00355165
0.00873686
0.00304662
0.00595805
0.00314749
0.0228265
0.00307597
0.00211133
0.00398705
0.00434663
0.00353196
0.0020381
0.00110903
0.00446302
0.00813053
0.00859543
0.00526852
0.00121644
0.00208935
0.00349216
0.00622902
0.00306564
0.00244136
0.00241812
0.00381713
0.0032363
0.00277838
0.00389952
0.000991049
0.0100222
0.00219834
0.00284874
0.00398228
0.00346041
0.00194927
0.00468249
0.00287136
0.00851362
0.00426648
0.00252136
0.00770706
0.00395997
0.000959706
0.00402965
0.00181931
0.00257197
0.000162281
0.00428984
0.00610365
0.00287279
0.00440456
0.00551668
0.00411164
0.00199028
0.00315265
0.000380713
0.000997914
0.00402449
0.00358316
0.00275436
0.00108592
0.00451248
0.00793142
0.00275311
0.00778363
0.00257929
0.0067022
0.00374399
0.0119469
0.00671309
0.00569018
0.00388454
0.000970436
0.00501816
0.00476351
0.00516241
0.00528614
0.000804562
0.00224111
0.00734997
0.0033362
0.00446967
0.0023432
0.00106461
0.00241316
0.00452198
0.00388172
0.00260529
0.00339505
0.00151262
0.00629671
0.00694195
0.00451625
0.000450215
0.0119859
0.00221347
0.0006545
0.00368408
0.00679924
0.000930772
0.00531728
0.00174258
0.00519553
0.00403437
0.00406133
0.00636811
0.00474179
0.00237257
0.00529029
0.00180386
0.00673162
0.0106105
0.012745
0.00258777
0.00143147
0.00111914
0.00315385
0.00252006
0.00438299
0.00208224
0.00145949
0.00366403
0.00240981
0.00801069
0.00206605
0.00166434
0.00690467
0.00111317
0.00485892
0.0245622
0.00151795
0.00611397
0.00639077
0.0131502
0.0029702
0.00390729
0.00237351
0.00378312
0.00266412
0.00523358
0.0121463
0.0068705
0.00255256
0.021703
0.0029097
0.00387984
0.00780994
0.00316452
0.0034565
0.00290486
0.00137256
0.0194874
0.0102195
0.00296957
0.00376283
0.0023409
0.00343625
0.00201727
0.00116393
0.00913816
0.00383654
0.00407816
0.00996569
0.0258472
0.00219559
0.00551105
0.00252365
0.00187447
0.00121892
0.00116057
0.00313758
0.000749143
0.0239425
0.00166535
0.0035624
0.00335512
0.0239671
0.00374411
0.00702284
0.00557361
0.00428709
0.00296506
0.00174744
0.00106431
0.00724933
0.0319311
0.00331427
0.00395498
0.00477228
0.00471373
0.00299317
0.00184915
0.00267133
0.000635731
0.000994445
0.00230539
0.00197789
0.000517807
0.00243005
0.00332639
0.00421947
0.00804683
0.00446422
0.00191956
0.00187434
0.00277036
0.00346462
0.0130491
0.00154528
0.00122843
0.0102285
0.00387864
0.00250018
0.00029798
0.00406075
0.00525784
0.0182558
0.00301763
0.00479332
0.00522426
0.00171736
0.0077239
0.00209813
0.00187881
0.00236955
0.00186125
0.00404185
0.0126774
0.00343999
0.000400541
0.00571887
0.00188114
0.00691049
0.000803376
0.00343544
0.000268302
0.00446452
0.00567346
0.0078348
0.00449158
0.00173018
0.00730431
0.0010388
0.00103615
0.00254042
0.00234725
0.00711557
0.00447813
0.00430853
0.00111592
0.00785674
0.00391507
0.00118555
0.00258694
0.000987526
0.0115688
0.00330489
0.00248934
0.00362316
0.00331061
0.00285419
0.00342381
0.00257014
0.00331869
0.0162103
0.00120956
0.00376886
0.00330102
0.00549388
0.00379598
0.00728274
0.00273382
0.00222885
0.00305603
0.00325489
0.00481609
0.0105333
0.000608775
0.00551866
0.00249739
0.00335387
0.00395136
0.00362784
0.0017812
0.00485488
0.0341034
0.00457088
0.00331051
0.00230858
0.00412984
0.0034392
0.00297085
0.00148658
0.00108422
0.00381457
0.00136042
0.00102203
0.00727751
0.00385174
0.00239539
0.0116438
0.000853331
0.00208102
0.00421234
0.00727948
0.0115513
0.00361903
0.00095437
0.0119714
0.0017903
0.0168696
0.00353234
0.00778938
0.0073655
0.00416351
0.0248145
0.00402897
0.0102396
0.00226897
0.00145705
0.00540655
0.00798188
0.00233335
0.00481469
0.00507981
0.00157091
0.00079593
0.0213828
0.00116961
0.0055829
0.00132896
0.00473395
0.00146949
0.00539485
0.00591132
0.00606813
0.0113206
0.00883976
0.000588603
0.0207984
0.00296097
0.00359987
0.002809
0.00333586
0.00286374
0.00797622
0.0112581
0.00295536
0.00135135
0.00761985
0.00296966
0.00158284
0.00708713
0.0040896
0.00684794
0.00297222
0.00297052
0.00533154
0.00464481
0.0988738
0.00333798
0.00584748
0.00683334
0.00714986
0.0230694
0.005891
0.0017268
0.00473302
0.00512418
0.00226348
0.00573688
0.00450883
0.00864945
0.00721845
0.0114908
0.00836687
0.00549767
0.00336629
0.00525269
0.000834434
0.0039564
0.00574447
0.00406028
0.00130864
0.00507174
0.0028452
0.00434318
0.00609638
0.00369222
0.00103854
0.00690369
0.00723116
0.00736299
0.00375317
0.00112373
0.0198784
0.00257357
0.00314003
0.00457916
0.000610823
0.00195028
0.00102624
0.000712904
0.00332795
0.00268039
0.00201859
0.00491357
0.00272817
0.00127523
0.00413232
0.00819964
0.0207626
0.00467075
0.0023515
0.0051549
0.00133971
0.00195392
0.00104894
0.00203358
0.00136475
0.00554898
0.00254013
0.00605761
0.00754978
0.00349824
0.00227941
0.00504517
0.000953452
0.0202555
0.00233973
0.00139636
0.00391524
0.00079886
0.000919631
0.00324207
0.000753225
0.000263607
0.00367245
0.00372342
0.00103756
0.00140677
0.00228022
0.00299914
0.00366678
0.00278358
0.00293744
0.0021477
0.00273303
0.00331264
0.00482357
0.00698015
0.00113747
0.00260001
0.00249355
0.00649075
0.00227528
0.00353213
0.00298111
0.00603398
0.00401691
0.00138687
0.000705422
0.00661637
0.0145967
0.00320737
0.00121343
0.00535332
0.00883273
0.00497156
0.00255913
0.00321238
0.00218954
0.00415121
0.00461262
0.00151271
0.00350984
0.00616271
0.00290793
0.0052134
0.00201284
0.00137145
0.00288969
0.00249793
0.0055498
0.00593944
0.00272617
0.0159035
0.0014613
0.000884382
0.00281616
0.00267588
0.0231255
0.00303189
0.00107134
0.00361173
0.00182054
0.001219
0.00492435
0.00404763
0.0143866
0.00645777
0.00437792
0.00396753
0.00479137
0.00123681
0.00250721
0.00122637
0.00826396
0.00723653
0.00470778
0.00350059
0.0108536
0.00809755
0.0013439
0.00199792
0.00627138
0.00211989
0.0269848
0.00161312
0.00211966
0.00410339
0.0022033
0.00142758
0.00544239
0.00334898
0.00566456
0.017773
0.00817766
0.0120812
0.00563768
0.00150924
0.00544506
0.0057573
0.00352711
0.0172487
0.00340072
0.002257
0.00215488
0.00134586
0.00504346
0.00589998
0.00356737
0.00704046
0.00471108
0.00345089
0.00114262
0.00888272
0.00205779
0.000632638
0.00397823
0.00350491
0.00287209
0.00237574
0.00603948
0.00314167
0.00239725
0.000858167
0.00142264
0.00267921
0.00472254
0.0022259
0.00212827
0.000653284
0.0106178
0.00306351
0.00143694
0.00729381
0.00531071
0.00340484
0.00463639
0.000267633
0.000598356
0.00183831
0.00184943
0.00192137
0.00329711
0.00137994
0.00257343
0.00179971
0.00133104
0.00655043
0.00168117
0.00970262
0.00203863
0.00577958
0.00123058
0.00394902
0.00199827
0.00539692
0.00376233
0.00229895
0.00146972
0.00619681
0.00139189
0.00194486
0.00157601
0.00378092
0.00344899
0.0210465
0.00218535
0.00207082
0.0013096
0.0108464
0.0031018
0.00819663
0.00179308
0.0145488
0.00340418
0.0157842
0.0110797
0.00530962
0.00032741
0.0253285
0.00270769
0.013392
0.00335251
0.00374021
0.00998033
0.00227714
0.00748643
0.00174162
0.00228997
0.00114123
0.00234023
0.00339506
0.00348236
0.00610926
0.00288371
0.00295208
0.00993518
0.0044492
0.00324488
0.0010506
0.00220155
0.00144463
0.00438159
0.000460519
0.00300372
0.00136109
0.00123459
0.0014615
0.00247034
0.00126646
0.00244087
0.0343416
0.00320001
0.00684863
0.00369085
0.00264376
0.00298237
0.00138212
0.00609745
0.00211691
0.00822016
0.00524988
0.0035548
0.00145823
0.00635948
0.0104154
0.0024983
0.00907343
0.00707256
0.00159918
0.00565729
0.0109444
0.00148525
0.0138487
0.00290709
0.00537639
0.0058986
0.0041633
0.000221551
0.00238113
0.00101766
0.000290788
0.00425957
0.00516128
0.00134957
0.00403083
0.00547874
0.00477306
0.000998027
0.0044898
0.00279911
0.0216372
0.000823278
0.00705207
0.00991477
0.00443474
0.00575629
0.00547017
0.00239981
0.00406054
0.00177035
0.00846834
0.00299641
0.0111133
0.00229051
0.0036794
0.0143343
0.00297278
0.00733692
0.00119045
0.00154439
0.0173852
0.000838491
0.00471107
0.00173424
0.00103204
0.0017555
0.00537017
0.00307263
0.00233868
0.00190897
0.00319603
0.000756785
0.0019584
0.00248978
0.00371874
0.00254602
0.00340667
0.00516816
0.00325517
0.00188733
0.000913937
0.00323246
0.00309763
0.016685
0.00307395
0.00938612
0.0134797
0.043464
0.00347594
0.00208824
0.00614234
0.00190008
0.000745172
0.00929238
0.00576591
0.000981209
0.00204631
0.00331067
0.00260697
0.00732179
0.00102679
0.00366455
0.00709763
0.01011
0.00680024
0.00202794
0.00665337
0.00300566
0.00489038
0.00238288
0.00751907
0.00128055
0.00747331
0.00216444
0.00747574
0.000777747
0.00148296
0.00211583
0.00645751
0.00315573
0.00737454
0.00207146
0.00422407
0.00134543
0.00192967
0.00190107
0.00457552
0.00336518
0.00249923
0.00576701
0.00951334
0.00597669
0.00218154
0.00308918
0.000697107
0.00216241
0.00453902
0.00310786
0.00466987
0.00175877
0.00150951
0.00261904
0.00291273
0.0175763
0.00580989
0.002205
0.00433387
0.00175445
0.0055977
0.00557098
0.024197
0.00504352
0.00234275
0.00124791
0.00346297
0.00391849
0.00123592
0.00532603
0.00473038
0.00233487
0.0023705
0.0013666
0.00667409
0.00332341
0.00246114
0.0106253
0.0043255
0.0105134
0.00509395
0.0113094
0.00248001
0.00436039
0.00477511
0.00419845
0.00338396
0.00986484
0.00398768
0.00223297
0.00194221
0.0011943
0.00334075
0.00807066
0.00219666
0.00274873
0.00167398
0.00184694
0.00149977
0.00151006
0.00193005
0.00247822
0.003469
0.00342777
0.00210566
0.00344541
0.00148592
0.00214164
0.00427713
0.00194907
0.00653611
0.00113792
0.00431179
0.00212029
0.00502821
0.00419604
0.00758839
0.00510461
0.00473182
0.00117388
0.00965048
0.00235009
0.00587577
0.0271696
0.00456766
0.00318184
0.00352714
0.0174818
0.00446352
0.00201897
0.00651769
0.00716742
0.00246622
0.00584405
0.00177398
0.0111078
0.00285401
0.0024934
0.00134544
0.00293286
0.00381871
0.00186945
0.00271556
0.010502
0.00312991
0.0017032
0.00400722
0.00447741
0.0044447
0.00272026
0.00371959
0.00136008
0.0013096
0.00833772
0.00379352
0.000620361
0.00297869
0.00377188
0.000967349
0.000961697
0.00230146
0.0055047
0.00146737
0.00462467
0.00344211
0.00159315
0.00227343
0.00189483
0.00182603
0.0197688
0.000888074
0.00204833
0.00288669
0.00264956
0.00317095
0.00181368
0.00651957
0.00532011
0.00275582
0.00229685
0.00516642
0.00238005
0.00118913
0.00118631
0.00393679
0.00184979
0.0146923
0.00240891
0.00248249
0.00233689
0.00448829
0.000972585
0.00155895
0.00484881
0.00215905
0.0113706
0.00355868
0.00327133
0.00640088
0.000976923
0.00455533
0.0010726
0.000675049
0.00707586
0.00483117
0.00673338
0.00196353
0.00815285
0.00612239
0.00437794
0.00359392
0.00431068
0.00616841
0.00192429
0.000947656
0.00232858
0.00173349
0.0179088
0.00192484
0.00144638
0.000272018
0.00100201
0.00651078
0.00220667
0.00192111
0.00604426
0.0105432
0.00157724
0.00256528
0.00168325
0.00129647
0.00745583
0.00382874
0.00245072
0.00294327
0.00168918
0.00395817
0.0010268
0.00366981
0.021918
0.00204908
0.00114664
0.000795007
0.0105075
0.00116616
0.00230853
0.00193124
0.00377686
0.00157681
0.000557328
0.00158393
0.00146302
0.00165795
0.00279159
0.0298262
0.0014533
0.00145684
0.00124774
0.0111449
0.00387615
0.00094694
0.00467352
0.00202724
0.0128995
0.00202743
0.00276235
0.0048789
0.00131407
0.0055378
0.00360389
0.0243254
0.00219552
0.00255802
0.00102263
0.00802983
0.00652028
0.000503724
0.00296665
0.00466771
0.00252485
0.00109839
0.00440264
0.0016053
0.00160597
0.00421129
0.00274288
0.00139692
0.00386474
0.00173476
0.00288547
0.00611034
0.00311351
0.00436904
0.00747577
0.00441982
0.00288486
0.00782317
0.0035695
0.0189608
0.00352913
0.00308922
0.00800939
0.00278714
0.00369126
0.00257826
0.0107233
0.000571325
0.00314512
0.0018103
0.0073554
0.00409838
0.00401572
0.00226696
0.00270066
0.00284661
0.0130053
0.00640536
0.0051546
0.00466088
0.00620946
0.00164836
0.00436104
0.00433108
0.00597944
0.00464263
0.00271048
0.00136507
0.00487007
0.00344268
0.00405633
0.000554767
0.0100292
0.0166911
0.00534244
0.00600364
0.00901488
0.00274484
0.0133837
0.0011199
0.00411826
0.00308393
0.00180873
0.00549965
0.00509031
0.00206598
0.000984319
0.00485272
0.00302927
0.0062116
0.00026169
0.0196995
0.00389944
0.0112315
0.0113139
0.00303085
0.00403563
0.00691013
0.00136313
0.0042703
0.00223306
0.000585619
0.00405693
0.0032751
0.00204971
0.00799151
0.00283072
0.00623469
0.00274427
0.0043776
0.000648907
0.00324075
0.00604021
0.000608784
0.00111061
0.00203858
0.0216629
0.0010933
0.00158441
0.00192818
0.01263
0.00327291
0.000440527
0.00467636
0.000876866
0.0011505
0.00345382
0.00374731
0.00857262
0.00317729
0.005588
0.00192152
0.00389566
0.00263729
0.00676013
0.00644691
0.0033123
0.00128934
0.00113874
0.0042389
0.00336401
0.00115023
0.00448108
0.00258963
0.00314477
0.00158787
0.00383823
0.00244305
0.00475214
0.00368093
0.00227035
0.00264124
0.000691883
0.00288469
0.00136562
0.00648808
0.00207333
0.00359008
0.00124999
0.00578662
0.0017743
0.000142599
0.00231494
0.00105765
0.0032856
0.00899211
0.00219308
0.00540381
0.00234141
0.00217517
0.003241
0.0103041
0.00385807
0.00151533
0.00192135
0.00108256
0.00485978
0.00425032
0.0040161
0.00563464
0.00665613
0.003323
0.0033128
0.00617135
0.00167041
0.00239641
0.00286744
0.0030954
0.00732097
0.00340576
0.00313563
0.00352711
0.00183336
0.00872112
0.00218607
0.000487179
0.00425119
0.00689475
0.00282381
0.00303939
0.0029204
0.000682765
0.00444449
0.00313135
0.00430124
0.00202827
0.00866371
0.00126935
0.00354183
0.00503986
0.0177629
0.00205048
0.000863509
0.0030788
0.00139202
0.00574059
0.00398118
0.00495192
0.0253181
0.00107587
0.00526795
0.00173888
0.00634202
0.00205986
0.00193306
0.00627606
0.00137995
0.00162952
0.00263899
0.000706377
0.00207924
0.00393337
0.00608167
0.00227155
0.00205759
0.00173508
0.00245523
0.00479765
0.00086933
0.00593545
0.00225548
0.0113867
0.0688896
0.00184644
0.0025022
0.0126779
0.00159938
0.00350219
0.00275282
0.00372631
0.00133464
0.0014457
0.00517672
0.0101999
0.0173982
0.00181265
0.00258758
0.00329217
0.00630384
0.00246617
0.00247926
0.00529048
0.000859887
0.00148057
0.00398199
0.00824487
0.00204162
0.00513982
0.00280137
0.00115726
0.00483266
0.00241894
0.0044271
0.00526763
0.0070745
0.000251007
0.00480746
0.00255758
0.00224832
0.00255016
0.00431671
0.00422439
0.00388666
0.00112151
0.00249642
0.00288804
0.00148097
0.000659698
0.00240591
0.00856013
0.00263324
0.00228653
0.00321675
0.00430157
0.00559061
0.00243076
0.00117805
0.000738935
0.00128352
0.00215265
0.00204774
0.0110855
0.00182989
0.00632516
0.000187965
0.0153036
0.0104887
0.00373565
0.00266098
0.00185903
0.009263
0.00316595
0.000919915
0.00318295
0.00204922
0.00242568
0.00199505
0.000287836
0.00211208
0.0161728
0.00139285
0.00304969
0.00816982
0.00556216
0.0264776
0.00201761
0.00233658
0.00159962
0.0196417
0.00996145
0.00033761
0.00354985
0.00159365
0.00309214
0.00585978
0.00446645
0.00290612
0.00253396
0.00450401
0.00112556
0.00368124
0.00745018
0.00224217
0.00604538
0.0149163
0.00113923
0.00268013
0.00125987
0.00516541
0.00282392
0.00901088
0.00520691
0.00169435
0.00374641
0.00316946
0.00280376
0.00280137
0.001353
0.00422811
0.00180131
0.0070813
0.000673248
0.00129645
0.00749405
0.00120467
0.0029183
0.00283406
0.00132329
0.0203978
0.00612003
0.00341491
0.00633318
0.00277997
0.00190955
0.00314763
0.011069
0.00234224
0.00247183
0.000192713
0.00383692
0.00560603
0.00405426
0.00473084
0.00729882
0.00125415
0.000275601
0.00979664
0.00345789
0.00822769
0.00356711
0.0471929
0.00520991
0.012356
0.00362089
0.00336417
0.00203503
0.0048884
0.00718276
0.00211198
0.0151102
0.002
0.00450507
0.00197508
0.00285504
0.000501059
0.00090581
0.00773189
0.00758645
0.00324503
0.00833843
0.00491096
0.00139883
0.000444578
0.00119244
0.00280613
0.00589762
0.00250963
0.00364582
0.0107443
0.00566107
0.00648177
0.00149967
0.00144004
0.0108672
0.00161376
0.00185955
0.00141218
0.0126611
0.014846
0.00650852
0.00389582
0.00318345
0.00166706
0.00350208
0.00376079
0.00237045
0.00242189
0.00120743
0.00336743
0.0032955
0.00557239
0.00281849
0.00988733
0.000680934
0.00211047
0.00491354
0.00112364
0.00165636
0.0046196
0.00355438
0.00375241
0.00153068
0.020158
0.00408639
0.0155837
0.00286283
0.000597837
0.00335401
0.0127528
0.000670983
0.00640728
0.00298887
0.00217109
0.000494325
0.00194704
0.00608627
0.00307383
0.00919604
0.0036622
0.000554903
0.016566
0.00332896
0.00375171
0.0083933
0.00884131
0.00154031
0.00253161
0.00130665
0.00273675
0.0019196
0.00128945
0.00508729
0.000732876
0.00123518
0.00124579
0.00256472
0.0016578
0.00870661
0.00360366
0.00610641
0.00334384
0.00419635
0.00641771
0.00194524
0.00158704
0.00255531
0.0025245
0.00502525
0.00118481
0.012567
0.00835445
0.00089151
0.00587499
0.00654902
0.00362501
0.00189496
0.00153959
0.00267462
0.000999842
0.00129376
0.00147824
0.000618028
0.00103956
0.00473732
0.0032584
0.0021374
0.000697977
0.00195788
0.00577502
0.00707013
0.00484624
0.0027379
0.00370222
0.00354408
0.000995766
0.00831659
0.00816522
0.00298208
0.0100284
0.00277886
0.00352261
0.00202905
0.00333195
0.00420838
0.00339634
0.00126999
0.00465815
0.00429101
0.00174067
0.00443695
0.00200647
0.00198078
0.00145752
0.00622838
0.00761483
0.00288866
0.00195005
0.00910571
0.00460458
0.00211934
0.00870729
0.00553512
0.00362085
0.00624383
0.00520741
0.00295771
0.00137516
0.00235986
0.0043539
0.000836549
0.00807933
0.00123626
0.00257111
0.00321924
0.0182524
0.00509001
0.000923968
0.0012232
0.0182228
0.00138282
0.00164627
0.00666908
0.00138185
0.0016967
0.009704
0.00169065
0.00343104
0.00692118
0.00467793
0.00393595
0.0139215
0.00406435
0.00937768
0.00137498
0.00261195
0.00270149
0.00654947
0.0115053
0.00599468
0.00935767
0.00205142
0.00165156
0.00366517
0.00407986
0.00240273
0.00164244
0.000442242
0.00240983
0.0040178
0.000803166
0.00599696
0.00325781
0.00426324
0.00280832
0.00418831
0.00299766
0.00272269
0.0036178
0.00323873
0.00491218
0.00345355
0.00215433
0.00495569
0.00354708
0.0042528
0.00543488
0.00462931
0.00157903
0.00216772
0.00200054
0.00360459
0.00253532
0.00118241
0.0332546
0.00693408
0.0010836
0.0033493
0.00750596
0.00368024
0.00294773
0.00348536
0.0217291
0.00241519
0.00498264
0.00532827
0.0025236
0.00749258
0.00423789
0.0216791
0.00117346
0.00819578
0.00181554
0.00418408
0.00139687
0.000688958
0.00543663
0.000852267
0.00297148
0.00146956
0.00267456
0.00260812
0.00302775
0.0018792
0.00184982
0.00382935
0.00535634
0.00165881
0.00364981
0.000629617
0.00227719
0.000915792
0.00243605
0.0129935
0.00179777
0.00502467
0.00284924
0.00630562
0.00934235
0.00830789
0.00245975
0.0020412
0.0051324
0.00078449
0.0043975
0.00170278
0.000443067
0.00169492
0.00230515
0.00208676
0.00291634
0.00114362
0.0168983
0.00069861
0.00223447
0.00213781
0.00458253
0.00404501
0.00490997
0.000542705
0.00200547
0.00679057
0.00368673
0.00560938
0.00412985
0.00599799
0.00214536
0.00685176
0.00698024
0.00482357
0.00175498
0.00284222
0.00315406
0.00400788
0.00175918
0.00613751
0.00193869
0.00220645
0.00205103
0.00146364
0.00293126
0.000451841
0.00187657
0.00248667
0.00512982
0.00251036
0.00131896
0.000382773
0.00113441
0.00162452
0.00724341
0.00702568
0.00173973
0.00973277
0.00228048
0.00274967
0.00438684
0.00394785
0.00256388
0.00704243
0.00127762
0.00385078
0.00495575
0.00188756
0.00885858
0.020273
0.00233221
0.00213789
0.00228666
0.00132588
0.000345846
0.00487559
0.000943179
0.00183652
0.00362036
0.00158585
0.00139377
0.0027762
0.00319682
0.00254795
0.00827057
0.00382101
0.0119833
0.00230574
0.000662884
0.00139487
0.00468786
0.00574239
0.00649757
0.00134325
0.00467202
0.00341989
0.00491514
0.0127396
0.00455084
0.00212012
0.00682558
0.0051175
0.00142725
0.000225699
0.00360993
0.00868134
0.00271721
0.00549238
0.00151482
0.00358793
0.00611549
0.00354207
0.0107237
0.00262481
0.00502967
0.0069294
0.00145001
0.00648042
0.00189585
0.0125317
0.00134814
0.00952059
0.00258229
0.00413647
0.0166727
0.00448955
0.00306661
0.00275837
0.0102745
0.00115303
0.00305326
0.00400801
0.00690678
0.00213527
0.00253746
0.00768034
0.00782223
0.00322196
0.000662715
0.00197177
0.00161721
0.00497092
0.00251346
0.0023838
0.00191228
0.000419206
0.0104983
0.00315676
0.00235324
0.00283965
0.00458945
0.00114936
0.00713091
0.00242376
0.00263393
0.000886865
0.00233164
0.00591996
0.00508403
0.00793419
0.00224532
0.0170417
0.0102088
0.00122972
0.00087049
0.00458476
0.0111025
0.00435917
0.00186231
0.0011149
0.00537119
0.0072806
0.0111215
0.00533817
0.00740396
0.00127793
0.00475449
0.00284594
0.00885184
0.000240273
0.00276734
0.0209093
0.00104053
0.00571003
0.00300418
0.0148343
0.00329662
0.0032226
0.000304406
0.00976217
0.00634134
0.00498164
0.00273876
0.00391133
0.00721105
0.0076357
0.00212787
0.0034247
0.000626022
0.00126882
0.00213104
0.00939454
0.000448439
0.0224359
0.00358018
0.0207454
0.000822942
0.000938976
0.00333737
0.00168946
0.0053585
0.000755055
0.00131087
0.00141129
0.00038755
0.00197917
0.00275934
0.00346757
0.007845
0.0131707
0.00139982
0.00201021
0.00233146
0.00345784
0.00248647
0.00165904
0.00295003
0.00374703
0.00194955
0.00531815
0.00194919
0.00171173
0.00163002
0.0147406
0.00378678
0.000848219
0.0161032
0.000948998
0.00222659
0.00140107
0.00546625
0.00437107
0.00161856
0.0109877
0.00267936
0.000341222
0.00314233
0.00251048
0.00244478
0.00304496
0.000843739
0.0029984
0.00460176
0.00434185
0.00171009
0.00531324
0.0240172
0.00106965
0.00177016
0.00279579
0.00286773
0.00131512
0.00659533
0.00458122
0.000792398
0.00308395
0.00784777
0.00206716
0.0100579
0.00122209
0.00243818
0.00452332
0.00407656
0.00608771
0.00390165
0.00497665
0.0059174
0.00398237
0.00595448
0.00355838
0.0575414
0.00323626
0.00232542
0.00253251
0.0023036
0.00336466
0.00864863
0.00227091
0.0048965
0.0181474
0.00430787
0.000980916
0.00132138
0.00569476
0.00319959
0.00193602
0.0065903
0.00434755
0.00862009
0.000937162
0.00339196
0.00128352
0.00125645
0.0023456
0.00178582
0.00193162
0.00750946
0.00759493
0.000535095
0.00591792
0.0193379
0.00618262
0.0026634
0.00401569
0.00382725
0.00152287
0.000730586
0.00607727
0.00275413
0.00284302
0.00757709
0.000236641
0.0104915
0.00674973
0.00313723
0.00597972
0.00227876
0.00337174
0.0029582
0.00125889
0.00381852
0.000727783
0.00491524
0.00427941
0.00683622
0.00154221
0.00535273
0.00185711
0.00807746
0.00373243
0.0129603
0.00152343
0.0136809
0.00106751
0.00224319
0.00215833
0.00257527
0.00908768
0.00397329
0.0029591
0.00410388
0.00507468
0.00115504
0.00281539
0.00128466
0.00256712
0.004387
0.0221792
0.0041039
0.00770791
0.00342429
0.00169329
0.00205694
0.00191099
0.00310445
0.00157887
0.00397612
0.00268012
0.00556503
0.00390562
0.00316239
0.00147306
0.00773244
0.00410093
0.00123306
0.00227851
0.0011181
0.00128447
0.00249419
0.00924133
0.00103135
0.0270773
0.00527004
0.00348302
0.00238165
0.00261226
0.0051769
0.00479732
0.017674
0.00472728
0.00173278
0.00362536
0.00571239
0.00284423
0.00212198
0.00119319
0.0142254
0.00733552
0.00348749
0.0103392
0.000857382
0.00431304
0.00520851
0.000847584
0.020157
0.00608964
0.00144255
0.00261602
0.00419498
0.00766259
0.00195617
0.000812205
0.00108445
0.00192433
0.00538121
0.00961187
0.00242457
0.00418275
0.000845127
0.000758305
0.0019396
0.0017379
0.00187819
0.0166577
0.00211658
0.0101376
0.00789837
0.00841344
0.00538307
0.0101294
0.0040107
0.00714382
0.00102094
0.00210438
0.00257376
0.00134994
0.0101605
0.00249862
0.00767808
0.00671927
0.00376175
0.00892415
0.00347916
0.00340531
0.0010735
0.00394265
0.00375296
0.00861008
0.00471346
0.00242957
0.00410923
0.00956278
0.00470455
0.00393376
0.00106427
0.00769952
0.00501963
0.00251115
0.00108807
0.00110962
0.00684763
0.00476875
0.00718817
0.00242748
0.00527777
0.00322513
0.0027251
0.0031785
0.00362137
0.00283945
0.00725134
0.00350386
0.00240828
0.00332038
0.00845517
0.00391013
0.00136657
0.00540163
0.00410756
0.029724
0.000521539
0.002888
0.00462135
0.0025359
0.00532027
0.00129537
0.00155682
0.00989667
0.00106734
0.00704937
0.00288596
0.0147691
0.000538065
0.00540544
0.00486541
0.00892344
0.0084191
0.00262275
0.000887147
0.00126802
0.00513455
0.00419257
0.00395876
0.0272205
0.0027178
0.00279866
0.00244792
0.00463994
0.030243
0.00453492
0.000969006
0.00579012
0.0290801
0.00302459
0.0027326
0.000981737
0.00165907
0.00280475
0.00464728
0.00458383
0.00335987
0.00623308
0.00813056
0.00154301
0.00834518
0.00581935
0.0051085
0.00174622
0.00337981
0.00113702
0.0030085
0.00198988
0.0033714
0.00121438
0.00336407
0.00413966
0.012071
0.000493666
0.00169111
0.00726861
0.00748511
0.000523768
0.0043165
0.0025746
0.00391042
0.000960564
0.00329237
0.00392297
0.000474365
0.00192925
0.00670188
0.0067893
0.00473173
0.00247573
0.00313169
0.00224636
0.0049198
0.00539842
0.00186661
0.000576987
0.00434673
0.00307305
0.00564714
0.00686777
0.000827759
0.00147469
0.00352496
0.00343113
0.0145659
0.00418806
0.00375764
0.000275362
0.00102806
0.000476526
0.00744665
0.00130415
0.00354501
0.00772221
0.0018721
0.00435047
0.00389551
0.00201607
0.00340236
0.0115176
0.00545727
0.00210575
0.0038122
0.011174
0.00584928
0.00650287
0.00368048
0.001898
0.00821261
0.0035749
0.00103589
0.00237438
0.00437688
0.0136997
0.00111122
0.00775468
0.00476222
0.00602461
0.00778403
0.00619306
0.00245415
0.00737557
0.00295924
0.00104852
0.00666831
0.000419784
0.00770949
0.00238034
0.00381107
0.00224281
0.00216883
0.00269188
0.00336449
0.00130874
0.00160825
0.00146345
0.00482657
0.0157172
0.00308082
0.00136919
0.00481161
0.00227549
0.00292254
0.0029619
0.00280321
0.0101284
0.00400079
0.00578507
0.00676011
0.00291337
0.00384772
0.00195982
0.0123947
0.00190301
0.00272833
0.000613408
0.00195396
0.00705408
0.00130378
0.0043715
0.00135672
0.0144322
0.00229759
0.00233931
0.000981349
0.00533322
0.00435496
0.0209619
0.00077655
0.00258267
0.00186794
0.00106301
0.00274382
0.00301755
0.00512741
0.010113
0.00184081
0.00340307
0.00366771
0.0015942
0.000907902
0.00451583
0.0184985
0.00145617
0.00115965
0.0010282
0.000885298
0.0023986
0.00627872
0.00672345
0.00658909
0.00534575
0.0153621
0.00193761
0.00715657
0.00471531
0.0030366
0.00345551
0.00110591
0.00093542
0.00628988
0.00461236
0.00312783
0.0023571
0.00562128
0.0123619
0.00134512
0.00199768
0.00630894
0.00234045
0.00334412
0.000974895
0.00141853
0.00376188
0.00201313
0.00879928
0.00909158
0.00159596
0.084584
0.00572137
0.00565027
0.00506616
0.00534848
0.00119238
0.00863459
0.00454512
0.00506847
0.00196612
0.00286374
0.00164718
0.00173777
0.00145312
0.00300706
0.00293175
0.00469037
0.001042
0.00518798
0.00334738
0.00235492
0.0182915
0.00539997
0.00489729
0.00253167
0.00928786
0.0026541
0.0021078
0.00718257
0.0047047
0.00120055
0.00645841
0.00903391
0.00146807
0.00785492
0.0030308
0.00420274
0.00175129
0.000602984
0.00136009
0.00147328
0.00356565
0.0041857
0.00517019
0.00237092
0.00838917
0.00374309
0.0060168
0.0104385
0.00995008
0.0019485
0.00449492
0.00114285
0.00146352
0.00192388
0.0113866
0.00289702
0.00402136
0.004664
0.00316283
0.00875067
0.00240974
0.00355763
0.00203563
0.00383615
0.00915881
0.00269499
0.00657945
0.00293035
0.00288759
0.00294723
0.00376706
0.00106001
0.00472963
0.00156476
0.00929979
0.00328402
0.016441
0.00165474
0.00650741
0.0031424
0.0039088
0.00568395
0.0020737
0.00560777
0.00339126
0.00324263
0.00431757
0.00269291
0.00417313
0.00126433
0.00494271
0.00410903
0.0062948
0.00136879
0.0019
0.00281171
0.00904145
0.0040311
0.0011179
0.00385437
0.00416836
0.00109836
0.00345072
0.00526103
0.00626285
0.00329066
0.00556958
0.00157925
0.00597552
0.010697
0.00175805
0.00409874
0.00480735
0.00327709
0.00284048
0.00227508
0.00187469
0.0055629
0.0026624
0.000900154
0.00196746
0.0156947
0.00195363
0.00909721
0.00648989
0.00289862
0.00237649
0.00198904
0.0043801
0.00071803
0.00150106
0.0037852
0.00474231
0.0011644
0.00297334
0.00487137
0.0128385
0.00307595
0.000873196
0.00557567
0.00570378
0.00270407
0.00265579
0.00287203
0.0312338
0.00165516
0.00279936
0.00237368
0.00640206
0.00499877
0.00347087
0.00185053
0.00279612
0.00127557
0.00423722
0.000718972
0.00182075
0.00223887
0.00660083
0.00639216
0.00191307
0.00296318
0.0131251
0.00174436
0.00096855
0.0027642
0.00564954
0.00497507
0.0060863
0.0113171
0.00692148
0.0059168
0.00559738
0.00218877
0.00356431
0.0020124
0.00369113
0.00236297
0.00248181
0.00349915
0.00155276
0.00353547
0.00137612
0.00739208
0.00471305
0.000621118
0.00281014
0.00502439
0.013495
0.0058404
0.00106863
0.00108906
0.00326167
0.00116642
0.00538587
0.00450729
0.000494828
0.000803297
0.00696327
0.0029819
0.00420783
0.000728802
0.00244523
0.00138692
0.00197847
0.0100007
0.00606009
0.00501837
0.000427842
0.0054817
0.000868478
0.00314145
0.00115556
0.0219449
0.00469323
0.0134699
0.00384421
0.00306195
0.00154356
0.00265347
0.00325923
0.00247051
0.00556607
0.00141708
0.00150127
0.00574717
0.00192452
0.00312779
0.00468287
0.0064741
0.00181878
0.00440663
0.00300241
0.00412671
0.00425091
0.00329714
0.00313331
0.0164966
0.0229211
0.00683671
0.0118892
0.00197044
0.00429049
0.0050725
0.012903
0.00323381
0.00523401
0.00145306
0.0059306
0.0249289
0.000701292
0.00133656
0.00566397
0.00402879
0.00199923
0.0293615
0.00885745
0.000938511
0.00204186
0.00213587
0.00312806
0.0016451
0.000782112
0.00369678
0.00123123
0.00679026
0.0029288
0.0085475
0.00808408
0.00390824
0.00320441
0.000271546
0.000617969
0.00156393
0.00178428
0.00159314
0.00335744
0.00417121
0.00270666
0.00486713
0.00298964
0.00289171
0.0032513
0.00777319
0.00344388
0.00373319
0.00776243
0.0284133
0.0201964
0.00545296
0.0031077
0.000480272
0.00218201
0.0186701
0.0130928
0.0091932
0.00237269
0.0276325
0.0028985
0.00128521
0.00345018
0.000746536
0.00377261
0.00332219
0.00174493
0.00246038
0.00240581
0.00169329
0.00099643
0.00514274
0.00578282
0.00165249
0.00482054
0.0014893
0.000280878
0.00188685
0.00238895
0.00258482
0.00256052
0.00453335
0.0106505
0.0120969
0.00168492
0.00354028
0.00285675
0.000594725
0.00573076
0.00123766
0.00205859
0.00604552
0.000850121
0.00228003
0.00752934
0.00086224
0.00338427
0.00573163
0.00624197
0.00394221
0.00429937
0.000390839
0.000415526
0.0025499
0.00228448
0.00627649
0.00147097
0.00182586
0.00743987
0.0122704
0.00118094
0.00280423
0.00243949
0.00153854
0.000414291
0.00715176
0.00339495
0.00257729
0.00360294
0.00997825
0.00622146
0.00466134
0.00912313
0.00701563
0.00453317
0.00034552
0.00680892
0.00440097
0.00296994
0.00905793
0.00212703
0.00134644
0.00102245
0.00510303
0.00791351
0.00473437
0.00825862
0.000394488
0.00299531
0.00360337
0.00690214
0.00766856
0.00174354
0.00587125
0.00210306
0.0033003
0.0011848
0.00895533
0.00562272
0.00238161
0.00261317
0.00405082
0.000946779
0.00281124
0.01052
0.00175663
0.00263011
0.0150387
0.00253335
0.00315696
0.00421637
0.00117051
0.0013635
0.00449606
0.0018609
0.00565497
0.00190732
0.00219353
0.0109011
0.00919367
0.000545617
0.00231848
0.00717507
0.00198769
0.00459673
0.00260019
0.00037498
0.00656936
0.00352544
0.0108314
0.00300367
0.00387363
0.00428979
0.0103233
0.00204983
0.00108935
0.00307796
0.00392343
0.00302911
0.00126245
0.00242218
0.00312289
0.00456216
0.0039755
0.00184008
0.000386655
0.00325747
0.00451456
0.000816629
0.00646337
0.00441115
0.00449421
0.00230058
0.000922599
0.00166468
0.00683501
0.000466135
0.00405948
0.00375993
0.00172031
0.00320974
0.00305911
0.00734117
0.00138688
0.00246691
0.000815593
0.00570764
0.00106067
0.00398543
0.00142445
0.00800343
0.00368951
0.000845339
0.00909855
0.00375403
0.0141126
0.00642239
0.00246325
0.00360229
0.0121434
0.00736528
0.00479909
0.00259547
0.00256728
0.00549717
0.00428537
0.0242753
0.0067813
0.00255937
0.00201041
0.0101201
0.00180095
0.0135958
0.00459932
0.000755719
0.00698767
0.00481513
0.00403007
0.0018248
0.00154436
0.00343248
0.00410732
0.00172536
0.00170199
0.00132927
0.00471462
0.00138697
0.0031631
0.00131986
0.00247424
0.0010977
0.00453134
0.00298653
0.00165446
0.00217809
0.00317991
0.00172277
0.00376947
0.00415002
0.00796049
0.00395017
0.00589721
0.00727463
0.00496228
0.00175299
0.00269392
0.00223245
0.00611014
0.00163428
0.00323911
0.000703523
0.00408486
0.00203221
0.00412907
0.00488356
0.00244002
0.00703958
0.0145025
0.00197978
0.00289268
0.00532513
0.00367689
0.0011508
0.000907849
0.00594178
0.00071009
0.00337487
0.03447
0.00403065
0.000974317
0.00239697
0.000790432
0.00333607
0.00327944
0.0170397
0.000981211
0.00211393
0.00536292
0.00758767
0.00417818
0.00155282
0.00214339
0.00168835
0.0046562
0.00124583
0.00661563
0.00119963
0.00433569
0.00589712
0.00633567
0.00671469
0.00445786
0.00506652
0.0137846
0.00544269
0.0031519
0.00260221
0.00239854
0.00423964
0.00252119
0.00672603
0.000823675
0.0281616
0.00373491
0.00813231
0.00464057
0.00472017
0.00465415
0.00125729
0.000918118
0.00762815
0.00280958
0.00997302
0.00202246
0.00344722
0.00366659
0.00411718
0.0079226
0.00149181
0.00432116
0.00460921
0.00323274
0.00353844
0.000877097
0.00195001
0.00275227
0.00483359
0.00041437
0.00545863
0.00523331
0.00216347
0.0132738
0.00507747
0.00170928
