0.000835418
0.000145774
0.00176739
0.00038596
0.000149097
0.000452929
0.00180289
0.000789039
0.00145577
0.000141074
0.00166967
0.00123254
0.0013907
0.000668594
0.00111173
0.000705952
0.000839177
0.00122709
0.000256443
0.000191101
0.001154
0.000279445
0.000999166
0.000841115
0.00110038
0.000411885
0.00084452
0.00102284
0.00338481
0.000993173
0.000682911
0.00142289
0.00113214
0.00152679
0.000582342
0.00249852
0.000144968
0.000368596
0.00032282
0.00114367
0.00133921
0.00144068
0.00156841
0.00126082
0.000149717
0.000141262
0.00119881
0.000410494
0.0011109
0.00117271
0.000735016
0.000141126
0.000241233
0.000682549
0.00103167
0.000961906
0.00149052
0.00222817
0.00146628
0.00185948
0.000400916
0.00091025
0.00124069
0.0018215
0.000745191
0.000143324
0.000792016
0.000846726
0.000532997
0.000715588
0.00127417
0.00121614
0.000829524
0.0012925
0.000603889
0.000934912
0.00187532
0.000919021
0.0016814
0.000808291
0.000671243
0.000925101
0.000384547
0.00104093
0.000492105
0.000832088
0.000474823
0.000569846
0.00151485
0.0012394
0.00165203
0.00130674
0.0012073
0.00200352
0.000893643
0.000151102
0.000408446
0.00055537
0.00240139
0.00109242
0.00121013
0.00342204
0.00128118
0.00112254
0.00127664
0.000960774
0.00110608
0.00100628
0.000436963
0.000405591
0.00127276
0.00103334
0.000802672
0.00191694
0.000602279
0.00221805
0.00112524
0.00104759
0.00176631
0.000791023
0.000173313
0.0012036
0.00162242
0.000685713
0.00226691
0.00163306
0.000219003
0.000471372
0.00249113
0.00214069
0.000985109
0.00014115
0.0014242
0.00156478
0.000156963
0.000843084
0.00175327
0.000915339
0.000862388
0.00146684
0.00133114
0.0014658
0.000627899
0.00112704
0.00244182
0.000401179
0.00119173
0.000661356
0.00115836
0.000835836
0.00209983
0.00111775
0.000908199
0.0006584
0.000872732
0.000144843
0.00116604
0.0010265
0.00102704
0.000922685
0.000890963
0.00128024
0.000277242
0.0013582
0.000605022
0.00139679
0.00249476
0.00363736
0.000661937
0.000435674
0.00122799
0.00104893
0.00149077
0.00136593
0.00106284
0.000680975
0.000403102
0.00111089
0.000788607
0.00103349
0.00025698
0.00135341
0.00203106
0.00034534
0.00158548
0.000550987
0.000936645
0.00287964
0.000927749
0.00130766
0.00108773
0.000461448
0.00110066
0.000637266
0.000564482
0.00130378
0.00158836
0.000883874
0.000646224
0.00176443
0.00153185
0.000919788
0.000237204
0.00114143
0.00188548
0.00149805
0.000471425
0.00185493
0.000799037
0.000567625
0.000890688
0.000498947
0.000528957
0.000144868
0.000534582
0.000688633
0.000324048
0.000142905
0.00250689
0.001357
0.000292596
0.000607358
0.000504059
0.00157415
0.0012631
0.00156587
0.000668255
0.00161422
0.00225693
0.000723278
0.000577303
0.0027492
0.00074883
0.00259153
0.000942969
0.000161081
0.000990795
0.00166881
0.000141507
0.00141057
0.000976699
0.000917235
0.000183462
0.00116986
0.000338139
0.00057218
0.00162021
0.000141795
0.000965423
0.000284808
0.000392704
0.000768394
0.00108167
0.000819371
0.0005555
0.00141742
0.000898183
0.000235343
0.000142291
0.000872252
0.00128649
0.00105152
0.000844862
0.00120627
0.00060761
0.00127777
0.00118554
0.00125451
0.0014533
0.000702858
0.00113113
0.0030049
0.000573614
0.000911313
0.000895176
0.00299056
0.001529
0.000144271
0.00123493
0.0013519
0.00113794
0.000611343
0.00108271
0.000475344
0.000878764
0.00162709
0.00112946
0.00115465
0.00137821
0.000747433
0.00237744
0.00064029
0.000954873
0.000424966
0.000196587
0.000633024
0.000694332
0.00160184
0.00196742
0.000906093
0.000417828
0.00118247
0.00274426
0.00131638
0.00118379
0.00109344
0.000985335
0.000140719
0.0014685
0.00139032
0.00106387
0.00248362
0.000554061
0.000899552
0.000350724
0.000373385
0.00154666
0.00044643
0.00171761
0.00015911
0.000843159
0.00200291
0.000743138
0.000530943
0.000146433
0.00122096
0.00138369
0.000495942
0.000797266
0.0012461
0.00119817
0.00085525
0.000957106
0.00232528
0.00354783
0.000992844
0.00150375
0.00174253
0.000470722
0.000968965
0.000463594
0.000753199
0.00242182
0.00167836
0.00173859
0.00155561
0.000806745
0.000517333
0.000141581
0.000312929
0.00206341
0.00191573
0.00137968
0.000239771
0.000501152
0.000567471
0.00284175
0.000193513
0.00169953
0.000458821
0.00100783
0.000511582
0.00114787
0.00144807
0.000261551
0.000677112
0.00129039
0.00136838
0.000551068
0.00205318
0.00197261
0.00098055
0.00102328
0.000660536
0.000604525
0.0004753
0.000525293
0.00149428
0.00100674
0.00124679
0.000855272
0.00346879
0.00153772
0.000828634
0.00127896
0.000294997
0.00120451
0.000495496
0.00149791
0.00028979
0.00121804
0.00112862
0.000563228
0.00262517
0.000674857
0.000733786
0.00166983
0.00142168
0.000662773
0.000927901
0.000140643
0.000457936
0.000392029
0.000316496
0.00088704
0.000975335
0.00262571
0.00165009
0.00152618
0.000417621
0.00137871
0.00140452
0.00109302
0.00109764
0.000767694
0.00119925
0.00500939
0.000704922
0.00113864
0.000580882
0.00136215
0.00239682
0.00122766
0.000353325
0.00691021
0.000143639
0.00050339
0.001175
0.000154232
0.000299129
0.000568457
0.00075323
0.00135755
0.000667104
0.000485147
0.000965651
0.00119144
0.000454996
0.000984691
0.000730019
0.000848431
0.000818237
0.000610015
0.00122681
0.000734339
0.00231515
0.000607744
0.00162942
0.000140689
0.00139602
0.000443658
0.00014403
0.000358399
0.000885663
0.00212025
0.000942091
0.000151579
0.000142544
0.000140647
0.00239725
0.00230466
0.00168851
0.000885269
0.00103859
0.000277138
0.00123503
0.0016322
0.0026039
0.00143022
0.00166986
0.0032209
0.000153087
0.00165479
0.00157438
0.00118683
0.000895608
0.00112859
0.000141718
0.00176536
0.00067555
0.00172503
0.00161647
0.00149204
0.00155903
0.000379893
0.000510798
0.000440701
0.000874777
0.00196073
0.0013616
0.000154259
0.000359985
0.00123431
0.000554933
0.00182383
0.00129377
0.000568543
0.0006684
0.00145048
0.0010152
0.000517437
0.000789512
0.00105775
0.000144771
0.0015906
0.00106885
0.00174473
0.00197153
0.00068092
0.00122874
0.00185604
0.000762295
0.000978261
0.00130847
0.00148908
0.00143653
0.000444761
0.000911087
0.000737981
0.00161854
0.000978507
0.000600528
0.000815833
0.00135917
0.00145367
0.00145931
0.00145699
0.00128542
0.000874314
0.00263975
0.00188187
0.000156891
0.00109704
0.00166159
0.00183607
0.00163761
0.00133599
0.000722093
0.000142807
0.00653023
0.00127182
0.0014983
0.00115651
0.00128155
0.000140754
0.00130181
0.00179218
0.002662
0.00116147
0.000662113
0.000970769
0.000700831
0.0011344
0.000625244
0.00269415
0.000509461
0.00128035
0.00118305
0.00129669
0.000607973
0.00115876
0.000726472
0.00335419
0.00139412
0.000144403
0.00135577
0.00189398
0.00104698
0.00131301
0.00175634
0.0010295
0.000140742
0.00169164
0.00171065
0.00125486
0.00461843
0.000654865
0.00125973
0.000732424
0.00242599
0.000454093
0.000618447
0.00101311
0.00107115
0.000740887
0.00318626
0.000793764
0.000531768
0.000963057
0.000645654
0.00142152
0.00114774
0.000672481
0.000142776
0.00115627
0.000944962
0.000827766
0.000214573
0.00067125
0.000795236
0.00106754
0.00154603
0.00644264
0.00152811
0.00114465
0.00145515
0.00152051
0.0010792
0.000452581
0.00135173
0.000850462
0.00067729
0.000141281
0.000878441
0.00286091
0.0025318
0.000996003
0.000669044
0.0016814
0.000669233
0.00139257
0.000897895
0.000969965
0.000955211
0.00187319
0.000786285
0.000919717
0.00116445
0.00141291
0.00224174
0.00230305
0.00204225
0.00111016
0.000691906
0.00118334
0.00138346
0.00136575
0.00036732
0.000580196
0.00431044
0.000414353
0.000454412
0.00142716
0.000609246
0.00103042
0.000643763
0.000404228
0.000457459
0.00116928
0.000633238
0.00029287
0.00141134
0.00210036
0.00133171
0.000858531
0.00114576
0.000691643
0.00160326
0.000775318
0.000801968
0.000725898
0.00101606
0.000606794
0.00166566
0.00106946
0.00121725
0.000764188
0.00241044
0.00209361
0.00135392
0.0018243
0.00275831
0.000934571
0.00140304
0.00216921
0.000820402
0.000273686
0.000151653
0.00116874
0.00112564
0.00173794
0.000156488
0.00686813
0.00108363
0.000144184
0.00129554
0.000143645
0.00135396
0.00131089
0.00715062
0.000989507
0.000248111
0.00156626
0.000141602
0.000918984
0.00153149
0.00104407
0.000542624
0.00165367
0.00172672
0.00339375
0.000276217
0.000829508
0.000760977
0.00077058
0.000750937
0.00119724
0.00105548
0.000765065
0.00130016
0.000984645
0.00146689
0.000396488
0.00101767
0.00094804
0.00112573
0.000825247
0.00190256
0.000782398
0.00146333
0.000631109
0.000906514
0.000724082
0.000310302
0.00145131
0.000154767
0.00116453
0.00170567
0.0014412
0.00117446
0.000142263
0.000688354
0.00175268
0.00205123
0.00174275
0.00150757
0.00496334
0.00139681
0.00139546
0.00563883
0.0014338
0.00214009
0.00109586
0.000490147
0.00106155
0.00100799
0.00110169
0.00138559
0.000590795
0.000652901
0.000786709
0.000140972
0.000143111
0.000600488
0.00150236
0.00131842
0.00142073
0.000969503
0.00123189
0.000914045
0.00097833
0.00014185
0.0007938
0.00112715
0.000479507
0.000144265
0.000175344
0.00139997
0.00159123
0.000685768
0.000393301
0.00087491
0.00217838
0.00130927
0.000681309
0.000144507
0.00146428
0.000697011
0.00123728
0.00108768
0.00174585
0.000353266
0.000392424
0.00116105
0.000142736
0.000894069
0.000870837
0.000794993
0.000155863
0.00172704
0.000953141
0.00101778
0.000732327
0.000540895
0.00168888
0.000703313
0.000892533
0.000895338
0.000928319
0.000158781
0.00130291
0.000903865
0.00114281
0.00142752
0.000368267
0.00194787
0.000623695
0.000838788
0.000818068
0.00188747
0.00208015
0.000472744
0.000786883
0.00142935
0.0017294
0.00117092
0.000821191
0.0018909
0.00195666
0.00109649
0.00161285
0.000728582
0.000747728
0.000502788
0.0010097
0.00217173
0.00105816
0.00128732
0.000662982
0.000147225
0.00163115
0.00122723
0.00106575
0.00051874
0.000363843
0.000847471
0.00164313
0.0017664
0.00087734
0.000167997
0.00117293
0.00014083
0.00084321
0.001067
0.000740481
0.00184174
0.000910203
0.00097748
0.00102122
0.00220634
0.000790513
0.00120001
0.000887396
0.000719177
0.00110861
0.00113205
0.000555275
0.00198699
0.00108683
0.00227956
0.000318978
0.00113152
0.00176486
0.000140704
0.0011057
0.000565359
0.000836346
0.000839816
0.00014574
0.000723775
0.000466873
0.00125724
0.000467488
0.000188235
0.00139054
0.000904473
0.00101677
0.000835511
0.00101875
0.000149289
0.000349646
0.00117455
0.000677039
0.00180574
0.000376625
0.00101139
0.00107402
0.000322107
0.0010744
0.000272163
0.000594873
0.00199727
0.000869276
0.000509725
0.00084724
0.000656325
0.00517135
0.000890528
0.0010666
0.000538743
0.00169653
0.000745557
0.00171735
0.000396138
0.00128075
0.00137529
0.00069494
0.000925832
0.000585995
0.000142115
0.000945159
0.00139935
0.000768241
0.000890289
0.00236786
0.000155286
0.00094814
0.00106623
0.000145043
0.00100542
0.00149829
0.00176576
0.00119507
0.00127499
0.00097756
0.000962651
0.00163889
0.000146135
0.000721107
0.00159704
0.000397177
0.000166146
0.00124005
0.00205033
0.000500376
0.000264506
0.000144102
0.000638311
0.00100503
0.000875953
0.00102027
0.000143845
0.000827444
0.00209206
0.000361876
0.000952125
0.000500109
0.00216653
0.000402573
0.00187931
0.00176914
0.00234528
0.000149852
0.000466658
0.003013
0.000140782
0.000657867
0.00105451
0.00148696
0.000919035
0.000641814
0.00124327
0.000908499
0.00063693
0.000945118
0.0016509
0.00220044
0.000658452
0.000380829
0.00143316
0.00014225
0.000394674
0.00104191
0.00128169
0.000217717
0.000349685
0.00200214
0.000478211
0.00134691
0.000508182
0.000704082
0.00155714
0.00147747
0.000421551
0.00179016
0.000142503
0.000817904
0.00125082
0.00121564
0.00154813
0.000885279
0.00116871
0.00085774
0.00126719
0.00038753
0.00129557
0.000676457
0.00164642
0.00085992
0.00127835
0.00133394
0.00184015
0.000980789
0.000990484
0.00108235
0.000305941
0.00100563
0.00227476
0.0012756
0.000573532
0.00205454
0.00326609
0.00159559
0.000871687
0.00454263
0.00134469
0.00140342
0.00160922
0.00164567
0.00301242
0.00133097
0.00145827
0.00126471
0.00112404
0.00121009
0.000908457
0.00104402
0.000808028
0.00172109
0.00100802
0.000758445
0.000443025
0.00134586
0.000430819
0.00121416
0.000168618
0.000608287
0.0011889
0.000652247
0.00106059
0.00124599
0.000983435
0.000249734
0.00258609
0.00152737
0.000273709
0.000760462
0.000911865
0.00103495
0.00166262
0.0012167
0.00054939
0.00136256
0.0025218
0.00044987
0.00439514
0.00054143
0.000590819
0.00109062
0.000296965
0.00170892
0.00213821
0.0042277
0.000145854
0.000398361
0.0013445
0.00178994
0.00121544
0.000488205
0.00168842
0.00211202
0.000290077
0.00121173
0.000911388
0.00077937
0.00076067
0.00157078
0.00104207
0.00187968
0.00110115
0.000730671
0.00140868
0.000783368
0.00142119
0.000679844
0.000308946
0.000507441
0.00122629
0.00148937
0.00175385
0.000547945
0.00107983
0.000990655
0.00203587
0.00110873
0.00211163
0.0016408
0.000549451
0.00103095
0.00131254
0.00143349
0.000146326
0.000980954
0.00124387
0.000585019
0.00211344
0.00090184
0.00101599
0.000853938
0.000744101
0.0012188
0.000602432
0.000480528
0.00167235
0.000721024
0.00068368
0.000479738
0.00094067
0.000375628
0.000141547
0.00145743
0.00014497
0.00112324
0.00046594
0.000914755
0.00146557
0.00851479
0.000734216
0.000347765
0.00142253
0.00102944
0.000184521
0.000873044
0.000461117
0.00254219
0.000495904
0.000757062
0.00161044
0.00121039
0.00128365
0.00108456
0.00116321
0.000939239
0.00114234
0.000466747
0.000673025
0.000144799
0.00142214
0.000143257
0.00255348
0.00131983
0.000142355
0.00259183
0.00114635
0.000827434
0.000730182
0.00108017
0.000952658
0.000682769
0.000520249
0.00117816
0.000259182
0.000205962
0.000141835
0.00109751
0.00108218
0.00115592
0.000662162
0.000809797
0.00100485
0.00174103
0.0015359
0.00112366
0.00129919
0.000873404
0.00115338
0.000655619
0.00177003
0.00049948
0.000801941
0.000864232
0.000406374
0.00169302
0.00084438
0.000449031
0.00884623
0.000987667
0.00119502
0.00104053
0.001572
0.00130652
0.00140476
0.000765569
0.000758039
0.000627509
0.000703743
0.00133735
0.000708061
0.000426197
0.000823641
0.000721182
0.00160761
0.00217469
0.000679226
0.00200292
0.00100921
0.00229288
0.000675351
0.00215018
0.000925658
0.000944869
0.000785481
0.000614233
0.000927276
0.00179668
0.000690431
0.00192388
0.000151138
0.00361702
0.00171634
0.000621911
0.000481896
0.000801664
0.000884676
0.00425863
0.00183227
0.000843006
0.000569338
0.00156515
0.0014858
0.000147641
0.00119174
0.000915159
0.000384055
0.00205667
0.000792922
0.00153963
0.00172169
0.000769717
0.00126383
0.00629903
0.00161901
0.00119583
0.00198658
0.000536277
0.000969848
0.000647123
0.00120218
0.000797396
0.00123841
0.000669398
0.00124406
0.00106142
0.0010423
0.000530186
0.000198584
0.00111913
0.0014853
0.00137922
0.000839449
0.00110385
0.000548012
0.000523511
0.00107679
0.000624738
0.00151448
0.000155306
0.0013206
0.00128026
0.000430321
0.00142657
0.000751751
0.00127113
0.000988145
0.000965291
0.00109138
0.000460227
0.0013283
0.00117978
0.0010087
0.000248225
0.00131413
0.00112813
0.00159064
0.000937203
0.00111502
0.000721597
0.00161847
0.000762413
0.00122147
0.00104553
0.00109417
0.000680221
0.000608918
0.00135739
0.00225965
0.00146914
0.000144232
0.000935211
0.000972946
0.00150057
0.00043206
0.00104455
0.000908846
0.00133402
0.000564099
0.00137834
0.000828706
0.00112634
0.00145786
0.00158178
0.00174633
0.000879087
0.00107519
0.00224761
0.000317394
0.00106442
0.000563285
0.000747854
0.00130564
0.000877675
0.00189683
0.00129992
0.0013958
0.000739885
0.000504088
0.0014948
0.00165728
0.00206415
0.000350774
0.000144725
0.00165606
0.00132562
0.00138969
0.00109561
0.00122496
0.000596141
0.000876506
0.0021505
0.000922277
0.00337756
0.000992774
0.00140853
0.000797673
0.000537013
0.00170964
0.00225517
0.000818048
0.000962679
0.00207233
0.00103159
0.000215125
0.00143363
0.000951264
0.000538728
0.000751434
0.000635042
0.000714916
0.00087323
0.00156351
0.00130313
0.00170557
0.00106953
0.00146082
0.000734713
0.000153007
0.00116947
0.00058477
0.00184982
0.0012601
0.00275646
0.000921527
0.00132197
0.000959674
0.00142338
0.000994032
0.000733009
0.00127552
0.00158646
0.00107654
0.00209577
0.000675541
0.000471738
0.00102478
0.00137013
0.000912489
0.00212133
0.00141251
0.00014886
0.00115056
0.00110451
0.00118182
0.00087904
0.00078667
0.000572257
0.0034889
0.000771903
0.00160725
0.000755294
0.000958007
0.000756435
0.000869241
0.000504964
0.00110447
0.00119212
0.000142217
0.000929798
0.000292473
0.00164445
0.00220316
0.000492281
0.000923702
0.000858775
0.000665716
0.00157746
0.00077819
0.0012928
0.000762171
0.000784331
0.000365593
0.00144476
0.000968891
0.000915477
0.00156888
0.000312314
0.00165775
0.000848888
0.00125709
0.000995956
0.000865543
0.000994362
0.00166322
0.00121914
0.00161754
0.00136099
0.00148819
0.00145975
0.000187481
0.0033414
0.000678648
0.000820738
0.00103414
0.00148957
0.000743233
0.000430237
0.00146093
0.00104416
0.00133512
0.00113758
0.00086523
0.000284137
0.00069157
0.000454512
0.000547618
0.00106581
0.00109975
0.0010466
0.00124344
0.00166941
0.000961593
0.000863823
0.000670509
0.00123321
0.00398064
0.001284
0.000628082
0.000504169
0.00155788
0.00119545
0.000506194
0.000627809
0.00104448
0.00117569
0.00174158
0.000803243
0.00334106
0.00014278
0.00138271
0.00087086
0.000666094
0.000739251
0.000611041
0.000360605
0.000165477
0.000953756
0.00138246
0.000903048
0.000604158
0.00142152
0.000818603
0.00165077
0.00136829
0.00166069
0.00137615
0.0010799
0.00141061
0.000483301
0.00120451
0.000534271
0.000407967
0.00171131
0.000452625
0.000874109
0.000883431
0.00190481
0.000924824
0.0013809
0.000399512
0.00112695
0.000978759
0.00113002
0.00182748
0.000592737
0.00145763
0.000920494
0.000499062
0.00116094
0.000267587
0.000148174
0.000686503
0.00199259
0.00201304
0.00085717
0.000143243
0.00148921
0.000659385
0.000763191
0.000769873
0.00116291
0.000955475
0.000641825
0.00216369
0.000665816
0.00235718
0.00117717
0.00241531
0.00165743
0.00150655
0.00122671
0.000144226
0.00061155
0.00143313
0.000764041
0.00184054
0.00113658
0.000839395
0.00157378
0.00111281
0.00131775
0.00104286
0.00146421
0.000543517
0.000795674
0.000268467
0.000778805
0.000513163
0.00158957
0.000580986
0.00114475
0.00111653
0.00112186
0.00239679
0.00118603
0.00186139
0.00104997
0.00158879
0.00170815
0.00137556
0.000169742
0.000566967
0.000507876
0.00110208
0.000346385
0.000475974
0.000654157
0.000906924
0.00086247
0.000571001
0.00120284
0.000863926
0.00125047
0.00165965
0.00291118
0.00124201
0.000141427
0.0014264
0.00854669
0.00143133
0.00273006
0.00139361
0.000870097
0.000625838
0.0019962
0.00143968
0.00143082
0.00182241
0.00204251
0.000696551
0.000606585
0.00127816
0.00114105
0.00323107
0.00281253
0.000527725
0.000143016
0.00123997
0.0010391
0.000709595
0.000815452
0.000525295
0.000143181
0.00093542
0.000140956
0.000617388
0.000889024
0.000151474
0.000667899
0.000981376
0.00126174
0.000478675
0.00171987
0.00096171
0.00225464
0.00057824
0.000519593
0.000440562
0.000848609
0.00155504
0.000824868
0.0012495
0.00107685
0.00149706
0.000965019
0.00129228
0.00192784
0.000558935
0.000464564
0.00160394
0.00102017
0.000540764
0.000584758
0.000873178
0.00102601
0.000427887
0.000812872
0.00149926
0.00168023
0.00130395
0.00135616
0.00195834
0.000613145
0.000144465
0.000145296
0.000815489
0.000732994
0.00117371
0.00142123
0.000961176
0.00103085
0.00276849
0.00135233
0.00117861
0.00112588
0.000702796
0.000836317
0.000149294
0.00180844
0.00159836
0.000808134
0.00116219
0.00080871
0.00166265
0.000142925
0.0024119
0.000808512
0.00183361
0.00101144
0.00122906
0.00111641
0.00245238
0.00115086
0.00103814
0.000459854
0.00106946
0.000961828
0.000873328
0.00152594
0.000844598
0.000382955
0.000148477
0.000820879
0.00109784
0.000652852
0.000643718
0.000309538
0.00160165
0.00171904
0.000490725
0.00108166
0.000540516
0.000148672
0.00287656
0.000900315
0.000621689
0.000140927
0.00138562
0.000840627
0.000959114
0.00168217
0.00179405
0.00104381
0.00234044
0.00161865
0.00311606
0.000962067
0.00107944
0.00117909
0.000172064
0.000210805
0.000442826
0.000462301
0.000985453
0.00117957
0.000376863
0.00132252
0.000917277
0.000355369
0.000143724
0.000706269
0.000357041
0.000842812
0.00139726
0.000144654
0.000571729
0.00107232
0.00204783
0.0012404
0.000994849
0.000601048
0.00132164
0.00104279
0.00135307
0.00111689
0.000478692
0.000783577
0.000874406
0.00511371
0.00103668
0.000848444
0.00129564
0.000673978
0.00173395
0.00141841
0.00113222
0.000140637
0.000633165
0.00118983
0.00104029
0.00138383
0.000515643
0.000603125
0.000142179
0.000977951
0.00100519
0.00106902
0.000144892
0.00202953
0.00118516
0.00157868
0.000703273
0.00181405
0.000140848
0.000529898
0.000784491
0.0020315
0.00155428
0.000569902
0.00126426
0.000338938
0.00234308
0.000801425
0.000755159
0.0018673
0.00129866
0.000915544
0.00244901
0.00155659
0.00122569
0.000141217
0.00167037
0.000141394
0.000174104
0.000209561
0.000156636
0.00071764
0.00131611
0.000195764
0.00206599
0.00095383
0.000212872
0.000980185
0.00106993
0.00110644
0.00176164
0.00172308
0.00132635
0.00030096
0.000354478
0.00105992
0.000154037
0.00202136
0.00220242
0.0011179
0.000336638
0.00607547
0.000321207
0.00152611
0.00110175
0.000914634
0.0018676
0.00275868
0.00180429
0.000683971
0.00144782
0.00166712
0.000775369
0.00163603
0.000745463
0.00193202
0.000158968
0.000661056
0.00102215
0.000201322
0.000142809
0.00074454
0.00101566
0.00166438
0.00188893
0.000820526
0.00173047
0.000910064
0.00101717
0.00156921
0.000140681
0.000172396
0.00103712
0.00088977
0.000703824
0.00401309
0.000819744
0.000143935
0.00157869
0.000475154
0.000696142
0.00168411
0.00125548
0.000700353
0.00111029
0.00117286
0.00123546
0.000604831
0.00109719
0.00136304
0.000280116
0.000160733
0.00148451
0.00115279
0.000143386
0.0015071
0.00134265
0.000490386
0.00283579
0.00092292
0.00211307
0.00157083
0.00116245
0.001428
0.00108121
0.00104696
0.000141571
0.000860077
0.00208524
0.00124646
0.000421261
0.00200365
0.000392869
0.00128133
0.0009044
0.00156223
0.000663961
0.00330535
0.0002115
0.000673889
0.00194701
0.000164169
0.00366772
0.000999633
0.000842523
0.00102076
0.000842462
0.000700072
0.00182723
0.00126412
0.000837212
0.00152338
0.000730032
0.000792742
0.000520355
0.00228821
0.000924019
0.00096824
0.00212857
0.000164247
0.00178111
0.00097579
0.000635712
0.00117709
0.000673574
0.000333394
0.00175981
0.000687889
0.000495153
0.000972735
0.00103587
0.00119544
0.00226713
0.000816552
0.00112988
0.00178079
0.000150708
0.00082892
0.00110161
0.00123952
0.000243325
0.000887836
0.000859413
0.00153618
0.000897768
0.000620596
0.00138462
0.00105418
0.00180566
0.00203716
0.0018561
0.00116772
0.00100887
0.000891829
0.000985652
0.00125132
0.00127459
0.000516553
0.00109846
0.000958668
0.000698014
0.000430809
0.00143028
0.000633215
0.00154176
0.00107563
0.00159058
0.000723413
0.00104154
0.00164052
0.00110562
0.00150567
0.00101569
0.00129545
0.00232734
0.000694009
0.000461999
0.0011028
0.00104569
0.00104736
0.000911973
0.000787346
0.00142757
0.000731126
0.000953526
0.00139334
0.000777796
0.00124641
0.00142832
0.00209241
0.00161306
0.000557998
0.000627599
0.000448154
0.000145678
0.00014313
0.00106696
0.000527362
0.00145625
0.00050677
0.00124681
0.000563262
0.000164408
0.0010919
0.001901
0.000506602
0.000446761
0.00307678
0.00172619
0.00266166
0.000669565
0.00164409
0.000327003
0.000144091
0.00186596
0.00214357
0.00340996
0.000522299
0.000808644
0.000927085
0.000587312
0.00162334
0.000587256
0.000731231
0.00108419
0.000144593
0.000742512
0.000848467
0.00104849
0.00144951
0.00189067
0.00142951
0.000458998
0.0015456
0.000140854
0.000762051
0.000285103
0.00141746
0.00162686
0.000254767
0.000954945
0.00201248
0.00148005
0.000414727
0.0012955
0.000374127
0.0014721
0.000205649
0.000911406
0.00101038
0.000682825
0.00101235
0.000895123
0.00194864
0.00109091
0.00533707
0.000964228
0.000374183
0.00131086
0.00092547
0.00139592
0.00131601
0.00154973
0.000557475
0.00136078
0.00138473
0.00132527
0.00127336
0.00131165
0.00107639
0.000308976
0.000881633
0.00096256
0.00187939
0.00171435
0.000659943
0.000567323
0.00110392
0.00161227
0.00102493
0.000944902
0.000905532
0.00075249
0.000347153
0.00238897
0.000602177
0.000628384
0.000925875
0.00130498
0.00133856
0.00117785
0.00127738
0.000182607
0.00152357
0.00087826
0.000475695
0.000315355
0.000767766
0.00532606
0.00300115
0.000553584
0.000576059
0.0009716
0.000582864
0.000736793
0.000815867
0.00141027
0.000924166
0.000515816
0.00115756
0.00122365
0.00171234
0.00151324
0.00018975
0.00174165
0.000707342
0.000378387
0.00348972
0.000150029
0.00049743
0.000887422
0.00133318
0.00017429
0.000888599
0.00151072
0.00123548
0.000800539
0.00123784
0.00166902
0.00111075
0.000659641
0.00156745
0.000908035
0.00056613
0.00100445
0.0015283
0.00176385
0.000599662
0.00129639
0.000410672
0.00158393
0.00041202
0.0040259
0.000947717
0.000784164
0.00154593
0.000959397
0.00227531
0.000886675
0.00113013
0.00111318
0.000972014
0.000406886
0.000700467
0.00084328
0.00181523
0.00086532
0.00116846
0.000997281
0.00137116
0.00106611
0.000724761
0.000872659
0.000700103
0.000477422
0.000998228
0.00068033
0.000851883
0.00234616
0.000923812
0.000837554
0.00107259
0.00122776
0.00203481
0.000142295
0.00235868
0.00118219
0.000882812
0.00214389
0.000158119
0.000573771
0.00140549
0.00132984
0.00118909
0.000817553
0.00154732
0.00143428
0.0073534
0.000162135
0.0011186
0.00112738
0.000173676
0.00233714
0.00151851
0.000889245
0.000863248
0.00204742
0.00017615
0.000960471
0.000994895
0.000937905
0.000216516
0.0036418
0.0019933
0.00162456
0.0012859
0.0015993
0.00165539
0.0030864
0.000903096
0.000981335
0.00214095
0.000732437
0.00113005
0.000308677
0.00117722
0.00197944
0.000275563
0.000647306
0.00186955
0.000288391
0.000812438
0.00140269
0.00111107
0.000346767
0.0014996
0.000292566
0.00246388
0.0011308
0.00064724
0.00100101
0.00335575
0.00097459
0.000788339
0.00104894
0.000921707
0.00104078
0.000663215
0.00061017
0.00167227
0.00161912
0.00079693
0.000170753
0.00177754
0.000786749
0.00105452
0.000421161
0.000864202
0.000627881
0.000790076
0.00150552
0.00276383
0.000750664
0.000924194
0.000340563
0.00168445
0.000591226
0.00132287
0.00324933
0.00073964
0.000654998
0.00101704
0.00120391
0.00120398
0.0010393
0.00106137
0.0031821
0.0020327
0.000960064
0.000342605
0.00131276
0.000819422
0.00113074
0.00105498
0.0020039
0.00111074
0.00142686
0.00158151
0.000389173
0.00066695
0.00256405
0.00108657
0.00101523
0.000146192
0.000157973
0.00141843
0.00141376
0.00059762
0.000470593
0.000390736
0.00123008
0.0013109
0.00110632
0.000873755
0.000682085
0.00084587
0.000855897
0.00256891
0.00026856
0.00266582
0.00164203
0.000841134
0.000503872
0.000838953
0.00184225
0.0013424
0.00139093
0.000901266
0.000532867
0.00104902
0.00203303
0.000622537
0.00117524
0.00117126
0.00064718
0.000520738
0.000958031
0.00141757
0.000531497
0.000503861
0.00109462
0.00145484
0.00137026
0.000150335
0.000667208
0.000316957
0.00108146
0.00163649
0.00223518
0.00128831
0.00185522
0.00176774
0.00166025
0.00131678
0.00103228
0.000892723
0.00132432
0.00145863
0.00346009
0.00103111
0.00481783
0.000143965
0.000252225
0.00144542
0.000636072
0.000990827
0.000707819
0.00154922
0.00112638
0.00143732
0.00122025
0.00118691
0.00140471
0.00121945
0.000719136
0.000199484
0.000847024
0.00186784
0.0017359
0.00213021
0.00151333
0.00307513
0.000856894
0.00202674
0.00169984
0.00106974
0.00168066
0.00111492
0.000269964
0.000143008
0.00105483
0.00103046
0.00096598
0.00154626
0.000837897
0.000499696
0.00112585
0.0010794
0.000811448
0.0014699
0.000387354
0.000939742
0.00109669
0.00142516
0.0014653
0.00171196
0.000173125
0.00140197
0.000259654
0.000542605
0.00203862
0.00296741
0.00127893
0.0015095
0.0012409
0.0017011
0.00200386
0.0005078
0.000616377
0.00111421
0.00669309
0.000871213
0.00097482
0.00169517
0.000803758
0.000590018
0.000529801
0.000149142
0.00190679
0.00476717
0.00145254
0.00048897
0.00156411
0.00162893
0.001524
0.00102354
0.00146534
0.000904765
0.000528739
0.000738774
0.000262729
0.00118099
0.000968082
0.0007955
0.000809508
0.000724255
0.000603122
0.00146412
0.000141521
0.000141537
0.000141397
0.0018635
0.00107789
0.000434995
0.00209249
0.00132289
0.00187993
0.00174855
0.00099891
0.00123078
0.000328804
0.000496166
0.000735776
0.000286143
0.000140698
0.00160496
0.00147504
0.000862886
0.000790841
0.000765313
0.0016781
0.000845223
0.00137343
0.000742806
0.00167892
0.0014014
0.00304042
0.000459657
0.00121881
0.000429974
0.000508604
0.00151748
0.000627762
0.000653484
0.00198468
0.00368356
0.000607333
0.00117205
0.0021759
0.000769207
0.00123468
0.00475705
0.00121222
0.000143396
0.000728865
0.000855147
0.00168636
0.000760652
0.000146147
0.000208246
0.0014744
0.00091975
0.0012796
0.00126133
0.00106841
0.00108496
0.000899184
0.00165702
0.00146614
0.000142447
0.00245312
0.00195356
0.000320979
0.000422261
0.00143817
0.00107974
0.00048146
0.000868813
0.00481628
0.0018907
0.00116008
0.000528139
0.000499261
0.00130416
0.00109605
0.000938457
0.000189953
0.000504144
0.0011269
0.00239238
0.000972352
0.000486927
0.000318596
0.00104655
0.00142705
0.00207839
0.00117981
0.00200876
0.0016604
0.00113052
0.00130004
0.0013564
0.000877284
0.000684681
0.00119588
0.000148823
0.000420041
0.000987384
0.00127507
0.0010087
0.00437772
0.0018745
0.000502669
0.00183956
0.000396681
0.000600397
0.00014705
0.00154151
0.000484803
0.00128521
0.00197323
0.00115001
0.00100996
0.000957235
0.00274174
0.00186682
0.00104222
0.00104845
0.000839059
0.00168636
0.00115659
0.00134946
0.00139749
0.00131281
0.00159753
0.00104652
0.00127625
0.000939843
0.000638374
0.00228702
0.00248478
0.00131472
0.00071293
0.000624174
0.00122716
0.000885385
0.00129482
0.000143685
0.0012314
0.00317365
0.00144678
0.00211122
0.000141952
0.0012848
0.00108741
0.000143255
0.00153791
0.000734017
0.000604345
0.00129699
0.00140457
0.000923288
0.000566474
0.000953764
0.00104843
0.000144254
0.000694762
0.000276273
0.000512861
0.000614929
0.00125084
0.00187259
0.00111152
0.00182487
0.00170709
0.000729963
0.00104906
0.000827516
0.00124851
0.00115452
0.000191782
0.00249824
0.000173715
0.000912184
0.000251635
0.00168522
0.00119013
0.00188083
0.00104037
0.00179279
0.000866561
0.000143459
0.000641619
0.0020248
0.000140598
0.000796642
0.00150114
0.000691258
0.00131532
0.00258576
0.00121451
0.000202833
0.000894774
0.000761388
0.000287774
0.000832161
0.0014874
0.0021714
0.00138419
0.00280375
0.0002473
0.000611715
0.00105699
0.00136021
0.00126662
0.00307984
0.000703884
0.000770922
0.000690417
0.000145329
0.00248316
0.000385741
0.00101981
0.00149658
0.00040673
0.0011654
0.000653775
0.00126568
0.000198466
0.001998
0.00196068
0.000140559
0.00221555
0.000893205
0.00014539
0.00171115
0.000827898
0.00073947
0.000714996
0.00173604
0.0012823
0.000620629
0.000143991
0.00100388
0.00108709
0.00157663
0.00297517
0.000453995
0.00121363
0.00125179
0.000807123
0.000946932
0.00172001
0.00141094
0.000161508
0.000174848
0.000155243
0.00121732
0.00112703
0.00157041
0.000142545
0.000263895
0.00150094
0.00159481
0.000692522
0.00109619
0.000848113
0.000821528
0.000808202
0.00112007
0.00109539
0.000844747
0.00153079
0.000809031
0.000286974
0.000379125
0.00143856
0.0021216
0.00122212
0.000793881
0.000149063
0.00102277
0.00226125
0.000597915
0.000868815
0.00131959
0.000852505
0.000471031
0.000196938
0.000660884
0.000979719
0.000483461
0.00146988
0.00181839
0.000687096
0.000867727
0.00152387
0.000569718
0.00149029
0.00221297
0.00268325
0.00127552
0.00150322
0.00128501
0.00211926
0.000959267
0.00184474
0.000511409
0.0019557
0.00119859
0.00198082
0.000856984
0.00649361
0.0017459
0.00131751
0.00135745
0.00210497
0.0005883
0.00188541
0.00056466
0.00106769
0.0011388
0.000145633
0.000241571
0.00102387
0.001504
0.00073998
0.000952166
0.00119375
0.00144859
0.00036671
0.000812693
0.00081328
0.000474392
0.00180849
0.00205882
0.00107861
0.00154635
0.000447595
0.000835502
0.00110719
0.000445542
0.000531055
0.000144629
0.000143592
0.00144448
0.00200792
0.00167526
0.00167847
0.00127644
0.000912261
0.000824979
0.00224924
0.00306881
0.00092548
0.000217324
0.0002894
0.000412948
0.00141004
0.000408456
0.00118586
0.000759029
0.000142358
0.00257581
0.000891605
0.00107834
0.0028549
0.00084153
0.00158632
0.00173234
0.000760691
0.000666445
0.00124028
0.00124422
0.00139341
0.00197317
0.000912632
0.000770582
0.00094475
0.00113655
0.000707143
0.00057758
0.00128286
0.000373035
0.0018023
0.00105086
0.000451988
0.00214061
0.000153699
0.00151885
0.00039052
0.00154673
0.00101229
0.000689941
0.00149804
0.000610576
0.000140713
0.00142306
0.000895004
0.000997886
0.00101803
0.00165626
0.0015304
0.000678978
0.00148558
0.000487446
0.000168624
0.000719737
0.000494913
0.000842269
0.00143562
0.000715552
0.00339767
0.000238447
0.000485982
0.0013228
0.00198741
0.00154432
0.00173839
0.000232332
0.00170276
0.0015204
0.000873672
0.000154992
0.000905101
0.0010105
0.000352395
0.00212469
0.00123085
0.00133442
0.00102316
0.0010632
0.00307559
0.00165024
0.00184893
0.000990628
0.00114362
0.00118587
0.000936214
0.000747891
0.00190381
0.00129605
0.00123811
0.000169175
0.00171754
0.00117695
0.00145209
0.00018995
0.00121605
0.000705877
0.00075959
0.000635625
0.00117828
0.000815234
0.00146129
0.00117482
0.00168114
0.000390713
0.00223439
0.00115943
0.00122163
0.00105483
0.0012386
0.00147534
0.00154116
0.00130027
0.00103536
0.00103416
0.00147099
0.000403876
0.000474081
0.000918961
0.000456284
0.00113766
0.00134455
0.00139178
0.00117261
0.00138985
0.00197497
0.000851153
0.000486578
0.000879519
0.00116624
0.000841615
0.00210216
0.00271131
0.00126577
0.00119104
0.0016941
0.00107088
0.000900349
0.00118033
0.000603526
0.00074025
0.00133724
0.00076886
0.000930893
0.00100802
0.000869238
0.000497932
0.00161863
0.000144893
0.000580178
0.000153496
0.00117157
0.000579076
0.00243245
0.000921695
0.000440362
0.00122681
0.000297814
0.000528721
0.00102278
0.000731217
0.000570215
0.000140722
0.000399235
0.00149027
0.000541612
0.000140758
0.00122146
0.00100307
0.00209094
0.000146258
0.00102495
0.00119664
0.0011474
0.000640006
0.0017106
0.000507565
0.00154724
0.000412084
0.00145301
0.0016588
0.00109054
0.00120209
0.00106836
0.000251676
0.000702817
0.000586465
0.000949518
0.0023466
0.000559857
0.000975453
0.000996946
0.00114463
0.000297996
0.00151827
0.00245735
0.00135806
0.000166664
0.00128496
0.00175962
0.0010325
0.0011488
0.00137659
0.00093904
0.0025892
0.00070274
0.000405791
0.000848776
0.000585697
0.00174095
0.000918817
0.0017456
0.00112415
0.000163285
0.00114203
0.000713045
0.000527995
0.00135188
0.000902042
0.000971303
0.000943088
0.00101631
0.00143165
0.000420025
0.00016828
0.00103366
0.000999646
0.00133835
0.00198917
0.00143256
0.00235307
0.00148517
0.000771592
0.00101372
0.00135803
0.00182997
0.00102875
0.0017226
0.000201164
0.000146069
0.00236616
0.000464639
0.00150816
0.000929063
0.000763476
0.000478772
0.000551469
0.00155761
0.00220457
0.000140807
0.00106146
0.000745731
0.00139931
0.00121529
0.00192816
0.00099756
0.00143935
0.00067904
0.000215671
0.00137634
0.000144322
0.001934
0.00192347
0.000880517
0.000401367
0.000520749
0.000784186
0.000894658
0.000970023
0.000794233
0.000162019
0.00108673
0.00151494
0.00106482
0.000290165
0.0019573
0.00014059
0.00159201
0.000246931
0.00111665
0.00114091
0.00122851
0.00102087
