0.00201673
0.00184523
0.00326026
0.0061543
0.00476594
0.00117674
0.00270329
0.0019582
0.0140185
0.000795391
0.00146029
0.00338853
0.00500141
0.000520181
0.00855411
0.00274649
0.00472974
0.00288813
0.00271822
0.00677612
0.00272535
0.000761054
0.00130302
0.00183402
0.00131299
0.00229033
0.00139023
0.000575202
0.000942387
0.00352033
0.0279985
0.00316363
0.00383328
0.00425764
0.00224565
0.00431348
0.00322846
0.00102314
0.00153392
0.00202571
0.00380473
0.00401476
0.00410454
0.00105234
0.00315032
0.00465641
0.00243625
0.000785994
0.0138191
0.00221685
0.004779
0.00324449
0.000921864
0.00342033
0.00165558
0.00129237
0.00241977
0.00127131
0.00138914
0.00110574
0.00113719
0.00125906
0.00453334
0.00295938
0.00576452
0.00219618
0.00289282
0.00282231
0.00619057
0.00687539
0.00235516
0.000767857
0.00186351
0.00508003
0.00377327
0.00566887
0.00143762
0.00444982
0.00148491
0.00783745
0.00356979
0.0089043
0.000955532
0.00989551
0.00124731
0.00228133
0.00337654
0.00197004
0.00692729
0.00304004
0.016008
0.00149044
0.00668222
0.00398638
0.001476
0.0398156
0.00344662
0.00652905
0.0037526
0.00161132
0.000731346
0.00351313
0.00255799
0.00318323
0.00078172
0.000780798
0.000854694
0.00386523
0.00518317
0.00172389
0.0126885
0.00786971
0.00155839
0.00303845
0.0022798
0.00945662
0.000871834
0.00543992
0.00213151
0.00346073
0.0102997
0.00929274
0.00296865
0.00521542
0.0179702
0.00380031
0.00469399
0.00216162
0.00849982
0.0041983
0.00115889
0.00245949
0.00119315
0.00364622
0.00443441
0.00276372
0.00101574
0.00248676
0.00110242
0.0015022
0.00182518
0.00326172
0.00865345
0.00260866
0.00292078
0.00404971
0.00159686
0.0116645
0.00869177
0.00044704
0.00209501
0.0135804
0.00267924
0.00243035
0.00461767
0.000804622
0.0059732
0.00224333
0.0051891
0.00378612
0.000290909
0.00154759
0.008049
0.0057361
0.00454476
0.00315031
0.00197346
0.000938536
0.020146
0.00869924
0.000295961
0.0022036
0.00279749
0.00104384
0.00706614
0.00164008
0.00200758
0.00043546
0.00309207
0.00393718
0.00220477
0.000243554
0.00325723
0.00392609
0.00222514
0.00987409
0.00512261
0.00145051
0.000754391
0.00118737
0.00169535
0.0160686
0.00536618
0.00182817
0.00317349
0.000383924
0.00475851
0.0281478
0.00188219
0.00122029
0.00563072
0.000529709
0.00291173
0.0037358
0.00345643
0.00342952
0.00254012
0.00112866
0.00607271
0.00246137
0.00300723
0.00256282
0.00140798
0.00186359
0.00633868
0.00997969
0.00457879
0.011265
0.00494085
0.00369593
0.00321159
0.010257
0.00660695
0.000330061
0.0046056
0.0077554
0.00290918
0.00332415
0.00347461
0.00648806
0.000866572
0.00567692
0.000745314
0.00446767
0.0021142
0.000537337
0.00289857
0.00408264
0.00151789
0.0303997
0.0051873
0.0033318
0.00266061
0.00328757
0.000842827
0.00871031
0.0031157
0.0059704
0.00319969
0.00392201
0.0087433
0.00242458
0.00833801
0.00506524
0.00323026
0.00222161
0.00367475
0.0007369
0.000641644
0.00132185
0.00107495
0.00590842
0.000597832
0.00114998
0.0013717
0.00223584
0.000631588
0.00458379
0.00150116
0.00176261
0.00659179
0.00566147
0.00206085
0.00163833
0.000849426
0.001982
0.00143076
0.00266712
0.00800366
0.00281956
0.00472441
0.0045072
0.0142147
0.000785083
0.00512082
0.00116021
0.000506524
0.00433913
0.00454583
0.0042118
0.00189041
0.00627082
0.00357612
0.00179288
0.00854487
0.00195152
0.00056294
0.00308844
0.00267391
0.00125769
0.000761275
0.0102414
0.00158945
0.0038213
0.00532723
0.00275998
0.0010859
0.00265468
0.00643135
0.00183252
0.00239504
0.0158959
0.00222292
0.00150212
0.00148927
0.00308894
0.00311107
0.00217782
0.00182845
0.00200942
0.00569115
0.00254351
0.0259242
0.0033864
0.00687516
0.00488679
0.00355597
0.00129019
0.00254008
0.00044311
0.000940339
0.00596474
0.00604507
0.00429094
0.00259493
0.00560876
0.00520104
0.00107426
0.00344383
0.0104541
0.00360916
0.00126884
0.00244099
0.000892935
0.0025615
0.0058901
0.000922402
0.00920056
0.00965891
0.00271365
0.00556978
0.0025502
0.00413562
0.00182826
0.00547627
0.00683573
0.00307757
0.00204977
0.00373039
0.000728816
0.0036062
0.00250296
0.00491021
0.0134995
0.00495746
0.00490732
0.0175114
0.00616159
0.00520977
0.00722929
0.0193242
0.00405543
0.00102385
0.00750348
0.0030872
0.0101151
0.00434371
0.00429757
0.00320651
0.00358682
0.0107987
0.000963724
0.00399169
0.0102168
0.0035085
0.00159215
0.00323755
0.00103294
0.00344945
0.00209828
0.00482118
0.00556261
0.00245568
0.0047519
0.00886916
0.00360216
0.00788751
0.00611931
0.00767346
0.0017758
0.00317425
0.00185822
0.00302345
0.00124057
0.00306219
0.000706104
0.000806964
0.00146466
0.00151319
0.00365089
0.00417214
0.010511
0.000418166
0.0123091
0.011135
0.00319689
0.00771436
0.00189942
0.00202614
0.0034356
0.00149357
0.00368743
0.00420192
0.00234083
0.00651489
0.00208702
0.0170366
0.0221242
0.00111842
0.00282603
0.00159247
0.00413671
0.00591209
0.00388285
0.00173064
0.0056171
0.000636803
0.0171188
0.0030474
0.00225631
0.0014694
0.0042073
0.00048195
0.0120976
0.000866039
0.00107885
0.00316532
0.00214465
0.00323812
0.00180149
0.00497206
0.0149782
0.0118123
0.00136843
0.0014182
0.00103203
0.00763998
0.00705829
0.00248614
0.00740524
0.00246206
0.000648314
0.00209989
0.00192781
0.00250638
0.000608485
0.0170032
0.00102635
0.00149151
0.0087816
0.00142388
0.00271225
0.00144553
0.00438584
0.00116136
0.0015508
0.0140662
0.00138378
0.00413594
0.00788518
0.000318158
0.00337126
0.00156404
0.00304532
0.00287228
0.000276674
0.00440456
0.00182147
0.00239045
0.00150412
0.00468451
0.0021554
0.00317005
0.00137595
0.00619742
0.00335178
0.00263109
0.00242927
0.003954
0.0141825
0.00115298
0.00400586
0.00279985
0.00109235
0.00234412
0.016546
0.00418159
0.00354086
0.00306224
0.00192271
0.00158231
0.00435909
0.0015643
0.00424811
0.00126306
0.00186371
0.00483932
0.0120677
0.00123691
0.00962256
0.00182525
0.00199154
0.00348789
0.00191412
0.000754122
0.00219196
0.00585679
0.00849462
0.00201182
0.00122955
0.00291911
0.00655703
0.000616724
0.00237946
0.00247762
0.000827276
0.00235563
0.00958549
0.00238267
0.00335029
0.00359586
0.00505496
0.00110975
0.00515552
0.000945085
0.00276119
0.00726774
0.00154941
0.00909956
0.00467592
0.00425187
0.00203077
0.00361022
0.00373888
0.00116373
0.00503377
0.0038473
0.00211229
0.00172433
0.010837
0.00179905
0.00387046
0.00188161
0.000899933
0.00409946
0.0099517
0.00608433
0.00140349
0.00161033
0.00311906
0.00178127
0.000402371
0.000750402
0.00336879
0.001442
0.0057571
0.00396295
0.00246374
0.00838952
0.00107884
0.00840237
0.0147179
0.00393376
0.000439792
0.00124535
0.0114554
0.00376964
0.00354376
0.0118009
0.000940322
0.00261463
0.00237372
0.00202056
0.00195678
0.000868253
0.0131573
0.00171837
0.00148984
0.00818046
0.000653316
0.0132178
0.00228412
0.000722298
0.00216366
0.0182877
0.00354551
0.010739
0.00461943
0.00889047
0.00113303
0.001304
0.00510777
0.00211863
0.0013754
0.0106402
0.00107598
0.00336043
0.00427573
0.00276093
0.00139788
0.00633677
0.00400858
0.00128468
0.00408638
0.00372208
0.00109002
0.0058941
0.0028588
0.00103764
0.00124193
0.000381107
0.00263174
0.00927379
0.00173232
0.000858675
0.00454882
0.00199761
0.00455942
0.00956164
0.00302266
0.00347524
0.00317602
0.00157786
0.0104083
0.00478722
0.000141694
0.00146508
0.00289314
0.00342565
0.00158741
0.000915985
0.00378643
0.000218259
0.00164204
0.00581474
0.0123709
0.00240105
0.00168026
0.0017293
0.0023178
0.00812727
0.00188352
0.00226081
0.00330325
0.00133085
0.00103626
0.00543042
0.00276441
0.000993605
0.000861285
0.0157887
0.00177689
0.00366465
0.00146191
0.00270564
0.00071826
0.0068786
0.004623
0.00260347
0.00441316
0.00565999
0.00123123
0.00338169
0.00158824
0.0109466
0.00230878
0.00237328
0.0078978
0.00228141
0.00200525
0.00706579
0.00116623
0.00164097
0.00277794
0.00330917
0.00258143
0.00181268
0.00203817
0.00548148
0.00632179
0.000912859
0.00185415
0.00527865
0.00366351
0.000883886
0.00205868
0.00280917
0.00369387
0.00154396
0.0055657
0.00991055
0.00211522
0.000879695
0.000878881
0.0162375
0.000592179
0.0042232
0.00507779
0.0032222
0.00404951
0.000532635
0.00160568
0.00253775
0.0070241
0.000781651
0.00080857
0.00289033
0.00159498
0.00146747
0.000468134
0.00256869
0.00572604
0.00985004
0.0149402
0.00893013
0.00189425
0.0010929
0.000625052
0.00252862
0.00496029
0.00267017
0.00459972
0.00755193
0.00100925
0.0126062
0.00339158
0.00328619
0.00193382
0.00672918
0.00790688
0.0013251
0.000887662
0.00158196
0.000675161
0.00135092
0.00193869
0.00907879
0.00370677
0.00468813
0.00132068
0.00148381
0.0125544
0.000822973
0.00118882
0.0018049
0.00595074
0.0020541
0.00673938
0.00389066
0.0017539
0.00308081
0.00270994
0.00191693
0.00877778
0.00325245
0.00776521
0.00116773
0.00481451
0.00186597
0.00611341
0.00266941
0.00562293
0.00144715
0.00139893
0.00829273
0.00403519
0.00890441
0.00169027
0.0138002
0.00179236
0.00290611
0.00274962
0.00166896
0.00121386
0.00320918
0.00476174
0.00848918
0.00690073
0.00243585
0.00731069
0.00413263
0.00568965
0.000918558
0.00243487
0.00120582
0.00101243
0.00206209
0.00722556
0.00166605
0.00104857
0.00108408
0.009079
0.00472381
0.00301219
0.00714263
0.00845718
0.000484073
0.0288202
0.00243139
0.00211104
0.00210862
0.00656965
0.00666015
0.00138116
0.00284163
0.00323233
0.00503102
0.00167356
0.00298564
0.00259523
0.0103343
0.000752256
0.00249219
0.00518674
0.00197683
0.0021449
0.00119618
0.00362171
0.00205725
0.00116819
0.00444181
0.00448973
0.000187871
0.000343513
0.00276866
0.00944324
0.00281961
0.00208105
0.00376388
0.00236291
0.00404594
0.00577072
0.00482472
0.00221005
0.00168281
0.00845015
0.0102322
0.00276381
0.00337382
0.0286436
0.000700821
0.00113458
0.00671766
0.00294258
0.00454384
0.00456296
0.00116835
0.000513536
0.00666007
0.011007
0.000771537
0.00343191
0.00119657
0.00510931
0.00590986
0.000966476
0.00683454
0.00478962
0.00390899
0.00457464
0.0024422
0.00569172
0.00245127
0.0298747
0.003112
0.00736943
0.00556471
0.00785802
0.00294956
0.00960353
0.00152808
0.00105892
0.000887866
0.00219481
0.00126814
0.00266784
0.00179614
0.00307981
0.000254221
0.000642848
0.000903201
0.000663365
0.00676848
0.0013394
0.00190197
0.00320092
0.000962579
0.00277507
0.00297124
0.00266253
0.00405105
0.00286368
0.00403447
0.00525543
0.00168343
0.00288622
0.00222486
0.00459154
0.00110273
0.00198116
0.00179304
0.00249453
0.00155744
0.00294009
0.00503329
0.00856997
0.00357336
0.00798846
0.0116856
0.00560666
0.00154921
0.00349389
0.00284766
0.00366676
0.00458724
0.000457573
0.00332124
0.00350721
0.000909037
0.00182954
0.00325437
0.00771758
0.00393923
0.00250171
0.00167191
0.00200094
0.00550936
0.00434134
0.00319481
0.00139028
0.0013695
0.00297728
0.00663183
0.00176918
0.00204522
0.0020178
0.00291715
0.00156883
0.00777298
0.00907783
0.00177803
0.0082452
0.00180427
0.000751524
0.000438105
0.00060149
0.00362056
0.0100842
0.00244365
0.00178917
0.0058526
0.00099582
0.00229101
0.000910914
0.00201925
0.00350832
0.00403318
0.0100103
0.00918612
0.00122147
0.00142311
0.00978313
0.00570427
0.00389334
0.00353162
0.00875062
0.00182003
0.010257
0.00302518
0.00243759
0.00237361
0.00156578
0.00167266
0.00711431
0.00234021
0.0018985
0.00911393
0.00901278
0.00443072
0.00088484
0.00485087
0.00136534
0.000840482
0.00272894
0.00393027
0.00447547
0.000318866
0.0123379
0.00967596
0.00367271
0.00719359
0.00256865
0.0015408
0.0011509
0.00170164
0.0020696
0.00372453
0.00371952
0.00419475
0.00246282
0.00304733
0.00238007
0.00513805
0.00164297
0.00528008
0.011467
0.00116938
0.000720114
0.00476115
0.000458831
0.00129161
0.000615486
0.00490966
0.00262764
0.00318358
0.00650853
0.00215217
0.00187111
0.00148902
0.00778623
0.00652933
0.00026645
0.00185961
0.00868243
0.00103462
0.00785916
0.00212746
0.00498888
0.008238
0.00267046
0.00374506
0.00311897
0.00277275
0.00169757
0.00310425
0.00453715
0.000813878
0.00203539
0.00296441
0.00200685
0.000652806
0.00774764
0.00365286
0.00298688
0.00185906
0.0103875
0.00359417
0.00332024
0.00704626
0.00340507
0.00457018
0.000351838
0.0042447
0.00254614
0.00323361
0.00643722
0.0120809
0.0017997
0.00326384
0.00370776
0.00377615
0.00762279
0.00467892
0.00200312
0.000500737
0.00253561
0.0126522
0.00280029
0.00236585
0.00405073
0.00505022
0.00449693
0.00172238
0.00310591
0.011151
0.00237039
0.000821911
0.00435574
0.00109156
0.00737212
0.00280484
0.00396691
0.00313735
0.00141715
0.00307202
0.00295135
0.00140944
0.00238032
0.00426474
0.0132916
0.00278883
0.00387953
0.000926713
0.00367806
0.00534409
0.00711371
0.00298259
0.00269974
0.00101517
0.00170253
0.0172401
0.0119725
0.000692482
0.000458823
0.000642711
0.00158649
0.00521606
0.00470985
0.00402684
0.00315861
0.00774336
0.00690852
0.00268514
0.00654895
0.00385119
0.003986
0.00760069
0.00454242
0.00611645
0.00510871
0.00139006
0.00230651
0.00927754
0.0167687
0.00134371
0.00242037
0.00654264
0.00260445
0.000675074
0.000834916
0.00283074
0.00800006
0.00189341
0.00199292
0.00308476
0.0058863
0.000728099
0.00241538
0.00171235
0.00202948
0.000566118
0.00166379
0.00221065
0.00270487
0.00354326
0.00360822
0.0105434
0.0064641
0.00241496
0.00462584
0.00330718
0.00673766
0.00014334
0.0166458
0.00270019
0.000551927
0.00593978
0.00169292
0.00110438
0.00343722
0.00110957
0.00482601
0.00457417
0.0196593
0.00521456
0.000697293
0.00227815
0.00121951
0.00171548
0.00888211
0.00214574
0.00330702
0.00180601
0.000718463
0.00212126
0.00107018
0.00205983
0.000983713
0.00558681
0.00267982
0.0197232
0.00126657
0.00639987
0.00249755
0.0174697
0.00342304
0.00248011
0.0028017
0.0413701
0.00615931
0.00227639
0.00347801
0.000388954
0.00294816
0.00177624
0.00421721
0.00245809
0.00203695
0.00217669
0.00096648
0.000693588
0.00265411
0.000673583
0.00132966
0.00225535
0.00222439
0.00655164
0.0071391
0.00161717
0.00399948
0.00791581
0.00737123
0.00377909
0.00267405
0.00218343
0.00524385
0.00238248
0.00259849
0.00218314
0.00273996
0.00213248
0.00218101
0.00545991
0.00126232
0.00341035
0.00432796
0.00231272
0.00284299
0.00175406
0.0154535
0.00147832
0.0013197
0.00818352
0.0162323
0.00617863
0.00174382
0.00435393
0.00363167
0.013381
0.000840337
0.000724721
0.00324418
0.00257694
0.00250756
0.00255194
0.00364427
0.00182868
0.0022429
0.00121854
0.00274072
0.00819422
0.00100937
0.00788862
0.00319157
0.0065694
0.0027002
0.00306864
0.00302242
0.0129469
0.0162505
0.00734719
0.00263897
0.00367234
0.00397479
0.000853596
0.00155891
0.00327798
0.00392938
0.0099983
0.00818524
0.00437268
0.00234913
0.00232908
0.00106237
0.00849584
0.00167521
0.00390772
0.00826611
0.00272461
0.00181156
0.0028055
0.00212399
0.00345001
0.00552121
0.00119947
0.0049117
0.00395764
0.00428154
0.00378786
0.00675997
0.0169621
0.00392323
0.000694768
0.00217916
0.00214052
0.00109905
0.00133861
0.00137785
0.00221967
0.00153159
0.00330918
0.0013135
0.00136506
0.00144993
0.00190242
0.000384851
0.00262817
0.00265608
0.00241506
0.00273752
0.001771
0.00202512
0.00436169
0.000739617
0.00189128
0.00536124
0.00773182
0.00293429
0.0062036
0.0113229
0.000326155
0.00436889
0.00173467
0.00165675
0.000943239
0.0109012
0.00316638
0.00635944
0.00424976
0.00119674
0.00161658
0.0019661
0.0018596
0.00163864
0.00215641
0.00493322
0.00235547
0.000933729
0.000630364
0.00148271
0.00239069
0.000601162
0.00303571
0.0043423
0.000963388
0.00395818
0.0067757
0.000662268
0.00764748
0.00419243
0.00319304
0.00108724
0.00334794
0.00279426
0.0106402
0.00466779
0.00128611
0.00509133
0.00317708
0.0100241
0.00245369
0.00354467
0.00173732
0.00345528
0.00156544
0.0108674
0.00448227
0.00134806
0.0045594
0.00127544
0.00276881
0.00285143
0.00208985
0.00482191
0.00415158
0.00438456
0.00475227
0.0111064
0.00194894
0.00267394
0.000239364
0.0115884
0.000622657
0.0219409
0.00126369
0.00342384
0.00554202
0.00492967
0.00893243
0.00352006
0.011121
0.00248252
0.00208357
0.0125747
0.00405783
0.00441532
0.00173669
0.00286372
0.00114882
0.00640262
0.00226988
0.00125301
0.00159506
0.00465341
0.0052295
0.0054787
0.00340403
0.00571561
0.00219208
0.00148322
0.00439677
0.000774655
0.0252657
0.0046676
0.00148421
0.00361735
0.00473921
0.00146471
0.000773752
0.0232482
0.00194342
0.00523095
0.00195249
0.000541697
0.00497545
0.00353009
0.00139573
0.00807209
0.00313483
0.00120965
0.00764761
0.00416583
0.00279132
0.00353954
0.000966469
0.00630854
0.000954086
0.00356694
0.0011868
0.00127788
0.00489308
0.00593154
0.00232326
0.00249156
0.00238107
0.00802812
0.000929141
0.00312782
0.00623078
0.00933174
0.000877092
0.00429901
0.00245926
0.00244756
0.00937091
0.00078139
0.00318767
0.00627123
0.00504734
0.00251629
0.00214215
0.0018412
0.00221373
0.00401314
0.000723713
0.00174034
0.00445991
0.00352778
0.00412602
0.0100288
0.00163942
0.00265023
0.00200123
0.00177052
0.00371915
0.00285845
0.00643167
0.00438679
0.000473081
0.00368
0.00243505
0.0015825
0.00138815
0.00379816
0.00158675
0.00270816
0.00859121
0.00327111
0.00194152
0.0046833
0.00922448
0.00320208
0.0111898
0.00909997
0.0015545
0.00143498
0.00554974
0.00250702
0.00695435
0.00162283
0.00644234
0.00346592
0.00618595
0.00174394
0.00397664
0.00199089
0.00240937
0.00143142
0.00223989
0.00170491
0.00234472
0.00321682
0.00293439
0.00242304
0.00106568
0.00401178
0.00093607
0.00365481
0.00510075
0.00308324
0.0160347
0.00163556
0.00540247
0.00406902
0.000994442
0.00150935
0.00655874
0.00263916
0.00153403
0.00392331
0.00169622
0.00165521
0.00575758
0.00563714
0.00474242
0.00238936
0.00295874
0.004127
0.0105301
0.000752861
0.00618122
0.00270877
0.00647445
0.00600484
0.00408946
0.00657392
0.00370693
0.00236818
0.00520345
0.00429778
0.00620502
0.00894495
0.000611374
0.00471402
0.0196599
0.00697483
0.0103372
0.00289607
0.00315919
0.00160446
0.00370221
0.00285217
0.0018347
0.00051157
0.0011235
0.00361096
0.00157941
0.00316345
0.00265617
0.00311321
0.00397987
0.00287989
0.00550852
0.00584197
0.00533907
0.00146926
0.00300966
0.00106006
0.00176805
0.00921162
0.0169885
0.0084208
0.00837513
0.00113738
0.000525299
0.0044834
0.00150656
0.00435737
0.000752135
0.00406034
0.00265265
0.000895117
0.00208214
0.0104063
0.00747658
0.00436215
0.00180579
0.0011695
0.00138695
0.00395821
0.0115598
0.00181857
0.00568945
0.00653736
0.00854156
0.000669675
0.00331952
0.00240902
0.00876379
0.000730345
0.00105838
0.00132993
0.00509222
0.00295537
0.00522736
0.00220283
0.00870893
0.00226625
0.0018778
0.00525312
0.00339992
0.00506255
0.00556237
0.00647477
0.00145066
0.00124562
0.00266434
0.00576013
0.00415748
0.00070765
0.0013394
0.00308355
0.00592892
0.00171735
0.00225203
0.00393836
0.0033058
0.00292279
0.00198946
0.000851651
0.00250861
0.00104703
0.00225251
0.00530063
0.000857783
0.00172033
0.00342732
0.00135949
0.00727733
0.00180923
0.00797336
0.00144049
0.000682146
0.0024186
0.00263971
0.00109568
0.00193977
0.0020991
0.00169857
0.00268018
0.0151594
0.0320889
0.00301875
0.00173417
0.00112194
0.00886033
0.00352977
0.0022623
0.00168822
0.00260401
0.00297981
0.0022969
0.00143947
0.00073186
0.00358717
0.00258688
0.00631604
0.00664886
0.00297218
0.00250077
0.00170556
0.0044043
0.0175507
0.00315318
0.000978875
0.00415
0.00472406
0.00107999
0.00265523
0.00214819
0.00107184
0.00322735
0.00844321
0.00839167
0.00434074
0.00103776
0.00368692
0.00411926
0.00324186
0.00115397
0.00426897
0.0231701
0.00211526
0.00483714
0.00150775
0.00143729
0.000949592
0.00433018
0.00145054
0.00613505
0.000327051
0.0022756
0.00602853
0.00337508
0.00322701
0.000358516
0.00385113
0.00670721
0.00387343
0.0185125
0.00471364
0.00458919
0.00146564
0.00397936
0.00381925
0.0034014
0.00150314
0.0038968
0.00407854
0.00229537
0.000781875
0.00159435
0.0147015
0.00506759
0.00777184
0.00489391
0.000467895
0.00996356
0.00250021
0.00543485
0.00134824
0.000998848
0.00143575
0.00361629
0.0136278
0.00938023
0.00422151
0.0138447
0.00124899
0.00290325
0.00728198
0.0037152
0.0030636
0.00101232
0.0111301
0.00303571
0.00203289
0.0115002
0.00497021
0.00220247
0.00101179
0.00309596
0.000973067
0.00126201
0.00608405
0.00195223
0.00689547
0.00818637
0.00224079
0.00267807
0.00275594
0.00369141
0.00122749
0.0147574
0.00402778
0.00203931
0.00104787
0.00514515
0.00498756
0.00164975
0.0265707
0.00197792
0.00842622
0.00369818
0.0185866
0.00444814
0.000863595
0.0023116
0.00434783
0.0036885
0.00510845
0.00415275
0.00354407
0.00913342
0.000505217
0.0032182
0.00568955
0.00204941
0.00430028
0.00349326
0.0127183
0.00322764
0.00194451
0.00243667
0.00435031
0.0028969
0.00152371
0.00178821
0.00414102
0.00222676
0.00164798
0.00397027
0.00165322
0.00609553
0.0055991
0.007756
0.00186061
0.00325541
0.000804022
0.00287519
0.000806383
0.0021411
0.00428206
0.00160528
0.00119786
0.00701323
0.00537359
0.00415627
0.00243826
0.0153745
0.00459563
0.00129926
0.00526631
0.00282059
0.00164112
0.00264204
0.00110728
0.0011549
0.00285493
0.0026256
0.00684616
0.0102603
0.00378808
0.00915074
0.00435701
0.00262774
0.0123406
0.000951918
0.000657931
0.0034279
0.00394046
0.00193365
0.00203846
0.00520481
0.0347187
0.00582628
0.00164772
0.019557
0.0043259
0.00431142
0.00669885
0.0017809
0.0021933
0.00358385
0.00130473
0.00357696
0.00315533
0.00434191
0.00123883
0.0534753
0.00284219
0.00237907
0.00245821
0.00149083
0.00320481
0.00333035
0.000826592
0.00521309
0.00138406
0.00316886
0.000764667
0.000694546
0.00256318
0.00471612
0.00184475
0.00455585
0.00206817
0.00134106
0.00189762
0.0014106
0.0107248
0.000783401
0.000437219
0.00112641
0.00261638
0.0140232
0.00381595
0.00915603
0.000904304
0.000976576
0.00248918
0.000832413
0.0049275
0.00213666
0.00204317
0.00224914
0.00164078
0.00341215
0.00153081
0.00111832
0.00759491
0.00265364
0.00543608
0.00312414
0.00387308
0.00326684
0.00227084
0.0132844
0.0031445
0.0024694
0.00225367
0.00296318
0.00210723
0.00347218
0.0014345
0.00197459
0.00412893
0.00384538
0.00136167
0.0032739
0.00230626
0.00256755
0.00149015
0.00519189
0.00304521
0.00256515
0.00934946
0.00633664
0.00267668
0.0110087
0.0241405
0.000844041
0.00106483
0.00213643
0.00868135
0.00186792
0.00558524
0.00248162
0.00357098
0.00124214
0.00328538
0.00113634
0.00157722
0.00276117
0.00403396
0.000932947
0.00398034
0.000212795
0.0109594
0.00389813
0.00235905
0.00342869
0.00388255
0.00123033
0.001223
0.0027135
0.000814911
0.0143346
0.0075291
0.00153441
0.000668812
0.00400392
0.000639378
0.00241106
0.0296784
0.000618402
0.00550757
0.00095775
0.00199938
0.0071946
0.000984433
0.000605306
0.0063034
0.00183361
0.0084085
0.00262176
0.00326006
0.00248912
0.0029505
0.000452167
0.00505801
0.00147872
0.00501759
0.00165235
0.00406737
0.00245779
0.00518934
0.00735116
0.0037517
0.000478267
0.00356659
0.000686618
0.00519301
0.00899638
0.00406715
0.00199959
0.00807982
0.00363226
0.00201103
0.00383964
0.00291544
0.0141133
0.00363847
0.00167688
0.0054835
0.00422066
0.00328706
0.00118703
0.00239786
0.0040133
0.00135277
0.0104335
0.00865256
0.00778591
0.00221836
0.00326001
0.00500549
0.00530621
0.00363147
0.00441846
0.00530079
0.00310967
0.00132223
0.00112969
0.00302216
0.00110859
0.00110944
0.00447628
0.00578616
0.00023441
0.00220619
0.0018073
0.00275176
0.00182216
0.00631282
0.00555169
0.00361823
0.015684
0.00252644
0.000943915
0.00415879
0.00346079
0.00930127
0.00192854
0.00076394
0.00704649
0.000728458
0.0122288
0.0030095
0.00676228
0.00574293
0.00292869
0.00736034
0.00250571
0.00132342
0.00215307
0.00360153
0.00136564
0.00462468
0.00384402
0.0158918
0.000693404
0.00853033
0.00174172
0.00696642
0.0067513
0.00127734
0.00705644
0.00217134
0.0071607
0.00103809
0.000952599
0.00129711
0.00106098
0.00259519
0.00056997
0.00785711
0.00420949
0.00255117
0.00376259
0.00307548
0.00351514
0.00271796
0.00552175
0.00678661
0.0124285
0.00253661
0.00351689
0.00175805
0.00117804
0.00328423
0.00862793
0.00971384
0.00634912
0.00494313
0.00187364
0.00593137
0.00218059
0.00186226
0.00723153
0.00210703
0.00726426
0.00273343
0.00347053
0.00802738
0.00337099
0.00237593
0.00412749
0.0104122
0.00442343
0.00909011
0.00148092
0.00360621
0.00200944
0.000936996
0.00548108
0.00845063
0.00185386
0.000392567
0.00393209
0.00331257
0.00185894
0.00120189
0.00507717
0.00533187
0.00227585
0.00457486
0.00141367
0.00301328
0.00613482
0.00345592
0.00795777
0.000264675
0.00577796
0.00317424
0.00382738
0.00620981
0.00400476
0.00318812
0.00234808
0.00137278
0.00897838
0.00556927
0.00136588
0.00256606
0.0160143
0.0101647
0.00336477
0.00274898
0.00211901
0.00319787
0.0102665
0.00121981
0.00530003
0.00118201
0.0054082
0.00723293
0.0109005
0.00826271
0.00260606
0.00943639
0.000667378
0.000526702
0.00200508
0.00310418
0.00453083
0.00261502
0.00781326
0.00201131
0.00172437
0.0266151
0.0263995
0.00250812
0.00120787
0.00257026
0.00151259
0.00204736
0.0034904
0.00332885
0.00214622
0.0026433
0.00285244
0.00298495
0.00501984
0.00334361
0.000723183
0.00257815
0.00508367
0.00129549
0.000408262
0.00556019
0.00421765
0.00676383
0.00150784
0.00260251
0.00185015
0.00302468
0.00745389
0.00736036
0.00167793
0.0033525
0.00292692
0.00582099
0.00257157
0.0039472
0.00712216
0.00765672
0.0011017
0.00315699
0.00349577
0.015032
0.00202338
0.00111068
0.00561143
0.00369036
0.00460078
0.00340085
0.00149176
0.00342674
0.00587754
0.0020955
0.0024468
0.00230413
0.00980398
0.00106797
0.0113752
0.0026443
0.00170524
0.000668854
0.000644076
0.00590073
0.00388145
0.00222941
0.00814279
0.00256695
0.00539542
0.00122835
0.00474092
0.00822504
0.0499243
0.000805488
0.00292863
0.00187163
0.00164677
0.0062223
0.00511263
0.00938342
0.00308566
0.00598529
0.00580371
0.00728974
0.00438193
0.00494722
0.00905699
0.00316344
0.00534563
0.00497953
0.00414873
0.00328229
0.000823801
0.0111985
0.00299554
0.00997176
0.00359485
0.00210712
0.00246166
0.000835215
0.00858533
0.00704766
0.00167192
0.00208988
0.00164388
0.00390426
0.00235399
0.00116002
0.0021423
0.00156554
0.00345763
0.00312676
0.00548847
0.00142058
0.00716838
0.0022473
0.00352246
0.00200015
0.00404204
0.00154692
0.00581489
0.00388188
0.00122505
0.00321031
0.00319865
0.00097497
0.00335437
0.00142774
0.00143077
0.00264462
0.00402733
0.00143273
0.00486243
0.00150222
0.00696796
0.0237513
0.00105884
0.00441629
0.000685858
0.00199979
0.00277906
0.00771434
0.00595921
0.000594432
0.00498159
0.00143242
0.00116126
0.00295624
0.00393757
0.000433805
0.00171573
0.00415254
0.00278904
0.000800763
0.000793249
0.00481567
0.00383092
0.00206305
0.00199617
0.00373264
0.00242676
0.00170611
0.00212063
0.000800985
0.00586686
0.00588856
0.00985832
0.00417026
0.00939277
0.00278889
0.00478847
0.000475583
0.00248505
0.00211006
0.00422978
0.00176703
0.00209154
0.00389317
0.00700488
0.00384045
0.000792736
0.00567777
0.0061206
0.00218336
0.00284448
0.00169242
0.000893667
0.00487564
0.00405685
0.00164671
0.000663041
0.00178711
0.0271717
0.00498508
0.00513138
0.00300969
0.00110178
0.00131637
0.00145685
0.00104377
0.00445896
0.00112045
0.00645997
0.00402362
0.0046241
0.00757718
0.00490405
0.000709347
0.0048278
0.00322749
0.00280888
0.0108502
0.00105819
0.00499846
0.0181189
0.00708886
0.00430534
0.00119655
0.00516974
0.000567025
0.0110212
0.00117156
0.00424344
0.00403979
0.00591437
0.00157684
0.00428605
0.00114528
0.0114958
0.00104482
0.00184682
0.00181279
0.000271217
0.00612236
0.00304205
0.00122621
0.00152343
0.00576047
0.00230708
0.00508512
0.00379307
0.00128201
0.00126876
0.00246035
0.00181178
0.00328976
0.00175582
0.00698001
0.00465162
0.000516849
0.00714143
0.000989137
0.0011049
0.000447908
0.00382515
0.000843401
0.00281395
0.00260602
0.00175653
0.00268281
0.00675789
0.000721126
0.00538881
0.00579251
0.00221192
0.00182526
0.0136254
0.00252599
0.00266263
0.00154359
0.000839407
0.00481922
0.00133085
0.00231388
0.00162982
0.00519527
0.0073422
0.000545976
0.00237863
0.0142635
0.0141225
0.0017182
0.00493191
0.00382959
0.00190801
0.00166162
0.00585209
0.00432052
0.00132351
0.00865795
0.00171684
0.00106785
0.00311576
0.00974193
0.00191694
0.00194494
0.00133719
0.00622603
0.0047011
0.00185966
0.00222215
0.00265301
0.00188084
0.00241788
0.00557572
0.00288467
0.0011903
0.00604833
0.0199668
0.00080389
0.00223617
0.0025462
0.00188295
0.00227695
0.00263187
0.0017738
0.000255139
0.00281272
0.00133335
0.0020056
0.0068414
0.00445842
0.00625154
0.00709402
0.0114459
0.0099571
0.0053292
0.00946009
0.00335066
0.00268873
0.00165321
0.0018286
0.00165208
0.0030936
0.012757
0.00655606
0.00657611
0.00196679
0.00205166
0.00243571
0.00347635
0.000648457
0.00156408
0.00222391
0.0118015
0.000585604
0.00226407
0.00511755
0.00316913
0.00278983
0.0228346
0.00644527
0.00151496
0.000579603
0.00604129
0.00359978
0.00358129
0.00193866
0.00101494
0.00988736
0.00100043
0.0245875
0.000871522
0.00443072
0.000779514
0.00227419
0.00124879
0.00311919
0.00895359
0.00395439
0.00527348
0.00617888
0.00265767
0.00713253
0.00647559
0.00512743
0.00270781
0.00044216
0.0165666
0.00254971
0.00616069
0.000193019
0.0108294
0.00212523
0.000831182
0.00465683
0.0141151
0.00111546
0.00170088
0.00856968
0.00277959
0.00368501
0.000435113
0.000908548
0.000588264
0.00294464
0.00260412
0.0178353
0.00519857
0.00100562
0.00139661
0.00429974
0.00840654
0.00571284
0.000678219
0.00328498
0.00409191
0.00121486
0.00248926
0.0113952
0.00129829
0.01687
0.0116882
0.00547631
0.001525
0.00107384
0.00397989
0.000467054
0.00807957
0.00567577
0.00174877
0.00359536
0.00101451
0.00820103
0.0111963
0.00241092
0.000902359
0.00219789
0.00823843
0.000898552
0.0077005
0.00376864
0.00449207
0.00192143
0.0055939
0.00337827
0.0115447
0.00759643
0.00190232
0.00207961
0.00112031
0.0026788
0.0061383
0.00056309
0.00424243
0.000703492
0.00361714
0.00150188
0.00215497
0.00252544
0.00190231
0.00174405
0.00122957
0.00144366
0.00139981
0.00505696
0.00884283
0.00501079
0.00324864
0.00177849
0.00140333
0.00576497
0.00699555
0.00591071
0.00184605
0.00163196
0.00467014
0.0119645
0.00475811
0.00206214
0.00297819
0.00324397
0.00538011
0.00283778
0.0113399
0.00796961
0.00174587
0.00751263
0.00427069
0.00297257
0.00194917
0.00855052
0.00208642
0.00872336
0.00142793
0.00318813
0.0096759
0.0113989
0.00398817
0.014643
0.0046086
0.000562421
0.00612867
0.00559348
0.00512459
0.00346063
0.00145083
0.00251258
0.00787743
0.0061674
0.000976871
0.0043324
0.00602253
0.00152255
0.00425757
0.00111844
0.00287867
0.00572832
0.00109869
0.00186488
0.00458057
0.00111069
0.00127415
0.000505847
0.00198382
0.000462052
0.00387291
0.00661023
0.00143022
0.00287242
0.00277238
0.0163974
0.0145422
0.00275413
0.00153824
0.00275315
0.00802986
0.00153073
0.00191804
0.00703415
0.000188334
0.00180218
0.00272564
0.00336388
0.00248682
0.00262479
0.00399829
0.0016824
0.00989076
0.00205631
0.0074585
0.00455483
0.0034933
0.00449526
0.00245006
0.00438141
0.00104744
0.000720053
0.00393638
0.00438225
0.00120622
0.00769931
0.00380483
0.0124591
0.00115748
0.0061989
0.00650398
0.00126481
0.00119408
0.00138194
0.0015022
0.0116436
0.00913441
0.00921129
0.00230314
0.000802359
0.0276148
0.00101801
0.000929886
0.00413269
0.0027449
0.00780284
0.00304582
0.00129756
0.0065413
0.00327484
0.00449196
0.00277525
0.000976544
0.00347609
0.00305012
0.00264309
0.00392277
0.00127223
0.00168961
0.00200399
0.00453657
0.00107986
0.00313164
0.00118857
0.00448675
0.00551854
0.00523645
0.00558128
0.000673343
0.00303532
0.00305317
0.000972162
0.00209734
0.00293981
0.00218036
0.0115488
0.00155652
0.00501943
0.000332368
0.00126278
0.0273695
0.00417415
0.00422845
0.003253
0.00187933
0.00235126
0.00277732
0.00487152
0.00213506
0.00929655
0.000310577
0.000927226
0.00481919
0.00308358
0.0112562
0.00206655
0.00201649
0.00341635
0.00188312
0.00503652
0.00396176
0.00326604
0.000897411
0.00420372
0.00331289
0.0404962
0.00395001
0.00230101
0.00121543
0.000672898
0.00207372
0.00441849
0.00126957
0.00171123
0.00239928
0.00498918
0.00120778
0.000181148
0.00216984
0.00242
0.00117023
0.000765408
0.00237033
0.0081977
0.0077027
0.00419179
0.00541395
0.00785786
0.0128659
0.00310964
0.00353458
0.00114852
0.002139
0.00435803
0.00546613
0.00122957
0.00261482
0.00607465
0.00445055
0.00426997
0.00449738
0.00221255
0.0049548
0.00247342
0.00352387
0.00186275
0.00284683
0.0023559
0.00274864
0.00127576
0.00366755
0.000554671
0.00211768
0.00842051
0.0108542
0.00241816
0.00196102
0.00137138
0.00387847
0.00174974
0.00249405
0.0111729
0.0056215
0.00218755
0.00443803
0.00203877
0.00328293
0.00186945
0.00434155
0.00765259
0.00493485
0.0024254
0.00149819
0.00577254
0.00338994
0.00330351
0.00300501
0.00455393
0.01485
0.0044841
0.00109473
0.00539874
0.00107368
0.00235608
0.00139186
0.0015107
0.0109756
0.000305676
0.010989
0.00121026
0.000320079
0.00335732
0.00232378
0.000673845
0.00786236
0.00176988
0.00308158
0.00763543
0.00128187
0.00186699
0.00239348
0.00312634
0.00953593
0.000345524
0.0022915
0.000842443
0.00498777
0.00412251
0.00091622
0.0031385
0.000744049
0.00364003
0.00278394
0.00169176
0.00094111
0.00131842
0.0043876
0.00882871
0.00180416
0.00464006
0.00327805
0.00179055
0.00277267
0.00226459
0.00243561
0.00411648
0.00183891
0.00793758
0.00234656
0.00307939
0.000625526
0.00353079
0.00157894
0.0046332
0.00417741
0.00214195
0.0224476
0.0021646
0.00173225
0.000704329
0.00432483
0.00223924
0.00635529
0.00573306
0.00100129
0.00268537
0.000222117
0.00317926
0.01125
0.0025373
0.00219547
0.00363163
0.00691395
0.00196501
0.00388707
0.0129778
0.000542541
0.00515159
0.00434472
0.00254923
0.00376353
0.00101013
0.00118248
0.00546671
0.00288359
0.0014827
0.0016303
0.00175009
0.00226069
0.0043659
0.0014852
0.00350557
0.00414195
0.00192823
0.00776361
0.00110932
0.0003558
0.00724411
0.00395989
0.00596
0.00146532
0.00221352
0.00194031
0.00278329
0.00389646
0.00146856
0.00491381
0.0103368
0.00208989
0.00646211
0.00107514
0.00531724
0.00331727
0.00376765
0.000701934
0.00426537
0.00108158
0.00646946
0.00333871
0.00336352
0.00156343
0.00373197
0.00210321
0.00328283
0.00188038
0.0130206
0.00217811
0.000501206
0.00589822
0.00260349
0.0122778
0.00146019
0.00151895
0.00226512
0.00527216
0.00900461
0.00130128
0.00817526
0.00136205
0.0036142
0.00122395
0.00339217
0.00320711
0.000784107
0.00588211
0.00249953
0.00229053
0.00161871
0.00306826
0.006299
0.0019037
0.000892048
0.0108635
0.00117969
0.00243311
0.00132933
0.0305225
0.00284696
0.00201694
0.00496627
0.00171215
0.00136668
0.00292647
0.00748745
0.000976553
0.0029828
0.00131792
0.0161738
0.001855
0.00563637
0.00717363
0.00371809
0.00382446
0.00227994
0.00731118
0.00161754
0.00649721
0.00902333
0.00133406
0.00277439
0.00118066
0.00122279
0.00107091
0.00321409
0.00316689
0.00139082
0.00253997
0.00110669
0.0023806
0.00074279
0.00266897
0.00164263
0.000615339
0.00294593
0.000185685
0.000748611
0.00159281
0.00171027
0.00220686
0.00280632
0.0451692
0.00633889
0.0020924
0.0051686
0.00188724
0.00184584
0.0157702
0.00141713
0.00186959
0.010072
0.00102813
0.00164326
0.00140788
0.00127595
0.0015991
0.00162231
0.00482576
0.00238748
0.00189509
0.00441862
0.00198039
0.00131499
0.00142447
0.0128917
0.00276013
0.00442357
0.015414
0.00218482
0.00190042
0.000653729
0.00427416
0.00290574
0.00345915
0.00182115
0.000942142
0.00183169
0.00334083
0.00729333
0.00700793
0.00309856
0.00332198
0.0222834
0.00179404
0.001771
0.000938664
0.0101106
0.00200755
0.00418035
0.00300415
0.00341854
0.0027913
0.00582003
0.00155404
0.00397545
0.000584285
0.00122461
0.0058011
0.00719039
0.00408595
0.00327978
0.00266993
0.00303734
0.00301317
0.00121066
0.000477413
0.00134187
0.00407439
0.00281508
0.00456693
0.0029305
0.00201872
0.00198121
0.00122076
0.00178215
0.00167263
0.00224164
0.013587
0.00252051
0.000986829
0.0038394
0.00205067
0.00741922
0.000501379
0.00692715
0.00293962
0.0037521
0.00409028
0.00573245
0.0017735
0.000739986
0.000651077
0.00395312
0.0049261
0.0018939
0.001994
0.00139847
0.00605078
0.000966838
0.0132402
0.000666431
0.00325149
0.00146059
0.000329663
0.00531344
0.00329688
0.000600643
0.00682783
0.0241493
0.00720258
0.0104414
0.00276098
0.00187387
0.00695186
0.00163411
0.0379681
0.00192535
0.00564373
0.00942693
0.00174918
0.0016068
0.0268065
0.00372044
0.00122187
0.00378985
0.0155414
0.000914544
0.000511087
0.00128379
0.000797234
0.00769522
0.0101129
0.00141759
0.00528052
0.0010624
0.00149168
0.000834414
0.00214224
0.00501461
0.00540259
0.00861275
0.00207471
0.00398395
0.00220866
0.030186
0.00231861
0.00324863
0.00452767
0.0010166
0.00238094
0.00133835
0.00256706
0.006492
0.0091868
0.00402663
0.00138599
0.00226083
0.00930754
0.00180227
0.00506107
0.00122385
0.00789577
0.00547118
0.000508713
0.00525204
0.00238923
0.00502421
0.000863621
0.00112519
0.00268585
0.00154554
0.00927115
0.0140885
0.00499919
0.0016209
0.000964081
0.000911646
0.00715979
0.0021222
0.0013226
0.0064042
0.00325149
0.000252665
0.0040752
0.00104769
0.0025761
0.00300433
0.00299678
0.00195253
0.0019328
0.00158876
0.00763274
0.000838544
0.00234169
0.00229157
0.000906777
0.000603102
0.00113096
0.0023924
0.00464794
0.0079057
0.0270303
0.00360258
0.00898691
0.00262277
0.00549492
0.00806024
0.00240468
0.0130231
0.00211631
0.00622592
0.00348855
0.0103287
0.00639125
0.0100514
0.0012004
0.0145062
0.00179938
0.00754621
0.00294752
0.00880456
0.00218257
0.0111226
0.00372631
0.00414417
0.00172427
0.000754734
0.00456096
0.00430971
0.00642426
0.00691961
0.0253646
0.00678336
0.00907621
0.00737903
0.00222384
0.00268758
0.00405997
0.00112896
0.00428974
0.00582894
0.00231492
0.00143679
0.00646035
0.00859261
0.00220639
0.00650745
0.0026168
0.00188011
0.00438781
0.000494074
0.00310479
0.00306946
0.00637488
0.00102882
0.00202064
0.00907278
0.00154423
0.00684527
0.00233497
0.000836313
0.00227353
0.000722963
0.00440836
0.00453714
0.000769468
0.00530981
0.00587672
0.00461347
0.00132659
0.00674625
0.00292914
0.00191725
0.00332577
0.00294854
0.00617886
0.000608702
0.00312096
0.000595292
0.000737175
0.00386664
0.00192172
0.00378921
0.00277702
0.005269
0.00267067
0.00518059
0.00791056
0.00932102
0.00230502
0.00185842
0.00721072
0.00583305
0.00321367
0.00189955
0.00360255
0.000438251
0.00124806
0.001126
0.00820674
0.00251454
0.00187275
0.000820089
0.00547753
0.00202848
0.00112504
0.00120029
0.0010777
0.00224854
0.000904025
0.00431544
0.00495671
0.00523966
0.0067887
0.00196284
0.00154884
0.00282963
0.00373146
0.00140438
0.00728692
0.00246434
0.00196166
0.00121111
0.00460282
0.0186998
0.00125379
0.00277865
0.0178818
0.00114052
0.00171596
