0.000490386
0.000913427
0.00831409
0.00360998
0.00618444
0.0022542
0.00458827
0.0186356
0.000985952
0.00361343
0.00199838
0.00117232
0.00330662
0.00375973
0.00258327
0.00221381
0.0020758
0.00223205
0.00141745
0.00196206
0.00954332
0.00161418
0.000900398
0.00230024
0.00356085
0.00199382
0.00113654
0.00181118
0.00352362
0.00545673
0.00113656
0.00174423
0.00629792
0.00469504
0.00396461
0.00142763
0.000853077
0.00266242
0.00175052
0.00144839
0.00420703
0.00443949
0.00105879
0.00519203
0.00173639
0.00307625
0.0012769
0.00223538
0.00308584
0.00209702
0.000406349
0.00351355
0.00213539
0.000971554
0.000764664
0.00186946
0.00312466
0.00171061
0.00182122
0.00208027
0.000889803
0.00648632
0.00224718
0.000785527
0.00230434
0.0044351
0.000485869
0.00621205
0.00277202
0.00698077
0.00170628
0.00246034
0.00252224
0.00157433
0.00165022
0.00724022
0.00167887
0.00245803
0.00529575
0.00173898
0.000965142
0.00237336
0.00232145
0.00107731
0.0141817
0.00116622
0.00162313
0.002029
0.00311333
0.000527456
0.00298009
0.00237393
0.000563984
0.00441686
0.0027572
0.00154173
0.00591106
0.00376613
0.00432964
0.00259754
0.000364695
0.000731038
0.00327762
0.00478488
0.00311954
0.00458422
0.00245029
0.00396211
0.00340098
0.00516996
0.000992177
0.00311617
0.000828292
0.00315406
0.00276899
0.00340108
0.00199454
0.00219009
0.000371075
0.00663953
0.0221144
0.00519536
0.00332718
0.00411467
0.00694469
0.00298442
0.00301828
0.00379306
0.00301741
0.00388843
0.00109823
0.00969677
0.00330407
0.00236725
0.00529269
0.0073635
0.000193513
0.00119529
0.000267987
0.0124532
0.00322506
0.00611226
0.00180589
0.00442837
0.0019903
0.00109088
0.00144768
0.00115487
0.00373719
0.00300138
0.000670422
0.00228482
0.00285744
0.00476189
0.00569276
0.00350008
0.00161134
0.00165477
0.00721146
0.00131365
0.00197103
0.00311122
0.00441969
0.00302249
0.00418827
0.00505451
0.00306899
0.00250897
0.00224234
0.00355287
0.00203846
0.00717239
0.00123495
0.00618121
0.00289798
0.00166708
0.00679115
0.00345744
0.00150566
0.00718967
0.000654699
0.00178667
0.00228531
0.00951116
0.00219677
0.00134636
0.00421327
0.0167841
0.00563763
0.00200548
0.00893748
0.000538504
0.0035926
0.00907369
0.00332076
0.0106958
0.00237996
0.00600181
0.00488914
0.00128163
0.013824
0.00338777
0.0035767
0.00206123
0.00290085
0.009831
0.00230825
0.00315479
0.00136279
0.00068247
0.00245614
0.00121216
0.00173071
0.00268829
0.00712389
0.00627157
0.00386387
0.00194298
0.00313071
0.00127873
0.00147252
0.00287466
0.00179486
0.00216679
0.00658263
0.00249133
0.00109972
0.0135022
0.00198036
0.0124703
0.00568297
0.00234174
0.0026315
0.00105443
0.00234234
0.012116
0.00140956
0.000909909
0.00166904
0.00152384
0.00260844
0.00130935
0.00203928
0.00214463
0.00266416
0.00184169
0.00174385
0.000560345
0.00156932
0.000848257
0.00299411
0.000630132
0.00347853
0.00117005
0.00255398
0.0021423
0.00214706
0.00293315
0.00237194
0.00357545
0.00646626
0.00817174
0.00164074
0.000742143
0.00335002
0.00277006
0.00313746
0.00797867
0.00070201
0.0025309
0.00204097
0.000484803
0.00591606
0.00160867
0.00364488
0.00734904
0.00303201
0.000828643
0.00254398
0.00228911
0.0030765
0.000973828
0.00317166
0.000227566
0.00386776
0.001525
0.00120682
0.00145107
0.00206797
0.00144885
0.00340363
0.000366889
0.0165302
0.00253316
0.000770923
0.00123516
0.00888764
0.00066913
0.00247609
0.0044735
0.00461632
0.00716264
0.00184497
0.000877409
0.00321591
0.0015108
0.0025318
0.00681372
0.00418405
0.00206267
0.0020462
0.00242254
0.00375589
0.00714565
0.00357149
0.00263832
0.00154524
0.00141922
0.00203786
0.00503953
0.00209718
0.00200104
0.00291323
0.00452471
0.000473587
0.000802618
0.00658307
0.00190865
0.00187394
0.00964733
0.011163
0.00373564
0.00536404
0.00336253
0.00248129
0.00103307
0.00731743
0.00185774
0.00407955
0.0036603
0.00373978
0.00100233
0.00613271
0.0042044
0.00147197
0.0116107
0.00276539
0.00309761
0.00545181
0.00883437
0.0107999
0.00136437
0.00360363
0.00234689
0.000363425
0.00422619
0.00231587
0.00130299
0.00132637
0.00489318
0.000269015
0.000780294
0.00652183
0.0010796
0.000907138
0.00755962
0.000921062
0.00244855
0.00242168
0.00670736
0.00428679
0.00176835
0.00125045
0.00260356
0.00120274
0.0041607
0.000623616
0.00224787
0.00378212
0.000344555
0.00387609
0.010541
0.00126907
0.0043393
0.00340944
0.00123926
0.000456744
0.00137632
0.00189298
0.00454136
0.00522508
0.00194838
0.000856376
0.00300604
0.00089729
0.00483578
0.00435335
0.00435046
0.0043614
0.00109507
0.00150669
0.00325898
0.00816716
0.00104793
0.00251492
0.00374358
0.000580729
0.0100223
0.00120995
0.00447432
0.00149526
0.000707247
0.0017478
0.00140787
0.0015785
0.000347378
0.00367887
0.00262173
0.00267787
0.00274037
0.00162439
0.0025136
0.00296704
0.00750393
0.00116321
0.000771018
0.00234886
0.00518451
0.00148163
0.000793629
0.00311492
0.00186793
0.00594426
0.000922996
0.00081547
0.00319785
0.00689465
0.000969223
0.00742788
0.00446407
0.00267275
0.00353893
0.0161168
0.00313826
0.00354191
0.0185708
0.00228621
0.00317878
0.00114138
0.00091877
0.00830544
0.00156618
0.00163487
0.00131994
0.00565797
0.0104539
0.00181364
0.00179919
0.00235425
0.00290895
0.000899982
0.00512935
0.00175279
0.00398082
0.00372469
0.00263496
0.00221475
0.000567815
0.00239766
0.00479745
0.000297287
0.0064456
0.00466776
0.000677971
0.00111324
0.00236539
0.00154115
0.00148874
0.00719486
0.00200034
0.00338563
0.0135924
0.001401
0.0025343
0.00282134
0.00139977
0.00259481
0.00291394
0.00242232
0.000914939
0.00363961
0.00239217
0.00383334
0.00134636
0.00119287
0.00457697
0.00382776
0.00194372
0.00325289
0.00702404
0.00412153
0.00575704
0.0010977
0.00145503
0.00354269
0.0029158
0.00683865
0.00277468
0.00340021
0.00780644
0.00292146
0.00314404
0.00320038
0.00237942
0.0026023
0.0134206
0.00339972
0.00689729
0.00124873
0.000828597
0.0034232
0.00978047
0.00291757
0.00154643
0.00583583
0.00583667
0.00532123
0.00112027
0.00159278
0.00133547
0.000674165
0.00314543
0.00198466
0.00118519
0.00188349
0.00544157
0.00568393
0.0031771
0.00560054
0.0166811
0.00479725
0.00738744
0.00256872
0.0019551
0.0009104
0.00152142
0.00655063
0.0012078
0.000821649
0.000843528
0.00186757
0.00315436
0.00643105
0.00607205
0.000861994
0.00320058
0.00088511
0.00403715
0.00262402
0.000803138
0.0059398
0.00143392
0.0027345
0.00228264
0.00412984
0.00316361
0.000542788
0.0114402
0.000724833
0.00117228
0.00337399
0.00186893
0.00100971
0.00331
0.00347844
0.0110527
0.00547167
0.00289156
0.00112389
0.0033542
0.000696777
0.00366392
0.00346683
0.00342007
0.00561232
0.00117025
0.00155707
0.0072124
0.00429943
0.00479131
0.00229488
0.0275068
0.0027247
0.00164285
0.00107354
0.00972174
0.00273922
0.00309543
0.000579033
0.00368876
0.0150267
0.00255023
0.0032072
0.000630148
0.00311172
0.00154304
0.00260271
0.0027445
0.00355076
0.00285031
0.00359769
0.00199852
0.00376892
0.000486654
0.00304084
0.00353569
0.00096187
0.00163387
0.00291585
0.00129012
0.00117252
0.00192646
0.00193882
0.0015364
0.00244578
0.000342884
0.00218806
0.00188289
0.0103563
0.000487905
0.00377574
0.00221773
0.000873232
0.00160181
0.00412524
0.00154851
0.00334895
0.00657101
0.00203848
0.00107101
0.000840338
0.00508235
0.00119275
0.00311816
0.00661836
0.000684771
0.00369335
0.00115696
0.00202891
0.00256914
0.000795438
0.00248014
0.00418277
0.000323111
0.00732442
0.00198057
0.00112484
0.00469085
0.00373743
0.0207433
0.00487007
0.00459405
0.00336181
0.00379066
0.0029897
0.00223544
0.0028613
0.00226441
0.00507049
0.000806295
0.00259886
0.00127639
0.000546124
0.000316506
0.00829365
0.00188882
0.00662575
0.00137348
0.00160882
0.000309318
0.00546245
0.00199331
0.00386484
0.000811712
0.001265
0.00141847
0.000263388
0.000320618
0.00275422
0.00466799
0.00102316
0.00150722
0.00345397
0.00497487
0.00420958
0.00157307
0.00465137
0.00210413
0.00308551
0.00199417
0.0033049
0.00416594
0.00313501
0.00398276
0.00226399
0.00465443
0.00206169
0.0033977
0.00132619
0.00354786
0.00126484
0.00224438
0.00400319
0.00194994
0.00289174
0.00199279
0.00504901
0.00955378
0.00141443
0.00190303
0.00107472
0.00133807
0.000825169
0.00288711
0.00687656
0.00938647
0.00732715
0.0122201
0.0024925
0.0031279
0.00151101
0.00134955
0.00442981
0.00409422
0.00169306
0.00302724
0.00307863
0.0034135
0.00189979
0.0231735
0.00676601
0.0018981
0.000963722
0.00164058
0.00353131
0.00357439
0.00283716
0.0049237
0.00181664
0.00863916
0.000365252
0.00161789
0.00612957
0.00191197
0.0034485
0.00124952
0.00537791
0.00229449
0.00173155
0.00617789
0.000526903
0.00205272
0.00102646
0.00345183
0.00402218
0.002704
0.00137013
0.00454829
0.00373728
0.00150053
0.00163046
0.00150992
0.0004535
0.00935873
0.0021195
0.000186106
0.00272674
0.00149818
0.00890334
0.00151928
0.00176452
0.00228159
0.00309584
0.000634532
0.00588714
0.00218242
0.00471675
0.00385377
0.00855389
0.000387887
0.00303036
0.00820248
0.00275279
0.00395333
0.00593268
0.00111601
0.00811417
0.000917709
0.00316385
0.00397962
0.000757349
0.00367321
0.000503315
0.00141841
0.0063899
0.000858839
0.00269301
0.00595029
0.00228639
0.000831706
0.000790138
0.00269047
0.00361986
0.00161965
0.00588844
0.00261387
0.00393318
0.00177617
0.00259402
0.00269722
0.00394476
0.0135539
0.00128276
0.00165212
0.00261523
0.00259796
0.0014156
0.00327372
0.00353975
0.000853988
0.00324497
0.00235774
0.000584632
0.00132611
0.00173645
0.00450754
0.00138275
0.0037638
0.00425811
0.00313919
0.0138705
0.004366
0.000829457
0.00109247
0.00114166
0.00191615
0.00100714
0.000620673
0.000833141
0.000253727
0.0051651
0.0021706
0.00128851
0.0114919
0.00476203
0.00334358
0.00326925
0.00232375
0.00316317
0.00161889
0.0030743
0.00115753
0.00166729
0.00325476
0.00294355
0.00532354
0.00120672
0.00247422
0.000710197
0.00128656
0.00431939
0.00293335
0.00619231
0.00147343
0.00395732
0.00203567
0.000505031
0.00148805
0.00386493
0.00228025
0.00392618
0.00218341
0.00242124
0.0104042
0.00249959
0.00521624
0.000844273
0.00471173
0.00356748
0.00614902
0.00957409
0.0032973
0.0057279
0.000971039
0.00258309
0.00115247
0.000933264
0.000885349
0.00293578
0.00464582
0.00871846
0.00223327
0.00181324
0.0024653
0.00117128
0.00180578
0.000889393
0.00169701
0.00244935
0.000828979
0.00343089
0.0150915
0.00181872
0.00283828
0.00550786
0.0036646
0.000794643
0.00258845
0.00594544
0.00119393
0.00494406
0.00169055
0.000482489
0.000793295
0.00243478
0.00201419
0.00151954
0.00338671
0.00119674
0.00236157
0.00361824
0.00142155
0.0113315
0.0015058
0.00582186
0.00246282
0.00264472
0.00561525
0.00425432
0.00353821
0.00124155
0.00268189
0.00185256
0.00247351
0.000611955
0.00121903
0.0031155
0.00121161
0.00225575
0.00342187
0.00287834
0.00204922
0.00558671
0.00160855
0.00474897
0.00149208
0.00368626
0.00336288
0.00111019
0.00530616
0.00117026
0.00892667
0.00326707
0.00124246
0.00510255
0.00233335
0.0016088
0.00579494
0.00188979
0.00113254
0.00128318
0.00193802
0.00323851
0.001751
0.000417124
0.00860965
0.00946327
0.00498905
0.0067361
0.00606696
0.00374913
0.00171737
0.0007026
0.000498044
0.00170055
0.0025841
0.00188628
0.00107392
0.0021127
0.00323018
0.00603233
0.00686825
0.000483619
0.00737237
0.00181551
0.00171776
0.00521187
0.0121585
0.00157152
0.00160352
0.00377271
0.00178173
0.0068613
0.000987951
0.00772937
0.00442097
0.0062642
0.00126852
0.00609004
0.00853903
0.00194443
0.00195753
0.0103734
0.00148986
0.000897685
0.00490441
0.00115595
0.00355656
0.00334963
0.00211332
0.00137629
0.0025048
0.000816541
0.00587882
0.00400154
0.00236811
0.00211712
0.00209788
0.0062179
0.00172037
0.00223557
0.0026846
0.00471947
0.00083443
0.00409997
0.000916325
0.00232578
0.00422601
0.000813506
0.00617602
0.00163262
0.00133705
0.00341732
0.00148078
0.00172417
0.00128665
0.000938482
0.000802263
0.00192517
0.00139111
0.0019658
0.00271358
0.00240042
0.000776318
0.00291651
0.00812716
0.00293234
0.00186427
0.0012837
0.00211807
0.0033406
0.00334948
0.00116225
0.00303078
0.00180214
0.000511209
0.00286876
0.00266944
0.00239638
0.00396047
0.0037002
0.00196637
0.00579793
0.000681489
0.00183807
0.0046966
0.00203411
0.00068442
0.00368803
0.00176349
0.00324505
0.00100572
0.00301406
0.00160923
0.00310292
0.00517457
0.000493881
0.000988339
0.00378737
0.000836127
0.00228664
0.00228237
0.00438988
0.00258247
0.0036119
0.0029793
0.00236007
0.0017392
0.00238129
0.00274927
0.00284348
0.00570156
0.00199661
0.0027651
0.0012416
0.00189822
0.00850779
0.00402091
0.00433776
0.000327483
0.00339573
0.00350845
0.00625865
0.00167559
0.000462108
0.00143442
0.00224746
0.00223328
0.000942133
0.00224687
0.00132082
0.00185813
0.00320675
0.00235609
0.00165381
0.0117831
0.000678836
0.00070737
0.00283184
0.000633065
0.000743238
0.00125805
0.00180749
0.000619082
0.00357427
0.000703123
0.00233837
0.00427966
0.000640071
0.000984082
0.00334883
0.00361144
0.00448343
0.00150808
0.00835852
0.0019348
0.00289606
0.00160474
0.0047691
0.000925053
0.00107035
0.00560252
0.00197364
0.00443028
0.00425582
0.00228582
0.00115585
0.0010166
0.00483404
0.00517414
0.00207405
0.00378899
0.00142751
0.000866628
0.00325969
0.00243391
0.00088085
0.00992854
0.0051907
0.00207538
0.00252989
0.0070703
0.00137649
0.00367528
0.00210771
0.000822479
0.0138401
0.00234484
0.00396574
0.0035286
0.000993699
0.0079976
0.0072315
0.00165168
0.00160522
0.00412094
0.00159873
0.00104866
0.00638149
0.00459519
0.00264259
0.00378724
0.0108757
0.000950509
0.00309435
0.00112185
0.000572572
0.00425367
0.00531851
0.00216185
0.00203527
0.00152129
0.00662262
0.00233139
0.00462928
0.00370756
0.00189004
0.00187225
0.00291114
0.00492633
0.00113244
0.0188705
0.00486023
0.0024163
0.00447221
0.00178523
0.00814259
0.000793059
0.0127051
0.00444896
0.00255508
0.00180968
0.00329145
0.00272066
0.00328157
0.00125939
0.00118199
0.00150319
0.00445712
0.00222497
0.00785136
0.0127391
0.0012733
0.00416073
0.00169319
0.00224926
0.00626565
0.000325389
0.00433648
0.00122668
0.00207381
0.00105304
0.00318611
0.00212099
0.00191884
0.0040946
0.00425155
0.00194081
0.00248126
0.00388524
0.00103156
0.00616797
0.00173837
0.00876116
0.00224674
0.00288482
0.000861508
0.00807645
0.0166772
0.00472505
0.00217232
0.00184083
0.00326416
0.00857822
0.00140009
0.00166988
0.00487157
0.00717799
0.00249554
0.00144995
0.00403913
0.00401975
0.00210642
0.00278464
0.00449297
0.00280095
0.00490109
0.00348931
0.000938755
0.00218314
0.00727566
0.00178929
0.00150525
0.00159779
0.0019848
0.00488523
0.00386052
0.00278025
0.00721669
0.00286162
0.000845753
0.00389365
0.00313064
0.00363174
0.00251053
0.00496203
0.00355796
0.00493228
0.00220224
0.00225268
0.00235776
0.00674639
0.00337732
0.00196048
0.000820244
0.00138586
0.00216806
0.00643511
0.00145613
0.0016038
0.00117242
0.00254267
0.00151672
0.00453697
0.000542615
0.00328547
0.00106831
0.00121468
0.00374435
0.0081331
0.000514727
0.00346639
0.000653909
0.00416079
0.00161224
0.00582213
0.00530059
0.000567833
0.00143326
0.00400438
0.00123732
0.00053889
0.00902965
0.00363996
0.00250329
0.00420456
0.00228262
0.019199
0.00106815
0.00210971
0.00174849
0.00454173
0.000247777
0.00248014
0.00194994
0.00331816
0.00230471
0.00176193
0.00268553
0.00481053
0.00115637
0.000324456
0.00379589
0.00898937
0.00158963
0.00270339
0.0025415
0.00317888
0.0100989
0.0032953
0.00586605
0.00248425
0.000630553
0.0051384
0.00255765
0.00257666
0.000854643
0.00260973
0.00137554
0.0111921
0.00485086
0.00140118
0.0017909
0.00162196
0.00140515
0.00088475
0.00186518
0.00577862
0.000794262
0.0028739
0.00235513
0.00118737
0.00237144
0.00148176
0.00363835
0.00595988
0.00130913
0.0017951
0.00895366
0.00589119
0.000147541
0.00664838
0.00514165
0.00107582
0.00260468
0.000615144
0.00149412
0.00101278
0.00867522
0.00582074
0.00350177
0.00164141
0.00283826
0.000909947
0.00215374
0.000898547
0.0015658
0.00551647
0.00402458
0.000621381
0.00217993
0.00464972
0.00147318
0.000846073
0.00448429
0.00285686
0.00486767
0.00200982
0.00507926
0.000370793
0.0069489
0.00466942
0.00123657
0.00250693
0.00177228
0.00129404
0.00520319
0.00126674
0.00139807
0.00768757
0.00188549
0.00346764
0.00273818
0.00560661
0.000829554
0.00327509
0.00442279
0.00287868
0.00285574
0.00270449
0.00347404
0.00366528
0.00221517
0.0041934
0.00207146
0.00236838
0.00274003
0.000398498
0.00430879
0.000558211
0.00249437
0.00292618
0.00349483
0.00661911
0.00180208
0.001774
0.000908023
0.000761142
0.000726866
0.00328742
0.00330582
0.0016083
0.00207892
0.00346947
0.00470921
0.00876268
0.00107111
0.00441891
0.000996626
0.00483896
0.00341594
0.00660921
0.000689021
0.01551
0.00108087
0.000782875
0.00386054
0.00902606
0.000880928
0.01022
0.00138909
0.00241281
0.00129465
0.00288765
0.0156792
0.00382806
0.00224673
0.00244994
0.00123959
0.00278181
0.000796285
0.00243056
0.00275391
0.00322567
0.00257025
0.00180929
0.00423596
0.00238554
0.000256954
0.00377033
0.00402675
0.00574458
0.000462369
0.00501887
0.000587042
0.0012644
0.00103411
0.00159129
0.00383808
0.0010391
0.00168469
0.00112341
0.00196645
0.01557
0.0014489
0.00409075
0.000986415
0.000733749
0.00118433
0.000754818
0.00361624
0.00151261
0.0065164
0.00236476
0.00239156
0.00160428
0.00289021
0.00221234
0.00480294
0.0017137
0.0011346
0.00534235
0.00214035
0.00152101
0.00415906
0.0104141
0.000768674
0.0065213
0.00516638
0.00591048
0.00190063
0.0112901
0.00728265
0.00131171
0.00139536
0.00367375
0.00494346
0.00249605
0.0106541
0.00238964
0.00280033
0.00279565
0.00639186
0.00188381
0.000786467
0.0136069
0.00603614
0.00474947
0.00165624
0.000658815
0.00111884
0.00230233
0.00123744
0.00114495
0.00430536
0.000582475
0.00210441
0.00108994
0.00304377
0.00410796
0.000459697
0.00386056
0.00390672
0.00387044
0.00214077
0.00401247
0.0014314
0.00577005
0.00531304
0.00549489
0.0113317
0.00517056
0.000688926
0.00101971
0.00169777
0.00126616
0.00127042
0.01175
0.0021097
0.001816
0.00277063
0.00093589
0.00615857
0.00281369
0.0142611
0.00170042
0.00246569
0.00186989
0.00207147
0.00095433
0.00241659
0.00111415
0.00237487
0.000922503
0.00358591
0.000812016
0.00304366
0.00102168
0.00271004
0.00545774
0.0119848
0.00410113
0.0014555
0.00514968
0.00149581
0.00114545
0.0021666
0.000695608
0.00485261
0.0096611
0.00127284
0.00256905
0.00238613
0.00465029
0.00192456
0.00152366
0.000381042
0.00462118
0.00493893
0.00379619
0.000702656
0.00299915
0.00133224
0.0057745
0.00129204
0.0035318
0.00113269
0.00425558
0.0022166
0.00471206
0.00299937
0.00978217
0.000517238
0.00400774
0.003523
0.00299496
0.00569108
0.00043063
0.00032711
0.00209352
0.00238283
0.000566274
0.00164715
0.0117461
0.00438124
0.00113605
0.000971414
0.00087812
0.00180806
0.00221692
0.00407545
0.00263529
0.00566363
0.00113632
0.0123987
0.00458037
0.0055225
0.00172298
0.00453219
0.000434521
0.00702958
0.00929001
0.00142348
0.0085861
0.009023
0.00460623
0.00360366
0.00242135
0.00102536
0.00179129
0.00345173
0.00376871
0.00207712
0.00442141
0.00818141
0.0020068
0.00230255
0.00321264
0.000598903
0.00126744
0.000867723
0.00159924
0.00309544
0.00053856
0.000659768
0.00674857
0.00268342
0.00182175
0.0010083
0.00241982
0.00123094
0.000879553
0.00201971
0.000774513
0.00198678
0.00256467
0.00325146
0.00354886
0.000701344
0.00442301
0.00542048
0.000268369
0.00226641
0.0027095
0.00402117
0.000926508
0.00251858
0.00569071
0.00126786
0.00229087
0.00163645
0.003619
0.00137736
0.0167225
0.00589292
0.00419023
0.00260683
0.00554375
0.00269821
0.0017667
0.00355868
0.00137936
0.00248744
0.000998753
0.00301914
0.00204116
0.00224799
0.00815734
0.00343043
0.000488222
0.000478622
0.00180272
0.00268086
0.00347133
0.00156025
0.00787789
0.00556686
0.00143011
0.00118972
0.002173
0.00417974
0.00634774
0.00288752
0.00381345
0.00698158
0.00142981
0.000570272
0.00496118
0.00493698
0.00169947
0.00125188
0.00310437
0.00193516
0.0045773
0.0039969
0.00263933
0.0004094
0.00476837
0.00254393
0.00364969
0.00178413
0.000549022
0.00223734
0.00122189
0.00165603
0.00302397
0.000576055
0.00385826
0.00420313
0.00371925
0.00586004
0.00538529
0.00748743
0.000950852
0.0035125
0.00465456
0.00355317
0.00506071
0.00192873
0.000922251
0.00238191
0.00193125
0.00135345
0.00295278
0.00131791
0.00699945
0.00259427
0.0012937
0.00292636
0.00100879
0.00243802
0.00516109
0.00397805
0.00320113
0.000668669
0.00187017
0.00181412
0.00298125
0.00113046
0.00173337
0.00261415
0.00447852
0.00116325
0.00163554
0.00374522
0.00400771
0.00130263
0.0117621
0.00443065
0.00205727
0.0073416
0.00157891
0.00434406
0.00801254
0.00157167
0.00447492
0.00100929
0.00245967
0.00225611
0.0077809
0.0046142
0.000677722
0.00803896
0.00203911
0.00238466
0.00499595
0.000673167
0.00163574
0.00460607
0.000812155
0.00210755
0.003993
0.00283776
0.00262193
0.00283659
0.0050287
0.00133077
0.00105779
0.000532417
0.0038572
0.00298648
0.00870006
0.00112033
0.00637893
0.00365454
0.000867113
0.00178514
0.00122896
0.00555067
0.00039975
0.00359367
0.00195081
0.00255635
0.000759651
0.00287667
0.000809906
0.00139344
0.00379066
0.00638591
0.00184764
0.00408919
0.00643073
0.00174588
0.00488785
0.00478212
0.00145189
0.00391099
0.00668901
0.00564928
0.012407
0.0025279
0.000944202
0.00614857
0.00195105
0.00206585
0.000235532
0.00707544
0.00219325
0.00140456
0.000297947
0.00498539
0.00111125
0.00122275
0.00148004
0.00159443
0.00193143
0.00184082
0.00367392
0.00255128
0.00253007
0.00188258
0.000544422
0.00165712
0.00135884
0.0033885
0.000695622
0.0252436
0.00256843
0.00107852
0.00136838
0.00379682
0.00126592
0.00136965
0.00388467
0.00391155
0.00481869
0.00916444
0.00212426
0.00446569
0.00131358
0.00202582
0.00603021
0.00114023
0.00962293
0.00474484
0.00229881
0.00552325
0.00120806
0.000746673
0.0079621
0.00437309
0.00200471
0.00220662
0.00158573
0.0054295
0.00269318
0.000705406
0.00341183
0.00232877
0.00282915
0.00702088
0.00549749
0.0066242
0.0025069
0.0019839
0.00532352
0.00384978
0.00606836
0.00258663
0.0021375
0.00953481
0.000308156
0.00482633
0.00196299
0.0145163
0.00149131
0.00174388
0.00233499
0.00253941
0.009846
0.00395995
0.01418
0.000441329
0.000516754
0.00214221
0.00413834
0.00340381
0.00169505
0.00111966
0.00225268
0.00192723
0.00170069
0.00390472
0.00199802
0.00255858
0.000950168
0.00165333
0.00227304
0.00338603
0.00136878
0.00134783
0.0025516
0.00161515
0.00380564
0.00793297
0.00114414
0.00140697
0.000758275
0.00366283
0.00116354
0.000870124
0.00377963
0.00363161
0.0020022
0.00305187
0.00180883
0.00177692
0.00323253
0.00347862
0.00443085
0.00059511
0.0049121
0.00527126
0.00150053
0.00282197
0.00424426
0.00145678
0.0089532
0.00369496
0.000843757
0.000798386
0.00245039
0.00099948
0.00549986
0.00821234
0.00149252
0.00234078
0.00663329
0.00329396
0.00224096
0.00228916
0.00276274
0.00483398
0.0153954
0.00614614
0.00121201
0.00235501
0.00449237
0.00530366
0.00126329
0.002297
0.00295163
0.00327568
0.00374443
0.00089887
0.0196251
0.0047659
0.00307078
0.00555819
0.00217426
0.00313948
0.00641288
0.00291156
0.00271942
0.000904347
0.00449157
0.00332275
0.0010141
0.00321807
0.00166214
0.00359064
0.00482044
0.000239976
0.00364766
0.00928721
0.00410946
0.00309274
0.00530608
0.000916051
0.0017735
0.00109158
0.00144272
0.00150964
0.00310164
0.00536015
0.00235251
0.00151184
0.00230884
0.00418879
0.000620136
0.00250992
0.00233948
0.00587094
0.00132059
0.00218199
0.00384194
0.00165039
0.00144259
0.00356921
0.00375727
0.00203626
0.00510905
0.00168103
0.00652994
0.00239583
0.00117209
0.0107983
0.00297712
0.0032769
0.00258108
0.002219
0.000690022
0.00102695
0.00118867
0.00353403
0.0101238
0.00258132
0.00261415
0.00262035
0.00700881
0.00136312
0.00367936
0.00141728
0.00220485
0.00224679
0.002538
0.00325011
0.00393247
0.00302964
0.00368373
0.00315232
0.00570952
0.000747537
0.00112335
0.00206849
0.00140565
0.000446079
0.00261298
0.00387153
0.00247147
0.00755051
0.00279624
0.00317274
0.0041599
0.000511843
0.00293705
0.0015778
0.00103181
0.00532628
0.00169731
0.0042912
0.00374646
0.00183087
0.00191185
0.0017916
0.0013735
0.00327935
0.00217652
0.00409157
0.00261638
0.00422617
0.00154916
0.000922908
0.00554785
0.00308686
0.00418512
0.00138914
0.000858227
0.00208082
0.00540737
0.0006562
0.00140274
0.00110193
0.00158519
0.0106634
0.00277825
0.00173567
0.00145114
0.00127031
0.00210953
0.00181834
0.000681996
0.0027504
0.00584459
0.00196257
0.00287249
0.00139699
0.001081
0.00511469
0.000799923
0.00946717
0.000695548
0.00367828
0.00234669
0.0119177
0.0021514
0.000250916
0.0014135
0.00048596
0.00239623
0.00109483
0.0146699
0.000966596
0.0123567
0.00181763
0.00345909
0.00287501
0.00062049
0.00257818
0.00244441
0.00125206
0.0044275
0.00268824
0.00863064
0.0069143
0.00122958
0.0019371
0.00142752
0.0020106
0.00355693
0.000917957
0.00286879
0.000771421
0.00431645
0.00141278
0.00284109
0.00472398
0.00132514
0.00340144
0.00137965
0.000898066
0.00178231
0.00319334
0.00168709
0.0053831
0.00214293
0.00222209
0.00684622
0.00211187
0.00419863
0.00315561
0.00134812
0.0100841
0.00254772
0.00194491
0.00137101
0.00892454
0.00582352
0.00115275
0.00147784
0.00260889
0.00346015
0.0110809
0.00279456
0.00124702
0.00633817
0.00453654
0.00116751
0.00483359
0.00419576
0.00236584
0.00285097
0.00144749
0.00106827
0.00136864
0.00264167
0.00522608
0.00286379
0.00351371
0.00275066
0.00687695
0.00224595
0.00084747
0.00134509
0.00385548
0.00559369
0.0030176
0.000315256
0.00220929
0.0116329
0.00191642
0.00103693
0.00141374
0.000793915
0.00409848
0.00353224
0.000653873
0.00238081
0.00061174
0.0012053
0.0085045
0.00146726
0.00529674
0.00577186
0.00149358
0.00199382
0.00173943
0.00240671
0.00319394
0.00416913
0.00145839
0.00540211
0.00555904
0.00285833
0.00319916
0.000540295
0.00331378
0.00227067
0.00427029
0.00585407
0.00127771
0.00220303
0.00119741
0.00123321
0.0135651
0.00481737
0.0015148
0.00214578
0.00375225
0.000615147
0.001067
0.00155683
0.000633866
0.00386195
0.000664706
0.00683734
0.00995688
0.00127244
0.00485483
0.00176873
0.000829896
0.00804265
0.00233911
0.00245222
0.00316434
0.00227082
0.0109204
0.00188158
0.00206544
0.00122127
0.000845452
0.00168546
0.00119941
0.00305481
0.00547093
0.00213588
0.00533845
0.00105617
0.00147162
0.00127319
0.00991008
0.00193455
0.00334298
0.00112276
0.00153912
0.00296641
0.00309141
0.00704682
0.0102851
0.000986037
0.00230676
0.00279729
0.003101
0.00479972
0.00187518
0.00286684
0.000792549
0.00616459
0.00868071
0.00274782
0.00163931
0.00249675
0.00130845
0.00184193
0.00613919
0.00303149
0.00243836
0.00151319
0.00136827
0.00150516
0.000716247
0.002205
0.000476504
0.00047872
0.00272979
0.00332993
0.000741872
0.00282379
0.00170399
0.00313014
0.00380509
0.000735103
0.00412254
0.00316238
0.00420463
0.00151426
0.00135817
0.00215466
0.00098816
0.00139423
0.00350438
0.00381778
0.00472107
0.00243858
0.00295309
0.00297073
0.00223369
0.00461368
0.00288325
0.00172773
0.00118993
0.000887881
0.0022174
0.00715158
0.0016158
0.0106655
0.00258383
0.00154031
0.00127661
0.00163847
0.00301806
0.00392162
0.00144879
0.00169257
0.00443362
0.00915748
0.00920119
0.00130384
0.00215955
0.00311702
0.00178538
0.0102569
0.00220209
0.00381122
0.000731852
0.00431107
0.00169705
0.00363737
0.00117858
0.00864629
0.00254008
0.00361408
0.00307133
0.00296391
0.00660328
0.00614051
0.00349307
0.00127007
0.00222998
0.00307685
0.00233486
0.00116281
0.00666066
0.00333735
0.00975313
0.0029275
0.00167964
0.000435904
0.00152381
0.0103952
0.00238281
0.0010555
0.000588637
0.00274442
0.00245048
0.00286208
0.00198808
0.00206681
0.001663
0.00680554
0.00532276
0.00685516
0.00189335
0.00279034
0.00138937
0.00220752
0.00282354
0.0002933
0.00320725
0.000563328
0.00243926
0.00132917
0.00331829
0.00106924
0.00107647
0.00372985
0.00300226
0.00434974
0.00185342
0.00269434
0.00108805
0.00378651
0.0024325
0.00412574
0.00536604
0.00717928
0.00133395
0.00213157
0.00133359
0.000343595
0.00137465
0.00112819
0.00470773
0.00137361
0.0018097
0.000937715
0.00204363
0.00498291
0.00836789
0.00494401
0.00119777
0.00158318
0.0162376
0.00360328
0.00524548
0.00226049
0.00192812
0.00628267
0.00323147
0.00286972
0.00200948
0.00102585
0.00242306
0.0027679
0.000729813
0.000946393
0.000422502
0.00217866
0.00246594
0.00244919
0.00213489
0.0119005
0.00537321
0.00100067
0.00256186
0.00225412
0.00281047
0.00299202
0.00188517
0.000932011
0.000761853
0.00103088
0.00368991
0.00292094
0.00399139
0.00197253
0.00898698
0.000880541
0.00302373
0.000522617
0.000919114
0.000996801
0.000650909
0.00371377
0.00279578
0.0051112
0.00260052
0.0074611
0.00542082
0.00105914
0.00784918
0.00243619
0.00183716
0.00153244
0.00218465
0.00770534
0.0177942
0.00197408
0.00203485
0.0159048
0.00126631
0.00521429
0.00845147
0.0113429
0.00127374
0.00184033
0.00509499
0.00260901
0.00273365
0.00180583
0.00605396
0.00431513
0.00120173
0.00452386
0.00413355
0.000676798
0.0021971
0.002956
0.00156929
0.00513872
0.00244788
0.00205508
0.00307324
0.000966345
0.00029637
0.00126674
0.00117542
0.00134376
0.00687025
0.00250033
0.000986479
0.00660687
0.0034733
0.0010011
0.00185454
0.00413936
0.000992336
0.00170607
0.00041527
0.00209471
0.00116444
0.00162714
0.00560093
0.00192999
0.00446927
0.00310663
0.00580675
0.00300494
0.0088347
0.000805245
0.00777533
0.00180774
0.00400936
0.00192189
0.000987896
0.000367233
0.00162275
0.00256831
0.000631242
0.000786792
0.00218279
0.00626486
0.00672235
0.00042478
0.00208317
0.000987722
0.00330417
0.00163814
0.000303061
0.00371261
0.00183196
0.00351139
0.00248457
0.00524093
0.00634047
0.00081046
0.00398262
0.00650946
0.0058203
0.00191503
0.00114814
0.0104251
0.00116357
0.00100213
0.00289803
0.000604057
0.00206004
0.00881448
0.00455972
0.00188582
0.00442198
0.000719742
0.00407589
0.00272706
0.00330185
0.0094847
0.00543898
0.00166706
0.000877416
0.00243575
0.00181105
0.00338162
0.000852002
0.00215425
0.00673289
0.0016852
0.00260444
0.0100687
0.000921299
0.000554713
0.00235194
0.00442237
0.00357852
0.0043759
0.00314212
0.00189764
0.000953772
0.000548138
0.00356676
0.0052343
0.00095364
0.002064
0.00239773
0.00371719
0.000990972
0.00335484
0.0021613
0.00272753
0.00207801
0.00238193
0.00182742
0.00140532
0.00173127
0.00336409
0.00229371
0.00278074
0.014401
0.000620854
0.00214911
0.00158711
0.00120375
0.00240511
0.00136403
0.00372333
0.00183227
0.00190276
0.00401851
0.00209911
0.00393772
0.00179531
0.000689536
0.00741343
0.00330869
0.00773133
0.00563015
0.00514364
0.00058624
0.00356257
0.000802605
0.000989823
0.00399067
0.000650662
0.00224026
0.00034175
0.0027735
0.00264337
0.0007341
0.00127315
0.000437637
0.000306149
0.00297065
0.00307912
0.00518264
0.00107927
0.000864161
0.0022178
0.00112546
0.00200557
0.00206255
0.000856907
0.00497495
0.000285307
0.00638454
0.00104119
0.000872435
0.0068161
0.00143161
0.00252276
0.00610027
0.00920776
0.00460083
0.00516974
0.00222353
0.00215417
0.0031159
0.00454658
0.00136296
0.00284039
0.00557243
0.000931109
0.00381112
0.00198981
0.00522835
0.00292868
0.00170983
0.00378587
0.0084297
0.00136828
0.00108787
0.00268588
0.00112314
0.00788544
0.00133028
0.00292078
0.00291935
0.00593473
0.00248639
0.00177395
0.00239474
0.00420112
0.00231195
0.00106326
0.00317305
0.00148509
0.00170622
0.00279852
0.00226191
0.00114359
0.00655471
0.00147173
0.00258601
0.00139209
0.00731497
0.00202671
0.00126369
0.00163403
0.00202997
0.000818865
0.00240124
0.00889356
0.00245846
0.00852543
0.0128488
0.000934589
0.00422352
0.00597558
0.00505001
0.00282912
0.0125145
0.0015639
0.00121936
0.000747391
0.00231823
0.0035544
0.00564975
0.00273746
0.00354472
0.00209848
0.0019278
0.00185857
0.00787899
0.00754462
0.00247301
0.00348369
0.00227079
0.00631435
0.00234264
0.00178179
0.00256944
0.000739805
0.00136487
0.00145223
0.00284418
0.00245241
0.00382387
0.00801704
0.00278515
0.0016493
0.000480187
0.00331893
0.000395815
0.00176823
0.00126211
0.00133117
0.0134183
0.000823879
0.00158642
0.00383966
0.00335469
0.00775177
0.00469929
0.00287431
0.00413236
0.00149807
0.00478978
0.00656214
0.00154221
0.00280018
0.00552891
0.00136892
0.00421567
0.00393096
0.00822903
0.000609227
0.00161336
0.000612206
0.00209187
0.00119188
0.000956049
0.00218905
0.000194704
0.00261197
0.00318725
0.00514495
0.00397723
0.00303065
0.00243304
0.00282028
0.00550894
0.000932283
0.000580699
0.00658274
0.00170571
0.00361353
0.00228274
0.00648522
0.00183227
0.00162173
0.00293428
0.00267081
0.00220379
0.00674698
0.00514124
0.00158212
0.00463186
0.00204788
0.000984216
0.00426754
0.000966553
0.00114597
0.00098274
0.00278827
0.00325362
0.00160097
0.0033925
0.00149171
0.00185984
0.00133698
0.00179861
0.00334201
0.00468381
0.000969951
0.000943886
0.00135441
0.0024087
0.00683505
0.00128757
0.00473404
0.00843191
0.000291066
0.00552596
0.00243613
0.00172947
0.00800924
0.00224174
0.00186092
0.00419161
0.0027505
0.0016321
0.00314291
0.000737463
0.00833535
0.000571094
0.00213675
0.00354572
0.00402013
0.00544264
0.00186313
0.000657675
0.00187135
0.00408262
0.000889401
0.00250228
0.00239586
0.000577813
0.00615351
0.00179375
0.00184295
0.013071
0.00449886
0.00109101
0.00474808
0.00236071
0.00209374
0.00173259
0.0164523
0.00155434
0.00188161
0.000866627
0.00209947
0.00392006
0.00920095
0.00035668
0.00125004
0.000352862
0.00245721
0.00177105
0.00566937
0.0093231
0.00745499
0.0046692
0.00324958
0.00564228
0.00349393
0.00067056
0.00324261
0.000877414
0.00181021
0.00111641
0.00812706
0.0123471
0.00529546
0.00084726
0.00267602
0.00470451
0.00483709
0.00842205
0.00439345
0.00399925
0.00266162
0.00642316
0.000886781
0.00159861
0.00219708
0.00325313
0.00186482
0.00365595
0.00734903
0.0144392
0.000792643
0.00110753
0.00206468
0.000390673
0.0012102
0.0036684
0.00519053
0.00241125
0.000977476
0.00379372
0.00313092
0.00206763
0.00237968
0.00165396
0.00229715
0.00640351
0.00223185
0.000884278
0.000719195
0.00243127
0.00255391
0.0116129
0.00142881
0.00641907
0.000480616
0.00183019
0.00171731
0.00776484
0.000789751
0.00158964
0.00801857
0.00201962
0.00787763
0.0242135
0.00119492
0.00673015
0.00173814
0.00407043
0.00253919
0.00157314
0.00111777
0.00109975
0.00103603
0.000460846
0.00190607
0.000965745
0.00420964
0.00226364
0.00616524
0.00121258
0.00179611
0.00143626
0.00587413
0.00455993
0.00117805
0.00205562
0.00401983
0.00124091
0.00805999
0.00506945
0.00339165
0.00237945
0.00415171
0.000421819
0.000820697
0.00102711
0.00716099
0.00405022
0.00183859
0.00627189
0.00238424
