0.00363406
0.00460931
0.00242498
0.0019688
0.005711
0.00213899
0.00589184
0.00140572
0.00541346
0.00107136
0.00944501
0.0019139
0.00767974
0.000995961
0.00764971
0.00169443
0.00190268
0.0030253
0.00439141
0.0082068
0.00135718
0.00284415
0.00148447
0.00545293
0.00202606
0.00291897
0.00143018
0.00383877
0.00275479
0.00248004
0.00258137
0.00258998
0.00252432
0.00226261
0.0100568
0.00156584
0.00178357
0.00918528
0.00549575
0.00955967
0.00295219
0.00560692
0.00144155
0.0181831
0.000931149
0.00158507
0.00210505
0.000418507
0.00306103
0.00380294
0.00197082
0.00371776
0.00217544
0.00325384
0.00734765
0.00197882
0.00391377
0.0108572
0.00520665
0.00285635
0.00855913
0.00935234
0.00244046
0.00339612
0.0161901
0.0016501
0.00135629
0.00326813
0.00107369
0.00466836
0.00326083
0.00425749
0.00437196
0.00204798
0.00263449
0.00472314
0.0020546
0.00681976
0.00618837
0.00241471
0.00584625
0.00316593
0.00185479
0.00363875
0.0015105
0.00461513
0.00453713
0.00453507
0.00428536
0.00719829
0.00135096
0.00152326
0.0186485
0.0015107
0.000998869
0.00164211
0.00510048
0.00246905
0.00884279
0.00257507
0.00388148
0.00217484
0.00457644
0.00180287
0.00342983
0.00173995
0.00503669
0.00249312
0.00173243
0.00441527
0.0143748
0.025185
0.00340958
0.00317404
0.00293325
0.00444675
0.00752083
0.0015483
0.00173833
0.00373335
0.00496573
0.0049888
0.00209803
0.000495224
0.00642539
0.00277524
0.00208636
0.00601381
0.00136247
0.00221259
0.00390813
0.00925327
0.00512944
0.00286584
0.00322532
0.00639999
0.0040694
0.00543323
0.00130844
0.00623195
0.00301297
0.00112814
0.00163308
0.00152836
0.00214451
0.00310765
0.00153339
0.000780891
0.00262594
0.00489905
0.00702304
0.00258019
0.00521911
0.00487047
0.00322613
0.00115622
0.00823324
0.00509958
0.0112945
0.0101092
0.00470998
0.00345901
0.00263937
0.00464048
0.00489847
0.00252887
0.000794469
0.00483589
0.00164294
0.00296407
0.0312344
0.00435925
0.00481867
0.0087209
0.00355345
0.0206668
0.0036365
0.00221002
0.000587313
0.00129201
0.00190105
0.000441752
0.00368065
0.0127237
0.00138983
0.0132779
0.000561716
0.000664049
0.00623896
0.00510367
0.00443705
0.00394338
0.00377356
0.00349338
0.00643325
0.00253818
0.00245874
0.00113717
0.00242583
0.00321194
0.00633686
0.0037446
0.00444123
0.00230565
0.000337998
0.00150714
0.00900792
0.00356478
0.00179663
0.000531304
0.00714038
0.000641285
0.00152868
0.00384704
0.00086913
0.00729692
0.00211849
0.0105468
0.00915581
0.00277913
0.00964009
0.00534076
0.010832
0.00350761
0.0102314
0.00173294
0.00930897
0.00493215
0.00189656
0.00401677
0.00171608
0.00213727
0.000909604
0.00500761
0.0034351
0.00233081
0.00371658
0.0034587
0.00152641
0.00445976
0.00236409
0.000597161
0.000957518
0.005264
0.00178619
0.00118368
0.000668546
0.000979944
0.0097222
0.00577097
0.00101991
0.00449348
0.00568155
0.021848
0.00161462
0.0232466
0.000906676
0.00298943
0.00801772
0.00234476
0.0386692
0.00229211
0.00254565
0.00694617
0.00379769
0.0114394
0.00161124
0.00401536
0.00469615
0.00337743
0.00488893
0.0153557
0.00181696
0.00158754
0.00138379
0.00554376
0.00336001
0.00440127
0.00114948
0.000813351
0.00287893
0.00263665
0.00998007
0.00727038
0.00151275
0.00296469
0.00107226
0.00329823
0.00835976
0.00333174
0.00448066
0.00135951
0.00590647
0.00585981
0.00508029
0.0118869
0.00435379
0.00118934
0.00137162
0.0209683
0.00150159
0.00506615
0.00591809
0.00238659
0.00246022
0.0033835
0.0127145
0.000760205
0.000569055
0.0171897
0.00198063
0.00492673
0.00623314
0.00378467
0.00242588
0.00147918
0.00315204
0.00127735
0.00509037
0.00267489
0.00222197
0.00260121
0.00985101
0.00188285
0.00471007
0.00257278
0.000862134
0.00281731
0.00138708
0.00429954
0.00243089
0.00328241
0.0024725
0.00156025
0.00268556
0.00560231
0.00379402
0.00176338
0.0183507
0.00224104
0.0116159
0.0056421
0.000593504
0.000539147
0.00187769
0.00223899
0.0009725
0.0051749
0.00314488
0.00378875
0.00129495
0.00452978
0.0023985
0.00285034
0.00184496
0.0119138
0.00157233
0.00642803
0.0137648
0.003437
0.00167253
0.00150985
0.00081299
0.00260677
0.000614665
0.000535767
0.0030313
0.0103037
0.00362474
0.00130018
0.00495772
0.0100599
0.00931644
0.00755358
0.00123048
0.000322935
0.00177486
0.00426339
0.00183959
0.00399802
0.000389918
0.00311113
0.00264666
0.00297844
0.00283564
0.00300163
0.00336239
0.000844441
0.00136443
0.00847708
0.00143641
0.000440851
0.00432887
0.00628059
0.0051063
0.0048472
0.00444417
0.00277535
0.00146662
0.0158896
0.00422185
0.00255054
0.00128321
0.00385237
0.00300981
0.00674977
0.00666361
0.00168099
0.00629945
0.00195879
0.00186982
0.00261314
0.00103161
0.00243718
0.00212672
0.0011155
0.0033376
0.00685309
0.00327125
0.00221202
0.00376184
0.000883725
0.00106285
0.00481579
0.00582378
0.00167781
0.00142294
0.000850691
0.0105123
0.00331322
0.00142652
0.00361006
0.00352738
0.00060272
0.00129625
0.00281875
0.00187368
0.00290174
0.00260301
0.00401315
0.00158561
0.0169487
0.00281195
0.00791725
0.00262222
0.00341832
0.00132944
0.00217553
0.0107912
0.00588551
0.00300047
0.00433066
0.00119109
0.00150687
0.00548056
0.00119909
0.0022209
0.0100159
0.0123754
0.00258689
0.00240581
0.00612824
0.0113991
0.00930396
0.00406043
0.00180548
0.00887
0.00364414
0.00958898
0.00530413
0.00139107
0.00180672
0.00176411
0.0124101
0.00482604
0.00425322
0.00791994
0.00366683
0.0015561
0.00043175
0.00801183
0.0067212
0.00401167
0.0038076
0.00776265
0.00386713
0.00191999
0.00238451
0.0116974
0.0025579
0.00133174
0.00224706
0.00274149
0.00417233
0.000720815
0.000836906
0.00806837
0.00205672
0.00674477
0.00426692
0.00390742
0.000553467
0.000858176
0.00487901
0.000575459
0.0101372
0.00336256
0.00435349
0.000213733
0.00161677
0.00384809
0.00317355
0.00534254
0.00100231
0.00109915
0.00336916
0.00504196
0.00183841
0.00137269
0.0184559
0.00157194
0.000447479
0.00266048
0.00472366
0.00133857
0.0160586
0.00293395
0.00465491
0.0019496
0.00320495
0.00975941
0.00123529
0.00515359
0.00305772
0.00571409
0.00144721
0.000386057
0.000549759
0.00156615
0.00698704
0.00149927
0.00141865
0.00243622
0.00248715
0.00350661
0.00579289
0.00463239
0.00225567
0.00526546
0.0073726
0.00682471
0.0114748
0.0017761
0.00614254
0.00173035
0.00301651
0.00222624
0.00232421
0.00215185
0.00649151
0.00137638
0.00275194
0.00159953
0.00432177
0.00402399
0.00214709
0.00300862
0.011658
0.00176551
0.000318265
0.00204107
0.002765
0.00207959
0.00139847
0.00333989
0.0184417
0.00236275
0.000843906
0.00719515
0.00398486
0.00607051
0.00353945
0.00374725
0.00128437
0.00244317
0.0115201
0.0122091
0.000804084
0.000524094
0.00268453
0.00195279
0.00168852
0.00887474
0.0231807
0.00243151
0.00529129
0.00765234
0.00234121
0.00354122
0.00346284
0.00142447
0.0080995
0.00422393
0.00314958
0.00331203
0.00449002
0.0087975
0.00085939
0.00204133
0.00103874
0.0266052
0.00264048
0.0149112
0.00333719
0.00265879
0.000572411
0.00227424
0.00223646
0.00290021
0.00137487
0.0048948
0.00208966
0.00322184
0.00406416
0.00773745
0.00517281
0.000599482
0.000221917
0.00373309
0.00187083
0.000987753
0.00350885
0.00261743
0.00729387
0.00421791
0.0145403
0.00255758
0.00522949
0.00459977
0.0064063
0.0104288
0.00399912
0.00111241
0.00724746
0.00188767
0.00218939
0.00643475
0.000454151
0.0017214
0.0087936
0.00296708
0.00334464
0.00838967
0.00113571
0.00304488
0.011573
0.00338463
0.00172482
0.00353207
0.00312885
0.00211682
0.00389101
0.00156145
0.0111635
0.0122171
0.00353287
0.00107972
0.00106969
0.00318933
0.00222885
0.00489597
0.0013996
0.00559295
0.00293055
0.00800397
0.00609902
0.000860099
0.00227834
0.00842085
0.00129926
0.000775605
0.000725598
0.0039207
0.00530993
0.0158582
0.00145468
0.0127156
0.00478429
0.00345886
0.0046365
0.00111451
0.0029188
0.00285964
0.00176577
0.000436584
0.00123532
0.00385785
0.00286576
0.00364307
0.00849976
0.00353126
0.00156814
0.00392836
0.00467713
0.00284683
0.0085974
0.00215916
0.0026229
0.00493252
0.00141786
0.0025123
0.00128351
0.0068576
0.00167635
0.00237657
0.00450956
0.00215248
0.0058966
0.00197507
0.00491249
0.00170485
0.00284586
0.00359772
0.00177778
0.000547614
0.00286433
0.00583973
0.00657533
0.0028585
0.00458762
0.00298989
0.0062842
0.00178482
0.00290352
0.00172886
0.00372722
0.00305098
0.00258777
0.00285868
0.00213686
0.00667717
0.0103188
0.0044864
0.00233916
0.00103854
0.00214803
0.00546032
0.00433053
0.00994696
0.00823485
0.00212647
0.00680201
0.00196722
0.0030506
0.00214834
0.00121525
0.00223911
0.00385948
0.00258667
0.00344928
0.0059407
0.00200589
0.00904587
0.000708789
0.00388548
0.00589392
0.001824
0.00392322
0.00309989
0.00441548
0.0135231
0.00202135
0.00473652
0.00330216
0.00146748
0.00399291
0.00357638
0.0023706
0.00851362
0.00203121
0.00206462
0.0175781
0.00127242
0.0019868
0.00624246
0.00174677
0.00196311
0.0123626
0.00197638
0.00624497
0.00323658
0.00363239
0.00482053
0.0045607
0.0010984
0.00729687
0.00134904
0.0101986
0.0066534
0.00354619
0.00773939
0.00489737
0.00602381
0.0071521
0.00213029
0.000548727
0.000908146
0.00777529
0.00965045
0.00213529
0.0123353
0.00246138
0.00179175
0.00228387
0.000758198
0.00876237
0.00294126
0.00509643
0.00473605
0.000589138
0.0040136
0.0182569
0.0126271
0.00471478
0.00207631
0.00233834
0.00229338
0.00217969
0.000699937
0.0141141
0.00363479
0.00209794
0.0069912
0.00139278
0.00346769
0.00751505
0.00326881
0.00559444
0.00093005
0.0015296
0.000273778
0.00295277
0.00345849
0.000719756
0.00254837
0.00128584
0.00258107
0.00666528
0.00314878
0.00088864
0.0050809
0.00521763
0.00250512
0.00166482
0.00103844
0.0025945
0.00254302
0.00676443
0.00847659
0.0112013
0.00123142
0.00185753
0.00495516
0.000480857
0.0105046
0.00457064
0.00431741
0.00112218
0.00281922
0.00452737
0.0108735
0.00210879
0.00378004
0.0118939
0.00366814
0.00554906
0.00284585
0.00192983
0.00275959
0.00169769
0.000740884
0.0054129
0.00234947
0.0163121
0.00450136
0.00403267
0.00388774
0.00571198
0.01059
0.00355321
0.0132142
0.00232854
0.00580253
0.0133261
0.000922383
0.00173263
0.00101991
0.00381729
0.00110206
0.00162471
0.00637641
0.00574927
0.00500456
0.00155961
0.0121247
0.00133095
0.00273962
0.000319461
0.00250889
0.0050584
0.00102909
0.00715723
0.00270036
0.00601467
0.00671217
0.0104443
0.00162809
0.00280559
0.0121867
0.00664403
0.00228387
0.0043006
0.00139768
0.00402964
0.00150278
0.00292355
0.00170142
0.0024305
0.0029818
0.00210078
0.00790314
0.000400106
0.000934102
0.00183413
0.00826561
0.000672072
0.00109701
0.0056402
0.000818075
0.00158639
0.00311976
0.000643076
0.00580846
0.00641743
0.0041952
0.00188098
0.0024616
0.00681104
0.00313216
0.00508135
0.00846882
0.0137932
0.00355528
0.0120089
0.00890226
0.00107604
0.00357391
0.00975201
0.00200183
0.00290018
0.00604545
0.0012524
0.00247204
0.00104075
0.00297857
0.0111243
0.0242562
0.00150075
0.00180374
0.00205926
0.00347565
0.00451023
0.00317293
0.000538398
0.00658217
0.00607205
0.00391081
0.00090054
0.00310571
0.00198782
0.00607957
0.024021
0.00105853
0.00119775
0.00222303
0.000392989
0.00533426
0.00540276
0.00602138
0.000466791
0.00344386
0.00711532
0.00244322
0.00681047
0.0112101
0.00152594
0.00193726
0.00500399
0.00172324
0.001666
0.00444943
0.0014675
0.00221356
0.00190026
0.00246157
0.00109541
0.00299454
0.0046929
0.00178207
0.00151807
0.00250557
0.00205095
0.0123947
0.00118913
0.00132965
0.000695214
0.0149263
0.00289453
0.00443544
0.00345752
0.00340192
0.00676494
0.00279377
0.00706448
0.00376246
0.00370684
0.00407419
0.00565242
0.00309512
0.00112116
0.00155538
0.00215624
0.00157784
0.00839692
0.00146148
0.00405055
0.00433726
0.000668057
0.00308995
0.00230391
0.00122826
0.0064361
0.000817379
0.00100429
0.00183951
0.00346906
0.00555186
0.0010575
0.00163447
0.00232734
0.00396339
0.00430148
0.00764682
0.00166737
0.00364646
0.00294003
0.00115455
0.0121131
0.00247787
0.0114927
0.0016459
0.00263061
0.000797964
0.00145747
0.00204383
0.00561518
0.000914345
0.0166062
0.001549
0.0110039
0.0020932
0.00407935
0.00296145
0.000928301
0.00220651
0.00185713
0.00483376
0.000599152
0.00709361
0.00459303
0.00157345
0.0026973
0.0104631
0.00368339
0.00161756
0.00125354
0.00308226
0.00703345
0.0170972
0.00286163
0.00600908
0.00187046
0.00109933
0.00512105
0.00136382
0.00169502
0.00433336
0.00348485
0.00311053
0.00165398
0.00195495
0.00771535
0.00175712
0.00679101
0.00119667
0.0043212
0.00570998
0.00665583
0.00572597
0.00580256
0.00503026
0.00828843
0.00508524
0.00372252
0.00586339
0.00244863
0.00137062
0.00500552
0.00252626
0.00124585
0.00146246
0.00610761
0.000813686
0.00159561
0.00104397
0.00191112
0.0142234
0.000701316
0.00216209
0.00423874
0.00612456
0.0069625
0.00239427
0.00992944
0.00285341
0.00134174
0.00299491
0.00229887
0.00244963
0.0070623
0.00770052
0.0128937
0.00503092
0.0023649
0.00565727
0.00465607
0.0039107
0.00306126
0.00436154
0.00313234
0.00692248
0.00145711
0.00113096
0.00675647
0.00793025
0.00147026
0.0032814
0.00447375
0.00674001
0.0104255
0.00236913
0.0093852
0.00416565
0.00618911
0.00811168
0.00447714
0.0016959
0.00314681
0.0180722
0.00320978
0.00200781
0.00128848
0.00445558
0.00355784
0.00116417
0.00492391
0.0010166
0.00447823
0.000823723
0.0101112
0.0132312
0.0018305
0.00521784
0.00258449
0.00267277
0.000778245
0.0044228
0.00142681
0.00344404
0.00486299
0.000491844
0.00564047
0.00597588
0.00123137
0.00659282
0.000786745
0.00206451
0.00132252
0.00233158
0.00312992
0.00551284
0.0120096
0.00127429
0.00297504
0.00628919
0.00116529
0.000635533
0.0074427
0.0142801
0.00129554
0.0152522
0.00256899
0.00128357
0.00236055
0.000675847
0.00224339
0.0031598
0.00331302
0.00266379
0.00654023
0.00337878
0.00331699
0.00183827
0.0036056
0.00136457
0.0013562
0.00359287
0.0025173
0.00160997
0.00221758
0.00169293
0.00169066
0.00327468
0.00409213
0.000990567
0.00207173
0.00140155
0.00170778
0.00181104
0.00144352
0.000577377
0.00361216
0.00404766
0.00632082
0.00132897
0.00217687
0.00712555
0.0229494
0.00169001
0.0130923
0.0038654
0.00060504
0.013538
0.00114264
0.00657902
0.00475125
0.00154796
0.00239626
0.0122803
0.00277223
0.00115782
0.00220862
0.00585603
0.02145
0.00357141
0.00238587
0.00218202
0.00306132
0.0049677
0.00121049
0.00257403
0.00298303
0.00267087
0.00156068
0.0054401
0.00273925
0.00290384
0.00444403
0.00167448
0.00768152
0.00350794
0.00161114
0.00195016
0.00206664
0.00550635
0.00679306
0.00104984
0.0158874
0.0031664
0.00676377
0.00177615
0.00439807
0.00713052
0.00374308
0.00478276
0.00268585
0.00196989
0.00488156
0.00381972
0.0143611
0.00437404
0.0032173
0.00325381
0.00269756
0.00304817
0.00834936
0.00136036
0.00183398
0.0193921
0.00387753
0.00831578
0.0025052
0.002644
0.00394961
0.007784
0.00236332
0.00602906
0.0117935
0.00260314
0.00223183
0.00316585
0.00347474
0.00155464
0.00305847
0.00682168
0.00335934
0.00144996
0.00348933
0.00677457
0.00278168
0.00409315
0.0026922
0.00170565
0.00304561
0.00724014
0.0036672
0.0020515
0.00206437
0.00259323
0.0029428
0.00114291
0.00243558
0.00369114
0.00208404
0.000664198
0.00301781
0.00956234
0.0103441
0.0034073
0.00353364
0.00103594
0.00809067
0.00188982
0.0033092
0.00368925
0.00306468
0.00253844
0.00439086
0.00442456
0.00198534
0.0112909
0.0199225
0.00194227
0.00239931
0.00110436
0.00133997
0.00378912
0.00280996
0.00261613
0.0032231
0.00263861
0.000986685
0.00522947
0.00165352
0.00571693
0.00139643
0.00133132
0.00255252
0.00249021
0.00311495
0.00117461
0.00136886
0.00538192
0.000874677
0.00312573
0.00528789
0.00129263
0.00119394
0.00355481
0.0047737
0.00311816
0.00180038
0.00181084
0.00146901
0.0106112
0.00421458
0.00128561
0.0140544
0.00231393
0.00146456
0.00513961
0.00180446
0.00202945
0.00564505
0.00285621
0.00392664
0.000794833
0.00427199
0.00129572
0.00291314
0.00235485
0.00283573
0.00124126
0.000397227
0.00506788
0.00419073
0.0133165
0.00595204
0.00319697
0.00233147
0.00705363
0.000804466
0.0102619
0.00113096
0.00492554
0.00276662
0.00248462
0.00184984
0.00134775
0.00122879
0.010067
0.00530292
0.000923492
0.00505263
0.00252837
0.00303103
0.00412201
0.00232387
0.0017002
0.0070358
0.00505326
0.00294088
0.00141907
0.0131999
0.00577682
0.00322483
0.00435302
0.0244628
0.00456816
0.00241912
0.00301001
0.00886792
0.00244401
0.00362552
0.00449421
0.00554321
0.00451557
0.000943073
0.00496475
0.00289195
0.00144664
0.0015937
0.00169964
0.00264303
0.00171633
0.0029543
0.00118395
0.00133226
0.00452005
0.00336677
0.0143815
0.0116171
0.00542662
0.00465654
0.00193329
0.00647794
0.00277643
0.00152083
0.000379657
0.00205686
0.00332372
0.0029624
0.00230325
0.00300843
0.0110188
0.00323809
0.00346438
0.0027483
0.00285148
0.00782018
0.00185566
0.0032402
0.00617352
0.00474969
0.00385539
0.0038337
0.00219135
0.000984659
0.00307112
0.00511765
0.00435315
0.00782242
0.00349434
0.00345355
0.00131849
0.0019727
0.00388899
0.00752521
0.00175082
0.00787768
0.000204904
0.00371116
0.00210489
0.0115131
0.00131523
0.00278784
0.00393817
0.00683325
0.000969968
0.00605228
0.00537142
0.0126994
0.00295865
0.00338008
0.00666572
0.00173731
0.0117579
0.0038694
0.00625026
0.00410763
0.000865172
0.00915431
0.00164286
0.00106354
0.00903303
0.00259946
0.000912537
0.00328908
0.00319794
0.0133618
0.00294838
0.00216755
0.00504253
0.00148187
0.00620699
0.00242473
0.00758021
0.00867466
0.00286933
0.00143323
0.00128502
0.00126982
0.00180513
0.00649962
0.0225936
0.00601299
0.00461044
0.022356
0.00187035
0.00351711
0.0181593
0.00704216
0.00238582
0.00211936
0.00276442
0.0055931
0.00288824
0.00161
0.00913471
0.00413608
0.00521505
0.00235439
0.00153797
0.00514417
0.00147085
0.00237704
0.000933889
0.00235301
0.00171974
0.00126168
0.00170644
0.00196692
0.00495075
0.00198654
0.00330905
0.00503852
0.00217544
0.00166029
0.000473352
0.00417167
0.00684064
0.0013672
0.00624306
0.000893957
0.00567286
0.00908682
0.000468854
0.000951166
0.0010463
0.00229739
0.0042402
0.0249834
0.00104576
0.00127627
0.00226882
0.00186246
0.00159611
0.00575009
0.00776669
0.002229
0.00289451
0.00997487
0.00136048
0.0014112
0.0158243
0.000539916
0.00409941
0.00400758
0.0135712
0.00130436
0.00187708
0.0082832
0.00219963
0.00501237
0.00298834
0.0137664
0.00150943
0.00476795
0.00600129
0.00427017
0.00646296
0.00152579
0.00214143
0.00696011
0.00620441
0.0133644
0.00398692
0.00790447
0.00409587
0.0168253
0.011285
0.000950425
0.00477598
0.00252092
0.00532663
0.00187497
0.00665985
0.00615243
0.000886971
0.00505643
0.000383781
0.00446438
0.00507719
0.000336568
0.00043299
0.00303129
0.000529844
0.00131257
0.0140806
0.0131067
0.00469755
0.000839157
0.00288055
0.00279766
0.0011612
0.00321177
0.014233
0.00483445
0.000391779
0.00508898
0.00235036
0.000438444
0.00636919
0.00228242
0.0035823
0.00243934
0.00169426
0.00482325
0.00445083
0.000865308
0.00285087
0.00533603
0.00527742
0.00929423
0.0050794
0.0027658
0.00142804
0.00103005
0.0028389
0.00202671
0.00241823
0.00202662
0.00206805
0.00150775
0.00463598
0.00189711
0.00617697
0.00111744
0.00332858
0.0190406
0.00213897
0.002524
0.000761411
0.00274894
0.00297012
0.00728729
0.0131642
0.00376483
0.00133697
0.00411001
0.00482049
0.00134423
0.0048212
0.00306797
0.0104989
0.00118483
0.00247527
0.00225157
0.000695955
0.00132376
0.00718831
0.00260762
0.00229659
0.00796797
0.00301949
0.00247961
0.00135889
0.00246934
0.000474781
0.00148135
0.000284963
0.00465846
0.0077614
0.0151666
0.00172038
0.00141311
0.000286079
0.00280372
0.00917644
0.00239318
0.0050152
0.0030729
0.000411924
0.000207365
0.00142902
0.00158082
0.00228736
0.0120202
0.00773571
0.00147475
0.00373605
0.00338809
0.0014443
0.000734784
0.00213688
0.00677
0.00285263
0.00382548
0.00196965
0.0015102
0.000476985
0.00724713
0.00168384
0.00794122
0.00154054
0.0031187
0.0034333
0.00287427
0.00473249
0.00338755
0.00521295
0.00215529
0.00241702
0.000910423
0.00174084
0.00374281
0.00713879
0.0016166
0.00268181
0.00490516
0.00509453
0.00308309
0.00219018
0.000684708
0.00162774
0.00414455
0.00339164
0.00497568
0.00541687
0.00374655
0.0122187
0.00610949
0.000205045
0.0127882
0.00175563
0.00144047
0.00218251
0.0024043
0.00192812
0.00205458
0.00226685
0.00197656
0.00494287
0.0044869
0.00757322
0.00187024
0.00839283
0.00742061
0.00461132
0.00765966
0.000852496
0.00796791
0.00373881
0.00372444
0.00212938
0.00237235
0.00172127
0.00568844
0.00149523
0.00216786
0.00226056
0.00212082
0.00212028
0.00928072
0.00317009
0.00243447
0.00299986
0.00180156
0.00540091
0.00194221
0.00195437
0.00132765
0.0067274
0.000868418
0.00433721
0.00947201
0.0034005
0.00582874
0.0037223
0.00270473
0.00165138
0.00188777
0.00175108
0.00232406
0.00375197
0.00570046
0.0010345
0.0120546
0.00285324
0.00119818
0.00815133
0.00173806
0.00567854
0.000654482
0.0058748
0.00534903
0.0079988
0.00381301
0.00283782
0.00471214
0.00394715
0.00328619
0.00321247
0.000313036
0.00609687
0.0025136
0.000584077
0.0163383
0.0014975
0.00491217
0.000581928
0.00594794
0.00277344
0.00280023
0.00364937
0.00366988
0.00968619
0.0026209
0.000551351
0.00178206
0.0048813
0.00756185
0.00226108
0.00236778
0.00329079
0.000575999
0.00357999
0.00502742
0.00284588
0.00251645
0.00292625
0.00233882
0.00124415
0.00730002
0.00661716
0.00555812
0.00115669
0.00383034
0.0135557
0.00337731
0.00127596
0.000281576
0.00203926
0.00745875
0.00201295
0.00155043
0.00253522
0.00220243
0.00366605
0.00229115
0.000543758
0.00708099
0.000578615
0.00615997
0.00171743
0.00148079
0.00385165
0.0027079
0.0211422
0.00520726
0.00234858
0.00107658
0.00124068
0.00789992
0.00403358
0.0122202
0.00140642
0.0107414
0.00252825
0.00212837
0.00149382
0.00517488
0.00203627
0.0124499
0.0348922
0.0171604
0.0018551
0.00196933
0.00159163
0.000448307
0.0033521
0.0025232
0.00898217
0.00266162
0.00235482
0.000522338
0.00365163
0.000620804
0.0071965
0.00140112
0.000399743
0.000462524
0.00489141
0.00862722
0.000821389
0.00200946
0.0027615
0.000896858
0.00341901
0.00955938
0.00118663
0.00193726
0.00194999
0.000919075
0.00156117
0.000781734
0.00660333
0.00467298
0.00608287
0.00127547
0.00289364
0.00418486
0.00138435
0.00481802
0.0010332
0.00259755
0.00877655
0.00791904
0.00387444
0.000931827
0.00649144
0.0014309
0.00463273
0.00188455
0.00177314
0.00273439
0.00852345
0.0034323
0.00311602
0.00170948
0.00484602
0.00116829
0.0125816
0.00287736
0.0083236
0.00629111
0.00849095
0.00508454
0.00247865
0.00351613
0.00249988
0.000616961
0.0042742
0.00619544
0.00671683
0.00467802
0.00893916
0.00290093
0.00402444
0.00166048
0.00256383
0.00575987
0.00515368
0.00547751
0.0165605
0.00475252
0.0045079
0.0131932
0.00252504
0.00895934
0.00429429
0.00440369
0.000279608
0.00467586
0.00309493
0.000638325
0.00083308
0.00214893
0.0158336
0.0066394
0.00554101
0.000720222
0.00169204
0.00252821
0.00683522
0.0151495
0.00186867
0.00369826
0.00141897
0.00259738
0.00286306
0.0065613
0.0114483
0.00325691
0.00521245
0.00473583
0.00268491
0.0074268
0.00952011
0.000395963
0.00452843
0.00297907
0.000467101
0.00350905
0.0052166
0.00824392
0.00343943
0.00160314
0.00116309
0.000666459
0.00237868
0.00247371
0.00410001
0.00154966
0.0016907
0.0064126
0.00142445
0.00421719
0.00450584
0.00203101
0.00365616
0.00268403
0.00172161
0.00659281
0.00149553
0.00409769
0.00199809
0.00176079
0.00171663
0.00424633
0.00120614
0.00182657
0.0037118
0.00172888
0.00782914
0.00449515
0.00575531
0.00181779
0.000510942
0.0180078
0.00202401
0.00112125
0.0311292
0.00783409
0.00209505
0.00865139
0.00267712
0.00304996
0.0114559
0.00370212
0.00146595
0.0131284
0.0030708
0.0105472
0.00502988
0.00172144
0.00095932
0.0047093
0.00183897
0.00128054
0.0102485
0.000806109
0.00542938
0.0017013
0.005957
0.00544914
0.00515785
0.00201218
0.00326639
0.00196903
0.0019497
0.00126281
0.00101865
0.00597005
0.0032477
0.00341739
0.00173846
0.00550021
0.00695715
0.00297797
0.00581945
0.00321669
0.00295179
0.00655419
0.00247031
0.00194852
0.00668963
0.000984534
0.00159598
0.00324294
0.0027029
0.00689145
0.00399488
0.00149935
0.00184295
0.00966383
0.00738727
0.00147326
0.0017175
0.00574266
0.00243338
0.00225257
0.00167401
0.0020998
0.00144066
0.00244215
0.00291353
0.00124051
0.0017671
0.00467873
0.00305053
0.0363238
0.00687761
0.00124561
0.00180611
0.00110587
0.00169249
0.00295978
0.00474424
0.00113742
0.00519684
0.00378176
0.00399015
0.00427127
0.00174141
0.00109803
0.00395273
0.00210662
0.00348525
0.0416096
0.000463834
0.00461896
0.0013466
0.00313664
0.00322481
0.00112133
0.00146225
0.0022221
0.000908611
0.00384431
0.00280643
0.00311804
0.00115343
0.00247367
0.00344878
0.00122436
0.00124292
0.00118469
0.000503028
0.00725728
0.00427918
0.00655369
0.000972102
0.0124106
0.00209378
0.00350935
0.0105307
0.0032839
0.00170116
0.00688256
0.00525393
0.0117022
0.00766611
0.00158636
0.00164913
0.0107644
0.00262809
0.00840095
0.00718188
0.00122072
0.00181009
0.0336831
0.00494837
0.00248744
0.00141447
0.0071226
0.0236282
0.00136909
0.0119983
0.0133363
0.00197714
0.00275625
0.00374831
0.00304678
0.0118196
0.0073579
0.00173126
0.00856995
0.00426141
0.00973939
0.00143751
0.00327119
0.00190002
0.0046351
0.00339784
0.00338076
0.00303944
0.00322826
0.00416356
0.000902708
0.00264907
0.00647534
0.004799
0.00157568
0.00551888
0.00305798
0.00570503
0.000444031
0.0130008
0.00290263
0.0012805
0.00162463
0.00212863
0.0023174
0.00333107
0.00121639
0.00380532
0.00797789
0.00191841
0.000357359
0.00313006
0.0010618
0.00924039
0.00252013
0.00870018
0.010085
0.000428248
0.00215248
0.00149986
0.000550175
0.00187715
0.00263101
0.0054953
0.00534137
0.00417112
0.00363247
0.00300362
0.00227405
0.00370723
0.0017725
0.00880167
0.00131423
0.00225718
0.00212979
0.0130508
0.00527575
0.000521231
0.00322725
0.00100929
0.00179943
0.00881196
0.00471236
0.0114973
0.00181249
0.00157289
0.00459203
0.00276179
0.0081588
0.00171776
0.000925999
0.00509359
0.00359307
0.00146127
0.00276666
0.0145675
0.00851395
0.00321984
0.00595063
0.00218864
0.00210248
0.00160639
0.0190497
0.00369848
0.010052
0.00479427
0.00345825
0.0111373
0.00143446
0.00223288
0.00206364
0.00303741
0.0145485
0.00103968
0.00161731
0.00531693
0.0017236
0.00382463
0.00709692
0.00278637
0.00569761
0.0191744
0.00586751
0.00282669
0.00398744
0.000805009
0.013128
0.0127586
0.00732177
0.0130774
0.00283817
0.00208627
0.00129066
0.00532217
0.0013171
0.00172832
0.0024432
0.00664716
0.0122579
0.00283631
0.00117047
0.00469728
0.00412416
0.00562277
0.00616219
0.00214001
0.00295739
0.00359901
0.0080072
0.00241042
0.0012509
0.0126068
0.00438365
0.0105393
0.00492827
0.00157979
0.00238376
0.00370778
0.00300831
0.00315485
0.00124557
0.00261644
0.00215509
0.00149507
0.000936391
0.00138501
0.00139287
0.00171779
0.00390349
0.00213672
0.000659402
0.00591265
0.00549413
0.00357052
0.00309009
0.00223154
0.0208224
0.00155851
0.00162115
0.00307313
0.00395758
0.00631089
0.00261045
0.00211267
0.00104362
0.00283515
0.0103502
0.00206476
0.0017823
0.001977
0.00241758
0.0259198
0.00223623
0.00322997
0.00333749
0.00602124
0.00583535
0.00165522
0.00108455
0.00457923
0.00282338
0.00240871
0.00211544
0.0114714
0.00128597
0.0104382
0.0169003
0.00343113
0.00394095
0.00150826
0.00204265
0.000531839
0.000269745
0.00211334
0.0029716
0.00212673
0.00238581
0.000748115
0.00278836
0.0011646
0.00248071
0.0102407
0.00807845
0.00247234
0.0119398
0.00220388
0.00206697
0.0105912
0.00110127
0.00126252
0.00381694
0.00412022
0.00420287
0.011965
0.00246465
0.00644249
0.0053564
0.00205864
0.0019634
0.00446422
0.00380031
0.014524
0.0029699
0.00185269
0.00595965
0.000632564
0.00936034
0.000862782
0.0058181
0.000802862
0.00108611
0.00313875
0.00447163
0.00343506
0.00543958
0.00381247
0.00459141
0.00629376
0.00124976
0.00403321
0.0200475
0.00345864
0.00183619
0.00248565
0.0166478
0.0036656
0.00144106
0.00223797
0.00478005
0.00840886
0.00967144
0.00706703
0.0045389
0.00525145
0.00252448
0.00166417
0.0153285
0.00419553
0.00808193
0.00108961
0.00319497
0.000525895
0.000954077
0.00297131
0.00235494
0.00299791
0.00600428
0.00560199
0.00122731
0.00507579
0.0195542
0.00403032
0.00245691
0.00129193
0.00485499
0.00461726
0.00230054
0.0026841
0.00209294
0.00227753
0.000465918
0.00176659
0.0059748
0.00853868
0.00417349
0.00304485
0.00694326
0.000906628
0.00720097
0.00134827
0.0018247
0.0061795
0.000845277
0.000816572
0.0140612
0.00610243
0.00100146
0.00333719
0.00275287
0.00451513
0.00192046
0.002441
0.0014093
0.00702462
0.00510163
0.00881898
0.00320694
0.00429658
0.00312696
0.00649798
0.00821083
0.0337604
0.00538967
0.0126676
0.00217247
0.00783287
0.0026948
0.000612151
0.00990805
0.00425955
0.00854267
0.00936497
0.002758
0.00344815
0.00558902
0.00767368
0.00776645
0.00170394
0.00417975
0.00358183
0.00140306
0.00312692
0.00144166
0.00638864
0.0206304
0.00177964
0.00790844
0.001745
0.00550415
0.00439154
0.00840358
0.000517628
0.00407025
0.0179047
0.00130134
0.000726653
0.00145854
0.0017455
0.00375795
0.00745992
0.00826664
0.00100455
0.00526395
0.0038362
0.00277531
0.000349823
0.00420578
0.00267248
0.000766387
0.00165734
0.00206337
0.00115806
0.000874277
0.00145072
0.00213638
0.00178042
0.000960152
0.00521338
0.00537491
0.00329939
0.00724736
0.00106972
0.0105893
0.00188367
0.00279218
0.00741686
0.00781199
0.000848286
0.00371986
0.00643359
0.00872329
0.0037809
0.00387706
0.010976
0.00133083
0.00101819
0.00137331
0.0105645
0.00619216
0.00629479
0.000965298
0.00376029
0.00108885
0.00070876
0.00364238
0.00155374
0.00168744
0.00058776
0.00192507
0.00650573
0.0109001
0.00242181
0.00333517
0.003687
0.0155709
0.00157615
0.00138139
0.00189861
0.00828899
0.00320551
0.00340943
0.00866168
0.00434603
0.00510534
0.0094525
0.0022722
0.00562433
0.0105239
0.00107245
0.0110145
0.00317208
0.00321988
0.00190188
0.00132664
0.00840269
0.0062657
0.000333701
0.000795939
0.00316448
0.0042353
0.00629416
0.002301
0.00400194
0.00243729
0.00276478
0.00237025
0.000742278
0.0045221
0.00216019
0.00379877
0.00566747
0.004499
0.00035424
0.00841844
0.00298236
0.00336225
0.000241745
0.00271104
0.0044333
0.00262699
0.00246181
0.00153008
0.00750712
0.00195797
0.0262461
0.00156825
0.00263963
0.00524429
0.00202735
0.00304408
0.00416421
0.00569511
0.00180412
0.00165911
0.000852619
0.000715512
0.00101836
0.0132206
0.00195369
0.00278013
0.00311477
0.00326582
0.00201886
0.00153753
0.00419472
0.00208937
0.00128414
0.0013763
0.00462019
0.00179673
0.00200065
0.0069879
0.0053572
0.00655452
0.00160009
0.00224522
0.0076074
0.000915614
0.0036346
0.00985368
0.00153815
0.0176052
0.000760853
0.0021927
0.000328952
0.00424336
0.00473012
0.000935643
0.00257077
0.00136884
0.00420826
0.00268728
0.00132665
0.0101981
0.0018196
0.00459699
0.00182149
0.00287593
0.00291681
0.00144529
0.00347018
0.00280721
0.00221433
0.0100412
0.00372483
0.00297038
0.00115698
0.00243385
0.0022385
0.00139936
0.0049117
0.00290917
0.00351688
0.00166516
0.00338177
0.0146845
0.00440179
0.00724294
0.00310579
0.0015951
0.00335185
0.0110831
0.0233549
0.00220843
0.00223103
0.00411113
0.0018929
0.00826379
0.00390661
0.00221087
0.00583834
0.0033655
0.00180859
0.00102619
0.00242435
0.0128834
0.00425037
0.00273803
0.0019633
0.00212887
0.00669948
0.00401501
0.00179971
0.0112373
0.00515288
0.00582227
0.00219864
0.00538632
0.000424834
0.000986406
0.00215221
0.0031183
0.00276967
0.00329085
0.00122397
0.00134961
0.00308892
0.0012843
0.00989803
0.0013377
0.00163624
0.000990906
0.000911443
0.00164599
0.00503658
0.00694269
0.0116289
0.00407857
0.00553983
0.00793551
0.00111116
0.00127206
0.0136075
0.0284782
0.00150484
0.00953233
0.00285772
0.00813791
0.00529486
0.00167295
0.00273756
0.00150429
0.0030544
0.00379721
0.00126351
0.0175727
0.00194846
0.0012638
0.00294972
0.00993552
0.00210567
0.00203943
0.000755732
0.00345182
0.00230267
0.0104658
0.00357501
0.00549629
0.00445927
0.00513646
0.00258079
0.00286171
0.0137465
0.00347989
0.0181152
0.00804086
0.00164547
0.00374949
0.00158916
0.00350249
0.0057619
0.00415777
0.00512765
0.00178989
0.000987313
0.0060802
0.00545399
0.0019624
0.00503632
0.0137214
0.00293975
0.0012972
0.00412866
0.00285216
0.00105298
0.00636491
0.000637243
0.00730828
0.0045312
0.00359674
0.00475546
0.000460463
0.00368033
0.0051866
0.00121013
0.00624096
0.00595791
0.00190284
0.0064416
0.0141068
0.00139163
0.00103294
0.00231663
0.0109488
0.00153257
0.00415363
0.00459247
0.00269428
0.00162893
0.00330611
0.00208582
0.0221952
0.00379958
0.00341844
0.00153213
0.0104807
0.00126783
0.000781655
0.00391204
0.000986451
0.00313193
0.00377375
0.00339634
0.00155478
0.000850333
0.00556243
0.00426001
0.0013416
0.00116357
0.000460006
0.0055636
0.00444236
0.000477037
0.00383456
0.00119091
0.00233621
0.00148752
0.00284983
0.00253048
0.00230463
0.00417056
0.000923207
0.00196948
0.00329851
0.002457
0.00976663
0.00232272
0.00230752
0.00249465
0.00169831
0.00103593
0.0219694
0.00500611
0.00606715
0.0233174
0.00186516
0.00305558
0.00280846
0.00596305
0.000966238
0.00165777
0.000913186
0.00786519
0.00559013
0.00452214
0.00787631
0.00262371
0.00672204
0.00386243
0.00218599
0.00697978
0.00391799
0.00270953
0.00716342
0.00135806
0.0252144
0.000786155
0.00146183
0.00134787
0.00376104
0.0025824
0.00264426
0.00305616
0.00123061
0.00231479
0.00303263
0.00208993
0.00606635
0.00163792
0.0014896
0.00188782
0.0111317
0.00978738
0.00215367
0.000202989
0.00121469
0.00385763
0.0123875
0.00287388
0.00237594
0.00198142
0.00667051
0.00556396
0.00471378
0.0040304
0.00304525
0.00289333
0.00139654
0.00205324
0.00491786
0.00816706
0.00178447
0.00230168
0.000678499
0.00645028
0.00240937
0.00263773
0.00555343
0.00319782
0.00202515
0.00235698
0.00228718
0.00283076
0.00324556
0.00292678
0.00177324
0.00260319
0.00593895
0.00151019
0.00297646
0.0043126
0.000823215
0.0051791
0.00237683
0.00430553
0.00207989
0.00150749
0.00505617
0.0120138
0.00166431
0.00123952
0.00459876
0.000357542
0.00299275
0.000483624
0.00123514
0.00316501
0.00438956
0.00180503
0.00348609
0.00982572
0.00452548
0.00210173
0.00859537
0.00699226
0.00400081
0.00175299
0.0040983
0.0135668
0.00685034
0.00234697
0.00545357
0.0079778
0.00583276
0.00485791
0.0016063
0.00308282
0.00417844
0.00197893
0.00436737
0.00221744
0.00336302
0.00114064
0.0104348
0.00276762
0.00249233
0.00268174
0.00253115
0.00144094
0.00356813
0.00211285
0.00274096
0.00276216
0.0053045
0.00312184
0.00553549
0.00118059
0.00568475
0.00265379
0.00212049
0.00350976
0.00756403
0.0007708
0.00355397
0.0186266
0.0101069
0.00564453
0.00308133
0.00196052
0.000480023
0.00281627
0.00188601
0.00551754
0.00222789
0.00478733
0.00236823
0.00067902
0.00290414
0.00176329
0.00138266
0.00962058
0.0102938
0.00304155
0.00281139
0.00464728
0.000473511
0.00403255
0.00260027
0.00338341
0.00687179
0.00277608
0.0021397
0.00438665
0.00247065
0.00142182
0.00691762
0.0103644
0.00290814
0.012949
0.00104784
0.00759588
0.00872599
0.00162155
0.00101601
0.00782462
0.00162223
0.00164983
0.0111697
0.00628754
0.00161118
0.000795433
0.0016365
0.00367783
0.00470639
0.00123942
0.00108647
0.0078898
0.00105722
0.0175748
0.00780034
0.00264088
0.001976
0.00329009
0.00190362
0.00230596
0.0129962
0.00125769
0.00569431
0.00665797
0.00526127
0.0023494
0.00823168
0.0026557
0.00443493
0.00688103
0.00318561
0.00183358
0.000654291
0.000916486
0.00426731
0.00224163
0.00235823
0.00077086
0.0122413
0.000543749
0.00423045
0.00222414
0.00661614
0.00760185
0.000849601
0.00303539
0.00633564
0.00590956
0.00201728
0.00329524
0.00144156
0.00447281
0.00308047
0.00173272
0.00170107
0.00416628
0.000295583
0.000684944
0.00342481
0.00104615
0.00227256
0.00362796
0.00357331
0.00917296
0.0161114
0.00104127
0.00683955
0.00205815
0.00421823
0.00169515
0.00142931
0.00646526
0.00116465
0.00323434
0.0291078
0.0017699
0.00206789
0.00951066
0.0182258
0.00207076
0.00331243
0.00530389
0.0019386
0.00267184
0.00079089
0.000677854
0.000949755
0.0028258
0.0108287
0.00874818
0.00292339
0.00210232
0.00138503
0.000889902
0.00388226
0.00394628
0.00725988
0.00328782
0.00566497
0.000746812
0.00791404
0.00519516
0.00367031
0.00198928
0.00116615
0.00330921
0.00418594
0.0089377
0.0050331
0.00177204
0.0051349
0.00143992
0.0023869
0.00425702
0.00186421
0.00220349
0.00106592
0.000779612
0.00536154
0.00617918
0.00529545
0.00635722
0.000879732
0.00445688
0.00379921
0.00146351
