0.030385
0.0260365
0.0493541
0.00338695
0.0633546
0.0243866
0.0263277
0.0429929
0.0242443
0.00155324
0.0245992
0.00563421
0.00777964
0.00110841
0.0175893
0.000762927
0.0228603
0.0389767
0.0579615
0.00679162
0.00944142
0.0627679
0.0587754
0.00532412
0.0304942
0.00785941
0.035732
0.0657383
0.0118149
0.0139889
0.0144969
0.0218484
0.00561426
0.016162
0.00599852
0.0113533
0.066837
0.0178684
0.00952794
0.0205896
0.00219824
0.00450334
0.0120926
0.00328046
0.00428029
0.0458681
0.00143781
0.0364422
0.000564566
0.0530349
0.0468869
0.0192793
0.0131111
0.0218966
0.0220623
0.0606032
0.00588076
0.0159172
0.0136122
0.00494225
0.0129844
0.0227953
0.0328004
0.0209517
0.0677514
0.0224955
0.0108818
0.00397122
0.0096169
0.0453146
0.0258414
0.0224368
0.0120865
0.102208
0.0115394
0.0205559
0.00204635
0.00770069
0.119177
0.0255111
0.039349
0.0469226
0.000890867
0.0431242
0.0517209
0.04221
0.026695
0.00907838
0.00869097
0.00115295
0.016477
0.0173739
0.00790081
0.0226595
0.0395177
0.0395125
0.0237873
0.0589485
0.0381591
0.0235392
0.0761864
0.146236
0.00705021
0.0102025
0.0140255
0.0115266
0.00864651
0.0234826
0.00753031
0.0259148
0.00603515
0.00609793
0.0203531
0.115154
0.000975978
0.0450783
0.21209
0.0758151
0.0291522
0.0272883
0.00438107
0.00758839
0.0283323
0.0294232
0.0187946
0.00698163
0.0249121
0.0332503
0.025464
0.0192279
0.0300316
0.011584
0.0570758
0.0411305
0.0494791
0.00131949
0.0028539
0.00547778
0.0133587
0.018515
0.00189685
0.0129677
0.00592449
0.0153056
0.00153456
0.0349461
0.0262689
0.108507
0.142749
0.0195081
0.01661
0.0281593
0.00827212
0.0275169
0.0200462
0.0131576
0.014586
0.025188
0.022653
0.0206165
0.01788
0.01988
0.0150173
0.0144151
0.0237198
0.0356189
0.0433735
0.000706463
0.000371683
0.0443603
0.00123839
0.0408294
0.00576623
0.00407765
0.0242826
0.0162502
0.00368786
0.0285759
0.0880872
0.0135292
0.00990189
0.00916178
0.00860348
0.0166874
0.0645841
0.0155145
0.0455787
0.0528794
0.00413347
0.0351439
0.0567305
0.011166
0.0162287
0.000316655
0.0877512
0.100449
0.0096595
0.0244881
0.0188885
0.0113997
0.0253507
0.0360023
0.00692303
0.00596986
0.0124959
0.0167736
0.0277163
0.0845822
0.0185268
0.0884819
0.00785215
0.0130034
0.170862
0.00932049
0.0146383
0.00250338
0.0135799
0.0220674
0.0107328
0.0229931
0.0489701
0.0157413
0.0584541
0.0322564
0.0260102
0.00214184
0.0263887
0.00532181
0.0384146
0.0274245
0.00550967
0.0503624
0.0125304
0.0198351
0.0505713
0.0430671
0.0054223
0.0246521
0.00928552
0.0169779
0.00576419
0.0164238
0.0351063
0.0253198
0.0218059
0.106623
0.0215082
0.0194798
0.0235355
0.0194412
0.0714073
0.0291667
0.0433681
0.0101253
0.0285564
0.00843812
0.0662848
0.0186571
0.105593
0.059766
0.0518149
0.0188559
0.0197522
0.0166719
0.00705084
0.0121094
0.012412
0.0302131
0.0545567
0.0252097
0.00961654
0.0345865
0.00284751
0.0442474
0.0258822
0.0136861
0.029173
0.0105205
0.0190082
0.00947449
0.00928413
0.0188339
0.0239952
0.00299876
0.0390218
0.00805732
0.0230362
0.0381811
0.0591889
0.105974
0.0834948
0.107915
0.00973548
0.0210955
0.0270459
0.0240307
0.00757756
0.0787785
0.0311087
0.00292796
0.0145394
0.0333906
0.00365473
0.0207749
0.0323841
0.0135361
0.0061426
0.047609
0.00148532
0.00526342
0.0170989
0.0296173
0.0203465
0.128245
0.0437663
0.0138758
0.00950708
0.00694296
0.0141996
0.0223084
0.231154
0.0397058
0.0341466
0.0177902
0.014674
0.00128638
0.0406281
0.0436542
0.0249658
0.0019881
0.00415477
0.0926529
0.0359323
0.00759643
0.00869897
0.0349226
0.0566776
0.0169037
0.0162331
0.0124081
0.008127
0.00892394
0.0141307
0.0165247
0.0142881
0.0253246
0.0852452
0.00960321
0.0111489
0.0294599
0.047599
0.0100491
0.0216837
0.00559637
0.00778247
0.181179
0.114264
0.00942855
0.00731667
0.0238851
0.037254
0.068334
0.00690178
0.0225112
0.0301001
0.00857294
0.0233132
0.00852099
0.0142816
0.0391348
0.0292941
0.0120597
0.011042
0.0298235
0.0566019
0.0295674
0.0226658
0.00246005
0.067676
0.0263558
0.0158164
0.02461
0.0155387
0.0186042
0.0160297
0.0132852
0.0542711
0.0183511
0.0327213
0.0177617
0.00427363
0.0508981
0.0037289
0.0341794
0.035732
0.00798835
0.0206271
0.0126741
0.017563
0.00527157
0.0175715
0.0387414
0.0188669
0.0161865
0.0198401
0.0380716
0.00576854
0.0310698
0.0152328
0.0236654
0.00828689
0.00654422
0.00874915
0.143278
0.0026343
0.0257063
0.0663545
0.015218
0.0300882
0.118454
0.0466364
0.0468403
0.0107023
0.0123761
0.0538098
0.01522
0.0142816
0.0109688
0.0100768
0.0290041
0.0362154
0.0244315
0.00688802
0.0174842
0.0134855
0.0432066
0.03494
0.0122898
0.0577867
0.0108561
0.07422
0.0173705
0.0152083
0.0107353
0.020062
0.0523582
0.0545992
0.0296054
0.0167227
0.0152739
0.0128916
0.00475992
0.0239412
0.0201894
0.0654892
0.00918534
0.0150931
0.0166375
0.00324752
0.019159
0.0463475
0.0275868
0.036975
0.01284
0.0191712
0.00204731
0.0173888
0.0277667
0.0519968
0.0177766
0.0672802
0.0031054
0.00693462
0.0315377
0.0369725
0.0492336
0.0101963
0.0614999
0.0121864
0.0275655
0.0311714
0.0173918
0.0148004
0.0179177
0.0172248
0.0291474
0.0238088
0.0130605
0.0336579
0.00522629
0.0648358
0.00115609
0.0493095
0.0784965
0.0222383
0.053928
0.00918647
0.00519936
0.0110567
0.0142048
0.00182176
0.0241711
0.091997
0.0183939
0.0412472
0.0241665
0.00619362
0.0472946
0.0153422
0.145227
0.0024111
0.00870353
0.168792
0.127199
0.00392428
0.0143886
0.0161921
0.00907726
0.0270958
0.0119328
0.0109359
0.0202791
0.012643
0.00880381
0.0218345
0.0755425
0.0171078
0.0685204
0.0257275
0.0208811
0.0811312
0.0283073
0.0336102
0.0469429
0.00776691
0.0144784
0.00419157
0.0109534
0.0958492
0.000335664
0.0162312
0.0121063
0.0115006
0.0134303
0.0105683
0.0140571
0.034964
0.00229376
0.0266309
0.00575035
0.0271673
0.00871206
0.0163095
0.00207112
0.0156792
0.0135074
0.0289074
0.0102117
0.0147773
0.0321118
0.00999216
0.0932493
0.00924143
0.0243377
0.0169218
0.0461839
0.00131236
0.0277279
0.000449102
0.0231696
0.0635639
0.0281615
0.047606
0.00982701
0.0969696
0.0159404
0.0157175
0.00865311
0.00427495
0.00728707
0.013455
0.000518766
0.00225164
0.0492862
0.0181435
0.0556155
0.00606006
0.00968198
0.0192662
0.00512793
0.00799088
0.0106192
0.0263474
0.053162
0.0216949
0.0108681
0.00942997
0.0130573
0.0168064
0.0243299
0.020653
0.0506677
0.0268507
0.0352698
0.0538822
0.0182907
0.00506079
0.0129421
0.104761
0.0063379
0.0862476
0.0142171
0.0195524
0.0211639
0.0272207
0.0251156
0.058996
0.119447
0.0103902
0.0268369
0.0207193
0.016859
0.025471
0.0318627
0.0888232
0.0172921
0.0374362
0.0257038
0.0174059
0.00768783
0.0101526
0.019747
0.0132101
0.0695097
0.052262
0.0186518
0.00173985
0.0970471
0.0148423
0.0199021
0.0705852
0.0478903
0.0430125
0.0243704
0.00574209
0.0425123
0.0364616
0.0189105
0.0795407
0.0311298
0.005697
0.0670741
0.0122886
0.00275396
0.00908728
0.00152789
0.0190655
0.0149859
0.0256792
0.0477785
0.0011978
0.0183772
0.161747
0.0177472
0.00594562
0.0300323
0.0634677
0.0156337
0.0431545
0.0534048
0.0124881
0.0713925
0.005038
0.0406515
0.0192919
0.0193417
0.0201361
0.0331112
0.000915409
0.00885947
0.0277927
0.0252818
0.00416745
0.0109914
0.0225208
0.00756421
0.0103407
0.0401975
0.0132005
0.00879891
0.0959734
0.0191353
0.0121224
0.0143834
0.0147991
0.0204134
0.0182702
0.0149874
0.117666
0.0104849
0.00502282
0.127861
0.00798086
0.00195274
0.0527972
0.00271299
0.0125157
0.0065501
0.0109229
0.0912324
0.00209333
0.0119137
0.00494987
0.129938
0.0386832
0.00309129
0.0276154
0.0200201
0.0209912
0.0187337
0.0160223
0.0160534
0.019515
0.0112083
0.0219366
0.0159273
0.0109269
0.0243224
0.0139254
0.0125966
0.0155587
0.0123974
0.0225833
0.0119312
0.00848705
0.0501238
0.00280368
0.00628022
0.0574924
0.0521498
0.0836853
0.0193289
0.0242448
0.0158005
0.0993948
0.0321173
0.060366
0.00987859
0.0997439
0.00153506
0.0168536
0.00106367
0.00770334
0.0463515
0.0135854
0.0191608
0.0143453
0.00557934
0.00458241
0.0142332
0.0109195
0.0197895
0.0248182
0.00987602
0.00952283
0.0104372
0.00646609
0.0305781
0.116892
0.155737
0.0450761
0.0164585
0.00664027
0.0198619
0.0235298
0.0808694
0.0224657
0.00165306
0.041906
0.0306055
0.0141136
0.0077137
0.0108948
0.0719789
0.0463056
0.0216538
0.041359
0.0140856
0.0261527
0.0083719
0.0189235
0.0172424
0.0210166
0.00199966
0.012862
0.0137629
0.0184665
0.00772949
0.0810327
0.00460348
0.00336929
0.0342001
0.0155521
0.00340631
0.00900352
0.00220102
0.0177953
0.00358101
0.00133761
0.0265701
0.096596
0.00863579
0.114623
0.014621
0.0121385
0.00738127
0.250382
0.00265825
0.0921016
0.0110375
0.00645892
0.0170747
0.0169551
0.0127277
0.0848101
0.0774663
0.0121379
0.00576499
0.0653241
0.00914667
0.0793143
0.0870631
0.0138449
0.0182603
0.010953
0.0160985
0.00596315
0.005355
0.0833935
0.019034
0.0055962
0.0170019
0.0138046
0.0179906
0.0156688
0.00850014
0.0233311
0.00832588
0.00182321
0.0477399
0.0103814
0.00539638
0.0162559
0.00201679
0.0223189
0.0272242
0.0197224
0.0184501
0.00145504
0.0316503
0.00774891
0.00540926
0.0343953
0.00895374
0.0298027
0.0244216
0.0468961
0.00727021
0.0212379
0.111763
0.0142641
0.0462884
0.00695893
0.0291148
0.0243194
0.0237008
0.109908
0.0310764
0.0458684
0.0108664
0.00678231
0.0192447
0.051519
0.0114724
0.0315572
0.011399
0.0179919
0.0281338
0.0368579
0.0674578
0.039992
0.0873389
0.0112095
0.0209286
0.0918639
0.00941698
0.0261001
0.00654101
0.00300132
0.0195452
0.0183441
0.00773894
0.0193146
0.0377175
0.0840943
0.0196765
0.0306238
0.0257857
0.0236604
0.0634321
0.0228687
0.0218655
0.0166615
0.0377386
0.129736
0.00897146
0.0152006
0.033701
0.0163722
0.0074054
0.0134859
0.0125391
0.0124392
0.0531461
0.012675
0.00099462
0.0296159
0.00148295
0.0462329
0.0279165
0.0121209
0.0189105
0.0748201
0.0253809
0.029322
0.0174561
0.0126329
0.00341565
0.0104586
0.0108535
0.0160464
0.00147657
0.0100925
0.0162958
0.0089263
0.00576505
0.0127551
0.0200785
0.00823977
0.0160726
0.080862
0.0332665
0.00602817
0.011258
0.0122564
0.0163921
0.0986124
0.0192581
0.0139458
0.0146127
0.00617081
0.00622656
0.0171006
0.00567246
0.00133528
0.0355083
0.140285
0.00717641
0.0052749
0.0102602
0.00615003
0.0445368
0.0858531
0.0149229
0.0144992
0.00885778
0.0368308
0.0362077
0.08419
0.0109998
0.024606
0.0251434
0.010644
0.0148861
0.00140997
0.00219707
0.0139123
0.0117003
0.0166103
0.0269347
0.00894927
0.0136986
0.00378722
0.0569948
0.0442105
0.0110868
0.0720484
0.0108009
0.0610032
0.0628194
0.0667914
0.0243689
0.062709
0.0140354
0.00185882
0.0273015
0.0101011
0.0100645
0.0210993
0.0140544
0.0238898
0.0109932
0.0461917
0.00518356
0.00681871
0.1045
0.00732565
0.0873973
0.000320806
0.0314568
0.0116429
0.0465248
0.0128412
0.00521919
0.0939121
0.00403132
0.0224831
0.0555255
0.0344525
0.00604265
0.068333
0.00464722
0.0113803
0.00906198
0.0174063
0.023575
0.0128479
0.0495696
0.0311853
0.060518
0.0586429
0.0307383
0.00292602
0.00569452
0.013166
0.0256598
0.0136792
0.00938038
0.0136718
0.0230506
0.00750047
0.0149167
0.00894636
0.000208763
0.00080159
0.0275321
0.000781906
0.0047786
0.0250988
0.0331337
0.0258174
0.0408166
0.00793807
0.00633762
0.112865
0.22705
0.00877247
0.0170942
0.0099539
0.00624642
0.0178153
0.0350622
0.0381408
0.113647
0.00797778
0.0332337
0.00102715
0.0502599
0.0265548
0.0213469
0.0317171
0.0194585
0.0131742
0.0313596
0.0218407
0.0115976
0.0154893
0.0231372
0.0178137
0.00940225
0.0204062
0.0861734
0.00774834
0.0159824
0.0451747
0.0599067
0.0156737
0.0196053
0.0198266
0.0102618
0.0102731
0.00709893
0.0360759
0.00518774
0.0292124
0.0101308
0.0239882
0.0711
0.0127316
0.0205112
0.0286046
0.00712912
0.0719366
0.0251018
0.00247334
0.0183086
0.0101652
0.0363709
0.00613508
0.0192277
0.00580845
0.00553572
0.0370427
0.00138904
0.0141644
0.00953793
0.0153274
0.0135506
0.0117544
0.0595462
0.108651
0.0485602
0.0172555
0.0256174
0.00899896
0.0102939
0.00765869
0.0127334
0.0371976
0.0640563
0.0484791
0.0276889
0.0107201
0.0173746
0.0360803
0.00698385
0.0141675
0.0522625
0.0398786
0.0103796
0.0139953
0.0104007
0.00812799
0.0463967
0.00289514
0.0206284
0.0219225
0.0145116
0.0560007
0.00580576
0.0064068
0.00113653
0.00590391
0.0136251
0.00787016
0.0037167
0.0493478
0.0221415
0.0761779
0.00522945
0.0318427
0.0106912
0.110243
0.108143
0.00481408
0.0974685
0.0114804
0.0154009
0.128536
0.0216407
0.0288744
0.0635864
0.011532
0.0337448
0.0422144
0.0179991
0.0370371
0.00974107
0.0616998
0.0162263
0.0025225
0.036348
0.0235153
0.0163014
0.012823
0.00408923
0.00670525
0.074157
0.000993898
0.0291205
0.00773141
0.0198084
0.00793502
0.00669922
0.0520111
0.0103926
0.0068135
0.0442116
0.00737934
0.00739827
0.0282091
0.000498952
0.0629787
0.025233
0.128472
0.0584419
0.0374149
0.0334459
0.00293736
0.0138238
0.0103701
0.00751799
0.0280582
0.000682324
0.0110511
0.0274733
0.0154927
0.0341461
0.0342158
0.0172969
0.000674935
0.0245868
0.060807
0.00310005
0.00798549
0.00877077
0.0202233
0.00111147
0.00745627
0.0193721
0.0190098
0.0277783
0.010553
0.0110149
0.00225098
0.0280402
0.0130817
0.00137815
0.00875595
0.00575105
0.00666779
0.0137227
0.0608236
0.0422438
0.0632167
0.0257676
0.0169885
0.0185514
0.0137603
0.0314058
0.0104757
0.167927
0.0313517
0.0413362
0.00530601
0.0205149
0.105473
0.0120514
0.00864116
0.0196828
0.0313438
0.00260554
0.00347957
0.0114114
0.0329418
0.0179341
0.0227519
0.068135
0.000178102
0.0182324
0.191687
0.014302
0.015206
0.063636
0.0229351
0.0116985
0.0164471
0.0373671
0.0284678
0.0264582
0.0140898
0.0258142
0.0104344
0.0860835
0.015275
0.051176
0.0128064
0.0137053
0.00113618
0.022063
0.0219339
0.00123212
0.0190568
0.0229627
0.0157817
0.0230602
0.0156838
0.0226192
0.00973155
0.0331612
0.114642
0.00596613
0.00688533
0.0329478
0.0447029
0.0239627
0.013289
0.00410727
0.0543259
0.0179764
0.10843
0.0153587
0.030782
0.0150007
0.0022323
0.041596
0.00070637
0.00308252
0.00936554
0.0385106
0.0368226
0.0544134
0.0222063
0.00616528
0.0173202
0.0101735
0.00332801
0.0308708
0.000689193
0.0206907
0.00197555
0.0350392
0.00449151
0.000960655
0.0216784
0.0134112
0.0906018
0.0111317
0.0415724
0.0189377
0.0492806
0.0281116
0.00646949
0.0355611
0.0148564
0.0260822
0.0372756
0.0166379
0.0103977
0.0225248
0.0117125
0.148701
0.0153728
0.0132181
0.0138974
0.0193484
0.012595
0.0153456
0.0717731
0.0104654
0.0471908
0.0123543
0.00659829
0.0103473
0.00934145
0.0324995
0.0364594
0.000320188
0.0247737
0.0217714
0.00302191
0.00709146
0.00408121
0.00199097
0.0196639
0.0276791
0.11997
0.0220208
0.0218091
0.0703988
0.0119953
0.0457521
0.124946
0.00871307
0.00700484
0.172812
0.0184229
0.000889353
0.0385574
0.010147
0.00980946
0.00600837
0.01822
0.024745
0.0144859
0.0132533
0.00225311
0.00118561
0.0281722
0.0198462
0.0192746
0.00930948
0.0111777
0.0037419
0.0125956
0.0127158
0.0245716
0.00996963
0.026785
0.0140012
0.02118
0.0959411
0.00278116
0.0191637
0.0211577
0.0227071
0.0010549
0.0216896
0.0764335
0.0139687
0.0342963
0.0185553
0.024377
0.0262168
0.0115189
0.017842
0.0138563
0.00352363
0.0656605
0.00177419
0.0502278
0.0286757
0.00213595
0.057987
0.0309832
0.0244723
0.0104732
0.0053042
0.0247869
0.0598152
0.0152757
0.0085824
0.0273112
0.00344415
0.0125838
0.111899
0.00609957
0.0144856
0.062922
0.0170766
0.0111765
0.0083104
0.0117843
0.00669214
0.0209232
0.00879607
0.133036
0.0113632
0.00419683
0.0201502
0.00295258
0.0246364
0.0484461
0.0192365
0.00206024
0.0386907
0.0267661
0.0453945
0.0608079
0.0552265
0.0209534
0.0935871
0.0263393
0.0436837
0.0257957
0.0913642
0.0396147
0.0213658
0.0239412
0.012701
0.0048497
0.00147643
0.0289185
0.0302935
0.0069475
0.108494
0.0143472
0.0258427
0.0337058
0.0112782
0.0194724
0.00320923
0.0204033
0.0122891
0.00420834
0.0420962
0.0192716
0.0868333
0.0319311
0.0407889
0.00901185
0.0355607
0.0610048
0.0120017
0.00933759
0.00576923
0.00507382
0.0070387
0.0189587
0.00750499
0.0226861
0.00207619
0.0218695
0.0232937
0.0106092
0.0109759
0.00440312
0.0105106
0.0112241
0.0804401
0.00777974
0.0306077
0.0501161
0.0101539
0.0125044
0.0143257
0.0201541
0.0230152
0.0205416
0.00804456
0.018764
0.00763649
0.0601406
0.0156412
0.00414423
0.0183223
0.0423869
0.0090879
0.00557217
0.0179142
0.0200314
0.0250898
0.00901671
0.00327768
0.00104231
0.0183417
0.0106295
0.00154467
0.00633912
0.0507471
0.00900913
0.0173072
0.00497585
0.0163463
0.0136676
0.0483114
0.0374855
0.0135162
0.0232371
0.015048
0.0171145
0.00975155
0.000942961
0.00889248
0.013292
0.0151505
0.0396889
0.0592477
0.107953
0.0734786
0.0203538
0.00944397
0.114341
0.0351237
0.0312975
0.0170335
0.00543759
0.0197801
0.0807396
0.0614994
0.009182
0.0234281
0.0540328
0.00819479
0.0153966
0.0244603
0.015494
0.00844816
0.00693543
0.0123091
0.018682
0.0138619
0.0171363
0.0319789
0.0441517
0.0273103
0.00593587
0.0126028
0.00843892
0.030519
0.0195941
0.0193766
0.00826473
0.00436541
0.0208658
0.0029017
0.0241838
0.00452208
0.032983
0.0651588
0.0276896
0.000300799
0.0246974
0.00460584
0.0129272
0.0149671
0.0295811
0.0786075
0.00743948
0.0236534
0.0389706
0.00294658
0.0110898
0.0129319
0.00566847
0.0492102
0.0132344
0.0245241
0.0127095
0.00765035
0.0306514
0.0239511
0.0145366
0.144679
0.0597488
0.0156686
0.0602699
0.007542
0.0220347
0.000846432
0.0236614
0.00662452
0.0115717
0.00747889
0.0476282
0.00356383
0.0558905
0.0395916
0.0166797
0.0103293
0.152321
0.00270538
0.109522
0.0205952
0.0325264
0.00768357
0.0274009
0.0507877
0.0551785
0.0873903
0.0263383
0.0280997
0.00775988
0.000445447
0.0836759
0.00145178
0.00117148
0.0372262
0.0469083
0.0455906
0.0517887
0.0138059
0.00560649
0.00588728
0.0679961
0.00561768
0.0391269
0.0199973
0.0164528
0.0357471
0.0492853
0.0578869
0.0258353
0.00854503
0.00926897
0.0597018
0.0448648
0.0149712
0.0148671
0.0102674
0.009241
0.013849
0.0246715
0.00543351
0.06104
0.00213688
0.000761278
0.00389274
0.032376
0.0260221
0.0372456
0.0120413
0.00180302
0.00496717
0.0107673
0.049952
0.00898432
0.00954168
0.0303613
0.18248
0.0169856
0.0244918
0.00958171
0.0118833
0.0973452
0.0158098
0.0164642
0.0198577
0.0206277
0.0117496
0.0223714
0.0516866
0.0358515
0.107792
0.0232722
0.0466833
0.00155295
0.0166877
0.0569304
0.0288356
0.0113545
0.00852688
0.0143154
0.00906876
0.020482
0.0653966
0.0265806
0.0352877
0.0591232
0.0403648
0.0185485
0.028484
0.00411765
0.0203978
0.0110344
0.00812571
0.021371
0.00946891
0.219886
0.00225975
0.00579007
0.0204344
0.00659017
0.0121512
0.00728276
0.00967721
0.00113346
0.0186399
0.0151975
0.0219546
0.0427307
0.0215843
0.0190757
0.00977716
0.0482229
0.0452859
0.00921607
0.0500755
0.0147964
0.0144535
0.0172083
0.0584377
0.0180883
0.0107583
0.0122275
0.00692437
0.0153057
0.0191192
0.0135733
0.0069368
0.0247852
0.0022153
0.0100185
0.0177959
0.025929
0.0146895
0.00948841
0.0407398
0.0273094
0.00572003
0.0750517
0.00513098
0.0319161
0.0415407
0.0180525
0.00306723
0.0219512
0.0382365
0.0232813
0.00558965
0.00642056
0.056581
0.0248981
0.0314431
0.0563539
0.0369051
0.00454756
0.0153279
0.0126963
0.017476
0.0256104
0.00651233
0.0522813
0.00954221
0.0302956
0.00605999
0.00983228
0.00281241
0.0511681
0.107564
0.0202757
0.0113229
0.0462798
0.0155434
0.0162882
0.0218661
0.122969
0.0157412
0.0155122
0.0149834
0.030409
0.0223576
0.0271463
0.0187587
0.00769483
0.0851658
0.0395133
0.00819236
0.000686554
0.0193677
0.0723711
0.00648545
0.0484372
0.00066308
0.17588
0.0138675
0.0190609
0.00978551
0.00837614
0.0680653
0.0230687
0.00261125
0.07058
0.00371467
0.00738537
0.0439122
0.0523272
0.0227862
0.0293483
0.0527408
0.0121828
0.0867335
0.0210297
0.0696923
0.103739
0.0273753
0.00694217
0.0137886
0.0557351
0.0215773
0.00377185
0.037229
0.0175226
0.0890299
0.00984154
0.016503
0.0166458
0.0173246
0.000735201
0.0235625
0.00335004
0.0154234
0.036458
0.016302
0.022468
0.0578537
0.023803
0.0429127
0.0446255
0.0188
0.00382788
0.0298523
0.11499
0.0546865
0.0740516
0.0381535
0.0152522
0.027565
0.023032
0.0709841
0.0107602
0.00973779
0.0494479
0.0366149
0.00710969
0.0653435
0.0432604
0.0681358
0.00313008
0.00394028
0.011767
0.0452967
0.00276839
0.0434137
0.0431921
0.059185
0.00261014
0.00150647
0.0177026
0.071402
0.00849682
0.00936387
0.0313036
0.0163898
0.00981725
0.00339718
0.0163092
0.00594636
0.0231662
0.0127232
0.0179421
0.0130502
0.0114278
0.00404626
0.0262376
0.0285403
0.0685762
0.00892759
0.10586
0.0328223
0.0151931
0.000545369
0.012228
0.00124906
0.0552391
0.0100279
0.0190183
0.00152577
0.0133983
0.0298317
0.00363567
0.0104022
0.0667582
0.0932804
0.00692961
0.00656425
0.0158071
0.0484745
0.00416098
0.0182037
0.0297766
0.0177834
0.0509254
0.00784895
0.0190854
0.0981678
0.0543557
0.0638011
0.0944342
0.0496998
0.0167049
0.00738126
0.0368803
0.00924787
0.00343904
0.0249256
0.0743156
0.0223486
0.0651502
0.0135313
0.00633655
0.0134259
0.00126937
0.114106
0.0141975
0.0233691
0.00442636
0.0154367
0.016512
0.00396908
0.074727
0.00990951
0.0101004
0.0172724
0.023249
0.0469032
0.0162499
0.0176235
0.00975913
0.0174663
0.00990988
0.027674
0.106969
0.00422013
0.0155399
0.0119843
0.0366035
0.00855252
0.123279
0.0173556
0.0456703
0.000898688
0.0881742
0.0185023
0.0315005
0.0245351
0.0129491
0.0187501
0.0152812
0.00252131
0.0373703
0.00556048
0.0256553
0.0223047
0.00522548
0.014756
0.00672276
0.036998
0.00687357
0.0166433
0.00332759
0.0243194
0.0395075
0.0137386
0.0247671
0.00901719
0.0548698
0.0513607
0.00760898
0.00224498
0.076118
0.0255083
0.0163076
0.0802003
0.0135957
0.0104582
0.01946
0.0403754
0.0337231
0.0145197
0.0176723
0.017409
0.00854861
0.00661145
0.00880546
0.00900435
0.0173741
0.0102982
0.00272941
0.0354892
0.015105
0.015509
0.0151187
0.071399
0.0104053
0.022799
0.00924739
0.0384132
0.0246977
0.0014875
0.00415092
0.00557689
0.0467177
0.000882383
0.0276156
0.00795766
0.0245444
0.0201383
0.0314984
0.0105738
0.045943
0.0172257
0.0249011
0.0158715
0.170814
0.0172799
0.000539734
0.0026883
0.0208528
0.0131354
0.0141881
0.00635041
0.00109338
0.0346028
0.0216256
0.0169238
0.0026996
0.0615525
0.0237453
0.00172345
0.0382838
0.0614104
0.219289
0.0553718
0.0131277
0.031673
0.0998437
0.0240138
0.0571215
0.00718317
0.00736172
0.0358523
0.0276911
0.00333191
0.0155117
0.0362195
0.012027
0.0110244
0.0299677
0.0148027
0.0178296
0.0470468
0.00126798
0.0143496
0.0489552
0.00332792
0.0244852
0.0019514
0.079745
0.0126859
0.00622808
0.0413484
0.142046
0.111985
0.00923584
0.00450596
0.0252087
0.032802
0.0179552
0.0104008
0.0178409
0.0127254
0.0824228
0.0443289
0.00357804
0.0508163
0.0223721
0.00941193
0.00614966
0.00669187
0.016671
0.0167911
0.0294894
0.0292737
0.0332292
0.0242806
0.0114296
0.0175188
0.122659
0.00136332
0.00848769
0.0121864
0.0163053
0.00521784
0.00649087
0.0116149
0.0171472
0.0086376
0.104012
0.00719257
0.0427963
0.046097
0.000721452
0.00977533
0.00353667
0.0677042
0.00313791
0.0224848
0.0193538
0.0172936
0.015768
0.00950326
0.0102262
0.0134061
0.00377474
0.0145766
0.0143354
0.0894889
0.00723602
0.0924848
0.0178981
0.0131844
0.0193618
0.0504557
0.00843589
0.0201074
0.0219949
0.00176811
0.105972
0.00598601
0.00514803
0.0239296
0.0467346
0.099575
0.0136336
0.00720015
0.0515775
0.0661369
0.0128624
0.00486575
0.00896617
0.0164278
0.0323197
0.0221277
0.0133662
0.171386
0.0246491
0.0132341
0.12485
0.0306951
0.0150887
0.000815177
0.00200534
0.072498
0.10073
0.0114223
0.0172962
0.0220139
0.0462735
0.0301554
0.00974203
0.0293091
0.00393929
0.0233574
0.0198304
0.0380478
0.0458644
0.00106679
0.03609
0.0149382
0.0107663
0.0145488
0.0248851
0.087272
0.0196528
0.0154049
0.00717061
0.02326
0.0536668
0.0201077
0.11892
0.0499986
0.0299456
0.0333163
0.0366913
0.0174061
0.0497118
0.0168466
0.030469
0.00308842
0.068377
0.0158032
0.0200637
0.00751372
0.00647699
0.010502
0.0106373
0.0209296
0.0371248
0.0135385
0.0162643
0.0865691
0.00607388
0.0253783
0.0111205
0.0301885
0.00771103
0.00231239
0.00826817
0.0145189
0.0178471
0.00398908
0.0825578
0.0207606
0.0418992
0.0252913
0.0226626
0.0142197
0.0257304
0.0141412
0.0300966
0.0116262
0.00750032
0.0275299
0.0219306
0.00567834
0.0143665
0.00959063
0.00649792
0.0211576
0.0567339
0.0191903
0.0072874
0.0203998
0.0132577
0.0407423
0.00117084
0.0032913
0.0500112
0.00374602
0.0578893
0.0603532
0.0117972
0.0234495
0.00839159
0.023813
0.0240139
0.00987482
0.00752218
0.045823
0.0395642
0.0243195
0.00490319
0.0250569
0.00983076
0.00779387
0.00058191
0.030949
0.0330571
0.0856218
0.0194839
0.0126251
0.016904
0.00668573
0.0684889
0.105374
0.0445232
0.00705358
0.023684
0.0128194
0.00345835
0.0121243
0.0462194
0.0255011
0.0211479
0.0151825
0.0426932
0.0377779
0.0492808
0.0156371
0.00333118
0.284412
0.0297643
0.00515644
0.0142583
0.0594697
0.0105841
0.00108858
0.00756929
0.00517916
0.00105486
0.0404814
0.00703062
0.00694533
0.00805798
0.0250872
0.0127681
0.0173173
0.0649607
0.00531448
0.0189724
0.00118838
0.0152104
0.0155165
0.00763064
0.00818261
0.00490298
0.0224006
0.0114431
0.0120864
0.0477742
0.0532434
0.0129067
0.0553387
0.0133391
0.0207532
0.0398368
0.0277193
0.0536704
0.0166375
0.0119481
0.00860209
0.00822693
0.00858018
0.0157578
0.00114023
0.00988578
0.0645029
0.0183963
0.0320984
0.00522619
0.00946959
0.0342603
0.0153058
0.0740765
0.0267396
0.0027584
0.0401357
0.0127462
0.00182063
0.0354792
0.00338896
0.0215257
0.00971284
0.0775806
0.0285802
0.0348085
0.00413297
0.0549149
0.0107668
0.0150286
0.0734213
0.0218839
0.0171691
0.0201911
0.0780955
0.00881902
0.106137
0.00175401
0.00773659
0.0469585
0.0486476
0.092919
0.0141321
0.0146772
0.104534
0.0388873
0.0070757
0.0131043
0.0150717
0.0208613
0.0128824
0.0612593
0.00133978
0.0123064
0.00737514
0.0676006
0.0205877
0.0408153
0.0202799
0.041946
0.00830568
0.0146223
0.0325376
0.0416739
0.0296409
0.0226494
0.0295773
0.0135794
0.005836
0.0069461
0.00965476
0.0438223
0.0148538
0.0163675
0.0135991
0.0083932
0.032286
0.0132855
0.0174594
0.00609734
0.0151368
0.0103731
0.0402355
0.00198835
0.00709178
0.00210638
0.00659305
0.0300764
0.00526065
0.0138805
0.0187344
0.0264044
0.00712874
0.0527535
0.0216205
0.0274906
0.0372115
0.00417778
0.0531373
0.0104804
0.02235
0.00985721
0.00657865
0.00960991
0.00532093
0.0249294
0.0272913
0.015851
0.0175895
0.0684561
0.00688444
0.0938419
0.0187716
0.000746409
0.0216647
0.018872
0.0290974
0.0250953
0.0141867
0.0028716
0.0135024
0.0236484
0.0317342
0.0179958
0.0347975
0.0522642
0.00168074
0.00880991
0.0265476
0.0146608
0.018539
0.00505623
0.0626355
0.00585998
0.0140625
0.00832403
0.0195115
0.0226801
0.046045
0.0178797
0.0159747
0.0250928
0.0345065
0.0111221
0.00247645
0.0557145
0.0346207
0.00963851
0.0812701
0.03557
0.0166892
0.0101496
0.0857608
0.0230964
0.024091
0.0309385
0.0218881
0.0114352
0.0183954
0.0729455
0.00965425
0.00902553
0.0224578
0.00728185
0.0982454
0.00534635
0.0533735
0.0303861
0.0832569
0.0539747
0.0521754
0.0215763
0.0241861
0.123089
0.00769994
0.000459594
0.0153638
0.0160358
0.0100766
0.00877374
0.0247044
0.0372045
0.0255233
0.0138558
0.00637808
0.0426003
0.00197729
0.00456433
0.023741
0.00880672
0.0110158
0.000462783
0.0243379
0.0154869
0.0186367
0.0100216
0.0272947
0.00530718
0.0204579
0.00638626
0.0169056
0.0260649
0.0208631
0.0376808
0.0306304
0.00594867
0.155369
0.000933809
0.00874236
0.0256932
0.0428238
0.0687561
0.0246973
0.0261279
0.0245869
0.057146
0.0242191
0.00622413
0.0174464
0.0357142
0.0147215
0.0874976
0.0576469
0.0756632
0.00558156
0.0149413
0.0274321
0.00712128
0.0377872
0.0163657
0.0199532
0.00961918
0.0190186
0.0620692
0.0373694
0.0182297
0.0119958
0.000562137
0.0814283
0.0237465
0.0402323
0.0123555
0.0401926
0.0615694
0.0153882
0.00474395
0.0131972
0.0166579
0.00891089
0.0123631
0.00799143
0.134119
0.0243411
0.0113396
0.0349837
0.0109112
0.00990005
0.0213509
0.000926135
0.0307251
0.0326418
0.0253837
0.0840325
0.00900848
0.121424
0.185907
0.0324364
0.00641761
0.0121263
0.0169086
0.0612221
0.0145814
0.00459814
0.00797092
0.00134637
0.0363501
0.0345414
0.00418334
0.0286268
0.00238572
0.0322648
0.0101069
0.0106084
0.009668
0.046152
0.0258376
0.0257948
0.00722833
0.0144282
0.0179604
0.00870282
0.0245263
0.00807969
0.0376168
0.109743
0.0789284
0.0382579
0.000312199
0.0613651
0.0283183
0.054167
0.0135288
0.0120692
0.0488719
0.043653
0.00166829
0.0137434
0.0505735
0.00170837
0.0132892
0.0181873
0.00848018
0.0205133
0.000490439
0.00198637
0.0194289
0.00424016
0.0165793
0.0152596
0.0301435
0.0125212
0.00548837
0.0332973
0.00267516
0.0160437
0.0394637
0.00951869
0.128795
0.0422897
0.128719
0.00315104
0.00860252
0.0135517
0.0761897
0.00719301
0.0132696
0.0163887
0.0194509
0.0800817
0.024161
0.017065
0.00557955
0.000775319
0.0252938
0.0313545
0.0576168
0.0472113
0.0231536
0.053241
0.00395027
0.00100935
0.00641191
0.00802722
0.0159247
0.0920509
0.0134337
0.000629327
0.0147332
0.0241896
0.0111095
0.0381665
0.0468739
0.0204683
0.0177817
0.00755739
0.0134706
0.010225
0.00303724
0.00992013
0.0306613
0.0177034
0.0118283
0.0105728
0.00782075
0.0155608
0.103564
0.00579415
0.00846242
0.014399
0.0149163
0.0467676
0.0112016
0.0257502
0.00573257
0.0194872
0.0762091
0.030133
0.0174415
0.0127777
0.0342434
0.00887649
0.00868084
0.0377528
0.0529084
0.00136762
0.0295555
0.0307871
0.0137346
0.00675488
0.013877
0.0265189
0.0471254
0.0158566
0.0135212
0.0144997
0.0584983
0.0515666
0.0245026
0.0721477
0.00737122
0.0482924
0.00760337
0.0245989
0.00698294
0.00890312
0.101009
0.0472195
0.0354203
0.026008
0.0107234
0.0393025
0.00102791
0.0123502
0.0144051
0.0561139
0.0132458
0.021748
0.0273211
0.0163468
0.0688967
0.010664
0.0193102
0.0256904
0.0085645
0.0406761
0.0162472
0.212509
0.0436865
0.0097138
0.00646329
0.0332676
0.0161905
0.0145896
0.009894
0.00728303
0.00823285
0.0261944
0.038922
0.000902591
0.0348925
0.0717463
0.000564658
0.00601834
0.0165109
0.0124371
0.00606633
0.0354571
0.00582024
0.00682252
0.000732718
0.0532443
0.0173196
0.00830174
0.034259
0.00373365
0.00790785
0.0326338
0.131796
0.000262008
0.00838149
0.0013746
0.226622
0.0157099
0.0138788
0.0202393
0.0109392
0.0054714
0.0450725
0.0310641
0.0818142
0.0157489
0.000964149
0.0120383
0.0211017
0.0127472
0.121859
0.073629
0.0339551
0.0116236
0.0452317
0.0298285
0.00564171
0.00559658
0.0632032
0.0196508
0.0469515
0.0374858
0.0170673
0.00139342
0.00147571
0.0300875
0.00733867
0.0213731
0.035177
0.118354
0.00729847
0.067749
0.0248492
0.0199377
0.0534559
0.025994
