0.00452274
0.0079874
0.00329134
0.00230845
0.0028261
0.00303711
0.0023485
0.00631849
0.00155331
0.000293157
0.00625461
0.00600165
0.00198163
0.0103635
0.00418842
0.00480652
0.00860369
0.00721603
0.00239132
0.0107691
0.000888454
0.0199497
0.000774014
0.0023272
0.00106607
0.0115274
0.00971114
0.000480126
0.00673954
0.00539457
0.0016221
0.00268854
0.00300884
0.00345437
0.000962557
0.00169986
0.00325816
0.0211775
0.00381471
0.00850908
0.00875343
0.00521465
0.000697336
0.00231238
0.0114664
0.00259041
0.0117815
0.0474203
0.00241167
0.00433683
0.00490982
0.00852709
0.00356349
0.0181562
0.0103898
0.00194781
0.0160088
0.00123163
0.00287232
0.00134506
0.00272673
0.00153821
0.00175891
0.00443083
0.0115124
0.00475295
0.00483402
0.0122245
0.00479563
0.00196159
0.037114
0.00583769
0.00769361
0.00522526
0.00290347
0.00273198
0.00241501
0.00543484
0.00490499
0.00117366
0.0266375
0.00597843
0.0065499
0.00567256
0.00223409
0.00150533
0.00294072
0.00703576
0.00629096
0.00846208
0.00392086
0.00211238
0.00524859
0.0111768
0.00914431
0.00756311
0.00486648
0.00289825
0.000899539
0.00753596
0.00319616
0.00310785
0.00590874
0.0109599
0.00389852
0.00904467
0.000572256
0.00168568
0.0024288
0.00353437
0.00777067
0.0104641
0.010353
0.0025349
0.00215153
0.00152934
0.00546819
0.0015762
0.011421
0.00548924
0.0621416
0.00956102
0.0155442
0.00598786
0.0205735
0.00361262
0.00379835
0.00376956
0.0412736
0.00132298
0.00498061
0.00440431
0.00964227
0.00404231
0.00460769
0.00916477
0.00774241
0.00434303
0.00890594
0.0047267
0.00547043
0.0325149
0.000974697
0.0029356
0.0150341
0.0154052
0.00555501
0.00309714
0.00597653
0.0372905
0.00434514
0.000871357
0.00687111
0.0107783
0.00890792
0.00550382
0.00290871
0.00629193
0.0157617
0.00411139
0.000478465
0.00334251
0.0162446
0.00257236
0.0180483
0.0019135
0.00234007
0.00216034
0.0079671
0.00471223
0.00487896
0.00956564
0.00500009
0.00151614
0.00868628
0.0106644
0.00189005
0.00992749
0.00206224
0.004144
0.00754852
0.00232007
0.00112462
0.0019533
0.0024156
0.00291469
0.0413015
0.000903077
0.00122999
0.0124162
0.00160511
0.0036767
0.00292752
0.00944822
0.00426366
0.000687867
0.00488857
0.0045546
0.00514517
0.00169857
0.01707
0.0105057
0.0157881
0.00543312
0.00584987
0.00930629
0.000916094
0.00241749
0.00403061
0.00856019
0.00387616
0.00391459
0.00332325
0.00443299
0.00598408
0.0103178
0.00402588
0.0061687
0.0117904
0.00248776
0.000938991
0.00305267
0.00141622
0.00523635
0.00814933
0.00302037
0.00295079
0.00717271
0.057065
0.00220971
0.00107445
0.00274762
0.00167128
0.00271282
0.0119732
0.00318271
0.00165245
0.00750705
0.00228168
0.0311614
0.00407486
0.00426267
0.00325534
0.0142832
0.00621299
0.00430696
0.00141847
0.0146366
0.00386397
0.00255242
0.00540134
0.00337256
0.00510778
0.00229872
0.00899949
0.0039843
0.00190395
0.00129372
0.00752757
0.00730004
0.00169558
0.00144719
0.00410528
0.00153795
0.00384229
0.00256377
0.0308616
0.00267598
0.0013573
0.00324612
0.00299434
0.00144646
0.00503759
0.0014045
0.0182256
0.00244923
0.00205089
0.00298846
0.000989117
0.00717684
0.0108354
0.00937361
0.00924364
0.0190222
0.015085
0.00437241
0.00644885
0.00294055
0.00476159
0.00657639
0.00405702
0.00254852
0.00207592
0.000941841
0.00287495
0.00885155
0.00389694
0.00229658
0.0191966
0.0006996
0.00563932
0.000808318
0.00893742
0.00220852
0.00740531
0.0489774
0.0041564
0.00366271
0.104048
0.00554118
0.00229809
0.00256803
0.0135388
0.00217902
0.00443575
0.0242661
0.00332299
0.00415786
0.00122411
0.00283987
0.00206465
0.00335493
0.000811585
0.0051226
0.00177251
0.00561238
0.0264531
0.00200726
0.0150689
0.0301306
0.0014991
0.0397799
0.00473456
0.00257966
0.00146816
0.0043733
0.00945121
0.00634573
0.00557763
0.019868
0.00748111
0.00119201
0.00872915
0.00104133
0.0040724
0.00612981
0.00180327
0.000665327
0.00390653
0.00247795
0.0126398
0.00132383
0.0102352
0.00389296
0.00159209
0.00412032
0.0048771
0.00274903
0.00338025
0.00258009
0.00397946
0.0339978
0.00244488
0.00201446
0.00179801
0.00251085
0.000625512
0.00615627
0.00240637
0.00438185
0.00572411
0.00589692
0.00656122
0.00946197
0.00520956
0.00303749
0.0168084
0.00509755
0.0332852
0.00950994
0.0139343
0.00451253
0.00621215
0.0115764
0.0073672
0.00287241
0.0132709
0.000741825
0.0015098
0.00109609
0.00302965
0.00107522
0.000410661
0.00521866
0.00224219
0.0221269
0.00209424
0.0295882
0.00604818
0.00161429
0.00330561
0.00159626
0.00196919
0.00548421
0.00515489
0.00643737
0.00570642
0.00598172
0.00180374
0.00752473
0.000526937
0.00063149
0.00614021
0.00458879
0.0108908
0.000716683
0.00829659
0.000835842
0.00362382
0.00794054
0.00298287
0.00319107
0.00121819
0.0137041
0.00423632
0.00242679
0.0244013
0.00302818
0.0132764
0.00400652
0.0165317
0.00561235
0.0138552
0.00143318
0.00262487
0.0124749
0.00576576
0.0037623
0.00201068
0.00808864
0.00268855
0.00347271
0.0208061
0.00445247
0.0116109
0.00466633
0.00103731
0.00227693
0.00380742
0.00368486
0.00187188
0.00483744
0.00267397
0.0353475
0.00799805
0.00183604
0.00563009
0.00087497
0.00273157
0.00112357
0.00210471
0.00298162
0.0037683
0.00611787
0.00299783
0.0034598
0.00317317
0.002102
0.00214581
0.00281043
0.00591952
0.00967869
0.00383593
0.00479927
0.000698255
0.00543991
0.00217708
0.00298295
0.00955606
0.09785
0.0233629
0.0062456
0.00341384
0.00397059
0.0100355
0.0187776
0.00671559
0.00408218
0.0096228
0.00371074
0.00774243
0.00405613
0.00398129
0.00173153
0.00204047
0.00273329
0.00287679
0.0078217
0.00331893
0.0156444
0.00669577
0.00413095
0.00476637
0.00241537
0.0116064
0.00523134
0.00673592
0.0102981
0.000881944
0.00343154
0.00591358
0.00275661
0.0059607
0.0108184
0.00525687
0.00924491
0.00549839
0.00242147
0.00221729
0.00421229
0.00192836
0.00164569
0.00438701
0.0216426
0.000865915
0.00148477
0.00403551
0.00243103
0.00447231
0.00114967
0.00150639
0.000356476
0.0029882
0.0025846
0.00310323
0.00123969
0.00190642
0.025708
0.00431912
0.00509504
0.00657622
0.00242778
0.000395829
0.0150681
0.00197174
0.00257047
0.009306
0.00600621
0.00472814
0.00909851
0.000976019
0.0322531
0.00240935
0.00448
0.0119249
0.00509041
0.00109946
0.00224034
0.0067731
0.00400737
0.00740303
0.0230461
0.00622567
0.00705231
0.00384922
0.00674682
0.000524417
0.00081161
0.0010537
0.00120087
0.00416771
0.00772396
0.000898543
0.00147863
0.0410957
0.0188707
0.00818833
0.00336792
0.00569537
0.00344979
0.00412224
0.0020832
0.0231436
0.00400287
0.0169189
0.00471436
0.00513629
0.00265368
0.00346022
0.00773794
0.00157855
0.000925815
0.00275441
0.00526717
0.000619753
0.00830887
0.0072796
0.00330494
0.00101289
0.0109551
0.00235932
0.00493876
0.000325904
0.00122737
0.00252539
0.00204275
0.000850895
0.00372318
0.00237499
0.00333977
0.00824469
0.00538757
0.00375525
0.00291892
0.000740343
0.00287151
0.00163399
0.0056076
0.00982576
0.017081
0.0126087
0.0061623
0.0102139
0.0138344
0.00752457
0.0051068
0.00641729
0.00165334
0.00232179
0.00156592
0.0197444
0.00315358
0.00245862
0.0020657
0.00157775
0.00632566
0.00081804
0.00404053
0.026803
0.00520381
0.00439556
0.00934704
0.0120176
0.00299614
0.00182119
0.0311387
0.00164395
0.00807577
0.00180966
0.00249183
0.00887753
0.00360369
0.00420055
0.0199887
0.00238393
0.00166455
0.00257466
0.00376014
0.00629592
0.00241734
0.0015067
0.000924141
0.00323129
0.00205731
0.00335624
0.00608621
0.0160689
0.00379538
0.00252874
0.00756921
0.00146978
0.00106911
0.00286315
0.0061327
0.0036089
0.00376146
0.00236624
0.017019
0.00259437
0.00351825
0.00237066
0.00187902
0.00249792
0.000734525
0.00345981
0.00196412
0.00142846
0.00369968
0.0030016
0.00409444
0.0051747
0.0104975
0.00242893
0.00456403
0.000882293
0.00222848
0.000653117
0.00598045
0.00341155
0.0025934
0.021918
0.00719196
0.00411395
0.0033935
0.00462476
0.0014016
0.00497605
0.00377295
0.0143641
0.00235024
0.00413568
0.0186446
0.00224338
0.00338118
0.00380394
0.0075362
0.00477787
0.00385189
0.00129414
0.00274904
0.00216659
0.00759616
0.00684477
0.00771304
0.00110101
0.00598686
0.00329766
0.00918175
0.00346734
0.00606541
0.0101319
0.0116015
0.00957026
0.00611595
0.00574662
0.00142704
0.000772686
0.00431543
0.00378766
0.00370637
0.00344795
0.00270929
0.00127937
0.00400308
0.00784529
0.0019911
0.00396421
0.00110695
0.0081902
0.00249442
0.0179944
0.00391139
0.00071375
0.00343986
0.00127338
0.00510408
0.023261
0.000830025
0.00104624
0.00134008
0.00327445
0.00957549
0.0061021
0.0119874
0.0087438
0.01254
0.00353395
0.00125157
0.00905035
0.00560407
0.0191484
0.00283387
0.00955419
0.00225018
0.00167144
0.00183388
0.00710223
0.00574758
0.0261061
0.00434121
0.0136993
0.00874345
0.000741249
0.00177999
0.00853396
0.0427297
0.00482129
0.0245963
0.00475031
0.000711514
0.0224226
0.0167134
0.0010773
0.000675494
0.0223342
0.00667556
0.0102526
0.0106064
0.0553003
0.0175694
0.00101357
0.00396313
0.00169958
0.00184443
0.00480421
0.0202538
0.00244629
0.00172194
0.00402276
0.00400729
0.0108129
0.0021981
0.00343756
0.00129499
0.00126449
0.0179798
0.00100329
0.02263
0.00420992
0.00703168
0.00488549
0.00158836
0.00280981
0.00962523
0.00136987
0.00241417
0.0025042
0.0116919
0.000906399
0.0190796
0.0131513
0.00168148
0.00148576
0.000474105
0.00515041
0.00298426
0.0070233
0.00631043
0.0120141
0.0107983
0.00321544
0.0040224
0.0035562
0.00118189
0.0108402
0.0345649
0.0105436
0.0962597
0.000451385
0.00602865
0.0110161
0.00210069
0.00275175
0.0150032
0.00261136
0.00150912
0.0259356
0.00867676
0.0148185
0.00182363
0.00767959
0.016152
0.0110714
0.0022035
0.00358522
0.00158077
0.0156696
0.00221895
0.00558759
0.00100877
0.00846195
0.00126653
0.00298219
0.00094557
0.0145601
0.00255413
0.00390677
0.00800233
0.0180874
0.00526273
0.00614594
0.0043694
0.00770562
0.00569882
0.00325578
0.00659565
0.00551187
0.00247359
0.0494136
0.00164098
0.00316304
0.00219323
0.00841081
0.00888982
0.00709269
0.020848
0.00106503
0.00341766
0.00233371
0.00505562
0.00193916
0.00660949
0.00284232
0.00377994
0.00357559
0.0014656
0.0162033
0.00239959
0.000984773
0.00153213
0.00472645
0.00122373
0.00504498
0.0050494
0.00861334
0.00827751
0.00533799
0.00178974
0.0114379
0.0140059
0.00776307
0.0064251
0.00434163
0.0184746
0.00910275
0.00282573
0.00412349
0.00463147
0.00791648
0.0019423
0.00729113
0.00389485
0.0110424
0.00368526
0.00193237
0.00471527
0.00889767
0.00422298
0.0184985
0.00411166
0.00329015
0.0071403
0.00326681
0.0035097
0.00472646
0.00127554
0.00452835
0.00152437
0.00169905
0.0134777
0.00166962
0.0235507
0.00183967
0.00407078
0.00498449
0.000658604
0.00505807
0.0010818
0.00285553
0.0188959
0.00344893
0.00198055
0.00382856
0.00714196
0.001245
0.000918926
0.00421325
0.00499819
0.000307673
0.0112705
0.00642256
0.00292205
0.00330988
0.00465306
0.00348927
0.04821
0.00239835
0.00125339
0.0086247
0.0112545
0.00215225
0.00371041
0.00354459
0.00376336
0.00133741
0.00376951
0.0156971
0.00414739
0.00652978
0.00392768
0.00495911
0.00922565
0.00690543
0.00583318
0.00163613
0.00367969
0.00552194
0.00328253
0.021871
0.00291612
0.00916705
0.00299151
0.0220155
0.00162884
0.00630831
0.00345225
0.00146888
0.000685144
0.000157054
0.00227999
0.0157667
0.00149722
0.003675
0.00189169
0.00613178
0.00134237
0.0120627
0.015293
0.00543948
0.00150011
0.000838061
0.00222721
0.00189255
0.00508078
0.00802959
0.00415015
0.0108152
0.00388275
0.00284405
0.00773581
0.00636689
0.00288542
0.00162916
0.00371285
0.00398741
0.0130248
0.012487
0.00411271
0.00191767
0.0217271
0.0129467
0.00144259
0.00225957
0.00115594
0.00275955
0.00199028
0.00790352
0.00232551
0.00507825
0.00408797
0.000891503
0.0202396
0.00182078
0.00860576
0.0132128
0.00263336
0.00371231
0.0315954
0.00461405
0.00916818
0.00304738
0.00284729
0.00972168
0.00207849
0.00967113
0.00232413
0.00667763
0.00303322
0.00259147
0.00442115
0.00570805
0.0099412
0.000396202
0.0018627
0.0242998
0.00374948
0.00732859
0.0082166
0.00359142
0.00399267
0.00290417
0.00759729
0.0196343
0.00244707
0.00538656
0.00137387
0.00206217
0.00504725
0.00384321
0.00645081
0.0519665
0.00520834
0.0022517
0.00474085
0.00194878
0.00247906
0.00481478
0.00300095
0.00363239
0.026824
0.00198981
0.00368642
0.00157245
0.0056744
0.0043121
0.00642707
0.0116309
0.0038299
0.00167917
0.00307916
0.002721
0.00316539
0.0152993
0.00442417
0.00161685
0.00123592
0.000700826
0.00051237
0.00192544
0.00597722
0.00596566
0.00643303
0.00630878
0.00588967
0.0101147
0.00130994
0.0164199
0.00172851
0.00639028
0.00137523
0.00724953
0.0170251
0.00137288
0.00226281
0.008798
0.00244425
0.00247363
0.0040814
0.00432612
0.00188628
0.00724605
0.00447891
0.0200319
0.00589003
0.00300315
0.0209588
0.00288269
0.00161958
0.00432027
0.00671025
0.00223064
0.00151209
0.00464222
0.00448695
0.00386709
0.00762694
0.00153415
0.0115768
0.0118259
0.00151067
0.00485842
0.0023815
0.00172551
0.00243472
0.00678162
0.0223783
0.00498103
0.0142995
0.00238868
0.00420875
0.0109977
0.0118658
0.00149866
0.00841449
0.00499239
0.000288178
0.0148938
0.00460059
0.0014754
0.00047786
0.00335157
0.00334561
0.00421503
0.0016727
0.00728838
0.0010833
0.0039254
0.00263965
0.0118556
0.00218352
0.00408538
0.00124758
0.0533772
0.0017701
0.00478114
0.00335282
0.00528323
0.00363973
0.00378531
0.0030273
0.000963606
0.04022
0.0136702
0.000883175
0.00560482
0.00745252
0.00139322
0.0131448
0.00511529
0.00775672
0.0017822
0.00187614
0.00879196
0.00381519
0.00257752
0.00296278
0.0068938
0.00541087
0.00321424
0.00439753
0.00270373
0.00166514
0.0306131
0.00357183
0.00230568
0.00945089
0.00353159
0.0195466
0.000909314
0.00279428
0.00545279
0.00463079
0.013889
0.00192857
0.00630631
0.00876396
0.00101852
0.00141972
0.00386541
0.00313628
0.00513204
0.00384299
0.00329185
0.00163355
0.00381549
0.00600519
0.000539963
0.0032833
0.0100697
0.00230789
0.00121043
0.00117209
0.0100299
0.000179055
0.00165055
0.00295031
0.0106699
0.00694031
0.00504291
0.00314512
0.00436496
0.00547484
0.00949437
0.00292224
0.00289059
0.0026175
0.0091367
0.00249263
0.0354139
0.00160145
0.00494747
0.0199366
0.00343893
0.00413186
0.020614
0.0100369
0.00605313
0.00559797
0.00182839
0.00204733
0.0274366
0.0278348
0.00328679
0.00631663
0.00627403
0.00204641
0.00542905
0.00179039
0.00334108
0.00852315
0.00607909
0.00113677
0.000323023
0.00220798
0.0111047
0.0035197
0.00356508
0.00261663
0.00813247
0.00268745
0.00310501
0.000741265
0.00537908
0.00251876
0.000213985
0.00969568
0.00735372
0.00198521
0.00461172
0.00298603
0.00107105
0.000850764
0.00593582
0.00212048
0.00802203
0.00170335
0.00189114
0.00113569
0.00464573
0.00479286
0.00169365
0.00393598
0.00415073
0.00401005
0.00106344
0.00193134
0.00099337
0.00343623
0.00521888
0.00239531
0.0015932
0.00794648
0.00205885
0.0022578
0.0171719
0.00503687
0.00188911
0.0045581
0.0017967
0.00125355
0.00227132
0.00440965
0.00132743
0.00567475
0.0013362
0.0042683
0.00827387
0.00182533
0.020473
0.00500314
0.0169637
0.00502957
0.00608274
0.00120174
0.00656216
0.00315974
0.00307154
0.00557172
0.0181161
0.00258465
0.0032105
0.00210439
0.00741036
0.0050121
0.00263108
0.00139263
0.00729803
0.0027807
0.0130075
0.00342058
0.00227432
0.0019883
0.00876812
0.000579976
0.00968795
0.00206366
0.00443021
0.00474804
0.00651244
0.00231776
0.00422224
0.00221639
0.00791431
0.00743343
0.00740547
0.00749463
0.00972943
0.00577439
0.00608734
0.00324348
0.00253005
0.00463211
0.00761533
0.00136631
0.0241009
0.00818159
0.00598287
0.00239629
0.00157972
0.0080101
0.00124996
0.00298276
0.00435926
0.0109049
0.0041556
0.0209453
0.00775835
0.00140434
0.00405595
0.00884618
0.00355977
0.0172373
0.00221743
0.0217261
0.0116234
0.00442177
0.0215815
0.00826829
0.00358011
0.00571029
0.00321531
0.00448906
0.00130686
0.00467654
0.00172607
0.00204957
0.0131577
0.00856622
0.00207295
0.0355447
0.000754784
0.00333459
0.00767678
0.00938299
0.0202612
0.00474057
0.00487011
0.00271901
0.0114662
0.00138128
0.0018828
0.0314304
0.00152175
0.00181151
0.00333915
0.00454692
0.00121842
0.0034615
0.00490792
0.00980962
0.00434867
0.00159972
0.00569738
0.00561185
0.00395436
0.00419437
0.00977002
0.0165256
0.00151521
0.00152517
0.00105772
0.0120275
0.01036
0.0015111
0.0167178
0.00367488
0.00168087
0.00373614
0.00672376
0.00440005
0.00516569
0.00919907
0.00188659
0.00337158
0.00869151
0.00300375
0.00368294
0.0098779
0.0032163
0.00156634
0.0122428
0.00239897
0.00724342
0.00186347
0.000410804
0.000452738
0.00097437
0.00372558
0.0147335
0.00221833
0.0361779
0.00705129
0.00675865
0.00218991
0.00174368
0.00114518
0.00467332
0.00414938
0.00224976
0.00419483
0.00159001
0.00306774
0.00342047
0.00557808
0.00854491
0.00160919
0.033934
0.0163201
0.0146298
0.00217281
0.00322638
0.0210044
0.00572623
0.0750124
0.0153355
0.0354383
0.00523686
0.00288442
0.00365698
0.00219777
0.00859102
0.00405989
0.00337903
0.0114489
0.0204514
0.00496749
0.0151891
0.00073096
0.00967148
0.00317312
0.00198589
0.00459327
0.0138945
0.00196044
0.00116567
0.000976259
0.00387588
0.00419023
0.00180062
0.00275032
0.00351996
0.00380121
0.0117195
0.00700176
0.00436728
0.00198475
0.00084345
0.00671564
0.00278038
0.00553694
0.00716152
0.00327439
0.00518317
0.000591358
0.00488135
0.00767055
0.00105521
0.00602567
0.00165887
0.00286173
0.00473295
0.00179806
0.00207386
0.00395656
0.00674155
0.00161299
0.0144987
0.00190525
0.00288171
0.0030554
0.0094395
0.00500183
0.000693897
0.00854224
0.00402224
0.00281132
0.0044371
0.00317585
0.0139982
0.00298429
0.00442294
0.00554187
0.00288721
0.00212163
0.00408625
0.00389729
0.00375519
0.00168399
0.00718316
0.0300252
0.00181534
0.00317405
0.00342641
0.00340256
0.00237483
0.00251764
0.00398937
0.000251264
0.0012221
0.00562392
0.0203311
0.02242
0.0127382
0.0398889
0.0158858
0.00251621
0.00287253
0.00136348
0.00294083
0.00211275
0.00783874
0.0090642
0.00384514
0.00133742
0.00316587
0.00766342
0.015833
0.00400427
0.00407627
0.0122221
0.00495884
0.015175
0.00339959
0.00253792
0.00242163
0.00506115
0.0318753
0.00512296
0.0268339
0.00243419
0.00347832
0.00348078
0.00369669
0.00776268
0.00141564
0.00484482
0.00172688
0.0149674
0.00130361
0.0065881
0.00186392
0.0215012
0.0108214
0.00757332
0.00552681
0.0019439
0.00461468
0.00485629
0.0037266
0.009986
0.00354486
0.00192262
0.00687398
0.00510048
0.00793185
0.00398859
0.00121981
0.00303362
0.00102938
0.00492041
0.00446194
0.00572714
0.00256775
0.00986281
0.00126007
0.00819586
0.00411556
0.00371001
0.00981917
0.00658615
0.00368832
0.00348553
0.00268498
0.00670122
0.00113454
0.00800861
0.00486298
0.000612547
0.00431012
0.00199863
0.00221247
0.00633826
0.000891464
0.00270277
0.00299216
0.00105431
0.00274523
0.00293177
0.000868166
0.00106893
0.0265868
0.00403446
0.0106516
0.00924152
0.00266928
0.00352868
0.00266572
0.0209131
0.00291726
0.0371826
0.00234785
0.00201464
0.000984147
0.00735588
0.00305887
0.00211683
0.004688
0.00285715
0.0206096
0.00158714
0.00273537
0.0285826
0.00488458
0.00185304
0.00348893
0.0205696
0.00438296
0.0134982
0.00278257
0.00945446
0.0245759
0.00268349
0.00220768
0.0013368
0.003374
0.00909773
0.00201605
0.00466067
0.00582873
0.00645375
0.00118214
0.00174124
0.00447826
0.0288884
0.0126582
0.00518007
0.00309848
0.00279351
0.00992845
0.00586486
0.0042289
0.00510026
0.00262691
0.000801986
0.00410938
0.00303619
0.003365
0.00811879
0.0281215
0.00505427
0.00389224
0.00283513
0.00200859
0.00347658
0.00258981
0.00854877
0.00581434
0.00967778
0.00121268
0.00406528
0.00240729
0.0214923
0.00566619
0.00423643
0.00464222
0.0010873
0.00504131
0.0162773
0.00147385
0.000807456
0.00109682
0.0135394
0.00993947
0.00192637
0.00121854
0.00833639
0.00946611
0.00952553
0.00570505
0.00692813
0.0032774
0.000386121
0.00277779
0.00442745
0.0055703
0.00250173
0.00131387
0.0011442
0.0139552
0.00764457
0.00150554
0.00696385
0.00485103
0.00544095
0.00278742
0.00437608
0.00272419
0.0109032
0.00337035
0.0357863
0.00393851
0.0076207
0.00451611
0.00264999
0.00862593
0.00247022
0.0172337
0.00767499
0.00598263
0.00157934
0.00472729
0.00761602
0.0207757
0.00412485
0.00503031
0.00361737
0.0140753
0.00382189
0.00407425
0.00191336
0.0105391
0.0125807
0.00210366
0.00159154
0.00453787
0.00854729
0.00154835
0.00660487
0.021326
0.0438193
0.00982302
0.0103963
0.0117434
0.00468257
0.00943313
0.00340343
0.00435092
0.00160753
0.00686918
0.00878328
0.00476894
0.000302616
0.00574045
0.00244212
0.00316701
0.00881025
0.00233803
0.0192372
0.00661471
0.000791536
0.0105049
0.00417588
0.000571528
0.00339872
0.00497541
0.0145595
0.000675076
0.00484999
0.0508255
0.0146896
0.00997001
0.00145457
0.0139599
0.00072037
0.0019392
0.00101313
0.00102351
0.00624855
0.00636989
0.00281504
0.00750445
0.0152184
0.010127
0.00756647
0.00141027
0.00156162
0.00634114
0.0144645
0.00222154
0.00981008
0.0250241
0.00405403
0.00433288
0.00106703
0.0246804
0.00276567
0.00225499
0.00404055
0.011443
0.0198579
0.00214627
0.00320709
0.00889773
0.00966634
0.00136795
0.00149891
0.00459491
0.00417967
0.0281179
0.00219594
0.00226492
0.00353822
0.000824576
0.00109055
0.00726441
0.000772514
0.00384915
0.0027578
0.00619771
0.00555033
0.00273867
0.00555818
0.00271772
0.0108645
0.00236203
0.0127666
0.00103552
0.00919595
0.00226844
0.00185739
0.00292412
0.00764696
0.00460142
0.00131545
0.00496654
0.0121255
0.00234892
0.0549667
0.00357893
0.00370957
0.00297506
0.00632203
0.00756563
0.00126485
0.00264333
0.00251891
0.00277954
0.00326457
0.0147422
0.000684642
0.00971407
0.0113376
0.00438929
0.00209764
0.00413958
0.00115034
0.00186743
0.00698246
0.00404134
0.000286048
0.00443628
0.00688503
0.00399271
0.00727029
0.0039558
0.00585188
0.0035145
0.0129229
0.00397283
0.00441573
0.00244305
0.0146103
0.000969156
0.0190969
0.00594892
0.00341886
0.00538133
0.00159668
0.0033735
0.00692352
0.00284957
0.00205345
0.0140661
0.000794799
0.0344961
0.00598554
0.00115286
0.00168429
0.0024197
0.00476315
0.0034155
0.028225
0.00191699
0.000384658
0.00662038
0.00173455
0.00373349
0.00548773
0.00566009
0.00162361
0.0133587
0.00168165
0.00455998
0.00363346
0.00209872
0.0812594
0.00976875
0.00668861
0.000707908
0.00123684
0.00313693
0.00845307
0.00654739
0.00740643
0.00426291
0.00633175
0.000917026
0.000719836
0.00223347
0.00318724
0.00232397
0.000668922
0.000509945
0.0129966
0.00909413
0.00216371
0.00391844
0.00192418
0.00160482
0.00525551
0.0283146
0.000567587
0.00228013
0.00435712
0.00560524
0.0192324
0.00146984
0.0197379
0.0127034
0.0020977
0.0184159
0.0028597
0.00956232
0.0133661
0.0151039
0.0103038
0.00280183
0.0024846
0.0211757
0.00765861
0.00601678
0.00312012
0.00480328
0.00938747
0.00820958
0.00478392
0.00287453
0.0043929
0.00429345
0.0129663
0.00255643
0.00605944
0.00806188
0.0103131
0.0020269
0.00221091
0.00231824
0.00883499
0.00431193
0.00307179
0.00188362
0.00242011
0.00312892
0.00130028
0.00952803
0.00719251
0.00137889
0.00743507
0.00540164
0.015888
0.00484581
0.00825187
0.00788665
0.0131506
0.00662331
0.00345648
0.0133899
0.00331907
0.00607208
0.000958923
0.00213691
0.00452047
0.000592887
0.0171705
0.018636
0.000822684
0.0022116
0.00517687
0.00631494
0.00255054
0.00545743
0.00311422
0.0119498
0.00189557
0.00269991
0.0369981
0.00591188
0.00589709
0.00199025
0.0102479
0.019208
0.000206082
0.0106776
0.00288323
0.0105714
0.0016501
0.003077
0.00399911
0.00320123
0.000503285
0.00689038
0.00221971
0.000729251
0.00398864
0.00134667
0.00613594
0.00124562
0.00704009
0.00413371
0.0362521
0.00723476
0.00197729
0.0265132
0.00361452
0.00168756
0.00229816
0.00564583
0.00495446
0.00377432
0.00879122
0.00314112
0.00517917
0.00344184
0.00177786
0.00830874
0.00206155
0.00144617
0.00222405
0.00532115
0.0116676
0.00337144
0.00801958
0.00786056
0.00177242
0.00104517
0.0054151
0.00379742
0.00160163
0.00374689
0.00261316
0.00589862
0.0018713
0.000596166
0.00221866
0.00123148
0.00252111
0.000787333
0.000662022
0.00142159
0.00147409
0.0247642
0.00110844
0.00187406
0.00514114
0.00309555
0.00354389
0.00411839
0.00491617
0.00219378
0.0157698
0.0175291
0.00984101
0.00638459
0.00449475
0.0101617
0.00135474
0.00202644
0.00171278
0.000721759
0.0030626
0.00408395
0.00154968
0.000672446
0.00294732
0.0426613
0.00145233
0.00226542
0.000545885
0.00392998
0.000968383
0.00183351
0.00407292
0.00678523
0.00123062
0.000819401
0.0263133
0.0038638
0.00928811
0.0124079
0.00243185
0.00228813
0.00382973
0.0250091
0.00119366
0.00191017
0.000362999
0.00578655
0.018897
0.00555091
0.000469746
0.00783018
0.00577283
0.0102549
0.00183144
0.00188354
0.00758849
0.00673599
0.00770263
0.0561262
0.0032104
0.00085059
0.00682704
0.00167158
0.00269658
0.0319628
0.00709138
0.000986486
0.00647032
0.00593596
0.00899569
0.00113729
0.001132
0.0407326
0.0122751
0.0169031
0.0047207
0.00284036
0.015956
0.0493791
0.000963012
0.00341734
0.00312574
0.00396283
0.000693177
0.000444463
0.000865154
0.00157002
0.00250985
0.00325071
0.00747449
0.00158799
0.00546099
0.00625115
0.00357933
0.00458299
0.00165954
0.00348898
0.0034401
0.0060761
0.00156332
0.0174996
0.00370129
0.0101135
0.00398387
0.00279834
0.0324598
0.00356521
0.00833778
0.00208949
0.00339548
0.0163119
0.00144481
0.00870945
0.00407613
0.00256276
0.0115371
0.00264589
0.00574021
0.0029475
0.000953076
0.00976003
0.00194938
0.00486662
0.00617656
0.00254736
0.0103835
0.000201901
0.00310695
0.0064089
0.00307864
0.0189683
0.000663128
0.00281816
0.00732035
0.000472567
0.00277746
0.00287587
0.000936089
0.00168671
0.00345164
0.003281
0.0130505
0.000926565
0.00353519
0.00109263
0.00638177
0.00104324
0.00994691
0.0102748
0.00190477
0.0107042
0.0145902
0.00617957
0.000723712
0.00184295
0.00110213
0.0124333
0.00555707
0.0213047
0.00570766
0.00470631
0.00368202
0.00248682
0.00316204
0.0232607
0.00321346
0.0153446
0.00515521
0.0110277
0.000914269
0.00422097
0.0208009
0.000695961
0.00361037
0.0136606
0.0678483
0.00120106
0.0016166
0.00365599
0.0219363
0.00390483
0.00315385
0.00474621
0.00206928
0.0150932
0.000980962
0.00737635
0.102146
0.00377503
0.00560803
0.00306855
0.00144809
0.00148816
0.00433932
0.00983944
0.00119148
0.000905937
0.00291478
0.0237152
0.0100053
0.000871715
0.00784459
0.0016476
0.00399347
0.00269357
0.00726546
0.00135973
0.00468504
0.00547316
0.00674239
0.00420378
0.00676267
0.00633113
0.00213025
0.00184824
0.00578918
0.00389005
0.00203728
0.00369431
0.00498382
0.00594675
0.0038374
0.000861728
0.00459717
0.000873679
0.00659332
0.0123984
0.00395411
0.00582779
0.00517545
0.000803915
0.00462718
0.00662228
0.00157313
0.00456608
0.00267838
0.0151227
0.000761634
0.00426097
0.0270086
0.00261191
0.00258764
0.0508722
0.0236858
0.0152882
0.00209297
0.00473117
0.00535523
0.00663131
0.00639749
0.000420209
0.00487131
0.00289309
0.00576309
0.00185723
0.00172251
0.0027112
0.0471161
0.0175368
0.00408585
0.00486857
0.00246904
0.00205347
0.00212555
0.00238585
0.00325202
0.00190231
0.00443479
0.000678564
0.00602162
0.000212497
0.00700266
0.005388
0.00452893
0.00356956
0.00322383
0.00386243
0.00414857
0.00328976
0.00858648
0.000965828
0.00336162
0.00604851
0.000459672
0.00634985
0.0126558
0.00681745
0.00642732
0.00289667
0.00290315
0.00433342
0.00824188
0.00448841
0.0032695
0.00564697
0.00257062
0.00291887
0.00288229
0.00710935
0.00412567
0.00756469
0.00646307
0.00335899
0.000149095
0.0058339
0.00283995
0.00878798
0.00140439
0.0140773
0.0360665
0.00347389
0.00313785
0.0041174
0.00425345
0.000597434
0.00839188
0.0113475
0.0147573
0.00324969
0.00349081
0.0107674
0.0184667
0.00218158
0.00111627
0.00606995
0.00134712
0.00241975
0.0551733
0.0665502
0.00380401
0.00266539
0.00390783
0.0109768
0.0269371
0.0122303
0.00102621
0.00156622
0.00578314
0.00811851
0.00340494
0.0183882
0.000401017
0.00249562
0.00591986
0.00562252
0.000707928
0.00418114
0.00165387
0.00886231
0.00102331
0.00819184
0.00331995
0.00157905
0.0013006
0.00267826
0.00426033
0.000663037
0.00292496
0.0167005
0.00703799
0.0110837
0.000887816
0.00454318
0.0131355
0.00135576
0.00127361
0.00281521
0.0313448
0.00238398
0.00224364
0.00119772
0.005042
0.00481903
0.0122555
0.0104469
0.0275936
0.00635366
0.00360748
0.00616271
0.0154235
0.0142992
0.00703903
0.00551849
0.00349393
0.00549242
0.00139352
0.00360509
0.00207243
0.00929183
0.0198003
0.00332092
0.0111466
0.0346293
0.00421158
0.00396238
0.00183131
0.0036767
0.00126701
0.0043459
0.00134065
0.00521351
0.00223466
0.0011847
0.00157972
0.000900337
0.00429518
0.00373626
0.00397481
0.0101327
0.00394775
0.0110214
0.0130192
0.00204619
0.0172236
0.00395027
0.00400977
0.00266451
0.0470501
0.00192156
0.00121303
0.00452402
0.0352976
0.00264063
0.00312157
0.00918505
0.0252121
0.00334705
0.00174704
0.00312159
0.00473125
0.00274444
0.00942133
0.0116013
0.00540357
0.0010736
0.0029814
0.00459776
0.00183362
0.00192737
0.00315142
0.00319325
0.0093423
0.00090828
0.00419569
0.00163713
0.0033146
0.00289129
0.0093008
0.00294653
0.0048705
0.00633746
0.00881639
0.0020004
0.00835789
0.00187931
0.0154482
0.00707293
0.00258353
0.0081319
0.00153882
0.00349312
0.0050348
0.00146329
0.00623813
0.00159
0.00431118
0.00430516
0.00114544
0.000743483
0.00306156
0.00153756
0.00170324
0.00200058
0.00302729
0.00276177
0.0118804
0.0204966
0.00711272
0.00565122
0.00227131
0.045621
0.0141535
0.0038691
0.0118149
0.00689444
0.00446222
0.00399737
0.00651921
0.0031795
0.00342359
0.0373267
0.0021685
0.0104232
0.00877751
0.00824018
0.000967376
0.00930438
0.00239702
0.0344242
0.00672678
0.00901329
0.00359378
0.00211642
0.00376243
0.0159937
0.00224529
0.00426361
0.00258199
0.00686852
0.00849908
0.00215158
0.00235694
0.0157029
0.00152171
0.000664758
0.0048021
0.00332823
0.000281399
0.0299745
0.00297586
0.00127927
0.00809498
0.00435367
0.0147293
0.00275425
0.00699569
0.0010041
0.000682119
0.0476472
0.000694926
0.0354607
0.00997438
0.00325954
0.00787858
0.00470748
0.00743526
0.00314692
0.00343688
0.000545322
0.00155931
0.00301588
0.00842831
0.00703491
0.00737843
0.000888938
0.000481634
0.0201041
0.00556918
0.0228888
0.00166726
0.00320427
0.00527113
0.00711659
0.0057457
0.00233065
0.0226778
0.00506935
0.00872588
0.00335522
0.00570935
0.004783
0.00705679
0.00101054
0.00377409
0.00355067
0.00130948
0.00206408
0.00386257
0.00276749
0.00289499
0.00391049
0.00502927
0.002153
0.020319
0.0162456
0.0148545
0.00335451
0.00412334
0.00323933
0.00432934
0.0165538
0.0174289
0.00260457
0.00598066
0.0013262
0.0042837
0.00769975
0.00257645
0.00247298
0.0189969
0.00294047
0.00385902
0.0550124
0.00134716
0.0151944
0.00416789
0.00178599
0.00162141
0.000845072
0.00650877
0.00174696
0.000579811
0.00474891
0.00134149
0.0169819
0.00370595
0.0001693
0.00309612
0.0110898
0.00523761
0.00373697
0.0013491
0.00333509
0.00230906
0.002159
0.00639276
0.00464329
0.0116973
0.00376568
0.0128246
0.00312733
0.0028228
0.00178397
0.00391365
0.00479179
0.00197863
0.00196761
0.00627587
0.00203498
0.0145453
0.00316924
0.000461706
0.00885692
0.00642443
0.00288959
0.000957872
0.00539224
0.0146783
0.019817
0.00147266
0.00664203
0.00583526
0.00103271
0.00217223
0.00469489
0.00072425
0.00285667
0.0384596
0.00174951
0.00199192
0.0193849
0.00133465
0.00276794
0.00290835
0.0114249
0.00136824
0.00392868
0.00146885
0.0318339
0.0112423
0.00599653
0.00491632
0.00133455
0.00535484
0.00459956
0.00376577
0.00817079
0.00329402
0.00330426
0.00166742
0.00212649
0.0253067
0.0019394
0.00842128
0.00312173
0.017596
0.00523086
0.0101251
0.00361692
0.00305737
0.00158681
0.00324731
0.0327606
0.00585162
0.00393344
0.00135994
0.00854141
0.00372772
0.00441187
0.00647582
0.00274432
0.00343192
0.00246494
0.0275966
0.00912558
0.00147552
0.000318769
0.000982345
0.00318977
0.00167371
0.00217871
0.00149351
0.00082632
0.000950751
0.0023435
0.00453651
0.00173501
0.00918077
0.000691009
0.00175659
0.00481924
0.00857744
0.0072323
0.00419389
0.00318998
0.00416165
0.00337801
0.000966526
0.000871308
0.00905754
0.00300136
0.00237579
0.00640918
0.00211131
0.00162824
0.00488155
0.000907368
0.00288563
0.00711515
0.00387996
0.00125909
0.00572506
0.00213608
0.00366552
0.00303929
0.00941926
0.00290578
0.00220865
0.00983691
0.00428752
0.0025889
0.00166824
0.00432629
0.0067115
0.00380165
0.00628911
0.0094625
0.00426045
0.00270966
0.0359311
0.00216453
0.00188338
0.00260895
0.00351018
0.00852714
0.00511393
0.000679177
0.00355747
0.00594991
0.00263213
0.00452654
0.00338066
0.00402353
0.00463479
0.00352889
0.00153045
0.00275298
0.000231826
0.00142683
0.00469135
0.0029208
0.00895477
0.00142996
0.00905795
0.00283619
0.00260548
0.00139562
0.00678783
0.00154273
0.00989801
0.0108002
0.000462083
0.00176615
0.00131501
0.00426406
0.00323409
0.0282602
0.0024812
0.00247638
0.00272803
0.00117416
0.00576538
0.012722
0.00349593
0.00322058
0.00815865
0.00106219
0.00445887
0.00212904
0.0104437
0.00132193
0.00718877
0.00209567
0.00389638
0.00185983
0.00340886
0.00954361
0.00196367
0.000611411
0.00317674
0.00627983
0.00146391
0.00105919
0.00168547
0.0125533
0.0191643
0.00328841
0.0104188
0.00730214
0.00929735
0.00267478
0.00440879
0.00305875
0.00109225
0.00937932
0.00140008
0.00470629
0.00868202
0.012616
0.00242201
0.00128317
0.00402308
0.00291243
0.00103993
0.00666807
0.00184706
0.00111258
0.00360764
0.00197076
0.017241
0.00590448
0.00241126
0.00158352
0.00293066
0.000623664
0.0119257
0.00155179
0.0188851
0.00969805
0.00721919
0.00432998
0.00472534
0.00246507
0.000255342
0.00824761
0.00038963
0.00055657
0.0145039
0.00578656
0.00676108
0.00395062
0.00293552
0.0027848
0.000544905
0.00082696
0.00113184
0.00195278
0.00762738
0.00513214
0.00760552
0.00478971
0.00235583
0.0160735
0.00629043
0.00698197
0.00346359
0.00189245
0.00098776
0.00601738
0.0258882
0.00415994
0.00768258
0.00404321
0.000906393
0.00503224
0.00918565
0.00403173
0.00145962
0.00680504
0.00708782
0.00387147
0.00569153
0.0108457
0.007384
0.0025066
0.00203781
0.00839593
0.00183765
0.0119767
0.00234147
0.00754711
0.00399645
0.00206352
0.00934216
0.00255438
0.00414513
0.00436121
0.00727261
0.00469695
0.00151594
0.00237479
0.00557801
0.00243988
0.00428234
0.00501036
0.00402586
0.00427596
0.00100349
0.00251755
0.00348196
0.00102567
0.00690871
0.0242076
0.00127906
0.00686159
0.0049039
0.00294379
0.00611071
0.00832937
0.00244179
0.0395903
0.00157522
0.00122862
0.00407939
0.0082333
0.0235584
0.00668128
0.00344896
0.00714984
0.00149658
0.00180275
0.117272
0.000307079
0.0130424
0.00616059
0.00395029
0.00591374
0.0169287
0.00716786
0.00165961
0.0360719
0.00215928
0.0027693
0.000462781
0.00166534
0.0320969
0.00619108
0.014698
0.00378271
0.00329102
0.0110359
0.00200578
0.025804
0.00429586
0.00235712
0.00266885
0.00727762
0.00502483
0.00289129
0.00758238
0.00381627
0.0267393
0.00701876
0.00472948
0.00173505
0.0336093
0.0039724
0.0153241
0.00294454
0.00134273
0.00418069
0.00662846
0.00300287
0.00099408
0.00485422
0.00368789
0.00132217
0.00562431
0.00335066
0.0119066
0.00248123
0.00396377
0.00521845
0.0135575
0.0229023
0.00552892
0.0314957
0.00841306
0.0579861
0.00989449
0.00832053
0.00603132
0.00152805
0.0217589
0.101371
0.00619497
0.00422702
0.00278764
0.000277513
0.00839167
0.00167745
0.0010249
0.00463946
0.00288099
0.00452959
0.00337671
0.00849418
0.00766099
0.00308587
0.0224041
0.00283137
0.00117532
0.00138892
0.00250653
0.00436928
0.006804
0.00418441
0.0174202
0.00192849
0.00521417
0.0062613
0.00901618
0.00336286
0.0423875
0.00304526
0.00299381
0.000736625
0.001785
0.000649102
0.00138604
0.00343942
0.00865806
0.0116953
0.0105352
0.00434944
0.00366968
0.00715932
0.00271883
0.00258164
0.00514845
0.0049097
0.0121465
0.023266
0.00307468
0.00125069
0.00264631
0.00481852
0.00188655
0.0115642
0.00321257
0.0115504
0.00867658
0.007814
0.00508041
0.0014155
0.0105519
0.000932459
0.00393008
0.00207709
0.00337916
0.00117349
0.00663611
0.00302725
0.00443552
0.00337011
0.0512166
0.00357986
0.00247039
0.0177587
0.000176233
0.0366587
0.00287064
0.00458643
0.00258595
0.000890664
0.00221712
0.00453071
0.00828952
0.00141333
0.00344325
0.00476761
0.00350727
0.00147225
0.00252151
0.0168635
0.00319585
0.00229194
0.00254961
0.0230713
0.00134051
0.00728587
0.00152961
0.00172355
0.00150833
0.002004
0.00726038
0.00208899
0.0045167
0.00869617
0.000701635
0.0223464
0.0025029
0.000957876
0.00673157
0.00025477
0.00257739
0.0131112
0.00286443
0.00560628
0.0008755
0.00116538
0.0107729
0.00261365
0.00850831
0.0189015
0.00492512
0.0113942
0.00139824
0.0158298
0.00364642
0.00389903
0.00751856
0.006626
0.00537225
0.00167183
0.00203227
0.00108358
0.000183738
0.00125547
0.0094483
0.000989345
0.0101061
0.00225616
0.00366363
0.0114453
0.00900424
0.00245793
0.0149292
0.00234867
0.00305712
0.00112267
0.0122513
0.0060711
0.00351162
0.00571662
0.0124733
0.0028273
0.00202346
0.0205809
0.0154582
0.00331392
0.0092342
0.00342567
0.00643367
0.00330055
0.00151119
0.00785136
0.0433861
0.0262603
0.00613724
0.0121627
0.00215944
0.0138037
0.00335009
0.00347969
0.000770407
0.0104513
0.00204101
0.00756838
0.0026345
0.00127054
0.00242882
0.00181459
0.00210782
0.00316727
0.00411293
0.00283178
0.010742
0.00833692
0.031439
0.00269591
0.00164877
0.00427681
0.012681
0.00695158
0.00358439
0.00289844
0.00448904
0.00138775
0.00138317
0.00498936
0.0027255
0.0102527
0.00751798
0.0030784
0.00131319
0.0201496
0.001249
0.00405792
0.00540491
0.00107619
0.00183662
0.0033691
0.00333824
0.0110531
0.00139757
0.00702126
0.023368
0.0110638
0.00132095
0.00400494
0.00377676
0.0173222
0.00157083
0.00687964
0.00157724
0.00204709
0.00442907
0.0108427
0.00202262
0.0022565
0.00309998
0.000822992
0.00200611
0.00458249
0.00327842
0.00328394
0.0315516
0.00835561
0.00166231
0.00377682
0.00500408
0.00116143
0.00310665
0.00405597
0.0125627
0.00280574
0.00183849
0.00693286
0.0055316
0.00358831
0.00555267
0.000769445
0.00261764
0.00152134
0.0029709
0.00453293
0.00928868
0.00200604
0.000933101
0.00268353
0.00814075
0.00427928
0.00224222
0.00517747
0.00411135
0.0084919
0.00203957
0.00776847
0.00390809
0.0128712
0.00243337
0.00506994
0.00130125
0.0081835
0.00163181
0.00375166
0.00471985
0.00707797
0.00252215
0.00168628
0.00318779
0.00272586
0.0122983
0.00792816
0.00387232
0.00262471
0.00190593
0.00682602
0.00277863
0.0193726
0.00353985
0.00160375
0.00204891
0.00124997
0.00761283
0.0194169
0.0309153
0.013529
0.00362894
0.00629206
0.00929546
0.00478418
0.00482664
0.0201421
0.00661134
0.00352619
0.00504616
0.0142494
0.00591188
0.0134925
0.00515447
0.00108009
0.00364732
0.00153203
0.013542
0.000884276
0.0048949
0.00119259
0.0210159
0.00189387
0.0021489
0.0264957
0.0025588
0.00214244
0.00613696
0.00199781
0.0108319
0.00159812
0.00598201
0.00211631
0.00792394
0.00709474
0.00693256
0.00151666
0.00323797
0.00319165
0.000834627
0.0133134
0.00397098
0.0253862
0.00195064
0.00407715
0.000410778
0.00288678
0.00375665
0.00303434
0.037508
0.00743382
0.0144562
0.00899691
0.00269095
0.00134864
0.00314061
0.0393942
0.00111859
0.00244922
0.00279967
0.00946831
0.00729533
0.00313151
0.00222994
0.00833171
0.00162672
0.00439182
0.00680481
0.00350773
0.00165665
0.00130181
0.00118995
0.00508791
0.00778642
0.00697756
0.00486134
0.00584754
0.00280857
0.00458895
0.00594977
0.0016791
0.0287558
0.00246166
0.00552267
0.00992821
0.00283868
0.00150152
0.00262848
0.000226846
0.00386488
0.00366517
0.00313371
0.00169461
0.00801727
0.00281176
0.0233682
0.0228002
0.001987
0.00214282
0.0043654
0.0149319
0.00697947
0.00458235
0.00566529
0.00212319
0.00356522
0.00680666
0.0082608
0.0230332
0.0139146
0.00278014
0.00358121
0.00186509
0.00229478
0.00489416
0.00303597
0.00199396
0.00809268
0.00901188
0.00832695
0.0410601
0.00690955
0.022526
0.00503615
0.00476005
0.00416478
0.00321371
0.0047402
0.00272552
0.00923678
0.013244
0.00972687
0.00509324
0.00774662
0.00851674
0.00911201
0.00140595
0.00174425
0.00573615
0.018045
0.0194421
0.000629396
0.00444593
0.00313827
0.00579703
0.0117072
0.00229751
0.0265221
0.00900611
0.00434332
0.0136067
0.011384
0.00348677
0.00165962
0.00351671
0.00636659
0.00248861
0.00107507
0.00445116
0.00853957
0.00175193
0.00210205
0.0158262
0.00401334
0.0110893
0.0125339
0.0226087
0.000374398
0.00131813
0.012595
0.00449039
0.000989202
0.00161219
0.0188644
0.00203513
0.00909655
0.00934406
0.00492608
0.00528617
0.00379155
0.0141204
0.00106891
0.00350406
0.00100893
0.0160482
0.00598332
0.0208864
0.0121001
0.00152041
0.003772
0.00402351
0.00246554
0.0148901
0.00250095
0.00560433
0.000991958
0.00251864
0.00420894
0.0043026
0.0022782
0.00218364
0.00540158
0.018626
0.00990194
0.00476636
0.0322183
0.000500176
0.00957352
0.00578496
0.0227632
0.00958678
0.0154119
0.00669371
0.00334213
0.00612533
0.00293434
0.0146669
0.00366453
0.00249707
0.00513603
0.00341812
0.0116067
0.0163579
0.00439416
0.00328412
0.00158914
0.000962925
0.0176505
0.0011112
0.00150006
0.00947199
0.0042477
0.0121415
0.00833876
0.00839283
0.00533594
0.0010389
0.0146872
0.00136736
0.00235605
0.00149689
0.00225981
0.000564801
0.00351603
0.00179888
0.0101034
0.00188088
0.0011919
0.00738782
0.000862618
0.00309144
0.00728484
0.00555981
0.00320041
0.0319088
0.0259161
0.0129664
0.00373773
0.00287103
0.00352102
0.00225557
0.0107646
0.0124255
0.0383096
0.0101508
0.00516297
0.00181463
0.00640783
0.00127061
0.0144895
0.000531573
0.00195365
0.00329037
0.00248392
0.00191993
0.00380133
0.0369521
0.0205089
0.000968915
0.0020637
0.00372093
0.00707726
0.00480167
0.00157218
0.00565017
0.0113237
0.00259531
0.00925918
0.00186469
0.0124381
0.00891596
0.0100249
0.0066891
0.0020201
0.0073791
0.00716978
0.00155895
0.0198015
0.00217403
0.0036044
0.0122944
0.00107333
0.00154814
0.00268731
0.00226717
0.0064976
0.0139098
0.00934075
0.0101594
0.0408973
0.00608276
0.000512412
0.00109978
0.0112552
0.00371566
0.00217142
0.0026163
0.0472465
0.00199883
0.0103592
0.00383863
0.00562397
0.00199851
0.0012902
0.0029032
0.00988693
0.0025813
0.0065725
0.0105079
0.000427202
0.00346426
0.00623984
0.00453378
0.000469711
0.00959497
0.00152778
0.00100417
0.000935866
0.00304966
0.00187024
0.00416829
0.00444092
0.00385638
0.0163457
0.0120778
0.00229358
0.00434617
0.0126811
0.00219921
0.0185091
0.00302619
0.00358522
0.00767067
0.00614371
0.0011681
0.00163596
0.00199969
0.018877
0.00186622
0.00909921
0.00394696
0.00461143
0.0171619
0.0219798
0.00320519
0.00694394
0.00298514
0.00568281
0.00949193
0.00325217
0.00479479
0.00152266
0.00791972
0.00610402
0.0084966
0.0201663
0.0124568
0.00254652
0.00440551
0.012935
0.00200299
0.013965
0.00698465
0.0049908
0.00603674
0.00197097
0.00249017
0.0141747
0.00219048
0.0142566
0.00238026
0.00376318
0.00266262
0.0043958
0.00292174
0.0170751
0.0193588
0.00293119
0.00249699
0.00705032
0.00526883
0.00229037
0.0578447
0.00287706
0.00412147
0.00420035
0.00151529
0.0094265
0.0039539
0.0139471
0.0333876
0.00221496
0.00255037
0.00144318
0.00564695
0.000542799
0.00430108
0.00190181
0.000631394
0.0171829
0.00727202
0.00605673
0.00400501
0.0011363
0.00105541
0.00307315
0.00661826
0.00594011
0.0114473
0.00270869
0.0169373
0.00997044
0.0017556
0.00733347
0.00400373
0.00537397
0.0108977
0.00228945
0.0126889
0.00763778
0.0199751
0.00310205
0.00274299
0.0036759
0.00487238
0.000584717
0.030912
0.0108138
0.020589
0.00434968
0.00924602
0.0027016
0.00658723
0.00209806
0.00123648
0.000640371
0.00330944
0.00436021
0.0136781
0.00644828
0.00217725
0.00254935
0.000979152
0.000806177
0.00880771
0.00631996
0.00237946
0.0010919
0.00643254
0.00305011
0.00935151
0.00247353
0.00676554
0.00424298
0.00816446
0.0018269
0.00574647
0.00312661
0.00406012
0.00230305
0.010261
0.0209038
0.00558883
0.00182048
0.00126712
0.00812248
0.0118022
0.0137486
0.00462295
0.000603951
0.000153212
0.00642234
0.00186798
0.0032335
0.00139115
0.00599427
0.00345825
0.000747018
0.0049661
0.00122042
0.00298237
0.00363774
0.00263297
0.00291924
0.00415558
0.00540239
0.00186873
0.0029092
0.0079193
0.0012787
0.000598047
0.00356135
0.0015843
0.0207842
0.00247576
0.003219
0.00550594
0.00579253
0.0101182
0.0210152
0.00340445
0.00661852
0.00825623
0.00520488
0.00476898
0.0156371
0.0131923
0.00224679
0.0081665
0.00207462
0.000711719
0.00747271
0.00133354
0.00367018
0.00220689
0.000889104
0.00105384
0.0190156
0.00410931
0.0142681
0.00106689
0.00108716
0.00348177
0.00509204
0.00476885
0.00895301
0.00173706
0.00537214
0.0024099
0.00183335
0.00411236
0.00587177
0.00735187
0.0278535
0.015486
0.00305837
0.0064858
0.015418
0.00246131
0.00194586
0.00207029
0.00573101
0.00289533
0.00305146
0.00721723
0.00983678
0.0133523
0.00901393
0.00158113
0.00393423
0.003393
0.0108881
0.00224218
0.0187959
0.0126939
0.0116352
0.00353162
0.00347
0.00310049
0.0121113
0.00326469
0.00162833
0.00155801
0.000525814
0.0129844
0.00356398
0.00177703
0.00104692
0.00209844
0.0059272
0.000914485
0.00819549
0.00268489
0.0117258
0.00378887
0.00518817
0.00233471
0.00336044
0.00253704
0.00382913
0.00280308
0.0133126
0.00702947
0.00171227
0.0185779
0.00321643
0.00165625
0.00456737
0.000989261
0.00202133
0.00133315
0.00580462
0.00128338
0.00445608
0.00640617
0.011725
0.00728235
0.006319
0.00456984
0.00371388
0.0391517
0.0101381
0.00192124
0.00664264
0.0245109
0.00255825
0.00137456
0.00145001
0.00169441
0.0061191
0.011167
0.00602694
0.0042978
0.00365532
0.00179464
0.00946909
0.00295577
0.0173463
0.00406037
0.00108327
0.00922517
0.0107265
0.00608918
0.00244162
0.0117601
0.00332157
0.00138183
0.00380128
0.00448576
0.0031952
0.00133204
0.00378075
0.00516837
0.00439592
0.0811181
0.00161955
0.0017222
0.00187972
0.00544047
0.0213252
0.00349598
0.00232082
0.00424915
0.0552859
0.0270067
0.00188914
0.00567249
0.00318829
0.00376418
0.00815769
0.0147898
0.00373124
0.00283987
0.00757732
0.00674609
0.0049358
0.00299951
0.00774501
0.0026716
0.00346537
0.00426162
0.000820911
0.00768782
0.00498387
0.00175209
0.00265673
0.0176222
0.0187478
0.000310169
0.0447348
0.00488332
0.00138222
0.0026992
0.0029464
0.0033627
0.000784985
0.00146865
0.00564211
0.0016049
0.0115965
0.0122387
0.00173065
0.00288084
0.00284997
0.0116252
0.00214809
0.00706731
0.00151694
0.0026127
0.0030088
0.00293165
0.00384359
0.00924564
0.00962954
0.00334458
0.00311434
0.00789026
0.0256726
0.0294069
0.00392344
0.00187194
0.00230427
0.00292236
0.00222778
0.00728827
0.000728964
0.00405569
0.00225412
0.00262742
0.00333826
0.00299606
0.0038257
0.0047058
0.00705787
0.00392334
0.00516718
0.00139669
0.00322364
0.00121203
0.00659236
0.00358275
0.00729137
0.00252599
0.00219111
0.00460085
0.0022315
0.00189224
0.00406764
0.00518123
0.0179329
0.00407793
0.00433666
0.00532048
0.00349561
0.000643204
0.00323173
0.00276037
0.00371695
0.00707831
0.00255581
0.00189273
0.00615097
0.0292079
0.00577099
0.00476887
0.00390996
0.00695262
0.00633752
0.00304339
0.00131711
0.00205986
0.00344766
0.00575362
0.0133245
0.000620715
0.00288477
0.00341039
0.0280649
0.00770409
0.00934802
0.000549279
0.0054109
0.00313117
0.00245258
0.00105466
0.00096811
0.00162918
0.0131483
0.00268502
0.00895722
0.00590476
0.00460386
0.00178397
0.000836136
0.00189502
0.00288786
0.0222758
0.0139432
0.0264172
0.00448075
0.00145486
0.00461722
0.000643734
0.00392102
0.00170182
0.00292026
0.00725078
0.00616634
0.012935
0.00512855
0.00670244
0.0185847
0.00517502
0.0023715
0.00324318
0.00633337
0.00796741
0.00414176
0.00668024
0.00171262
0.00225953
0.0018591
0.000876515
0.00142155
0.0015674
0.00154757
0.0192111
0.00410238
0.00199682
0.00265716
0.00267627
0.0109086
0.00382074
0.00129841
0.0003043
0.0104351
0.00253872
0.00359129
0.00492824
0.00449364
0.00277601
0.00122293
0.00120736
0.00687557
0.0225433
0.0236254
0.00515341
0.00598152
0.00657853
0.00452575
0.000954111
0.00898468
0.00511343
0.00442223
0.00256132
0.00983485
0.00256258
0.00421073
0.00434081
0.0179698
0.00155138
0.00229754
0.00623708
0.00197389
0.00117008
0.00483715
0.00526321
0.00360175
0.0077689
0.00240925
0.00868165
0.00470325
0.00130003
0.00420747
0.00380696
0.0161404
0.00646405
0.0102897
0.0100223
0.00242734
0.00704944
0.000909252
0.00197286
0.0136331
0.00692371
0.00548791
0.0152682
0.00670922
0.0151099
0.0050508
0.00199241
0.0122108
0.00489211
0.0049756
0.0140967
0.00320116
0.00697151
0.00244617
0.00239945
0.00346543
0.00204251
0.00321893
0.000770426
0.000479654
0.00247683
0.00104254
0.00228649
0.00310261
0.00506732
0.00404086
0.00294173
0.00151278
0.00166575
0.00164599
0.00145014
0.00464754
0.0285328
0.0145413
0.00327266
0.00446533
0.000627291
0.00265286
0.0100526
0.000393658
0.0163062
0.00819991
0.00724009
0.00121399
0.00505696
0.00514518
0.00392226
0.00255373
0.0130271
0.000291525
0.000456776
0.00287102
0.00456928
0.0151808
0.00301405
0.000565765
0.00802804
0.0040916
0.00737883
0.00548462
0.000951828
0.00399053
0.00340245
0.00340524
0.00199742
0.00414237
0.0019435
0.00609783
0.00888295
0.00727973
0.00135737
0.00171774
0.0118046
0.0259281
0.00712728
0.00268013
0.0198816
0.00905405
0.00624512
0.0024557
0.00586678
0.00429657
0.00111723
0.00813505
0.00692004
0.000657655
0.00308467
0.00267497
0.00199086
0.00219027
0.00779629
0.0016908
0.022634
0.000758689
0.000663797
0.00453183
0.00362109
0.00461042
0.00499259
0.00194141
0.00344384
0.00732792
0.00178455
0.00509126
0.0170261
0.00296433
0.00237665
0.00436935
0.00415054
0.00410025
0.0044834
0.00347713
0.00151539
0.00366197
0.0012169
0.00480727
0.0096384
0.0048195
0.00671779
0.00227895
0.000488637
0.000977219
0.0143071
0.00343081
0.00402286
0.00353977
0.0209109
0.000887177
0.00738162
0.00170294
0.00303503
0.00288357
0.000591229
0.00856962
0.00445348
0.00893322
0.0138028
0.00267678
0.00451709
0.00257283
0.00137704
0.00415333
0.00162268
0.000202994
0.00133505
0.000416795
0.00368793
0.00478432
0.00128982
0.0106838
0.00989302
0.00498031
0.0033584
0.00621414
0.00144488
0.0111245
0.00513748
0.00219615
0.0324198
0.0095694
0.000658384
0.00461142
0.0276122
0.00192839
0.00271022
0.00501306
0.00188915
0.00391764
0.00357463
0.00285055
0.000907393
0.00355789
0.0655319
0.005876
0.00170188
0.00752431
0.0364767
0.00177056
0.00699754
0.00556826
0.00214424
0.00371747
0.00192184
0.00265676
0.00366031
0.0124214
0.0422582
0.00225151
0.002524
0.00392015
0.00260773
0.00579115
0.00105096
0.0157989
0.0485413
0.00550033
0.00147783
0.00131501
0.00826053
0.00303676
0.00555738
0.00574906
0.0135606
0.00577293
0.00616154
0.00789903
0.00230086
0.00726698
0.00417121
0.0036653
0.00675187
0.00365861
0.00149286
0.0080348
0.000419083
0.00211217
0.000788044
0.00661335
0.00174738
0.0150917
0.00440544
0.0077389
0.000984361
0.00803802
0.00125133
0.00170927
0.00283625
0.0164167
0.00922074
0.000462771
0.00737157
0.00317093
0.000205668
0.00624076
0.00577056
0.00358471
0.00459347
0.00478131
0.0144461
0.00798356
0.000497007
0.0133326
0.00468696
0.00441035
0.00753367
0.0205644
0.0074463
0.0044887
0.00764614
0.00655847
0.00249513
0.00172433
0.0123772
0.00206808
0.00102912
0.00251866
0.00382006
0.00346787
0.0132032
0.00545108
0.0153763
0.00446111
0.0361311
0.00185414
0.00289002
0.00815317
0.00275644
0.00616579
0.00471046
0.000906394
0.00151401
0.013753
0.0184819
0.0054333
0.0122775
0.00121377
0.00246601
0.00262555
0.00501792
0.00444391
0.00542664
0.0136559
0.00241168
0.00500703
0.00105039
0.00392286
0.00576071
0.0166381
0.0108026
0.00421486
0.011091
0.000834428
0.00210278
0.00692914
0.00818616
0.00325788
0.00262122
0.020703
0.0023199
0.00269212
0.017558
0.0129362
0.00505728
0.038133
0.00588714
0.00125111
0.00359686
0.000632761
0.0166329
0.00257047
0.0100775
0.00266721
0.00412371
0.00143736
0.00305952
0.00205826
0.0111503
0.0127896
0.00334927
0.0047827
0.000506339
0.00330276
0.0123647
0.00278903
0.00159988
0.00125427
0.006104
0.00100483
0.004372
0.0023289
0.06204
0.00201517
0.00431184
0.002197
0.00606625
0.005404
0.00800919
0.000618521
0.0018935
0.00421808
0.00516995
0.00200885
0.00242463
0.00219286
0.00535441
0.00968525
0.00346354
0.00120691
0.00838278
0.002877
0.00559775
0.00459134
0.00111971
0.011248
0.00298079
0.00305784
0.00864225
0.00645498
0.00254154
0.0129358
0.0119827
0.00135458
0.00553286
0.00342955
0.00123639
0.00161481
0.013671
0.0190236
0.00190172
0.00634724
0.0029196
0.00648449
0.00338742
0.00156222
0.00180966
0.00443122
0.00139015
0.00969773
0.0191069
0.00221565
0.0151075
0.00559623
0.00150542
0.00979571
0.000915044
0.00931363
0.00364317
0.00151788
0.000828952
0.00920083
0.00394684
0.00728249
0.00518411
0.00868347
0.0106046
0.00232745
0.0041324
0.00239007
0.00440236
0.00631524
0.0078398
0.00464785
0.000759886
0.00619239
0.00402042
0.00779581
0.0128804
0.00374138
0.000540142
0.0049732
0.00403022
0.00343893
0.006883
0.000796648
0.00349875
0.0128723
0.00404157
0.00352053
0.00337462
0.00715282
0.00261669
0.0478862
0.00521598
0.00242923
0.00058579
0.00154112
0.00496399
0.01778
0.00094696
0.00584305
0.00710522
0.00318718
0.00128109
0.00137727
0.00149193
0.00292889
0.00531241
0.0094217
0.00205138
0.0034133
0.0137571
0.0231679
0.00419308
0.00194948
0.0132191
0.00374328
0.00251662
0.00935776
0.0025719
0.00191049
0.00543015
0.000445045
0.00559729
0.00415851
0.00258862
0.000935724
0.00395253
0.00149854
0.00363848
0.000550169
0.0033865
0.00063078
0.196763
0.00885768
0.0111267
0.00523445
0.00438393
0.0114445
0.00157689
0.00420583
0.0063458
0.00158006
0.00500414
0.00322899
0.00124664
0.0161677
0.001753
0.00622904
0.00247773
0.000632066
0.00126153
0.0221402
0.0016538
0.00263955
0.00644746
0.00516992
0.00394514
0.00283459
0.00218691
0.00243599
0.00762343
0.00921786
0.00790152
0.00291043
0.0149412
0.00587813
0.000941944
0.00481673
0.00135525
0.00162047
0.00579003
0.00105895
0.00430306
0.00261946
0.0147498
0.00954301
0.00383133
0.00610523
0.0112566
0.00430834
0.05282
0.00263613
0.0027489
0.0332506
0.00671131
0.0205073
0.00262346
0.00348715
0.00224553
0.00219755
0.00802349
0.00273329
0.00380633
0.00392239
0.00147521
0.00360497
0.00396451
0.0106886
0.00235413
0.021004
0.00215751
0.00330925
0.000942142
0.00362374
0.0458353
0.00140242
0.000840852
0.00737849
0.0076864
0.00142885
0.00553451
0.00881594
0.00238637
0.00851612
0.00124026
0.0028676
0.00247858
0.00347491
0.00600022
0.00383066
0.00240793
0.00486005
0.00313912
0.0118638
0.00243037
0.00297447
0.00616789
0.00328933
0.00126583
0.00674629
0.0113029
0.00211705
0.00355956
0.00187423
0.00393265
0.00392594
0.0221085
0.0020704
0.00438686
0.00685339
0.0120226
0.00229843
0.0066574
0.00255323
0.00547908
0.00559321
0.00212972
0.00752581
0.00383927
0.000779364
0.000881421
0.0175191
0.00172794
0.0019097
0.00654583
0.00283984
0.00213732
0.00267071
0.00220968
0.00801669
0.0211583
0.00232379
0.00326632
0.00298831
0.00476133
0.00368246
0.002212
0.000862175
0.0203128
0.00903185
0.00257932
0.00138107
0.0181608
0.0144398
0.00279579
0.00457941
0.00350224
0.00365099
0.00166507
0.000850311
0.00429768
0.00124444
0.00253433
0.00464244
0.00110675
0.00453773
0.00456836
0.00372161
0.00184336
0.00321531
0.0010311
0.00183759
0.00974611
0.00219222
0.000848914
0.00499213
0.0039807
0.00116065
0.00388727
0.00508151
0.00290744
0.0153912
0.00749352
0.0126913
0.0171041
0.00244918
0.00916527
0.00536257
0.00120161
0.00326621
0.00323862
0.00643831
0.00294652
0.00149225
0.00406357
0.00550574
0.00865534
0.0190726
0.00186481
0.00513393
0.00107778
0.00534014
0.00996555
0.00179022
0.00182865
0.00121992
0.00177116
0.00190425
0.00306093
0.00282895
0.00738791
0.00268412
0.00221047
0.0204048
0.00181755
0.00469951
0.00403757
0.00476825
0.0331977
0.00138821
0.00532423
0.0032439
0.000760132
0.0112321
0.00702679
0.00210493
0.0015364
0.00195661
0.00228199
0.00365598
0.00670507
0.000286328
0.00482765
0.00216263
0.00295698
0.00496554
0.00218086
0.00640965
0.02421
0.00239308
0.00432295
0.00455865
0.00166232
0.00814651
0.00609103
0.00468722
0.00504145
0.00364568
0.00518255
0.00304131
0.00825852
0.00324493
0.00710929
0.00501106
0.00183537
0.00272893
0.00527205
0.0111123
0.000685141
0.00249033
0.0160305
0.00515427
0.0108845
0.0230157
0.0115244
0.0010016
0.00398736
0.00236231
0.003767
0.00243951
0.00872373
0.0264272
0.00302377
0.0060701
0.00141534
0.00429441
0.0190779
0.00348127
0.00556593
0.0158304
0.00314706
0.0026234
0.00135975
0.0120847
0.00634688
0.00347885
0.0251614
0.00489604
0.00402051
0.00136284
0.0020426
0.00153737
0.0056335
0.00177674
0.000817105
0.0048517
0.0125425
0.00405763
0.00442327
0.00261598
0.00153313
0.0117499
0.00152098
0.00081982
0.00239871
0.00396378
0.00573801
0.0155511
0.00963294
0.0287391
0.00579371
0.0123121
0.00305956
0.00401666
0.0096601
0.00816771
0.00246731
0.00255324
0.00601603
0.0184832
0.00558209
0.00203302
0.00724169
0.00820242
0.00366437
0.00121406
0.00159788
0.0048361
0.0027393
0.00593645
0.00884573
0.00166073
0.00594304
0.00391101
0.00423747
0.00260422
0.00252644
0.00267319
0.00753519
0.00498383
0.00274373
0.0034356
0.00351509
0.00270047
0.00259801
0.00466386
0.00588687
0.00142534
0.00493697
0.00609369
0.00108769
0.00393027
0.00157954
0.00806683
0.000472871
0.00381257
0.0119793
0.000508782
0.00543541
0.0034044
0.00107522
0.0134288
0.00166758
0.00193981
0.00087537
0.00253209
0.00173723
0.00501598
0.0121451
0.00638894
0.00180589
0.00554365
0.0173251
0.00134124
0.0039063
0.00234702
0.00176575
0.000859595
0.00161994
0.00384881
0.0145325
0.00746893
0.00149119
0.00559939
0.00426989
0.00189028
0.00368127
0.00109791
0.00399758
0.00755066
0.00492803
0.0030929
0.0543203
0.0128091
0.000677065
0.000452004
0.00252559
0.00812785
0.0032633
0.000535391
0.00518118
0.00278545
0.00337182
0.00242187
0.00333093
0.00235849
0.0065046
0.00878762
0.00658272
0.00242246
0.00180077
0.00668699
0.00717997
0.00175414
0.00337895
0.00390093
0.00399487
0.000947852
0.00484209
0.00272003
0.00193282
0.00413384
0.0012166
0.0123195
0.00457946
0.0142269
0.000797364
0.0105368
0.00527706
0.015664
0.00112326
0.00106131
0.00380203
0.0106382
0.0037396
0.00487855
0.00250602
0.00362158
0.00376761
0.00366157
0.0105284
0.00280537
0.0087633
0.0127352
0.00164555
0.00349809
0.00459901
0.00636312
0.0047911
0.00687875
0.0039778
0.0354221
0.0033866
0.000967519
0.00266142
0.0124924
0.00843024
0.00215358
0.00252733
0.00279811
0.00230114
0.000923445
0.000462565
0.00255062
0.00679931
0.00638822
0.000944774
0.00297397
0.00272146
0.00621413
0.000519565
0.00692569
0.0021091
0.00500563
0.00623947
0.00455051
0.0109314
0.0167214
0.0271984
0.00829917
0.00268309
0.00260107
0.00297694
0.007234
0.0155156
0.0179743
0.00744339
0.0152339
0.0165752
0.00242378
0.00300044
0.0172989
0.0112471
0.00312661
0.00186281
0.00232917
0.00407856
0.00828616
0.00235235
0.0040601
0.00995802
0.00240207
0.0038332
0.00379025
0.0045711
0.00405581
0.00582379
0.00817067
0.00681055
0.00576166
0.00398592
0.00485047
0.0014751
0.00123556
0.00482892
0.00370717
0.0191443
0.00951171
0.00158441
0.00324124
0.00402162
0.00843116
0.00192049
0.00236086
0.00475504
0.00108371
0.000775323
0.00183674
0.0128038
0.00458875
0.00251742
0.00270684
0.00846565
0.00136222
0.0028566
0.00505087
0.000563578
0.00283441
0.00248861
0.00464079
0.00982596
0.00157288
0.00396921
0.00488551
0.0076078
0.00207688
0.0129782
0.00769164
0.00315463
0.0073664
0.00235351
0.00929081
0.018392
0.00063743
0.0211546
0.00354814
0.0575182
0.0318159
0.00768835
0.00461832
0.00140946
0.0027937
0.00691767
0.00741692
0.00556688
0.00342666
0.0034121
0.00277054
0.00978479
0.00575015
0.00486256
0.00620399
0.0258797
0.00357336
0.00325843
0.00761015
0.00506881
0.00497215
0.00461655
0.0168365
0.00322819
0.0226512
0.0956179
0.000919927
0.000507253
0.00296361
0.00904509
0.00371142
0.00281794
0.00303618
0.00480268
0.00229882
0.00266114
0.0532016
0.000470031
0.00792437
0.00280541
0.000188015
0.00320148
0.0289048
0.00160976
0.0287209
0.0107629
0.001444
0.000513223
0.0148602
0.00761515
0.00154416
0.00633512
0.00112308
0.00203945
0.00185772
0.00268808
0.00548897
0.00366593
0.00334305
0.00315836
0.00132848
0.0129959
0.000888013
0.00102038
0.00153457
0.00310952
0.00249149
0.00333931
0.00170588
0.00444048
0.0216241
0.0036541
0.00108243
0.044066
0.0039004
0.00372037
0.0024691
0.00113886
0.0018143
0.00352711
0.00296279
0.00735522
0.00174173
0.00175389
0.00607371
0.021742
0.011089
0.00571716
0.00131238
0.00287242
0.00358993
0.00452074
0.00536708
0.0192832
0.00655839
0.00323945
0.00526638
0.0113977
0.00244673
0.0024198
0.0135601
0.00374803
0.00145828
0.00369594
0.00630643
0.0155577
0.00951585
0.00164261
0.00378868
0.000395398
0.00622489
0.00256806
0.00179663
0.00255878
0.0052942
0.00580348
0.00281978
0.00127279
0.00884311
0.00520489
0.00050928
0.00770282
0.00376772
0.00307702
0.0391826
0.00113717
0.000766637
0.0042312
0.00114793
0.00604624
0.00922562
0.00180931
0.00220769
0.00513372
0.00205796
0.00380105
0.0054372
0.00113988
0.00176423
0.00356529
0.00153185
0.00261741
0.00273976
0.0266994
0.00190174
0.00402235
0.000488396
0.00380476
0.0044728
0.0145882
0.00502214
0.00416521
0.00659992
0.00959863
0.0112528
0.00552886
0.00302702
0.00233955
0.00440083
0.00445843
0.00225079
0.00252961
0.00488699
0.00373976
0.041224
0.0215198
0.000989868
0.0158484
0.00149889
0.000567262
0.0136498
0.00552079
0.00125664
0.00382938
0.00223028
0.00299677
0.00316561
0.007558
0.001296
0.0122147
0.00455883
0.0088969
0.00384533
0.00494891
0.00267303
0.00106116
0.00467433
0.0162626
0.00317744
0.0147133
0.00245819
0.000480061
0.0147358
0.00242605
0.00451949
0.00836701
0.00397326
0.00787326
0.00170209
0.00136598
0.00309161
0.00436173
0.00241551
0.015585
0.00417892
0.00231726
0.00342732
0.00409335
0.00161215
0.00279313
0.00802032
0.00474503
0.00530331
0.00494186
0.00187209
0.00946336
0.00601188
0.00189672
0.0130825
0.012736
0.0177675
0.0194191
0.0196074
0.00366073
0.0160503
0.00211394
0.00101417
0.00403062
0.00259833
0.00331992
0.00571522
0.00524338
0.00583009
0.0113594
0.00240628
0.00482147
0.00138172
0.00478515
0.00464494
0.000496084
0.00237222
0.0158433
0.0369629
0.0146408
0.00669943
0.0016785
0.00256993
0.00482497
0.00205979
0.00870457
0.00478399
0.00844909
0.00348047
0.00199137
0.00175267
0.000878746
0.00405704
0.00114633
0.00432678
0.00105679
0.00187979
0.00632427
0.0053781
0.00894129
0.00419807
0.0030629
0.00229646
0.00125961
0.0165635
0.00236587
0.000705487
0.00134292
0.0428933
0.00052692
0.00396459
0.00766786
0.00356116
0.00140157
0.00937364
0.0161002
0.00532632
0.00044759
0.00266207
0.00523424
0.000634502
0.00496197
0.0136453
0.00914527
0.0030213
0.00435533
0.00340396
0.00562444
0.00146082
0.00565686
0.00506275
0.00991984
0.00285739
0.00411562
0.00298156
0.00424095
0.00607947
0.00256722
0.00545686
0.00330811
0.012214
0.00439192
0.00443077
0.000872044
0.00566811
0.00766833
0.000889998
0.012093
0.00421308
0.00833774
0.00186664
0.00521512
0.00126874
0.0100935
0.0088872
0.00178041
0.00281649
0.00376206
0.00658332
0.00494558
0.00665861
0.00362299
0.00373918
0.00485575
0.00135492
0.00325434
0.00690024
0.0441465
0.0469762
0.00719398
0.021468
0.0112384
0.00395225
0.00109181
0.00582364
0.00203087
0.00683296
0.00195703
0.00646785
0.00142087
0.00112391
0.00332275
0.0185554
0.0133353
0.0157058
0.00731252
0.00935566
0.00524341
0.00663045
0.00232606
0.00163972
0.00153827
0.00281395
0.00672858
0.00617356
0.0119488
0.00440739
0.0139233
0.00903482
0.00627496
0.00279768
0.00191395
0.00924408
0.00170707
0.00317885
0.00498242
0.00364163
0.00765596
0.000541344
0.0289153
0.000985518
0.00181508
0.00201877
0.019572
0.00511562
0.00440081
0.00699889
0.0130406
0.00123807
0.00144867
0.00539188
0.0142536
0.00257549
0.000754433
0.000392557
0.00250168
0.00546643
0.00606627
0.00611877
0.00442835
0.00760559
0.00663348
0.00367364
0.00278625
0.00612613
0.00149692
0.00178395
0.0178073
0.00225464
0.00168426
0.00578192
0.0058009
0.00997073
0.00197263
0.00536036
