0.00392406
0.00359542
0.0012303
0.00142901
0.00705185
0.0100971
0.00175327
0.0280495
0.00681858
0.00731196
0.00557272
0.00582263
0.00197985
0.00339097
0.00120536
0.00191772
0.00920421
0.01454
0.0027635
0.00288646
0.00696127
0.00184331
0.00222259
0.00255331
0.00355453
0.00293855
0.00181711
0.00675533
0.000685928
0.00287065
0.0105912
0.00209312
0.00609324
0.00241466
0.00141275
0.0025472
0.00490624
0.00328104
0.00347948
0.00314245
0.00246814
0.00385122
0.000988315
0.000990334
0.0012605
0.00328355
0.00113548
0.0013125
0.00208027
0.00703718
0.00484118
0.00210019
0.00351241
0.00207468
0.00130578
0.00322303
0.00705736
0.00246659
0.00186301
0.0148043
0.00435072
0.00270395
0.0020247
0.00339853
0.00166726
0.00233814
0.00641039
0.00595579
0.010793
0.000862779
0.00587269
0.00808741
0.00214468
0.00191924
0.00117933
0.0013863
0.00183211
0.00156481
0.00475315
0.0053123
0.00310539
0.00172333
0.00688427
0.00169941
0.00319867
0.00310355
0.00162287
0.00828534
0.0113104
0.00193184
0.00577926
0.00284615
0.00408833
0.00354434
0.00282223
0.000336671
0.00266631
0.00576765
0.00269186
0.00131922
0.00328094
0.00179391
0.00156892
0.00885313
0.00298801
0.00205896
0.00417743
0.00279144
0.00427384
0.0118062
0.00202756
0.00374239
0.00641169
0.00407681
0.00472794
0.00245593
0.00918892
0.00181901
0.00573805
0.0016012
0.00247214
0.0038871
0.00895111
0.00321036
0.000600635
0.00090184
0.000463395
0.0025113
0.00887628
0.00158449
0.00617198
0.00420707
0.00417549
0.00128564
0.00251092
0.00170683
0.00697199
0.00057927
0.00187646
0.016779
0.00447031
0.00329782
0.00162038
0.00225569
0.0125595
0.00200419
0.00470125
0.00042915
0.00669534
0.00647707
0.00445466
0.0033649
0.00561072
0.00598364
0.00615986
0.0030727
0.00317318
0.00222955
0.00489465
0.0116829
0.00139468
0.00295964
0.00307793
0.000570366
0.00090232
0.00298814
0.00204387
0.00340398
0.00538893
0.00686734
0.00180365
0.000941707
0.00673565
0.00277408
0.00671191
0.000949075
0.00605387
0.000541372
0.00333518
0.00573183
0.00501922
0.00253332
0.00187165
0.00404299
0.00329055
0.0021227
0.00216695
0.00468299
0.00161911
0.00221933
0.0039112
0.00313994
0.00193911
0.000973482
0.00746921
0.00357641
0.00873119
0.00237003
0.0141095
0.00318332
0.00349609
0.00325139
0.00214389
0.00459669
0.00263666
0.00234597
0.00179753
0.00137672
0.0090525
0.001833
0.00819531
0.000885876
0.00823099
0.00202718
0.00245328
0.00131994
0.00203539
0.00358741
0.00155584
0.00242398
0.000708992
0.00162874
0.00206275
0.00352837
0.00269176
0.000549753
0.000366503
0.00173549
0.00468904
0.00398138
0.00638123
0.00149836
0.0108491
0.00266047
0.00348514
0.0010196
0.00271568
0.007513
0.00086154
0.00246189
0.00156751
0.00672159
0.00212611
0.00115103
0.00224668
0.00348291
0.00234759
0.002066
0.0026008
0.00146195
0.00395212
0.00384376
0.00372397
0.00648508
0.00315534
0.0085854
0.000838355
0.00194119
0.00523307
0.000916334
0.00237158
0.00518688
0.00143061
0.000307617
0.00154687
0.00367873
0.000627802
0.00335867
0.00228016
0.00305034
0.00854668
0.00147319
0.00357572
0.00579953
0.00323835
0.00673972
0.00124561
0.00094692
0.00703147
0.00277892
0.0177049
0.00518965
0.00421626
0.00062497
0.0021858
0.00601429
0.0115051
0.00370585
0.0027108
0.00403284
0.0128087
0.014817
0.00352653
0.000258184
0.00111167
0.00130242
0.00664174
0.00447136
0.00134
0.000863001
0.00197858
0.00334702
0.00314465
0.0270488
0.00218827
0.00189985
0.000751361
0.00092692
0.00128682
0.00320294
0.00686755
0.00200589
0.00474499
0.0015631
0.00626428
0.00305369
0.00175202
0.00183033
0.00589184
0.00428055
0.00146732
0.0100544
0.00743515
0.0068449
0.0106319
0.00109948
0.00350606
0.00798493
0.00184261
0.00149577
0.00117787
0.000760843
0.0117946
0.00131765
0.00413716
0.00485327
0.001563
0.000596292
0.000265222
0.00189308
0.00325892
0.0012079
0.00430908
0.00718062
0.00167297
0.0073083
0.00461161
0.000409967
0.000986055
0.000962191
0.00288987
0.00504316
0.0116569
0.0110491
0.00142258
0.000977239
0.00199036
0.00583523
0.00507005
0.00900156
0.00746561
0.00183914
0.00388372
0.00629371
0.00569624
0.00203975
0.0152404
0.000815213
0.00599353
0.00224231
0.00379705
0.00221816
0.00471449
0.00965465
0.00191583
0.00762581
0.00123851
0.0031026
0.00348114
0.00802129
0.00709966
0.00535345
0.00537893
0.00228981
0.00362684
0.0056862
0.00101606
0.0102436
0.00358946
0.00306162
0.00605617
0.0155019
0.00141694
0.00311755
0.00511216
0.00296671
0.00168731
0.00347556
0.00557732
0.00265755
0.000672686
0.00438828
0.0105874
0.000827112
0.00506822
0.00338833
0.00140779
0.00518112
0.0034468
0.00175124
0.00203807
0.0013073
0.00370259
0.00154023
0.00302552
0.00109847
0.00803148
0.000861257
0.00212095
0.00505136
0.00121796
0.00425543
0.00606855
0.00185316
0.00221294
0.00257315
0.00712129
0.00162932
0.00677348
0.0026544
0.00135427
0.00272141
0.00408726
0.00337808
0.00378788
0.001778
0.00666894
0.00143384
0.00275361
0.00845463
0.00118992
0.00551082
0.00993139
0.00332927
0.00150289
0.00173573
0.00111605
0.00277337
0.00632748
0.00137134
0.0168234
0.00281383
0.00371802
0.0022963
0.00888265
0.00487299
0.00275871
0.00939643
0.00369804
0.00647025
0.00169795
0.00287522
0.00580774
0.00862086
0.00151541
0.000900963
0.00256984
0.00112508
0.00226126
0.00452922
0.00290965
0.00859701
0.0045806
0.00343348
0.00147213
0.00136987
0.000826338
0.00189531
0.000706583
0.00117638
0.000630288
0.00756251
0.00200564
0.0021378
0.0215124
0.00558415
0.00725372
0.00131257
0.00324969
0.0038481
0.00101749
0.00714601
0.00327732
0.00258426
0.00512978
0.00481327
0.00442088
0.00112468
0.00115723
0.000829296
0.00365788
0.00184408
0.00248903
0.000747276
0.00212804
0.000535925
0.00180762
0.003636
0.0037618
0.00687704
0.0047481
0.00594578
0.00380737
0.00332931
0.00151091
0.00132387
0.000955427
0.00116521
0.00465811
0.00260018
0.00498792
0.00244162
0.010222
0.00270911
0.00148079
0.00129287
0.000894076
0.00313992
0.00176306
0.00123017
0.00120701
0.00521011
0.00266023
0.00200762
0.00234278
0.00332875
0.0095363
0.026351
0.000498461
0.00152853
0.00699555
0.00410641
0.00770071
0.00209593
0.00603355
0.000253175
0.00124452
0.00463781
0.00204695
0.0031701
0.00377173
0.00704568
0.00384444
0.0103277
0.00514208
0.00160779
0.00640773
0.00804669
0.00420712
0.00424787
0.0055371
0.00469605
0.00410009
0.00144047
0.0022029
0.00191003
0.00163575
0.00591648
0.0104106
0.00820315
0.00149916
0.00286944
0.00198704
0.00140749
0.00152294
0.00309748
0.00312917
0.000285708
0.00456618
0.00185043
0.00195527
0.00426296
0.00167958
0.00173833
0.00457016
0.00234718
0.00326282
0.000928079
0.00171541
0.00553623
0.00521199
0.0024823
0.0036832
0.00572542
0.00136174
0.00526533
0.00156631
0.00692412
0.00707535
0.00588589
0.00314805
0.00274422
0.00183471
0.00359599
0.00544215
0.00143126
0.0027838
0.0162319
0.00166599
0.00138041
0.00128419
0.00441822
0.00418785
0.000466344
0.00448669
0.011021
0.00303231
0.00340286
0.00074884
0.00100803
0.00163912
0.00379067
0.00278285
0.00171314
0.00511318
0.00195113
0.00195396
0.0009982
0.000925886
0.00401941
0.000679322
0.000850222
0.00361958
0.000993248
0.00472138
0.00159209
0.00135774
0.00368024
0.00799631
0.00939712
0.000936963
0.0072561
0.00219895
0.000904703
0.000852166
0.00605958
0.00188203
0.00154316
0.00210306
0.00414131
0.00512864
0.00497959
0.0018208
0.00323212
0.00655449
0.00738755
0.00481779
0.000638206
0.0011781
0.00345119
0.00278649
0.00169742
0.00170895
0.00114474
0.0217696
0.00349673
0.00617789
0.00404038
0.00155224
0.00217842
0.00256703
0.000792959
0.00483035
0.0024852
0.00178533
0.00205446
0.0118869
0.00298673
0.00944204
0.00718635
0.00106448
0.00398605
0.00502426
0.00214308
0.00554356
0.013774
0.0019795
0.00841661
0.00172554
0.00883851
0.00424387
0.00458011
0.00600215
0.00495255
0.00741104
0.00451108
0.00394625
0.00409439
0.0051273
0.00152634
0.00250204
0.00186103
0.00310535
0.00270841
0.00289952
0.00462866
0.00247451
0.00342233
0.00505879
0.00395213
0.0021281
0.00134939
0.00164566
0.00499295
0.00111303
0.00418507
0.00129548
0.000564159
0.00065988
0.00286427
0.00288866
0.00166431
0.00534096
0.000947522
0.00722228
0.00236792
0.00377782
0.00138713
0.0129746
0.00172931
0.0037522
0.000669225
0.00174696
0.00281951
0.0124206
0.00341846
0.00128857
0.0049642
0.000593798
0.0154912
0.00346531
0.00736701
0.00186677
0.00688035
0.00170807
0.00510333
0.00108665
0.00609268
0.00604666
0.00144514
0.00618238
0.00426176
0.000845297
0.00187183
0.00143258
0.00486492
0.00134362
0.00124712
0.00235325
0.00031517
0.00579015
0.00134616
0.00305737
0.00223367
0.004959
0.00212238
0.0195836
0.00435997
0.00182127
0.00405388
0.00186134
0.00222684
0.00230382
0.0021833
0.00303797
0.00332639
0.00112517
0.0101037
0.00307809
0.00692939
0.00600855
0.00459679
0.00255206
0.00311979
0.00236294
0.00158731
0.00212593
0.000402123
0.00156534
0.000451122
0.00752938
0.00487372
0.00385423
0.00116365
0.00298619
0.00102821
0.0064377
0.00283624
0.0022872
0.00289418
0.00160294
0.00520025
0.000565567
0.00203834
0.00037663
0.0140377
0.00522823
0.00196731
0.000527132
0.0038271
0.000593433
0.00232194
0.0018463
0.00148489
0.000227537
0.00514729
0.00164941
0.00189265
0.00152281
0.00190402
0.00336028
0.00568147
0.00657326
0.00547823
0.00126185
0.00649565
0.0109695
0.00346608
0.00173075
0.00290989
0.00228542
0.00246215
0.00308868
0.00578724
0.00104753
0.00254438
0.00366651
0.00250302
0.00895026
0.00548381
0.00280027
0.00194666
0.00558698
0.00287985
0.00107595
0.0110145
0.00562882
0.00203576
0.000733992
0.00112213
0.00156772
0.00152473
0.0017579
0.00350859
0.00291285
0.0121428
0.000290006
0.00607297
0.00699136
0.00741776
0.00445943
0.00846854
0.00360826
0.000393969
0.0126774
0.00164575
0.00793699
0.000948081
0.00574078
0.001184
0.00992141
0.00144918
0.00269742
0.00122512
0.00910505
0.00481276
0.00162106
0.000987923
0.00249826
0.00261919
0.00238976
0.0052198
0.00447613
0.00242838
0.00388844
0.00218948
0.00484976
0.00288997
0.00129863
0.00135522
0.00228845
0.0034737
0.00226682
0.00239792
0.00207727
0.00120485
0.00248594
0.00815634
0.00139058
0.00188386
0.00144409
0.00320594
0.00660791
0.00483775
0.00107401
0.00670663
0.00562499
0.0115289
0.00633585
0.00106858
0.00387801
0.00217804
0.000670089
0.00454201
0.00109099
0.00655709
0.00288059
0.00911572
0.00786229
0.00110497
0.000806214
0.0052852
0.00328537
0.00311365
0.0076962
0.000185224
0.00218494
0.00351818
0.00124914
0.000597311
0.00597726
0.00173101
0.000743869
0.00194012
0.00192509
0.000443679
0.0019642
0.00145701
0.00187712
0.00257396
0.00601731
0.00209586
0.00103568
0.00169181
0.00143467
0.00470014
0.00491163
0.00347299
0.0041408
0.00110089
0.00715428
0.00623881
0.003469
0.00234494
0.0023621
0.00106738
0.00260309
0.0144329
0.00590953
0.00429324
0.0115107
0.00141596
0.000843389
0.00333692
0.0047543
0.00709086
0.00156444
0.00326734
0.00183684
0.00345773
0.00355821
0.000855004
0.00613275
0.00186086
0.00235774
0.00447992
0.00172215
0.0179858
0.00482443
0.00108752
0.00941096
0.00342244
0.00383812
0.000764347
0.00878429
0.0024755
0.0050136
0.00431993
0.00500303
0.00708054
0.00352888
0.00848773
0.0127778
0.00330239
0.00761237
0.00268834
0.00652548
0.00405118
0.00266209
0.00192576
0.00729361
0.00382345
0.00634985
0.00904769
0.00298649
0.000758475
0.00264411
0.0053817
0.00801861
0.00833757
0.00595155
0.00217248
0.0025571
0.000707461
0.000794943
0.00704781
0.00896395
0.00793473
0.00339376
0.00616182
0.00523329
0.00779524
0.00269774
0.00291236
0.00645864
0.000174305
0.00643041
0.00166812
0.000995151
0.00910164
0.00851572
0.00228692
0.00333657
0.00659972
0.00678625
0.00383625
0.00412167
0.00839633
0.00225987
0.00571554
0.00623811
0.000726679
0.00105568
0.000589139
0.00451347
0.00309305
0.00398519
0.00233495
0.00343966
0.0033488
0.00312307
0.00199514
0.0031578
0.0022923
0.00458265
0.0262226
0.00651284
0.00290752
0.00334938
0.00230171
0.00460936
0.00485533
0.00115447
0.00186004
0.00107264
0.00516666
0.0016576
0.00983097
0.00172862
0.00286365
0.00637362
0.00107519
0.00524913
0.00194919
0.00323825
0.00548756
0.00119576
0.0057016
0.0082036
0.00155571
0.00209675
0.00460892
0.00186734
0.00131197
0.00155759
0.00174754
0.00263299
0.00100453
0.00319497
0.00939567
0.00120751
0.00436747
0.00141588
0.00373723
0.00394832
0.00528004
0.00483873
0.00096836
0.0142408
0.00266157
0.0047418
0.00174087
0.00138385
0.00184825
0.00495604
0.00280348
0.00171196
0.000986792
0.00257283
0.0037425
0.00238071
0.00241664
0.00132457
0.000169507
0.00129759
0.00465522
0.0093121
0.00211903
0.00957978
0.00387432
0.00101509
0.00570007
0.00272191
0.00389784
0.000303331
0.00453005
0.00407159
0.00271982
0.00884683
0.00356494
0.00656388
0.00232637
0.00965881
0.00632467
0.00341945
0.0055547
0.0039899
0.000838876
0.00172911
0.00162527
0.00228409
0.005277
0.00211141
0.00227065
0.00970828
0.0218232
0.00393448
0.00284016
0.00363896
0.00328787
0.00146499
0.0120092
0.000459598
0.00167741
0.00214621
0.00235875
0.00354548
0.000949606
0.00186363
0.00110954
0.000770693
0.00148594
0.00368451
0.00351938
0.000835486
0.0107871
0.0045565
0.00183988
0.00479204
0.00691758
0.00594723
0.00126914
0.00387722
0.000685209
0.0043142
0.00311913
0.00253024
0.000936663
0.0082423
0.00194264
0.0014087
0.00555381
0.00261046
0.00295778
0.00127091
0.00454686
0.00478508
0.00722937
0.00222322
0.0023993
0.00249462
0.00163557
0.00151767
0.00210399
0.0019381
0.000440377
0.00193244
0.00668106
0.00247985
0.00512371
0.000418318
0.0110141
0.00254719
0.00806501
0.0016813
0.00508369
0.000690897
0.0064314
0.00194262
0.00352599
0.00397873
0.00323597
0.00117078
0.00292487
0.00102327
0.00877418
0.00279887
0.0053794
0.0026399
0.00214187
0.00243102
0.00106978
0.00122009
0.00814584
0.00663535
0.00497811
0.00394092
0.00447479
0.00461794
0.00144137
0.00611499
0.011998
0.00889722
0.00207472
0.00826467
0.00452613
0.00141584
0.00490715
0.00270475
0.00214356
0.0153242
0.00414437
0.00222577
0.00989163
0.00133246
0.00302078
0.000303509
0.00473448
0.00144077
0.00259469
0.00379204
0.00513295
0.0026403
0.00100701
0.0022656
0.000920136
0.00111151
0.00242632
0.00185239
0.00865018
0.00227177
0.00099395
0.00344536
0.00927815
0.00189159
0.00179247
0.000819626
0.00372547
0.000655109
0.00052067
0.0104102
0.00127123
0.00221795
0.00403108
0.00216034
0.003366
0.00459075
0.00172832
0.00336148
0.00708296
0.0011851
0.00675285
0.00252008
0.00196527
0.0106236
0.00245621
0.00259236
0.00161492
0.000782976
0.00765005
0.00125626
0.00217684
0.00144457
0.00193868
0.00868707
0.00253613
0.0016069
0.00266268
0.00257509
0.00415622
0.00235269
0.00116688
0.00320143
0.00777218
0.0075309
0.00232822
0.00279234
0.000550001
0.00173598
0.000287038
0.00232077
0.0106472
0.00183818
0.000937668
0.00207166
0.0224309
0.00226128
0.00235492
0.00590653
0.00408401
0.00208478
0.00347519
0.0314836
0.00217981
0.0061427
0.00322391
0.00318261
0.00325691
0.00226291
0.000588714
0.000167
0.00318361
0.00251699
0.0070158
0.00109925
0.00193611
0.00413072
0.00358794
0.00256272
0.00951559
0.00147537
0.00115392
0.00136014
0.00716297
0.00489211
0.00363828
0.000489726
0.00285934
0.00113706
0.00136081
0.00460302
0.00168179
0.00211688
0.00125006
0.0303726
0.00172622
0.00134754
0.00677366
0.00222349
0.000864927
0.00337509
0.00621667
0.00348427
0.0034609
0.00265124
0.00221214
0.00662765
0.00684783
0.00233151
0.00518602
0.0020463
0.00186963
0.00070086
0.00314996
0.0071716
0.00377551
0.00230079
0.00155457
0.000760718
0.00393804
0.0106215
0.00360877
0.00382179
0.00357024
0.00119003
0.00805408
0.00319063
0.00277853
0.00276946
0.00356424
0.00671116
0.00614074
0.00358654
0.00195923
0.0146653
0.00252132
0.00165917
0.00273066
0.00420415
0.00356247
0.00460595
0.00231902
0.00355864
0.00254726
0.0062115
0.00784971
0.00118959
0.000823766
0.00198371
0.00636845
0.00588867
0.00086342
0.00185963
0.00746929
0.00270996
0.0042889
0.00471474
0.00134456
0.00349939
0.000944409
0.002995
0.00306046
0.00281605
0.00220963
0.00403891
0.00301222
0.00620888
0.00190158
0.00325366
0.00215514
0.00275092
0.00755046
0.00100983
0.00482692
0.00393426
0.00119227
0.00537274
0.00686891
0.00140767
0.00683671
0.00126914
0.00218849
0.00415605
0.00108458
0.00196067
0.00341874
0.00225784
0.00306349
0.000903377
0.00243
0.00481181
0.00149971
0.00198705
0.00240638
0.00381034
0.00380335
0.00157486
0.00188099
0.00109002
0.00313998
0.00157068
0.00090982
0.00628935
0.0054585
0.000463445
0.00125347
0.0175574
0.00127203
0.00219306
0.00369411
0.0022826
0.00942516
0.00748231
0.00213241
0.00176267
0.00524911
0.0159849
0.00296404
0.00469249
0.00555369
0.00372173
0.00238694
0.010374
0.00181483
0.00173502
0.00127379
0.00105726
0.00185891
0.00344729
0.00164339
0.00195909
0.00276264
0.00617201
0.00552261
0.00567569
0.00294414
0.00367465
0.00591217
0.00209166
0.0031177
0.00893346
0.0152471
0.00475415
0.00322146
0.00431471
0.000487871
0.00726275
0.00427584
0.00368725
0.00409906
0.00555557
0.0056002
0.00308551
0.00214629
0.00474609
0.0023708
0.00608051
0.0136833
0.00429543
0.00449691
0.00368966
0.00138263
0.00185401
0.0021285
0.00628438
0.00538091
0.00642137
0.0095646
0.00096288
0.00175622
0.00945048
0.00394966
0.00188443
0.00154811
0.00241373
0.00193073
0.0034033
0.00499566
0.00376777
0.0049384
0.00422858
0.00313861
0.00120874
0.00352367
0.00282845
0.0045717
0.00980494
0.00187296
0.00261228
0.0135206
0.00851607
0.00275933
0.00183368
0.00577362
0.00511476
0.00330541
0.00230655
0.00573581
0.00303835
0.00426918
0.00178506
0.00221489
0.00361886
0.000294301
0.00580866
0.00441161
0.0028303
0.00484669
0.00303143
0.00514844
0.00251206
0.00281767
0.00292462
0.00502876
0.000278582
0.00250322
0.00195145
0.000784684
0.00507305
0.00285553
0.00289075
0.00231305
0.00705326
0.00812046
0.000487997
0.00170144
0.00327034
0.000588351
0.00354623
0.00820126
0.00536584
0.00423828
0.000750621
0.00134689
0.00338426
0.000629626
0.00060223
0.0044564
0.00198883
0.00237729
0.000459278
0.00218979
0.000432754
0.00918029
0.00224338
0.00579187
0.00195925
0.00177386
0.00401036
0.00176997
0.00276324
0.00268279
0.00363468
0.00152742
0.0060279
0.00286553
0.00852815
0.00568903
0.00248007
0.0009195
0.0041752
0.00277794
0.0173052
0.00230591
0.00148809
0.00021786
0.00252465
0.00495348
0.00155876
0.00658177
0.0190576
0.00101
0.00322056
0.00262199
0.00449743
0.0128079
0.00475546
0.000529756
0.0111905
0.00246782
0.00407018
0.00255484
0.00364576
0.00307519
0.00305541
0.0079735
0.00678818
0.000738592
0.0100671
0.00381759
0.000191697
0.00146828
0.0020865
0.00494555
0.00607763
0.00133596
0.00122927
0.00410396
0.0128713
0.000880324
0.000961915
0.00159849
0.00154101
0.00215013
0.00268339
0.00457363
0.0043886
0.00313599
0.00398734
0.00139559
0.00453954
0.00745852
0.00119139
0.00312738
0.00482875
0.00204114
0.00292604
0.00431733
0.00156657
0.00227012
0.00108992
0.00469336
0.0053487
0.00379389
0.00601713
0.00742214
0.016054
0.00298671
0.00480132
0.00473181
0.00215546
0.00498665
0.0016345
0.00498764
0.00856018
0.00160937
0.00395693
0.00455343
0.00132042
0.00171128
0.00416821
0.00421251
0.00364587
0.00220124
0.0106857
0.010664
0.00335924
0.000794469
0.0141871
0.00150443
0.00315078
0.00311661
0.00175522
0.00100861
0.00387109
0.00390736
0.00855573
0.00277724
0.000579494
0.0030024
0.00742869
0.00634421
0.00258539
0.00886198
0.00228097
0.00206677
0.000218037
0.00526291
0.00307598
0.00414813
0.00252839
0.00291972
0.00134644
0.00290767
0.00327895
0.000907738
0.00798091
0.00435283
0.00474479
0.00353619
0.00234605
0.0029975
0.00142454
0.00140525
0.00508907
0.00275672
0.00752865
0.00354801
0.00507876
0.011779
0.00648301
0.00688947
0.00881435
0.00103707
0.00114237
0.00293682
0.0333675
0.000326321
0.00611721
0.000803569
0.00216894
0.00258067
0.00481176
0.00202246
0.0143045
0.00258576
0.00405824
0.00488801
0.00103222
0.00321773
0.00108287
0.00188552
0.00693545
0.00331506
0.013134
0.00315729
0.00416089
0.00427596
0.00717285
0.00383203
0.00654812
0.0184476
0.00372631
0.0164416
0.00256247
0.00283869
0.00436659
0.00485184
0.00419823
0.0103957
0.0048373
0.00199546
0.0117931
0.001935
0.00276584
0.00143381
0.00596146
0.00276895
0.00324932
0.00181223
0.012312
0.00185818
0.00151804
0.00598993
0.00178989
0.00350389
0.00467792
0.00479264
0.00628865
0.00193483
0.0015092
0.00317737
0.00268829
0.0102838
0.00177925
0.00343226
0.00488617
0.00183339
0.00305471
0.0102666
0.0022175
0.00166914
0.00156253
0.00607522
0.0127921
0.0047476
0.00322889
0.00110925
0.00159558
0.00589321
0.0029849
0.00207828
0.00335579
0.00279869
0.00215145
0.00129157
0.00383721
0.00890846
0.00268462
0.00183262
0.00298042
0.00218134
0.00517498
0.00387506
0.00322784
0.00592738
0.00174806
0.000606372
0.0317896
0.00249638
0.00574957
0.00327568
0.00298918
0.0038709
0.00100811
0.00156315
0.00210523
0.0034125
0.00980984
0.0027788
0.00241304
0.00140464
0.00749397
0.00926157
0.0148898
0.00411655
0.00545057
0.0013174
0.000581575
0.00341501
0.000237528
0.00163852
0.0037963
0.00303553
0.000574773
0.00552442
0.0100972
0.00349291
0.0137101
0.00245232
0.00361919
0.00171521
0.00594938
0.0242481
0.00140932
0.00216288
0.00246356
0.00708849
0.00229641
0.000339683
0.00207887
0.00593975
0.00495955
0.00400988
0.00482887
0.000871037
0.00103752
0.00347462
0.0010999
0.0035997
0.00137982
0.00140426
0.00280446
0.00183147
0.00552116
0.00355346
0.00098353
0.0024363
0.00288421
0.00731502
0.00167961
0.00247099
0.0024527
0.00793903
0.00140167
0.00298482
0.00877273
0.0123331
0.00107786
0.00532449
0.00176071
0.00371839
0.000759035
0.00612681
0.00181866
0.0176727
0.00208197
0.00351296
0.00334955
0.00178889
0.00334328
0.000835698
0.00437865
0.00100774
0.00180742
0.00707562
0.00154279
0.00945237
0.00698904
0.00183746
0.0101278
0.00858917
0.00586119
0.00245846
0.00310122
0.0169899
0.00683211
0.00808547
0.00107244
0.00153136
0.00524597
0.00786253
0.00587164
0.00390894
0.0024658
0.00754525
0.00484264
0.00136373
0.00226374
0.00440748
0.00296406
0.00241755
0.00171702
0.00295346
0.00333378
0.00247062
0.00124735
0.00849107
0.00297721
0.00146889
0.00622659
0.00537494
0.00168585
0.00164397
0.0114231
0.001876
0.00984497
0.00299855
0.00590585
0.0038552
0.00525825
0.00172824
0.00373334
0.0018072
0.00245513
0.00288414
0.00189472
0.00212936
0.00341752
0.00568745
0.00307021
0.00170249
0.00597009
0.0027511
0.014828
0.00283563
0.000399362
0.000479618
0.00332711
0.00102399
0.00209593
0.00516517
0.00673534
0.00290192
0.00294187
0.00982398
0.0030585
0.00845408
0.000182519
0.00193383
0.0077231
0.00294132
0.00535385
0.00122869
0.00421714
0.000934565
0.0033087
0.00424917
0.00244614
0.00175113
0.000425173
0.00527544
0.0118125
0.0040179
0.00461827
0.00107104
0.00193523
0.000663
0.0012085
0.00387363
0.00142145
0.00742421
0.000421811
0.00121033
0.00628322
0.00316972
0.00470083
0.000893897
0.00405154
0.00755015
0.00100188
0.00406121
0.00340749
0.00377243
0.0045652
0.0117437
0.0027646
0.00229545
0.00110171
0.0024593
0.0020039
0.0104826
0.00467712
0.00132091
0.000642418
0.00184617
0.00425033
0.0045107
0.00189308
0.00232793
0.00239168
0.0067209
0.00016119
0.001225
0.000872165
0.00338138
0.00254372
0.00154817
0.00791195
0.00235437
0.00120834
0.000748777
0.0035845
0.00864487
0.00900584
0.0052531
0.00257036
0.00228803
0.00454528
0.000609338
0.00490159
0.013755
0.00331437
0.000683841
0.00581218
0.0015341
0.00649148
0.00714984
0.00595645
0.00348732
0.00258486
0.0151234
0.0028043
0.000788895
0.00226216
0.00110906
0.0127627
0.00339301
0.00317989
0.0109435
0.000526595
0.00284842
0.0165779
0.00161754
0.00103801
0.00262897
0.00181113
0.000907572
0.00399116
0.00258071
0.00277946
0.000930955
0.00265541
0.00258644
0.00915203
0.00277
0.005388
0.00775295
0.00323878
0.00591239
0.00845344
0.00540644
0.00124216
0.00463808
0.00446788
0.00223868
0.0101742
0.00948582
0.00605874
0.00054988
0.00264442
0.00118112
0.00191496
0.00689183
0.00743997
0.000402777
0.00186309
0.0084057
0.000869705
0.0112789
0.00174747
0.0016677
0.00245828
0.00446128
0.0025196
0.00247143
0.00604072
0.00327604
0.00143977
0.00564928
0.00452238
0.00237891
0.00509197
0.00288945
0.00319774
0.0257192
0.00465585
0.00634063
0.00292915
0.0028552
0.00270665
0.00178308
0.00225762
0.00356326
0.00399486
0.0030323
0.00549643
0.00236217
0.0016734
0.00516254
0.00105265
0.00440082
0.00173572
0.00397348
0.00113992
0.00419251
0.00671058
0.000910913
0.00457754
0.00200724
0.00488258
0.000165735
0.0094056
0.00128435
0.00239408
0.00528911
0.00150015
0.00607098
0.00914417
0.0112059
0.00311492
0.00645424
0.00741812
0.000671857
0.000983709
0.00233567
0.00900346
0.00232068
0.00374155
0.00104456
0.00114144
0.00178901
0.0216507
0.00213967
0.002814
0.000974843
0.00173439
0.00642619
0.00232332
0.00851802
0.00123202
0.00172139
0.00204967
0.00342463
0.00178274
0.00786715
0.0019004
0.00385145
0.00141408
0.00849414
0.010873
0.00352678
0.00592437
0.00156642
0.00306823
0.00238615
0.00483001
0.00737162
0.00298221
0.0028626
0.000491242
0.00307949
0.00377009
0.000887732
0.00193775
0.00417163
0.00726343
0.00174283
0.00242434
0.00611175
0.00787281
0.0073627
0.00410658
0.0106468
0.00200373
0.00327761
0.00151178
0.00433397
0.00388484
0.00355747
0.000814809
0.0014712
0.000907728
0.00300992
0.0111007
0.0034157
0.00195685
0.00298834
0.000604449
0.00699916
0.00250528
0.0110367
0.0102063
0.00155058
0.00492189
0.0035697
0.006708
0.00158518
0.00176167
0.00177086
0.0015953
0.00068386
0.0045181
0.00691898
0.00182857
0.00520865
0.00468904
0.00113683
0.00200878
0.00227691
0.00250926
0.00741627
0.00625471
0.0013685
0.00565361
0.00173954
0.0028349
0.00185985
0.00759433
0.00112865
0.00273227
0.00162655
0.00304212
0.00236786
0.00448434
0.00301407
0.00240427
0.00145731
0.00124896
0.00130356
0.00506566
0.00114236
0.00198537
0.0024609
0.00446483
0.0031189
0.00469873
0.00118387
0.00373994
0.00143241
0.00334814
0.0050519
0.00138836
0.00256587
0.00244378
0.00456361
0.00180229
0.012441
0.0145686
0.0039731
0.00324318
0.00429595
0.0163599
0.00960503
0.00322069
0.00107179
0.00251834
0.00276631
0.00635837
0.00432451
0.000765086
0.00253492
0.00213235
0.0024154
0.00259018
0.00129136
0.00171436
0.00330633
0.00645025
0.00245111
0.00161346
0.0016325
0.00215052
0.000734803
0.00245186
0.000783943
0.00184215
0.00955741
0.00330235
0.00779321
0.0093303
0.00149155
0.00457758
0.00762113
0.00100866
0.0298611
0.00361613
0.0189456
0.00237351
0.00101481
0.00634966
0.00200678
0.00039666
0.0061979
0.00346997
0.00135548
0.012565
0.0017792
0.00192637
0.00487017
0.00585758
0.00254731
0.00265987
0.0105671
0.00186085
0.00218527
0.00612332
0.00792685
0.00304142
0.00567322
0.00193711
0.00536276
0.00516369
0.00819033
0.00512455
0.00121445
0.0136205
0.00154623
0.0018974
0.00101766
0.0078786
0.000423598
0.00390948
0.00187539
0.00443556
0.00318707
0.00777018
0.0018456
0.00132231
0.00627245
0.0054825
0.0033131
0.0092434
0.00237304
0.00599476
0.0126077
0.00111307
0.00441951
0.0108215
0.00519655
0.00248696
0.0147918
0.000721957
0.00551708
0.00577764
0.00685523
0.00154123
0.000662652
0.00335031
0.00332508
0.00266049
0.000953688
0.000831505
0.00259731
0.00156363
0.00247575
0.0021635
0.000324693
0.00261742
0.010029
0.00431611
0.00179762
0.00132815
0.00321569
0.00494289
0.00662051
0.000733847
0.0031591
0.00513235
0.0092009
0.000908144
0.00575434
0.00352831
0.00052111
0.00174794
0.00371938
0.00524387
0.00256605
0.00196404
0.000324899
0.00409666
0.00065724
0.009498
0.00268406
0.0067467
0.0199947
0.00292886
0.00223415
0.00870742
0.000791144
0.0091277
0.0114125
0.00515731
0.00176785
0.0118531
0.00287992
0.00179547
0.00220934
0.00241608
0.000955841
0.00185558
0.000531688
0.00507812
0.00229237
0.00437841
0.00391166
0.0038135
0.00147082
0.00154444
0.00725846
0.0058363
0.00135219
0.00808275
0.00324112
0.00233514
0.00143869
0.00439545
0.00488764
0.00906507
0.00320933
0.00180827
0.00102808
0.0039802
0.00267549
0.00203573
0.00173342
0.00146835
0.00180258
0.00323325
0.00193177
0.00088382
0.0010783
0.000491082
0.000256225
0.00180605
0.0018744
0.0016392
0.00372732
0.00314774
0.00129889
0.00162515
0.00696056
0.00360828
0.000260934
0.00329366
0.00259675
0.00134276
0.00337265
0.00326242
0.00143361
0.00447961
0.00589891
0.00424755
0.00445533
0.00433011
0.00439956
0.0010946
0.00859372
0.00329666
0.0130841
0.0021435
0.00360471
0.00352158
0.00460364
0.00670248
0.000533725
0.00108649
0.00171175
0.000579741
0.00445351
0.00342886
0.0027665
0.00955375
0.0027236
0.00258961
0.00670673
0.0102145
0.00329425
0.00225152
0.00351947
0.00327987
0.00376599
0.00308977
0.00265602
0.00279107
0.00146491
0.00127338
0.00416354
0.00296017
0.00450171
0.00729221
0.00429456
0.00195575
0.00124159
0.00535441
0.00050368
0.00121619
0.00449198
0.00137747
0.00284312
0.000478986
0.00153117
0.00131155
0.00737878
0.00498128
0.00539861
0.00414054
0.0030735
0.000434051
0.00364878
0.00173593
0.00123983
0.00447574
0.0031677
0.00462842
0.000827698
0.00750137
0.00266753
0.00187371
0.00174225
0.000255658
0.00177878
0.00400807
0.00960303
0.00119096
0.00592525
0.00552293
0.000267887
0.00173379
0.00330101
0.00908133
0.00141244
0.0011903
0.000455921
0.00815757
0.00423509
0.0084674
0.00342893
0.00596104
0.00314302
0.00119361
0.0229184
0.003191
0.00104679
0.00352629
0.0032408
0.0103746
0.00110973
0.00133151
0.00230229
0.00135629
0.00946349
0.00107192
0.00253342
0.00900958
0.00236133
0.0111871
0.00836005
0.00913009
0.00193202
0.00195295
0.000792306
0.00256544
0.00342882
0.00126945
0.00257385
0.00252865
0.00500287
0.0205216
0.00131298
0.00427189
0.00168739
0.00238849
0.0053315
0.00454874
0.000967019
0.00198095
0.0029555
0.00293937
0.00674511
0.00294031
0.00361214
0.00345281
0.00394606
0.000917668
0.000882074
0.000290255
0.00193097
0.00311021
0.00459257
0.00159169
0.00439342
0.00211821
0.00132255
0.00185329
0.00134546
0.00141372
0.00617785
0.00563733
0.00327521
0.00893422
0.0133423
0.00341153
0.0036843
0.00025034
0.00202342
0.00265515
0.00381864
0.0015188
0.00127712
0.000380632
0.000701568
0.00128762
0.00307499
0.0109347
0.000458319
0.00260858
0.00274628
0.00385356
0.00207083
0.00628452
0.00213907
0.00777218
0.00142412
0.0088811
0.00512869
0.000995144
0.00203652
0.000949817
0.00250693
0.00166105
0.00705666
0.00191763
0.00736097
0.00873146
0.00100844
0.00189865
0.0164554
0.0141868
0.00211016
0.00255602
0.00386904
0.0031597
0.00131335
0.00146936
0.00355584
0.0274335
0.00100803
0.000415759
0.001684
0.00266706
0.00430175
0.00980849
0.00233991
0.0167794
0.00442744
0.00654365
0.00390338
0.0038318
0.000632319
0.00533766
0.00537621
0.00488982
0.0047664
0.00563903
0.00840381
0.00298133
0.00686017
0.0023821
0.0033469
0.00301238
0.00280484
0.00648246
0.00532523
0.00298579
0.00411237
0.00185827
0.00190541
0.00773754
0.0049676
0.00429055
0.00434115
0.00110314
0.00438492
0.00152575
0.00366975
0.00647777
0.000254373
0.000822999
0.00208438
0.0040738
0.00363017
0.00364708
0.00303977
0.00175814
0.0056241
0.00309457
0.000263842
0.00111263
0.00212163
0.000579208
0.00707639
0.0103444
0.00599793
0.00171492
0.000480917
0.00581099
0.00492182
0.0114715
0.00821944
0.00829508
0.003393
0.00419093
0.00985063
0.00178047
0.000960051
0.00419631
0.00468306
0.00540291
0.00435929
0.0038977
0.000836195
0.00277178
0.00118151
0.000755409
0.00340904
0.00123913
0.00172547
0.000474456
0.002342
0.00226677
0.00469859
0.0018869
0.00131557
0.0228539
0.00428327
0.00238239
0.00304672
0.00934891
0.000826699
0.0024807
0.00228297
0.0018528
0.00338768
0.002705
0.00359472
0.000662987
0.00189638
0.00226103
0.00211071
0.00330772
0.00149352
0.00476407
0.00156815
0.00550514
0.00160166
0.00110711
0.00430878
0.00463568
0.00974479
0.000573833
0.0075688
0.0081317
0.00148267
0.0236574
0.00690117
0.00325417
0.000955297
0.0108452
0.00347864
0.00436306
0.00436821
0.0020631
0.00120985
0.0153671
0.00390457
0.00134545
0.00304084
0.00251686
0.00334184
0.00135869
0.00116759
0.00265648
0.00597033
0.0030114
0.00347899
0.000639117
0.00149921
0.00525745
0.000334722
0.00221816
0.00534526
0.00174753
0.00247382
0.00301328
0.0202632
0.00114661
0.00238245
0.00173346
0.00237714
0.0021522
0.00337832
0.0104967
0.00977517
0.00708375
0.00708166
0.00156313
0.00488047
0.00470797
0.00157033
0.00620352
0.00662087
0.00194634
0.000951598
0.0320209
0.00397059
0.00340515
0.00341019
0.00232436
0.00448092
0.00110817
0.00322055
0.0153196
0.00121539
0.0013229
0.00150431
0.00180583
0.00161746
0.00352907
0.00343176
0.0012639
0.023254
0.00278731
0.00319694
0.00254401
0.0039406
0.00191641
0.0068798
0.000769692
0.00228584
0.00103893
0.00400267
0.00488813
0.00466507
0.00467187
0.00521687
0.00365402
0.00341567
0.000697974
0.00327582
0.00386895
0.0055775
0.00386026
0.000613747
0.00557196
0.000235875
0.00340663
0.00419238
0.00196926
0.00288437
0.00309724
0.0128542
0.00895235
0.00179808
0.0134981
0.00172338
0.00309571
0.00449243
0.000307056
0.00529949
0.00475578
0.00191782
0.0028735
0.000635013
0.00193499
0.00181554
0.00300872
0.00226506
0.00284976
0.00196997
0.00695473
0.00178404
0.00128227
0.00196959
0.00338252
0.00331063
0.00151564
0.00244374
0.00113507
0.0134893
0.0163378
0.00106794
0.00177888
0.00333128
0.00389324
0.00208518
0.0042933
0.00424464
0.00312036
0.00106782
0.00218766
0.00190842
0.00218516
0.00189936
0.00186135
0.00505011
0.0156067
0.00306531
0.00446904
0.00153121
0.00130254
0.00100242
0.00299221
0.00140522
0.000969125
0.00175241
0.00327516
0.00213267
0.0015735
0.00365363
0.00126308
0.00118059
0.00703228
0.0102304
0.00280071
0.00385106
0.000424425
0.00171632
0.00122412
0.00118927
0.00273731
0.0028484
0.00300879
0.00951571
0.0052776
0.000917834
0.0017177
0.0026948
0.00987957
0.00560833
0.0123106
0.00149193
0.0026418
0.0028727
0.000505521
0.00576694
0.00253689
0.00408275
0.00618057
0.000735575
0.0011046
0.00111592
0.00108531
0.000808611
0.000627716
0.00407624
0.00889775
0.00119604
0.00149559
0.000769816
0.00160808
0.00223201
0.0108076
0.00281631
0.00141108
0.00225137
0.00381495
0.0043605
0.00171725
0.00298921
0.00200829
0.00312301
0.00269082
0.00357318
0.00543585
0.000627735
0.00190099
0.0037324
0.00125505
0.00330298
0.00425178
0.000949637
0.00270172
0.0193947
0.00230822
0.00296451
0.00190816
0.00548797
0.010408
0.00169199
0.00700086
0.0017483
0.00141699
0.00400164
0.00418998
0.00393866
0.00228919
0.00451561
0.00206565
0.00155977
0.00630879
0.00145721
0.00540662
0.00300921
0.00228997
0.0110808
0.00340993
0.00284753
0.00311043
0.00551794
0.00286861
0.00137811
0.000853304
0.00832813
0.00237315
0.000849278
0.0048005
0.00691537
0.00232642
0.00095235
0.00237875
0.00470488
0.00522656
0.00074258
0.00264096
0.00185495
0.00212531
0.0054224
0.00036026
0.00146734
0.00198045
0.00103518
0.00382276
0.00321365
0.00863727
0.00369898
0.00287502
0.00204155
0.00580028
0.00263631
0.00787108
0.000979493
0.009732
0.00107773
0.00325118
0.00461919
0.00130434
0.00822709
0.00207616
0.0113133
0.00191869
0.00339205
0.000917258
0.0102506
0.0082883
0.00325565
0.00334893
0.00545223
0.000796781
0.00645749
0.00141224
0.00334849
0.00177559
0.0104399
0.00254832
0.00478198
0.0161773
0.000833985
0.0013422
0.00776263
0.00214316
0.00244988
0.00320483
0.00481195
0.00615665
0.0071435
0.00137272
0.00574111
0.00538777
0.00389981
0.00291564
0.00277144
0.0100905
0.00135114
0.00160403
0.000550383
0.00636725
0.00478205
0.00436262
0.00192954
0.00116573
0.00308083
0.00918935
0.00203388
0.00340734
0.00196245
0.00304379
0.0116022
0.00195684
0.00139307
0.00377396
0.00738334
0.0035295
0.00422928
0.00220699
0.000985811
0.00253942
0.00262768
0.00340906
0.00426193
0.00263344
0.00387809
0.00107451
0.00199056
0.00554633
0.00238401
0.00277998
0.00714576
0.00363165
0.000787302
0.00174982
0.000480499
0.00784197
0.00282113
0.00404556
0.00252976
0.0322834
0.0118018
0.00496275
0.000923273
0.00241173
0.0130343
0.00375752
0.00255427
0.00308285
0.0028317
0.0037735
0.00646663
0.00179209
0.00441762
0.00139742
0.00225479
0.00137788
0.00356564
0.00343873
0.00668072
0.00695351
0.00081516
0.0159586
0.00182413
0.00144634
0.00102443
0.00257958
0.00178949
0.00671359
0.0114324
0.00189114
0.00574338
0.00432124
0.000943085
0.00350441
0.00432671
0.00234436
0.0103002
0.00340855
0.00651723
0.0016231
0.000743714
0.0230841
0.00322482
0.00618138
0.00374331
