0.00479647
0.00340518
0.00776352
0.00555095
0.00348359
0.000718379
0.00152716
0.00361378
0.0118082
0.00215354
0.00534904
0.00387132
0.00212205
0.00737316
0.00133279
0.0195759
0.0138846
0.00766548
0.00785329
0.0020085
0.00715618
0.00211253
0.00397308
0.00366711
0.00235735
0.00354618
0.00153419
0.0102832
0.00260518
0.00440168
0.00687144
0.0117038
0.00287971
0.00142971
0.00435785
0.0203686
0.00147297
0.0024057
0.00562299
0.0118705
0.0119216
0.00114221
0.00476045
0.0030045
0.00375542
0.00359783
0.00254356
0.0059791
0.00306974
0.00764163
0.00246873
0.0119764
0.00151329
0.0046741
0.00406052
0.00587313
0.0624926
0.00266821
0.00297261
0.00397328
0.00447326
0.00444794
0.00239626
0.0475734
0.0141536
0.00120366
0.00763536
0.0115131
0.00159794
0.00359115
0.0042098
0.0153242
0.0116422
0.0042466
0.00307878
0.00314824
0.00694078
0.00282038
0.013124
0.000760151
0.00472756
0.000468795
0.00697907
0.00358289
0.0428725
0.00464534
0.028539
0.00330488
0.0124061
0.00192128
0.00273313
0.0128459
0.00263431
0.00350044
0.00110966
0.00420701
0.00600783
0.00256342
0.00608618
0.00363136
0.00347072
0.000211178
0.0100378
0.0378663
0.0200226
0.00616051
0.00187181
0.00669802
0.00802298
0.0023519
0.0216362
0.00970911
0.00728951
0.000407944
0.00361904
0.00138848
0.00478997
0.0049415
0.00460377
0.00904295
0.00249798
0.00298338
0.00728294
0.00475943
0.00480682
0.0039744
0.0272905
0.00688761
0.00446734
0.0185345
0.0362079
0.000869631
0.0242865
0.0151264
0.0165308
0.0193343
0.00823452
0.00638688
0.00157503
0.00278055
0.0101719
0.0171823
0.000927517
0.0295231
0.00585538
0.00207638
0.00196533
0.00110743
0.00352379
0.00645982
0.011239
0.00624898
0.00335611
0.00160454
0.00120568
0.00230911
0.000398078
0.00809719
0.00770916
0.000743831
0.00631777
0.00827578
0.00419964
0.00183625
0.016507
0.00397884
0.0119827
0.00323476
0.0081507
0.195739
0.00472936
0.0024216
0.00217573
0.00871644
0.00517153
0.00140027
0.00679019
0.00300371
0.0043263
0.000907953
0.00504809
0.0178252
0.00382125
0.00655383
0.00854758
0.00993339
0.00530261
0.00840998
0.00773234
0.0033781
0.00433949
0.0174111
0.00395742
0.0041798
0.022201
0.00453086
0.00473177
0.00484309
0.0122039
0.00717546
0.00278
0.0157969
0.00420298
0.00832289
0.00966697
0.00355456
0.00174178
0.0105665
0.00243924
0.00341547
0.0317795
0.00301294
0.0570998
0.00935736
0.00992614
0.00171191
0.00452912
0.00757256
0.00440317
0.00470893
0.000583878
0.0082652
0.00409805
0.0211953
0.00249889
0.0020078
0.00612821
0.0240399
0.0289318
0.0140728
0.0198688
0.0159185
0.00372506
0.00138121
0.00060088
0.00539944
0.0139046
0.00188573
0.00211953
0.00196896
0.00513635
0.00882257
0.00762755
0.00534303
0.0440026
0.00254633
0.00396442
0.00406086
0.00193037
0.00321138
0.00460681
0.00229043
0.00241233
0.00169114
0.0128994
0.00455541
0.00743563
0.00439654
0.00404048
0.00445727
0.00332501
0.024425
0.00547747
0.00467148
0.00622459
0.0157192
0.00330566
0.00376325
0.00935725
0.00396563
0.00299704
0.0069979
0.00226052
0.00367479
0.00194144
0.01087
0.0134409
0.00164526
0.00508784
0.00409864
0.00350819
0.0051173
0.00131706
0.00435399
0.0108612
0.000919486
0.000804978
0.00895017
0.0046617
0.00604966
0.0158897
0.00432261
0.00434928
0.000760889
0.0566038
0.0282863
0.0076666
0.0202853
0.0107197
0.0180234
0.00700729
0.00217215
0.00622228
0.00210709
0.00616679
0.00393135
0.0167501
0.0138069
0.000338368
0.00404098
0.0110674
0.00261361
0.0204566
0.019144
0.000732892
0.00726062
0.00616678
0.0270425
0.00357119
0.00433975
0.00406596
0.00501547
0.00378505
0.0417882
0.0403812
0.00354095
0.00934257
0.00541139
0.00340365
0.0626997
0.00476737
0.00431518
0.00520705
0.00417308
0.00278074
0.0148001
0.00381137
0.00435045
0.00665562
0.00254147
0.00199528
0.00402664
0.00382626
0.00291144
0.000300128
0.00141044
0.00500853
0.00638624
0.0084372
0.00132515
0.0102867
0.0109365
0.00347476
0.00972656
0.00148284
0.00426771
0.00441295
0.00716877
0.00158365
0.0169064
0.00248555
0.0026225
0.00338209
0.0051663
0.00400791
0.00557161
0.0063543
0.00505606
0.0100479
0.00153567
0.00588863
0.00380045
0.00911444
0.00916356
0.00222081
0.00487961
0.0118112
0.0029894
0.027227
0.0041076
0.00814794
0.00847981
0.00244848
0.0145501
0.00105653
0.0139282
0.00524968
0.0134206
0.00626238
0.0119258
0.0066841
0.00260458
0.0049305
0.00779623
0.0515457
0.0114372
0.0193629
0.00427027
0.00226497
0.000997961
0.0187222
0.00162755
0.0151192
0.00705279
0.00209677
0.0137757
0.00457772
0.0221271
0.0092139
0.00642938
0.0238458
0.00259115
0.00458979
0.00197135
0.00165089
0.00535948
0.0501683
0.0087344
0.0117143
0.0020398
0.00389035
0.00438189
0.00196101
0.00407116
0.000640811
0.00272804
0.0107678
0.00393448
0.010364
0.00524835
0.000636497
0.000710725
0.00363153
0.0234529
0.0107855
0.035305
0.00917647
0.0117647
0.00506429
0.00254222
0.0165292
0.000331414
0.0634667
0.00102917
0.0102078
0.0129924
0.007272
0.0134216
0.0015161
0.000882232
0.00121265
0.00147995
0.003698
0.00260687
0.00404125
0.00432504
0.00726228
0.000888626
0.00580986
0.00530852
0.00495194
0.00470151
0.00840386
0.00183455
0.00526583
0.0308029
0.0016049
0.00990055
0.00518011
0.00288955
0.00512047
0.00908479
0.00948345
0.00432888
0.00288269
0.00441537
0.00346327
0.00525562
0.00417763
0.00203212
0.00406187
0.00935986
0.00307514
0.00111782
0.00215214
0.010644
0.0568685
0.00666436
0.014651
0.00571278
0.035286
0.00774649
0.00108463
0.0226377
0.00952019
0.00908913
0.00495178
0.000775984
0.00547866
0.00944704
0.0157173
0.0226235
0.00563134
0.0041963
0.0028924
0.0335665
0.00229569
0.0060255
0.0436642
0.00071685
0.0187441
0.0164476
0.00953686
0.00400232
0.00744883
0.00371336
0.0128262
0.00433661
0.0107742
0.00218804
0.00106983
0.0110164
0.0235343
0.0331874
0.0126594
0.00766657
0.00864135
0.00707591
0.00292251
0.0028501
0.00788308
0.0249549
0.00417649
0.00351618
0.00303075
0.0110812
0.0039172
0.00267899
0.00549837
0.00575161
0.117071
0.0106934
0.000578221
0.00418826
0.00718491
0.00227845
0.00358318
0.00269407
0.00521409
0.00119804
0.00333037
0.0110706
0.0165541
0.00667511
0.00289645
0.00475342
0.0033189
0.00168377
0.00361534
0.00620077
0.00201376
0.00117433
0.00504456
0.00181536
0.000457948
0.00482025
0.00402341
0.000935718
0.009326
0.00290719
0.00297706
0.00336225
0.000467576
0.00793024
0.000695095
0.0135552
0.00422463
0.00592589
0.0127924
0.00142263
0.0181186
0.00564123
0.0114611
0.00622564
0.0846208
0.0095651
0.0024872
0.00654558
0.00714453
0.00368519
0.00205361
0.0316035
0.00493473
0.00612989
0.0140555
0.00133008
0.00471499
0.0136819
0.00688041
0.00474254
0.00936021
0.00269991
0.0155885
0.0109514
0.00872766
0.00368876
0.00075857
0.0030766
0.00257341
0.00210886
0.00558497
0.00636834
0.00885465
0.0021245
0.004891
0.00493017
0.0175332
0.00348565
0.00466403
0.0344326
0.00181889
0.004038
0.00341449
0.0248954
0.00820982
0.00257342
0.0118744
0.013395
0.0396764
0.00228836
0.00166033
0.00686382
0.0115044
0.0034958
0.00137587
0.00126245
0.000598977
0.00373898
0.00256213
0.00291482
0.00177709
0.00293252
0.00318813
0.0011248
0.00163022
0.0153511
0.00725496
0.00200247
0.00401931
0.00247763
0.00459672
0.00368004
0.0039718
0.00733633
0.003052
0.0066349
0.00897652
0.0102344
0.0052895
0.00426451
0.00331892
0.0211475
0.00101512
0.00164664
0.00859305
0.00182825
0.00815708
0.00846127
0.00345806
0.00307793
0.000716227
0.00734907
0.0178026
0.0197622
0.00151398
0.00391575
0.00315279
0.00946408
0.0043118
0.0176677
0.011165
0.0075467
0.00570055
0.000902511
0.00188531
0.00817304
0.00935424
0.000717577
0.00278643
0.00248658
0.0148075
0.0274347
0.00706552
0.00708257
0.00178096
0.00500093
0.000993473
0.0672046
0.0105748
0.00106069
0.0016176
0.00281785
0.00363882
0.00461909
0.00724394
0.00150402
0.02479
0.00511091
0.00853151
0.0036471
0.00187731
0.001388
0.00373442
0.00464602
0.00222406
0.00638531
0.00408548
0.00295172
0.0601842
0.00406088
0.00758456
0.0305632
0.00135041
0.0204075
0.00252745
0.0111761
0.0182404
0.00573917
0.00891781
0.00127595
0.0127155
0.0158703
0.00590413
0.0115929
0.00255192
0.00127272
0.00569458
0.0136564
0.0101867
0.0024782
0.0444323
0.0032078
0.020697
0.00308121
0.00654699
0.00611436
0.0186437
0.00247259
0.0105403
0.0512648
0.00423598
0.0136559
0.00289886
0.0123022
0.00769948
0.0047388
0.00968371
0.00211748
0.00542843
0.00372846
0.0576306
0.00229944
0.00101816
0.00105657
0.000185764
0.00200264
0.00102115
0.0063279
0.0130295
0.00045013
0.0131526
0.0047807
0.00843612
0.00312159
0.0105957
0.00242964
0.00458273
0.0218928
0.00695178
0.00634581
0.00666233
0.0115418
0.00823738
0.0062821
0.00145313
0.00304874
0.0135767
0.00363723
0.0108119
0.000919641
0.0110284
0.00424119
0.0023534
0.0012768
0.000984919
0.00371759
0.0369513
0.00345586
0.01024
0.0255863
0.00296945
0.000667425
0.0123967
0.00128179
0.00198306
0.00119465
0.013056
0.00101734
0.00653012
0.000470509
0.0136039
0.0073275
0.00384056
0.0117895
0.00109965
0.00914676
0.00670164
0.000950125
0.00812319
0.00299454
0.00769281
0.00633626
0.00421593
0.00115527
0.00566031
0.00976875
0.00442886
0.00376305
0.00430939
0.0100528
0.00623028
0.0117612
0.000976088
0.011151
0.0018003
0.00143348
0.00654316
0.00423612
0.00339381
0.0176708
0.0184562
0.0190515
0.00818722
0.00572599
0.000345187
0.00342952
0.00112041
0.00260122
0.010416
0.00162032
0.0126816
0.00824372
0.000727506
0.00247853
0.0128862
0.00184746
0.00529461
0.00707391
0.00226374
0.00338363
0.00385137
0.0142081
0.00485023
0.00370983
0.0256737
0.017727
0.00742026
0.0103628
0.0123444
0.0102171
0.00741793
0.0032131
0.0213774
0.00402954
0.0012172
0.00463376
0.0237234
0.00673358
0.00673028
0.0087229
0.00213726
0.00387017
0.00774047
0.00302544
0.0127093
0.00915368
0.00254486
0.00417985
0.00209019
0.0184957
0.00506378
0.0096916
0.00437309
0.00653694
0.00172988
0.0013434
0.018769
0.00592956
0.00326496
0.0126953
0.0231447
0.0078306
0.00474365
0.00676058
0.00193377
0.0110781
0.00357755
0.00246284
0.00262606
0.0293891
0.00147553
0.00222644
0.0165067
0.00153789
0.00912815
0.0183668
0.00486841
0.00660894
0.00240815
0.00693813
0.00857744
0.00312995
0.000462001
0.00488339
0.0103467
0.011367
0.00891871
0.0130273
0.0324121
0.000413996
0.01478
0.00403793
0.00492762
0.0209961
0.0177924
0.00490644
0.00913945
0.0157219
0.00503305
0.0121263
0.00410664
0.00186083
0.00817948
0.016073
0.00950453
0.00388343
0.048866
0.00518957
0.00167899
0.0153316
0.0210086
0.0147541
0.00137335
0.00103037
0.00338657
0.00094406
0.014491
0.00284866
0.00102959
0.00275435
0.00630566
0.00370337
0.0069358
0.0126573
0.00176797
0.00383274
0.00650344
0.00429965
0.00584416
0.0141253
0.0914892
0.00124988
0.011763
0.00126518
0.00316932
0.00605836
0.0160167
0.00201842
0.0058658
0.0128406
0.00159831
0.0019486
0.001308
0.00233265
0.00566118
0.00210347
0.0030464
0.00466355
0.00182142
0.011467
0.00761665
0.00235994
0.00964509
0.00457666
0.00917592
0.00115419
0.0130282
0.00274427
0.0058094
0.0121066
0.00688857
0.0157819
0.00868612
0.00776036
0.0206394
0.000636912
0.00208525
0.00328996
0.00310875
0.000705551
0.00725057
0.00235069
0.00765691
0.032086
0.00112524
0.0100642
0.00580194
0.00338286
0.000354876
0.0061064
0.00671398
0.00376943
0.00386803
0.00810192
0.0226034
0.00435097
0.00798869
0.00223414
0.0041577
0.00669979
0.00142276
0.00108516
0.00617245
0.00296243
0.00476018
0.00769999
0.00211786
0.000637994
0.00392026
0.0028743
0.00275757
0.0047226
0.00291956
0.0153212
0.00874793
0.00798715
0.00570991
0.0118949
0.00324591
0.00238349
0.0119514
0.00830687
0.00152804
0.000469398
0.008687
0.00111783
0.00155983
0.00315784
0.00113467
0.0103536
0.0126279
0.0108986
0.0101808
0.0033195
0.0153147
0.0224208
0.000674429
0.00574601
0.0274025
0.0054759
0.0083986
0.00486943
0.0145007
0.011871
0.00288445
0.00750965
0.0554688
0.00109133
0.00511462
0.00151032
0.0227012
0.00502214
0.0193895
0.000751256
0.00264575
0.000889024
0.00223252
0.0283667
0.00123627
0.00869432
0.00450991
0.00689771
0.00155289
0.00195456
0.00773735
0.0199663
0.00499505
0.00453594
0.00850724
0.00525482
0.00249529
0.00318593
0.00415093
0.00620248
0.00538492
0.0519842
0.00495523
0.00153235
0.0016934
0.00644626
0.00519059
0.00490561
0.00768583
0.0173313
0.00229818
0.000843514
0.0103704
0.0188914
0.00507229
0.0181276
0.0187303
0.0380082
0.00658977
0.00855022
0.00405061
0.0132551
0.00430278
0.00369533
0.0281251
0.00112713
0.0048509
0.00519471
0.0076091
0.00203123
0.00363016
0.00129193
0.00125245
0.00195492
0.0592893
0.0462664
0.0345647
0.0383001
0.00523149
0.0134854
0.01375
0.00353637
0.00797578
0.00677898
0.00195597
0.000704165
0.00535063
0.00749966
0.0213729
0.00250734
0.0066805
0.00408713
0.00625199
0.00423186
0.00819297
0.00784806
0.00243466
0.0031585
0.0376996
0.0032667
0.00504709
0.00310821
0.00132687
0.000987717
0.0336992
0.00447334
0.00182898
0.0148938
0.00276465
0.00269697
0.0113669
0.0158998
0.00322744
0.0222251
0.00678017
0.0205388
0.000930579
0.00350677
0.00336735
0.00560156
0.00116424
0.0329432
0.00351815
0.000971503
0.00547415
0.00573907
0.00353117
0.00475919
0.00540994
0.00311844
0.00592381
0.00114389
0.00238266
0.00918396
0.000889035
0.00089562
0.00288049
0.0120516
0.0354711
0.0288077
0.00464783
0.00451584
0.0032594
0.00945451
0.00960064
0.069435
0.0211851
0.00845516
0.0101018
0.000188199
0.0176078
0.00456596
0.0240114
0.00473815
0.00115869
0.00344485
0.00804747
0.001485
0.012567
0.00127372
0.00177038
0.00676968
0.00511368
0.00841876
0.00518044
0.00209148
0.00472516
0.00603389
0.0221448
0.00192811
0.00397079
0.00755913
0.0129905
0.00607896
0.0102369
0.0100657
0.0347301
0.013106
0.00604246
0.00151388
0.00433569
0.00322453
0.000968144
0.00667269
0.0185329
0.00756232
0.00156939
0.00156884
0.0076258
0.00310151
0.00311535
0.00470355
0.00328912
0.013298
0.00186173
0.00388504
0.0139503
0.00220517
0.00991869
0.0195806
0.00396092
0.00154917
0.0566792
0.0162966
0.0161563
0.0105041
0.00601033
0.00863635
0.0062892
0.00659669
0.0115186
0.00232577
0.00775797
0.00839384
0.00280412
0.0360917
0.00679989
0.0046865
0.00742908
0.00617484
0.00137526
0.00120235
0.0143009
0.0244747
0.0109684
0.00528559
0.00497971
0.00250797
0.0334575
0.0023091
0.00810338
0.00192377
0.0058086
0.00169797
0.015202
0.00537645
0.0184201
0.00273335
0.00501736
0.00415766
0.00160801
0.000847399
0.000468653
0.00613988
0.00325766
0.00281279
0.015189
0.001791
0.006144
0.00438025
0.00684356
0.00292211
0.00294685
0.00257938
0.00225944
0.00536185
0.0232393
0.00554038
0.00318581
0.00434584
0.012477
0.0114186
0.00253488
0.0146817
0.0104268
0.00709286
0.00933146
0.0129944
0.0180247
0.00370278
0.0024402
0.0144597
0.00329674
0.00489131
0.00434078
0.00415587
0.0142691
0.010198
0.00726545
0.00151545
0.0225625
0.00298433
0.0103188
0.00516247
0.00775711
0.00816758
0.00612899
0.0131004
0.00119539
0.0138854
0.00588243
0.0121127
0.00970825
0.0164804
0.0142567
0.00630153
0.00150591
0.0052781
0.00410599
0.00392597
0.0503483
0.0370897
0.00266089
0.00836577
0.00564209
0.00691226
0.00244417
0.00406826
0.00207098
0.017418
0.0164278
0.00293837
0.0126307
0.00177999
0.0201202
0.00295727
0.0169279
0.000994351
0.00168573
0.00197035
0.00448845
0.000964923
0.00500864
0.00087417
0.00198513
0.00392661
0.00197822
0.0014524
0.00310318
0.00102519
0.00391107
0.0148457
0.00689741
0.00144528
0.044566
0.00834709
0.0475554
0.00248346
0.0105266
0.0018029
0.0541846
0.00565744
0.0550859
0.0121797
0.0134704
0.017141
0.00457921
0.00295914
0.0121735
0.00207003
0.0138632
0.00610641
0.010089
0.00702527
0.0058734
0.00803423
0.00349794
0.0138021
0.00390919
0.0428205
0.00334456
0.0146732
0.014868
0.00184138
0.0020728
0.0061423
0.000819248
0.00375387
0.0318978
0.0063549
0.0635187
0.0360028
0.0103499
0.00502683
0.00457878
0.0325237
0.000738796
0.00506016
0.00502608
0.0048977
0.0292937
0.0123221
0.00385161
0.0185206
0.00280241
0.01395
0.00641086
0.000814413
0.0045139
0.00657695
0.00362202
0.00348947
0.00221754
0.0226424
0.00594516
0.00478854
0.00282678
0.00415621
0.00795765
0.00914914
0.00301102
0.0181789
0.00660512
0.00960059
0.00670964
0.00718822
0.000782354
0.0181791
0.00209573
0.00659901
0.00432467
0.0022221
0.0446563
0.0325052
0.0124669
0.00122546
0.0111333
0.00143413
0.00712634
0.00386188
0.00351607
0.00143812
0.00332246
0.00548582
0.00615174
0.00445963
0.000492502
0.0049859
0.0032114
0.00461513
0.00462933
0.00831581
0.00536555
0.0102996
0.0135491
0.0281125
0.00595711
0.00297099
0.0278155
0.000661213
0.00683024
0.006161
0.000593506
0.0140386
0.00284359
0.00826273
0.00739361
0.0258617
0.0244377
0.000272208
0.0361687
0.00603631
0.0113196
0.0150259
0.00167369
0.00542473
0.00505146
0.017283
0.00528761
0.00255004
0.0111786
0.00253436
0.0122703
0.00242945
0.00488863
0.0224585
0.00232362
0.0166498
0.000716363
0.00503915
0.00256466
0.0114845
0.0147906
0.105172
0.00175318
0.00152811
0.00839295
0.0200879
0.00674498
0.00418103
0.0126027
0.00409116
0.0283809
0.00278798
0.0165379
0.00499502
0.0040091
0.00892533
0.00475983
0.00686028
0.00192187
0.0109749
0.00446798
0.00566982
0.0189981
0.0339182
0.00771575
0.00224745
0.00413873
0.00383205
0.00280276
0.0119315
0.000710968
0.00272415
0.0194078
0.00122792
0.0027173
0.000918558
0.0017896
0.0124411
0.0172734
0.00463207
0.00734694
0.00296838
0.00265187
0.00706749
0.00851396
0.00499243
0.100371
0.00468201
0.00531647
0.0143127
0.002142
0.00036743
0.014753
0.00174698
0.00280423
0.00208065
0.00681564
0.0140469
0.00036953
0.00639958
0.012243
0.0255382
0.00156286
0.00801021
0.00399065
0.00298973
0.00420889
0.0070524
0.00539296
0.00139602
0.0231184
0.00521753
0.00503291
0.0155241
0.00643056
0.018116
0.00548264
0.00234449
0.00113679
0.00264221
0.00599674
0.00399642
0.00238232
0.00553069
0.00257449
0.00143192
0.00822843
0.00693994
0.00410793
0.00383017
0.00948492
0.00885044
0.006052
0.0024527
0.00407239
0.0121389
0.00728795
0.00315295
0.0214885
0.00688193
0.0380222
0.0180605
0.00432848
0.0185539
0.00535137
0.00368642
0.00911349
0.00155389
0.00446636
0.00343239
0.0206239
0.0252501
0.00332383
0.00378682
0.00700122
0.00183839
0.00473425
0.00589267
0.0598291
0.00376929
0.00258963
0.0157997
0.00242486
0.00933809
0.0080123
0.00723044
0.0172065
0.00444865
0.00125765
0.00550894
0.106004
0.00974401
0.00522238
0.006507
0.0059018
0.00208314
0.031399
0.00818738
0.00221055
0.000690485
0.0274699
0.00934116
0.0321617
0.0020351
0.00439557
0.00383844
0.00745838
0.00483883
0.00397607
0.0226366
0.00216977
0.0360058
0.00279623
0.0155697
0.000419696
0.0035296
0.00215781
0.00627163
0.00603329
0.00596728
0.0306464
0.00618125
0.00261968
0.0055531
0.00243001
0.00267682
0.00257459
0.00456206
0.0143751
0.0040171
0.00586005
0.00116191
0.00157018
0.0164729
0.00144625
0.00399509
0.00597732
0.00533108
0.00669644
0.0112293
0.0109779
0.00528936
0.00255199
0.00442597
0.0115747
0.00469794
0.00161246
0.00931821
0.0160503
0.0598905
0.00171317
0.00266157
0.00449606
0.0011205
0.00333737
0.00882389
0.0128853
0.00495265
0.00696953
0.00161924
0.000965447
0.0102277
0.000282322
0.00113752
0.00181031
0.00378047
0.00204512
0.00632364
0.0102063
0.00276784
0.00766352
0.00991924
0.00180065
0.00818105
0.00940506
0.00659984
0.00399885
0.00587984
0.0047141
0.00026208
0.00962663
0.014543
0.0023702
0.00581753
0.000488605
0.00513542
0.0152652
0.0222118
0.00324121
0.0104715
0.0072302
0.00443829
0.0057671
0.0220607
0.0107764
0.00567964
0.0051361
0.0258667
0.00159516
0.00233966
0.00563555
0.00621418
0.00631552
0.00460995
0.00263074
0.00539395
0.0195843
0.00368477
0.0135044
0.0134874
0.00459949
0.0023691
0.00444313
0.0123322
0.138929
0.00170213
0.0103932
0.00438698
0.031078
0.0120672
0.0070762
0.00627087
0.00895383
0.000296741
0.00746673
0.00069565
0.00938138
0.0134014
0.00169382
0.00762682
0.0109662
0.00160516
0.00287259
0.0147968
0.00396911
0.000654019
0.00743066
0.0102875
0.00576381
0.0248291
0.0264031
0.00616694
0.00482347
0.0254989
0.00222694
0.00134507
0.00341302
0.000867113
0.0715775
0.00808998
0.00493638
0.0254198
0.00290933
0.0224257
0.00229226
0.00437616
0.00658521
0.00397545
0.00158391
0.0136984
0.00140901
0.00135162
0.0259757
0.00389847
0.00331948
0.00408423
0.00450267
0.00146374
0.00373899
0.00142356
0.000826967
0.00454217
0.00795832
0.0241925
0.00220497
0.0027473
0.0276997
0.0132072
0.00443546
0.018608
0.00292008
0.0102277
0.00170042
0.0226741
0.0209123
0.00384873
0.00311028
0.0981407
0.00315013
0.0249314
0.0257985
0.0052936
0.00541669
0.0190065
0.013595
0.00124366
0.00617436
0.00394363
0.00613617
0.0018635
0.00372511
0.00175153
0.00908886
0.00358594
0.00592873
0.00352511
0.00624963
0.00304485
0.00442671
0.0215216
0.00179186
0.00578214
0.00345089
0.00486162
0.0052068
0.00389163
0.00278311
0.000507539
0.0101036
0.0206827
0.00289341
0.00650701
0.00101663
0.0208993
0.0064376
0.00174934
0.00099123
0.00405122
0.0194955
0.0294543
0.0160517
0.00551639
0.00176803
0.00739955
0.00696934
0.00945687
0.00446557
0.0186199
0.0500452
0.0005082
0.0165548
0.0294554
0.00204335
0.00421329
0.00483488
0.00471005
0.00807447
0.00402915
0.00601472
0.00293672
0.00211048
0.00478905
0.000314176
0.000281706
0.00393552
0.00338796
0.00381277
0.00696975
0.00947465
0.00388395
0.00110968
0.000961055
0.0201836
0.0340156
0.00527369
0.00134034
0.00844312
0.00637465
0.00633003
0.00879389
0.00582611
0.0057895
0.00204373
0.00248647
0.00363925
0.0196343
0.00376509
0.00301728
0.0881288
0.00842039
0.00167259
0.000536178
0.00276415
0.00197748
0.00409259
0.00110247
0.0135983
0.0203806
0.00446557
0.002596
0.00299588
0.00508024
0.000722569
0.00351474
0.00142237
0.00378685
0.000651534
0.00220134
0.00160728
0.00952621
0.00144492
0.00331421
0.00231406
0.00516935
0.00783329
0.00703908
0.004099
0.0109231
0.0015005
0.0161011
0.0145414
0.0149261
0.0095419
0.00366281
0.00636282
0.00904103
0.00591085
0.0171809
0.0105646
0.00954237
0.00724375
0.00263365
0.0106696
0.00367366
0.00429409
0.00297584
0.00310593
0.00152994
0.0010367
0.00305412
0.00594746
0.00297537
0.00845995
0.0056573
0.000642327
0.00904923
0.0185332
0.00446824
0.000604705
0.00782641
0.00142311
0.00234435
0.00204627
0.0164862
0.0405666
0.000624259
0.00194003
0.0161406
0.00696903
0.0104192
0.00458453
0.00809622
0.00162691
0.012322
0.00731594
0.00130139
0.00810958
0.00102152
0.00154794
0.0276709
0.00573697
0.00958442
0.00153904
0.0169109
0.00210219
0.00935221
0.00381725
0.0287714
0.0110642
0.00273186
0.00239575
0.00500712
0.00888418
0.0063678
0.0158602
0.00159386
0.00731867
0.0177774
0.0058016
0.00207633
0.000809834
0.00240412
0.00100564
0.00101866
0.00132391
0.00975417
0.0017309
0.0014731
0.00116011
0.00480492
0.0159668
0.0977086
0.0173047
0.0125994
0.0132483
0.00127654
0.00276627
0.00143673
0.00615393
0.00675418
0.0551374
0.00526902
0.0205133
0.00634221
0.00502815
0.0551567
0.00306204
0.0016905
0.00117695
0.00135388
0.00646298
0.00293664
0.00114847
0.002956
0.0112804
0.00551637
0.00588513
0.00201552
0.00664028
0.00845923
0.00730804
0.00795598
0.00127798
0.00135409
0.00521648
0.00369116
0.00837264
0.0146432
0.00217145
0.00236052
0.0134369
0.000351542
0.00836759
0.00386155
0.000864436
0.0136154
0.00177821
0.00429543
0.00196946
0.000993866
0.00356809
0.00486093
0.00539886
0.00678603
0.00291687
0.0214004
0.0101583
0.0778062
0.00923705
0.0104157
0.000641245
0.00631613
0.00324862
0.00341171
0.0138792
0.00151881
0.00308674
0.00209322
0.0287675
0.00174677
0.00363308
0.000376311
0.0101116
0.00075208
0.0120983
0.0199502
0.00610214
0.00225408
0.002862
0.00213312
0.0124397
0.00554844
0.00578031
0.00201739
0.0197199
0.00101654
0.00121562
0.00996613
0.00279492
0.00120306
0.0276759
0.0201184
0.00160514
0.0113841
0.000960496
0.0114835
0.00130029
0.00962386
0.00311531
0.00319761
0.0136554
0.00206918
0.00171976
0.00783109
0.0055249
0.00352163
0.00140629
0.0105073
0.0122108
0.00579139
0.00125754
0.00504987
0.00282438
0.00851862
0.0211377
0.000877685
0.000789117
0.00101237
0.0642551
0.00569276
0.0038922
0.00607134
0.00410792
0.00746922
0.0180622
0.00136921
0.00603507
0.00475041
0.00771481
0.00576448
0.0108461
0.00257019
0.0212011
0.000540092
0.0350393
0.00191991
0.0214704
0.00145791
0.00324014
0.000586732
0.00177607
0.0019143
0.00201382
0.0218391
0.0106567
0.00530992
0.00304412
0.0049758
0.0421832
0.0249007
0.00536783
0.000557645
0.00453817
0.019221
0.00930136
0.00395153
0.00184984
0.0131299
0.00541481
0.00631197
0.0137797
0.0293308
0.00138439
0.0122094
0.00665018
0.00578587
0.00360645
0.00333209
0.0014784
0.00551987
0.00213446
0.00572372
0.00294237
0.00639714
0.00652782
0.0146876
0.0546555
0.00172676
0.00448881
0.00510541
0.000733914
0.028745
0.00296499
0.020526
0.0214408
0.0114413
0.00165533
0.00752128
0.00928474
0.00353326
0.00767693
0.00779982
0.00837796
0.002552
0.00252008
0.00340942
0.00317173
0.00415149
0.0414226
0.0020159
0.00366099
0.00303217
0.00511468
0.00490491
0.0165953
0.00511104
0.0274865
0.00819166
0.0100998
0.00677329
0.002029
0.00346825
0.0127274
0.00971963
0.0224806
0.000455525
0.00212113
0.00341095
0.00819797
0.0652972
0.0063269
0.00123855
0.00457083
0.00740358
0.00763404
0.00828113
0.00988726
0.00304677
0.00246429
0.00118117
0.000604022
0.00347855
0.00066477
0.00871504
0.00765415
0.00256128
0.00318817
0.00292415
0.00347209
0.0111528
0.00822702
0.0216481
0.00748145
0.0080295
0.0188698
0.0109838
0.0789028
0.00122854
0.00206596
0.00181707
0.00356684
0.0022387
0.0025553
0.00104316
0.00399583
0.0017209
0.0101158
0.00761547
0.00877781
0.0312337
0.00274759
0.00660018
0.00218902
0.00427103
0.00469863
0.0439007
0.00346045
0.00188941
0.00161761
0.0130161
0.00418772
0.00745632
0.0104523
0.00601118
0.0108122
0.0018308
0.00533747
0.00682347
0.00247653
0.00314414
0.00137977
0.00506246
0.0253189
0.0127909
0.0055277
0.00298661
0.00540077
0.0167944
0.00800537
0.00353537
0.00155922
0.0124822
0.00453076
0.00331649
0.0184558
0.0133792
0.000654698
0.00258564
0.00777056
0.00782984
0.00794951
0.000496623
0.0117726
0.011118
0.00402883
0.00202201
0.00581713
0.0116821
0.00290315
0.00507699
0.005264
0.0163834
0.00145178
0.00544906
0.00199129
0.00252332
0.00802012
0.000724886
0.00405704
0.00253214
0.0144688
0.00732975
0.00195466
0.00448118
0.00278891
0.00647336
0.00965295
0.0046914
0.00226442
0.00380336
0.00113565
0.0482273
0.00369006
0.00424792
0.00155069
0.0164338
0.00572903
0.00236159
0.00107257
0.0169139
0.00177576
0.0280609
0.0141408
0.0390012
0.0123804
0.00410667
0.0108332
0.00265441
0.008167
0.00266011
0.000589306
0.00174645
0.0113195
0.00525761
0.0040093
0.0039853
0.0198569
0.000814435
0.0131214
0.0551995
0.0051235
0.0845363
0.0109651
0.000948986
0.0124858
0.00474329
0.00140992
0.000516522
0.0136827
0.00652337
0.00546303
0.00224018
0.00871055
0.00458822
0.00103034
0.0369787
0.0013341
0.0110693
0.0287726
0.00823735
0.00517223
0.000989681
0.00758109
0.00344253
0.0128417
0.0012486
0.010944
0.00309083
0.0202948
0.000398574
0.00565218
0.00304595
0.00339873
0.0037487
0.00884122
0.0014906
0.00214639
0.00259415
0.0187047
0.00213909
0.0199221
0.0157423
0.00472113
0.0387594
0.00184906
0.00963089
0.0130009
0.00338116
0.00170864
0.0210403
0.00785978
0.0012293
0.00366412
0.00345806
0.0029958
0.00148025
0.00404192
0.0059621
0.00635363
0.0104668
0.00473865
0.00967257
0.012379
0.00119147
0.00233334
0.000624898
0.0245573
0.00301309
0.0208475
0.00122601
0.007911
0.00151055
0.00439582
0.00128169
0.00315563
0.00126412
0.0345355
0.00314469
0.00515431
0.00200709
0.00473048
0.00969845
0.00460117
0.00729537
0.00784423
0.0109083
0.00262552
0.00160227
0.00430343
0.0190156
0.000842118
0.00226818
0.00456106
0.0123354
0.0020607
0.0132827
0.00502138
0.00142845
0.00336226
0.00510484
0.00581865
0.00581556
0.00721036
0.0119593
0.000778303
0.00684579
0.0205818
0.0192978
0.00477076
0.0333796
0.003842
0.00382412
0.0101727
0.0039395
0.00422621
0.00730191
0.00779159
0.0006222
0.00324606
0.0101787
0.00496888
0.00641827
0.000433643
0.00422891
0.00302507
0.00363488
0.0154796
0.000892995
0.00458225
0.0280263
0.00148603
0.00708017
0.00231106
0.00480255
0.00605922
0.00221196
0.00269152
0.00591445
0.00408957
0.00472413
0.00285203
0.00250112
0.0174748
0.00671036
0.00456823
0.00386329
0.000946684
0.00391252
0.00053014
0.00484471
0.00530939
0.00440826
0.0131526
0.00249495
0.000544473
0.00853115
0.00587087
0.00475156
0.0225738
0.00496018
0.00554627
0.0158799
0.00496495
0.0106105
0.00407847
0.000892314
0.0117566
0.000506833
0.0229675
0.00351302
0.000749403
0.00670011
0.0101738
0.00363511
0.00479624
0.00426706
0.00395488
0.00556624
0.00741725
0.00359691
0.00401936
0.00445235
0.00153423
0.0143529
0.00453107
0.00611278
0.00370023
0.00120798
0.0223541
0.0276098
0.00633807
0.00182057
0.00164761
0.00136234
0.0110263
0.00158714
0.00164427
0.00125201
0.00289331
0.00404422
0.00231334
0.00129854
0.0114335
0.00185194
0.0108521
0.000169651
0.00797659
0.00311494
0.00102712
0.00318234
0.0071681
0.00255461
0.00277976
0.00167053
0.0126309
0.00104719
0.00542061
0.0026567
0.00476352
0.0182564
0.0132349
0.115045
0.00291988
0.0035686
0.00740449
0.00876954
0.0108987
0.00346744
0.00809826
0.00168568
0.00248696
0.00692041
0.00194121
0.00624796
0.00440435
0.0164319
0.0773334
0.0107308
0.0075889
0.0184578
0.00199237
0.00264022
0.00186082
0.00480285
0.00283725
0.00450637
0.012492
0.0032505
0.0427831
0.00256552
0.00250738
0.00353716
0.0023825
0.00785257
0.00310827
0.00472954
0.00319066
0.00431023
0.00207193
0.00664177
0.0167386
0.00166894
0.0157297
0.013599
0.00649546
0.00519435
0.00337918
0.00775623
0.0838882
0.00643117
0.0337732
0.00935883
0.00776752
0.00117222
0.0111474
0.00742934
0.0176965
0.00535468
0.00587047
0.0169505
0.00655469
0.00384512
0.00546508
0.00762597
0.0145454
0.0091259
0.000718645
0.000332778
0.00190573
0.00546778
0.00297618
0.00747834
0.022301
0.00474433
0.0150119
0.000713934
0.00375083
0.00314407
0.00146358
0.00227886
0.00496055
0.00379261
0.0311883
0.00928869
0.00465782
0.00691907
0.00462643
0.00482768
0.001399
0.0018827
0.00275647
0.0134665
0.0047431
0.0112867
0.00290289
0.0215736
0.00201722
0.00587643
0.00624836
0.00987814
0.00625856
0.00624567
0.0475509
0.00213637
0.0192643
0.00108513
0.00219177
0.00530067
0.00756658
0.00274808
0.00657047
0.0252991
0.00960213
0.00352555
0.00303424
0.00663017
0.00395818
0.00493946
0.00989012
0.000846826
0.0112269
0.00899623
0.00469369
0.00205978
0.0250251
0.0080671
0.00236792
0.00136092
0.0101712
0.0188752
0.00170944
0.00398401
0.0069049
0.00221716
0.0239646
0.015744
0.00927136
0.00196515
0.00611071
0.0274975
0.00110184
0.00221265
0.0266062
0.00191915
0.00351354
0.0177829
0.0258339
0.00454158
0.000529498
0.00634525
0.00358565
0.00705722
0.00148065
0.00117308
0.0192608
0.00742374
0.0049485
0.00414169
0.00695218
0.00431517
0.00465918
0.0386977
0.0035222
0.00418906
0.0104164
0.000595263
0.0040806
0.01745
0.00162916
0.000527493
0.00190589
0.00194446
0.0274226
0.00258669
0.00099964
0.00918788
0.00689447
0.0141177
0.00444258
0.00111922
0.00637733
0.000848727
0.009284
0.00458381
0.00783694
0.00172008
0.00140444
0.0245931
0.00753685
0.00840163
0.00641245
0.0119277
0.00245502
0.0459351
0.0144753
0.00745054
0.00457544
0.00136086
0.0394218
0.00724239
0.0123008
0.007002
0.00395989
0.00136622
0.00845174
0.00919943
0.0152663
0.00347918
0.001948
0.00399378
0.0116226
0.00580535
0.00295146
0.00334062
0.0131715
0.0052242
0.0661451
0.00141555
0.00327449
0.00456147
0.00180829
0.00242883
0.0106422
0.00429651
0.00827024
0.0183823
0.00333802
0.00558841
0.00246521
0.00348981
0.0291197
0.00544828
0.013594
0.00231047
0.00457662
0.0154326
0.00303621
0.00429514
0.0223574
0.0111571
0.00164003
0.00198901
0.0056232
0.00201811
0.0017953
0.0121685
0.00179327
0.00884619
0.00120142
0.00441312
0.00884491
0.0179592
0.00304923
0.00262638
0.00239072
0.00694764
0.000555659
0.0197006
0.0170177
0.00630584
0.0186498
0.00370832
0.00190906
0.0208678
0.00346839
0.00188557
0.00209692
0.00721692
0.000865143
0.0055403
0.013617
0.0110004
0.0111753
0.00258744
0.0102646
0.00718241
0.000897123
0.0112695
0.00666568
0.0199493
0.0285704
0.00704211
0.00273413
0.00673998
0.00510466
0.00309651
0.0253881
0.000758875
0.00492048
0.0064445
0.006203
0.0138172
0.00430709
0.00804877
0.00241892
0.000636799
0.00265143
0.0142913
0.00423732
0.00140936
0.00547693
0.00104464
0.00682354
0.00669343
0.00266623
0.00304224
0.0230274
0.000941647
0.00391551
0.00101906
0.000270158
0.00341966
0.00739749
0.0224726
0.0063892
0.0762882
0.00768297
0.0115998
0.00552147
0.0012998
0.00941681
0.00484459
0.0051082
0.00343626
0.0164259
0.0281031
0.00467978
0.0210279
0.00319537
0.00516561
0.00714119
0.00277646
0.00146248
0.00867087
0.0272927
0.00414597
0.00552902
0.0229148
0.00919713
0.01729
0.00282068
0.00710157
0.0164612
0.00431185
0.00342477
0.0213685
0.00860323
0.00125213
0.00910491
0.00416702
0.00759825
0.0137922
0.0037908
0.0170839
0.00418437
0.00231117
0.0124309
0.00329648
0.00115206
0.00150977
0.00333199
0.00149413
0.00185364
0.0186466
0.00300813
0.00838042
0.0195762
0.00605039
0.00180745
0.000559362
0.0116208
0.00199096
0.00413831
0.0161145
0.0011438
0.00574157
0.00415638
0.00513886
0.00335658
0.00247221
0.0309885
0.00384566
0.00783628
0.00371381
0.0116334
0.00695936
0.00488632
0.00348484
0.0154856
0.0179896
0.027525
0.0234747
0.00673515
0.00743243
0.00573886
0.0167786
0.00379988
0.0131068
0.0180935
0.0125337
0.00176962
0.00308057
0.0518008
0.00488689
0.0142214
0.0136075
0.0204307
0.0101282
0.00555922
0.0124138
0.00392574
0.000706984
0.00190908
0.00446377
0.00751637
0.00769253
0.00706362
0.0131503
0.0249091
0.00122928
0.00221314
0.00376412
0.00283268
0.00474099
0.00374427
0.0218704
0.00654909
0.00673959
0.0109246
0.00358819
0.0168897
0.00206469
0.00148459
0.000245377
0.0117549
0.00175071
0.0216835
0.00816137
0.00380778
0.000791867
0.00678357
0.0125328
0.00407206
0.00161043
0.00243451
0.00519534
0.00969247
0.00418936
0.00444268
0.0053289
0.000546009
0.000404356
0.0143607
0.00362425
0.00255687
0.00385724
0.00416675
0.015633
0.00523735
0.00388603
0.00376181
0.00167658
0.00682797
0.00158367
0.00369341
0.00317065
0.00119579
0.00315652
0.00630015
0.00370449
0.00347967
0.00810101
0.00238433
0.00411691
0.00739897
0.0321117
0.00622411
0.00492656
0.00107057
0.00380293
0.00362297
0.00461816
0.00299114
0.000675379
0.00905198
0.0121796
0.00462367
0.00898999
0.047769
0.001966
0.00361723
0.0381454
0.0299917
0.0058765
0.00438144
0.00742398
0.00351398
0.00134191
0.00977924
0.00338047
0.00558872
0.00222686
0.00387104
0.00430502
0.00215971
0.00319179
0.00809127
0.00944121
0.000959318
0.00710337
0.0223656
0.00259537
0.0187668
0.0129994
0.00279373
0.00948034
0.0109403
0.00103852
0.00370052
0.00313618
0.0164304
0.00621947
0.0108854
0.010168
0.0147671
0.00779781
0.00935073
0.00783851
0.00770639
0.00317588
0.00187845
0.00722511
0.00313189
0.00455128
0.00364422
0.00284826
0.00378675
0.00176769
0.00112315
0.0104617
0.00053495
0.00691753
0.00575257
0.00637177
0.000938382
0.00412103
0.00649352
0.00676143
0.0011775
0.00301588
0.00221922
0.0391402
0.00209888
0.00590645
0.0140196
0.00693553
0.00386696
0.0252834
0.019427
0.00934543
0.0191911
0.00754071
0.002068
0.0117713
0.00330727
0.00314309
0.000881925
0.00347243
0.00124615
0.00682327
0.00221601
0.00281044
0.00845581
0.019163
0.010379
0.00782828
0.00426158
0.0018242
0.00326739
0.00761423
0.00424906
0.00510705
0.00805339
0.000819793
0.000292136
0.0234743
0.000362416
0.00297651
0.00387329
0.00225555
0.0133245
0.00344278
0.00235427
0.00802849
0.00885838
0.0136888
0.00393464
0.00588423
0.00179809
0.0066241
0.0193029
0.00589488
0.00357459
0.00208221
0.00135984
0.00241174
0.00292974
0.0316668
0.00879435
0.00254982
0.0172005
0.0963663
0.00678712
0.00792513
0.00544614
0.0161349
0.0175671
0.00354572
0.00885528
0.000686358
0.00431312
0.00988825
0.00214713
0.0113342
0.0114569
0.0936257
0.00623484
0.00352203
0.00203786
0.00108791
0.00194707
0.00209351
0.00832351
0.00153086
0.00459666
0.0109839
0.00796086
0.0136346
0.00602059
0.00850151
0.00179129
0.00926403
0.00429451
0.00780346
0.00362186
0.00146132
0.0737163
0.00101887
0.0125496
0.00317512
0.00878062
0.0171532
0.00323893
0.00761303
0.00388479
0.0016429
0.00772224
0.000898147
0.00930365
0.0118951
0.00210822
0.0153351
0.00242175
0.000615976
0.00729928
0.00450371
0.00252282
0.00948649
0.00651447
0.00853303
0.000507666
0.00334988
0.00364905
0.00392368
0.0102005
0.00241121
0.0007713
0.00210179
0.00871825
0.00330649
0.00847662
0.00738963
0.00512023
0.00108201
0.00799045
0.000140839
0.00422281
0.00295417
0.00915594
0.00301489
0.00682251
0.00297815
0.05454
0.00451141
0.0152491
0.00322253
0.0105592
0.0194106
0.00129688
0.0130354
0.0118669
0.00357881
0.000997311
0.0445221
0.0137474
0.00769077
0.00181336
0.00640655
0.00889435
0.00974397
0.0105424
0.00743619
0.00505076
0.00685918
0.00261989
0.00956841
0.00622869
0.00812305
0.00239634
0.0105371
0.00527301
0.0084416
0.00258679
0.0527833
0.0153289
0.0310339
0.00285305
0.0121113
0.00108365
0.00549893
0.00341976
0.0011239
0.00309648
0.0121085
0.00239877
0.00687458
0.0183059
0.00399681
0.000253546
0.0250466
0.00136049
0.00427788
0.00807891
0.000440499
0.00603721
0.0242306
0.0030766
0.00449829
0.00159633
0.0130319
0.00336015
0.00641656
0.0140845
0.0184789
0.0116757
0.0431972
0.00207048
0.0115986
0.00833448
0.00510902
0.00326536
0.00499711
0.000319667
0.0135871
0.00565069
0.064132
0.113651
0.00914916
0.0246903
0.066906
0.00304285
0.0027252
0.00442446
0.00239793
0.00949682
0.00679518
0.0159136
0.00476758
0.0059085
0.00975864
0.0110058
0.00415925
0.00752754
0.0104231
0.0031422
0.00520664
0.00300079
0.00163843
0.00987686
0.017285
0.115901
0.00421054
0.0344316
0.00178859
0.0260777
0.00446127
0.0061357
0.00838445
0.00534553
0.00171204
0.0081595
0.0217563
0.00695668
0.0144635
0.000515095
0.0127431
0.00750336
0.00214833
0.00485534
0.00433459
0.00122432
0.00299088
0.00158008
0.0062911
0.0054766
0.00553626
0.00403964
0.00506907
0.000884954
0.00301385
0.00551533
0.0196209
0.00179443
0.0317817
0.00324303
0.00494059
0.00476238
0.018773
0.00383252
0.0040123
0.00605396
0.00715349
0.00291375
0.00260043
0.00266509
0.000787556
0.00413418
0.00732154
0.0013762
0.00741603
0.00563999
0.00665576
0.00292031
0.0402617
0.0127957
0.0126469
0.00349289
0.00480731
0.031405
0.00792462
0.0123106
0.00189859
0.00399427
0.00540343
0.00198088
0.0130562
0.00122426
0.00192485
0.00655114
0.0182364
0.00718102
0.00406298
0.00228832
0.0051089
0.00248601
0.00160738
0.00271503
0.00530241
0.00718312
0.00121505
0.00425983
0.00508716
0.0543741
0.00207992
0.00562682
0.0205465
0.0183334
0.00494996
0.015581
0.00436573
0.00720269
0.00334961
0.00953883
0.0166222
0.00443676
0.00791076
0.00195455
0.0126783
0.00337071
0.00687599
0.00582255
0.00280898
0.00193525
0.00404017
0.00566137
0.0254695
0.00585034
0.00323608
0.00375789
0.00309005
0.00656224
0.00477457
0.00331233
0.00148811
0.0178029
0.00199381
0.00454164
0.00194263
0.00432546
0.00670747
0.00410801
0.00146189
0.00366542
0.0023268
0.00396268
0.00862267
0.00406208
0.00524823
0.00985526
0.0104288
0.00227295
0.00528482
0.00298464
0.00889437
0.00171197
0.000653365
0.00587942
0.00361376
0.00234908
0.0125599
0.00713406
0.00202737
0.00183611
0.00460972
0.00278334
0.0085892
0.00695236
0.0128033
0.0119071
0.00557677
0.00541206
0.0249097
0.00645729
0.0056481
0.0093448
0.00211792
0.00280841
0.00421735
0.00202353
0.00177881
0.00725105
0.00884409
0.00370841
0.00331822
0.00431021
0.000951559
0.00113987
0.0201704
0.00307869
0.000943597
0.00826426
0.00645584
0.0126865
0.00037001
0.00839235
0.00287682
0.00390403
0.00130822
0.00634902
0.00859818
0.00227262
0.00125063
0.00725838
0.00254715
0.0144669
0.00384828
0.00290094
0.0182707
0.00041555
0.00449481
0.00363004
0.00301791
0.00458707
0.00857869
0.054855
0.00564187
0.00178487
0.0170346
0.010388
0.00605731
0.00405044
0.00515603
0.00477448
0.00258097
0.00895254
0.00255604
0.00257403
0.00311822
0.00432068
0.00301561
0.00811406
0.00400449
0.011532
0.00928661
0.0059856
0.00157791
0.00506475
0.000841936
0.00235003
0.00426818
0.0078802
0.00636604
0.0358975
0.00216979
0.0150481
0.00873513
0.0146327
0.00715704
0.00777695
0.00368082
0.00511243
0.00322214
0.000969037
0.00513258
0.0123772
0.00968522
0.0105123
0.000846137
0.0008249
0.00321034
0.00572027
0.00265962
0.00134939
0.0334636
0.00941607
0.00381617
0.0114039
0.0137434
0.00499222
0.00142858
0.0293312
0.00643836
0.00477177
0.00310802
0.0173453
0.0169249
0.00483931
0.00182242
0.002115
0.0187541
0.00145709
0.00845125
0.000948447
0.00308886
0.00546343
0.000936298
0.0113194
0.00348338
0.0403499
0.00884455
0.00367278
0.00249686
0.00661125
0.0020507
0.00244969
0.00301805
0.00961557
0.00373991
0.00164499
0.00654715
0.00205739
0.00587994
0.0075724
0.000892751
0.0297349
0.00445593
0.00984159
0.0038501
0.00518914
0.00336781
0.00156878
0.00420189
0.0179193
0.0046179
0.00340474
0.00167752
0.00183788
0.0169932
0.01988
0.00363423
0.00105278
0.00953137
0.0435334
0.000657857
0.00176388
0.00308625
0.00408197
0.0133641
0.000929035
0.0214531
0.016385
0.00959462
0.00717906
0.00339724
0.0149752
0.000920818
0.0174984
0.00596632
0.00268188
0.00211838
0.00669924
0.00160627
0.00930109
0.00893394
0.0102056
0.00611969
0.019719
0.00479222
0.00703013
0.0027776
0.0073831
0.00687318
0.0257202
0.0014554
0.0131346
0.00209341
0.0114172
0.00964083
0.00215407
0.000522005
0.0169917
0.00288806
0.00315041
0.00594655
0.0020704
0.00484127
0.000833215
0.0101901
0.00129264
0.00196258
0.00872697
0.013141
0.00106126
0.00370323
0.00227543
0.0163373
0.0020544
0.0144424
0.00311452
0.056596
0.00862749
0.00390017
0.00423276
0.00741383
0.00127762
0.00743978
0.00335808
0.0128768
0.0077029
0.00250698
0.0159351
0.00387871
0.0088935
0.00346275
0.00344477
0.00375698
0.00201242
0.00545548
0.0180659
0.00207059
0.00335386
0.00622214
0.00309297
0.00205884
0.00237434
0.00220188
0.00785124
0.0066634
0.00514869
0.00795386
0.00847382
0.0041447
0.00133242
0.00926034
0.00256281
0.00171731
0.0130199
0.0110026
0.0036561
0.00717485
0.00271781
0.00609844
0.00190124
0.00611821
0.00646605
0.00348505
0.011677
0.00235423
0.00363242
0.0595536
0.00471086
0.00114289
0.0125077
0.00127084
0.0181023
0.00547428
0.000710323
0.0103209
0.00498473
0.0116517
0.00261227
0.0244862
0.00859663
0.00256614
0.0132338
0.0108325
0.00179824
0.0126408
0.00187258
0.00621153
0.000644418
0.0296874
0.00300017
0.0149732
0.0279936
0.00537702
0.00341569
0.0293937
0.00375185
0.00668108
0.00498435
0.00255306
0.0047588
0.00707742
0.000680949
0.00314722
0.00270703
0.00686808
0.00872653
0.0019919
0.0132236
0.0100931
0.0044692
0.00404744
0.0156462
0.0409855
0.00670042
0.0225268
0.0149037
0.000706033
0.00213281
0.000663057
0.0112119
0.00889318
0.00901991
0.000964415
0.0175156
0.0170925
0.00115457
0.00537804
0.0134391
0.00474542
0.00397709
0.00345067
0.00225341
0.00096458
0.00721123
0.00665468
0.00443097
0.00306089
0.00340378
0.0229183
0.00156477
0.000970486
0.00384379
0.00635423
0.0166459
0.00196063
0.00637983
0.0137615
0.00164598
0.00507043
0.00565502
0.00332048
0.00264886
0.000984649
0.126347
0.00279733
0.00284734
0.00481737
0.00348269
0.00415928
0.00157668
0.0276303
0.00190862
0.00362108
0.00423249
0.00339087
0.00570016
0.0103785
0.00568594
0.0375394
0.0114606
0.00750903
0.0039115
0.00313188
0.00367252
0.041836
0.00561968
0.009304
0.00534567
0.00211234
0.00745768
0.00100684
0.00663558
0.0030766
0.00359562
0.00496839
0.00207382
0.00602159
0.0242658
0.00476188
0.00379363
0.00126233
0.0218384
0.000687875
0.00225374
0.00369202
0.000942129
0.000680741
0.0134122
0.00393853
0.00396314
0.0172245
0.00607194
0.0135413
0.00382395
0.00622083
0.00462142
0.00790582
0.00220137
0.00116891
0.0082916
0.00392985
0.00367523
0.0165488
0.00467601
0.00826219
0.00750761
0.00595179
0.0013834
0.00491576
0.0216135
0.0278522
0.00240295
0.000891298
0.0129463
0.00948373
0.00621998
0.0034463
0.00569543
0.0112383
0.00142528
0.00153128
0.00263062
0.0013771
0.00245006
0.00133916
0.0237238
0.0034781
0.0119003
0.00215598
0.00431734
0.00719265
0.00354763
0.00237564
0.0154444
0.00633077
0.00370849
0.00232369
0.00128933
0.00895861
0.0025846
0.0198851
0.00500971
0.00469629
0.0077179
0.0227198
0.00228305
0.0035548
0.0100624
0.00138306
0.000780065
0.00501985
0.00607857
0.00480379
0.00135287
0.00849354
0.000362811
0.00476825
0.00783259
0.00747009
0.0019415
0.000686526
0.0126803
0.0143104
0.00252896
0.00575757
0.00307096
0.00532612
0.00316062
0.0194639
0.0124558
0.00612899
0.00271113
0.0349532
0.00218829
0.013504
0.00361014
0.0264372
0.0116077
0.0097215
0.0039863
0.00627817
0.0025557
0.0723319
0.00249776
0.00541837
0.0106891
0.0099286
0.00636652
0.00492973
0.00729714
0.00254348
0.00189177
0.00583676
0.00538911
0.00171089
0.00306674
0.026534
0.00343363
0.0113268
0.00806866
0.00297786
0.0121935
0.00183243
0.00115711
0.00929699
0.00264146
0.00173376
0.00367776
0.00176165
0.00616994
0.0446956
0.00229513
0.0125082
0.0155727
0.0125346
0.00522531
0.0036334
0.0294741
0.00201158
0.00520267
0.00247151
0.00454865
0.0049657
0.00534433
0.0266212
0.00417368
0.00466986
0.00811749
0.00403714
0.00594099
0.0157514
0.00203692
0.00492429
0.00699328
0.00165147
0.0046685
0.00492341
0.0284248
0.0330397
0.00471217
0.00262938
0.0070981
0.00364209
0.00173738
0.005703
0.00158553
0.00317589
0.00635211
0.011641
0.00344715
0.00157705
0.00710771
0.00437454
0.00457923
0.00366047
0.00405303
0.0123223
0.00121357
0.00299103
0.0280264
0.00273144
0.00426191
0.00133805
0.0232253
0.00187776
0.0173981
0.00801285
0.00441512
0.00276322
0.00834883
0.0166771
0.00739343
0.00182884
0.00476224
0.00250603
0.0013702
0.00138981
0.00916589
0.034197
0.0120577
0.0464408
0.00374163
0.00626173
0.00377367
0.00635549
0.00281298
0.0341577
0.00360817
0.00206923
0.00459392
0.00497361
0.00453701
0.00166975
0.00558452
0.00630537
0.00870998
0.00134785
0.00316177
0.0085751
0.005868
0.0223989
0.00237436
0.00968611
0.00210908
0.0300192
0.00141284
0.00142208
0.0382565
0.000141883
0.00290599
0.00367256
0.000193505
0.00681356
0.011681
0.0111571
0.00110519
0.00513039
0.00504286
0.0016023
0.00283323
0.00410343
0.0141576
0.0167019
0.000763449
0.00698562
0.00301845
0.00790522
0.00373135
0.00353991
0.00283374
0.019007
0.0544884
0.0277297
0.00462234
0.00648918
0.00498607
0.00371146
0.00778084
0.00614811
0.0151783
0.0476247
0.00378988
0.00396611
0.00576276
0.0150267
0.00199382
0.0094247
0.00704995
0.00476632
0.0043001
0.00777108
0.037957
0.0037059
0.00278667
0.00195871
0.00441874
0.00388744
0.00228399
0.014159
0.0128982
0.00800428
0.00606181
0.000365009
0.00734531
0.00654915
0.00337311
0.00860644
0.00794557
0.00301483
0.009221
0.00393001
0.00440135
0.0147927
0.0313619
0.00223925
0.00309517
0.0150829
0.00121834
0.00839397
0.00657304
0.00459714
0.00530617
0.0064559
0.00329211
0.00284571
0.0203449
0.00810255
0.00444683
0.00476037
0.00549075
0.00395472
0.034932
0.00783204
0.00282978
0.00109932
0.00896865
0.00763659
0.0132387
0.0051258
0.0317455
0.00342107
0.00185963
0.00217953
0.0261079
0.00394707
0.00878855
0.00759828
0.0045818
0.00154291
0.00642855
0.0149626
0.00529603
0.00384616
0.00497568
0.00041116
0.0311184
0.000622862
0.012616
0.0116911
0.00362124
0.00516107
0.00392558
0.00283956
0.0115777
0.00549513
0.00373547
0.0171067
0.0131881
0.00153239
0.0236993
0.00399501
0.00312931
0.00308669
0.0137534
0.0107822
0.00241763
0.00486508
0.0168558
0.0323392
0.0025428
0.000587262
0.00483128
0.00120601
0.00527074
0.00430977
0.00736532
0.0141026
0.00361004
0.00322147
0.00903233
0.0231495
0.000526482
0.00457823
0.0138085
0.00120757
0.0086551
0.00668429
0.0253447
0.0141353
0.00581286
0.00372441
0.0229311
0.00370321
0.00177809
0.00574448
0.00319882
0.00282205
0.00264593
0.0221692
0.00541737
0.00118636
0.00815023
0.011178
0.0215836
0.00334904
0.00719132
0.000526981
0.00611012
0.00873864
0.0185703
0.0485485
0.00293617
0.00306667
0.00770358
0.0147393
0.0129635
0.00586408
0.00262834
0.00257075
0.011724
0.0409177
0.0032578
0.004595
0.000370063
0.00173613
0.00246452
0.00925001
0.0115276
0.00473014
0.00394863
0.00445563
0.0080052
0.00121066
0.00241509
0.00141832
0.00469241
0.0150601
0.00129473
0.00225226
0.00978772
0.0463098
0.0478717
