0.0200672
0.0299043
0.00727765
0.0192517
0.0351561
0.013951
0.00329634
0.0242064
0.00817586
0.00891798
0.0198963
0.0124989
0.0284251
0.0472023
0.015917
0.00107986
0.00164495
0.00709558
0.00793089
0.00292112
0.0179741
0.0100934
0.0667484
0.0501693
0.0423605
0.0525849
0.00537074
0.012197
0.0361077
0.0462
0.0455157
0.00775024
0.0162071
0.0224793
0.0452389
0.0018072
0.0527442
0.0444196
0.0241596
0.0128146
0.0135954
0.0788836
0.0318204
0.00161806
0.00290916
0.00439243
0.00604053
0.00344896
0.0180793
0.00679014
0.0197959
0.0616707
0.0162724
0.0129856
0.0327779
0.0244425
0.0281695
0.00113614
0.0254551
0.010361
0.0187529
0.00806953
0.0853433
0.0171882
0.0197391
0.0234997
0.0153216
0.0891414
0.0306659
0.0258658
0.00089463
0.041783
0.0237887
0.0233238
0.00902238
0.00165264
0.00530627
0.0144612
0.0113322
0.00937182
0.00264296
0.00799058
0.00633876
0.0259734
0.00414104
0.0411476
0.0135473
0.0231806
0.0252298
0.00328348
0.0158095
0.0453313
0.0266484
0.00561134
0.0514663
0.033594
0.00481245
0.00977474
0.00266485
0.0142567
0.0226112
0.013694
0.011364
0.00708267
0.0207274
0.012809
0.0175633
0.0165
0.0595322
0.0405441
0.0148749
0.0704141
0.013517
0.0265715
0.00407104
0.0170259
0.022354
0.0100854
0.0433303
0.0201119
0.0141045
0.0535834
0.00630957
0.0106442
0.0447363
0.010323
0.0150157
0.00461026
0.00108223
0.0143272
0.00956196
0.00440424
0.0237377
0.0534158
0.0321061
0.0655533
0.0358483
0.0149149
0.00956497
0.00762027
0.0114689
0.00272732
0.0307552
0.00141863
0.00957331
0.0471603
0.000463793
0.0517056
0.0359937
0.0107937
0.00743764
0.049485
0.00172342
0.0528699
0.0268365
0.00210711
0.0163077
0.00679699
0.00205706
0.0209902
0.0157379
0.0069472
0.031837
0.000942764
0.0118987
0.0378727
0.0829429
0.00276775
0.00459265
0.0265068
0.0395202
0.0298845
0.0564859
0.0179741
0.0201725
0.00744406
0.0124309
0.0118185
0.0171952
0.0254618
0.00922068
0.0264521
0.00130606
0.0206077
0.0229424
0.0100277
0.0187825
0.00281735
0.0085009
0.00232911
0.0350084
0.0146671
0.0189694
0.102248
0.0151021
0.0131744
0.027851
0.0597232
0.00700826
0.0243634
0.00944715
0.000757428
0.021163
0.0226906
0.0163413
0.00494001
0.0425168
0.0016339
0.0277553
0.0125655
0.0129081
0.00167739
0.0132468
0.0276479
0.0405878
0.00958715
0.0175107
0.0380049
0.0208461
0.034333
0.00147388
0.00651216
0.0387027
0.0341899
0.0381224
0.0175787
0.0530777
0.00755462
0.018338
0.0197331
0.0211569
0.0353735
0.0499144
0.0159915
0.0161341
0.0194937
0.0325588
0.0201198
0.0241798
0.0177576
0.0336174
0.012792
0.0165027
0.0586978
0.112076
0.00813273
0.019576
0.00728826
0.0849949
0.0732747
0.00577878
0.0151443
0.00435918
0.00510537
0.0264106
0.0100533
0.00622969
0.0419339
0.0103988
0.073924
0.0153953
0.0369245
0.00404593
0.0621594
0.0220316
0.0251994
0.0139685
0.0119863
0.00707204
0.0370414
0.00481979
0.0185036
0.00213344
0.0133487
0.00399661
0.0205138
0.0117121
0.00805147
0.0161035
0.00203692
0.0255001
0.0101677
0.0122727
0.0276634
0.01561
0.0046241
0.00817065
0.0081972
0.0066515
0.00678769
0.0206805
0.0702385
0.0160088
0.00298505
0.0182177
0.0870872
0.0266816
0.0147547
0.032865
0.0306497
0.0289453
0.0602034
0.00757383
0.0148641
0.07136
0.0116368
0.0206926
0.00640884
0.0236436
0.00584908
0.0409501
0.0194654
0.0226691
0.0326502
0.0164426
0.00536325
0.0222241
0.00394876
0.00428322
0.0541983
0.0343113
0.0234553
0.00510384
0.0371743
0.00796833
0.0391222
0.0107959
0.00599612
0.00820803
0.0891754
0.014651
0.00368405
0.00996959
0.0694337
0.0245306
0.0357832
0.0321927
0.00122957
0.0538846
0.0287901
0.00338057
0.00189926
0.0431343
0.0197178
0.00479488
0.00448967
0.00157763
0.000413034
0.0846984
0.0268694
0.0104052
0.0131188
0.0420601
0.0188644
0.00696811
0.0595354
0.0280862
0.030158
0.0151541
0.0188173
0.00251845
0.00643021
0.0276623
0.195204
0.000226039
0.0088668
0.000179078
0.0187155
0.0806548
0.0146881
0.00922946
0.0172642
0.019261
0.000756933
0.0105925
0.00185888
0.0498309
0.00401364
0.0113991
0.000958422
0.0110492
0.0155261
0.0101284
0.0128481
0.00789489
0.017305
0.0121385
0.0188419
0.0048587
0.0219589
0.00702844
0.010362
0.00338252
0.0252337
0.103709
0.0114428
0.0639031
0.0645461
0.00168184
0.0405126
0.0353525
0.0226055
0.0250467
0.0120343
0.031851
0.018367
0.0100836
0.0114136
0.00754719
0.0271697
0.00971531
0.0291333
0.0267545
0.0106071
0.0279155
0.0307805
0.013622
0.0796507
0.00719235
0.0360931
0.00529255
0.0114776
0.00435069
0.0329798
0.00243635
0.000930884
0.0159845
0.0183127
0.00846719
0.0096141
0.00907683
0.0250105
0.0318509
0.0632578
0.000824435
0.0572921
0.00694838
0.00848276
0.0242173
0.00303138
0.0193368
0.00788748
0.0220723
0.0560636
0.0232638
0.0103805
0.010517
0.00898688
0.00085573
0.0154081
0.0165302
0.0531576
0.000902787
0.00743021
0.00159419
0.0095699
0.042236
0.0124835
0.00457596
0.0368541
0.0238967
0.021918
0.00217853
0.0278346
0.038825
0.0302716
0.0140019
0.064293
0.0223806
0.0220703
0.0427701
0.0185172
0.0158351
0.0277045
0.0160284
0.00685734
0.0210181
0.0227673
0.0178582
0.0144942
0.00841813
0.0321905
0.0160072
0.00724024
0.00955421
0.0570989
0.00393776
0.0386468
0.00142411
0.00962032
0.00654448
0.0401408
0.0105577
0.0138452
0.0170283
0.0155856
0.00837475
0.00250561
0.0227756
0.0655312
0.000973021
0.019224
0.0954193
0.0189803
0.00684731
0.00913124
0.0180061
0.0449182
0.0210787
0.00100958
0.0153785
0.0574905
0.0212641
0.00223133
0.00511915
0.029627
0.0211628
0.0256015
0.0202794
0.0260181
0.0149019
0.00255769
0.0285677
0.00177219
0.0237496
0.0177383
0.0211586
0.0353301
0.00610899
0.0052052
0.00482953
0.00243101
0.0338374
0.00121545
0.0255825
0.00811283
0.00659226
0.1347
0.0465688
0.0387822
0.0712091
0.0535846
0.0165704
0.00124179
0.00133214
0.0576412
0.112392
0.0331497
0.00950384
0.00340405
0.0202148
0.00728759
0.0237446
0.0281024
0.0204776
0.0381068
0.0909205
0.0153035
0.0548166
0.0148024
0.00766272
0.0304818
0.00145949
0.0884384
0.0192788
0.0252849
0.0133811
0.00902481
0.00153188
0.0336724
0.0416257
0.0338958
0.00438015
0.0291157
0.0281026
0.03773
0.0396409
0.00560369
0.0132575
0.0129348
0.0146136
0.00724913
0.0102718
0.00922911
0.00883492
0.0277066
0.00989743
0.0229459
0.0331392
0.0112128
0.0293908
0.00905727
0.00874535
0.0143668
0.00802969
0.0595745
0.0165683
0.0174542
0.0481473
0.00791537
0.0175772
0.00820838
0.0028728
0.0199277
0.0057789
0.0318411
0.0996793
0.00641728
0.03964
0.0120562
0.00656247
0.03931
0.0112489
0.0135466
0.00386069
0.0134646
0.00510425
0.0277655
0.0344062
0.00278848
0.011205
0.0209041
0.0233027
0.0103959
0.0103096
0.000950183
0.0327839
0.0637488
0.0105063
0.0162256
0.00234209
0.0237269
0.002364
0.00405266
0.0538969
0.015556
0.00798281
0.0184539
0.0146463
0.0288852
0.0237924
0.0393969
0.0394364
0.0548188
0.0105819
0.0403665
0.0122346
0.0134761
0.0477458
0.0214357
0.0139953
0.0217319
0.000878676
0.0227586
0.132337
0.0126273
0.00956581
0.0266472
0.00292021
0.0171696
0.0521671
0.015022
0.00252233
0.0219844
0.031698
0.00808578
0.116435
0.0109818
0.0309239
0.0141659
0.127466
0.00834983
0.0147816
0.0183307
0.00979855
0.0129983
0.00390812
0.0145068
0.00874117
0.031997
0.0352201
0.0146962
0.00446629
0.0230384
0.0219938
0.0262087
0.0193744
0.00215556
0.00226211
0.0380872
0.068855
0.0433596
0.0464423
0.0175294
0.00835769
0.00340405
0.0296492
0.016819
0.00591082
0.0215462
0.00421233
0.0221592
0.00593898
0.0297351
0.0202168
0.0183563
0.0329775
0.0299883
0.0352325
0.0174071
0.0323926
0.00707817
0.0104427
0.0211009
0.00497144
0.007625
0.00246686
0.009203
0.0266264
0.0189336
0.0434264
0.0299491
0.0142213
0.00485735
0.0162466
0.0379773
0.00833406
0.016855
0.0176057
0.0149581
0.0200814
0.0220727
0.0239191
0.0243672
0.0137446
0.066191
0.0245366
0.0488228
0.0149405
0.0576902
0.0244835
0.0442354
0.00229454
0.0430173
0.00884939
0.0866921
0.0212463
0.00623591
0.00582923
0.0441428
0.00801401
0.020964
0.02939
0.0639846
0.0103276
0.00193772
0.0242906
0.0823195
0.0405718
0.00818551
0.00844789
0.010062
0.0032538
0.0017092
0.00160553
0.0404595
0.00729561
0.0106196
0.0421934
0.0201637
0.116468
0.00761544
0.0112024
0.000973291
0.0171929
0.0150588
0.00975809
0.0150095
0.0237143
0.00145548
0.0217057
0.0217602
0.0324756
0.017447
0.00159681
0.00391368
0.00851985
0.0337019
0.0072417
0.0201307
0.0259105
0.0179963
0.0408185
0.0369897
0.0194428
0.00460831
0.0216013
0.00680277
0.0434128
0.053744
0.00494796
0.0412266
0.0481739
0.0339769
0.0435904
0.0121288
0.00141918
0.00279356
0.0331936
0.0577887
0.0124296
0.0172185
0.0307221
0.0058786
0.0146414
0.00998902
0.00676735
0.013659
0.0270005
0.00176803
0.0276221
0.0124135
0.139282
0.017259
0.00238739
0.0135988
0.0118555
0.0156198
0.00266384
0.0273527
0.0176774
0.101601
0.00109594
0.00911335
0.0293456
0.0401442
0.0140716
0.0143068
0.02033
0.0551353
0.00459769
0.0676561
0.0169864
0.0224198
0.00272734
0.0184212
0.0214454
0.0264463
0.0332632
0.0260603
0.0288201
0.0351619
0.0284321
0.0108857
0.0163452
0.0396833
0.0097811
0.0245504
0.00175103
0.0144843
0.00970816
0.0280755
0.0134154
0.0266313
0.0163714
0.00515739
0.031249
0.0354053
0.0172499
0.0196987
0.023144
0.00249647
0.00993551
0.0122092
0.0156318
0.025691
0.0222239
0.0162545
0.00263902
0.043075
0.00599882
0.0133438
0.00120895
0.0086476
0.0192981
0.14674
0.0111547
0.0200428
0.00240526
0.028598
0.00258913
0.114811
0.0185258
0.00835922
0.00543482
0.00795509
0.0130949
0.0223023
0.0204135
0.00687632
0.0359485
0.0236573
0.00120606
0.0314363
0.00768764
0.00590532
0.152441
0.0877849
0.0985957
0.0471894
0.00192261
0.00594889
0.00427123
0.0282795
0.015917
0.0139901
0.0223572
0.00698433
0.0317949
0.00582815
0.0162173
0.0218342
0.0476405
0.0915722
0.0302709
0.0140374
0.0228404
0.0587571
0.0567135
0.0330843
0.050383
0.0090929
0.00113918
0.0148589
0.0129108
0.00248793
0.0213169
0.0236468
0.00228032
0.0273614
0.0573801
0.01616
0.0358745
0.0174521
0.0267723
0.0112146
0.00547544
0.0163248
0.0149697
0.00148509
0.0206373
0.0174149
0.00875385
0.0176745
0.0135841
0.0146404
0.0261964
0.0010418
0.0267617
0.00686706
0.00869807
0.00918138
0.0717627
0.0147199
0.0172391
0.0467159
0.0143709
0.0228868
0.00627431
0.0466777
0.0246063
0.0346012
0.0198584
0.00660073
0.0149858
0.022443
0.0929386
0.0154116
0.0312344
0.0101458
0.0288589
0.032648
0.00773545
0.0053481
0.00868633
0.0193029
0.0131746
0.0165538
0.024556
0.0149906
0.0180004
0.00504247
0.0103078
0.00909303
0.044749
0.00110994
0.0710747
0.0260692
0.0364467
0.00955639
0.0369367
0.0153349
0.0198535
0.00737949
0.0176886
0.00285506
0.00966342
0.00150046
0.0144495
0.0107763
0.00776479
0.00956976
0.00252285
0.00148006
0.0747358
0.0354698
0.0244809
0.0079568
0.00250063
0.00287702
0.00827292
0.0182895
0.0221396
0.0219277
0.0143781
0.0501074
0.0201838
0.0114574
0.00132495
0.0218997
0.00321289
0.022095
0.0485846
0.0737751
0.00189181
0.0181312
0.0353579
0.00614626
0.0177258
0.0448631
0.00108188
0.00629681
0.00714103
0.0524728
0.0298277
0.0316205
0.0176779
0.0139179
0.00898285
0.0132807
0.0302492
0.0486646
0.00119959
0.00904572
0.0118149
0.0120047
0.0061552
0.00544157
0.0188961
0.00519494
0.00870967
0.0122146
0.00376646
0.0152838
0.00517072
0.0546701
0.0596031
0.00989536
0.00604673
0.031657
0.0220774
0.0110111
0.0571897
0.0094428
0.00300751
0.0150593
0.0361929
0.00522208
0.0162954
0.0327543
0.0181636
0.0431173
0.0706178
0.019242
0.0165858
0.0107409
0.0102814
0.047195
0.0220241
0.0114162
0.00100309
0.0444283
0.000613141
0.0103679
0.0171936
0.0160175
0.0172085
0.0744299
0.0195135
0.0215921
0.0113115
0.00196923
0.00820257
0.00217206
0.0355988
0.0047705
0.0283302
0.0133456
0.00680615
0.0282742
0.017856
0.036508
0.0139281
0.0241662
0.0245256
0.00517327
0.00571446
0.0329447
0.0567955
0.0545493
0.0144742
0.0775742
0.0264155
0.0145065
0.00746407
0.128657
0.0288297
0.0133373
0.0233281
0.0301904
0.0200698
0.00780714
0.114594
0.0236836
0.00334751
0.0163578
0.0166152
0.029179
0.0011308
0.022165
0.0373211
0.0188623
0.0715353
0.0208765
0.0209518
0.00326148
0.0165148
0.049714
0.00274503
0.0358383
0.0278486
0.0410657
0.0170586
0.027885
0.0204719
0.0370194
0.0714299
0.0124275
0.0120913
0.0262572
0.012541
0.0502725
0.0161957
0.0129345
0.0198542
0.0396155
0.0112182
0.0195322
0.0127614
0.0389312
0.0282685
0.0168712
0.0681596
0.00237478
0.0128843
0.0200829
0.0147737
0.0273739
0.0137067
0.0160351
0.0385967
0.099621
0.0191278
0.016686
0.0308251
0.0225378
0.00183395
0.0028948
0.0479811
0.0150408
0.00752689
0.0667163
0.008433
0.0134299
0.0142021
0.0410276
0.000987829
0.0163923
0.0128461
0.0191002
0.0177358
0.0169233
0.0327181
0.0883429
0.0026023
0.099552
0.0177322
0.0444036
0.0331759
0.0257563
0.00108984
0.00972769
0.00729676
0.0018998
0.0293517
0.00574057
0.0598164
0.00158769
0.0432535
0.0079518
0.0118002
0.0299058
0.0121325
0.00838257
0.0309405
0.0635226
0.00530462
0.0221623
0.00182257
0.0175729
0.00730513
0.0271143
0.00889107
0.0176527
0.0308599
0.0518895
0.0112504
0.00468176
0.0119271
0.0114278
0.0524458
0.0160865
0.0358831
0.00729668
0.0182628
0.00299005
0.00540674
0.00886439
0.00707547
0.00843021
0.00879303
0.00829274
0.0487855
0.0338445
0.0465393
0.0189915
0.0814129
0.013751
0.00552384
0.0050904
0.0117538
0.0160033
0.00200267
0.0176711
0.0115863
0.0290716
0.0226843
0.00673931
0.0117262
0.00624078
0.0297438
0.0122119
0.0147529
0.00515347
0.0247098
0.00877532
0.0179999
0.0339668
0.0448032
0.00174116
0.0401338
0.0277467
0.0148726
0.0327
0.00362073
0.0192781
0.0131098
0.00947793
0.00860838
0.00758789
0.029918
0.0315398
0.0183407
0.00183927
0.00660122
0.00957979
0.00500247
0.00208936
0.0018626
0.0405538
0.0407411
0.0101208
0.0160176
0.0228674
0.0200552
0.00658149
0.00199485
0.0105826
0.00985632
0.0411613
0.00862134
0.0064864
0.00414985
0.0329531
0.0149278
0.025254
0.0383422
0.0136331
0.0281635
0.00708507
0.01321
0.0161471
0.0200265
0.00342683
0.00788157
0.0530959
0.0745811
0.0160987
0.0364643
0.023049
0.023425
0.0158709
0.0271001
0.0132024
0.00893077
0.0328438
0.0042734
0.00850889
0.0305305
0.0144416
0.0305383
0.0293022
0.0526936
0.0281956
0.0103602
0.0092069
0.0406854
0.0332794
0.00593985
0.0538717
0.00161634
0.00667956
0.0212715
0.0228884
0.0104042
0.0070804
0.0524014
0.00266966
0.0127296
0.0251827
0.0124092
0.0938315
0.00554886
0.0524135
0.069868
0.000832746
0.00640333
0.00589197
0.016599
0.0132806
0.013218
0.0158204
0.0318981
0.00856269
0.0424679
0.0139755
0.0169273
0.000981009
0.0644527
0.0129586
0.0101942
0.0232982
0.012442
0.0056707
0.0133544
0.0311766
0.00896089
0.00615782
0.00178925
0.0204078
0.0623309
0.0142721
0.0253668
0.0145121
0.0125193
0.00480524
0.00740416
0.0115302
0.0186518
0.014321
0.0238384
0.00519765
0.0447301
0.0422813
0.0168967
0.0192043
0.00238372
0.0677917
0.00437979
0.026052
0.0203619
0.0460287
0.0209984
0.00937278
0.00814031
0.0813635
0.0196478
0.0157469
0.000974738
0.110725
0.0440097
0.0144762
0.0104038
0.0129171
0.00453456
0.0203647
0.00646567
0.0241519
0.000639735
0.11809
0.0202769
0.0325407
0.044498
0.0353309
0.0103841
0.0175183
0.0239708
0.0468424
0.00809101
0.0059364
0.00637291
0.0402694
0.0162519
0.0113501
0.0184269
0.0105572
0.0109508
0.0166446
0.0296686
0.00795673
0.0891932
0.0584671
0.0165327
0.0505264
0.0215368
0.0213186
0.00341911
0.00510279
0.0217537
0.0232875
0.00388923
0.00778722
0.00614503
0.0268164
0.0152599
0.00136703
0.13029
0.0167342
0.0673787
0.0242092
0.0157572
0.00113761
0.0102909
0.0178672
0.0133568
0.028405
0.0396879
0.0107986
0.0063772
0.014372
0.00186252
0.0100337
0.00534969
0.0210498
0.0200343
0.010333
0.00406237
0.00546404
0.0502385
0.00156245
0.0218003
0.0538173
0.0198624
0.0042497
0.0196893
0.0147001
0.0499022
0.0329635
0.0106295
0.0438226
0.0380726
0.00876454
0.01459
0.0209535
0.0274173
0.00741521
0.0108945
0.0157165
0.00192141
0.0156358
0.0222765
0.022242
0.0143668
0.029447
0.00484653
0.0410158
0.0139008
0.0017397
0.00998212
0.00514723
0.023692
0.0123208
0.00263055
0.0175547
0.0211199
0.00477524
0.0510478
0.00254953
0.00855722
0.0385386
0.0858354
0.0214105
0.00170294
0.0300346
0.0584571
0.0206007
0.0177062
0.0140665
0.0264611
0.0644101
0.022457
0.000763335
0.0146546
0.0131831
0.0215678
0.106143
0.0069776
0.0131542
0.00239745
0.00329021
0.0106209
0.00337713
0.0107348
0.0101164
0.0161703
0.0304063
0.0594892
0.0652888
0.0738888
0.0252618
0.00356346
0.00267158
0.0180487
0.0298551
0.00227437
0.0158227
0.0170026
0.00255154
0.0142106
0.0395303
0.0168339
0.0592708
0.0223113
0.0131286
0.0154957
0.00214001
0.021727
0.00242718
0.028159
0.0545665
0.00693342
0.0258111
0.0123227
0.0164023
0.0148269
0.00501337
0.0160444
0.0145141
0.0198253
0.00820622
0.0206165
0.0213817
0.0282355
0.0016334
0.0377144
0.00521601
0.0234935
0.000923104
0.0117394
0.0346
0.0158816
0.00130643
0.0018926
0.0118019
0.00629708
0.0306233
0.00967211
0.0179656
0.0211183
0.126779
0.00502376
0.00297097
0.0104959
0.0175013
0.0282372
0.0745339
0.0173338
0.0245478
0.0158961
0.0140924
0.0801464
0.0138594
0.0133924
0.00271639
0.00104296
0.0264112
0.00539609
0.020901
0.0165993
0.00182775
0.0100242
0.0234489
0.0253135
0.0273332
0.0128344
0.000598935
0.0110046
0.016632
0.0112054
0.0330779
0.0917044
0.0235685
0.00462572
0.00149718
0.0677598
0.0115608
0.0395493
0.0113915
0.00356896
0.0358633
0.0314553
0.00674695
0.0156839
0.0131277
0.0237934
0.047954
0.0329636
0.0397359
0.0190009
0.0548149
0.00190876
0.00869937
0.0518837
0.0402882
0.00908942
0.00983439
0.0181642
0.0199786
0.0216344
0.110124
0.0256458
0.0250983
0.0468151
0.0187609
0.0145998
0.00404214
0.0518905
0.0453554
0.0293929
0.0285975
0.0128085
0.0160976
0.0416356
0.00675266
0.00167069
0.0012606
0.00507891
0.015543
0.0162205
0.0485703
0.0163623
0.0129005
0.00943792
0.0539678
0.148788
0.00137261
0.00952629
0.0134585
0.0084487
0.011201
0.0273603
0.00798177
0.0496397
0.00185242
0.0571565
0.00118177
0.0261244
0.0180715
0.0261123
0.00729123
0.00385149
0.00995228
0.0323322
0.0179525
0.0508848
0.0765577
0.00258609
0.00741755
0.023954
0.0313774
0.0643267
0.00259261
0.0301707
0.00631429
0.0579787
0.105632
0.0235035
0.0162122
0.0456137
0.00836403
0.024618
0.0148806
0.0197042
0.0422803
0.0019423
0.0233919
0.0121332
0.0314411
0.0252053
0.0206233
0.0135151
0.0252173
0.0489056
0.0469901
0.0375115
0.00591078
0.00366396
0.0528057
0.0519104
0.00896262
0.020472
0.0218222
0.00166131
0.00428799
0.0670055
0.0859604
0.0278422
0.00884643
0.0171178
0.00859721
0.0860356
0.0348954
0.000293462
0.00861307
0.00459336
0.00982362
0.0127115
0.0170473
0.0160375
0.0162126
0.0462432
0.0157084
0.0213353
0.0187948
0.0105407
0.0703157
0.015271
0.0199647
0.0105317
0.0141779
0.0020527
0.0248283
0.00279077
0.0122216
0.0382169
0.00256604
0.0269806
0.0129486
0.0107744
0.0133283
0.0361997
0.0142915
0.00570198
0.00968475
0.0152773
0.0222438
0.0142199
0.0217835
0.00275576
0.0060122
0.0017971
0.00786868
0.00775295
0.0569108
0.0171603
0.0127527
0.00735604
0.0866846
0.00786911
0.00840051
0.0330169
0.0258116
0.0159238
0.0179432
0.00193503
0.0671764
0.036803
0.0041463
0.00154485
0.0246467
0.0131633
0.0657407
0.00244489
0.0245717
0.00321033
0.0299412
0.00708287
0.0357241
0.039296
0.0261918
0.0196787
0.0139385
0.0272955
0.0205836
0.00743929
0.0426789
0.038043
0.0159766
0.0388673
0.0181753
0.00699238
0.00708165
0.0249349
0.00285991
0.012774
0.0483586
0.038435
0.0384359
0.000700501
0.0226255
0.0473492
0.00861658
0.0217239
0.00752527
0.0132227
0.0131663
0.0217433
0.0222923
0.0529777
0.0162404
0.0282689
0.00639617
0.0207769
0.0621377
0.0174592
0.0297493
0.0179813
0.0274889
0.00555864
0.00120075
0.0328187
0.00182399
0.0214484
0.0184394
0.00375055
0.0195793
0.0310732
0.0113129
0.0416992
0.0152914
0.0202085
0.033925
0.0143559
0.0179743
0.0680997
0.148526
0.00570252
0.00799411
0.0251749
0.00645701
0.00714299
0.0161194
0.00103967
0.0075604
0.0100234
0.0112376
0.0554189
0.0788856
0.02725
0.0138059
0.0155793
0.0126799
0.0166766
0.0268128
0.0649417
0.00396356
0.0272859
0.0170489
0.01128
0.0182428
0.0159762
0.00131435
0.00746969
0.0143463
0.004108
0.0121322
0.00805613
0.0129634
0.0405347
0.00703004
0.0139031
0.0134572
0.00130613
0.00119249
0.028291
0.0261627
0.0142085
0.0308599
0.0270559
0.0105612
0.0181178
0.0033785
0.0146757
0.0273423
0.0141171
0.00425909
0.0505002
0.0330032
0.0197652
0.0587601
0.00700961
0.0785238
0.00294602
0.0163723
0.0144814
0.0022672
0.0298729
0.0107361
0.0228211
0.0239819
0.0251877
0.00813187
0.0150189
0.0324645
0.0084199
0.0194779
0.0186787
0.0367532
0.010388
0.0306659
0.00238464
0.0195354
0.00846637
0.0179828
0.0112564
0.0100514
0.0132574
0.0109553
0.0320165
0.0147734
0.0329599
0.00921792
0.0327234
0.00248871
0.00194864
0.0611025
0.0174234
0.007047
0.0614453
0.0014136
0.00401645
0.012071
0.016371
0.036144
0.0571687
0.0021533
0.0117611
0.0247733
0.00355467
0.0227091
0.0046363
0.0268036
0.00643574
0.0489888
0.0108358
0.0161708
0.019123
0.00937734
0.0149255
0.0276159
0.0192165
0.0254604
0.0351149
0.00386772
0.0258512
0.000988024
0.0111893
0.01912
0.0121183
0.0266834
0.0147767
0.0183767
0.0959692
0.051594
0.0288225
0.00135633
0.00222945
0.0412265
0.00657469
0.0287394
0.0446817
0.00871854
0.0170019
0.00468519
0.0142279
0.0354808
0.00707892
0.00968606
0.0407049
0.0357654
0.0161598
0.00453979
0.00628963
0.00659109
0.0145828
0.0122267
0.129067
0.0266804
0.0166915
0.0297253
0.0236318
0.00257951
0.0194526
0.00381724
0.0303108
0.0022199
0.0113817
0.0218963
0.0670531
0.00482046
0.000650714
0.0137583
0.0130445
0.0504106
0.00148615
0.0306044
0.0208436
0.0332746
0.0618379
0.0268437
0.0401441
0.00852137
0.01966
0.0293395
0.0512297
0.0331733
0.100558
0.00405917
0.0221332
0.0391588
0.00936568
0.00256441
0.0547245
0.0205687
0.0191646
0.0106033
0.0259582
0.0148823
0.00885469
0.00773141
0.0156566
0.0312987
0.0265145
0.0295522
0.0229852
0.00791738
0.0417412
0.0246372
0.0408465
0.00253618
0.0152093
0.00804501
0.0215062
0.0153093
0.00729482
0.0308862
0.0895556
0.00749023
0.00903439
0.105443
0.00260564
0.0254339
0.0609091
0.00241321
0.020607
0.0229992
0.00216659
0.0347304
0.036433
0.0290003
0.0298297
0.0237483
0.0285303
0.0181077
0.000966459
0.0140846
0.0181766
0.00593135
0.0263142
0.0337112
0.0131323
0.00173211
0.0169898
0.00409678
0.0172887
0.0057988
0.0260111
0.0145158
0.0266995
0.00691351
0.00687124
0.039842
0.0127251
0.0167274
0.0270836
0.0251471
0.0201739
0.0257066
0.014871
0.0112426
0.0266644
0.0116767
0.0354363
0.00605208
0.00531496
0.00963111
0.00645975
0.0296587
0.0449411
0.0133523
0.013247
0.0299473
0.0177523
0.0166194
0.0278607
0.0198889
0.0155555
0.00641324
0.00166381
0.000998301
0.00579968
0.00309997
0.0130847
0.127187
0.00733636
0.00143568
0.026027
0.101511
0.0126064
0.0146335
0.0354163
0.0449353
0.0387821
0.0300254
0.025389
0.0110139
0.00264682
0.0252021
0.0227068
0.00477497
0.0242678
0.0948915
0.0330431
0.00762304
0.011999
0.00117353
0.0419619
0.0220628
0.0120305
0.00976314
0.00616007
0.0487299
0.0133767
0.0313397
0.0198978
0.0284153
0.0389697
0.0187147
0.0189703
0.00519041
0.00214632
0.00933752
0.00160371
0.0339133
0.0462458
0.00900629
0.0680967
0.0136781
0.0108035
0.0112137
0.0476521
0.0129295
0.0209752
0.00906051
0.0472803
0.0176983
0.00593418
0.0103297
0.00754516
0.0047799
0.0105047
0.0164631
0.00554481
0.00615336
0.0142355
0.0173033
0.0205501
0.0179208
0.150651
0.012625
0.0190832
0.0353532
0.00509357
0.0105775
0.0292172
0.0264436
0.0533499
0.0234399
0.0106854
0.0103762
0.0116132
0.0279853
0.00901981
0.0204793
0.0233762
0.00918464
0.00831493
0.10155
0.0291802
0.0169061
0.0498383
0.0300586
0.0197515
0.0108568
0.0267174
0.0241278
0.0153451
0.000174101
0.00498014
0.00146376
0.00222047
0.0135004
0.0149151
0.0564225
0.0142966
0.0107746
0.0211671
0.0384406
0.0230885
0.0301124
0.0368875
0.0132724
0.0103837
0.0160426
0.0486267
0.00443292
0.0136838
0.0316482
0.0226554
0.00286599
0.0395955
0.00046839
0.0198084
0.00871834
0.0539528
0.0256655
0.0050649
0.000898569
0.00684241
0.00349307
0.013389
0.00771031
0.0068577
0.00740175
0.00941886
0.0242863
0.00826982
0.0153606
0.0161666
0.0196346
0.0116089
0.00273693
0.00116744
0.0011545
0.0745479
0.00655368
0.0401958
0.0230571
0.0478791
0.00239914
0.00091492
0.0246783
0.00381917
0.00193261
0.0191814
0.011054
0.0138463
0.0186663
0.00425891
0.00908858
0.00528216
0.0153518
0.00713014
0.0144382
0.00966036
0.063395
0.0370964
0.00850158
0.0195167
0.0353551
0.0357939
0.00242814
0.00449561
0.00149136
0.0055083
0.0322079
0.0152287
0.00517726
0.00104272
0.0326722
0.0138677
0.00729126
0.0503434
0.0313179
0.02082
0.0339134
0.0289703
0.0316914
0.0319406
0.0075578
0.0510401
0.0520826
0.00255218
0.0109625
0.0191517
0.00469039
0.0522526
0.0205069
0.015728
0.0844587
0.0501833
0.0299042
0.00984
0.0142914
0.0675077
0.01963
0.0127523
0.0156782
0.00922051
0.0053679
0.0163516
0.0643954
0.0144116
0.0146189
0.0249086
0.0361588
0.00946364
0.000971981
0.0717362
0.0167497
0.0265536
0.0135751
0.00494706
0.024979
0.0452161
0.0325275
0.041673
0.018197
0.0791079
0.00502779
0.0631587
0.00850149
0.010537
0.0309441
0.01693
0.0279052
0.0473988
0.00714245
0.00140185
0.0183977
0.0343151
0.0159496
0.0267408
0.00601992
0.0157891
0.0132503
0.0264564
0.00219784
0.00963558
0.0322666
0.026785
0.0215465
0.0294749
0.0162597
0.0339461
0.0184541
0.0232206
0.0348706
0.0261768
0.00357276
0.136686
0.00621157
0.00388268
0.00837852
0.0365107
0.0164037
0.0398379
0.0302381
0.0174824
0.00243611
0.0445888
0.064777
0.0244016
0.0183067
0.0186969
0.0102259
0.0496594
0.0140511
0.0359115
0.0013413
0.0128146
0.0405127
0.00447672
0.0100161
0.00696031
0.0170498
0.00868159
0.00132286
0.0270425
0.0324087
0.00805808
0.0703869
0.00699659
0.0185591
0.00359461
0.0157335
0.0256501
0.0104921
0.0116749
0.00578141
0.0349483
0.00227063
0.00139229
0.0220116
0.0876624
0.00599413
0.0338385
0.0123094
0.0110198
0.0161061
0.0241165
0.0310313
0.0244344
0.0421867
0.0100726
0.0113344
0.0422111
0.0223312
0.0285496
0.0111567
0.0257981
0.00705708
0.0307715
0.00675145
0.118151
0.0374134
0.034099
0.0250936
0.0185354
0.0179803
0.0612271
0.0111724
0.00371561
0.0525415
0.0293709
0.0302212
0.0206574
0.0193908
0.00944745
0.00839957
0.0125655
0.0139028
0.0584376
0.0158543
0.0285178
0.00339118
0.0175929
0.0165912
0.124556
0.0178989
0.0252425
0.0230877
0.00436034
0.00460392
0.00197821
0.0228454
0.0840808
0.0102476
0.00902756
0.00246641
0.0181217
0.00534838
0.0313109
0.00576692
0.0133354
0.0143611
0.0290872
0.00597995
0.0239696
0.00473449
0.0290954
0.0869679
0.00375437
0.0393654
0.00133706
0.00982508
0.0334864
0.0302314
0.0190401
0.0309693
0.0852213
0.0109501
0.00642239
0.0119817
0.0565525
0.0145107
0.00255943
0.019921
0.00193163
0.0246922
0.0035606
0.0490544
0.0266087
0.0253171
0.0232369
0.0832946
0.00809872
0.0222845
0.0410994
0.000726437
0.00125901
0.0331563
0.000698091
0.0368551
0.010229
0.00894611
0.0183018
0.0253657
0.0102354
0.00333648
0.0049339
0.0311354
0.00154885
0.0251052
0.00941717
0.0416112
0.0663228
0.0243944
0.00635565
0.0183804
0.0198131
0.0113026
0.0431386
0.018536
0.0233887
0.00847067
0.00435709
0.041883
0.0151848
0.0166008
0.00365603
0.00809768
0.0120751
0.00763296
0.0486251
0.0202133
0.00530885
0.0339187
0.00901372
0.0138102
0.0817916
0.0153107
0.0033649
0.0114673
0.0172648
0.0483324
0.0343588
0.0160863
0.0231416
0.0140053
0.0208551
0.0103907
0.0152042
0.0260965
0.00272908
0.00570653
0.0259539
0.011792
0.0903499
0.0164242
0.0108838
0.00439137
0.00977729
0.014449
0.0213922
0.0067484
0.0247012
0.0185275
0.00491097
0.0830677
0.0170218
0.00899156
0.0160412
0.0200788
0.0253866
0.028762
0.00421459
0.0153338
0.02115
0.0152202
0.0363476
0.0113516
0.0160919
0.0500029
0.0110815
0.0418466
0.0269286
0.030017
0.0121643
0.0294514
0.0166628
0.00432926
0.008761
0.0135465
0.0211321
0.0135583
0.0211967
0.0186877
0.0125216
0.0156732
0.00688164
0.0104167
0.036823
0.00140713
0.033931
0.0694572
0.0407162
0.00979508
0.00120785
0.0324929
0.025774
0.0234437
0.0275787
0.0565668
0.0233753
0.0105305
0.0175272
0.0417394
0.00963564
0.00599801
0.00944759
0.016158
0.0186463
0.039998
0.00995357
0.00814997
0.00397761
0.00195206
0.0259183
0.00768614
0.0040965
0.0130355
0.0424374
0.00148757
0.0155352
0.0150876
0.0283378
0.0113573
0.0491816
0.0160414
0.0128227
0.0222074
0.00733079
0.0722231
0.00659574
0.00206882
0.00957371
0.0153834
0.00108962
0.0156208
0.0981279
0.0450096
0.0313069
0.0288749
0.0155207
0.0406006
0.0341408
0.0128511
0.0426543
0.013929
0.0260279
0.00928055
0.0734071
0.0103626
0.00713561
0.0289692
0.00243671
0.0183422
