0.00808225
0.000505679
0.00687766
0.00493834
0.0190726
0.00256592
0.00121858
0.00241586
0.00366739
0.00140851
0.00332003
0.00326641
0.000810349
0.0103
0.000743742
0.00182046
0.0103267
0.00389606
0.0076531
0.00304949
0.00575994
0.00404661
0.0091509
0.00203288
0.00233965
0.00311592
0.00671552
0.00147699
0.00516774
0.00143891
0.0135678
0.00482229
0.00226277
0.00204224
0.00282439
0.00216455
0.00205147
0.00190424
0.00537365
0.00363365
0.000963291
0.00190879
0.00295884
0.00607379
0.00211201
0.00121706
0.00251643
0.00289554
0.00303615
0.00202592
0.0022199
0.00677108
0.0015299
0.00115668
0.000956074
0.002461
0.0036435
0.00293325
0.00310048
0.00983358
0.00352856
0.00301972
0.00582422
0.00162998
0.00162622
0.0107412
0.00123723
0.00223629
0.00188514
0.0143126
0.000816438
0.00306229
0.00950484
0.00134834
0.00833353
0.0058967
0.0196711
0.00223138
0.00338011
0.0032777
0.00135291
0.00390522
0.00336213
0.000944942
0.00182908
0.00244158
0.0116142
0.0100492
0.00802336
0.00380728
0.00339542
0.00171115
0.00276649
0.00233225
0.00336194
0.00231837
0.00246381
0.0038243
0.0106392
0.00143956
0.00721008
0.00231103
0.00254953
0.00731699
0.00127339
0.00349318
0.00305738
0.00377515
0.00628718
0.00211713
0.00419885
0.000854598
0.00508409
0.00174835
0.000732926
0.00315258
0.0019706
0.00150656
0.000896555
0.00253424
0.00288596
0.00141157
0.00498569
0.00250582
0.00789617
0.023854
0.000800379
0.000539022
0.00650307
0.0101488
0.00160324
0.000647323
0.000808646
0.00671856
0.00245447
0.011479
0.00106547
0.00254411
0.00581464
0.00291366
0.00223177
0.00562963
0.00279301
0.012481
0.00137559
0.0014972
0.0122372
0.00193456
0.00109966
0.00365963
0.00332363
0.00564946
0.00258192
0.002705
0.00364211
0.00162387
0.00649378
0.00241056
0.00187829
0.00936501
0.00230552
0.00422081
0.00204389
0.002519
0.00298724
0.00138846
0.0111286
0.0102522
0.00189464
0.00937596
0.00620318
0.000691846
0.00513869
0.00131474
0.00867023
0.00471787
0.0022034
0.00321098
0.00202798
0.000871034
0.0100189
0.000522615
0.0041918
0.00255853
0.000785126
0.00298946
0.00290842
0.00800311
0.00547843
0.000622466
0.00970358
0.00630936
0.00516192
0.010758
0.00179734
0.00727264
0.00110453
0.00133892
0.00573277
0.00169899
0.00310503
0.000468403
0.0016148
0.00626796
0.00178033
0.00422546
0.00341613
0.00679159
0.00410037
0.00516488
0.00198975
0.00197754
0.00496062
0.00021418
0.000315633
0.00300917
0.00166226
0.00486335
0.00850446
0.00169519
0.00347859
0.0156877
0.00142197
0.00584921
0.00335837
0.0049129
0.0098614
0.00123813
0.00317178
0.00302239
0.0218302
0.00283256
0.0054608
0.00343602
0.000977902
0.00624658
0.0149834
0.00528532
0.00039993
0.00465922
0.00141504
0.00246463
0.00197703
0.00101811
0.00209089
0.00221447
0.000780684
0.00250292
0.00245626
0.000873236
0.00282577
0.0011343
0.00144826
0.00536735
0.00962487
0.00102964
0.00268497
0.00345254
0.00742039
0.0109297
0.00182777
0.00115976
0.00628399
0.00852
0.00200074
0.000955872
0.00125684
0.000813833
0.00573043
0.00505401
0.00302127
0.00237894
0.000896144
0.00121925
0.00211815
0.00140987
0.00501447
0.00146186
0.00363656
0.0036352
0.00341518
0.00357579
0.00153831
0.00279624
0.00230055
0.00349354
0.00246614
0.00150809
0.004486
0.00746422
0.00165229
0.00471933
0.00637605
0.00457486
0.0109147
0.000640669
0.00303347
0.00711151
0.000293907
0.000798734
0.00692161
0.00663839
0.00674468
0.00242781
0.0066192
0.00214827
0.00254512
0.000709214
0.00577917
0.0246449
0.00304713
0.000878329
0.0180929
0.00274743
0.00298791
0.00161433
0.00209905
0.00254911
0.000756476
0.00410917
0.00446029
0.00709295
0.0012221
0.00144693
0.00170657
0.00501401
0.00918937
0.00134743
0.0024537
0.000835817
0.00223777
0.00108452
0.00085755
0.009231
0.000462756
0.0109539
0.0028227
0.0305612
0.00311351
0.00203241
0.00809859
0.0183053
0.00356036
0.00227703
0.0199711
0.00233346
0.00117718
0.00460614
0.0116324
0.00570839
0.0032486
0.00213373
0.00781971
0.00343874
0.00985486
0.00226958
0.0017026
0.00908625
0.00438317
0.00606094
0.00275078
0.00884322
0.00349222
0.0120548
0.0013002
0.00273828
0.0148833
0.00168711
0.00694885
0.00898692
0.00197007
0.000430188
0.00271281
0.00177933
0.00358293
0.00748731
0.00397526
0.00433105
0.00103425
0.00138878
0.00370485
0.00193746
0.00122786
0.00528094
0.00407489
0.00587039
0.00184949
0.00283799
0.00255473
0.00100899
0.00118333
0.000387157
0.00125161
0.000601608
0.00110032
0.00861201
0.00129222
0.00214613
0.000783922
0.00633632
0.00260097
0.00625978
0.00353338
0.0100739
0.00369921
0.00670681
0.0109411
0.00208524
0.00362239
0.00162125
0.00540978
0.00361051
0.000922017
0.00149883
0.00248146
0.00407504
0.0116766
0.00500952
0.00528036
0.00124025
0.000147527
0.00779355
0.0171864
0.0054764
0.00866112
0.00132093
0.00473078
0.000560883
0.00224486
0.00122564
0.00657847
0.0012898
0.00308474
0.00713255
0.0034389
0.00175865
0.00582628
0.00456179
0.00268177
0.00307203
0.0204756
0.00184911
0.00627616
0.0112366
0.00112256
0.00111099
0.0174746
0.00213827
0.00723806
0.00459451
0.000563272
0.00164688
0.000813955
0.0108154
0.00132198
0.00417141
0.00390965
0.00234936
0.00157851
0.00141146
0.00208921
0.000962698
0.0127034
0.00835034
0.00514694
0.00218352
0.0028634
0.00565724
0.00233637
0.0021353
0.0025096
0.00213363
0.000595528
0.00497309
0.00192168
0.00648778
0.00323039
0.00343206
0.00236288
0.000324697
0.00154093
0.0100896
0.00275055
0.00398492
0.00202195
0.00338844
0.00236345
0.00140395
0.00711938
0.00348801
0.0139475
0.0043268
0.00246639
0.00459375
0.00654038
0.00190345
0.00246345
0.0139714
0.00320143
0.00659462
0.00244679
0.000821191
0.000678538
0.0012537
0.00474413
0.00218156
0.00143447
0.00210661
0.00110246
0.00325262
0.0083673
0.00545025
0.00183303
0.00189569
0.00610031
0.00174526
0.00167819
0.00415464
0.00315296
0.00105838
0.00569658
0.00350112
0.0016922
0.00283212
0.00109456
0.00306516
0.00202923
0.00513583
0.00202084
0.00546806
0.00130778
0.00809637
0.000930153
0.000772523
0.0106845
0.00268746
0.00154359
0.00095479
0.00615287
0.00343986
0.00309398
0.00175098
0.00402246
0.00163614
0.0096708
0.00464152
0.00443562
0.00475298
0.0032609
0.00195546
0.0050822
0.0027366
0.00244315
0.00123504
0.0107629
0.0034128
0.00315745
0.00223913
0.00228712
0.0025814
0.00460498
0.0238148
0.00220256
0.0010209
0.00525982
0.00737352
0.00159339
0.00442593
0.00206842
0.00438036
0.00432558
0.00552881
0.00865605
0.00187618
0.0035375
0.00394589
0.00399109
0.00709488
0.00556487
0.0057776
0.00948684
0.000516826
0.0124412
0.00142125
0.00129553
0.00351897
0.0134668
0.000499758
0.00413703
0.00254009
0.00145231
0.00231345
0.00109353
0.00569613
0.00582176
0.00444674
0.00644069
0.00141609
0.00213182
0.00571076
0.00267161
0.0152462
0.00303608
0.00242106
0.00710639
0.00290829
0.00136261
0.000532797
0.00234687
0.00287302
0.00273142
0.00828487
0.00136292
0.000876004
0.00737992
0.00424336
0.00157341
0.0293162
0.0011324
0.00568421
0.00541198
0.00402069
0.00571715
0.00744269
0.00488005
0.000697853
0.00444838
0.00823685
0.00210582
0.000615521
0.00616432
0.00272097
0.00194166
0.00113919
0.00222258
0.00209432
0.00337661
0.00136978
0.000583509
0.00106233
0.00856703
0.00876642
0.00128815
0.005162
0.00443529
0.00313032
0.000196472
0.00719917
0.0247203
0.00602629
0.000177054
0.00125063
0.00131477
0.0115339
0.00174665
0.00384237
0.00431293
0.00327476
0.00505691
0.00651823
0.00506985
0.00134343
0.00482976
0.00669069
0.00671073
0.00610926
0.00458367
0.00478189
0.00190565
0.00504051
0.00196489
0.00886285
0.00877355
0.00662155
0.00542228
0.00187925
0.00855103
0.00340766
0.00631279
0.00288089
0.00947237
0.001149
0.000992777
0.0052125
0.000601193
0.00299896
0.0122955
0.00212941
0.00243576
0.000594466
0.0017255
0.00086755
0.00338021
0.00450155
0.00612548
0.00234652
0.00316658
0.0108366
0.00711195
0.0149331
0.00411699
0.00331337
0.00544183
0.00867878
0.00683325
0.00867751
0.0105481
0.0089258
0.00263892
0.000735587
0.00307177
0.00895093
0.00738025
0.00625127
0.00042199
0.00380517
0.00483157
0.0114015
0.00669721
0.00311856
0.00100185
0.00998212
0.0146128
0.000760843
0.00121517
0.00199965
0.0012622
0.00509811
0.00616359
0.00257445
0.00572201
0.00587674
0.00160849
0.00400688
0.000649082
0.00311138
0.00688394
0.00846614
0.00531441
0.00206783
0.000397035
0.00160697
0.00855707
0.00163371
0.00289567
0.00145406
0.00300897
0.00282019
0.000760006
0.00195048
0.0112026
0.00315239
0.00146256
0.0279738
0.00144779
0.00170849
0.00408478
0.00149682
0.00555905
0.00127961
0.00648409
0.00932072
0.00449478
0.00338839
0.00250487
0.00152482
0.00125764
0.00251936
0.00272804
0.00182832
0.00111417
0.00457926
0.00103531
0.000282015
0.00111685
0.00279788
0.00211609
0.00311717
0.00274899
0.00154619
0.00211567
0.00246863
0.00286762
0.000227678
0.00281942
0.000292422
0.00192612
0.002086
0.00663362
0.00753504
0.00851711
0.00287402
0.00487874
0.00113629
0.00230063
0.00292732
0.00303232
0.006013
0.00253098
0.00090564
0.00128897
0.00682955
0.00824317
0.00303652
0.00394928
0.00115719
0.00265144
0.00312274
0.000286662
0.00112988
0.00167514
0.00153442
0.00352503
0.00108987
0.000549795
0.00252502
0.00879668
0.000569616
0.00160109
0.00175578
0.0163825
0.00184637
0.00253802
0.00106009
0.0019489
0.00412186
0.00318309
0.00569276
0.0162444
0.00160813
0.00559671
0.000797846
0.0036411
0.0014202
0.00251344
0.000557277
0.00109126
0.0170214
0.00223923
0.00312556
0.00227051
0.00834912
0.00143044
0.00161863
0.00384865
0.00340953
0.00454517
0.00154511
0.000673503
0.00124377
0.00124587
0.00182577
0.00338072
0.00414662
0.0131271
0.00349332
0.0102163
0.00156857
0.00313003
0.00289148
0.00232465
0.00158347
0.00813867
0.0139057
0.00256448
0.000825712
0.0121463
0.00426885
0.00103167
0.00222673
0.00272726
0.00576466
0.0128814
0.015995
0.00643012
0.00156585
0.00373203
0.00218458
0.000973323
0.0135382
0.00378426
0.0182772
0.00223084
0.00156659
0.00539233
0.0147113
0.00254694
0.00159015
0.0013238
0.00940533
0.00296983
0.00689147
0.00447109
0.00619581
0.0101193
0.00529514
0.000867933
0.00477477
0.00110858
0.00163945
0.00250332
0.00962454
0.0371806
0.0135171
0.00295274
0.0019746
0.00354711
0.000654235
0.00604986
0.00270105
0.00189872
0.00274573
0.00254656
0.00170656
0.0017197
0.00210612
0.00364742
0.0056116
0.00254524
0.00695764
0.00173371
0.00103474
0.000554895
0.00150521
0.000790513
0.00243417
0.00288895
0.00551339
0.00373476
0.000947298
0.00335681
0.00256787
0.00676636
0.00165149
0.00648288
0.005174
0.000692867
0.00283504
0.00371008
0.00219598
0.00458869
0.000716475
0.00164715
0.00091286
0.00832391
0.00578423
0.000888694
0.00132301
0.00142174
0.00123656
0.0042712
0.00294036
0.00213066
0.00757052
0.00337255
0.00278067
0.00238826
0.0120621
0.00481557
0.00595078
0.00134067
0.00391042
0.00273966
0.000661047
0.00221912
0.00343364
0.00144129
0.00119293
0.00125874
0.0102228
0.00903503
0.00123004
0.00894421
0.0010805
0.0016469
0.0132197
0.00956855
0.00242051
0.0013263
0.00125023
0.00808431
0.00524911
0.000838278
0.00504257
0.00179289
0.0109839
0.000433113
0.0010581
0.00123491
0.0040395
0.00175253
0.0071804
0.00578458
0.00321378
0.00291937
0.00752877
0.000713132
0.00474742
0.00436877
0.00560863
0.00279402
0.00123629
0.000966977
0.0044005
0.00295881
0.00167059
0.00128379
0.00294089
0.00287226
0.00143637
0.0033444
0.00196073
0.00409141
0.00112149
0.00394744
0.00253601
0.00557597
0.00214287
0.00324663
0.00195003
0.000443126
0.00996901
0.0011042
0.00148869
0.00589393
0.00613802
0.00376476
0.00257734
0.0065863
0.00201237
0.0031751
0.00317939
0.00103833
0.00714775
0.00467452
0.0131313
0.00148897
0.00598938
0.000579061
0.00120394
0.000848881
0.00303349
0.00303464
0.00160421
0.00392059
0.00437648
0.003936
0.0077893
0.0017735
0.00216691
0.0037713
0.00440335
0.00238864
0.0155051
0.00262369
0.00251147
0.00967901
0.00299277
0.00427517
0.0424952
0.0005953
0.00363091
0.0106562
0.00221035
0.0023278
0.00287762
0.000922788
0.00399118
0.000771907
0.0127488
0.00176571
0.00188036
0.0005309
0.00557831
0.00379435
0.00182627
0.0036598
0.00124545
0.00594817
0.00553982
0.000895239
0.00267531
0.00707735
0.00421374
0.00872843
0.0031627
0.00296132
0.00174641
0.00311185
0.00391766
0.0017062
0.0104688
0.00408006
0.00320641
0.00567352
0.00147071
0.00747664
0.000922927
0.00168353
0.00533486
0.000741916
0.00706662
0.00289097
0.00225144
0.00164451
0.000815244
0.00454991
0.00309714
0.00500376
0.00157241
0.00416064
0.00177951
0.0113211
0.00126978
0.00553998
0.00152278
0.00114738
0.00299968
0.00496961
0.000507706
0.00324439
0.000718689
0.00759947
0.00199498
0.00116305
0.00380006
0.00509311
0.00128817
0.00677182
0.00136989
0.0126459
0.000664269
0.000870818
0.00303587
0.000351194
0.00366174
0.00116244
0.00188083
0.00779502
0.00533831
0.00297421
0.00638646
0.00634626
0.00152987
0.00123906
0.00126526
0.00110799
0.00973139
0.00523125
0.00308684
0.00734905
0.00807344
0.00155337
0.00511847
0.00268209
0.00271344
0.00373316
0.00564032
0.0108518
0.00299595
0.00068049
0.00349038
0.00429525
0.00124699
0.00277254
0.00393269
0.00497436
0.00180522
0.00297125
0.00270708
0.00214583
0.00563734
0.00141949
0.00329302
0.00163162
0.00133877
0.00136022
0.00427038
0.0010552
0.00373967
0.000788006
0.0016801
0.00135007
0.00260771
0.00797235
0.00238547
0.00932876
0.000865695
0.00246315
0.0036472
0.00194341
0.00113142
0.00115173
0.0033565
0.00852232
0.00377863
0.00121218
0.00132896
0.00716546
0.00112027
0.00326154
0.00287173
0.00206346
0.0102123
0.00290973
0.00104144
0.00482046
0.00314363
0.00202456
0.004871
0.0027743
0.00888113
0.0074926
0.0025892
0.00477483
0.00483708
0.00241695
0.00385795
0.00187395
0.00226539
0.00865706
0.00272724
0.010655
0.0293063
0.00158577
0.00263295
0.00465583
0.0016275
0.00217687
0.00200189
0.000948078
0.00928437
0.00489058
0.00421844
0.00199332
0.00274925
0.00190252
0.00117094
0.0034358
0.00140435
0.00252353
0.0188612
0.00975989
0.00499108
0.00203058
0.00209228
0.0037986
0.00293234
0.00135225
0.00107543
0.000774046
0.000565347
0.00207984
0.00767758
0.00588997
0.00181451
0.0188537
0.00163658
0.00169558
0.003265
0.0032915
0.00357688
0.00216479
0.0162788
0.00749077
0.00266807
0.00534956
0.00735808
0.00278968
0.00313478
0.00420041
0.00298475
0.00417751
0.00180683
0.00340305
0.00107588
0.0019989
0.0115288
0.00796032
0.00262186
0.00635611
0.00270954
0.00370538
0.000987925
0.0104958
0.000310532
0.00931805
0.00223611
0.00181144
0.0014188
0.00416423
0.00707792
0.000464709
0.00418433
0.0092376
0.0129194
0.00159862
0.00507572
0.00266983
0.00483855
0.0113935
0.0060748
0.00400003
0.00352081
0.00112611
0.00437838
0.00194856
0.00753713
0.00163468
0.0065744
0.00355045
0.00351395
0.00119389
0.00888922
0.00450198
0.00122858
0.00365825
0.000808214
0.00274836
0.00106268
0.0103943
0.00558458
0.00657263
0.00169793
0.0224766
0.00238069
0.00325602
0.0233969
0.00113535
0.00089748
0.00182728
0.00212011
0.000669387
0.00797458
0.00125031
0.00454311
0.00139104
0.00408047
0.0016906
0.0118089
0.00245791
0.00217898
0.00382359
0.00479318
0.00478932
0.0072503
0.00753573
0.00103816
0.00397273
0.000980647
0.00320663
0.00110887
0.00397582
0.00471907
0.00119094
0.00183613
0.0147715
0.00117039
0.00342352
0.00611579
0.00669973
0.00281586
0.0178297
0.00298942
0.006092
0.015542
0.0085806
0.00534787
0.0104035
0.00291592
0.00370075
0.00206673
0.00332428
0.00337454
0.00251239
0.00452991
0.00663114
0.000486108
0.00330991
0.00163136
0.00256377
0.00185376
0.00408202
0.000235747
0.0037898
0.0060799
0.0017616
0.00238854
0.00224002
0.00108241
0.00125551
0.00522235
0.0037718
0.00469461
0.00614192
0.00876776
0.00401197
0.00136144
0.00239219
0.00365551
0.001846
0.00484668
0.00235385
0.0149617
0.00562494
0.00332881
0.00340088
0.00183375
0.00420598
0.00423883
0.00740914
0.00334688
0.00853163
0.000878529
0.0118375
0.00174974
0.00059085
0.00642903
0.00215432
0.00265567
0.00240097
0.00515209
0.00138264
0.00131887
0.00477084
0.00197337
0.00130175
0.00440318
0.00292591
0.00605581
0.000344822
0.00416168
0.00152385
0.0025402
0.00579233
0.00433214
0.00611063
0.00120874
0.0178156
0.00226971
0.00292036
0.000637742
0.00109306
0.00168013
0.00130781
0.000600789
0.00846067
0.00589693
0.00100238
0.00184259
0.000412833
0.00134452
0.00191186
0.00151679
0.00438309
0.00348212
0.00275682
0.00281312
0.00333505
0.00366289
0.00553491
0.000494402
0.000887169
0.00232568
0.00133731
0.00271872
0.00414315
0.00513585
0.00321588
0.00526965
0.00135345
0.000217978
0.0011331
0.00102707
0.000409531
0.00338505
0.00740874
0.00155723
0.00215903
0.00149693
0.00123715
0.00459123
0.00238793
0.00109017
0.0208973
0.00118366
0.00153317
0.00431454
0.00874258
0.0015372
0.00294748
0.00261991
0.00109759
0.00339999
0.00147314
0.00299294
0.00362357
0.00160082
0.00133998
0.00373058
0.00182534
0.00397319
0.0167922
0.00449964
0.00575334
0.00550462
0.00121956
0.00268566
0.00208716
0.00301013
0.00485219
0.000569757
0.00350112
0.00160648
0.00348897
0.0173403
0.00279605
0.00272064
0.00844559
0.00144669
0.00233396
0.00615694
0.00555503
0.00173378
0.0013172
0.00926319
0.000540903
0.00166369
0.00330668
0.00191881
0.00226101
0.00506704
0.000993158
0.0126524
0.00149022
0.00222767
0.00389245
0.00594627
0.00134946
0.00320257
0.00274517
0.00774907
0.0018145
0.00302034
0.00507485
0.0051584
0.0117549
0.00115713
0.0094925
0.00128834
0.00103547
0.00312118
0.0110621
0.00547395
0.00294823
0.00237085
0.00171795
0.00507197
0.00372352
0.00924208
0.00935757
0.00359719
0.00401565
0.00108565
0.0033331
0.00171321
0.00156184
0.000515893
0.00609854
0.00424617
0.00259907
0.00386983
0.00248445
0.00101041
0.00313285
0.00335685
0.00352793
0.00152444
0.00769242
0.00186348
0.000829083
0.000148739
0.0017378
0.00361239
0.00260135
0.00121835
0.00406651
0.0407678
0.00191122
0.00292557
0.0354172
0.00343184
0.00153889
0.00388675
0.00269536
0.00825651
0.00236828
0.00554227
0.00544387
0.00156078
0.00087074
0.00127243
0.00739982
0.00331488
0.00180736
0.00326928
0.00139017
0.00394195
0.0010988
0.0110931
0.00284971
0.0137578
0.00240395
0.000831376
0.004525
0.00193319
0.00169781
0.00725077
0.0185988
0.00222739
0.00412491
0.00184509
0.00242773
0.00434489
0.00134599
0.00107897
0.00246727
0.00888174
0.00260498
0.000435559
0.00258695
0.00600737
0.0120276
0.00520876
0.00424664
0.00349318
0.00292007
0.00213116
0.00266944
0.000309434
0.00299584
0.00241003
0.000505915
0.00269934
0.00383285
0.00784907
0.00575046
0.00146748
0.0042385
0.0158387
0.00078221
0.00269443
0.0105833
0.00370822
0.000900592
0.00214292
0.012354
0.00195477
0.0094044
0.0065099
0.00891134
0.00774322
0.0051501
0.00222889
0.00113901
0.00148022
0.0024621
0.00267101
0.00412179
0.00603753
0.00257772
0.00335853
0.000745079
0.00509641
0.00172141
0.0080868
0.00642928
0.00079866
0.00159396
0.000841164
0.0010362
0.00222251
0.00632918
0.00349016
0.000942388
0.00254834
0.0196716
0.00258325
0.00494866
0.00118107
0.00190928
0.00161626
0.00404897
0.00194845
0.00229186
0.00242525
0.00556734
0.000670965
0.00184093
0.00234721
0.00247846
0.00193367
0.0202606
0.00110105
0.00462679
0.00724789
0.00881398
0.00921992
0.00031852
0.00473107
0.000777071
0.00409006
0.00217466
0.00135552
0.00121774
0.00299596
0.00326449
0.00619249
0.00290942
0.000912084
0.00167272
0.0159331
0.00802221
0.00468461
0.00326954
0.00849925
0.0102724
0.00262416
0.00320187
0.00109851
0.0154118
0.00173592
0.00831819
0.00359681
0.00167644
0.00424766
0.00230979
0.00173878
0.004858
0.00127582
0.005823
0.00263556
0.0035296
0.00275303
0.00277137
0.00406278
0.000718828
0.00476375
0.000525146
0.000938673
0.00847441
0.00229383
0.0281022
0.000385665
0.00162444
0.00689238
0.000742133
0.00798795
0.000955308
0.00345745
0.00237502
0.00628389
0.00156623
0.00754093
0.00114637
0.00318753
0.00248947
0.00727375
0.00198838
0.00248505
0.00029664
0.00113023
0.000404553
0.00829272
0.0116235
0.00335049
0.00135552
0.00430956
0.0118912
0.0030359
0.00213116
0.00216412
0.00240869
0.000889311
0.00546876
0.0240001
0.000715528
0.00306216
0.0210106
0.00672025
0.0030273
0.00278991
0.00155022
0.00842563
0.00227895
0.00268564
0.0051168
0.00128342
0.00376194
0.000267277
0.0126509
0.0163088
0.00675326
0.00423494
0.00150411
0.00540917
0.00151019
0.00456931
0.00481083
0.00668421
0.00176521
0.00419565
0.00181727
0.0013218
0.0130495
0.00877065
0.00274602
0.00079554
0.00493681
0.0123996
0.00258313
0.000775288
0.00175573
0.0068651
0.00203869
0.00372033
0.0015983
0.00550563
0.00376849
0.00165078
0.00336541
0.00298147
0.0220912
0.00820872
0.00301798
0.00702024
0.0026964
0.00657393
0.00272526
0.00269168
0.00445724
0.00353793
0.0137774
0.00472154
0.00173303
0.00851007
0.00153171
0.00722178
0.000936597
0.00495451
0.00689545
0.00249707
0.00552531
0.00185812
0.000626585
0.00121774
0.00280621
0.00212228
0.00270521
0.000846532
0.000929586
0.000808253
0.00562148
0.00316061
0.00807711
0.00102947
0.0023043
0.0032488
0.002305
0.00683897
0.000795771
0.00555552
0.00310086
0.0050389
0.00211629
0.00147422
0.00238192
0.00162207
0.00383623
0.000820936
0.000789721
0.00101044
0.00724671
0.00116584
0.00170106
0.00376147
0.00121401
0.00270102
0.00291898
0.00381978
0.00428536
0.003572
0.00359617
0.00159012
0.00578393
0.00239427
0.00155555
0.00156163
0.00307116
0.00142363
0.00431476
0.00118248
0.00572426
0.00246873
0.00939325
0.00512908
0.0007443
0.00219379
0.00245098
0.00149421
0.00263587
0.0086513
0.00501225
0.00241654
0.00716363
0.00372315
0.00059243
0.00533774
0.0078342
0.000917171
0.0106311
0.0170607
0.00298251
0.00123579
0.00192453
0.0012894
0.0117947
0.00373801
0.00574535
0.00834799
0.0124953
0.00226322
0.00188036
0.00593138
0.0132475
0.00172993
0.000600217
0.00674925
0.00987759
0.00496341
0.00828391
0.00706594
0.00216489
0.00178322
0.00215515
0.00176366
0.000159707
0.000615185
0.00344536
0.00463782
0.00129669
0.0040579
0.00109933
0.0017373
0.00184392
0.0130169
0.0119434
0.00140468
0.00280927
0.00197173
0.00240152
0.0023936
0.00430347
0.002238
0.00517874
0.00307328
0.00361862
0.00213386
0.00454246
0.000892408
0.00878029
0.0164056
0.00905479
0.00943846
0.00145951
0.000791671
0.00143876
0.00173229
0.000722194
0.0045846
0.0014204
0.00656054
0.00423753
0.00216526
0.00149368
0.00454526
0.00311637
0.00170589
0.00357731
0.00225421
0.0020564
0.0023434
0.00110127
0.00528512
0.00742348
0.00756418
0.00479037
0.0135895
0.00190455
0.00109129
0.0028974
0.00698584
0.00194972
0.00345268
0.00183712
0.00178473
0.0037509
0.00343937
0.0133966
0.00716004
0.00535502
0.00384048
0.0116107
0.00339419
0.00364962
0.0035712
0.00273558
0.00450024
0.00127894
0.00264696
0.00169226
0.00716137
0.00116556
0.00721169
0.00239849
0.00257253
0.00339211
0.000998938
0.000741177
0.00185539
0.00408431
0.00206278
0.000792997
0.0042993
0.00493348
0.0010124
0.00103361
0.00163609
0.0020075
0.00132681
0.00291941
0.00382839
0.0087241
0.00979324
0.00154422
0.00411719
0.0193706
0.00144794
0.00334232
0.0030265
0.00102826
0.00158175
0.00181142
0.0037842
0.000604848
0.000509339
0.00713966
0.00552927
0.0151466
0.01621
0.00570783
0.00324289
0.0018057
0.0144332
0.000837913
0.00179138
0.00156335
0.00310405
0.00174043
0.00268271
0.00124661
0.000326436
0.0031617
0.00136751
0.00883102
0.00181491
0.00483224
0.00115943
0.000898126
0.00152676
0.00351489
0.00403678
0.00306847
0.00144948
0.00637496
0.00216147
0.00193598
0.00308371
0.0023268
0.00515507
0.000998594
0.00485698
0.000906123
0.003266
0.00785815
0.00186966
0.00221949
0.000462232
0.000630193
0.00626713
0.00451058
0.00202482
0.0116327
0.000467467
0.00415677
0.00246394
0.00186598
0.00294192
0.00180003
0.0319036
0.000639436
0.00551485
0.0016984
0.00378806
0.000873406
0.00370181
0.00192813
0.00301071
0.000492326
0.0168694
0.00223313
0.00564135
0.0029816
0.00272192
0.0181277
0.0105447
0.00609342
0.00547726
0.00146951
0.00431248
0.00279511
0.00138521
0.000730957
0.0102975
0.0046907
0.00251636
0.00490875
0.00473393
0.00241188
0.00484189
0.000296846
0.0193123
0.00382606
0.000423319
0.0053214
0.00482746
0.00177288
0.00295732
0.000529667
0.00145425
0.00559261
0.0155687
0.000794983
0.00345432
0.00716968
0.00463812
0.00185737
0.00224156
0.0127573
0.0059085
0.00060025
0.00442606
0.00329517
0.00605764
0.00169104
0.00733817
0.00355298
0.000950935
0.00473334
0.0016345
0.00199898
0.00548278
0.00297304
0.00735348
0.00130265
0.00632498
0.00248311
0.000425185
0.00140691
0.0013065
0.00587901
0.00409307
0.00729633
0.00509068
0.00261653
0.0035486
0.000801848
0.00204954
0.00290236
0.00336715
0.00432224
0.00154011
0.00650218
0.00407878
0.00183661
0.000999225
0.00359153
0.00317423
0.00257209
0.00147072
0.00196342
0.00718729
0.00181994
0.00480131
0.00296669
0.0109116
0.00215372
0.0169779
0.00183019
0.00341235
0.00233296
0.00126771
0.00343875
0.00357813
0.00439041
0.0082494
0.00445145
0.00106973
0.0030795
0.00178837
0.00176173
0.00499735
0.0121079
0.00329314
0.0046456
0.00356415
0.000810056
0.000531845
0.00490021
0.00568853
0.00425925
0.00180716
0.00135395
0.00433967
0.00237662
0.00429652
0.00113808
0.00651045
0.00114388
0.000788567
0.00492487
0.00178082
0.00346281
0.002455
0.0010922
0.000451233
0.00218065
0.00154075
0.00727592
0.00677299
0.00830517
0.00446977
0.00213938
0.00285841
0.00829924
0.0138164
0.0182068
0.000794461
0.00100589
0.000808437
0.00135991
0.00369653
0.00322498
0.0041757
0.00111411
0.0033861
0.0018301
0.00222325
0.00137206
0.0018989
0.00195747
0.00215352
0.00452109
0.00476362
0.00131428
0.00793061
0.00171579
0.00348028
0.0260378
0.00492742
0.00131985
0.00312275
0.00317427
0.00470657
0.00682215
0.00141749
0.000953557
0.00635577
0.00308626
0.00117422
0.0262429
0.00332347
0.00310745
0.00163464
0.00574445
0.00379349
0.0010396
0.00538075
0.00335783
0.00161915
0.00836916
0.00124101
0.00186277
0.00156906
0.000932811
0.00200494
0.00921958
0.00144598
0.000956207
0.00431529
0.010482
0.000639538
0.00154944
0.00199731
0.00271318
0.000907286
0.00182261
0.00243796
0.0120711
0.00233645
0.000700112
0.00375519
0.00195616
0.00158731
0.00855408
0.00263729
0.0067993
0.00461864
0.00118313
0.0034754
0.00967461
0.00561366
0.00166088
0.0131614
0.0043878
0.00745696
0.00381984
0.0084486
0.00634644
0.00232788
0.00481552
0.00311737
0.00248515
0.0148786
0.000569285
0.00245812
0.00168504
0.00127823
0.00285663
0.00563792
0.0167698
0.00151434
0.000636947
0.00198476
0.00654961
0.00282358
0.00163473
0.0022986
0.0021336
0.00420902
0.00114188
0.00296454
0.0105483
0.00516092
0.00358714
0.00296175
0.00282618
0.00233689
0.00594762
0.00036159
0.015751
0.00129509
0.01723
0.00291962
0.0109574
0.00865045
0.000509005
0.00418942
0.00487024
0.00153323
0.00120759
0.00269874
0.00220809
0.00466299
0.00511652
0.00714065
0.00255745
0.00136985
0.00415877
0.00149208
0.0117449
0.00165932
0.00111753
0.00450773
0.0022086
0.00487442
0.00125188
0.00118605
0.00232019
0.00096192
0.00391769
0.000790731
0.000970719
0.0174901
0.00770349
0.0076038
0.00327198
0.000871566
0.00348831
0.00194439
0.00156605
0.00513039
0.00225823
0.00214881
0.00200607
0.00091582
0.00824391
0.00786336
0.0065231
0.0011672
0.00403796
0.00100485
0.00148554
0.00798116
0.00519898
0.0109583
0.00138541
0.00357053
0.0173732
0.00470969
0.00807721
0.00128422
0.000766249
0.00802013
0.00276597
0.00275653
0.00218128
0.00787477
0.0080355
0.000931907
0.0149148
0.000889481
0.00354813
0.00318327
0.000560993
0.0047053
0.00301452
0.0273113
0.0104913
0.00223453
0.000476772
0.00202252
0.0032086
0.000935535
0.00390235
0.00225108
0.0012273
0.00122346
0.00259057
0.00782555
0.00126294
0.0031722
0.000547346
0.00257943
0.00191224
0.000773703
0.00493311
0.00138447
0.0157285
0.00492153
0.00414328
0.0019049
0.00448894
0.000898553
0.00153603
0.00700549
0.000967349
0.00504136
0.000920014
0.000983998
0.000677049
0.00938963
0.00143796
0.0073741
0.000712127
0.00134005
0.00899904
0.00449319
0.00346627
0.00994239
0.000832335
0.00119347
0.0025145
0.00132562
0.00211974
0.00568516
0.00899121
0.00173644
0.0023939
0.00188662
0.00410468
0.00898987
0.00307098
0.00313142
0.00162662
0.00287793
0.00648809
0.00162494
0.00089074
0.00370277
0.00316971
0.00454164
0.00275696
0.00308781
0.00202581
0.015127
0.0142214
0.00376792
0.0169778
0.00238029
0.00248017
0.00140177
0.000754659
0.000883354
0.00720123
0.000809452
0.01306
0.00130667
0.00406507
0.00118744
0.00381161
0.0020349
0.00222382
0.00108046
0.00552623
0.00559945
0.00248316
0.00692931
0.00483647
0.00841126
0.00230263
0.00263371
0.0115579
0.000995145
0.00372115
0.00338225
0.00482711
0.0155867
0.00664134
0.00705605
0.00269247
0.00426597
0.00371199
0.00532539
0.000601977
0.00495585
0.00457944
0.00214631
0.00278597
0.00646841
0.00202281
0.00134842
0.0110422
0.00272623
0.00229736
0.00240179
0.00388591
0.00613237
0.00207307
0.0045505
0.00197231
0.0116922
0.00160565
0.00624427
0.00312007
0.0013315
0.00113203
0.00220514
0.000688784
0.00556073
0.0023228
0.000561239
0.00412679
0.0101624
0.0273159
0.00437171
0.00112243
0.00354556
0.00120513
0.00212036
0.00329946
0.00738809
0.000825902
0.00217086
0.00120462
0.00201321
0.00406138
0.00200275
0.000500362
0.00193424
0.00164004
0.00247365
0.000631887
0.00194108
0.0121726
0.00224689
0.00151397
0.00172775
0.0037231
0.0206474
0.0027234
0.0098459
0.00115129
0.00362446
0.00144446
0.000282294
0.0029043
0.00023672
0.00752653
0.0051438
0.00216041
0.00292268
0.0073394
0.00180008
0.00754882
0.00386282
0.00285883
0.0057493
0.00105143
0.00117037
0.000967061
0.00148948
0.00129166
0.00569604
0.00140509
0.00370368
0.00743234
0.000953556
0.00272507
0.0130237
0.00382058
0.00214247
0.00314931
0.00313545
0.00215345
0.0120267
0.00543217
0.000742792
0.00232432
0.000847227
0.00350691
0.000921623
0.00164044
0.00367136
0.00305864
0.00318758
0.00281864
0.000922741
0.00339947
0.00439385
0.00757021
0.00114712
0.00442258
0.00595074
0.00291612
0.00360803
0.00309487
0.00723183
0.0102467
0.00121611
0.00451926
0.000861294
0.00370392
0.000531337
0.00227005
0.00212263
0.00132619
0.00188848
0.00736402
0.00100931
0.00204956
0.00106555
0.00554945
0.00216407
0.000858252
0.00348314
0.00372918
0.00442286
0.0037265
0.0011188
0.00473097
0.000935634
0.00202278
0.00265654
0.00828695
0.00179324
0.00230861
0.00452442
0.00300161
0.00189112
0.0027849
0.00181263
0.014618
0.00353358
0.00441379
0.00717018
0.00217006
0.00102093
0.00329211
0.00131167
0.00356282
0.00240472
0.00515439
0.00276087
0.0046192
0.00127064
0.00557875
0.00246111
0.00205795
0.00234151
0.00389982
0.00366795
0.00891077
0.00744111
0.00499251
0.00297913
0.00266497
0.0011307
0.00557469
0.000913393
0.00571067
0.00118993
0.0117812
0.00551285
0.00333754
0.00290484
0.00329421
0.00131678
0.00356278
0.0073003
0.0110174
0.00172656
0.00290403
0.00704148
0.00142133
0.00283967
0.0154444
0.00849561
0.00352628
0.00552294
0.00146131
0.00234666
0.00241159
0.00389386
0.00226546
0.00541228
0.000846669
0.00388338
0.00923238
0.00130758
0.00208408
0.00173444
0.000925601
0.00345399
0.00147859
0.00143559
0.00536319
0.00115634
0.00811736
0.00238563
0.00941101
0.001737
0.0120811
0.0016002
0.00418357
0.0058288
0.00380112
0.00289419
0.0127583
0.00632787
0.000875029
0.000868748
0.00514096
0.00232715
0.00804562
0.00154115
0.00508558
0.00920485
0.000363838
0.00204978
0.00131878
0.0013684
0.00260541
0.00728073
0.00418464
0.000871485
0.00269095
0.00423169
0.00103342
0.00325887
0.00840644
0.00254818
0.00218869
0.00481086
0.0010693
0.00170381
0.00138311
0.000663606
0.00794413
0.005313
0.00559437
0.00594691
0.00113987
0.00491563
0.00273261
0.00243354
0.000961106
0.00158153
0.00393248
0.00319623
0.00341537
0.00889673
0.0036498
0.00400066
0.00248153
0.00163951
0.00343826
0.00251671
0.0032611
0.00445654
0.00556206
0.0112688
0.00198913
0.00880487
0.00272279
0.00450043
0.001428
0.00399351
0.00440043
0.00236807
0.00108877
0.000737902
0.00356592
0.00146518
0.00811714
0.00103337
0.00130531
0.00341046
0.00849151
0.0044565
0.00327757
0.00259
0.00446257
0.0038485
0.00128997
0.000898807
0.00556034
0.00160327
0.00657423
0.00420977
0.000931476
0.00262983
0.00601142
0.00478707
0.00293371
0.00122114
0.00115805
0.00541355
0.00172683
0.00277757
0.00727426
0.00464479
0.00544647
0.00177639
0.00599883
0.00247257
0.00304393
0.00823099
0.00277374
0.00259704
0.000965638
0.00256187
0.00570351
