0.00162606
0.00527557
0.00300198
0.00105299
0.00402678
0.00159025
0.00551253
0.0103242
0.00133378
0.00124066
0.00124856
0.012486
0.00284241
0.00242613
0.00551224
0.0098794
0.00741803
0.0028661
0.00426709
0.0045487
0.00179423
0.00337932
0.00182407
0.00567858
0.00516766
0.00139223
0.00465907
0.014016
0.00164172
0.00149861
0.00503249
0.00143413
0.000561041
0.00228611
0.00444431
0.00145716
0.00215809
0.0011252
0.00197899
0.000638309
0.0181364
0.00089381
0.00312924
0.00493679
0.00184213
0.00112412
0.00210657
0.00104309
0.00286693
0.00381148
0.000552222
0.00295852
0.0015104
0.00179828
0.00120925
0.00475868
0.00138335
0.00295084
0.000842234
0.00320633
0.00120953
0.00177704
0.00123333
0.000928184
0.0019132
0.00588401
0.0025618
0.00154339
0.00123625
0.00606062
0.00324572
0.00116556
0.00376944
0.00340084
0.00560748
0.0031037
0.000970059
0.00146652
0.0041102
0.00254
0.00163365
0.0047106
0.00171722
0.00181937
0.00320986
0.00810782
0.00153051
0.000859221
0.00277796
0.00831846
0.00120367
0.0028221
0.00905242
0.003347
0.0017877
0.00226211
0.00321264
0.00159952
0.00326254
0.00591692
0.00375046
0.00411219
0.00229146
0.00369623
0.00290704
0.000544637
0.00287912
0.00467992
0.00123926
0.0022266
0.00383885
0.00429583
0.00426891
0.00229952
0.00178171
0.00162834
0.00291408
0.00524982
0.00293154
0.00319837
0.00413836
0.0295455
0.00244927
0.00157585
0.00537775
0.00210477
0.000857924
0.00165126
0.00424301
0.0021875
0.00220379
0.00289877
0.00430393
0.00324391
0.000694155
0.00151324
0.000903833
0.000833642
0.000805421
0.00561277
0.00109854
0.00176987
0.0022322
0.0027275
0.00179927
0.0132143
0.0102727
0.0012572
0.00229196
0.000523224
0.0103743
0.00284031
0.000857023
0.00467285
0.00225417
0.00277098
0.000343367
0.00223491
0.00165889
0.00376231
0.0158849
0.000914102
0.0131467
0.00259634
0.0126738
0.000278608
0.00052256
0.00219681
0.00137255
0.00217551
0.00164148
0.00240398
0.00302414
0.00127753
0.00273299
0.00766475
0.00455011
0.00332201
0.000970289
0.00177399
0.00281567
0.00433953
0.00094325
0.000874167
0.00745138
0.00246699
0.00494892
0.0019863
0.000424918
0.000161504
0.0016998
0.00199437
0.000862811
0.00175348
0.0073894
0.00641343
0.00354425
0.00141783
0.00978084
0.0115691
0.00176015
0.00230795
0.00103274
0.00152765
0.00184063
0.00247497
0.00346717
0.00297301
0.00307631
0.00391268
0.00228698
0.00177985
0.000882059
0.000866111
0.00156358
0.0058794
0.00247663
0.000823573
0.0233863
0.00538156
0.00269273
0.00196786
0.00243872
0.000580086
0.00143506
0.00181818
0.00392265
0.00278521
0.00167575
0.00133885
0.00101693
0.00164139
0.00206667
0.0105586
0.0015835
0.00291524
0.00127729
0.00206302
0.000738873
0.00115607
0.00178311
0.00358633
0.000628012
0.00313786
0.00246398
0.00201498
0.000460995
0.00125672
0.00268327
0.00142126
0.00324719
0.004172
0.00510596
0.00394756
0.00393222
0.00109045
0.00169307
0.00143184
0.00526787
0.0084009
0.0056919
0.00377915
0.000688192
0.00128639
0.00115606
0.00302264
0.00473176
0.00110098
0.0051285
0.00133177
0.00120148
0.000331571
0.00250743
0.00382584
0.00130343
0.00370707
0.0020219
0.00452201
0.00136855
0.00151185
0.00281265
0.00386466
0.00302087
0.00283005
0.00313096
0.00836437
0.0084838
0.0136019
0.0027247
0.000661645
0.00359281
0.00282617
0.00544723
0.000529365
0.00316049
0.000834092
0.00303944
0.00425146
0.00320251
0.00460323
0.00172035
0.00221601
0.00865345
0.01572
0.00471801
0.00606667
0.00387169
0.00172165
0.00108831
0.00515065
0.00121055
0.00290484
0.0025125
0.00184508
0.0029332
0.00614499
0.00203409
0.00141839
0.00152396
0.00177599
0.000769556
0.00238992
0.000690309
0.000975746
0.0021548
0.000650313
0.00269101
0.00179116
0.0120336
0.00243959
0.00502507
0.00294509
0.00214036
0.00112785
0.0023976
0.00290913
0.00196489
0.00407214
0.000879653
0.00167245
0.000585491
0.00235569
0.000721089
0.00344158
0.00214297
0.00152444
0.00110166
0.000758172
0.00349529
0.00504907
0.00101735
0.00370369
0.00870302
0.000677609
0.0039856
0.000850318
0.00297066
0.00240517
0.000560652
0.00632482
0.00199617
0.000782671
0.00374906
0.00532742
0.00191997
0.00458467
0.000877031
0.00452928
0.000880988
0.00929477
0.00323399
0.0012584
0.0155334
0.00541896
0.00976052
0.0023599
0.00835427
0.00413316
0.00419454
0.00709773
0.00431995
0.00632427
0.00841226
0.00236059
0.00560479
0.00306902
0.00533449
0.00122543
0.0040742
0.000280046
0.000806954
0.00220745
0.0022309
0.00377224
0.00671798
0.0059353
0.00229857
0.00346749
0.00338202
0.00247228
0.00550423
0.00449527
0.0111881
0.00213751
0.00501235
0.00486289
0.00395208
0.000536834
0.0100464
0.000857599
0.0025372
0.00595113
0.00227557
0.00109339
0.00241964
0.0019605
0.00447203
0.00395036
0.000425416
0.00425698
0.005773
0.00413872
0.00344933
0.00165471
0.00104081
0.00249304
0.00126553
0.000995467
0.000823019
0.00334164
0.000842029
0.00194929
0.0022126
0.00129878
0.00435689
0.00215968
0.00126128
0.00268108
0.0093977
0.00637125
0.00310371
0.00856
0.00146836
0.00161847
0.0023292
0.00157331
0.0030454
0.00411197
0.00219333
0.00136283
0.0041844
0.00135747
0.000475985
0.000754072
0.0122241
0.0012099
0.00115409
0.00475498
0.00593715
0.00245548
0.00232966
0.0011179
0.00678047
0.00163514
0.00271379
0.00471861
0.00120412
0.00338355
0.00394298
0.00558113
0.00224804
0.002543
0.00488132
0.00176831
0.00728548
0.001303
0.00174516
0.00465599
0.00740623
0.00130438
0.00480259
0.00485632
0.00194576
0.00365728
0.000729192
0.00417775
0.004824
0.00190351
0.00249347
0.00371676
0.00136786
0.00201116
0.00327956
0.00230204
0.00139934
0.00167975
0.00528184
0.00109018
0.00175916
0.00379758
0.00326691
0.000655139
0.0168187
0.0033322
0.00416965
0.00388394
0.00462411
0.00433322
0.0036581
0.00142552
0.00497888
0.00376687
0.00321676
0.000907693
0.000832109
0.00762896
0.00310087
0.00263839
0.000445291
0.00395656
0.000462788
0.00548271
0.00255853
0.00327505
0.00385506
0.00136938
0.00255033
0.00509953
0.00273744
0.000789661
0.00210142
0.00497924
0.00544321
0.000806858
0.0015978
0.000831262
0.00157619
0.00143832
0.00304911
0.000931843
0.00269974
0.00121031
0.0072382
0.00654428
0.00699321
0.0154639
0.00251258
0.000475451
0.00285632
0.00140379
0.000965942
0.00329912
0.00584683
0.00213681
0.00112651
0.00678511
0.00692581
0.00437454
0.00079835
0.00219146
0.00274627
0.00165645
0.00669583
0.0029223
0.00258468
0.00134788
0.00136364
0.00427458
0.00274334
0.00264786
0.00694489
0.00329392
0.00449328
0.00801467
0.00244721
0.000225078
0.00197075
0.0011327
0.00565619
0.000253039
0.00603179
0.00110573
0.00157545
0.0020472
0.0064614
0.000973187
0.00276085
0.00299555
0.00291822
0.00374202
0.0032071
0.00266788
0.0150537
0.0014021
0.00264743
0.00234067
0.00322065
0.00285239
0.00514783
0.0044136
0.00112079
0.00549902
0.00383932
0.00306944
0.0052575
0.00156621
0.000985752
0.0011691
0.00398666
0.000617796
0.00308026
0.00477242
0.00534634
0.00115424
0.00976784
0.00302842
0.00502133
0.0086452
0.00106776
0.000508083
0.00508871
0.00971616
0.00210427
0.00277939
0.004261
0.000987808
0.00199086
0.00725321
0.00120329
0.00340783
0.00386141
0.0020553
0.00146829
0.00315589
0.00374508
0.00384907
0.00338533
0.0025005
0.00264687
0.00322416
0.00215774
0.00161913
0.00323065
0.00269206
0.00183252
0.00688398
0.00261034
0.000998494
0.00206814
0.00272104
0.00461261
0.00153661
0.0036714
0.00165744
0.00183278
0.00299298
0.00294951
0.00301306
0.00536185
0.00271999
0.00291926
0.000951872
0.000251593
0.00180852
0.00718664
0.000640629
0.00233401
0.00291583
0.00201051
0.00226219
0.00594369
0.00486295
0.00605751
0.00408736
0.0020153
0.0012114
0.00164039
0.000772237
0.00323059
0.00166488
0.004392
0.00210318
0.00409273
0.00124483
0.00141049
0.0144748
0.00627361
0.00287026
0.00299466
0.00229356
0.00194699
0.00312395
0.00335423
0.00336335
0.00193032
0.00083482
0.00160851
0.00410251
0.00466314
0.000658525
0.00167901
0.00134576
0.000627775
0.00530904
0.00511842
0.00359505
0.00112175
0.00411482
0.00377233
0.00244421
0.00108142
0.00306951
0.00295445
0.00491336
0.00392651
0.00282845
0.00148573
0.00147655
0.0050459
0.00104391
0.00851726
0.0033048
0.000874842
0.00283454
0.00517785
0.0039917
0.00264002
0.00364572
0.00186036
0.00438593
0.00130508
0.00554593
0.00103151
0.00179715
0.00352511
0.00244237
0.00218449
0.000550469
0.00556286
0.00245079
0.00179267
0.00129138
0.00111608
0.000439073
0.0082504
0.00170184
0.00366891
0.00272174
0.00587875
0.00341409
0.00386953
0.000615563
0.00478688
0.000399731
0.00129863
0.00361995
0.00386494
0.00256704
0.00310094
0.00226135
0.00021455
0.0014463
0.00573215
0.00312711
0.00331223
0.00157623
0.000533066
0.00193461
0.00678678
0.00237712
0.0123868
0.00153926
0.00198401
0.0197855
0.00333217
0.00140256
0.00319227
0.00741542
0.0014687
0.00470197
0.00235016
0.00462681
0.00136459
0.00131129
0.00848031
0.00428075
0.00316797
0.00404919
0.00214761
0.00177831
0.00310486
0.00399417
0.00689787
0.00135594
0.000205413
0.000552772
0.00031446
0.00199676
0.00503049
0.00162582
0.00405341
0.00263408
0.0050045
0.00541621
0.00127466
0.00267338
0.00151594
0.00192676
0.00389628
0.000888907
0.00226001
0.00130542
0.00351907
0.00196136
0.00209221
0.00218588
0.00093019
0.00405863
0.00325982
0.0063428
0.0139303
0.00224446
0.00378018
0.00273043
0.00109947
0.0024574
0.00253972
0.00201999
0.00239945
0.00425237
0.00433705
0.00336987
0.00601896
0.00130046
0.0044378
0.00229524
0.00167322
0.00283521
0.00381275
0.00119862
0.00681661
0.000393671
0.00969844
0.00041715
0.00265476
0.00641694
0.00354182
0.00210615
0.00247861
0.00188633
0.00242955
0.00361216
0.00191385
0.000935049
0.0029338
0.00126803
0.000660528
0.000856667
0.00305493
0.00455341
0.00192492
0.00174683
0.0015282
0.0039153
0.00425652
0.00663417
0.000153532
0.000639099
0.00192894
0.000398683
0.00303089
0.000832308
0.00277813
0.00147808
0.0032305
0.000893646
0.00731901
0.00602764
0.00273084
0.00272322
0.00438112
0.00172832
0.00202689
0.00179976
0.00412801
0.00164232
0.00197643
0.000364003
0.00343072
0.00285275
0.000911873
0.00116184
0.00149481
0.000398444
0.00171233
0.00412749
0.00110243
0.00156979
0.00327657
0.0046948
0.00265461
0.00292328
0.000229446
0.00195204
0.00184437
0.00865109
0.000242972
0.000883848
0.00275363
0.00574374
0.00110844
0.00361709
0.000389396
0.00304492
0.00461735
0.00188254
0.00495012
0.00297093
0.00256238
0.00167334
0.00194653
0.00160557
0.00807479
0.00413033
0.00101877
0.00938414
0.00153983
0.0005769
0.00249368
0.00240497
0.000852143
0.00429747
0.0074862
0.00625154
0.00306098
0.00248863
0.00184098
0.00191798
0.00111961
0.00678119
0.00314041
0.0167569
0.00175376
0.00113302
0.00067776
0.00286367
0.00347493
0.00957879
0.00146151
0.00322272
0.00182702
0.00215915
0.00276348
0.00529093
0.00152384
0.00456874
0.00323286
0.00378903
0.00207963
0.00241694
0.00143109
0.00397814
0.00192684
0.00226014
0.000907954
0.00559413
0.00382555
0.0016517
0.0108222
0.00810009
0.0036442
0.000627908
0.000791649
0.00216734
0.00416842
0.005223
0.00527916
0.000759555
0.00286113
0.00247874
0.00859832
0.0047384
0.00451369
0.00247729
0.00368534
0.00224959
0.00115397
0.0120405
0.00412775
0.00849589
0.00281766
0.000733369
0.00330663
0.00140155
0.00145172
0.00267021
0.000563266
0.000932302
0.00188896
0.00312323
0.00203552
0.00231828
0.00109924
0.00251491
0.00177192
0.0059353
0.00388707
0.00378425
0.000691376
0.00171041
0.00120678
0.00198014
0.00155888
0.00169852
0.00360741
0.000924946
0.001071
0.00348187
0.00427547
0.00112924
0.00214109
0.00423986
0.00785999
0.00285136
0.00321794
0.00141298
0.00356768
0.00204459
0.00244671
0.00211578
0.000689184
0.00121791
0.00280796
0.00178721
0.00354713
0.00351147
0.000981171
0.00189087
0.00180903
0.00253982
0.00601569
0.00202361
0.00117292
0.00240287
0.00133361
0.00110647
0.00705451
0.00213218
0.00262002
0.00390155
0.00153632
0.000313721
0.00103913
0.00583898
0.00119905
0.00316336
0.00336023
0.0054967
0.00218686
0.000879047
0.000762589
0.000935656
0.00563485
0.00279774
0.0151203
0.00195542
0.00235037
0.00154732
0.000432269
0.00218491
0.00794024
0.00236259
0.00166466
0.001001
0.00112371
0.00201331
0.00429925
0.0033711
0.00818756
0.0103587
0.00288935
0.00114831
0.00259779
0.0294585
0.0025
0.00209269
0.00179683
0.00180426
0.00454402
0.00149582
0.00225419
0.00358669
0.00703551
0.0035033
0.00243694
0.00236676
0.00195038
0.000939228
0.00853368
0.0168579
0.00203505
0.00910135
0.00173898
0.0106577
0.00141565
0.00106772
0.00279476
0.00157061
0.00244045
0.00217865
0.000598552
0.00178803
0.00239695
0.00108043
0.00350763
0.00473742
0.00306708
0.00121598
0.00212572
0.00192448
0.0102732
0.00154795
0.00207491
0.00475496
0.00377504
0.00910362
0.00182272
0.00574214
0.00389946
0.00773842
0.000942715
0.00205776
0.00205186
0.00207689
0.00252408
0.000407936
0.00373498
0.00549189
0.00220581
0.00153216
0.00345432
0.00216089
0.0112904
0.00302591
0.00408997
0.00202026
0.00511314
0.00546267
0.00791269
0.00205221
0.00474214
0.00173419
0.00529422
0.00276664
0.00302613
0.00447132
0.00067497
0.00742186
0.00234258
0.00398077
0.00139872
0.00148371
0.00145655
0.00454516
0.00106958
0.00542064
0.00691593
0.000838953
0.00217285
0.00491513
0.0014196
0.0012201
0.00679472
0.000417559
0.00123271
0.00399221
0.00164677
0.00263413
0.0106404
0.00247809
0.00282825
0.000699963
0.00310429
0.00217462
0.00197247
0.00264126
0.00258952
0.0030866
0.00342461
0.00141001
0.00200695
0.000223499
0.00165768
0.00527931
0.00100195
0.0110116
0.00915696
0.00163971
0.0015697
0.00110771
0.00637852
0.00533936
0.00278069
0.00247108
0.00527178
0.00252791
0.00135109
0.00674403
0.00276416
0.00369082
0.00176217
0.00336676
0.00176403
0.000755596
0.00719133
0.00141388
0.00298883
0.00238712
0.00587957
0.00359726
0.00283436
0.00114241
0.00621076
0.0089666
0.00321155
0.00463739
0.000848983
0.000656842
0.00199141
0.00184644
0.000875996
0.00310853
0.00231889
0.0102831
0.00275176
0.00239327
0.00196333
0.00383097
0.00218886
0.00482095
0.00245842
0.000984639
0.00138163
0.00183401
0.00543344
0.00302045
0.00406274
0.00244551
0.00448349
0.00247776
0.00312389
0.00293652
0.00167452
0.00139762
0.00431978
0.000846192
0.00183688
0.00115969
0.0013309
0.00671281
0.00340265
0.000319167
0.00215364
0.00130278
0.00129638
0.00785656
0.00502975
0.00426123
0.0260227
0.000917381
0.00160624
0.00523284
0.00214498
0.00330657
0.00271446
0.0111928
0.00254635
0.00122718
0.000671135
0.00749618
0.00756033
0.00288058
0.00251575
0.00182626
0.00234815
0.000252057
0.00258735
0.00658092
0.00142764
0.0030622
0.00487251
0.00117372
0.00599379
0.00159668
0.00247569
0.00555919
0.0068089
0.00501485
0.00666449
0.00525951
0.00460033
0.0025012
0.000430467
0.00151804
0.00158232
0.00406017
0.00115455
0.00234261
0.00238493
0.00262148
0.00317385
0.000971428
0.00221085
0.00395446
0.00159563
0.0123008
0.00134833
0.000847617
0.00189922
0.00430221
0.0043932
0.000508564
0.00228037
0.00352663
0.00411148
0.00654516
0.00203721
0.00128129
0.00358
0.00308244
0.00161286
0.00250329
0.00275577
0.0017172
0.00375615
0.00604794
0.00204293
0.000347857
0.00242791
0.00263027
0.00377052
0.00194741
0.000636473
0.00158591
0.00590802
0.00147069
0.00150298
0.00477314
0.000832817
0.00218666
0.00203376
0.00107069
0.00310716
0.00416914
0.00572063
0.00151289
0.00382242
0.00430427
0.00142663
0.00898825
0.00449339
0.0051123
0.00215152
0.00110441
0.0020955
0.00348942
0.00897443
0.00239402
0.0026698
0.00480835
0.000184976
0.00480593
0.00258972
0.00301998
0.00064303
0.00131707
0.000921678
0.000897304
0.00332465
0.00213988
0.0018957
0.00170967
0.000796412
0.00579486
0.00180779
0.00527103
0.00371692
0.000828403
0.00143244
0.000978461
0.000959217
0.00372195
0.0028442
0.00148842
0.00319725
0.00625319
0.00114315
0.00107656
0.00131587
0.00128203
0.00274152
0.00623769
0.000958405
0.00204717
0.00750575
0.00187586
0.000344574
0.00361984
0.00302054
0.0056829
0.00380685
0.00142473
0.00224816
0.00540394
0.00349144
0.00420179
0.00459763
0.00418516
0.00191629
0.00378567
0.000857788
0.00390575
0.00343058
0.00435805
0.00445522
0.00130843
0.00370792
0.00514195
0.00741377
0.00341232
0.00297391
0.00841441
0.000970272
0.00138102
0.00149932
0.00101233
0.000743291
0.00353942
0.00120723
0.00436065
0.00346689
0.00220271
0.000325596
0.000999509
0.00151066
0.0132779
0.00602123
0.0035173
0.0107488
0.00239403
0.00361756
0.000528257
0.00318503
0.000653075
0.00123573
0.00182082
0.00104761
0.00128728
0.00178907
0.00151849
0.00197399
0.0014017
0.000867187
0.00248391
0.00129544
0.00295781
0.00202895
0.00354272
0.00400726
0.00718187
0.00269018
0.00274724
0.0073149
0.00837643
0.003386
0.00131346
0.00124315
0.0029349
0.00413117
0.000873296
0.00276346
0.00267135
0.00507411
0.00517128
0.00872598
0.00515626
0.0011431
0.00431963
0.00323331
0.00126895
0.00157601
0.00494332
0.00318907
0.00268603
0.00501361
0.002987
0.00493995
0.000940419
0.00278895
0.00301683
0.0027462
0.0063793
0.00628801
0.00239961
0.00182968
0.00121933
0.00530297
0.00207937
0.00450904
0.00293376
0.00148864
0.00656193
0.00162409
0.0103443
0.00483554
0.0116867
0.00152903
0.00317842
0.00465474
0.00430474
0.00278136
0.00399596
0.00179664
0.00248162
0.00354871
0.00661322
0.00114831
0.00315077
0.00535631
0.000813892
0.00433991
0.00629592
0.00231431
0.00109613
0.00395668
0.00293401
0.00715776
0.00293544
0.00247716
0.00660869
0.00191619
0.0027579
0.00161297
0.0032789
0.0133085
0.00189538
0.0067483
0.00327976
0.00777261
0.000971465
0.00298976
0.00313471
0.00110108
0.00471115
0.00317135
0.0103407
0.00298325
0.000688364
0.00584013
0.00269879
0.00333031
0.00187693
0.00605884
0.00308126
0.0024539
0.00432964
0.00539025
0.00366401
0.00156552
0.00732861
0.00181734
0.000852362
0.00317049
0.00188604
0.000649096
0.00265286
0.00776013
0.0122337
0.00153296
0.0011934
0.00401516
0.000817673
0.000913879
0.00253444
0.00159828
0.00270983
0.00279602
0.00281271
0.00368537
0.00151732
0.00276801
0.00340238
0.00291265
0.000718451
0.00262544
0.00524378
0.000523029
0.00830857
0.00475153
0.00106382
0.00142972
0.00464287
0.00209726
0.00356746
0.00487033
0.000639651
0.00230432
0.00316541
0.000466348
0.00169916
0.0015065
0.00175275
0.000904224
0.00152678
0.00123009
0.00131567
0.00825974
0.0018618
0.00224811
0.00223643
0.0015605
0.00366917
0.00113424
0.00360949
0.00304698
0.00713907
0.00218678
0.000580463
0.00152907
0.0034883
0.00163701
0.000629256
0.00338345
0.00500033
0.00346738
0.00211686
0.00109742
0.000809503
0.00321675
0.00242345
0.00316889
0.000750122
0.00238236
0.00249831
0.00559094
0.0051038
0.00894127
0.00284802
0.000251254
0.00199167
0.00917701
0.00107333
0.0108305
0.00390684
0.0018286
0.00167816
0.00070177
0.00171814
0.00188431
0.00332604
0.000664368
0.00432547
0.00109432
0.000544871
0.00206236
0.00244427
0.00157104
0.0063913
0.00637414
0.00199165
0.00184737
0.000992373
0.00412293
0.00172406
0.00151218
0.00432108
0.00355626
0.00177263
0.00610406
0.00406361
0.00413399
0.00665986
0.000707252
0.00413889
0.00323415
0.00329022
0.00593783
0.00222819
0.00842984
0.00125633
0.00205887
0.00190499
0.0157211
0.00531607
0.00182981
0.00929481
0.0020545
0.00691775
0.00594606
0.00458042
0.00181724
0.00113772
0.0023279
0.00604352
0.00406683
0.000621917
0.00283336
0.00362227
0.00857197
0.00598026
0.00655035
0.00194303
0.00182693
0.00335309
0.00165731
0.0107452
0.00773983
0.00176237
0.00853645
0.00447979
0.000894511
0.00653549
0.00179762
0.0100606
0.000557745
0.00480825
0.0018384
0.00365025
0.0206639
0.00439323
0.00300067
0.00842956
0.00125655
0.000863494
0.00329366
0.0014083
0.0177943
0.0010306
0.0010928
0.00133827
0.00208164
0.0106652
0.00264898
0.00531137
0.000853879
0.00268828
0.00261988
0.00178363
0.000819907
0.00566329
0.00169112
0.00965154
0.00326076
0.00430348
0.00176354
0.00290823
0.00196237
0.00131861
0.0113163
0.000952219
0.000711277
0.00222557
0.000794318
0.00176354
0.00566751
0.000812929
0.00122294
0.000924211
0.00261934
0.00274261
0.00285475
0.000650234
0.00211392
0.00337027
0.000984051
0.00450409
0.000705382
0.000788415
0.00401583
0.00201884
0.00120178
0.014074
0.000336262
0.00463197
0.00649929
0.004085
0.00219533
0.00240164
0.00369529
0.000951869
0.00485544
0.00250747
0.00679619
0.0126585
0.00598822
0.000244554
0.00285611
0.00262207
0.00151654
0.00440742
0.000926167
0.00363028
0.00177527
0.0011862
0.0129772
0.0214522
0.0014212
0.00367818
0.00411973
0.00155286
0.000471761
0.00417286
0.017203
0.00263196
0.00263752
0.000898459
0.00466571
0.00821431
0.00260215
0.0027728
0.00159799
0.00104179
0.00347446
0.0044056
0.0052509
0.00160409
0.00287867
0.00142899
0.00540126
0.00282993
0.00163037
0.00218077
0.00105856
0.00714354
0.00474044
0.00126421
0.0104273
0.00270272
0.000585246
0.00079346
0.00082364
0.00300696
0.00108751
0.00252809
0.00299004
0.0166451
0.00200303
0.000657021
0.00396351
0.00144391
0.00583088
0.000878042
0.00143276
0.00784881
0.00255899
0.0019243
0.00204473
0.00128886
0.00614943
0.00141264
0.00260649
0.00417873
0.000551714
0.000573114
0.00419423
0.00223925
0.0024468
0.00276649
0.000684962
0.00220417
0.00550888
0.00447628
0.012105
0.00576652
0.00691964
0.00183621
0.00240867
0.00528776
0.00370274
0.00156521
0.00136211
0.00155129
0.00157576
0.00414987
0.0033071
0.00308156
0.00126079
0.00110998
0.00119705
0.00126845
0.0089852
0.000738896
0.00215579
0.00177925
0.00208469
0.00407029
0.00257384
0.00259907
0.00161184
0.0006294
0.00217392
0.00203576
0.0220697
0.00559753
0.00115521
0.00266248
0.00114982
0.000285966
0.00175278
0.0012132
0.00218523
0.00253481
0.000960363
0.00962602
0.00307424
0.00263542
0.00131399
0.00226928
0.00185003
0.00136594
0.00287854
0.0100386
0.00527251
0.00183975
0.00248837
0.00123334
0.00397226
0.00551372
0.00232077
0.00344908
0.00126648
0.00342208
0.00276173
0.00120033
0.000780209
0.00612661
0.000367216
0.00229833
0.00218407
0.00167824
0.00317781
0.00662676
0.0016328
0.0068474
0.00252601
0.00474831
0.00259892
0.00243458
0.0028623
0.00727857
0.00453567
0.00250808
0.00314327
0.00460893
0.00238711
0.000453441
0.00540049
0.00595149
0.00212087
0.00496106
0.00132779
0.00127082
0.00704921
0.0015544
0.00328022
0.00454694
0.00289047
0.000997761
0.00124275
0.00123095
0.00336812
0.00332421
0.00306082
0.0017597
0.00100743
0.00211463
0.00280319
0.000895046
0.00210221
0.00113956
0.00531938
0.00374883
0.00168253
0.00207833
0.00127068
0.00129134
0.000931853
0.00774771
0.00165558
0.000492121
0.00494243
0.00359336
0.00129798
0.00175417
0.00279904
0.00157481
0.00182006
0.00406648
0.00124448
0.00021942
0.00166978
0.00278749
0.00134451
0.0019615
0.00235211
0.0101413
0.0017166
0.000793882
0.00172988
0.00875038
0.00118608
0.00306837
0.00207571
0.000396928
0.00110083
0.00140655
0.00300283
0.00408001
0.00244762
0.00803193
0.00569905
0.002513
0.00677601
0.00148298
0.00450948
0.00147314
0.00124706
0.00306234
0.00126556
0.00109754
0.00537979
0.00107376
0.00317854
0.000817288
0.00201201
0.00110962
0.00250903
0.00355175
0.0024118
0.00448415
0.00387741
0.0019395
0.00100306
0.00166365
0.000737707
0.00329027
0.00310368
0.00233168
0.00983651
0.00192803
0.00252604
0.0026277
0.00100129
0.00152512
0.00347576
0.0103707
0.00182845
0.000706198
0.0120202
0.00359452
0.00110408
0.00248262
0.00231828
0.00257369
0.0103796
0.00169517
0.0028891
0.00120622
0.000794601
0.0037014
0.00177153
0.00118476
0.00786901
0.00243288
0.00326892
0.00187505
0.0023035
0.00157031
0.00239407
0.00180964
0.00606969
0.00129825
0.00112786
0.00271936
0.00518326
0.00149466
0.000916501
0.00147623
0.000642816
0.00327309
0.00577027
0.00181903
0.00358156
0.00269666
0.00698533
0.00619585
0.00386072
0.00296555
0.00273888
0.00639153
0.00293402
0.00392242
0.00306897
0.00153482
0.00376272
0.00308398
0.00797162
0.00365698
0.00161038
0.00775462
0.00305063
0.00121512
0.00100102
0.00312545
0.00537872
0.00451914
0.00521807
0.00247569
0.00197188
0.00243711
0.00178881
0.000990438
0.00556178
0.001203
0.000991146
0.00533513
0.00505953
0.00191292
0.00212283
0.00367429
0.00404292
0.00180921
0.0018039
0.00112761
0.00639289
0.00576912
0.00798777
0.00161315
0.00158812
0.00145856
0.00498918
0.00487587
0.00488568
0.0136426
0.000612082
0.000983552
0.00437242
0.00168703
0.00157208
0.0018549
0.00133347
0.00160283
0.000930912
0.00214829
0.00688782
0.00252305
0.00228014
0.00427597
0.00501707
0.000909359
0.00480069
0.000702432
0.00309007
0.00263861
0.00226109
0.000489252
0.00769716
0.00217771
0.00293865
0.000665123
0.0031567
0.00238235
0.00595807
0.00240601
0.00370761
0.00309788
0.00214681
0.00181217
0.000627876
0.000589868
0.00213074
0.00445256
0.000922613
0.00165129
0.000733782
0.0115026
0.000795912
0.00253983
0.000644518
0.0067988
0.00323082
0.00452069
0.00141766
0.000613699
0.00463426
0.00316038
0.0164113
0.00200828
0.00389448
0.000887232
0.00150752
0.00209876
0.00374121
0.0017188
0.0114278
0.00428059
0.00330398
0.00177828
0.00290718
0.00150644
0.00185695
0.023886
0.00323008
0.00209628
0.00255339
0.000917766
0.00178857
0.00349209
0.000710973
0.00483465
0.00442928
0.00143862
0.00132999
0.00233639
0.00357962
0.00144304
0.0029439
0.00371845
0.00336721
0.00699272
0.0023239
0.00148676
0.00201957
0.00016266
0.000990592
0.00352364
0.00129484
0.000666967
0.00178171
0.00228346
0.00262097
0.000774177
0.00219448
0.00295405
0.00137907
0.00198309
0.00443135
0.00619814
0.00151195
0.00193682
0.0068864
0.00160275
0.00346689
0.00158661
0.00154933
0.00202701
0.00630423
0.000727134
0.00555856
0.0045237
0.000243836
0.0075391
0.00269232
0.00291906
0.00413736
0.00246899
0.00497999
0.00600629
0.00218639
0.00209929
0.00216579
0.00131862
0.0116547
0.00230643
0.00138964
0.00646503
0.00454753
0.00101003
0.00166007
0.00084728
0.00269665
0.000717279
0.00310156
0.00299317
0.00408768
0.00336136
0.00595426
0.00266087
0.00229954
0.00125004
0.000756553
0.0110424
0.00340911
0.0158878
0.00453065
0.000937563
0.0057416
0.00116239
0.00230179
0.00134791
0.00134512
0.00518375
0.00704784
0.00540856
0.00132618
0.00824435
0.00276684
0.00123971
0.0036442
0.00281938
0.00123859
0.0137084
0.00242449
0.00484244
0.00583977
0.00252279
0.00238908
0.00162529
0.00344144
0.00536797
0.00406246
0.00265369
0.000416365
0.0106041
0.0030243
0.00295024
0.00542896
0.0169667
0.0100662
0.00243062
0.00111991
0.00455792
0.0141187
0.00303182
0.000965246
0.000579256
0.00371555
0.00110204
0.00226638
0.000905747
0.0012423
0.00122536
0.00273966
0.00166021
0.00448053
0.00607097
0.00124564
0.000396757
0.00377734
0.00230973
0.00122532
0.00490094
0.00135997
0.000605433
0.00504641
0.000261967
0.00336505
0.00167294
0.00301015
0.000215975
0.00125694
0.00340869
0.00741135
0.00191456
0.00120881
0.00226977
0.0043182
0.00152925
0.00424446
0.00795205
0.00557362
0.00294193
0.00797538
0.00110144
0.00302835
0.00213253
0.00351965
0.000793373
0.00527019
0.00127605
0.00688939
0.00362426
0.00387335
0.00240801
0.00228109
0.00321713
0.00783673
0.00163131
0.0022482
0.00467833
0.00225824
0.003796
0.00269671
0.0030476
0.00203286
0.0014766
0.00202951
0.000874725
0.00136179
0.00289886
0.00249465
0.00207142
0.00208115
0.00132469
0.00614586
0.0011842
0.00139757
0.00067696
0.00151025
0.00166525
0.00287897
0.00403384
0.00298237
0.00326445
0.00175378
0.000573867
0.0052069
0.000755476
0.000815517
0.00074438
0.002055
0.00496723
0.00139129
0.00202148
0.000504846
0.00180693
0.00132794
0.00233834
0.00279132
0.00554774
0.00375687
0.00343673
0.00226574
0.00170207
0.00364851
0.00873381
0.00271985
0.00616394
0.0128226
0.00179345
0.00716004
0.00177693
0.00429628
0.00497365
0.00162289
0.00380555
0.000717483
0.0065372
0.00301794
0.00246081
0.00330635
0.00175439
0.00268139
0.000589229
0.00372419
0.00305495
0.00572186
0.00140705
0.00423954
0.000560947
0.00222021
0.0121025
0.0100779
0.00267093
0.00224405
0.000884177
0.00217838
0.00586647
0.00520763
0.00240465
0.003317
0.00486789
0.00243398
0.00169334
0.0026171
0.00645963
0.0059445
0.00157037
0.0021685
0.00562533
0.00277734
0.00592001
0.00261407
0.00156367
0.00178074
0.00210868
0.00348666
0.00144765
0.0010711
0.00305726
0.000461774
0.00313257
0.00633958
0.00130796
0.00106459
0.00950865
0.000747717
0.000669898
0.000939037
0.00308252
0.0101219
0.0014759
0.000989731
0.00192664
0.00255246
0.000427396
0.00248161
0.00214073
0.00326673
0.00207716
0.00230655
0.00151332
0.0196202
0.00230208
0.000582981
0.000439171
0.00142592
0.00614372
0.00279511
0.00075579
0.00334348
0.00539862
0.000488964
0.00111302
0.00179193
0.00164282
0.00706215
0.00314631
0.005099
0.00201337
0.00321252
0.012705
0.00183628
0.00440463
0.00149531
0.00095426
0.0108017
0.0021388
0.00168001
0.00346618
0.0012785
0.00244668
0.00222529
0.00166902
0.000187413
0.000898706
0.00458374
0.0033702
0.00071406
0.000611227
0.00187647
0.00203925
0.00154732
0.005803
0.00456386
0.00193239
0.00147212
0.00142364
0.00207049
0.00704412
0.00201697
0.000434483
0.00124964
0.00112549
0.000150547
0.000680306
0.00190915
0.00216269
0.00194282
0.000511792
0.00138073
0.00451853
0.00204633
0.00543605
0.0101508
0.00119101
0.00113823
0.00298404
0.0035503
0.00413469
0.00219866
0.00165626
0.00410737
0.00100672
0.00298948
0.00240902
0.00114863
0.00137964
0.00245129
0.00132452
0.00730058
0.0019886
0.000688549
0.00240769
0.00346814
0.00107145
0.00306755
0.00301506
0.00549803
0.00125747
0.00267738
0.00385267
0.00555062
0.00635199
0.00437636
0.00447692
0.00282249
0.00565174
0.00131916
0.00240129
0.00181619
0.00242618
0.00108192
0.00219794
0.00157911
0.00184863
0.000319242
0.00179062
0.00182178
0.00212978
0.000378849
0.00268278
0.00046751
0.00165129
0.0033584
0.00475377
0.00194501
0.00230754
0.00183733
0.00298881
0.00261599
0.00038058
0.0037619
0.00285465
0.00173291
0.0028336
0.00282467
0.00123905
0.00189402
0.00470567
0.00483448
0.00162048
0.00329349
0.00460528
0.000633754
0.00842217
0.00149199
0.00672643
0.00317959
0.000594349
0.00235562
0.000725241
0.00581669
0.00137641
0.00286319
0.0028427
0.00318206
0.00434677
0.00245138
0.00121639
0.00494451
0.010844
0.00679093
0.00606085
0.00451401
0.00280816
0.00143815
0.00538092
0.00518704
0.00577477
0.00618638
0.00229213
0.0047781
0.00473018
0.00187093
0.000434217
0.00799532
0.00228644
0.00084964
0.000826481
0.0125536
0.00199221
0.0024714
0.00118169
0.000483544
0.000728581
0.00836045
0.00635943
0.00300369
0.00133434
0.00348058
0.00584116
0.00350866
0.00282
0.00169067
0.00142106
0.00191512
0.00623442
0.00558497
0.00383275
0.00177359
0.000804412
0.00204389
0.0030219
0.00117243
0.00949934
0.000279682
0.0059892
0.00276084
0.00193356
0.00255642
0.00289687
0.00191379
0.00194034
0.000787151
0.00181603
0.00205419
0.000605838
0.00102366
0.0014955
0.00425258
0.00102728
0.00297809
0.00175243
0.00188332
0.00554522
0.00188207
0.00222488
0.000581348
0.0058653
0.0022246
0.00170983
0.00342305
0.00150099
0.00757676
0.000594849
0.00128336
0.00298721
0.00100327
0.00446421
0.00155894
0.00167463
0.00057979
0.0101029
0.00130597
0.00194144
0.00195078
0.00114619
0.00181299
0.00354117
0.000651201
0.00141294
0.00133711
0.00307617
0.000538935
0.00167298
0.0015944
0.0135268
0.00085298
0.00155577
0.000422406
0.00098458
0.00198609
0.000895343
0.00327186
0.00594922
0.00258983
0.00344568
0.00759595
0.000439782
0.00141132
0.00141751
0.00271739
0.00163263
0.00133512
0.00307739
0.0020938
0.00314742
0.00489517
0.00496404
0.00156008
0.00223566
0.00371947
0.00639942
0.00338258
0.00220124
0.00100259
0.00421444
0.00206661
0.00310309
0.000621374
0.00334697
0.00795337
0.00350729
0.0135134
0.000743559
0.00159577
0.0018915
0.00391683
0.00159539
0.00341869
0.00640831
0.00364107
0.00217598
0.00494379
0.00485455
0.00154636
0.00223345
0.00129862
0.00238554
0.0028963
0.00103992
0.0017056
0.00119911
0.00211272
0.00223248
0.00205773
0.00131152
0.00289389
0.00521936
0.000842225
0.00146545
0.00217944
0.00417931
0.00177911
0.00134375
0.0127669
0.00324329
0.00179662
0.000921879
0.00313826
0.00177138
0.000987325
0.00318838
0.0014668
0.00266621
0.0021203
0.00140402
0.00019398
0.000853585
0.00129207
0.00494931
0.0022062
0.000737079
0.0029835
0.00183962
0.00485453
0.00383094
0.000903586
0.00326279
0.00154626
0.000614318
0.00188523
0.00262309
0.00736816
0.000880381
0.00734455
0.00302742
0.00166278
0.00138355
0.0056258
0.00478222
0.00161931
0.000818826
0.00106007
0.00470349
0.00970878
0.00341852
0.00185354
0.00456425
0.00251089
0.00299033
0.00465625
0.00235326
0.00476665
0.00388281
0.00054371
0.000805622
0.000761564
0.012069
0.00349089
0.00275893
0.00275737
0.00145548
0.00226734
0.00419248
0.00139111
0.00057658
0.00566943
0.00578183
0.00263054
0.00715912
0.0010608
0.00494447
0.000408728
0.00273009
0.0374247
0.00122078
0.00245984
0.00423904
0.0102967
0.00449422
0.0072323
0.00152931
0.00160751
0.00836371
0.00307388
0.00525987
0.00322949
0.00332294
0.00185964
0.00517973
0.00227963
0.00330575
0.00217357
0.0115084
0.0151504
0.00170026
0.00146065
0.00234221
0.00343765
0.00216056
0.00239473
0.00273259
0.00468287
0.00172139
0.00891077
0.00209152
0.0036616
0.00308553
0.000625257
0.00105176
0.00223813
0.00371222
0.00420442
0.00180451
0.00268777
0.00185383
0.00262379
0.00316057
0.000951938
0.00731789
0.00123373
0.00327255
0.00204777
0.00197028
0.00501589
0.000646217
0.000880972
0.00424873
0.00522468
0.00499274
0.00175034
0.00264699
0.00461748
0.00284656
0.00579852
0.0029853
0.00132955
0.00261616
0.00319718
0.00411756
0.00188051
0.00113519
0.000808614
0.00228617
0.0026924
0.00147702
0.00144637
0.00362565
0.0087119
0.00390343
0.00128967
0.01751
0.00757256
0.00305296
0.00271347
0.00294356
0.00184901
0.0135669
0.00211324
0.00338879
0.00450357
0.0048087
0.00205024
0.000978337
0.00304548
0.00291209
0.000980809
0.00494248
0.0109413
0.00113007
0.00423293
0.00309579
0.0010766
0.00266843
0.00840207
0.00208817
0.00181186
0.00196378
0.00118882
0.00515895
0.0024781
0.0189669
0.00170837
0.00253253
0.00344186
0.00209509
0.0021132
0.0017265
0.00757383
0.00328596
0.00486114
0.00153934
0.00392708
0.00434329
0.000938855
0.00250788
0.00492317
0.00130775
0.00207356
0.00180393
0.00783051
0.00331052
0.00279669
0.00373843
