0.00139446
0.0100902
0.00198018
0.00325709
0.0021356
0.00297395
0.00297632
0.00854627
0.00138143
0.00132236
0.0124209
0.000210025
0.00152929
0.000929806
0.000625948
0.00159811
0.00209904
0.0101091
0.00153923
0.00157381
0.00717349
0.00352894
0.00214474
0.00330955
0.00157411
0.00143714
0.0100678
0.00129425
0.00210491
0.00178859
0.00272617
0.00752127
0.0244981
0.00279098
0.0023004
0.00239963
0.0107618
0.000932315
0.000279075
0.0105373
0.001385
0.00333007
0.00171357
0.00611557
0.00161943
0.00208448
0.00334577
0.00105241
0.00365354
0.00141521
0.00323804
0.00146771
0.00258324
0.0300958
0.00225881
0.000657653
0.0216026
0.0040326
0.0052333
0.000819277
0.00116249
0.00690788
0.0021888
0.00113862
0.00171024
0.00106397
0.00504687
0.000880245
0.00387604
0.0087666
0.00513831
0.00140236
0.00443168
0.000821536
0.000939943
0.00466204
0.00120835
0.00907687
0.00257981
0.00958311
0.00120461
0.00460076
0.0014438
0.00414928
0.0122206
0.00276488
0.00205735
0.00453897
0.00136701
0.0102352
0.00126188
0.0023691
0.00755297
0.00506164
0.00324585
0.0219974
0.00125172
0.00374245
0.00359857
0.00250523
0.00167331
0.00229367
0.0143055
0.00105769
0.00103873
0.00598568
0.00542809
0.00405584
0.00196001
0.00368399
0.00143804
0.0049288
0.00145588
0.0037865
0.00346106
0.00636551
0.00185057
0.00207697
0.00154547
0.00114778
0.0119394
0.00206986
0.00362824
0.00163213
0.00125478
0.00467596
0.0044852
0.000593199
0.00222175
0.00709385
0.00155351
0.00119809
0.00487403
0.00548387
0.0037754
0.0039907
0.00315346
0.00341636
0.00424985
0.0079108
0.00259527
0.00393145
0.0060563
0.0006534
0.000531855
0.00441857
0.001635
0.000723193
0.00488064
0.00214962
0.00334938
0.00664953
0.00425942
0.00374827
0.00165509
0.00245889
0.00356444
0.000943046
0.00158712
0.00113509
0.00362505
0.00490624
0.00191922
0.00326052
0.00568392
0.00351173
0.00864341
0.00422257
0.00155412
0.00100689
0.00142831
0.000985054
0.00554502
0.00133656
0.00711737
0.00299965
0.00333495
0.00299418
0.0112904
0.00608969
0.00320418
0.000928478
0.00430186
0.00358794
0.0065837
0.00246933
0.00485142
0.0101953
0.00293137
0.00475663
0.00454633
0.00323163
0.00159719
0.00732671
0.0122315
0.000988538
0.00482314
0.00292279
0.00169755
0.00924391
0.0113978
0.00447848
0.0040244
0.00299253
0.000956732
0.000304664
0.00461174
0.00115494
0.00868846
0.00124652
0.00108694
0.00456438
0.00196111
0.00165981
0.0038235
0.00546704
0.00243811
0.00829209
0.00232249
0.00116994
0.00463359
0.0109396
0.00183275
0.00476751
0.00440237
0.0034551
0.00420984
0.00785125
0.00161218
0.000539479
0.00365225
0.00390209
0.00320574
0.000334334
0.00154887
0.00238589
0.00278775
0.00246091
0.00257787
0.00319938
0.0088706
0.000548441
0.0077706
0.0033224
0.00558508
0.0046133
0.00489648
0.00493336
0.018672
0.00402674
0.00276568
0.00136448
0.00130303
0.00167574
0.0062204
0.00345099
0.00142428
0.00355181
0.0114586
0.00354194
0.00187084
0.00287728
0.00452623
0.000633054
0.00483115
0.00201858
0.00264346
0.0073492
0.00200376
0.00736034
0.00166782
0.00508268
0.00223894
0.000847699
0.00803125
0.00477077
0.000718519
0.00430362
0.00185221
0.0112911
0.00433833
0.000410573
0.00594731
0.00318293
0.00150319
0.00241193
0.000398177
0.00813292
0.00927507
0.000953904
0.00198952
0.00111066
0.00581751
0.00219004
0.00376615
0.0044441
0.00122425
0.0241749
0.0017227
0.00318558
0.0022955
0.00363943
0.0015777
0.00847587
0.000932596
0.00739833
0.00283895
0.00432146
0.00315027
0.00355389
0.00526915
0.00172608
0.00134356
0.00190275
0.000975717
0.0198606
0.0025892
0.00616946
0.00231944
0.00266581
0.00151
0.00098982
0.00245802
0.00484293
0.00213501
0.00207501
0.00420379
0.00276225
0.00235874
0.00151472
0.00294109
0.00616009
0.00336562
0.00025847
0.00360401
0.00188192
0.00343355
0.0043512
0.00486911
0.00324814
0.00840966
0.00518545
0.000329541
0.000462149
0.00185525
0.00255535
0.00307788
0.00435443
0.00230453
0.0172529
0.00580079
0.00687497
0.00273247
0.0058113
0.00932465
0.00553681
0.00436073
0.0114219
0.00588005
0.0065336
0.000920803
0.00340203
0.000762185
0.00497604
0.00944532
0.00714639
0.00137515
0.00252025
0.0023282
0.00249018
0.00223678
0.00845773
0.00698421
0.00426306
0.00348552
0.00264901
0.0131197
0.00170804
0.00154318
0.00220944
0.00306317
0.0144674
0.00208021
0.0115158
0.0019838
0.00232315
0.0156894
0.00395644
0.00262374
0.00364994
0.0052214
0.00175788
0.000373755
0.00189694
0.00198935
0.0027803
0.00287055
0.0052213
0.0118979
0.00169593
0.00872016
0.00217642
0.0084663
0.00664607
0.00247717
0.00257715
0.00135093
0.00129219
0.00139098
0.00290097
0.00227513
0.00903563
0.00121883
0.00152781
0.00306831
0.00106604
0.0034782
0.00566853
0.00254374
0.0041191
0.00314359
0.000996329
0.00530141
0.00279964
0.00329126
0.0008304
0.00364229
0.00720767
0.00394242
0.0056367
0.00465191
0.0016502
0.000553953
0.00435609
0.00129007
0.00166415
0.001639
0.00182596
0.00751318
0.00251854
0.0011674
0.0112048
0.000930239
0.00087138
0.00238019
0.00226195
0.00197657
0.0222154
0.00397969
0.00163617
0.00418234
0.00800253
0.0017054
0.00382214
0.00657984
0.00250999
0.00212026
0.00316748
0.0252436
0.00417363
0.00590629
0.00535117
0.00178853
0.00935556
0.00190156
0.00252975
0.00171361
0.00725003
0.0061546
0.010367
0.0049794
0.00273156
0.00884239
0.00329015
0.000923693
0.00437349
0.00121998
0.00111381
0.000865728
0.0024175
0.00244053
0.00177813
0.00469696
0.0272236
0.00595121
0.000931378
0.00335364
0.000881409
0.0035389
0.00147801
0.00398974
0.00132873
0.00489959
0.000350582
0.000255936
0.00140687
0.00218842
0.0111738
0.00299583
0.00189931
0.0034241
0.0142122
0.000930857
0.00395972
0.00411084
0.033305
0.00422294
0.0065399
0.00269148
0.0023851
0.00572481
0.000745545
0.00397231
0.027854
0.00389423
0.00195825
0.00251418
0.0014284
0.00434941
0.00502576
0.0072599
0.00373704
0.000405837
0.00228265
0.0105865
0.00230627
0.00360685
0.00661752
0.00112613
0.00292601
0.00391162
0.00214212
0.00243621
0.00183736
0.00405876
0.0025461
0.00626434
0.00397111
0.00237537
0.0073288
0.00208868
0.00254889
0.00309798
0.00438876
0.00634668
0.00502644
0.00958123
0.00196911
0.0149232
0.0029364
0.00263318
0.00902094
0.0044442
0.00385317
0.00488458
0.00139818
0.00212215
0.00414501
0.000953883
0.00341948
0.00207431
0.00214421
0.00238071
0.00500486
0.00427252
0.00269907
0.00158159
0.00852904
0.00184975
0.010374
0.0040033
0.000390794
0.00392774
0.00191883
0.00861466
0.00170107
0.013695
0.0291736
0.00224966
0.0023703
0.00207998
0.00338601
0.002062
0.00396417
0.00163144
0.00309667
0.0023209
0.00666579
0.00255038
0.00364771
0.00129427
0.00297252
0.00175309
0.00255156
0.00944833
0.0247967
0.00291894
0.00224272
0.00459846
0.00713124
0.00175908
0.000711389
0.00145574
0.00455442
0.00197444
0.00207361
0.00250169
0.00232394
0.0036949
0.0112103
0.00326253
0.0358182
0.00273457
0.00384877
0.0221501
0.00725713
0.00293675
0.00548617
0.00354304
0.00393862
0.00400234
0.00282087
0.00432293
0.00104295
0.00186627
0.0105509
0.00272637
0.00464376
0.00147054
0.00188454
0.010193
0.00546372
0.00528529
0.00557747
0.000934293
0.00504292
0.00897564
0.00180221
0.00962014
0.000897342
0.00262783
0.00153586
0.00323459
0.0059636
0.00248033
0.00158503
0.000780583
0.00171748
0.00699723
0.00484021
0.00175373
0.0048187
0.00144
0.00145659
0.000416074
0.00185314
0.000961278
0.00314595
0.00159626
0.00104473
0.000855214
0.00541448
0.000878096
0.00314219
0.000425411
0.000825271
0.00440155
0.0101958
0.00163952
0.00260009
0.00265611
0.00311681
0.00154366
0.00248506
0.00067731
0.00262483
0.00147714
0.00221067
0.00239969
0.00193051
0.00290267
0.0059089
0.00223673
0.000935711
0.00197479
0.000585584
0.00480734
0.0022049
0.0024433
0.0137497
0.00611971
0.00713313
0.00361097
0.00287542
0.00241814
0.00241874
0.0012338
0.00412989
0.00434511
0.0038956
0.00291854
0.00236652
0.00379852
0.00239303
0.00967174
0.00246639
0.00953444
0.00967517
0.0025584
0.00138729
0.00193704
0.0169461
0.00322562
0.00447929
0.00257239
0.000963194
0.00231527
0.00458299
0.00422315
0.00764636
0.00340433
0.00147857
0.00613013
0.00152382
0.00328398
0.0034194
0.00749076
0.000697325
0.0019365
0.00759493
0.00435267
0.00378763
0.00359568
0.00433818
0.00299352
0.00764448
0.00203706
0.000884807
0.00253487
0.00194923
0.0134198
0.0027659
0.00588368
0.00268988
0.00550795
0.0140187
0.00324753
0.015086
0.00129155
0.00275578
0.00358108
0.00308357
0.00696624
0.00605946
0.00579409
0.000370997
0.00165904
0.00229091
0.00286169
0.0108173
0.00392595
0.00155304
0.00257714
0.00105843
0.00181244
0.00246241
0.00157376
0.00302804
0.00459433
0.00242435
0.00272544
0.00271264
0.00412057
0.00466285
0.00426229
0.00193191
0.00615389
0.00108827
0.00117108
0.00428853
0.0221684
0.00387617
0.0166745
0.00336269
0.00164091
0.00551719
0.000907634
0.0133062
0.00145692
0.00370365
0.00523059
0.00562977
0.00427994
0.0034236
0.0454443
0.0045528
0.00157235
0.000659346
0.00200638
0.000882837
0.00153112
0.00883474
0.00215938
0.00608829
0.00361769
0.00123131
0.00385212
0.000864129
0.00459217
0.00150537
0.00323983
0.00718402
0.0028626
0.00175473
0.00131564
0.0040675
0.00528808
0.00719483
0.00168992
0.00618575
0.00160353
0.0015479
0.000408534
0.000453362
0.00424378
0.00198175
0.00167665
0.0023772
0.00713145
0.00054139
0.00352574
0.00507672
0.0029743
0.00216393
0.0161811
0.00166153
0.000936409
0.00760043
0.0100972
0.0102738
0.000969597
0.0010884
0.00298239
0.00219043
0.0054387
0.0114283
0.00575517
0.00372899
0.0188717
0.00521123
0.000589356
0.00288003
0.0211492
0.00130641
0.00487157
0.00184022
0.00787115
0.00098739
0.00119404
0.000353282
0.00205746
0.00615791
0.00768998
0.00190423
0.000601385
0.00205509
0.000978922
0.00281583
0.00100325
0.00156432
0.00134149
0.00126987
0.00752307
0.00066781
0.00206904
0.0113077
0.00907158
0.00718091
0.029828
0.00456213
0.00443342
0.00456515
0.000643332
0.00410187
0.0068346
0.000249646
0.00153215
0.00460981
0.000726441
0.00479727
0.00464214
0.00570157
0.000868073
0.00566304
0.0253629
0.00144946
0.0010726
0.00224743
0.00490483
0.00636442
0.00323557
0.00993597
0.00239363
0.00281653
0.00901634
0.00568622
0.000852887
0.00478022
0.00906122
0.00568685
0.0104181
0.00359616
0.00160267
0.022448
0.000915169
0.00284515
0.00497528
0.00207489
0.00197947
0.00821168
0.00298505
0.00210453
0.00439788
0.00891431
0.00177872
0.00165801
0.00355286
0.00567542
0.000916031
0.0053954
0.00121765
0.00285667
0.00019094
0.00480533
0.00422514
0.010809
0.00185295
0.00244943
0.00226477
0.00179581
0.00151713
0.00420028
0.00254029
0.0023477
0.00205286
0.0117374
0.000727069
0.010969
0.000396422
0.000951966
0.00291468
0.00702425
0.000826542
0.00267183
0.00316807
0.00403262
0.00353142
0.00110527
0.0030038
0.0023863
0.00120013
0.00326736
0.00115033
0.00348783
0.00116064
0.00284593
0.00175728
0.00385931
0.00585856
0.00103464
0.011164
0.00173471
0.0028084
0.000925161
0.00225403
0.00561604
0.00669964
0.000672696
0.00125033
0.00299118
0.00226666
0.00160971
0.00391927
0.00325733
0.000259602
0.00235374
0.00223392
0.00605261
0.000665025
0.0028192
0.0102199
0.00148138
0.0064324
0.00292721
0.00138739
0.0124843
0.00540948
0.00387909
0.00753199
0.00221141
0.000403727
0.00327206
0.00709543
0.00526499
0.00260749
0.00276412
0.00202265
0.00142192
0.0132978
0.00120804
0.0129479
0.0028931
0.00166673
0.00253544
0.00275227
0.0109592
0.00238023
0.00327682
0.00137192
0.00467673
0.00353111
0.00302721
0.002908
0.00398613
0.00306467
0.00187279
0.00135362
0.0048216
0.00151213
0.00111608
0.00139189
0.00551197
0.00119918
0.000892151
0.00085745
0.00141114
0.00189502
0.00152997
0.00659372
0.000966723
0.00761779
0.01575
0.00128128
0.00133574
0.00298306
0.0047088
0.00227658
0.00141685
0.000285945
0.0178634
0.00286871
0.00374874
0.00492593
0.000767941
0.00187049
0.00214498
0.00129968
0.00548631
0.00335079
0.0142941
0.0132034
0.00393401
0.00204749
0.00520603
0.00393039
0.00251785
0.00520236
0.00811538
0.00144229
0.0119106
0.00123269
0.00837194
0.00587698
0.000916912
0.00132404
0.00423442
0.00257156
0.00126953
0.00475925
0.00325101
0.00167093
0.00357552
0.000586791
0.000918487
0.00657814
0.00175526
0.00147254
0.00189784
0.00937445
0.00112976
0.00572256
0.00127909
0.00293676
0.00209514
0.00315922
0.00163553
0.00110896
0.0127061
0.00219925
0.000422394
0.00129287
0.00264798
0.00243037
0.00212707
0.00196637
0.000577289
0.00242313
0.000964576
0.00110643
0.000505406
0.00113376
0.0241895
0.00420985
0.00144053
0.00754182
0.00384084
0.000416368
0.00482191
0.0005884
0.00236115
0.000395319
0.00322273
0.00800431
0.00544822
0.00684935
0.0021981
0.0027282
0.00378144
0.00130577
0.00205692
0.00258755
0.00309614
0.0012531
0.00966204
0.00243259
0.00160939
0.00458174
0.00130389
0.0118637
0.00850953
0.0177364
0.000240627
0.0037285
0.000623859
0.00436181
0.00337708
0.00191928
0.0131194
0.00260894
0.00223598
0.00772586
0.00226071
0.00258584
0.00663715
0.003193
0.0167218
0.00698057
0.00787477
0.00169062
0.00424812
0.00214791
0.00110286
0.00421265
0.00337964
0.00282327
0.000959698
0.000481197
0.0052905
0.000234637
0.00198801
0.00180257
0.00515127
0.0038988
0.00299451
0.00832997
0.00331252
0.000974567
0.00436232
0.0060441
0.00917621
0.00345021
0.00263488
0.00876948
0.00170677
0.00247858
0.00236486
0.00434519
0.00841826
0.0010415
0.00337273
0.00023634
0.00696093
0.00845879
0.00444872
0.00155516
0.00253626
0.00538482
0.00575028
0.00635462
0.00196203
0.00456647
0.00460492
0.0070366
0.00126974
0.00195002
0.00187327
0.00370707
0.0045718
0.00148372
0.00401786
0.00190256
0.00624301
0.00225383
0.0035517
0.00119906
0.000356803
0.00226108
0.0067454
0.00178699
0.000920798
0.00084261
0.000855662
0.00157608
0.00518681
0.0055273
0.00330104
0.00191399
0.00209491
0.000990956
0.00380641
0.00204613
0.000990572
0.00890507
0.00470057
0.0029217
0.00608701
0.010574
0.00188445
0.000893414
0.00118816
0.00474377
0.00212338
0.00192948
0.00755316
0.00277796
0.00247801
0.000929293
0.00211757
0.000758914
0.0123114
0.00246546
0.00321407
0.00425355
0.00470515
0.000429648
0.000371424
0.00313089
0.00529279
0.00834142
0.00125381
0.00139113
0.000766482
0.00323256
0.00173567
0.00382994
0.00413055
0.00724884
0.00327318
0.00288779
0.00309809
0.00209302
0.00119819
0.00948439
0.00186599
0.00422757
0.00343504
0.0135418
0.00646662
0.00429262
0.00172345
0.00307238
0.00141171
0.00211812
0.00689939
0.00256571
0.00455029
0.004015
0.00336266
0.00417304
0.00131759
0.00198499
0.00295976
0.000560495
0.00293411
0.0122965
0.00212963
0.00188173
0.00146647
0.00311233
0.00376402
0.00499556
0.0075958
0.00854563
0.00962079
0.00433438
0.00140568
0.00295818
0.00125967
0.00465676
0.011388
0.0060087
0.000904809
0.018826
0.00913307
0.00190618
0.00139305
0.00253949
0.000406061
0.00322833
0.00159663
0.00161913
0.00405912
0.00895829
0.00332944
0.00581164
0.014276
0.00587161
0.00118834
0.00270321
0.00113413
0.00972975
0.00400292
0.000456282
0.0048402
0.00333366
0.00379146
0.000864291
0.000891642
0.000602845
0.00227283
0.00746103
0.00192202
0.00509951
0.00308826
0.00289092
0.00376362
0.00568225
0.00866879
0.00328925
0.00230475
0.00280163
0.00287486
0.00196778
0.00139675
0.000562674
0.00433552
0.00372086
0.0016635
0.000827954
0.0188784
0.0093414
0.00275156
0.000622185
0.000435279
0.00103628
0.00202437
0.00152865
0.00571105
0.00116434
0.00258734
0.00984323
0.00628572
0.00205022
0.000448803
0.003745
0.00390394
0.0023675
0.00166049
0.00350499
0.00290424
0.00118296
0.00457348
0.00738063
0.000500858
0.00157118
0.00141981
0.00658934
0.00128026
0.00275855
0.00222775
0.0019144
0.00296236
0.00256488
0.00133078
0.00184805
0.00519878
0.00165713
0.00334257
0.000665962
0.00216157
0.00174039
0.00403673
0.000535646
0.000797855
0.00242743
0.0039902
0.0117083
0.0118105
0.00331542
0.000936113
0.00301948
0.00750989
0.0100942
0.00812934
0.0021191
0.00311502
0.00464136
0.00216211
0.000762019
0.00106888
0.000786438
0.000741204
0.0030495
0.000772983
0.00538081
0.000665073
0.00129895
0.00193376
0.00129334
0.000941834
0.0010356
0.00382541
0.00611785
0.00182658
0.00135663
0.00384857
0.00327161
0.00133659
0.00194321
0.00403481
0.00516035
0.00684167
0.0108235
0.00441448
0.0013392
0.00114621
0.000527975
0.00197016
0.00134153
0.00606469
0.00110027
0.00189981
0.00202993
0.000675909
0.00264677
0.00514989
0.00787578
0.00213069
0.000316831
0.00937757
0.00176531
0.00107532
0.00290731
0.00404867
0.00295245
0.000841085
0.0130205
0.0012188
0.00269343
0.00135925
0.00523445
0.00156571
0.0036984
0.00245049
0.00237374
0.00143021
0.00212715
0.00264244
0.000814557
0.00612461
0.00836552
0.00239738
0.00119125
0.00452035
0.00111181
0.0113535
0.00236821
0.0034849
0.00224338
0.00830633
0.00234765
0.000676926
0.00162861
0.00163742
0.00447967
0.00564938
0.00543835
0.00191576
0.00315454
0.00790728
0.00245954
0.00603586
0.00117625
0.00811137
0.00240203
0.00202589
0.00248822
0.00192091
0.00448296
0.00869485
0.0145337
0.00274755
0.00445861
0.00400509
0.00272513
0.00241589
0.000962593
0.00394361
0.00107155
0.00454708
0.00559386
0.00411778
0.00267203
0.0045643
0.00307888
0.00115891
0.00256992
0.00201279
0.00414505
0.00133928
0.00203697
0.00676844
0.00281301
0.00363341
0.000746997
0.00513884
0.00370537
0.020077
0.00314827
0.00105306
0.00192122
0.00207715
0.00524814
0.00210751
0.0012527
0.00437984
0.00419001
0.00273948
0.00145602
0.0042167
0.00230232
0.00148509
0.00256819
0.00053988
0.00477587
0.00326408
0.00108449
0.000971871
0.00188868
0.00263564
0.0103213
0.0118888
0.00975847
0.00158839
0.00920937
0.00619471
0.00184848
0.00228824
0.000585177
0.00356679
0.00742899
0.0016258
0.00163673
0.00352512
0.00317206
0.00266707
0.00172947
0.00129526
0.00374449
0.00713119
0.00551924
0.00203517
0.00409917
0.00652972
0.0059131
0.00196264
0.00370871
0.00189716
0.00205388
0.00832668
0.0002676
0.00135583
0.0026346
0.0013585
0.00208037
0.00262107
0.00598153
0.00142622
0.003206
0.00771142
0.00160481
0.00304041
0.003225
0.00600499
0.00436823
0.00389665
0.00667874
0.0187522
0.00603042
0.00424472
0.000798547
0.00354996
0.000870292
0.00221658
0.00505854
0.00566601
0.00331963
0.0039831
0.00635637
0.00435673
0.00156859
0.00757074
0.000952943
0.00124109
0.00262065
0.000894532
0.00667378
0.000256238
0.00226734
0.000353743
0.00277145
0.00171174
0.00725875
0.00144417
0.00474683
0.00326577
0.00815443
0.0144232
0.00476576
0.00519285
0.00431678
0.00518017
0.000582624
0.00575786
0.00111428
0.00125379
0.0064097
0.00570181
0.00358995
0.000734515
0.00184644
0.00115955
0.00137489
0.00179709
0.000531784
0.00127818
0.00146231
0.00169556
0.00553169
0.00117108
0.00215805
0.0064104
0.00305522
0.00187276
0.000767808
0.00163824
0.00162389
0.00146767
0.00330351
0.00354744
0.00210296
0.0036435
0.00144068
0.003824
0.00159923
0.00564517
0.000964573
0.00266728
0.00239959
0.00529859
0.00212132
0.00374846
0.00883264
0.00354621
0.00124521
0.00246463
0.0113847
0.000893612
0.00268622
0.0043446
0.00610662
0.00220674
0.00322769
0.00817647
0.00887466
0.00474603
0.00103921
0.0280421
0.0016914
0.00633207
0.00078041
0.00277964
0.00542145
0.00614653
0.00474369
0.00140391
0.00462147
0.000671704
0.00448863
0.00193625
0.00214117
0.00508462
0.00134398
0.00877236
0.00159633
0.00208009
0.00350093
0.00638159
0.00557696
0.00194392
0.00917161
0.0047031
0.00296884
0.00143421
0.000833959
0.00339905
0.0234756
0.00684085
0.00221564
0.00389625
0.000959246
0.000962164
0.00629344
0.0103959
0.00703565
0.00482879
0.00115432
0.00314108
0.0154274
0.00311579
0.00220181
0.00973877
0.00137941
0.00202648
0.00321299
0.00372034
0.00140063
0.0107065
0.00323166
0.0104622
0.0100434
0.00361497
0.00313517
0.000885805
0.00375746
0.00133673
0.00510715
0.00433507
0.00323155
0.00104423
0.00576739
0.000492882
0.00503494
0.0047247
0.00286042
0.00814419
0.00525334
0.00438933
0.00281945
0.00725402
0.00060554
0.00129569
0.00678384
0.00230727
0.00384874
0.000874565
0.00163259
0.00345508
0.00157145
0.00667555
0.000836338
0.000519286
0.000573092
0.00213995
0.00418611
0.00919534
0.0057496
0.00279119
0.00633103
0.000857767
0.00717173
0.00837597
0.00313374
0.00182509
0.0164688
0.0016127
0.00044618
0.00093255
0.00522338
0.00482312
0.00135097
0.00837337
0.00625189
0.00335454
0.00535558
0.00594306
0.00124487
0.00498531
0.00541253
0.00272729
0.00521539
0.00446544
0.00183053
0.00135897
0.000560772
0.0022487
0.00877354
0.00623199
0.00206271
0.00739534
0.00162956
0.00523065
0.00138918
0.00226193
0.002522
0.00870343
0.00292726
0.00483059
0.00495666
0.000577992
0.0130359
0.00687636
0.000994882
0.00219329
0.00158472
0.00506939
0.00226976
0.00457722
0.00709772
0.00763654
0.00232922
0.00165357
0.00257208
0.00212628
0.00245801
0.0137927
0.00363866
0.000678395
0.00392086
0.00476237
0.0132192
0.00527468
0.00401975
0.00202022
0.00441808
0.00208393
0.00100735
0.0033852
0.00159985
0.00399437
0.00577589
0.00478379
0.00883441
0.00140868
0.00487173
0.00112028
0.00668163
0.00542167
0.00362442
0.000372665
0.00178376
0.00722166
0.0119122
0.00652678
0.00829506
0.00391752
0.00214024
0.00244665
0.000908327
0.00911755
0.00205809
0.00139117
0.00594351
0.00109305
0.00270726
0.00307738
0.00568724
0.00242459
0.00140777
0.00265675
0.0022527
0.00247906
0.00141275
0.00189253
0.00487002
0.0142705
0.00285296
0.00336237
0.0033511
0.0135597
0.00149597
0.00112953
0.00224074
0.00224519
0.00438268
0.00570359
0.00227895
0.000358002
0.00206839
0.00460259
0.00365506
0.00358981
0.00167334
0.00373647
0.00165031
0.00432574
0.00486762
0.00190991
0.00109669
0.00324188
0.00240945
0.00995125
0.00129534
0.00328581
0.00415939
0.00100264
0.00114756
0.00155114
0.00282951
0.00369149
0.00134499
0.00119762
0.00905268
0.00163712
0.004448
0.00559758
0.00291615
0.0036688
0.00226578
0.00300963
0.00315561
0.000768708
0.00244506
0.00155711
0.00418332
0.00453144
0.00500614
0.0068706
0.025925
0.00203775
0.00223146
0.00320228
0.00200837
0.0023008
0.00571621
0.00503475
0.00348284
0.00363851
0.012024
0.00663371
0.00651022
0.0112635
0.00419241
0.00302705
0.00261631
0.000828082
0.00616096
0.00127284
0.00864462
0.00902204
0.00587378
0.00285967
0.00502267
0.00230847
0.00311891
0.00366128
0.000854949
0.00448647
0.00725222
0.00205686
0.00246598
0.0188054
0.00585549
0.00520879
0.00202619
0.000921209
0.00401505
0.00482979
0.0416147
0.000993305
0.0100402
0.00200519
0.00140587
0.0043721
0.00405601
0.00324628
0.0014596
0.00213787
0.00532984
0.00152771
0.00582222
0.00200194
0.00217417
0.00746505
0.00806397
0.00596388
0.00115546
0.00200699
0.00283968
0.00280097
0.0123489
0.0018058
0.00246451
0.00133619
0.000528286
0.000828055
0.00923411
0.00127661
0.00376013
0.000911464
0.00139914
0.00757322
0.00256338
0.000567934
0.00536003
0.00514149
0.00224385
0.00178798
0.00703197
0.0196353
0.0031312
0.00532426
0.0090283
0.00237801
0.0035474
0.00788946
0.00161461
0.00121545
0.00110725
0.0106693
0.00259305
0.0106721
0.00527413
0.000889117
0.00283186
0.011913
0.00800405
0.00179357
0.000965006
0.0034795
0.00410138
0.00266186
0.0230174
0.0110145
0.00227708
0.00127237
0.00922363
0.00534
0.000901235
0.00158394
0.00276399
0.00296547
0.00663544
0.00441071
0.00121115
0.00668749
0.00236968
0.00707007
0.000855082
0.00363619
0.000875923
0.00312804
0.00674692
0.00175186
0.00172031
0.00185235
0.00632456
0.00158074
0.00517085
0.0082254
0.00387416
0.00131944
0.00279054
0.00771964
0.00122039
0.00246262
0.00159123
0.00624999
0.00351587
0.010727
0.00275893
0.000625611
0.00433069
0.00398663
0.00403292
0.00116106
0.00549207
0.00265907
0.00232445
0.00357759
0.00812111
0.00285076
0.00204741
0.000841487
0.00438438
0.00866089
0.0032857
0.000806258
0.00319544
0.00461971
0.00655532
0.00143597
0.00379168
0.0051541
0.0043162
0.00674954
0.0208036
0.0113491
0.00499154
0.00392462
0.00805333
0.00426174
0.00230109
0.00330307
0.00127854
0.00185293
0.00679989
0.00287284
0.000911291
0.0048067
0.00129938
0.00367518
0.00294972
0.00209521
0.00156332
0.0088304
0.00617634
0.00128452
0.0039004
0.00368064
0.00306562
0.00143505
0.00453335
0.00254868
0.0171596
0.00587753
0.00150145
0.00181307
0.00371282
0.00153891
0.00455958
0.000715609
0.00187741
0.00381475
0.00909936
0.00777303
0.000403563
0.000821167
0.0167152
0.00778998
0.0041454
0.00332708
0.00172024
0.00448268
0.00224249
0.0103159
0.00458739
0.00993081
0.00237868
0.00129352
0.00134722
0.000635208
0.00285909
0.00194948
0.00227186
0.00389615
0.00066563
0.00305279
0.0034685
0.00438245
0.00645351
0.00205674
0.00382062
0.0108051
0.00225502
0.00244296
0.0171536
0.00410495
0.00199952
0.00243051
0.00636443
0.00799067
0.00730885
0.00374341
0.00401381
0.00443246
0.00283928
0.00850462
0.00848736
0.0088808
0.00264673
0.00317265
0.000782614
0.00106907
0.00313588
0.00128543
0.00659491
0.0293693
0.00305959
0.00493708
0.00545766
0.00214575
0.000583781
0.00159374
0.00212196
0.00309645
0.00104137
0.00231186
0.00393973
0.00299301
0.00338685
0.00472498
0.00647744
0.00348812
0.00306643
0.0111034
0.00265487
0.00448445
0.00447656
0.000940567
0.00269193
0.00183249
0.0058705
0.00594487
0.0035226
0.00194547
0.00677314
0.00227613
0.00260524
0.00203938
0.00584276
0.00711625
0.00111064
0.00325256
0.00175022
0.00859282
0.000787954
0.00512209
0.00118655
0.003651
0.00345009
0.00743706
0.00341812
0.00416704
0.00151066
0.00305852
0.0391594
0.00142882
0.00312727
0.00223794
0.000348562
0.00886113
0.00634937
0.00126884
0.0133984
0.00794216
0.00508932
0.0103666
0.000998466
0.00162189
0.00094328
0.00109734
0.00101846
0.00164864
0.000521957
0.00141365
0.00183045
0.00811912
0.0028958
0.00372916
0.000489287
0.00197253
0.00361195
0.0108666
0.00286302
0.0134814
0.0197373
0.00198609
0.00133181
0.0013326
0.00149884
0.00767262
0.001929
0.00204289
0.00247392
0.00289347
0.000849765
0.00958401
0.00618294
0.00113772
0.00360073
0.00186383
0.00190989
0.00190216
0.000276096
0.0157084
0.00137915
0.00489996
0.00468849
0.0099095
0.00455113
0.00196484
0.00838233
0.00193651
0.00357411
0.0141311
0.00231409
0.00196357
0.00272204
0.0013473
0.00144869
0.00203195
0.00703885
0.000991125
0.00491902
0.00324482
0.00362189
0.00502397
0.00443959
0.00357354
0.00381515
0.00394119
0.00303174
0.00929521
0.00800264
0.025442
0.00692712
0.0035465
0.00519166
0.00389542
0.00696824
0.0257375
0.00154647
0.00396675
0.000498533
0.00359206
0.00208949
0.00366806
0.0225337
0.00759476
0.00878563
0.00681132
0.00395821
0.000960397
0.00314061
0.00094224
0.00443923
0.00207089
0.00992679
0.00161435
0.00129507
0.00423067
0.00730423
0.00119445
0.00333831
0.00144119
0.010446
0.00245077
0.00216443
0.00493883
0.00614638
0.00460754
0.00606322
0.00159802
0.00857786
0.00371018
0.00351305
0.00378956
0.000868267
0.00175668
0.00170593
0.00156312
0.00618291
0.00505576
0.0083113
0.00280364
0.00581249
0.00203032
0.00184049
0.00196442
0.0055598
0.00347296
0.00659789
0.00339651
0.00970287
0.00259664
0.00174117
0.00448135
0.00309857
0.00152642
0.00214758
0.00115605
0.00587042
0.000634992
0.0234461
0.000373696
0.00324799
0.00328001
0.00109006
0.0035361
0.000883539
0.00379501
0.000819147
0.000740931
0.0124902
0.000940828
0.000831432
0.000491588
0.000951011
0.00178192
0.0143746
0.00332499
0.00165263
0.00185591
0.00117557
0.00243022
0.00247851
0.00477812
0.00686094
0.00779224
0.00146786
0.0129269
0.00104326
0.00197574
0.0120998
0.00255481
0.00406261
0.00311146
0.00123287
0.00519838
0.003153
0.00201193
0.00134121
0.00337672
0.00794144
0.00260602
0.00290442
0.00128562
0.00119363
0.00564228
0.00190143
0.0137273
0.0036144
0.00462163
0.0018486
0.0021125
0.00242596
0.0109623
0.00781469
0.00151349
0.0035695
0.00120883
0.00305312
0.00558985
0.00273547
0.0055116
0.00352318
0.00217706
0.00142196
0.00285603
0.00168285
0.00930877
0.0020552
0.00152172
0.00986636
0.0030939
0.00469179
0.00177485
0.00101069
0.00368472
0.0110579
0.00143274
0.000723533
0.00243186
0.00265663
0.00940861
0.00307846
0.00363955
0.00287745
0.00279539
0.00665637
0.00309789
0.00202995
0.00425928
0.00201008
0.00204472
0.0024359
0.000985542
0.00410185
0.000846622
0.00635159
0.00788822
0.00560236
0.00207358
0.00266664
0.00125267
0.00748948
0.00219737
0.00656723
0.00615174
0.00298854
0.00677539
0.00339103
0.00151882
0.024809
0.00331326
0.00464074
0.00440207
0.00804497
0.00740341
0.00543176
0.00130291
0.00391394
0.00175599
0.0059873
0.0010071
0.00202865
0.0233826
0.00150132
0.000607255
0.00698069
0.00247608
0.00229715
0.000885926
0.0147263
0.00517966
0.00206235
0.00440476
0.00420815
0.00128934
0.00204066
0.0109231
0.0162412
0.00460756
0.00482755
0.0088527
0.0016135
0.00121216
0.00206735
0.00281972
0.00914363
0.00194891
0.00256861
0.000435575
0.00684835
0.000351387
0.00601044
0.00270826
0.00330082
0.00209932
0.00237602
0.003456
0.00159301
0.0017503
0.00405679
0.00257718
0.00400213
0.00301447
0.000356578
0.00343199
0.00477555
0.000901233
0.00809368
0.00517321
0.00305972
0.0013644
0.0025293
0.0047581
0.0126752
0.00115841
0.000989866
0.00175012
0.00612351
0.00321004
0.0175078
0.00284384
0.00140762
0.00112199
0.002385
0.00353496
0.00169169
0.00321315
0.00339832
0.00274223
0.00159369
0.0025677
0.00231477
0.00165291
0.00245152
0.00233379
0.000608585
0.00348073
0.00205479
0.00509124
0.00537241
0.0031027
0.00150812
0.00431978
0.0118961
0.00327515
0.0042504
0.006049
0.00279734
0.00119169
0.0085985
0.00836481
0.00249351
0.0213611
0.00243957
0.0107335
0.0030012
0.00504901
0.0117879
0.00612448
0.00438131
0.00186308
0.00662658
0.00380695
0.00120915
0.00445435
0.00142039
0.00218453
0.00532265
0.00237461
0.00447923
0.00371152
0.00194064
0.00138725
0.00389757
0.00268396
0.00385735
0.00510375
0.00264434
0.00267467
0.00454772
0.00159985
0.00419925
0.00170369
0.00237115
0.0123117
0.00339208
0.00396216
0.00407904
0.00483093
0.00238696
0.00227006
0.0375772
0.00193399
0.0016117
0.00361159
0.00675346
0.00122451
0.00620241
0.00402694
0.00277439
0.000370626
0.0032358
0.00145821
0.00192096
0.0016543
0.00238218
0.00225187
0.00155631
0.00318055
0.00319972
0.00117262
0.00124625
0.00894034
0.00124411
0.00888938
0.000605743
0.00352896
0.00181883
0.00386295
0.00267829
0.00984927
0.0187103
0.00726753
0.00820399
0.00242714
0.00584599
0.00954933
0.00160942
0.00151247
0.0190162
0.028862
0.000387499
0.00236601
0.0252475
0.00651383
0.00120305
0.00387006
0.00807173
0.00129326
0.00165482
0.00301603
0.00147741
0.00106666
0.00228917
0.00103534
0.00365098
0.00245787
0.00306357
0.00233529
0.00343187
0.00136477
0.00364197
0.00250675
0.0027326
0.0024752
0.00225941
0.00451692
0.00227511
0.00336657
0.00739406
0.00094617
0.00627258
0.00266092
0.00505515
0.000447112
0.00724562
0.00865173
0.00167375
0.00174964
0.00314183
0.000577933
0.00197685
0.0142037
0.000761316
0.00586933
0.00488642
0.0034833
0.00786969
0.00141126
0.00355161
0.00365909
0.00142713
0.00420248
0.00313627
0.00271239
0.00104351
0.00465656
0.00325821
0.00268708
0.00250204
0.00267442
0.00146247
0.0086346
0.00187109
0.00394723
0.00324049
0.00776879
0.00300403
0.00124982
0.00320258
0.00810793
0.00263853
0.00207423
0.000629748
0.00861452
0.00291065
0.00392804
0.00183583
0.00376099
0.00546347
0.00248577
0.00358556
0.00456016
0.000781745
0.0024522
0.000419441
0.00515857
0.00215204
0.00497011
0.00484691
0.00359518
0.0113623
0.0015182
0.00410167
0.00280251
0.00361447
0.00176618
0.00401091
0.00382667
0.00211662
0.00225863
0.000805349
0.00595151
0.00574198
0.00270695
0.00464055
0.00193014
0.00297187
0.0038962
0.00172919
0.00163828
0.00254637
0.00270903
0.00522584
0.00111674
0.0119334
0.00358272
0.00146744
0.00782576
0.00366229
0.00375675
0.00216882
0.000188353
0.00153455
0.0125623
0.00331978
0.00267478
0.000525574
0.00467943
0.00210527
0.0017559
0.00377497
0.000831256
0.00445647
0.00258845
0.000452357
0.00621788
0.0135258
0.00224959
0.0032242
0.00524173
0.004205
0.00326214
0.00936582
0.00267721
0.00374853
0.0110698
0.00914414
0.00280914
0.00166402
0.00296884
0.00112025
0.003937
0.00424262
0.0118462
0.00428646
0.00710535
0.00450321
0.000901248
0.00477624
0.00363343
0.00493371
0.00184886
0.00327609
0.0111554
0.00400303
0.0048314
0.00695514
0.00540438
0.00137508
0.00120791
0.00093541
0.00578016
0.00351145
0.00389465
0.00544919
0.00607677
0.000453214
0.00376477
0.00299128
0.00367413
0.00373441
0.00129124
0.002182
0.00700567
0.00128755
0.0026279
0.00257203
0.000318641
0.000988823
0.00556918
0.00391951
0.00615562
0.000887863
0.00975918
0.00320625
0.00423923
0.00309594
0.00694078
0.0110067
0.00245689
0.00196614
0.0015579
0.00671902
0.00870176
0.0024157
0.00229779
0.00215437
0.00220315
0.00215116
0.00123877
0.000513657
0.00269202
0.00145549
0.00374182
0.0020329
0.00112863
0.0010082
0.00115362
0.00191155
0.0103891
0.010581
0.00418681
0.00628372
0.000530026
0.00331587
0.0243116
0.00381155
0.0051411
0.000933249
0.00334922
0.00402589
0.00145719
0.00151096
0.00186223
0.00431113
0.00217726
0.00442283
0.00350336
0.00151251
0.0093782
0.00184609
0.00402239
0.00455876
0.00230808
0.00273297
0.00153342
0.00877891
0.00368169
0.00555586
0.00200322
0.00530196
0.00238504
0.00880228
0.00248451
0.00457641
0.00537114
0.00477396
0.00250062
0.00249341
0.000504352
0.00287838
0.00178164
0.00276501
0.00126965
0.00235184
0.00351516
0.00351525
0.00277088
0.00144728
0.0028905
0.00251209
0.00458999
0.00681759
0.00326894
0.00375243
0.00335907
0.00171288
0.000499867
0.000783435
0.00442513
0.0169823
0.00239112
0.00815791
0.00216271
0.00447495
0.0027655
0.00225576
0.00930254
0.00115678
0.00216836
0.00549601
0.00164823
0.00542979
0.0109453
0.0159659
0.0025368
0.00312431
0.0033578
0.0114977
0.0178807
0.00298962
0.0056258
0.0020656
0.00287433
0.000306175
0.00317406
0.00172131
0.0124132
0.00158403
0.00153446
0.00349042
0.000893141
0.00340141
0.00348337
0.00260485
0.00644707
0.00320296
0.00204178
0.00225411
0.00169718
0.00228999
0.00489657
0.00898987
0.00102577
0.00499149
0.00892145
0.00230575
0.00414096
0.00192536
0.00637839
0.00164947
0.00344877
0.00191311
0.00544703
0.00477672
0.00116589
0.00183473
0.00322886
0.00203905
0.00311078
0.00137693
0.0124231
0.0068864
0.00509964
0.00271943
0.00112856
0.00200817
0.00170748
0.000244351
0.00668356
0.0160065
0.00417353
0.00116112
0.01199
0.00803724
0.00108184
0.00165799
0.00119633
0.00839418
0.0551393
0.00263546
0.000992341
0.00546909
0.00410994
0.00311544
0.0103042
0.000384857
0.00153421
0.00642006
0.00237751
0.00184195
0.00100555
0.014588
0.00395986
0.00190376
0.00414011
0.000720573
0.00277701
0.00552852
0.00272795
0.00286247
0.00471888
0.0035408
0.00880828
0.00479262
0.00264989
0.00172071
0.00269075
0.00316401
0.00150866
0.00377858
0.000599027
0.00364119
0.00112382
0.0036954
0.00366662
0.0152049
0.00499712
0.00480085
0.00341265
0.00169986
0.00112799
0.00645616
0.00452091
0.00245872
0.00515226
0.00240821
0.000281946
0.00173888
0.00246026
0.00185148
0.00278805
0.000642451
0.00172113
0.00207329
0.00493571
0.00399493
0.00608907
0.0179229
0.00456241
0.00166971
0.00342115
0.00345311
0.00187818
0.00136887
0.00425759
0.00370211
0.00213903
0.00420405
0.00221159
0.00288999
0.000810315
0.00567831
0.0020427
0.00187619
0.00802941
0.00353002
0.00542994
0.00421614
0.00247219
0.00400655
0.000961204
0.0020681
0.00870585
0.00331587
0.00141551
0.00357517
0.00325472
0.00714434
0.00176181
0.00656925
0.000317734
0.00422446
0.00307165
0.005041
0.00493064
0.00107785
0.00351969
0.00223171
0.00178421
0.00262516
0.00106335
0.00644091
0.000486456
0.0031927
0.00278871
0.00279699
0.00425737
0.00213623
0.00214105
0.0078118
0.0169229
0.00346466
0.00350116
0.0017407
0.00254811
0.00151707
0.000639131
0.00738057
0.00155137
0.00177224
0.00723819
0.00287606
0.0146265
0.00390998
0.00231545
0.00121565
0.00712373
0.00165054
0.0054895
0.00317922
0.00216009
0.00126794
0.00746204
0.000868584
0.00123308
0.00346264
0.0133012
0.00141806
0.00177783
0.00115921
0.0021083
0.00226224
0.0175508
0.015128
0.0027023
0.00294208
0.00215234
0.0016421
0.00295559
0.0186938
0.0042994
0.00162646
0.00263832
0.00161601
0.00994683
0.0121567
0.00215643
0.00371662
0.00146201
0.000955641
0.00676737
0.00809851
0.00519334
0.00338496
0.00194459
0.00131603
0.00247394
0.000393431
0.00272966
0.00090136
0.00325259
0.00667942
0.000490945
0.00367613
0.00209152
0.00139229
0.00307495
0.00503844
0.0105555
