0.0148309
0.00409403
0.000986709
0.0216191
0.000917551
0.00234774
0.00689719
0.0106853
0.00065329
0.0121903
0.0117475
0.00281185
0.0419604
0.00759206
0.0117491
0.0123431
0.00301297
0.00261698
0.00468661
0.0214596
0.00360121
0.0110688
0.0332247
0.0102836
0.00501877
0.0428277
0.0285666
0.00210066
0.0045292
0.012231
0.00319482
0.00554146
0.00300199
0.025966
0.0279498
0.00332033
0.00209795
0.00592158
0.00337315
0.00335205
0.00184377
0.0143732
0.00130574
0.0145339
0.0003181
0.00149125
0.0131467
0.038918
0.00184813
0.00517792
0.00572567
0.00947157
0.00300147
0.00690472
0.0140036
0.0121103
0.00359773
0.0155178
0.00924074
0.00421783
0.00717084
0.00645521
0.00162635
0.0128164
0.00596467
0.0286071
0.00415901
0.0199881
0.0168221
0.00640391
0.0230421
0.00207888
0.00299325
0.00527614
0.0232245
0.00743849
0.0375535
0.0197194
0.040764
0.00715427
0.0025686
0.0040891
0.00424363
0.00238441
0.00325436
0.000511309
0.0137846
0.0404611
0.0271262
0.0119568
0.00634143
0.0201575
0.00221363
0.00764927
0.00118835
0.0133937
0.00568701
0.00339115
0.0110093
0.00935186
0.0261305
0.00844916
0.0142042
0.00580136
0.0593531
0.00924547
0.00132244
0.00938159
0.185552
0.0241189
0.01433
0.0216398
0.00191754
0.00825876
0.00985018
0.00222809
0.00147782
0.0218097
0.00102947
0.0887988
0.00382884
0.0124064
0.0161193
0.00879863
0.0653619
0.0121028
0.0138481
0.00273778
0.0112211
0.00115776
0.0306072
0.00127922
0.0189762
0.0105181
0.0121024
0.0102543
0.00456978
0.011586
0.00395871
0.0154065
0.0216454
0.0298915
0.0526624
0.0120245
0.00196178
0.00311348
0.0168567
0.0111711
0.00647202
0.0178871
0.00348508
0.034858
0.00673583
0.0551464
0.0111002
0.00586817
0.0103216
0.0345438
0.00203954
0.00622563
0.0184306
0.00623829
0.0103943
0.00494417
0.0111733
0.000189325
0.0162552
0.0115109
0.00236512
0.00563281
0.00504913
0.00770766
0.00359191
0.00309355
0.0130388
0.00957322
0.0215087
0.0112476
0.00266122
0.00159704
0.0104635
0.00825976
0.0696678
0.020814
0.0223212
0.0113774
0.0107629
0.0119087
0.00548084
0.00346637
0.0142446
0.00272366
0.00262552
0.00145713
0.00458018
0.0048205
0.0415542
0.0117422
0.0138224
0.0108949
0.0133778
0.0931266
0.0142805
0.0137378
0.0094538
0.00171753
0.00295727
0.0133735
0.0318892
0.0107954
0.00535658
0.0566328
0.00315156
0.00726276
0.00305382
0.0063026
0.00821775
0.00304131
0.00120533
0.0046871
0.0079805
0.00409102
0.00254187
0.0539349
0.00252909
0.00428507
0.00441771
0.00208343
0.0178222
0.0173378
0.0284989
0.00263236
0.0553323
0.00431038
0.0354284
0.00668734
0.00654768
0.00763274
0.00310384
0.00283579
0.00409546
0.0238716
0.00191258
0.00623496
0.00848961
0.0195603
0.0137572
0.0336922
0.00842936
0.0152584
0.00975378
0.00446901
0.000709229
0.0437528
0.0123529
0.0036715
0.0128682
0.00897582
0.00971651
0.00740391
0.0313181
0.00155919
0.00222745
0.0156971
0.0244704
0.0192319
0.00794447
0.00509293
0.0224146
0.00122722
0.019768
0.0186242
0.111717
0.00163392
0.0227312
0.07473
0.00361195
0.0051869
0.0196286
0.00291955
0.0302459
0.0136404
0.00642246
0.0122612
0.00883042
0.00423598
0.00417496
0.0123502
0.00986065
0.00248468
0.0151603
0.000755457
0.030267
0.0027979
0.00381187
0.00257542
0.00376935
0.00569549
0.0116722
0.0113867
0.00517323
0.00514114
0.00371094
0.0108723
0.0459675
0.00541268
0.00298966
0.00882911
0.0421089
0.0093286
0.00619604
0.00149847
0.00283661
0.0364457
0.0129438
0.00531217
0.0152401
0.00152672
0.00126146
0.000908983
0.0379105
0.0189062
0.0231687
0.0371163
0.00594218
0.0196282
0.018086
0.0101875
0.00251719
0.00182695
0.013346
0.00159733
0.0105396
0.00740718
0.00641655
0.00518767
0.00720779
0.00582249
0.00938075
0.00185268
0.0176192
0.0155994
0.000824365
0.021981
0.0113035
0.00177369
0.00598933
0.0118453
0.0208795
0.0076611
0.0123546
0.0047805
0.0253405
0.00223505
0.00634518
0.00368921
0.00248385
0.0104053
0.00452189
0.00414435
0.0130126
0.00250584
0.00367343
0.0193634
0.0345103
0.00741055
0.0136399
0.00320575
0.00285379
0.00660505
0.00403562
0.0463148
0.00298078
0.0031301
0.00468682
0.00231583
0.00277045
0.0027903
0.0381063
0.0175619
0.0237332
0.0155854
0.0174309
0.00208931
0.0162166
0.00170798
0.0157415
0.00175603
0.00989051
0.004711
0.00363488
0.00848576
0.00827543
0.00687484
0.0569849
0.00605025
0.00228345
0.00508098
0.00332141
0.0252528
0.00877811
0.00308241
0.00122417
0.0010501
0.0023152
0.00644556
0.0201176
0.0170894
0.0094325
0.00796508
0.00221469
0.0122334
0.0001422
0.0867991
0.000903687
0.00182484
0.0168677
0.00630241
0.00298505
0.00206377
0.00197852
0.00211404
0.00189603
0.00812528
0.0227302
0.00442215
0.0167784
0.0121944
0.00105107
0.00258223
0.00646299
0.00331818
0.00534257
0.0260241
0.0152995
0.00184205
0.00107095
0.00103595
0.00226719
0.00438377
0.000183536
0.0126364
0.0185707
0.0343033
0.00141809
0.0135022
0.00596023
0.0157094
0.0297089
0.0115995
0.0243843
0.0507386
0.00242699
0.00250558
0.00681207
0.00922094
0.00107719
0.0110299
0.00736176
0.00665409
0.0165938
0.00113547
0.00215317
0.00213878
0.0104558
0.000682765
0.00226076
0.00341782
0.00595648
0.0243756
0.00208561
0.0112293
0.00071554
0.0250284
0.00130133
0.0017063
0.00198073
0.00694738
0.00286831
0.0326684
0.0115961
0.0126201
0.0124811
0.0304232
0.00590016
0.0136442
0.0141398
0.0326343
0.0926826
0.00526343
0.0180635
0.0149001
0.00235399
0.0258599
0.00952423
0.000909007
0.00440292
0.00163469
0.0363367
0.0098101
0.00775563
0.00163797
0.0177721
0.00532385
0.00674784
0.00307499
0.0348266
0.00165121
0.000673831
0.00123255
0.003048
0.00124103
0.00113309
0.0148325
0.000670342
0.04061
0.0134183
0.0013644
0.00433447
0.00648557
0.00985341
0.00492177
0.00141325
0.0164423
0.0193721
0.00534699
0.00710075
0.00258957
0.0179613
0.00525585
0.00248923
0.00283255
0.00214665
0.00691483
0.000996516
0.00573179
0.0155269
0.00289644
0.0152954
0.0118931
0.0224004
0.0117585
0.0326942
0.00277624
0.0100143
0.00286854
0.001548
0.0273577
0.00150089
0.00212424
0.00123385
0.00705991
0.0127384
0.00422417
0.00228177
0.037761
0.025125
0.0125775
0.00270206
0.0445033
0.0455336
0.0114371
0.0439091
0.00293388
0.000269988
0.0415234
0.00106289
0.00669941
0.060873
0.00345394
0.0132002
0.0259961
0.0324719
0.025132
0.00925789
0.0034562
0.00158118
0.00398134
0.00135192
0.00282856
0.0403034
0.0557887
0.0315514
0.0141584
0.0204696
0.069258
0.0109669
0.00474989
0.0279542
0.00344151
0.00614004
0.00249567
0.0240625
0.00885436
0.00667359
0.00135763
0.00374348
0.00686864
0.00100748
0.00227153
0.00761476
0.00518228
0.00610401
0.015447
0.00641229
0.00154857
0.00267432
0.0508154
0.0100014
0.0028765
0.00765254
0.0159433
0.00652656
0.0125541
0.0144429
0.00615884
0.015989
0.00447364
0.0182099
0.00217221
0.00162383
0.00423891
0.0665364
0.014056
0.0123111
0.00809644
0.00777876
0.0248748
0.000916454
0.00228889
0.0471023
0.0181889
0.0129491
0.00533568
0.0119498
0.0184305
0.00687345
0.0170292
0.0090502
0.011292
0.0233631
0.00192388
0.00221908
0.0089762
0.00298122
0.0367764
0.0282801
0.00673921
0.00958843
0.00363014
0.00138797
0.000411712
0.0155096
0.00732013
0.00948815
0.0136401
0.0117631
0.0113835
0.00080512
0.0238563
0.0238108
0.00170423
0.0134887
0.00148401
0.00121917
0.0426692
0.00686025
0.0189379
0.00274252
0.0121743
0.0101493
0.0442733
0.00249794
0.00167325
0.00573442
0.000987015
0.00218123
0.0016818
0.0152604
0.00912617
0.00508959
0.00368511
0.011094
0.0049939
0.00863103
0.0023057
0.00559189
0.00875272
0.0358158
0.0115811
0.00298479
0.00261288
0.00202036
0.00230417
0.0317325
0.0122822
0.0142925
0.00275806
0.000359425
0.043511
0.0102911
0.00223786
0.00178784
0.00649078
0.00112472
0.0581215
0.00311327
0.0432671
0.0102708
0.00944982
0.00106638
0.00153744
0.0132027
0.00504629
0.00700063
0.00206764
0.00253537
0.0157702
0.0129201
0.00314817
0.00860917
0.00107191
0.000964655
0.00162455
0.00229548
0.00527321
0.00777117
0.00642317
0.00262108
0.0254137
0.0781379
0.00871614
0.00353204
0.000741704
0.015686
0.00129105
0.00238873
0.00813889
0.00178766
0.0184186
0.00250248
0.00757142
0.00690841
0.00297743
0.00486941
0.0120463
0.0175487
0.0526176
0.00558967
0.00327657
0.000841063
0.0186236
0.0275705
0.00671025
0.0101539
0.0446502
0.00600071
0.0105882
0.00344065
0.00160662
0.003764
0.0114684
0.0713955
0.00259846
0.0133045
0.00266588
0.00447619
0.0214338
0.00205107
0.0160685
0.0070848
0.00543325
0.0113574
0.0194997
0.011499
0.0151813
0.0132351
0.0155476
0.0441011
0.0199383
0.0142472
0.00277339
0.0107612
0.0227642
0.00497268
0.00316909
0.0158764
0.00355915
0.00492155
0.00175583
0.0249057
0.00225044
0.00824647
0.0435853
0.00647495
0.00172818
0.0349278
0.00207892
0.0156507
0.00936737
0.0170013
0.00913225
0.00267459
0.00723344
0.0012734
0.00227883
0.00856773
0.00198148
0.00332355
0.0102795
0.0134461
0.0407977
0.0442296
0.00688927
0.0403382
0.014731
0.00454211
0.00145039
0.0127039
0.00218324
0.0203041
0.00745909
0.0165278
0.00215475
0.0455328
0.00101137
0.00387728
0.00930474
0.00631437
0.00131725
0.0356749
0.00771949
0.00132533
0.0262743
0.0144623
0.0122989
0.011594
0.00454955
0.00348546
0.00860433
0.0200835
0.0348041
0.00640569
0.00217242
0.00213144
0.00116834
0.00323961
0.021807
0.0108534
0.000918827
0.0129685
0.00436293
0.0144066
0.0387655
0.00210041
0.017603
0.00422556
0.00949461
0.00425025
0.00967994
0.00978948
0.00450765
0.0106597
0.00575092
0.000859418
0.00150811
0.00455013
0.00511805
0.00123632
0.0101766
0.00461432
0.00584976
0.0111868
0.0118191
0.00687176
0.00971522
0.00898868
0.00239075
0.00501829
0.0102519
0.00670416
0.0145768
0.00676234
0.0415254
0.0750775
0.040645
0.00373506
0.022394
0.00896571
0.0260009
0.00703975
0.00730441
0.0142718
0.00189473
0.000851587
0.0116461
0.0163978
0.0028915
0.00798044
0.00215672
0.00975826
0.00604109
0.0825328
0.00739643
0.00352178
0.00422452
0.00564556
0.0108342
0.00730165
0.00287485
0.00142609
0.00325017
0.0208591
0.000449404
0.022904
0.0189724
0.000674259
0.00607235
0.0116982
0.0272811
0.00311149
0.000421056
0.034782
0.0158
0.00405204
0.00172074
0.00602918
0.0271764
0.0230181
0.0106567
0.0136648
0.0109231
0.00806199
0.0168944
0.0103625
0.000697155
0.016685
0.0236972
0.00487467
0.026895
0.00309574
0.00355559
0.0104589
0.0012583
0.00310124
0.00382183
0.0241503
0.00573854
0.00430752
0.00163244
0.0011813
0.00249643
0.0237184
0.00271817
0.00843788
0.0650278
0.00427485
0.00790713
0.000907253
0.0127865
0.0196026
0.00738049
0.00805921
0.00862192
0.0125169
0.0117888
0.00979172
0.00201056
0.0291387
0.0043932
0.0162754
0.0133751
0.0168266
0.0213723
0.005801
0.0145058
0.00224506
0.0143763
0.00133856
0.000798711
0.00454834
0.00876532
0.0055467
0.00227079
0.00167346
0.0360713
0.063135
0.00610484
0.00211678
0.0130869
0.00147591
0.00159115
0.0253128
0.00173257
0.0234627
0.0120705
0.00578634
0.0287058
0.0113318
0.00515464
0.0120515
0.00853048
0.0335469
0.00211678
0.0195112
0.00144202
0.0265223
0.0147065
0.00140319
0.00723396
0.0290764
0.00845702
0.00605361
0.00622959
0.00928702
0.00588401
0.032785
0.00833964
0.01824
0.0272068
0.0232108
0.0106383
0.0260575
0.00145072
0.00565041
0.000263952
0.00318466
0.004264
0.0121996
0.000478794
0.0649517
0.00559533
0.00591383
0.0101746
0.00668112
0.0155544
0.00654353
0.00178465
0.00430843
0.016229
0.00225749
0.00294105
0.0129358
0.000622335
0.0302787
0.0124553
0.0079699
0.0204373
0.00863879
0.00580765
0.0898789
0.000226929
0.00285476
0.00378298
0.016348
0.00586438
0.00443422
0.00174645
0.00425412
0.0217508
0.0238736
0.00650708
0.00277533
0.00270278
0.009313
0.00531305
0.0330537
0.0281296
0.00687474
0.0377397
0.00884348
0.0224057
0.0211439
0.00149724
0.00188544
0.00487045
0.0304884
0.00113118
0.00118877
0.000661093
0.0105454
0.0135412
0.00224567
0.0104437
0.00537933
0.0172935
0.0043692
0.0114372
0.00163507
0.0114295
0.0235888
0.0184683
0.00748765
0.00446094
0.00217226
0.00911085
0.0057709
0.0186406
0.0212455
0.0134561
0.022983
0.0185522
0.0102054
0.0116506
0.0451956
0.0579726
0.00547993
0.000407847
0.0230337
0.00368002
0.000945338
0.0021514
0.008634
0.00336695
0.00311081
0.0189727
0.00149941
0.00348624
0.00730741
0.0175778
0.00424625
0.00199962
0.00118812
0.0413817
0.0017926
0.00450116
0.0387401
0.00219903
0.0326526
0.00274907
0.0151095
0.00318528
0.00216091
0.000777654
0.00632341
0.00682431
0.0103593
0.0175932
0.01078
0.00239286
0.00673064
0.0312266
0.00305196
0.011589
0.00136891
0.0417945
0.00937934
0.00427877
0.0286458
0.0054014
0.0129963
0.0835252
0.0170968
0.0221096
0.0135379
0.0826045
0.0216555
0.0101816
0.00976847
0.0120506
0.0102855
0.000721334
0.00173376
0.015571
0.0435722
0.048091
0.00614602
0.0153639
0.0172691
0.0134142
0.0106038
0.023356
0.0124387
0.0188755
0.00179141
0.0526223
0.00553847
0.00289849
0.00798066
0.0381066
0.0321971
0.00536737
0.0260845
0.00917667
0.00236701
0.00139462
0.00948235
0.00122274
0.0300401
0.0102219
0.0140978
0.0187802
0.00173846
0.0284413
0.0022799
0.0056353
0.0016778
0.0322206
0.00355259
0.0120433
0.0104483
0.0022319
0.00156233
0.00410536
0.0255154
0.00735285
0.00215218
0.004366
0.0104947
0.0145234
0.00547826
0.0136808
0.0707704
0.00695965
0.0137614
0.00521224
0.0104669
0.00960176
0.0362639
0.0557636
0.00316237
0.0117098
0.0103323
0.0202824
0.00166083
0.0197675
0.0182441
0.0117516
0.0117394
0.00196963
0.0160833
0.000545839
0.0160376
0.00302992
0.00189935
0.00180718
0.0221347
0.0372226
0.0120296
0.00174631
0.00547948
0.0159452
0.00243581
0.00821208
0.0254437
0.0121313
0.0203487
0.00143442
0.0263069
0.0310253
0.00898434
0.00156925
0.00329612
0.0387972
0.00784911
0.0508249
0.00220692
0.0294133
0.0358921
0.06365
0.0166686
0.00488667
0.0118027
0.00142983
0.0011844
0.00792402
0.00417838
0.00895839
0.00219551
0.0156072
0.00112183
0.0126373
0.00540483
0.00457934
0.00536561
0.016191
0.0012468
0.00594353
0.0190246
0.0148124
0.00240197
0.0107762
0.0324595
0.0105189
0.00425757
0.0132106
0.00121325
0.0103923
0.0107478
0.00229522
0.00544187
0.0144038
0.00201339
0.0208297
0.00601461
0.0252879
0.0118565
0.00598662
0.00226265
0.0085075
0.0300283
0.00843071
0.0226953
0.00142625
0.0112835
0.0596642
0.00770879
0.026614
0.00260951
0.000367692
0.0130637
0.0164112
0.00435213
0.017563
0.00885726
0.0051908
0.00813479
0.00674225
0.00139424
0.00322193
0.0288995
0.000724588
0.0110543
0.0167137
0.00182657
0.0233692
0.0202181
0.0032188
0.00292214
0.0281306
0.0902673
0.0142691
0.00189445
0.00568585
0.00169862
0.00782955
0.00256616
0.0867648
0.00954659
0.00413454
0.0113721
0.000693722
0.00186207
0.0213741
0.000868601
0.0625509
0.007108
0.00904616
0.00633187
0.00935719
0.0238211
0.00827251
0.00595952
0.00429064
0.0101392
0.00733815
0.014173
0.00395854
0.00416559
0.00474604
0.0386741
0.011778
0.00111859
0.0141949
0.00655656
0.00150062
0.0086142
0.0013146
0.00348666
0.0650936
0.00202548
0.0133133
0.00203333
0.00222435
0.00100628
0.00127438
0.00371535
0.0180127
0.00224984
0.0349572
0.00436768
0.00228028
0.00715602
0.0120897
0.00907459
0.00138586
0.0153356
0.0339936
0.00556947
0.00166648
0.0249736
0.00270561
0.00970958
0.0154583
0.00219191
0.00216237
0.0135629
0.035368
0.00101742
0.000771723
0.0149421
0.00200378
0.0172717
0.00395202
0.00306155
0.00892652
0.00383628
0.0124506
0.00268818
0.00261051
0.0239662
0.00365014
0.0111514
0.0220984
0.00594042
0.0375701
0.0269622
0.00122943
0.00281541
0.015397
0.000641441
0.0308334
0.00700777
0.00314181
0.00457827
0.0441069
0.00539686
0.00363085
0.011709
0.111752
0.00427207
0.00451165
0.00189791
0.0317195
0.0173237
0.00700929
0.106094
0.00115132
0.00499012
0.00700753
0.00180409
0.013901
0.0231397
0.0132828
0.00132381
0.000958858
0.0116026
0.00102097
0.00049269
0.0133763
0.000305983
0.000616735
0.0174525
0.00778937
0.0122218
0.0070016
0.036529
0.00215638
0.00847491
0.0145603
0.0338592
0.00533632
0.00161124
0.00184143
0.00210456
0.00741597
0.0158011
0.0172051
0.0157748
0.00814802
0.049644
0.0124928
0.000992964
0.00263874
0.0101085
0.0108471
0.00436776
0.00138664
0.0273561
0.00833499
0.00700725
0.0112731
0.00963911
0.00679799
0.00198709
0.0587045
0.000818482
0.0493281
0.00860825
0.0166254
0.0126433
0.00475204
0.00546061
0.00609848
0.0319283
0.0523581
0.0102545
0.0280487
0.024917
0.0147289
0.0186637
0.00286512
0.00246077
0.000739956
0.0187284
0.0253822
0.0227143
0.020559
0.00953382
0.0117569
0.00347405
0.000761468
0.0032159
0.00326125
0.0195955
0.001325
0.00557277
0.00293932
0.0438132
0.0218227
0.0396406
0.0122561
0.0078299
0.00872886
0.0683946
0.0213472
0.0139174
0.0309985
0.0164388
0.00184082
0.0197705
0.00205364
0.00947041
0.0121068
0.0094039
0.00234552
0.000474297
0.00885911
0.0176715
0.00466816
0.00803321
0.00292781
0.0275805
0.0031216
0.00742224
0.0180517
0.0111357
0.00200793
0.00348371
0.00772232
0.00365345
0.00719098
0.0133545
0.0123466
0.0494674
0.0605536
0.0625529
0.0108882
0.00552943
0.00586861
0.0101586
0.000403995
0.00466551
0.0198609
0.00425981
0.00344563
0.00898362
0.0114822
0.0277336
0.00181458
0.0103842
0.0142225
0.0110828
0.0100109
0.0871292
0.0404509
0.00137409
0.00123375
0.0157782
0.0102989
0.0411096
0.018984
0.0174138
0.00275757
0.0102244
0.0218886
0.0167099
0.01009
0.00341831
0.00780235
0.0224276
0.00664792
0.00449306
0.00322528
0.00204613
0.0230004
0.0163111
0.00127411
0.0366194
0.0355261
0.0197862
0.00580223
0.0141617
0.0272767
0.012269
0.0137896
0.00217849
0.0142171
0.0185796
0.0175389
0.00156692
0.000456022
0.014265
0.00236149
0.00482527
0.00617322
0.0177216
0.00166736
0.0104265
0.000927497
0.0368685
0.00885486
0.0230623
0.0120255
0.00387768
0.00572247
0.0111548
0.00820886
0.00285224
0.00876097
0.00702945
0.0139295
0.00453197
0.00128895
0.00263633
0.00901785
0.0206078
0.0302488
0.00117917
0.0010825
0.00601878
0.029895
0.00934828
0.0440875
0.0387263
0.0112155
0.00910262
0.0225901
0.0247102
0.00113226
0.0092234
0.00250453
0.00151354
0.00531099
0.025085
0.011322
0.00102007
0.0197824
0.00414146
0.00630674
0.0403447
0.00788034
0.0119712
0.0329587
0.00931711
0.00335963
0.00339101
0.0322679
0.00630687
0.0382747
0.0176217
0.0029367
0.00543209
0.0145841
0.00240565
0.00196204
0.00945952
0.0046924
0.0015813
0.0159181
0.000644081
0.0341962
0.00288481
0.0110687
0.0126268
0.00864269
0.00631029
0.0218704
0.00462385
0.00121719
0.0114181
0.01231
0.00132897
0.00961868
0.002798
0.00761851
0.050005
0.00508282
0.00925729
0.0162235
0.0013269
0.00955407
0.0139656
0.000519001
0.00712481
0.00743152
0.00072395
0.00316669
0.0497402
0.00899695
0.00131344
0.00495416
0.0139193
0.00994035
0.000384017
0.00507655
0.00333157
0.00425359
0.00442791
0.0062739
0.0344017
0.0555429
0.00582274
0.0035721
0.00187059
0.0104671
0.00469235
0.0147764
0.0104675
0.07674
0.00441555
0.00519888
0.00213295
0.0196749
0.00351484
0.00459898
0.00745395
0.0026634
0.00717331
0.0216668
0.00725939
0.00630498
0.00793787
0.00299561
0.00698748
0.00880006
0.010592
0.00310035
0.000507244
0.00687199
0.00177245
0.00978679
0.00436915
0.0145117
0.0127575
0.00616557
0.00184646
0.0164542
0.00231864
0.00339406
0.0165815
0.0477783
0.0200488
0.015862
0.0179171
0.00836909
0.0298774
0.0322355
0.0145669
0.000874901
0.0202529
0.00893476
0.00889815
0.00151863
0.0192678
0.00328467
0.00238471
0.0243473
0.00369688
0.00883915
0.015989
0.00132017
0.0416632
0.00798793
0.00497701
0.00847635
0.0248239
0.0550645
0.00522387
0.00586965
0.00317721
0.0031267
0.0170336
0.00691997
0.00139556
0.00158543
0.0181671
0.0448375
0.056257
0.0262227
0.0113022
0.013251
0.0167649
0.00437899
0.0051017
0.00220396
0.0390665
0.0193309
0.0275369
0.023658
0.0509995
0.0074373
0.00208281
0.00654857
0.0138289
0.00254932
0.00181561
0.00170179
0.00392833
0.0116618
0.00769439
0.00124638
0.00313527
0.00191356
0.0111616
0.0076405
0.00767905
0.00505286
0.0149131
0.0927783
0.0157338
0.010552
0.00202836
0.00366322
0.00154379
0.0324238
0.00214615
0.0105009
0.045835
0.00720361
0.000711492
0.00130354
0.00184331
0.00191622
0.000619963
0.00451528
0.00163471
0.00627417
0.0159029
0.00106367
0.00907267
0.001428
0.00330746
0.00859582
0.0168696
0.0138969
0.00368511
0.00961801
0.0153019
0.00409814
0.042395
0.0068185
0.0492055
0.00295002
0.0106677
0.00514584
0.00132561
0.0663691
0.00483786
0.00184826
0.135498
0.0456712
0.00339778
0.00174175
0.0117416
0.00948762
0.00363957
0.011048
0.00247341
0.00485968
0.0335557
0.0068028
0.00185642
0.0123487
0.00485415
0.0243216
0.0176838
0.00847198
0.00863287
0.00484035
0.00158058
0.00449614
0.0182873
0.0253036
0.0100233
0.019148
0.0320472
0.0174662
0.0259007
0.0128615
0.00211904
0.00483821
0.00955256
0.00685628
0.0368773
0.0167937
0.0213065
0.00453155
0.0110182
0.00551182
0.0024113
0.00232595
0.00569251
0.0210073
0.00642346
0.00145901
0.0275334
0.00312492
0.0153126
0.00448554
0.0263689
0.000988276
0.00983357
0.00199251
0.0186163
0.0420365
0.00154866
0.0382167
0.0264357
0.00260171
0.00797405
0.0104935
0.00242833
0.000907039
0.0990095
0.00403407
0.0650136
0.0215965
0.0030906
0.00313476
0.00345494
0.0160719
0.00175185
0.00224525
0.0223997
0.00260197
0.024686
0.00133315
0.00412699
0.0141586
0.00258268
0.00739113
0.00685339
0.00362444
0.0127778
0.00256682
0.0328703
0.012299
0.0216038
0.0648735
0.00885375
0.00402594
0.00907798
0.00337221
0.00784604
0.0594855
0.0188489
0.0101049
0.0154687
0.00862385
0.000760425
0.00312058
0.0134806
0.00300066
0.0105665
0.00827088
0.0118395
0.0084373
0.00214495
0.00103855
0.0199578
0.0202443
0.0291877
0.00348487
0.0178135
0.0197803
0.00274546
0.00466142
0.00977284
0.000933123
0.000612468
0.00927747
0.00770332
0.00535816
0.000567132
0.0129523
0.0151026
0.0048755
0.00191029
0.000596612
0.0719923
0.0022243
0.00147137
0.000215483
0.013097
0.036486
0.00788601
0.00485048
0.00460387
0.000807475
0.0140854
0.0748499
0.00109243
0.054599
0.0179638
0.0376819
0.00991861
0.00700722
0.00616644
0.00110096
0.00210279
0.00593367
0.000983131
0.00352509
0.0171142
0.0070704
0.00197774
0.00416297
0.0106379
0.00439593
0.0079285
0.0036297
0.00170408
0.0419307
0.00766666
0.0136854
0.00386453
0.038944
0.0154451
0.00260954
0.010216
0.048825
0.00308679
0.00678926
0.00985896
0.00851188
0.0104602
0.0210009
0.00324158
0.00423359
0.00435281
0.004789
0.000860327
0.000819817
0.00263558
0.0372267
0.0161558
0.0181074
0.0100809
0.00280528
0.00744015
0.00457813
0.00455272
0.00390979
0.0135061
0.00897677
0.00208108
0.023409
0.0102643
0.0114664
0.188389
0.00606862
0.00874758
0.00847063
0.00512169
0.0050317
0.0170793
0.0214265
0.0396772
0.00579671
0.018086
0.000704641
0.0360145
0.00205793
0.0116051
0.00131202
0.0086278
0.00154996
0.00278351
0.0450931
0.00790514
0.109096
0.00603912
0.0151802
0.0169055
0.0161013
0.0057233
0.00527439
0.0059451
0.0235044
0.0124878
0.0105893
0.00194499
0.0083614
0.00683233
0.0238959
0.0109446
0.0127516
0.0225913
0.00195561
0.00454951
0.00818799
0.00968222
0.0043017
0.00625129
0.00331942
0.00600132
0.0382185
0.00322558
0.0273043
0.00663791
0.00572606
0.0023859
0.0123625
0.0994124
0.0238968
0.00374192
0.0127496
0.00240268
0.0213455
0.0185267
0.000707076
0.00126435
0.018576
0.0023999
0.00188947
0.05016
0.0139421
0.000757329
0.0364904
0.0187288
0.0199961
0.006508
0.00182484
0.00669328
0.0016963
0.0156771
0.00717982
0.00710528
0.00125343
0.00244058
0.00572683
0.00619463
0.0273349
0.0311447
0.0250077
0.00379262
0.0193697
0.00357854
0.00261945
0.0150235
0.0133706
0.00598426
0.00140065
0.00286408
0.00820962
0.00534716
0.0699837
0.000956264
0.00237843
0.00158033
0.00447633
0.00181358
0.00111708
0.00505182
0.00123699
0.00877409
0.0258213
0.00940708
0.0127196
0.00438339
0.0023893
0.00600826
0.0294921
0.000817826
0.00187278
0.00333231
0.00379398
0.0206865
0.0105926
0.0118675
0.00519904
0.00897532
0.00741477
0.017937
0.0307069
0.0016667
0.00155768
0.000512368
0.00287662
0.00811492
0.0247762
0.111386
0.00921758
0.00636276
0.00239469
0.00236795
0.019297
0.00232514
0.00332939
0.0354524
0.0195657
0.0152441
0.00917208
0.03387
0.00439282
0.025438
0.0196714
0.0199064
0.011818
0.105764
0.0310053
0.00172642
0.038397
0.00160085
0.0120354
0.00540096
0.0135851
0.0124998
0.0144004
0.00768203
0.0116406
0.00654779
0.0151506
0.00256018
0.0107238
0.00743672
0.00263386
0.0287016
0.0151754
0.00313693
0.00895119
0.00158258
0.0377197
0.0106522
0.00925372
0.0185025
0.00133702
0.00320625
0.00363035
0.0124301
0.00701095
0.0335065
0.0116081
0.011349
0.0203084
0.0109347
0.014243
0.0108034
0.0132422
0.0100696
0.0139318
0.00738387
0.00650173
0.00152012
0.00099656
0.0757626
0.00155599
0.00533148
0.00942096
0.00289475
0.00987356
0.00146579
0.0209102
0.0177691
0.017055
0.00728049
0.00129841
0.0415081
0.00212907
0.0186193
0.00866945
0.0244721
0.0159774
0.0509589
0.00100266
0.00823338
0.00244165
0.00674648
0.051011
0.0171041
0.00771348
0.00331204
0.00961828
0.00547694
0.0112308
0.00688901
0.00619154
0.0166192
0.0131912
0.013847
0.00858387
0.0134202
0.0136762
0.00650539
0.00385561
0.0333051
0.00476988
0.00301728
0.00778628
0.00061384
0.0115655
0.00568312
0.00270764
0.00249226
0.0176263
0.00307636
0.00539365
0.00931558
0.00219504
0.00303418
0.00468708
0.00735612
0.0296796
0.00253203
0.00211992
0.0199657
0.0238589
0.00551716
0.011254
0.00696221
0.0116426
0.0482719
0.00434411
0.00536628
0.00665567
0.00185926
0.00942691
0.0199697
0.0159565
0.00810602
0.0155807
0.00521655
0.00834874
0.0322973
0.00643421
0.0151185
0.0102165
0.00245028
0.00223684
0.00396091
0.0418659
0.0234091
0.00655753
0.0165086
0.0126802
0.01666
0.00171475
0.00421858
0.00220169
0.0101834
0.00230188
0.00279499
0.0128062
0.0108411
0.0105781
0.0326034
0.00207526
0.00182946
0.00814135
0.00257758
0.00581488
0.00994012
0.00159876
0.00284086
0.00350784
0.0105611
0.00699158
0.0255589
0.0022943
0.000896152
0.00800738
0.00599498
0.00120783
0.00129286
0.000955652
0.0014006
0.00397073
0.0150553
0.00174014
0.0144116
0.0134288
0.00284749
0.0220649
0.00231696
0.0385673
0.00324533
0.00770651
0.00643744
0.0102766
0.0112034
0.00237854
0.000794743
0.00390858
0.00175586
0.015828
0.00156463
0.0039555
0.000994673
0.00458314
0.00435728
0.129281
0.0149774
0.00893204
0.0201177
0.0228958
0.00738653
0.00587977
0.00954053
0.0121601
0.00242694
0.00652648
0.00363589
0.0144982
0.025865
0.00237178
0.000415706
0.00210595
0.0261232
0.00155666
0.00195604
0.00545284
0.00367187
0.0155566
0.00367737
0.000922798
0.00384631
0.0608144
0.0137438
0.00369113
0.0230405
0.00396932
0.012771
0.00686279
0.000543792
0.0187453
0.005806
0.0179564
0.0091502
0.0201507
0.017472
0.00126757
0.00922676
0.00284518
0.00629503
0.00509927
0.0180913
0.0127077
0.00313102
0.00102365
0.017626
0.00232484
0.00820611
0.00850007
0.0377665
0.0337217
0.0342067
0.00197959
0.00756318
0.00921225
0.0158241
0.0963356
0.0235915
0.00350979
0.00645786
0.00206349
0.00683244
0.00445866
0.0288247
0.0180933
0.0353111
0.0249095
0.00283952
0.0194829
0.0264157
0.00530067
0.0277841
0.00861196
0.0120441
0.00160788
0.0551293
0.0154006
0.021185
0.00557415
0.0175421
0.00431466
0.0182281
0.0166707
0.0485408
0.0103183
0.0128482
0.00116168
0.000799832
0.0112926
0.016053
0.00220176
0.00128368
0.0107366
0.00403422
0.00179186
0.00147067
0.0117266
0.000610367
0.0266526
0.00935622
0.0224096
0.00100015
0.00933866
0.00279861
0.00314431
0.00172331
0.00175181
0.129467
0.0405656
0.00574945
0.0422522
0.0556975
0.00372861
0.00115114
0.0178931
0.00111011
0.0140229
0.0109714
0.00428972
0.00879509
0.0199417
0.0121028
0.0790129
0.0164426
0.00670765
0.00889842
0.017834
0.00787262
0.0169975
0.0522659
0.00640101
0.0310518
0.0533005
0.00726782
0.00354014
0.0300466
0.00878123
0.0706609
0.000874011
0.0221989
0.00389039
0.0121905
0.000779306
0.0077357
0.0136018
0.010702
0.006696
0.0138208
0.00239886
0.0101125
0.0166117
0.00117922
0.000416257
0.00294702
0.00363762
0.00256903
0.0044662
0.01033
0.0520397
0.0102713
0.00076983
0.0107332
0.00887744
0.00155322
0.0134076
0.00392869
0.00107904
0.00502359
0.0547743
0.00190991
0.0288752
0.00265549
0.0170467
0.00343081
0.012869
0.00678554
0.00511486
0.00781669
0.0132943
0.00670239
0.00199741
0.00193739
0.00139711
0.00115151
0.0102238
0.0233914
0.0162267
0.000943556
0.00388027
0.0146919
0.0127784
0.00384672
0.0109646
0.0298234
0.021174
0.000970702
0.0233221
0.0141685
0.0131834
0.00388188
0.0271052
0.0439068
0.00494416
0.0137463
0.00192237
0.00874171
0.0076984
0.0132794
0.0137962
0.0111811
0.00471841
0.0174067
0.00185783
0.0111796
0.00324696
0.0114959
0.00622265
0.0237586
0.00970601
0.0271176
0.00425694
0.00208397
0.00326699
0.00831051
0.00248313
0.0269722
0.00284958
0.00420468
0.0341782
0.000563502
0.0314358
0.00533657
0.0249754
0.00247739
0.0540609
0.00169448
0.00398681
0.013619
0.0305916
0.00429091
0.0142375
0.0113788
0.00317805
0.00223453
0.0149605
0.0243809
0.0163186
0.0520686
0.0198517
0.0016512
0.0398457
0.00852947
0.00147085
0.0125868
0.00187583
0.00421839
0.00874369
0.00141698
0.0112784
0.00160421
0.0256639
0.034713
0.00827129
0.00247747
0.00463136
0.00771936
0.01993
0.00223335
0.00128245
0.00175986
0.0189326
0.0011443
0.0592061
0.015192
0.00938837
0.00927263
0.0105317
0.0143207
0.000754341
0.00157694
0.0198639
0.00211092
0.00244608
0.0152034
0.0135974
0.0167121
0.0077548
0.0069086
0.00250857
0.00872488
0.00144717
0.00947653
0.00431711
0.00140872
0.00408232
0.000344873
0.00626101
0.0171501
0.0302773
0.00192338
0.00854227
0.0499762
0.0204404
0.00501897
0.00150735
0.00118466
0.0061483
0.00211457
0.00283483
0.0169579
0.00679266
0.00602685
0.00253659
0.0204994
0.0054399
0.00180941
0.00296836
0.00864471
0.0088995
0.0131612
0.00488212
0.00554084
0.0519726
0.00515402
0.00247755
0.0332965
0.00233252
0.00408952
0.0100083
0.0234469
0.00277631
0.0314699
0.000599548
0.00641653
0.00450948
0.0110548
0.00254063
0.00111543
0.0130677
0.0397056
0.000565649
0.0146357
0.00226869
0.0297813
0.00193159
0.0158318
0.010574
0.00731612
0.00690917
0.0107969
0.00113041
0.00655435
0.00945192
0.000474399
0.0113568
0.00198631
0.0104534
0.0217303
0.00242314
0.00152031
0.00209499
0.00796997
0.0153713
0.00857622
0.0249004
0.0140297
0.0341163
0.00834302
0.00365268
0.0520231
0.0054742
0.00510713
0.023211
0.00380911
0.0116431
0.00122316
0.0105887
0.00760957
0.00510388
0.0112587
0.00305305
0.00226317
0.00391674
0.00425137
0.0147737
0.00586344
0.000980798
0.000195372
0.0275107
0.0189656
0.00104768
0.00482901
0.0083514
0.004134
0.00204226
0.0557872
0.0280766
0.0155132
0.0142296
0.0544557
0.0316184
0.000519965
0.00375113
0.0548189
0.00333902
0.00908199
0.0141838
0.0255815
0.00249203
0.0424403
0.0127675
0.00487314
0.00738344
0.00956693
0.00677837
0.00177849
0.00104919
0.0927222
0.00469506
0.00923438
0.0135414
0.0140032
0.00557205
0.00246571
0.0173034
0.0119085
0.0411546
0.0124242
0.00122453
0.0431664
0.00866054
0.00628225
0.00412104
0.0610728
0.00451211
0.00232709
0.00177856
0.0415083
0.0147895
0.0105663
0.0344855
0.00130226
0.0014699
0.00339995
0.0146743
0.00737623
0.00797026
0.0244294
0.00660347
0.0383061
0.000335448
0.0134377
0.00519333
0.016908
0.0124402
0.00209488
0.035596
0.00675688
0.00160288
0.00278765
0.00082989
0.0246449
0.00705544
0.00505368
0.0166501
0.00148258
0.00226225
0.00629864
0.00129111
0.00305226
0.0143428
0.00292198
0.0170601
0.00131042
0.0240803
0.00601968
0.00549864
0.0556321
0.0134764
0.00210916
0.0360656
0.013784
0.0174448
0.0147562
0.0328765
0.00495936
0.00179813
0.00649601
0.0217418
0.00418736
0.0150787
0.00242906
0.017169
0.00170396
0.0189539
0.00111384
0.00715463
0.0174796
0.00384609
0.00206528
0.0825912
0.0132449
0.00260405
0.00226492
0.0353399
0.010027
0.0141709
0.00375593
0.0266748
0.0636269
0.00395831
0.00845304
0.0152307
0.00463148
0.0175842
0.00364906
0.000948165
0.0434159
0.0651423
0.00322735
0.0736108
0.0044593
0.00169162
0.0018968
0.00322337
0.0354451
0.000482164
0.0108667
0.00447284
0.0161453
0.0229484
0.0571477
0.00595377
0.010741
0.101498
0.00845248
0.00208649
0.0167071
0.0164608
0.00854739
0.00223716
0.00582682
0.0327264
0.00580566
0.00290589
0.00896883
0.0138272
0.0177362
0.0326178
0.00610403
0.00890417
0.000536009
0.000248392
0.00705275
0.0139273
0.00133925
0.0053054
0.00255339
0.0130108
0.028845
0.00110205
0.00118059
0.0112837
0.00128865
0.0223338
0.0729245
0.00149594
0.0104751
0.0028115
0.0403953
0.0130831
0.0160468
0.0400877
0.00139358
0.000499399
0.00603522
0.00932332
0.00229448
0.00127868
0.0128805
0.00734494
0.00855602
0.000246041
0.00187055
0.0255826
0.00535596
0.00144362
0.0110049
0.0125288
0.0128801
0.044168
0.00536958
0.00876533
0.00201534
0.00537581
0.0190323
0.0182483
0.0174863
0.000962226
0.00898083
0.0456432
0.0298276
0.0049803
0.00733931
0.000784854
0.0102735
0.00277269
0.0073851
0.00725085
0.00913195
0.00626311
0.00058794
0.0131556
0.0387952
0.0300637
0.020977
0.00213725
0.029877
0.00279727
0.0019032
0.0151086
0.0143982
0.00772174
0.00373789
0.0622419
0.0340772
0.0137296
0.00985728
0.0655249
0.00501028
0.0372163
0.00600594
0.00570748
0.00883044
0.00983733
0.00607514
0.00954528
0.00277091
0.00242813
0.00502651
0.00304743
0.00281319
0.00936922
0.00103483
0.0348206
0.0116014
0.0048553
0.0148099
0.048971
0.0101594
0.00166774
0.0252696
0.0249054
0.00888646
0.0008464
0.00666537
0.00264514
0.0219188
0.00132428
0.0076846
0.0356065
0.0168697
0.0071146
0.0595317
0.0246604
0.00228405
0.00119193
0.00657549
0.00484063
0.00538426
0.0144203
0.000721261
0.0126435
0.0193132
0.00700929
0.0156452
0.0146013
0.002003
0.0567568
0.00139389
0.00254376
0.0157936
0.00603724
0.00135834
0.0257058
0.0149254
0.00124253
0.00392191
0.00347218
0.00515218
0.0153608
0.0162064
0.0135761
0.0274986
0.0300759
0.094952
0.00869719
0.0184512
0.0242299
0.0011646
0.00534506
0.00197513
0.00598174
0.00130397
0.000995126
0.00834767
0.00919931
0.00948983
0.00109732
0.00436827
0.00037723
0.0132176
0.000880947
0.0123083
0.00995725
0.0183381
0.00196351
0.00992553
0.00102811
0.00276457
0.0141574
0.0107942
0.0154704
0.00173855
0.025901
0.0148257
0.00474683
0.00314193
0.00293604
0.0126866
0.0138202
0.0166138
0.00219003
0.0013292
0.0123727
0.0212977
0.00789636
0.00301437
0.00754871
0.000804613
0.0113218
0.00471905
0.00290702
0.00505642
0.016089
0.00216467
0.00354209
0.00134551
0.0232431
0.00423528
0.000466629
0.0106356
0.0195561
0.00634356
0.00363158
0.00995962
0.0436307
0.0335781
0.0193091
0.0020194
0.00246949
0.0165182
0.0160017
0.0107384
0.00235318
0.0151082
0.0116826
0.00684039
0.015502
0.00376673
0.0168237
0.0306486
0.0339568
0.00990313
0.00729279
0.00232797
0.00701746
0.0188433
0.0135177
0.015331
0.000849283
0.00273195
0.00187465
0.0588797
0.0201387
0.00279383
0.0355657
0.0186581
0.00274776
0.00644876
0.0161552
0.0459049
0.0112364
0.00746564
0.0167891
0.0404364
0.0392987
0.00736787
0.00484672
0.00763029
0.00193784
0.0118011
0.000599349
