0.00135101
0.000682344
0.0111942
0.0016277
0.0021972
0.00234711
0.00183833
0.00268866
0.000428107
0.000336002
0.000855485
0.00134809
0.00160363
0.00157514
0.00169258
0.00139187
0.000751318
0.00145127
0.00184186
0.00658313
0.000825974
0.000750326
0.0058118
0.00172099
0.00305755
0.000712809
0.000328065
0.00114788
0.00116266
0.000686797
0.00209919
0.00261956
0.001168
0.000850201
0.00503191
0.0105364
0.000712605
0.00153162
0.00189795
0.00107553
0.00128809
0.00112172
0.00104481
0.00607344
0.000298879
0.000731589
0.00153552
0.00122838
0.00157842
0.00135306
0.00155871
0.000396257
0.00243773
0.000686766
0.000904155
0.00116606
0.00582902
0.000912771
0.000450349
0.0035075
0.00136083
0.00154767
0.00524104
0.00127213
0.00241695
0.00404365
0.00132453
0.00177678
0.000927721
0.000962695
0.00268003
0.000974437
0.00237677
0.00102268
0.00106348
0.000433466
0.0021824
0.00166095
0.00477172
0.000429847
0.0017705
0.00504804
0.00115381
0.0019378
0.00125096
0.00111588
0.000804195
0.000659877
0.000921342
0.000554623
0.0037435
0.00196565
0.00454558
0.00211234
0.000710404
0.00136582
0.00145889
0.00121635
0.0011015
0.0033304
0.0019235
0.0017112
0.00170368
0.00135332
0.000935203
0.000956138
0.00105865
0.00163854
0.000525595
0.00051214
0.00110129
0.00132114
0.000950695
0.00226358
0.000934093
0.00110126
0.000858809
0.00232313
0.00126513
0.00375244
0.00286776
0.00166354
0.00176557
0.000246879
0.00153351
0.00137903
0.00150603
0.00140392
0.00160787
0.00130006
0.00188873
0.000420541
0.001686
0.00153806
0.00449866
0.00107069
0.00189068
0.00422965
0.00112845
0.00216737
0.0021203
0.000360373
0.00155809
0.00176141
0.00470307
0.00139651
0.00120838
0.0019374
0.0012921
0.000250626
0.000607729
0.00317352
0.000752499
0.00173161
0.00184724
0.0029449
0.00126261
0.00572587
0.00187132
0.00042698
0.00155723
0.000510023
0.00180742
0.00195381
0.00183219
0.00205029
0.0013551
0.0031594
0.00302294
0.00310103
0.00290987
0.00230396
0.000857892
0.00284632
0.00283379
0.00173613
0.00253637
0.00168956
0.00113539
0.00287891
0.0033722
0.00151466
0.00212202
0.00299035
0.00246565
0.00192003
0.00356693
0.0028169
0.00221459
0.000913256
0.000937744
0.00127841
0.000640529
0.00155155
0.000665374
0.00257711
0.000619853
0.00265877
0.000930971
0.000696521
0.00951305
0.00108398
0.00129194
0.00132553
0.000901474
0.00170056
0.00116199
0.00434473
0.00202068
0.00103517
0.004818
0.00177155
0.00047376
0.0024196
0.000951139
0.00247931
0.00234416
0.00887634
0.00727808
0.00150214
0.00298941
0.00305995
0.00231872
0.00254972
0.00242599
0.00819843
0.00155799
0.00147198
0.000596303
0.00180583
0.0010162
0.00326837
0.0018025
0.00152966
0.0026526
0.00484741
0.00245557
0.00343975
0.00121551
0.000738788
0.00153513
0.000696134
0.00835028
0.00468564
0.00190827
0.00204403
0.00208184
0.00106878
0.00127932
0.00169629
0.00110829
0.00218769
0.00296824
0.00111672
0.00198197
0.00163896
0.00120352
0.00685228
0.00164566
0.00634076
0.000541404
0.00248934
0.000963222
0.00566395
0.000637839
0.00170446
0.000790162
0.00130599
0.00221619
0.00120004
0.000803544
0.00208985
0.00103175
0.00212754
0.00155393
0.0010209
0.00154356
0.00115701
0.00287493
0.000949659
0.00291351
0.00129625
0.00186885
0.00207268
0.00227315
0.001134
0.000444632
0.000412722
0.0140473
0.00452688
0.00157721
0.00178575
0.000996104
0.00182281
0.000959501
0.00138425
0.00175403
0.00110561
0.0224315
0.00168184
0.00236476
0.00293707
0.00144389
0.00329227
0.00157879
0.00250146
0.00207808
0.000663411
0.00159017
0.00141563
0.00144842
0.00255143
0.00199017
0.0014619
0.000874566
0.00127107
0.000500844
0.00185484
0.00056446
0.0026961
0.00121573
0.00121502
0.000879423
0.00233362
0.00111688
0.00246831
0.00293017
0.000883152
0.00109552
0.00120407
0.0016404
0.00136088
0.00341146
0.00232332
0.000339465
0.00150509
0.00220781
0.00121673
0.0035202
0.00189085
0.000934773
0.000477561
0.00167457
0.00141454
0.00431151
0.00284701
0.00124397
0.000665705
0.00175634
0.00120113
0.00121388
0.00357046
0.00181092
0.00117188
0.00103012
0.00144294
0.00361763
0.00107266
0.000824606
0.00300772
0.000857844
0.00223868
0.00181474
0.00252193
0.00249251
0.00197539
0.000527979
0.0012235
0.00223317
0.00104031
0.00146941
0.000561199
0.00239265
0.00158911
0.000964644
0.00211057
0.00199809
0.00104123
0.000453525
0.00158427
0.00268352
0.0011037
0.00132734
0.00103317
0.00145291
0.00308741
0.00161528
0.000416423
0.00170049
0.000553483
0.00151723
0.000454447
0.00139872
0.000791126
0.00293592
0.00245894
0.00143084
0.000747991
0.00480677
0.00214109
0.00152091
0.00305811
0.00251261
0.000946514
0.00135517
0.00193177
0.0165543
0.00106195
0.000680772
0.00205093
0.00917278
0.00775362
0.00177488
0.000849541
0.00161211
0.000949223
0.00517619
0.00286067
0.00182867
0.00135682
0.00184814
0.00163851
0.000937766
0.00156814
0.00172969
0.00250065
0.00105081
0.00420499
0.00216154
0.00144742
0.000822507
0.00171791
0.00135419
0.00150953
0.00136501
0.00228436
0.00599031
0.000860821
0.00135886
0.00110399
0.00228334
0.00124818
0.00118068
0.00166032
0.00235399
0.00251922
0.00151928
0.000715039
0.01001
0.000953433
0.00232594
0.000548251
0.00107995
0.00261479
0.000351154
0.00033743
0.00333258
0.000714561
0.00268024
0.000203334
0.00259417
0.00298964
0.00153621
0.0026038
0.000151074
0.00477435
0.00153667
0.00228275
0.000742672
0.00228245
0.0005518
0.00184202
0.000586455
0.00391169
0.00101944
0.000971413
0.00121236
0.00441687
0.00078993
0.000513058
0.00164264
0.000757401
0.000624475
0.00210524
0.00115815
0.00161691
0.00106034
0.000582025
0.000403294
0.000896857
0.00275986
0.0019851
0.00116886
0.0011135
0.0020985
0.00201658
0.000749235
0.000992688
0.00308646
0.00210299
0.00117951
0.00183041
0.00122062
0.0011436
0.00149189
0.00105403
0.00073056
0.00379478
0.00103859
0.00142788
0.00244262
0.0012319
0.000946336
0.000958834
0.000521243
0.00111961
0.000851382
0.0035745
0.00147167
0.0015697
0.000836815
0.000911821
0.00192195
0.000969854
0.00273598
0.002561
0.00388469
0.00120189
0.000758239
0.00223866
0.000384121
0.0034169
0.00147738
0.000850469
0.000886432
0.000728859
0.00194883
0.00127785
0.00124276
0.00191885
0.00204091
0.000914545
0.00387745
0.000452225
0.00204912
0.000960054
0.00127529
0.00237035
0.00588253
0.00251483
0.00182939
0.00435067
0.000701897
0.00117886
0.000447295
0.00138718
0.00183046
0.000492886
0.00111929
0.000434343
0.00284498
0.00208201
0.00111292
0.019447
0.00166176
0.000800879
0.00483625
0.00241605
0.00168721
0.00214515
0.0069071
0.00248128
0.00109033
0.00162248
0.00117326
0.00148633
0.000535986
0.00218512
0.000668984
0.00246876
0.00126565
0.000772446
0.00237511
0.00464737
0.00115252
0.000843246
0.00647872
0.000303303
0.00177866
0.00997691
0.000862468
0.00425074
0.000620546
0.000521528
0.00153156
0.00191725
0.0017864
0.00205378
0.0141472
0.00230003
0.00153794
0.00253809
0.000854001
0.0232823
0.00192207
0.00101023
0.0026036
0.00402349
0.00331995
0.00130295
0.000878958
0.00067087
0.0014081
0.000838774
0.000447375
0.00179768
0.0015265
0.00245849
0.00048068
0.00124021
0.000683779
0.000667659
0.00103274
0.000971795
0.00116092
0.00366383
0.00718274
0.00192712
0.00261266
0.00268762
0.00113259
0.00193321
0.000755478
0.000933868
0.00842246
0.0008827
0.00418756
0.00178305
0.00380069
0.000848072
0.000919045
0.0015667
0.00506743
0.00106824
0.000615402
0.000818412
0.00130781
0.000793987
0.00145041
0.00205881
0.00231205
0.00270901
0.00029286
0.00104567
0.00893079
0.00284869
0.0012911
0.00182052
0.0013148
0.00401835
0.00324369
0.000803956
0.00233757
0.0011834
0.000939197
0.00109633
0.000598974
0.00208034
0.000630657
0.000755581
0.00249078
0.00807165
0.00165175
0.00108488
0.00158147
0.000738911
0.00229339
0.00151445
0.00127593
0.000151697
0.000342524
0.00111533
0.00119488
0.00362772
0.00196851
0.00256171
0.00106397
0.0102117
0.00100178
0.00314463
0.00326396
0.00149413
0.00173025
0.00189996
0.000933528
0.00188139
0.000703974
0.000441707
0.00372317
0.0028279
0.00351204
0.00100964
0.00131934
0.000527902
0.00108221
0.00107712
0.00559077
0.00278322
0.00140233
0.00127858
0.00133614
0.00115364
0.00167034
0.000171716
0.00141621
0.00187235
0.00174022
0.000820164
0.00882133
0.00228933
0.000615916
0.00240071
0.000732295
0.000491076
0.00587426
0.0066657
0.000820707
0.000492685
0.00203078
0.00211144
0.00260071
0.00123711
0.00153083
0.00130222
0.00154998
0.000702766
0.00204149
0.00303708
0.00149219
0.00141886
0.00123401
0.0046025
0.00144178
0.00397738
0.00128865
0.000716115
0.000552025
0.000947298
0.00292575
0.00239861
0.00108755
0.000937722
0.00090288
0.00283139
0.0025699
0.00615718
0.00103981
0.00420913
0.0012064
0.00128896
0.0208642
0.00153372
0.00100992
0.00105578
0.000931258
0.00319589
0.0015598
0.00174605
0.00511635
0.000388133
0.000939215
0.0015605
0.00236477
0.00162304
0.000877181
0.0028347
0.00107836
0.000369993
0.00119116
0.00368561
0.0010334
0.00266188
0.00374354
0.00111101
0.00139703
0.00305554
0.000682641
0.00410621
0.000719002
0.0014205
0.00149758
0.0199097
0.00182222
0.00100732
0.000916305
0.0010449
0.00131059
0.00341559
0.000597393
0.0017768
0.00328081
0.000935834
0.00183132
0.000873537
0.000969612
0.00521584
0.000806475
0.00322475
0.000871773
0.0028592
0.00159564
0.000943167
0.00133236
0.00131868
0.000979349
0.00133735
0.00195809
0.000405889
0.00096244
0.00206401
0.000177291
0.0104448
0.00639102
0.00211116
0.00106984
0.00152563
0.0185828
0.00162101
0.00294394
0.0011714
0.0013809
0.000569317
0.00144866
0.00135023
0.00114665
0.00337506
0.00835154
0.00706267
0.000627242
0.00653849
0.00595938
0.00163548
0.000758002
0.00183204
0.000583063
0.00237412
0.00407493
0.00153504
0.00315814
0.000728344
0.0044449
0.00255997
0.00171318
0.00115546
0.000743472
0.00215732
0.00188811
0.00251143
0.00053734
0.0018154
0.000990395
0.00159745
0.00153187
0.00505287
0.00091161
0.00213521
0.000620561
0.00077654
0.000545615
0.0047756
0.00112261
0.000841655
0.00331985
0.00100713
0.00163383
0.0013553
0.00052333
0.00266409
0.000813126
0.000848201
0.000515637
0.000334737
0.0023923
0.00204135
0.00326155
0.00268334
0.00107629
0.00108078
0.00164071
0.0011255
0.00200324
0.000769944
0.0012863
0.00517255
0.0010456
0.00135725
0.00178021
0.000644931
0.00753878
0.000473606
0.00641632
0.0031166
0.00426055
0.000695717
0.00148411
0.00134941
0.00187115
0.00111028
0.00184812
0.00193244
0.00082056
0.00147784
0.000763381
0.00211668
0.00350475
0.00208479
0.00123323
0.000415062
0.00113169
0.00189715
0.000391539
0.00199738
0.000813461
0.00233594
0.00220303
0.0016011
0.0013779
0.0025347
0.00405964
0.00171422
0.00056895
0.000829683
0.00199904
0.00280384
0.00091685
0.00205237
0.00124566
0.0011803
0.000554674
0.000441413
0.00149309
0.00227135
0.00181797
0.00130616
0.000467348
0.00238668
0.00219964
0.00153778
0.00176029
0.00131417
0.011421
0.000478538
0.00488705
0.00173934
0.00183711
0.0014088
0.000658145
0.00362648
0.00470098
0.00219275
0.00224408
0.000794148
0.00311001
0.00762133
0.00137337
0.000631681
0.00137432
0.00265602
0.0024765
0.00235743
0.00165589
0.0012999
0.00143116
0.00128674
0.00199709
0.00151939
0.00162528
0.000561652
0.0220858
0.000634762
0.000859061
0.0113361
0.00157484
0.000726721
0.00309497
0.0013513
0.00120362
0.00158598
0.000672897
0.00360629
0.00298
0.00131629
0.00853952
0.00353508
0.00195566
0.00321007
0.000519434
0.00372424
0.00113729
0.00264815
0.00104992
0.00167776
0.00176224
0.00102804
0.00222269
0.00246357
0.00137196
0.000476838
0.00217945
0.00232427
0.00135576
0.00244834
0.00222103
0.00184719
0.00165343
0.00621096
0.00140903
0.00144252
0.00275909
0.00113371
0.0188562
0.00186023
0.00143246
0.000470798
0.00169835
0.00131181
0.0015087
0.00182184
0.0256192
0.00203242
0.000804489
0.000539203
0.000567553
0.00184795
0.00224458
0.00121803
0.00133097
0.00109071
0.0019115
0.00154659
0.00706937
0.00234261
0.0211188
0.0047886
0.00199819
0.00565295
0.00113185
0.0019302
0.00112886
0.00191619
0.00279665
0.00121727
0.00120057
0.00140405
0.00159485
0.00188343
0.00543895
0.00318463
0.000838952
0.000186897
0.00133855
0.00196093
0.00311309
0.00368651
0.00116262
0.00189758
0.00221966
0.00256508
0.00208359
0.000366092
0.00109669
0.00111242
0.00107235
0.00266062
0.000779492
0.00169003
0.00314661
0.00113475
0.00328926
0.000450523
0.00132142
0.00100867
0.000616195
0.000593003
0.00145109
0.000962882
0.000554335
0.000532656
0.000640206
0.00164666
0.000576147
0.0034637
0.000567333
0.000711648
0.0011138
0.0017321
0.00142395
0.00178706
0.00147669
0.00157659
0.00131071
0.000958479
0.00046966
0.000966122
0.00102737
0.00862934
0.00608131
0.00110107
0.00292446
0.00192593
0.000663858
0.000921777
0.00431495
0.00132352
0.000568104
0.00193998
0.0017874
0.00189935
0.000683361
0.00136389
0.00133876
0.00207502
0.000197228
0.00090793
0.000943881
0.0002439
0.00145232
0.00127947
0.00254835
0.00146422
0.000971172
0.000595579
0.00195114
0.000795074
0.00101262
0.000735733
0.0019748
0.00184586
0.00146386
0.00210587
0.00373994
0.00329153
0.00143197
0.00198952
0.000553414
0.000765798
0.000870955
0.00167418
0.00072565
0.000272805
0.00221899
0.00269326
0.00186145
0.016015
0.0024997
0.00421852
0.00189719
0.00210371
0.00108614
0.00151831
0.00137704
0.00119578
0.00210338
0.0036805
0.000949623
0.00121986
0.00110862
0.00175075
0.00227701
0.0015233
0.00246123
0.00103376
0.000237525
0.0025189
0.0145937
0.00363967
0.00151044
0.00202407
0.00187764
0.00512692
0.00309976
0.00135754
0.00178489
0.00117487
0.00079706
0.00516012
0.000815005
0.00205623
0.00114175
0.0015307
0.00218505
0.00295999
0.00297857
0.00292996
0.00208472
0.00117134
0.00164701
0.00142035
0.0207519
0.00196678
0.00170139
0.000420378
0.00140931
0.00100953
0.00178385
0.00141957
0.00246539
0.000925208
0.00044153
0.00350664
0.00407597
0.00074093
0.00269851
0.00148448
0.00138854
0.00212088
0.00190888
0.000851889
0.00113788
0.00237964
0.00110183
0.000745891
0.000536596
0.0026585
0.00477153
0.0032312
0.000910255
0.00172759
0.000194572
0.00229445
0.00162692
0.00159196
0.0018904
0.00113913
0.000956104
0.00256373
0.00144467
0.000724025
0.00153319
0.00128297
0.000842689
0.00257341
0.000844563
0.00141664
0.00111855
0.000396868
0.00132519
0.00258847
0.00179359
0.00114264
0.00343227
0.013434
0.000985712
0.00102793
0.00101801
0.00239622
0.00264402
0.000617488
0.00221316
0.0013576
0.000534249
0.00303505
0.00153122
0.000251829
0.000824482
0.000812783
0.000641635
0.00117438
0.00199798
0.000655059
0.00157365
0.00238326
0.00156872
0.00495323
0.00402578
0.00114028
0.0011753
0.00129698
0.000638634
0.000697594
0.00232124
0.00107505
0.00191249
0.00296003
0.00325681
0.00177002
0.00142729
0.00160771
0.00101866
0.00830056
0.000836072
0.00157549
0.0012126
0.00194194
0.000770261
0.000690918
0.00324518
0.00046096
0.00178702
0.000520504
0.000966706
0.00109221
0.00634467
0.0020013
0.00310666
0.00135748
0.000513593
0.00110991
0.00469318
0.00120105
0.00103285
0.000868546
0.000638445
0.00146316
0.00133425
0.00619769
0.00217842
0.00196879
0.00181639
0.000905501
0.00078555
0.00165369
0.0012494
0.00139047
0.00173268
0.000658235
0.00287442
0.000732696
0.00334568
0.00406104
0.00206097
0.0020216
0.00143593
0.00174317
0.00335649
0.00142064
0.0024365
0.000777261
0.00139696
0.00144272
0.00181669
0.000965603
0.000519968
0.00152309
0.00123118
0.00185109
0.00142549
0.00136756
0.000143681
0.00227541
0.00116043
0.0025704
0.00121347
0.000884622
0.00308482
0.000964628
0.00202914
0.00166041
0.00316135
0.0018705
0.00172434
0.00402006
0.0025882
0.00127032
0.00116978
0.00110145
0.00100798
0.00111472
0.00116626
0.00084085
0.00117103
0.00115808
0.000654508
0.00437266
0.00207307
0.00148958
0.0063519
0.000932475
0.0048529
0.0011932
0.000851066
0.000721159
0.0029058
0.00271113
0.000863608
0.00136482
0.00112255
0.00194212
0.000963491
0.000929338
0.000891993
0.00191313
0.00157427
0.00034169
0.000571107
0.00109716
0.00073138
0.00174814
0.00180138
0.00115821
0.00132011
0.0035219
0.00478444
0.000267526
0.00120608
0.000792978
0.00216923
0.000749187
0.00099734
0.0019989
0.000563976
0.00130713
0.00201572
0.00216886
0.000756182
0.00436501
0.00154706
0.000601966
0.000346435
0.00321037
0.00611017
0.000696245
0.0111593
0.000869795
0.00145158
0.00104925
0.000442011
0.00109897
0.00165002
0.00122914
0.00168315
0.000954424
0.000672171
0.000843711
0.00220333
0.00179435
0.00269514
0.00301421
0.00073221
0.0171849
0.00354616
0.00243262
0.00182578
0.00164056
0.00200244
0.00127485
0.00199667
0.0220761
0.000957686
0.00128298
0.0017981
0.00184257
0.000819838
0.00112886
0.00138681
0.00241278
0.0224445
0.000815926
0.00226393
0.00321338
0.00364733
0.000687928
0.00133546
0.000846131
0.000812375
0.000679508
0.000514524
0.00167016
0.0012761
0.00157668
0.00129799
0.00213602
0.00171275
0.000451364
0.00196635
0.000607764
0.00417332
0.00208891
0.00181256
0.000921837
0.00193425
0.00020497
0.000695737
0.00161243
0.00190041
0.00337188
0.000880539
0.000679038
0.00128349
0.0012095
0.00078792
0.00117132
0.000743796
0.00143205
0.0016041
0.000911536
0.00257842
0.00314629
0.00253129
0.00591168
0.000167239
0.0011651
0.00213277
0.00137308
0.00159501
0.011118
0.00536736
0.00125494
0.00243937
0.00223367
0.00166454
0.00261081
0.000928855
0.00126857
0.00149974
0.00165133
0.0013787
0.000650165
0.00131386
0.00263291
0.00127316
0.00179498
0.000227603
0.000809154
0.00426252
0.00232029
0.00130883
0.000642754
0.000858959
0.00629516
0.00219578
0.00135723
0.00109906
0.00133911
0.00593433
0.00138039
0.00225328
0.00157518
0.00238682
0.00165668
0.00349896
0.00401041
0.00167612
0.0013222
0.00512734
0.000743846
0.00454865
0.0012606
0.00335893
0.00205587
0.00104909
0.00181034
0.000987136
0.00196665
0.000314122
0.00285133
0.00275992
0.00166233
0.00455635
0.00132471
0.00207177
0.00131069
0.000707726
0.00127773
0.00158385
0.00101128
0.000463066
0.0028232
0.000834502
0.00328315
0.00207147
0.0019137
0.00213297
0.00478172
0.00853766
0.00157343
0.00332058
0.000651329
0.00156511
0.00566833
0.00150379
0.00209728
0.00372474
0.00143992
0.00138276
0.00161207
0.00136081
0.000455518
0.000804589
0.00145757
0.00290562
0.00276233
0.00110942
0.00170995
0.0043058
0.00129142
0.00242335
0.00256754
0.000784106
0.00413181
0.00313451
0.00116521
0.00159636
0.00401814
0.000335816
0.00163254
0.000997021
0.000405938
0.00180136
0.00135341
0.00207848
0.00200357
0.00336715
0.00381397
0.00246103
0.00198064
0.00177878
0.00225388
0.00633523
0.0012088
0.00142144
0.00113464
0.000547842
0.00057693
0.00114556
0.00550113
0.000532249
0.00119124
0.000596151
0.00218949
0.00238225
0.00108143
0.0010617
0.00100696
0.0018213
0.00285581
0.000667314
0.000746523
0.00164636
0.00469081
0.000997069
0.00189481
0.00163641
0.0018803
0.000694446
0.00573042
0.00110616
0.001778
0.00189442
0.000542132
0.000759116
0.000843917
0.000473707
0.000834276
0.00231431
0.00141606
0.00215395
0.00867396
0.00114246
0.00312368
0.00138586
0.000634037
0.00531819
0.00160514
0.00180025
0.00131438
0.000975745
0.0013629
0.00164825
0.00144997
0.00509649
0.00118793
0.000933159
0.00227322
0.00552299
0.00096623
0.00227871
0.00208335
0.00263959
0.00132241
0.00237493
0.000490625
0.00107703
0.00246308
0.00255421
0.0020692
0.000476178
0.000653438
0.00482708
0.000793057
0.00276692
0.00327417
0.000996158
0.000277041
0.0021982
0.000751734
0.00100092
0.00121538
0.00149773
0.0020897
0.00089936
0.0027141
0.00122594
0.00202027
0.00133516
0.00172887
0.00140745
0.000703173
0.00152346
0.0010239
0.00363687
0.00077027
0.000686686
0.00139662
0.00471622
0.00244111
0.000423982
0.000668811
0.00102489
0.00171231
0.00134892
0.000977705
0.00179008
0.00151263
0.000951208
0.000552801
0.00176791
0.00108474
0.0012372
0.00158111
0.0023195
0.00644843
0.00965756
0.00309944
0.000995519
0.000291381
0.000722846
0.00268693
0.000661814
0.00165661
0.00355719
0.00115632
0.00134679
0.00286369
0.0015666
0.00116535
0.0011165
0.00116156
0.000344676
0.00103346
0.00234643
0.000513196
0.000735524
0.00183893
0.000460631
0.00133488
0.00023254
0.000491999
0.000893877
0.00411657
0.00181485
0.00127984
0.000633873
0.00208482
0.000672326
0.00165752
0.00108485
0.000754839
0.00130779
0.0019563
0.00135414
0.000858384
0.000680499
0.00134133
0.00481965
0.00172564
0.00104519
0.00437752
0.00165954
0.00161613
0.00048034
0.0023513
0.000383425
0.00118828
0.00137678
0.000726963
0.000366904
0.0080384
0.00026212
0.000792199
0.000919262
0.00110291
0.00364551
0.010033
0.000665997
0.00118846
0.00126602
0.00125086
0.00848149
0.00115723
0.00142658
0.00277646
0.000957774
0.00200499
0.000359783
0.00231696
0.00308699
0.00405677
0.00101944
0.000629542
0.00310307
0.000565978
0.000554107
0.000498677
0.00797879
0.00411122
0.0026401
0.00252447
0.000852035
0.000945634
0.00172364
0.00232861
0.00274829
0.00131123
0.000591801
0.00345358
0.000284439
0.000649637
0.00113877
0.000942865
0.00112472
0.000889774
0.00176173
0.000852647
0.000632367
0.00178227
0.00487247
0.00123912
0.00514947
0.000271294
0.00135519
0.00154459
0.00135168
0.000797549
0.000557944
0.00139786
0.00196486
0.00116385
0.00211944
0.00293848
0.00144002
0.00124335
0.00174037
0.00198778
0.00065927
0.00262116
0.00103406
0.00145697
0.000875018
0.000609553
0.0010267
0.000937326
0.00110633
0.00176537
0.00226745
0.00215961
0.00241205
0.0017402
0.00412011
0.00291152
0.00649313
0.00121644
0.00637383
0.00128517
0.00467812
0.00109008
0.00146831
0.000373275
0.000983406
0.0010891
0.00295659
0.0130233
0.000537647
0.0114578
0.00168034
0.00220092
0.00439282
0.000145083
0.0015931
0.00138151
0.0013166
0.00129229
0.00291072
0.00114544
0.00127775
0.0018013
0.00150441
0.00218028
0.00391708
0.00090052
0.00138118
0.00162879
0.0132857
0.00238383
0.000431899
0.000889142
0.0012927
0.000761557
0.00665401
0.000717923
0.000711396
0.00206495
0.0036382
0.00203793
0.0133012
0.00157379
0.00331925
0.0019377
0.00105595
0.00614477
0.001737
0.00144183
0.00157264
0.00125554
0.000916493
0.00128387
0.00170271
0.00159207
0.00159549
0.00207674
0.00226332
0.00226236
0.00110735
0.00405496
0.001517
0.000491954
0.00408693
0.00122502
0.00214953
0.00181229
0.000710849
0.00179786
0.00130992
0.00115374
0.00147574
0.00190889
0.00353043
0.00116579
0.00367306
0.00241629
0.00159936
0.00158037
0.00191966
0.000405242
0.00158535
0.00176746
0.00229147
0.00143167
0.00814047
0.00051366
0.00542076
0.00207168
0.00150736
0.0028302
0.00194928
0.000418306
0.00130158
0.000654127
0.000854364
0.000798602
0.00118444
0.00272403
0.00131989
0.000826264
0.00138257
0.0148431
0.00173334
0.00175841
0.00158932
0.00195566
0.00111025
0.00109801
0.00113821
0.00173935
0.00226683
0.00189546
0.00152215
0.00131798
0.000773318
0.00114741
0.00491504
0.00150439
0.00175114
0.000842731
0.0020501
0.0011947
0.0012313
0.000577343
0.00173485
0.00130221
0.00275177
0.000648169
0.000386128
0.00109277
0.00120139
0.000860348
0.00371177
0.004254
0.00168617
0.00144823
0.000169954
0.00101296
0.00136957
0.000642939
0.00151311
0.00182441
0.00126282
0.00024713
0.00545639
0.00333876
0.00434074
0.00101421
0.00233272
0.000475274
0.00349902
0.000852358
0.00155864
0.000967081
0.00017215
0.000884993
0.00326131
0.00320815
0.000834629
0.000632346
0.00125894
0.00295088
0.00631884
0.00233827
0.000985167
0.000802612
0.00113322
0.00348332
0.00215942
0.00108535
0.00107512
0.00153637
0.00244423
0.00242763
0.00257734
0.00187379
0.00108317
0.00137559
0.00178096
0.00149975
0.00135163
0.00171308
0.00363051
0.00132228
0.00284506
0.00317701
0.00047009
0.00157885
0.000586111
0.0037302
0.00131699
0.0022295
0.00278381
0.00737323
0.00115995
0.00180367
0.00673525
0.000687331
0.00141789
0.00188081
0.00386553
0.000364944
0.00314797
0.00279548
0.000575722
0.00188761
0.00356713
0.0015691
0.00131432
0.00292821
0.00110552
0.00104256
0.00248609
0.00228811
0.00151124
0.000919098
0.000450777
0.00113873
0.000886815
0.00276078
0.00154401
0.00123788
0.00264418
0.00071957
0.000275857
0.000923769
0.00865088
0.00283315
0.00254318
0.00111659
0.000988432
0.00399583
0.00337332
0.000916464
0.00131994
0.00128151
0.00207656
0.00124833
0.00160608
0.00114727
0.00266781
0.00110956
0.00409204
0.00203871
0.000963884
0.00095594
0.00201509
0.00263096
0.00298114
0.00138241
0.000906372
0.00166097
0.00219256
0.00140967
0.000948853
0.00103388
0.00196554
0.0013013
0.000789114
0.00217706
0.00331398
0.00150431
0.000161245
0.000831315
0.0018442
0.00179103
0.00692582
0.00142472
0.00101527
0.00214073
0.00267326
0.000883927
0.000550857
0.000882809
0.000773122
0.00144607
0.0018045
0.00274226
0.00117713
0.00201144
0.00174411
0.00204353
0.00433805
0.00714664
0.00212044
0.00176611
0.000557756
0.00111336
0.000143633
0.00145929
0.000914262
0.00210139
0.0020216
0.00361048
0.00050461
0.00353761
0.00132504
0.00208896
0.00519254
0.0222358
0.0014389
0.00141484
0.00119071
0.000839908
0.00229161
0.00291834
0.00594219
0.00132268
0.0151493
0.00145828
0.00126355
0.00549618
0.00201137
0.00443078
0.00188078
0.00189407
0.000805868
0.00135445
0.00196558
0.00569376
0.00384566
0.000296298
0.00184691
0.00424768
0.00219046
0.000848756
0.0016031
0.00394842
0.00226221
0.00141676
0.00334948
0.00215451
0.00108046
0.000924665
0.00150689
0.0017736
0.000931708
0.00134117
0.00149952
0.000615589
0.000345969
0.000301372
0.00122901
0.00237536
0.00139175
0.00349816
0.00159773
0.00135411
0.000987605
0.00166756
0.00306837
0.00127473
0.00229541
0.000367482
0.00293472
0.0113458
0.00323998
0.0016197
0.000639657
0.00214281
0.00122702
0.00154496
0.00102398
0.00423156
0.00488984
0.00117613
0.000915691
0.00359129
0.00268165
0.00158907
0.001205
0.00216008
0.00326294
0.00196239
0.00682354
0.000738327
0.00253476
0.00183046
0.00166072
0.00155817
0.00182352
0.00188029
0.000751343
0.00151309
0.00118691
0.0115701
0.00431615
0.00448382
0.049316
0.00178062
0.00111626
0.000650995
0.00151947
0.00287573
0.00245785
0.00191963
0.00104902
0.00926433
0.000734792
0.0032053
0.000793872
0.00531195
0.00211948
0.00306383
0.00130598
0.00303502
0.00642607
0.00364266
0.000606592
0.00152225
0.00117882
0.0041411
0.000592193
0.00179493
0.00103415
0.00227648
0.000214249
0.00101913
0.00219744
0.0122222
0.003542
0.00609205
0.00395996
0.000640586
0.0020901
0.000556965
0.00103219
0.000899178
0.00117772
0.00157301
0.000552106
0.00163048
0.00107183
0.000842737
0.00172912
0.000742879
0.00147024
0.000682716
0.000560785
0.00239575
0.00160427
0.000910324
0.000992737
0.000476849
0.000926231
0.000487029
0.00277472
0.00231357
0.00104507
0.00427614
0.00240453
0.0018476
0.00643122
0.00852683
0.00162598
0.00324264
0.000720037
0.00159433
0.00143526
0.000672425
0.00317587
0.00286311
0.005522
0.000672117
0.00143783
0.000745793
0.00139351
0.00263719
0.000788498
0.00119424
0.000176971
0.00181919
0.00181497
0.00126251
0.00184501
0.00224927
0.00230602
0.000793103
0.00152938
0.00140308
0.000983697
0.000767566
0.000435111
0.00174737
0.00242865
0.00286453
0.00860202
0.00150801
0.00177114
0.00417046
0.000413178
0.00109928
0.00545132
0.00200275
0.00103566
0.000928315
0.0108653
0.000840514
0.00158707
0.0013568
0.00161817
0.00338122
0.00154994
0.00119617
0.000840491
0.00147768
0.0018254
0.000344155
0.00308825
0.000487956
0.000843077
0.000349494
0.00141717
0.00258529
0.000397628
0.00133534
0.000512266
0.000470574
0.00322072
0.000200785
0.00238405
0.000547774
0.00117805
0.000899804
0.0016039
0.00199991
0.000487467
0.00174612
0.000521379
0.0011309
0.00390901
0.000827986
0.00338065
0.00223921
0.00107617
0.000599748
0.000913401
0.00242058
0.000792129
0.00279515
0.00114868
0.00291589
0.00137033
0.00357074
0.00304934
0.00248821
0.00194147
0.00283948
0.0027814
0.00182956
0.00141239
0.00127241
0.00204294
0.00104293
0.00183673
0.00197066
0.00128715
0.000625014
0.0012976
0.000869152
0.00116386
0.00161099
0.00213676
0.000273648
0.00121881
0.00161983
0.00113701
0.00137333
0.00108603
0.000584168
0.00226765
0.00197046
0.00364503
0.000993867
0.00280741
0.00189793
0.00147148
0.00156968
0.0010614
0.00151382
0.00163205
0.000838204
0.0046357
0.00231063
0.000870856
0.00126467
0.000393725
0.00213993
0.000394845
0.00232994
0.000990697
0.000616728
0.00108863
0.00120984
0.00142034
0.00167507
0.0018631
0.0026935
0.00151347
0.0017733
0.00146715
0.00473081
0.00197865
0.00133631
0.000903215
0.000796176
0.00480246
0.00296417
0.0091721
0.00178099
0.00720017
0.00123764
0.000836091
0.00110167
0.00174746
0.000471743
0.00283891
0.00110734
0.00109736
0.00276647
0.00131661
0.00218953
0.000905244
0.00305575
0.00494176
0.00149563
0.00864607
0.00145844
0.003449
0.000919699
0.00492402
0.00127137
0.00320885
0.00314958
0.00120296
0.00221473
0.00257655
0.000880698
0.00247879
0.0011453
0.000480316
0.00112653
0.00612656
0.00066708
0.00071531
0.00107459
0.00255162
0.00164661
0.000797147
0.00110803
0.00109534
0.00105353
0.00149197
0.00215023
0.00195671
0.000689875
0.00180833
0.00314014
0.00109576
0.00249416
0.00103118
0.00210305
0.00156465
0.0054216
0.000524986
0.00131848
0.000894199
0.00543916
0.000897725
0.00374733
0.00271725
0.00207956
0.00149709
0.00143314
0.00171392
0.00270553
0.000998685
0.00180775
0.000332795
0.000884986
0.00120806
0.000524419
0.000533967
0.00367838
0.00209694
0.0016644
0.000230658
0.00541111
0.000547606
0.00119319
0.00302354
0.0020591
0.00228389
0.00232054
0.00188781
0.000653288
0.00299404
0.00121412
0.000637707
0.000741771
0.00127882
0.00189682
0.00193269
0.00119585
0.00168615
0.00433892
0.000713791
0.00694969
0.00166986
0.00334054
0.0015619
0.000714165
0.00159973
0.000388929
0.00088176
0.00140072
0.000735741
0.000736368
0.00122462
0.000681205
0.00204242
0.000665637
0.00329943
0.00240408
0.000752625
0.00122272
0.00108182
0.00254543
0.00156736
0.000638792
0.00111762
0.00278146
0.00150158
0.00113533
0.00106817
0.00250722
0.00103509
0.00374561
0.00302916
0.00693637
0.00290821
0.00173448
0.00371986
0.00078128
0.00155104
0.00310987
0.00182397
0.000423146
0.00229851
0.00214889
0.00202729
0.00130682
0.00198203
0.00164939
0.00291804
0.000936816
0.00195373
0.000952242
0.00330818
0.00115768
0.00191551
0.00551326
0.00124161
0.00082968
0.0026389
0.00145367
0.000783817
0.000253581
0.00159823
0.00527054
0.000944082
0.00145614
0.00179432
0.00262277
0.000693222
0.00342349
0.000453183
0.00250918
0.00159618
0.00177605
0.0012022
0.00171453
0.00127759
0.000800273
0.000203795
0.00271386
0.0014457
0.00200729
0.00410976
0.0012491
0.000194568
0.00048458
0.00236642
0.00106029
0.00372582
0.00151484
0.0012575
0.00111455
0.00103293
0.000518158
0.00303328
0.00125589
0.00129299
0.0010288
0.0015852
0.000428514
0.00110065
0.000679002
0.000791716
0.00282952
0.000483594
0.00495013
0.00341985
0.00256028
0.00136793
0.00135006
0.0017991
0.000652419
0.000558972
0.00184311
0.0015607
0.00162077
0.000337444
0.00128685
0.00116735
0.000586436
0.000523736
0.00552531
0.00147155
0.000544654
0.000536982
0.000831537
0.00127966
0.00117981
0.000361904
0.00171938
0.00129892
0.00196051
0.00683722
0.000646584
0.00161283
0.000664133
0.00124898
0.00190681
0.00178266
0.00123769
0.00414301
0.00113454
0.00860749
0.00470639
0.00163916
0.000955109
0.000320012
0.00162959
0.00806943
0.00288399
0.00115589
0.0027761
0.00144837
0.000955564
0.0025548
0.00234671
0.00880574
0.000838424
0.00603583
0.0012696
0.00291918
0.00132664
0.00218385
0.0012953
0.000430008
0.00171081
0.00115348
0.0022927
0.00102622
0.000663681
0.00169932
0.00234525
0.00237481
0.00210459
0.00293373
0.00167774
0.000181134
0.00131363
0.00294054
0.000781844
0.00144919
0.00174718
0.00151205
0.00115191
0.000423423
0.00904462
0.00219709
0.000828659
0.00243137
0.00216782
0.00217605
0.00163679
0.00148855
0.00104882
0.00374939
0.00740373
0.0017003
0.000864483
0.00295813
0.00107906
0.00123724
0.00179847
0.00163992
0.000720184
0.00190006
0.00108593
0.00135622
0.000957718
0.00171407
0.00364808
0.00202646
0.00122676
0.00111461
0.000806411
0.00160459
0.0010726
0.00286222
0.000828203
0.00134364
0.00153174
0.0013779
0.00117747
0.00154312
0.00132721
0.00125616
0.0053364
0.00105784
0.0038928
0.000807598
0.000656951
0.00547316
0.000980799
0.00249208
0.00158036
0.000478033
0.00202135
0.00337784
0.000963447
0.000528953
0.0005415
0.00105783
0.00352587
0.00151864
0.000649719
0.00125685
0.0005953
0.00240563
0.00357807
0.000745271
0.000567288
0.000795677
0.000329694
0.00228819
0.00195543
0.00137521
0.000943279
0.001841
0.0034289
0.00686432
0.00154754
0.00208717
0.00298606
0.0028587
0.00318473
0.000957433
0.00117726
0.000717645
0.00512479
0.00121711
0.00181849
0.00235918
0.00141394
0.00248752
0.000952773
0.00176338
0.000699294
0.000573876
0.000919943
0.00210799
0.00220596
0.00574531
0.00105939
0.00123074
0.00200748
0.00185644
0.00128398
0.000902932
0.00110805
0.000932349
0.00541006
0.00115948
0.00231014
0.00326502
0.0541828
0.00185742
0.000351983
0.000882465
0.000874064
0.00191859
0.00043558
0.00162268
0.000916964
0.00139837
0.000781615
0.00248118
0.00107532
0.000849184
0.00184181
0.00162088
0.00206745
0.00162069
0.000658245
0.0013494
0.00746693
0.00207092
0.00313495
0.000428596
0.00104694
0.00260411
0.00192592
0.00317641
0.00232013
0.00166698
0.000260784
0.000919733
0.0016399
0.00222366
0.00344961
0.0030982
0.00145597
0.00857587
0.00598838
0.00231153
0.00149782
0.00199989
0.00240687
0.00196893
0.00111287
0.0010752
0.000680556
0.00178759
0.00226662
0.00135078
0.00274532
0.00276482
0.00228634
0.00150073
0.00190636
0.00363149
0.000416653
0.00575939
0.000521251
0.00133435
0.00123726
0.00299131
0.00119978
0.00114736
0.00488708
0.00131249
0.00550089
0.000592458
0.0023213
0.00197197
0.00134424
0.000707735
0.000597845
0.00595715
0.00255606
0.000850097
0.00213258
0.000267851
0.00326455
0.00162687
0.00117459
0.00124715
0.00179303
0.00108559
0.00452064
0.000851923
0.00252514
0.00139214
0.00120341
0.000415985
0.000604486
0.00103375
0.00114057
0.00230123
0.0012418
0.00213218
0.00128932
0.00653563
0.00344934
0.00157497
0.00116219
0.0036907
0.00199037
0.00175563
0.00121453
0.000906591
0.00160915
0.00245438
0.00406871
0.00121683
0.0034575
0.00128308
0.00262618
0.00119752
0.0016227
0.00677873
0.000357595
0.0016463
0.000212561
0.0011314
0.000718593
0.00111504
0.00117643
0.000602807
0.00130522
0.00111317
0.001168
0.0011024
0.000775511
0.00894885
0.000735227
0.00127437
0.00165074
0.00383519
0.0173308
0.000900453
0.00080565
0.00698766
0.00196237
0.00159313
0.000601426
0.00139666
0.00296553
0.000695998
0.00112714
0.00139179
0.000262028
0.00106229
0.00125563
0.000308701
0.00102115
0.00147135
0.00227336
0.00361773
0.00216681
0.000647013
0.000550502
0.00200059
0.000899248
0.000340786
0.00172645
0.000781514
0.00877753
0.000977017
0.000776873
0.00132864
0.00151437
0.00071838
0.000701363
0.00320409
0.00285597
0.00203784
0.00320831
0.00128714
0.000773021
0.00132695
0.00348267
0.00310199
0.00154087
0.000639572
0.00123802
0.00168644
0.00782859
0.00232962
0.000795997
0.00110222
0.00150931
0.00113861
0.00113711
0.00118861
0.000799821
0.00149321
0.0026521
0.000340428
0.00098464
0.00130966
0.000922911
0.000764822
0.000820677
0.00186913
0.00131271
0.0023146
0.00124229
0.00147573
0.000848451
0.000748355
0.000855574
0.00100889
0.00160659
0.000451303
0.00159251
0.00217384
0.000906535
0.000672244
0.00108886
0.00108367
0.00250886
0.00180953
0.00115134
0.000246773
0.000493744
0.00171951
0.000593834
0.00111693
0.00278977
0.00122313
0.0013411
0.00157385
0.00217501
0.00142811
0.00175847
0.00147815
0.00181951
0.00134429
0.00309373
0.000954275
0.00172853
0.00283717
0.00213406
0.00136854
0.00106835
0.00164313
0.00126911
0.00126906
0.00429565
0.00174876
0.000262404
0.00201541
0.00105286
0.00311522
0.00805918
0.00138905
0.0021948
0.000828119
0.00308715
0.00199461
0.00110962
0.000888319
0.000630422
0.000720808
0.00369817
0.000935472
0.0029818
0.00035088
0.000480457
0.0010975
0.00145402
0.00158248
0.00260702
0.00100179
0.000749803
0.000603673
0.000980814
0.00112087
0.00237564
0.000352786
0.0020342
0.000997294
0.00222663
0.0046181
0.00197128
0.00209142
0.00153966
0.00177834
0.00139318
0.00365286
0.00275355
0.000234394
0.00159264
0.00213374
0.00159512
0.00120836
0.0012063
0.00230232
0.00110801
0.000896984
0.0007581
0.00620232
0.00177169
0.000863659
0.00172422
0.00190444
0.000401997
0.000301291
0.000675352
0.00578662
0.00340546
0.0011315
0.00142627
0.00139698
0.000531221
0.00208967
0.00281387
0.000250557
0.000624584
0.0095578
0.00170247
0.00105739
0.00243943
0.00061673
0.00203563
0.00196272
0.00166672
0.0013442
0.00139984
0.00168553
0.00204758
0.00146212
0.00147898
0.000992246
0.00177248
0.00126607
0.00135845
0.00135803
0.000604045
0.00171798
0.00194083
0.00476593
0.00324606
0.000274107
0.00100212
0.00298364
0.00140502
0.00229426
0.00750425
0.00144771
0.00110862
0.00409047
0.00308244
0.00168334
0.00368626
0.00151028
0.00162407
0.00154439
0.00155354
0.00573236
0.00201652
0.00397508
0.00265137
0.0148691
0.00264295
0.00120685
0.00328095
0.000300463
0.000925865
0.00105942
0.00134614
0.00135749
0.000906324
0.00104062
0.00102722
0.00206501
0.000890783
0.00326031
0.00166688
0.00122564
0.00412758
0.00127072
0.00129358
0.00131408
0.000673832
0.00272507
0.000715995
0.0134004
0.00212305
0.00142645
0.00132697
0.00167695
0.00171283
0.00275457
0.00141045
0.0016973
0.00450478
0.00127115
0.00281755
0.00191692
0.00237928
0.00101527
0.00272706
0.00334463
0.000889128
0.00115789
0.00222466
0.0011982
0.00163445
0.00217873
0.00161471
0.00174853
0.000869163
0.00269091
0.0075056
0.00583318
0.00181718
0.000669223
0.00130796
0.0012336
0.00199408
0.000849075
0.000755977
0.00295943
0.000855267
0.000375652
0.0297067
0.000342595
0.00436902
0.0013568
0.00375693
0.000834747
0.00109608
0.00410078
0.00233209
0.00114389
0.000896043
0.00130151
0.000843266
0.000687274
0.000507469
0.00111144
0.00114039
0.00161117
0.00180688
0.00131646
0.000905117
0.00084752
0.00166848
0.00208689
0.00262068
0.000753039
0.000860644
0.00306412
0.00109487
0.00112983
0.000902574
0.00359624
0.0026214
0.00165334
0.00218738
0.00142011
0.00190421
0.00165328
0.00165007
0.00123627
0.000645332
0.00132999
0.000994716
0.00472973
0.00119112
0.00150975
0.000781736
0.00157095
0.00148619
0.00191874
0.00110098
0.00213545
0.00124381
0.00155406
0.000483775
0.00225197
0.000447746
0.000956289
0.00187833
0.00773449
0.000446467
0.00216331
0.00107635
0.00131641
0.00147401
0.0304842
0.0027655
0.000619854
0.00460029
0.00111338
0.00126982
0.000940724
0.00228823
0.00241727
0.000241827
0.00182873
0.00341958
0.00131162
0.000837142
0.00130111
0.00304078
0.000823008
0.00114646
0.000979026
0.000577228
0.00116336
0.00150914
0.00113197
0.00200903
0.00035743
0.00212692
0.00146122
0.00226604
0.00150703
0.00105353
0.00156004
0.00166043
0.00137518
0.00205997
0.000884062
0.00102368
0.0025006
0.000693509
0.000891091
0.0012999
0.00285339
0.000980303
0.00102587
0.00105176
0.000623358
0.00128818
0.00401709
0.000782955
0.00045233
0.00160631
0.00163833
0.00235223
0.0140947
0.00234304
0.00843466
0.0212189
0.00475701
0.0012409
0.00107166
0.00241331
0.00194845
0.0164844
0.00162302
0.000308937
0.00974332
0.00150972
0.00565324
0.00116789
0.00225388
0.00162654
0.00196033
0.00167675
0.0017688
0.00509647
0.00334839
0.00431296
0.00216051
0.00209755
0.00361768
0.00243461
0.000332342
0.00526505
0.00469892
0.00260928
0.00121437
0.00177628
0.00173662
0.0020125
0.00135364
0.00109858
0.00279443
0.000642112
0.000817934
0.00213318
0.0022841
0.00180962
0.0021884
0.00190783
0.00145458
0.000504436
0.000680304
0.00157712
0.000898744
0.00144356
0.00168359
0.000478677
0.00100341
0.00243911
0.00543499
0.000537375
0.00282649
0.00146254
0.00166238
0.000884098
0.00123604
0.00152739
0.00176178
0.00194142
0.00154022
0.00156699
0.00448107
0.00101177
0.00171978
0.00187907
0.00248174
0.00105003
0.00116314
0.00122188
0.00110132
0.00241869
0.00112399
0.00174094
0.00202351
0.00110921
0.00177849
0.00326885
0.00461051
0.00217119
0.000714976
0.000190641
0.00113791
0.00247686
0.00216308
0.00118617
0.000799332
0.00150167
0.00316266
0.00384427
0.00135917
0.00257683
0.00120657
0.000409739
0.00207713
0.000457612
0.000310493
0.000360588
0.000549948
0.00499836
0.00109241
0.00031436
0.00197746
0.00425849
0.00105597
0.00301793
0.000623049
0.000754206
0.000987396
0.00485779
0.00192173
0.00365933
0.00328022
0.00284711
0.00289068
0.00772342
0.00635579
0.00138375
0.000799039
0.00229019
0.00165378
0.00106928
0.00167559
0.00141293
0.0026588
0.00263695
0.000928353
0.00105716
0.00261503
0.00115998
0.00194231
0.000750354
0.00634625
0.00372036
0.00174197
0.00203957
0.00212887
0.00109612
0.00144803
0.000497803
0.00334798
0.00469963
0.0026448
0.00200146
0.000942205
0.00225954
0.000171608
0.000321308
0.000730404
0.00133299
0.00109717
0.000885073
0.00326504
0.00238721
0.000274387
0.00259469
0.000163273
0.00105566
0.00113771
0.0027244
0.000888658
0.00142005
0.00178828
0.00165342
0.0027822
0.0017713
0.00796132
0.0015486
0.000682009
0.00654789
0.00201069
0.000331493
0.00170373
0.00063676
0.0019989
0.00355892
0.00108005
0.00110988
0.00594564
0.00387566
0.00100015
0.00132386
0.00995906
0.00276451
0.00122761
0.00405379
0.00147581
0.00180559
0.00376106
0.000405531
0.00387014
0.000944473
0.00223478
0.000864254
0.00148981
0.00328242
0.00235606
0.000306108
0.00146778
0.00053997
0.0025936
0.00978685
0.00119035
0.00167967
0.000969903
0.00188061
0.00106454
0.00178079
0.00149303
0.000792855
0.00149282
0.000934878
0.00168981
0.000773132
0.00205915
0.00103321
0.000327821
0.00105805
0.00179555
0.000450356
0.00154146
0.0027212
0.00475054
0.0014705
0.00429699
0.00165577
0.00124295
0.00155047
0.00213141
0.0015189
0.00248135
0.0107634
0.00103352
0.00053047
0.000904343
0.000763656
0.00221063
0.00251594
0.000979332
0.000289021
0.00946086
0.00152123
0.00133245
0.00105782
0.00188949
0.00143917
0.000681024
0.00160142
0.00254377
0.000773833
0.00147749
0.00167862
0.00112982
0.000749443
0.000824221
0.00104766
0.00217982
0.00223706
0.000464226
0.00120221
0.00179864
0.00154551
0.0062363
0.00129771
0.000775206
0.00147986
0.00253574
0.00111021
0.00914858
0.000825464
0.00169783
0.00214374
0.00195097
0.000454342
0.0014022
0.00190916
0.00137992
0.00318318
0.013388
0.00164142
0.000943601
0.00128756
0.000792583
0.000513498
0.00178901
0.000539501
0.00163415
0.00068268
0.00168781
0.000575212
0.00644109
0.000487571
0.00109983
0.00532623
0.00117037
0.00295272
0.000332919
0.000872469
0.000714935
0.00196585
0.000832065
0.000877041
0.00117254
0.00363662
0.00189177
0.0013889
0.00129835
0.00148181
0.00359142
0.00081045
0.00140266
0.00100964
0.000753695
0.00343415
0.00564772
0.000657697
0.000718609
0.000729947
0.00155193
0.000976681
0.000325778
0.00043387
0.00273937
0.00422837
0.00020877
0.00111962
0.00228338
0.00137846
0.000534916
0.00159565
0.00206555
0.00163263
0.00124772
0.00345349
0.00296403
0.00177871
0.00199298
0.00703492
0.00406296
0.000421915
0.00108363
0.00134015
0.00190756
0.0017204
0.00109119
0.00441353
0.00416971
0.00145813
0.00096123
0.000377049
0.00191084
0.0047242
0.000989028
0.00088633
0.00506516
0.00161569
0.000810606
0.00151774
0.00410257
0.000833078
0.000753155
0.000818447
0.00299182
0.00114624
0.00158314
0.00129831
0.000975584
0.000693821
0.00383504
0.00275859
0.000837649
0.000580276
0.00145128
0.00375461
0.00133557
0.00360671
0.00088424
0.0035417
0.00156261
0.0025044
0.00205768
0.000863512
0.0025535
0.00113559
0.0165092
0.00181553
0.0070446
0.00230567
0.001394
0.00103267
0.00181342
0.00192058
0.00122745
0.00126681
0.00115797
0.00146627
0.00154921
0.00200374
0.000930584
0.0010376
0.00177884
0.00159709
0.0012966
0.000694948
0.00136359
0.00152048
0.00111454
0.000435986
0.000207803
0.00221293
0.00092801
0.000142154
0.00114905
0.00256662
0.000734063
0.00793204
0.0102415
0.00109442
0.00483458
0.00323222
0.00160356
0.00103869
0.00272305
0.00138209
0.00756427
0.00070622
0.00134825
0.00106071
0.00316674
0.00262859
0.00140425
0.000778014
0.00166302
0.000755477
0.00113511
0.00218782
0.00120342
0.00122536
0.00122014
0.00231727
0.00113202
0.00360089
0.00379046
0.00119917
0.00193302
0.000899347
0.000389561
0.0040445
0.00209163
0.000637302
0.00120655
0.00126476
0.000946411
0.0011479
0.000464654
0.00173479
0.00248667
0.0007059
0.00168856
0.00238872
0.0003159
0.00234143
0.00153849
0.00127055
0.00138371
0.00117947
0.00180341
0.00254327
0.000665911
0.00150954
0.003704
0.0037067
0.000561284
0.000921812
0.00163556
0.00134651
0.00111172
0.00225659
0.00118023
0.00195651
0.00785876
0.00196223
0.00757112
0.00447059
0.00169753
0.00102481
0.000548895
0.00149269
0.00165213
0.00441404
0.013544
0.0110345
0.00141833
0.00137674
0.000359917
0.00236162
0.00105923
0.00171387
0.00109263
0.0031868
0.0129979
0.00142309
0.00105479
0.00147799
0.0106802
0.00134649
0.00181606
0.00620783
0.00398049
0.0014966
0.00272467
0.0065864
0.00106782
0.00186422
0.00061007
0.00130244
0.00249976
0.00147217
0.00258871
0.000981558
0.000433122
0.000419285
0.000796617
0.00184669
0.00104611
0.000369186
0.00175542
0.000825392
0.000612898
0.00144437
0.000824115
0.00110984
0.0009714
0.0112393
0.00105681
0.00188557
0.00281918
0.0251069
0.00121173
0.00157371
0.00163318
0.000642796
0.00147352
0.0105726
0.00120637
0.00152124
0.0035375
0.000757064
0.000600046
0.00103213
0.00137616
0.00252222
0.00178082
0.00807065
0.00169558
0.00255515
0.00331996
0.00513379
0.00242543
0.00140553
0.00544869
0.000325167
0.00109313
0.00115757
0.00299426
0.000204454
0.000923253
0.00109711
0.00145261
0.000628601
0.00142874
0.00122192
0.00263989
0.00209051
0.00211007
0.000940211
0.00763078
0.00266834
0.00170377
0.00416314
0.000462975
0.000842626
0.00393508
0.00189903
0.00337699
0.00142176
0.00151239
0.00209147
0.00317192
0.00231845
0.00415075
0.00293813
0.00170644
0.00238533
0.00138877
0.000983938
0.00119723
0.000876044
0.000576019
0.00208335
0.00549458
0.00580434
0.00146933
0.00193712
0.00131729
0.00120997
0.00165323
0.00112335
0.00304655
0.00214661
0.00197759
0.00324661
0.00205629
0.00108591
0.00163452
0.00232537
0.00365173
0.00222756
0.00139866
0.00203811
0.00106253
0.00507383
0.000875157
0.00756883
0.00612352
0.00280108
0.000861195
0.000770305
0.00175918
0.00497394
0.00117659
0.000631434
0.000607024
0.00271914
0.000850019
0.00172121
0.00119391
0.000441422
0.000625367
0.00316813
0.0013182
0.00252553
0.00130696
0.000941348
0.00207125
0.00245823
0.000438691
0.00253331
0.00113868
0.0019125
0.00128877
0.00284489
0.000443613
0.00544554
0.000293246
0.00219627
0.00156527
0.00161105
0.000962825
0.00253889
0.000969816
0.00374925
0.00125457
0.00178223
0.00166835
0.00189463
0.0019876
0.00465366
0.00351063
0.00126348
0.00360388
0.000533937
0.00113451
0.000987236
0.00219663
0.00153729
0.00173096
0.000824844
0.00193562
0.00601486
0.00081076
0.00465193
0.000828818
0.00110063
0.00122487
0.00294882
0.00363092
0.000299103
0.00083884
0.00205274
0.00138786
0.00145588
0.000479473
0.000148017
0.00330949
0.00106561
0.00172391
0.00170347
0.00212379
0.00186838
0.00121513
0.00194241
0.00181907
0.00221711
0.000642389
0.00201789
0.00130765
0.0179313
0.000343802
0.000351779
0.00302103
0.00891542
0.0239994
0.00166295
0.00251723
0.00117173
0.0175574
0.00257559
0.000544178
0.000699904
0.00107327
0.000694034
0.000994485
0.0037718
0.00146724
0.0018254
0.00135529
0.000826985
0.00148341
0.000891241
0.00196561
0.00165766
0.0105872
0.00126226
0.00171539
0.00240451
0.00138609
0.00199146
0.000319989
0.000434628
0.0017501
0.00224617
0.0016802
0.00151263
0.00156553
0.001126
0.00188519
0.000882809
0.000615976
0.000947826
0.00138588
0.00112025
0.0028998
0.00494844
0.0197565
0.00294955
0.00140403
0.000973265
0.00233095
0.00144363
0.00103219
0.000588535
0.000465533
0.000759476
0.00263161
0.00137167
0.0006605
0.00263524
0.00113787
0.00166442
0.00255045
0.000936334
0.00129392
0.000779841
0.000888552
0.00116778
0.00161397
0.00254984
0.00197605
0.00103132
0.00102776
0.00810941
0.00113215
0.000709225
0.00308615
0.00264096
0.00160628
0.00247853
0.00294158
0.000425658
0.00240449
0.000701832
0.00144172
0.00197675
0.000465724
0.00103711
0.000354042
0.00413209
0.00221443
0.000765091
0.0195832
0.00140992
0.00314455
0.00154673
0.000446915
0.00142394
0.00141823
0.00264058
0.00116473
0.00109373
0.00154655
0.00112907
0.000826367
0.000549012
0.00193988
0.00305287
0.000561838
0.00306286
0.00744298
0.000388052
0.00235249
0.00280945
0.00221735
0.00136465
0.00402753
0.0021092
0.00111461
0.00193646
0.00119349
0.000509527
0.00146962
0.0018445
0.00119525
0.00185972
0.00288297
0.00133739
0.000624192
0.00121479
0.00202654
0.00199945
0.00133695
0.00164081
0.00113829
0.0012579
0.00103377
0.00314008
0.00162268
0.00188907
0.00211818
0.00141419
0.00178199
0.00468089
0.00144403
0.00162828
0.00171802
0.00188809
0.00101807
0.00131912
0.00289342
0.00153403
0.000490512
0.000624836
0.00258339
0.0033284
0.00252511
0.00306484
0.0011925
0.00195118
0.00151474
0.0035458
0.00722033
0.000980686
0.00141082
0.00095221
0.00197461
0.000760405
0.00119371
0.00124965
0.000704687
0.000851351
0.00101187
0.00104741
0.00108585
0.00070037
0.00199642
0.000937239
0.00242658
0.00256703
0.00174877
0.00449818
0.0018669
0.00111973
0.00240117
0.00137942
0.00301903
0.00230427
0.00591308
0.000447266
0.000622522
0.00128617
0.00189163
0.0012289
0.00160157
0.000806344
0.00387594
0.000705985
0.00191028
0.00157628
0.028919
0.000181151
0.00128439
0.00122687
0.00155913
0.0019986
0.00512958
0.0140787
0.00271657
0.00165224
0.000949264
0.000745449
0.00168218
0.000755504
0.00107579
0.00174833
0.00180805
0.000954728
0.00139454
0.000618999
0.000875151
0.00121868
0.0013158
0.000215597
0.00395393
0.00147371
0.0047833
0.00242935
0.000621493
0.000746842
0.00124255
0.0024779
0.00412846
0.00277858
0.000746168
0.00272875
0.00293857
0.00435047
0.00129541
0.000911689
0.00169433
0.00231503
0.00293725
0.00212754
0.00146719
0.00316842
0.00108507
0.000763981
0.00116084
0.00506642
0.00198466
0.00134084
0.000586576
0.00365426
0.0142227
0.00243422
0.00220739
0.00609831
0.000915763
0.00191634
0.00232515
0.00102667
0.000735374
0.00126408
0.000255503
0.000972526
0.00117334
0.00255171
0.00122034
0.0079508
0.00160565
0.00483213
0.00134523
0.00148023
0.000712372
0.0012205
0.000628446
0.00276769
0.00105159
0.00152248
0.000861662
0.00243123
0.00424496
0.0037542
0.00250154
0.00309857
0.00182522
0.00119844
0.000471082
0.00159343
0.00157167
0.00226462
0.00200536
0.00194925
0.00136726
0.000979329
0.00197086
0.00183771
0.000902588
0.000796496
0.00146813
0.00212954
0.00111669
0.00183098
0.00090019
0.00146745
0.000299414
0.00106513
0.000786568
0.00043189
0.00135713
0.00064068
0.00196262
0.00156093
0.00223134
0.00242286
0.00100197
0.00117977
0.000756035
0.00227764
0.000851819
0.0007259
0.000246577
0.00213405
0.00657751
0.0007859
0.000925931
0.00152581
0.00165071
0.00557686
0.00238309
0.00247096
0.000278436
0.00180344
0.00108507
0.000975872
0.00971178
0.0018103
0.00672385
0.00104459
0.000894803
0.00326173
0.000867493
0.00145409
0.0142451
0.00162575
0.00100866
0.000531647
0.00102327
0.000917782
0.00128751
0.000413962
0.000798729
0.00200341
0.00107239
0.00117458
0.00186777
0.00053636
0.00164582
0.00194937
0.000842062
0.00221469
0.00101632
0.00260397
0.00101672
0.000898842
0.00107077
0.00221846
0.000672625
0.00192355
0.0022023
0.00130966
0.00104498
0.0006756
0.00287324
0.000955458
0.00366093
0.00154476
0.000689761
0.00131568
0.00226298
0.00111192
0.00260988
0.002811
0.00082854
0.00115428
0.000603146
0.00730654
0.00116556
0.0027558
0.00213812
0.0142151
0.00237081
0.000671158
0.00350995
0.00610818
0.00133798
0.00133206
0.00196667
0.00478141
0.00190249
0.000928727
0.00078779
0.00156264
0.00125876
0.00148694
0.0011051
0.00198451
0.0017567
0.00276585
0.00172096
0.00249988
0.00222325
0.00245796
0.00776711
0.00230759
0.000695708
0.0032654
0.00145928
0.00281046
0.000707231
0.00141262
0.00186609
0.00147225
0.00163976
0.000881592
0.0014892
0.00218507
0.00226433
0.00206108
0.00165072
0.00293176
0.00124169
0.00199133
0.000670564
0.000467037
0.00230321
0.00207129
0.00383368
0.00151393
0.0010721
0.000312954
0.00255164
0.000932298
0.00101673
0.000804308
0.000895746
0.000780581
0.000687066
0.00340665
0.00106657
0.000628631
0.000672862
0.000770459
0.00144254
0.00126487
0.00255378
0.00204369
0.00332854
0.0029239
0.00398536
0.00458315
0.00244728
0.00581262
0.000564763
0.029262
0.000653368
0.000638919
0.00113304
0.00267602
0.00167187
0.00166504
0.00118912
0.0289528
0.00178428
0.00121975
0.000704543
0.000902843
0.0019421
0.00295951
0.00185187
0.000873548
0.000943692
0.00656098
0.00164079
0.00120249
0.00148553
0.00161924
0.00205248
0.00312517
0.00140376
0.00168038
0.000667988
0.000953949
0.00078896
0.001504
0.00168337
0.00194259
0.00139243
0.00124535
0.00202183
0.000606616
0.00459676
0.00142608
0.00153529
0.00154945
0.00268094
0.00209312
0.00313212
0.00369979
0.000910797
0.000797326
0.000163119
0.00394023
0.00141961
0.000872053
0.00341237
0.00226258
0.00198903
0.00231215
0.00158509
0.000856831
0.000569444
0.00113678
0.000763752
0.00103876
0.00292537
0.000985286
0.00167552
0.00173539
0.000942803
0.00149949
0.00200885
0.00635623
0.00080235
0.000736438
0.00180758
0.0012957
0.00512127
0.00153442
0.0019209
0.0232004
0.00055687
0.00140671
0.000960974
0.00236817
0.00100662
0.000537787
0.000891353
0.00490484
0.00118381
0.00125902
0.00488447
0.000373652
0.000558661
0.00181552
0.00116716
0.00205956
0.00436937
0.00105627
0.00107821
0.000728888
0.00297164
0.000915778
0.0034971
0.0022543
0.00198051
0.00682229
0.00317305
0.00393249
0.000781776
0.000508435
0.00693836
0.00164708
0.00287169
0.00131671
0.000983462
0.000706784
0.00168524
0.00595002
0.00451888
0.000853587
0.00390823
0.00346156
0.000405894
0.00217708
0.0011528
0.0019424
0.00165648
0.00245435
0.00066224
0.00175199
0.00673991
0.00134816
0.00176988
0.00235138
0.0023691
0.00181383
0.000437075
0.00175942
0.000394886
0.00210196
0.00635155
0.00229055
0.00186673
0.00154405
0.00101519
0.0142151
0.000583989
0.00146026
0.00136279
0.00185472
0.00143529
0.0136098
0.00108923
0.00122099
0.00194997
0.00309185
0.000320056
0.0029501
0.00458664
0.00146068
0.00370441
0.0138515
0.00139505
0.000454393
0.00118143
0.000964513
0.00181563
0.000900082
0.00119009
0.00222992
0.00146779
0.00160947
0.00167383
0.00366288
0.00194159
0.000158628
0.00183845
0.00170126
0.00171342
0.000602841
0.000694543
0.00237332
0.000791083
0.00140625
0.00436245
0.00187001
0.0020728
0.00330612
0.000882173
0.000259272
0.00365385
0.00160398
0.00215336
0.00180323
0.00348627
0.00164724
0.00079952
0.00211669
0.0015206
0.00130835
0.000224915
0.0019001
0.00154833
0.00107232
0.000550189
0.00117662
0.00460093
0.00255095
0.001953
0.00258904
0.00125557
0.00080674
0.00144185
0.00308219
0.00214675
0.00197698
0.00552194
0.00216606
0.00158147
0.00397659
0.000791698
0.00166981
0.00197575
0.00135693
0.00249111
0.00183722
0.000240724
0.00128474
0.00170554
0.00436448
0.000184949
0.00123971
0.00283587
0.00227908
0.00871996
0.00271984
0.00503379
0.00141404
0.000842608
0.00240653
0.00339581
0.00973371
0.00146424
0.00155037
0.00136966
0.00125707
0.00164539
0.00290901
0.00108172
0.000546686
0.000148204
0.00339237
0.00036972
0.000837122
0.0329863
0.00136004
0.000191639
0.0012267
0.00554625
0.00187536
0.00345226
0.00105684
0.000776366
0.000977883
0.00133486
0.00251778
0.00179254
0.00170629
0.00259881
0.00139851
0.000884554
0.000561167
0.000600929
0.000776762
0.00285079
0.00163386
0.00232489
0.00665349
0.000873604
0.00114045
0.00160778
0.000968152
0.00109967
0.00323295
0.000346287
0.000701938
0.00228196
0.00212156
0.000407347
0.000801611
0.00623858
0.000784074
0.000698656
0.000789766
0.00280478
0.00126185
0.00535079
0.00203122
0.000725493
0.00253211
0.00469621
0.00439819
0.00065167
0.000812491
0.00125081
0.00573893
0.000399064
0.00144934
0.00225397
0.000631668
0.00196267
0.00245017
0.00178659
0.000402921
0.00119899
0.00139902
0.00118659
0.00156293
0.000686511
0.00134164
0.00131357
0.00308793
0.00278583
0.00127101
0.000922655
0.000504517
0.00147525
0.000577147
0.00102723
0.00311099
0.00668232
0.000454163
0.0050831
0.00166349
0.0142862
0.0024463
0.00787353
0.00068053
0.00218182
0.00106432
0.00371281
0.00857023
0.0020733
0.00153218
0.00143254
0.00159609
0.00796532
0.00157343
0.00165415
0.000933584
0.0104449
0.000578236
0.00190372
0.0013513
0.00101502
0.00116937
0.00152831
0.00170918
0.00127762
0.00195082
0.00131675
0.000719159
0.00086429
0.00191462
0.00226527
0.00157654
0.00455182
0.00109059
0.00106449
0.000705894
0.000634223
0.00120641
0.00112357
0.00404054
0.00198194
0.00115769
0.00632337
0.0035678
0.00481023
0.00111129
0.000711517
0.00175343
0.00218565
0.000445714
0.00166295
0.00223359
0.00354935
0.00359131
0.000756336
0.00168419
0.000797584
0.000374469
0.000932514
0.00156423
0.00129664
0.000693087
0.00185313
0.000666984
0.000545367
0.00156442
0.00150448
0.0019579
0.00101591
0.00174841
0.00280913
0.00230099
0.00152649
0.0010184
0.00187996
0.00104233
0.00339461
0.00084266
0.00157856
0.00204229
0.00120261
0.00199495
0.000965193
0.00173838
0.000658322
0.00273667
0.00104342
0.000554428
0.000935829
0.00176123
0.00109619
0.000557151
0.00113724
0.00134418
0.00140559
0.00146654
0.000887459
0.00175745
0.0018277
0.00735108
0.0011083
0.00200537
0.00113869
0.00924219
0.0010669
0.00154609
0.0026433
0.000956879
0.000699303
0.00147941
0.00522409
0.00105287
0.00277039
0.00348766
0.0004725
0.00273972
0.0025347
0.000776857
0.00357267
0.00048251
0.000810535
0.00020152
0.00094033
0.00151855
0.0017096
0.00048877
0.00122638
0.00191934
0.00101289
0.00183631
0.00116741
0.00129944
0.001621
0.0012906
0.00101464
0.000525915
0.00958572
0.000807341
0.000230767
0.00234318
0.000257479
0.000767468
0.00206198
0.00136142
0.00120051
0.00189647
0.00187736
0.00251458
0.000381884
0.000221836
0.00077176
0.00112089
0.00176798
0.00078601
0.00108006
0.00713499
0.00127031
0.000418944
0.00145067
0.00373457
0.00154192
0.00180945
0.00124466
0.000939684
0.001592
0.00124644
0.00202249
0.00143586
0.00285267
0.000166374
0.000982256
0.00532549
0.0020402
0.00185505
0.000220297
0.000690893
0.00117453
0.00198131
0.00263143
0.00355859
0.00226396
0.00480782
0.0015802
0.000547441
0.00302748
0.00177831
0.00171608
0.00569819
0.00116938
0.00132157
0.00194189
0.00110696
0.00271531
0.00173938
0.0375441
0.000252119
0.00227427
0.00074569
0.00173423
0.00212988
0.00209924
0.00167094
0.00112359
0.000983015
0.00117495
0.00117215
0.00176344
0.000866952
0.00141261
0.00230783
0.00340735
0.00195725
0.000736366
0.00338794
0.00132214
0.00161681
0.00398445
0.00119311
0.00107925
0.00100956
0.010555
0.00124094
0.00149874
0.00173853
0.000618381
0.000389848
0.00347048
0.00188534
0.00124819
0.00144986
0.000589103
0.00350348
0.00171187
0.00501584
0.00338082
0.000904092
0.000745883
0.00139432
0.000555579
0.0196126
0.00144839
0.0012423
0.000575963
0.00160219
0.00146278
0.00182683
0.00165498
0.00140872
0.00083452
0.00197344
0.000505061
0.00218675
0.00246567
0.00278471
0.000773782
0.00156623
0.00420444
0.00155442
0.00102743
0.00139266
0.000533476
0.00176642
0.00135566
0.00196634
0.00189564
0.000713713
0.0030056
0.00292213
0.000866582
0.00100906
0.00167725
0.000458111
0.00309034
0.00112726
0.000519059
0.00181255
0.00189935
0.000633834
0.000611801
0.00277617
0.000500135
0.00257901
0.000904785
0.00105057
0.000879726
0.000558948
0.00216035
0.00108146
0.00482322
0.00881699
0.00138301
0.00317975
0.00311785
0.00160424
0.00239135
0.000935594
0.000889612
0.00270608
0.00575228
0.00486613
0.000536648
0.000333276
0.00137186
0.00162726
0.00134372
0.0018862
0.00244136
0.00166511
0.00115228
0.000974563
0.000846684
0.00085802
0.00232059
0.00281864
0.00219933
0.000818657
0.00173776
0.00190696
0.00110452
0.000401681
0.0031692
0.00998032
0.00154194
0.00135425
0.00147546
0.00180555
0.000917653
0.000842381
0.00158563
0.00122094
0.00273283
0.00633815
0.00143017
0.00292178
0.000723803
0.00153733
0.00157397
0.000907453
0.000907262
0.00385752
0.00119183
0.00159421
0.000681568
0.00188119
0.00204228
0.00151767
0.0014604
0.00235405
0.00135528
0.00142748
0.00094503
0.00176575
0.00467156
0.00165285
0.000269969
0.00288815
0.00107065
0.00103752
0.000878617
0.00115193
0.00149677
0.00348644
0.00104669
0.00102902
0.00162988
0.00210478
0.000647717
0.00140457
0.00199456
0.0011477
0.000805007
0.00145403
0.00195231
0.00195829
0.00200284
0.00180213
0.000604533
0.00102184
0.00318522
0.00559807
0.00410353
0.00179241
0.00145213
0.00417518
0.00211631
0.000731632
0.00260321
0.000257417
0.000435992
0.000984196
0.000527814
0.00183988
0.00115763
0.00264099
0.00134233
0.00138916
0.00157632
0.00133998
0.00177958
0.00136355
0.000345413
0.00139668
0.00273709
0.00213027
0.00210627
0.00169647
0.000868197
0.00273454
0.00115617
0.0019543
0.000657535
0.00230498
0.0053569
0.000998971
0.000976299
0.00214361
0.00133439
0.00185754
0.00123972
0.00150504
0.00107789
0.00350339
0.0022784
0.00257514
0.00154633
0.00295626
0.00084545
0.00118303
0.00159169
0.00143362
0.000983137
0.0015286
0.00105866
0.00297626
0.00142413
0.00274946
0.00116071
0.00226688
0.00377437
0.00165997
0.00163409
0.00139728
0.00162262
0.00108343
0.00270417
0.000472141
0.0351892
0.000842641
0.00107957
0.000787548
0.00124599
0.00217486
0.00153265
0.000675427
0.00209566
0.00176038
0.00542735
0.00554937
0.00395036
0.00310802
0.00168573
0.001104
0.00149448
0.000731342
0.00131842
0.00470687
0.000776729
0.00246221
0.00262066
0.00160222
0.00156967
0.000607325
0.00236804
0.0010087
0.000743544
0.000933076
0.00315272
0.00166386
0.00063971
0.00271982
0.00373545
0.00223356
0.000500595
0.000910279
0.00110679
0.000813253
0.00145035
0.00136678
0.00142854
0.000611573
0.00427375
0.000788196
0.00101104
0.00186409
0.00085973
0.00161265
0.00534958
0.0015943
0.00156582
0.00132301
0.00219933
0.00252875
0.00114405
0.000481332
0.00174153
0.00364817
0.00490421
0.00116096
0.00274595
0.00530288
0.00567225
0.00108179
0.00081494
0.00322043
0.00107331
0.00161394
0.00121738
0.00153951
0.00116912
0.000858543
0.00200889
0.00663879
0.00174831
0.00396422
0.000879153
0.00446734
0.000709465
0.00135991
0.00173322
0.00237775
0.00347972
0.00187783
0.000654525
0.00105044
0.00216573
0.00266494
0.00454501
0.00161585
0.00243907
0.00275686
0.00451061
0.00113219
0.000773055
0.00142715
0.00143528
0.00132983
0.00146954
0.00800833
0.00343411
0.000972624
0.00392577
0.00693146
0.0039484
0.000572206
0.00442751
0.00377574
0.000701162
0.00136226
0.0145766
0.00193903
0.00114503
0.000662548
0.00221689
0.00108091
0.000474638
0.00152638
0.00146449
0.00194288
0.00390532
0.000647581
0.000181508
0.00265145
0.00184351
0.00168543
0.00173742
0.00390869
0.00318347
0.00263413
0.00147223
0.00161656
0.00827944
0.00199425
0.00103423
0.00224092
0.00127154
0.000896402
0.000549283
0.00056143
0.00383226
0.00278199
0.00103662
0.000223318
0.000853569
0.00229559
0.0012176
0.00111612
0.000617145
0.00111057
0.00109105
0.00193133
0.0039259
0.0142612
0.00200005
0.00182108
0.00208425
0.00113263
0.000605898
0.00116238
0.00164276
0.0022821
0.00168504
0.00183682
0.00254439
0.00402654
0.00176456
0.000707764
0.00148051
0.00090977
0.0022832
0.00154834
0.00085542
0.00140627
0.00196746
0.00647664
0.00227908
0.000272609
0.00543631
0.000652074
0.00133937
0.00121427
0.00698099
0.00373375
0.00137208
0.000758228
0.0018235
0.00434106
0.000825324
0.00156385
0.00226459
0.00132375
0.0028145
0.000463646
0.0015083
0.00673567
0.00186836
0.00106014
0.000943703
0.00121474
0.00115155
0.00194396
0.000566143
0.00154033
0.00184845
0.00213891
0.00433734
0.0013275
0.00112209
0.00103648
0.00217607
0.00494293
0.00132944
0.00182353
0.000966953
0.00146321
0.002635
0.00208552
0.00223214
0.00144527
0.00342334
0.00311216
0.0126072
0.00145028
0.00135832
0.00157875
0.00106897
0.00127822
0.0019954
0.00163855
0.00123512
0.00135128
0.00124996
0.00148194
0.00186287
0.00195352
0.00254219
0.00107306
0.00117412
0.00183271
0.00131001
0.00186887
0.00160498
0.00927241
0.00239583
0.00151632
0.000806706
0.00596234
0.000146528
0.00230455
0.00264563
0.00185399
0.00118208
0.000967651
0.00074287
0.00134228
0.00121702
0.00153797
0.00120702
0.00209372
0.0010749
0.00148316
0.00190647
0.00182244
0.000580844
0.00308168
0.00136752
0.00115906
0.00063551
0.00133382
0.00278693
0.00451383
0.00130082
0.00096808
0.00139645
0.00130408
0.000841403
0.00120145
0.000939729
0.00142995
0.000850399
0.00209354
0.0021495
0.00258529
0.00121483
0.000885239
0.00146357
0.00144959
0.00114495
0.0012534
0.00152674
0.00283408
0.00281826
0.000963715
0.00153404
0.00116035
0.00250796
0.0016884
0.000779621
0.000696006
0.0066358
0.00292154
0.00134282
0.0040243
0.00133661
0.000526504
0.000582003
0.000526156
0.0016147
0.00113041
0.00171842
0.00159757
0.00110081
0.00114838
0.0015875
0.00165543
0.000625017
0.00158512
0.000349196
0.000604222
0.00101243
0.00118283
0.0088079
0.00168994
0.00338051
0.00220261
0.00210988
0.00236596
0.000857898
0.00315654
0.000600147
0.00174577
0.00107821
0.00761553
0.00041347
0.000637367
0.00183083
0.00141116
0.0025477
0.000418473
0.00131418
0.00289429
0.000339976
0.00409434
0.00178196
0.00572958
0.00368123
0.00107106
0.00327711
0.000789532
0.000775636
0.00118038
0.00383545
0.00180613
0.00270262
0.00119863
0.00177063
0.000451411
0.00106022
0.00390927
0.0020289
0.00235704
0.00124372
0.000462766
0.00262413
0.0129692
0.00268303
0.00330302
0.00155511
0.00265644
0.00389871
0.00213343
0.00168216
0.00361166
0.00131005
0.00303282
0.00935526
0.0107058
0.00211622
0.000293405
0.00123895
0.000706256
0.000389798
0.00245848
0.00243289
0.00213318
0.000188113
0.00231227
0.00134002
0.001747
0.00141035
0.0022793
0.00575035
0.000985053
0.00247198
0.00245996
0.00118453
0.0067698
0.00249442
0.00279115
0.00110783
0.000793729
0.00111872
0.00295701
0.00085569
0.00307882
0.00175176
0.000605703
0.000671161
0.00902255
0.00194412
0.0062461
0.00120444
0.000382952
0.0027066
0.000244816
0.00145357
0.0018651
0.00131612
0.00162485
0.00257601
0.00138831
0.00145393
0.00472473
0.00274944
0.000508256
0.0010504
0.00041723
0.00111182
0.000981884
0.0007307
0.00155763
0.00132911
0.00128425
0.0014814
0.00101621
0.00216699
0.00161697
0.00105858
0.00559453
0.00453481
0.000612242
0.00722629
0.00232301
0.00282853
0.00247273
0.00160167
0.00147512
0.000998021
0.00359232
0.002265
0.00463697
0.00314366
0.00112772
0.000901856
0.00196309
0.00155344
0.000787788
0.00410891
0.000991387
0.0011635
0.00202284
0.00121852
0.000407118
0.000904082
0.000550327
0.00150581
0.00163154
0.00170977
0.00111902
0.00297501
0.000480696
0.00245571
0.000973961
0.000599223
0.00131569
0.0023445
0.000682074
0.00948594
0.00184624
0.00141746
0.00262821
0.0019724
0.000473408
0.0010507
0.00131065
0.00353905
0.00120644
0.00128064
0.000646868
0.00063711
0.00165843
0.00138417
0.00155153
0.00192744
0.000368936
0.00142491
0.00292328
0.0053905
0.000502374
0.00149759
0.00298998
0.00188
0.0013467
0.00153464
0.000643794
0.00150556
0.00351749
0.000836408
0.00139018
0.00142111
0.00176707
0.00306063
0.0021721
0.00199884
0.00418276
0.00241727
0.000639062
0.00650807
0.000564283
0.0192704
0.00140519
0.000470849
0.00110267
0.00178051
0.00144541
0.00213492
0.00100639
0.00178995
0.00323558
0.00133934
0.00018999
0.000683353
0.00984173
0.00154597
0.000984147
0.00245641
0.00210436
0.000396052
0.00195151
0.00123842
0.00212771
0.000605007
0.0012435
0.00100206
0.00170706
0.000454511
0.0020224
0.00133399
0.00111554
0.00366625
0.00118165
0.000919334
0.000533211
0.00107613
0.00252461
0.00315003
0.00042302
0.00357042
0.00170579
0.00170051
0.00131416
0.00410326
0.00060956
0.00144969
0.00776076
0.00766946
0.000353149
0.00232928
0.00135605
0.00227677
0.00428981
0.00255359
0.0020242
0.000836954
0.00283172
0.00116364
0.00270013
0.000724303
0.00238174
0.000746257
0.000934179
0.000951454
0.00149902
0.000764521
0.00620935
0.00101556
0.00289403
0.00789285
0.000974078
0.00272801
0.00146916
0.00117438
0.00183696
0.000675011
0.00515058
0.00357438
0.00276626
0.00108309
0.000747993
0.000790243
0.000410428
0.00068627
0.000351343
0.0017968
0.0017212
0.000584935
0.00224128
0.00108641
0.00155432
0.00204905
0.00126703
0.00122087
0.00307594
0.00195533
0.00131927
0.00147764
0.00184303
0.00166217
0.0061029
0.000859901
0.00609301
0.00142983
0.000196713
0.0019012
0.00115931
0.0029222
0.000737717
0.000570716
0.000814351
0.000702408
0.00175058
0.000512605
0.00238177
0.00263594
0.00161699
0.00231976
0.000502998
0.000532588
0.00107346
0.000877374
0.00114641
0.00172337
0.0015225
0.00183304
0.00269845
0.00154222
0.00131512
0.00353827
0.000200798
0.00031256
0.00221885
0.000463566
0.000990781
0.00865048
0.000329829
0.00323807
0.00283668
0.00253432
0.00398231
0.00140916
0.00128601
0.0012949
0.00268984
0.00173267
0.00170564
0.000808639
0.000613671
0.0163571
0.00256659
0.00511855
0.00088941
0.00270167
0.000578175
0.0016847
0.00119927
0.000780682
0.00508321
0.000412058
0.00137532
0.00148471
0.0159291
0.00116062
0.00261908
0.00177404
0.000832049
0.0035831
0.00146967
0.00260124
0.000654454
0.00175565
0.00117432
0.000917014
0.00128352
0.00295148
0.000912522
0.0104663
0.00157965
0.00167657
0.0197347
0.00232832
0.0010392
0.00141917
0.000492969
0.00321611
0.00487175
0.00128941
0.000171207
0.00157453
0.00372648
0.00236787
0.000599893
0.000623201
0.00334249
0.00140737
0.00135673
0.00138203
0.00203561
0.00160811
0.0060465
0.0126833
0.000545684
0.00284806
0.00370351
0.00149865
0.00134406
0.00173073
0.0013913
0.000332207
0.00074126
0.00149071
0.00158384
0.000842643
0.0168324
0.00440693
0.000937954
0.00114519
0.00492671
0.00374394
0.00110932
0.00247233
0.0018489
0.000514282
0.0100861
0.00180131
0.00387515
0.00298155
0.00176932
0.00203264
0.00187
0.000858711
0.00223743
0.00102899
0.000770447
0.000531895
0.00213215
0.00050072
0.00327527
0.00302452
0.000853271
0.0101462
0.00173615
0.0117277
0.00187817
0.0018775
0.000658191
0.00134861
0.00415791
0.00297232
0.0027253
0.00112802
0.00167062
0.000740056
0.00292828
0.0011104
0.00246567
0.00437154
0.011252
0.00105538
0.0039824
0.00174945
0.000246155
0.000980185
0.00471278
0.000997812
0.00183226
0.00218808
0.0100474
0.00151797
0.0019215
0.0024763
0.000409607
0.00110068
0.00131116
0.00157721
0.00163967
0.0032152
0.00350436
0.00108923
0.000596269
0.00193026
0.000968866
0.00625756
0.000207912
0.00125568
0.00141314
0.000971987
0.00203033
0.00342009
0.000779455
0.000967479
0.00186191
0.00112386
0.000856627
0.000670995
0.0022032
0.00126676
0.000235932
0.000141707
0.00383279
0.00203222
0.000783627
0.00108836
0.00347588
0.00303347
0.00150488
0.0182285
0.00257323
0.000659999
0.00284306
0.00114846
0.000937854
0.00290103
0.00182602
0.00439699
0.00174188
0.00205648
0.00371136
0.00210043
0.00122229
0.000897101
0.00274969
0.000634296
0.00242394
0.00121848
0.000763237
0.00118088
0.00294492
0.0015277
0.000862276
0.00102723
0.000430953
0.020894
0.00263804
0.00254627
0.00388636
0.000575936
0.0011221
0.00108977
0.00146629
0.00516225
0.0010672
0.00117442
0.00166009
0.00076225
0.00140629
0.00235428
0.00223628
0.000528091
0.00125061
0.000800021
0.000945601
0.00140836
0.000912755
0.000205579
0.000364427
0.0011686
0.00175393
0.000266245
0.00117151
0.00108997
0.00271231
0.0191743
0.00127711
0.00183309
0.00279828
0.00296222
0.00239562
0.00244347
0.000701984
0.0115985
0.00182888
0.0041125
0.00212715
0.00177017
0.00159537
0.000711955
0.00131276
0.000819196
0.00172239
0.00173273
0.00091555
0.00225505
0.000201994
0.0032001
0.00121245
0.00147491
0.00109291
0.0017699
0.00248979
0.00129808
0.00217065
0.00197086
0.00187313
0.00182354
0.00576102
0.000713423
0.00231938
0.00264284
0.000637391
0.00105972
0.000309943
0.00303446
0.00294828
0.00268474
0.000839252
0.000837712
0.00159105
0.000951705
0.000293498
0.00123192
0.00249337
0.00113386
0.000871695
0.00157698
0.0001498
0.00509561
0.00619374
0.00106952
0.00109293
0.00281768
0.0019324
0.00160714
0.0021579
0.000858144
0.000833379
0.00121846
0.00122405
0.00232529
0.00167527
0.000775692
0.0022336
0.00164625
0.00119453
0.000722875
0.00163701
0.00138472
0.00144358
0.00123205
0.00159479
0.00240875
0.00166235
0.00412781
0.00113035
0.00184689
0.00107637
0.00166944
0.00201509
0.00959762
0.00234458
0.00285235
0.00161074
0.00145813
0.00190861
0.000957146
0.00280085
0.00073703
0.00100527
0.00113792
0.00198573
0.000648353
0.00132175
0.0014048
0.000574697
0.00122356
0.000386472
0.00491134
0.00392442
0.00153541
0.000790679
0.00225492
0.000383622
0.00385995
0.0102245
0.00242015
0.00179142
0.00209941
0.004414
0.000674542
0.00360418
0.00103668
0.000992999
0.00341375
0.00143686
0.000989117
0.00221467
0.010671
0.00125255
0.00164935
0.00173905
0.00153903
0.000715626
0.00118388
0.00217133
0.00317279
0.0029356
0.0014371
0.00168277
0.00129008
0.00216872
0.00177797
0.00239743
0.00507846
0.00282428
0.00269113
0.000945886
0.000320766
0.000662221
0.00081863
0.00319816
0.00668196
0.000681783
0.000997334
0.00192515
0.00136769
0.000678192
0.00201507
0.00149689
0.00210751
0.00130726
0.00156926
0.00629141
0.00169598
0.000164011
0.0012497
0.00159434
0.00217543
0.00140256
0.00114707
0.00423342
0.000198832
0.000963447
0.00127062
0.00178783
0.00274281
0.00240839
0.00142089
0.00164412
0.00144452
0.00377757
0.000479629
0.00282078
0.0021359
0.000844227
0.00329273
0.00171131
0.00368105
0.0012738
0.00105187
0.00124226
0.00037159
0.00105951
0.00544578
0.000856443
0.00380882
0.00080773
0.00185785
0.00157468
0.000346648
0.00112613
0.000313494
0.000511505
0.00290421
0.0124594
0.000965527
0.00136293
0.0118716
0.000866124
0.00173979
0.0013212
0.000681113
0.000977484
0.0137523
0.000499507
0.0016803
0.000455683
0.00135494
0.00612317
0.00572718
0.00113309
0.00238058
0.00267141
0.00115959
0.0140161
0.00123682
0.00183
0.00642818
0.00172734
0.00934397
0.00788038
0.00216462
0.00160506
0.00194585
0.00237507
0.00136679
0.000922158
0.00122448
0.000702002
0.00228254
0.00146888
0.000933968
0.000938234
0.00106664
0.00103268
0.000598601
0.00226271
0.00223793
0.00131523
0.000607086
0.00308342
0.00159217
0.00103798
0.000466036
0.00120384
0.0010712
0.000889112
0.00112912
0.00120229
0.00104809
0.00113047
0.00435493
0.00166046
0.00105494
0.00242305
0.00131838
0.000465032
0.00057668
0.00283957
0.00221026
0.000967178
0.00179346
0.00118167
0.0011814
0.00119362
0.000368177
0.00152949
0.00142309
0.00030521
0.00298669
0.00394416
0.0019789
0.000823355
0.00308224
0.000866484
0.000449655
0.00159702
0.00236742
0.000792685
0.00091716
0.00146768
0.00538016
0.00100698
0.0011121
0.0013127
0.00369466
0.00303608
0.00232924
0.00173992
0.000447709
0.00225628
0.00112943
0.000369177
0.00206975
0.000772791
0.00100208
0.00428109
0.00172721
0.00126346
0.00191989
0.00196689
0.00112158
0.000926846
0.00187238
0.00442617
0.000942916
0.00208816
0.00104624
0.000711809
0.00233556
0.000157612
0.00172382
0.000187319
0.00202287
0.00211878
0.00973868
0.00646161
0.000977507
0.0015582
0.00394726
0.00631949
0.00247995
0.00284599
0.00206157
0.000664258
0.000645481
0.000628103
0.000843108
0.00286984
0.0144199
0.0373411
0.0019715
0.00106516
0.000996997
0.001024
0.0028604
0.00286728
0.000444606
0.00108093
0.00320736
0.00449821
0.00243306
0.00286763
0.00116479
0.00134174
0.000577276
0.00117006
0.00473237
0.000391634
0.000352934
0.00117189
0.00243861
0.00190634
0.00193715
0.00415158
0.00200243
0.00138556
0.00306407
0.00107406
0.00135307
0.00123529
0.00107001
0.00192338
0.00186068
0.000909813
0.00168991
0.00152381
0.0131401
0.00266762
0.00237407
0.00196137
0.00339356
0.000961204
0.00147802
0.000849885
0.00337376
0.00517124
0.000987702
0.000640728
0.0232371
0.000836681
0.000262935
0.00495841
0.000747413
0.000572646
0.00146716
0.000340171
0.00211889
0.0136212
0.00513529
0.00095479
0.00276235
0.00640885
0.00502706
0.00157987
0.000974932
0.00104028
0.00142923
0.000737996
0.000865552
0.000486951
0.00204657
0.00303929
0.00136821
0.00248223
0.00122744
0.000868405
0.00374179
0.000768162
0.00338568
0.0018488
0.00131043
0.00198548
0.00106668
0.00171266
0.00273163
0.00142648
0.00190611
0.00192584
0.00340102
0.00110337
0.00123323
0.00103578
0.000986351
0.000604603
0.000980183
0.00118682
0.00332833
0.00065775
0.00129116
0.00369133
0.00102191
0.00258166
0.000853686
0.000744202
0.000993465
0.00128231
0.002576
0.00578681
0.00167177
0.001981
0.00184393
0.00136114
0.00753209
0.00134705
0.00223691
0.00086587
0.000851687
0.00407512
0.000503556
0.00606087
0.000219837
0.00220985
0.0013652
0.00303381
0.00594502
0.00268999
0.0092554
0.00180578
0.000379435
0.00107251
0.00169013
0.00150814
0.00499354
0.00197411
0.00232725
0.000851238
0.0011152
0.00293491
0.00097169
0.00192542
0.000806999
0.0233141
0.00168432
0.00223253
0.00116534
0.000939809
0.00289444
0.00231113
0.00357671
0.00299605
0.000780382
0.00213961
0.00199194
0.0013155
0.000400478
0.00123016
0.00169934
0.000869199
0.00144215
0.000650804
0.000965814
0.000568025
0.00122551
0.00114418
0.00493202
0.00203475
0.000990832
0.00256399
0.00123907
0.00129663
0.00131795
0.000611118
0.00126759
0.00121609
0.00139134
0.00311732
0.00159977
0.000963223
0.000369383
0.00136208
0.00127901
0.00279204
0.00106794
0.0013751
0.00210731
0.00105755
0.00102853
0.00176308
0.00030596
0.00147306
0.0012967
0.00344771
0.003603
0.00231427
0.00046613
0.000982247
0.00173235
0.000225989
0.00155861
0.00155122
0.00221368
0.00351969
0.00217276
0.00040634
0.00183069
0.00314241
0.00124385
0.00292983
0.000435321
0.00155069
0.00103824
0.000812967
0.0178004
0.00565357
0.00319631
0.00228506
0.00143843
0.00142355
0.00135385
0.000319601
0.00163043
0.000706017
0.00234989
0.00116345
0.00495738
0.000269767
0.00225845
0.000897667
0.00173369
0.000752373
0.00363109
0.000319946
0.00136392
0.00185349
0.00137082
0.00100201
0.000909679
0.00206334
0.00254453
0.0427604
0.000737104
0.00561166
0.00275411
0.000394922
0.000846283
0.0018455
0.000832183
0.00251686
0.00139448
0.00151983
0.00222629
0.00142524
0.00105278
0.000518244
0.000902657
0.00253384
0.00179804
0.00590684
0.00311459
0.00285488
0.000847657
0.00130466
0.000541777
0.000571601
0.00132313
0.00239416
0.00232247
0.00153932
0.00444071
0.00321775
0.000816204
0.00124276
0.000969426
0.000821237
0.000721404
0.00115067
0.000870649
0.00161884
0.00229218
0.00240862
0.00156715
0.00162759
0.00117506
0.000407216
0.00147667
0.0058181
0.000855983
0.00316347
0.00336033
0.00112669
0.000841411
0.00179541
0.000933911
0.00270887
0.00216187
0.00213014
0.00177575
0.000961344
0.00117215
0.000290432
0.00503994
0.00207293
0.00208292
0.000330808
0.00188571
0.00160733
0.000912549
0.00128048
0.00195991
0.00121105
0.00296926
0.00221703
0.00340393
0.00116684
0.000572258
0.00244374
0.00200915
0.00242055
0.00204933
0.00158494
0.00263522
0.0012474
0.00318455
0.00171128
0.00184586
0.00292246
0.00116589
0.00196537
0.00831821
0.00337299
0.000808213
0.00110074
0.00406933
0.0012179
0.00108171
0.0015589
0.00233748
0.00080854
0.000957001
0.00020306
0.00187042
0.00075678
0.00165287
0.00132423
0.0010075
0.00229946
0.00196788
0.00157056
0.00154717
0.00245916
0.00188197
0.00155001
0.00290699
0.000840535
0.00135977
0.00712914
0.00244292
0.00847847
0.00135564
0.00128889
0.00111782
0.00114469
0.000969852
0.00651503
0.00299065
0.00243302
0.000312055
0.00211547
0.00109184
0.00211231
0.00182055
0.00116938
0.000452317
0.0010797
0.00255092
0.00193428
0.00974074
0.000618921
0.00135128
0.002451
0.00140493
0.00134552
0.000659228
0.000489296
0.00150318
0.00259112
0.0015784
0.00170882
0.0074403
0.0015313
0.00158659
0.00499774
0.00118001
0.00130319
0.00134851
0.00119878
0.000457489
0.000673044
0.000920899
0.000986209
0.00314405
0.000775006
0.00240757
0.000952627
0.00184084
0.00172783
0.000886903
0.0045834
0.001598
0.00233403
0.00108974
0.00143167
0.000151057
0.0021355
0.00109884
0.000838702
0.000965237
0.00196739
0.00128765
0.00148512
0.000950477
0.00207902
0.00212201
0.000572367
0.000679834
0.000372213
0.00176943
0.00132458
0.000824109
0.00210293
0.00100744
0.00152146
0.0016109
0.00163304
0.000149322
0.00438447
0.00149125
0.00203665
0.00158364
0.00133504
0.00374778
0.000943638
0.0253543
0.000963002
0.0015173
0.00339753
0.00269342
0.00290116
0.000872047
0.000931265
0.00100408
0.00221962
0.00426834
0.000934895
0.000677395
0.000666402
0.00198225
0.00475381
0.00250925
0.00222211
0.00177542
0.000692351
0.00176543
0.000611689
0.0030723
0.00125569
0.000709179
0.00186382
0.00351134
0.00115013
0.010256
0.0019784
0.00242962
0.00301585
0.00234022
0.00090326
0.000756981
0.00191402
0.00127148
0.00488088
0.00218382
0.000767742
0.00200061
0.000671749
0.00140722
0.00092245
0.00428164
0.0107664
0.00265865
0.000406775
0.0019353
0.000373009
0.00231487
0.00124433
0.000259717
0.002186
0.00140671
0.00174295
0.000971639
0.00554891
0.000905069
0.000458906
0.00125821
0.00335056
0.00136737
0.00366718
0.00144983
0.00152028
0.00127257
0.000519455
0.00648798
0.00253788
0.00119711
0.00279226
0.00059503
0.00174108
0.00195438
0.00159091
0.00346647
0.0126607
0.00208377
0.00133258
0.000681312
0.00290369
0.00111652
0.00201974
0.00212424
0.00205752
0.00109125
0.00204091
0.001534
0.00156628
0.00186073
0.00321467
0.000797144
0.00158981
0.0054574
0.00262443
0.00115932
0.0024272
0.00242512
0.000663173
0.00289841
0.00433162
0.00102334
0.00170728
0.00138778
0.000717956
0.00299514
0.000636902
0.00182487
0.00140463
0.00146244
0.00167022
0.000506636
0.00138953
0.00195124
0.00169048
0.000545422
0.0017033
0.00072743
0.00050428
0.000788082
0.00227576
0.000632113
0.00189648
0.00124301
0.000252184
0.00104137
0.00105119
0.00104308
0.000275638
0.00143578
0.00117672
0.00681217
0.00327282
0.000458546
0.0103486
0.00220819
0.00119642
0.000249293
0.00152959
0.00196364
0.00116051
0.00228995
0.00116065
0.00145444
0.000830307
0.00128714
0.00180688
0.000963261
0.00152107
0.00171357
0.00495668
0.00278992
0.00146519
0.000927134
0.000601854
0.00172638
0.00202971
0.00463265
0.00212519
0.000350504
0.000693996
0.00165977
0.00338659
0.000692555
0.00183448
0.00139959
0.00066111
0.00182752
0.00110111
0.00178796
0.000929447
0.00158398
0.00172026
0.000193931
0.00142649
0.00135629
0.00212231
0.00188346
0.000652639
0.00270291
0.000705211
0.00194118
0.00117946
0.00149031
0.00413627
0.00153011
0.000827397
0.00149051
0.00193824
0.00237466
0.00132826
0.00162049
0.000834658
0.00200878
0.00274371
0.00823704
0.00132753
0.00108615
0.00151878
0.0044338
0.000651633
0.0015935
0.00164936
0.00035323
0.00185651
0.000626831
0.00177987
0.000701888
0.00291253
0.00318436
0.000284012
0.00302739
0.00235678
0.00113428
0.00136105
0.00300408
0.00178003
0.00223209
0.00129656
0.000777569
0.00131987
0.000787824
0.000866882
0.000895266
0.00695978
0.00152431
0.00295349
0.00240719
0.00243333
0.000593717
0.0023817
0.00238134
0.00125475
0.00234827
0.00116071
0.000736845
0.00298295
0.00155516
0.00111243
0.000721376
0.00196355
0.00525906
0.000351605
0.00355416
0.00508356
0.000588022
0.000379689
0.000399296
0.000707251
0.000867847
0.00228382
0.00093597
0.0013759
0.000742453
0.00257667
0.00237317
0.00130767
0.00139044
0.00136679
0.00177018
0.00117674
0.00116083
0.00198535
0.00107611
0.00167243
0.00123666
0.000314919
0.00109849
0.00136976
0.000681275
0.00200465
0.00123272
0.00149725
0.00101921
0.0028377
0.00469483
0.00214804
0.00198295
0.00113224
0.00157873
0.000313286
0.00135259
0.00169014
0.000857355
0.00188023
0.00625483
0.0276111
0.000700391
0.00755905
0.000582562
0.00369738
0.00114667
0.00115946
0.00163364
0.00350993
0.000810378
0.000273509
0.00147703
0.00150113
0.00176296
0.00112568
0.0011236
0.00269258
0.00152614
0.00149882
0.00691975
0.00116797
0.00212391
0.00099046
0.00236887
0.00175313
0.00173257
0.001342
0.000992812
0.00227465
0.00107762
0.00417103
0.000958624
0.000779457
0.00155388
0.000892658
0.00251435
0.00201088
0.00119371
0.000977154
0.00159599
0.00155906
0.000641844
0.00297208
0.00135777
0.00258644
0.0026766
0.00112945
0.0017317
0.00234292
0.0025764
0.0012596
0.00135567
0.000179879
0.00154284
0.00110995
0.00154921
0.000604807
0.00041116
0.00125197
0.0082387
0.00172242
0.00628114
0.000383989
0.00173079
0.00112352
0.000253681
0.00142244
0.00169384
0.000716927
0.00270293
0.000788588
0.000796506
0.00458704
0.00226361
0.000633566
0.00108244
0.00118071
0.00177563
0.00284311
0.00289738
0.00165889
0.00120963
0.00179485
0.00253055
0.00204764
0.00469997
0.00160602
0.00215969
0.000710835
0.00464475
0.00181339
0.00123661
0.00171246
0.00278033
0.0036833
0.00155795
0.000474264
0.00192501
0.00136249
0.00270388
0.00121261
0.00116702
0.000564208
0.000822511
0.000341202
0.00256674
0.00320718
0.00115318
0.000969324
0.000461019
0.00132209
0.00202059
0.00168511
0.00173426
0.000827471
0.00106735
0.00644152
0.00143449
0.00221604
0.000628681
0.00168423
0.000324437
0.000400224
0.0010194
0.00229861
0.00275632
0.00231587
0.00140628
0.000657128
0.00351062
0.000599096
0.000690867
0.0026756
0.00211703
0.00151821
0.00123644
0.00210314
0.000877449
0.000741116
0.000616973
0.00218063
0.00385331
0.00945598
0.000666788
0.00127577
0.00254042
0.00204545
0.00529239
0.00162539
0.00285427
0.00436418
0.0020892
0.00128198
0.00168054
0.00240241
0.00181966
0.000512722
0.00246226
0.00223776
0.00117005
0.000683977
0.0031272
0.00105255
0.00193185
0.00191693
0.000748535
0.00387311
0.00138498
0.00415612
0.00775662
0.00948382
0.00170267
0.00147553
0.000158019
0.00181205
0.0014747
0.00122214
0.000268104
0.0025283
0.00238164
0.0038903
0.00268722
0.0041183
0.000489824
0.00979196
0.000856654
0.00099821
0.00246703
0.000785546
0.00178914
0.000637813
0.00173737
0.00284684
0.000380173
0.00140347
0.00167774
0.00124499
0.00231725
0.00445469
0.000887285
0.00308079
0.000681132
0.00197616
0.00117842
0.00074733
0.000553366
0.00155167
0.00167601
0.00197154
0.00157241
0.00258522
0.00495359
0.000974451
0.00101361
0.00178584
0.000478158
0.00126043
0.00602229
0.00138058
0.0018076
0.00079289
0.00150429
0.00304029
0.00281734
0.000590468
0.0034654
0.00256328
0.00222986
0.000472431
0.00127499
0.00491371
0.0272635
0.00124354
0.00287113
0.00103823
0.00354834
0.00440727
0.00287391
0.00177189
0.00109233
0.000865611
0.0012051
0.00147299
0.00363262
0.000438924
0.00108542
0.00251449
0.00121921
0.00158924
0.000593863
0.00173024
0.0016917
0.00131484
0.00151604
0.00183076
0.000795015
0.00112012
0.00108207
0.00286835
0.000847802
0.00177536
0.000591477
0.00082844
0.00158176
0.00135441
0.0037812
0.00227053
0.000948167
0.00123737
0.000586007
0.00169931
0.00216444
0.00145154
0.000647069
0.000378918
0.00145928
0.00136669
0.00116992
0.00615935
0.00263588
0.00154003
0.000821472
0.00109564
0.00250957
0.00271585
0.00929395
0.00121099
0.0013693
0.00208325
0.00144666
0.00459084
0.00158677
0.00371004
0.000771575
0.00451776
0.00253457
0.00217189
0.00182168
0.000381203
0.00111549
0.00125537
0.00117764
0.0025122
0.00348329
0.00192507
0.0012768
0.000897625
0.00069224
0.00142261
0.00139829
0.00193746
0.00138857
0.00171476
0.00330432
0.00134928
0.00114738
0.00122681
0.000918861
0.000839538
0.00272385
0.00245696
0.00230521
0.00222939
0.00142449
0.00120638
0.000672403
0.00102313
0.000487344
0.000867801
0.00123656
0.0033646
0.00241744
0.00137006
0.00485974
0.000330939
0.00112926
0.00262719
0.00304636
0.000299676
0.000808592
0.000166469
0.000976133
0.000511715
0.00185232
0.00162117
0.000454687
0.000564544
0.000467903
0.00233852
0.00183938
0.00267193
0.000557822
0.00236285
0.000963319
0.00106182
0.000472994
0.00128279
0.00181536
0.000247025
0.00241602
0.00180052
0.000645281
0.000397858
0.00266309
0.00125737
0.00205941
0.00640775
0.00166409
0.000656728
0.00125948
0.00134867
0.00260621
0.000611455
0.00135146
0.00649121
0.00203509
0.00271561
0.00122314
0.00127278
0.00242955
0.00728227
0.0050138
0.00265033
0.000592544
0.000834251
0.00180698
0.00355857
0.00162431
0.00086522
0.00017859
0.00285578
0.00193203
0.00271373
0.00127055
0.000342627
0.0010189
0.000795571
0.00177044
0.00155829
0.00181681
0.00150123
0.000332579
0.0022961
0.0019935
0.0018516
0.000356368
0.000925498
0.00140947
0.00397588
0.00175496
0.00207777
0.00105698
0.0013736
0.00108512
0.00125454
0.00274551
0.000499443
0.000328482
0.00297271
0.00427704
0.000578452
0.00185939
0.00123258
0.00105593
0.00401091
0.00156688
0.000730748
0.000837892
0.0028309
0.00680351
0.00103906
0.00212342
0.000883263
0.00166889
0.000290992
0.0026388
0.00102111
0.00364311
0.000377552
0.000863913
0.000563435
0.0045604
0.00122963
0.00315103
0.000511608
0.00044607
0.000640798
0.00069679
0.00149667
0.000937377
0.00127349
0.00219933
0.00131705
0.00143639
0.00246408
0.00179981
0.000852249
0.000634348
0.000730401
0.00187928
0.00428398
0.00107318
0.00122439
0.00190235
0.00257738
0.00157649
0.0032052
0.000893957
0.000557943
0.00702619
0.00408524
0.00353763
0.00125004
0.000690353
0.00234752
0.00294773
0.00140784
0.00190516
0.00138502
0.0016431
0.0019582
0.00373015
0.0022047
0.00243869
0.000968473
0.00205943
0.0023654
0.0101141
0.000488638
0.000938577
0.00181402
0.00162756
0.00112195
0.00204458
0.00115346
0.00114681
0.00164349
0.000447406
0.00865582
0.00115624
0.00118506
0.00302412
0.00186239
0.00101576
0.00016106
0.00240741
0.00072551
0.00143785
0.00127271
0.00286262
0.000181619
0.00165859
0.000451926
0.000644589
0.00141548
0.0033786
0.00461993
0.00283091
0.00200274
0.00232087
0.0034492
0.00283137
0.000283636
0.00127195
0.000907552
0.00146392
0.00207326
0.00152792
0.00151341
0.00171557
0.00193368
0.00155258
0.00414885
0.000992194
0.000322359
0.00260197
0.00109894
0.000933027
0.000885044
0.0033478
0.000572424
0.000417137
0.0014015
0.00026076
0.0017783
0.0014939
0.000272104
0.000643795
0.0022284
0.000992357
0.00149834
0.00321422
0.00101124
0.00120634
0.000329335
0.000420802
0.0015485
0.000240647
0.000670362
0.0023741
0.000338462
0.00113396
0.000687854
0.000448334
0.00102583
0.00163541
0.000833135
0.000659002
0.00219033
0.00137935
0.000365422
0.00218277
0.00163914
0.00207112
0.00240205
0.0017952
0.000754377
0.00139044
0.00256535
0.00223595
0.00181305
0.00188618
0.00191851
0.000808465
0.002025
0.00135563
0.00105039
0.0028266
0.00202352
0.00232222
0.00226983
0.00138757
0.00112109
0.00311407
0.000834034
0.000985512
0.000514352
0.000540994
0.0351295
0.000506031
0.022375
0.0013262
0.00372295
0.000553201
0.00257173
0.0013164
0.00112588
0.00111844
0.00243202
0.000866639
0.00192425
0.00148537
0.000521655
0.00234239
0.00287841
0.00325542
0.00185573
0.00179581
0.00460558
0.00105972
0.00165482
0.000386015
0.00079225
0.000260332
0.00290634
0.00137714
0.0030398
0.00258278
0.00391618
0.00347916
0.000840896
0.00200574
0.000855899
0.00139881
0.00115943
0.00144169
0.00221306
0.00105105
0.000637768
0.00315456
0.015527
0.00225243
0.000665953
0.000838237
0.00084175
0.000994582
0.00151525
0.00123319
0.00403775
0.00305626
0.00409482
0.000240263
0.00109925
0.0024625
0.00199618
0.00124271
0.00111538
0.000724568
0.000490349
0.000621439
0.00440413
0.00110857
0.00246117
0.00255931
0.000403543
0.00423579
0.00117209
0.0025445
0.000312143
0.000977371
0.0018581
0.00150256
0.00182574
0.00744953
0.00184426
0.000936895
0.00159032
0.000316343
0.0022609
0.000531099
0.008838
0.00270663
0.000920975
0.00152483
0.00324002
0.00114228
0.00316194
0.000941275
0.0010049
0.00113667
0.00031553
0.00240648
0.00133468
0.00312598
0.00289613
0.00276117
0.00324699
0.00123224
0.000730161
0.00269787
0.00227131
0.000496058
0.00160582
0.00172839
0.000442802
0.00155157
0.012858
0.00209852
0.000825454
0.00180783
0.00163087
0.00179202
0.00381585
0.00150417
0.000386368
0.00159819
0.00083619
0.000489448
0.000155048
0.00095421
0.000728078
0.00266696
0.00125101
0.000767909
0.000965582
0.000835819
0.00110591
0.00201917
0.00208657
0.00094793
0.0025542
0.00151238
0.000404023
0.00137634
0.0018049
0.0029505
0.00230438
0.000187663
0.000867062
0.0011192
0.00226031
0.000532974
0.000754806
0.00223256
0.00170975
0.000704895
0.00122253
0.000893004
0.00025464
0.00207989
0.00461607
0.00264568
0.00201717
0.00171879
0.00170947
0.00194177
0.00184693
0.00125764
0.00100597
0.00164256
0.000397011
0.00224951
0.0013032
0.000824387
0.00312475
0.000905122
0.000815529
0.00151853
0.00239775
0.00867996
0.000675307
0.00221869
0.00367331
0.00135373
0.00107263
0.00143696
0.0012162
0.00162447
0.00194346
0.00838326
0.00427311
0.00308414
0.00191221
0.000906697
0.00228295
0.00873233
0.00181116
0.00241276
0.000573775
0.00101834
0.00351377
0.00437009
0.000836866
0.000689079
0.00198827
0.00191204
0.0054548
0.00191174
0.00106704
0.00218431
0.000776336
0.00261775
0.00203869
0.00181877
0.000482013
0.000797412
0.00126449
0.00124763
0.00260529
0.00195144
0.00186148
0.00143272
0.00192354
0.00137916
0.00269053
0.00167924
0.00140795
0.000914507
0.00646623
0.00266737
0.0023216
0.000743514
0.000671185
0.000696323
0.000701785
0.0045341
0.00918906
0.000616905
0.00131758
0.00131188
0.0101484
0.00175091
0.00856638
0.00203794
0.00102233
0.00124149
0.00160519
0.00213969
0.000352584
0.000720891
0.00344939
0.00152099
0.00224226
0.00203633
0.000844073
0.00148645
0.00179994
0.00219969
0.0417433
0.00241688
0.00126336
0.00227249
0.00253143
0.0012392
0.00193323
0.000411288
0.00105798
0.00427228
0.0033621
0.0157212
0.00216892
0.000311036
0.00112076
0.00188955
0.00284236
0.00342723
0.00756503
0.00209538
0.00168253
0.00104027
0.00182309
0.00143275
0.0017543
0.000401601
0.00150412
0.000737582
0.00193638
0.0173984
0.00126002
0.00179236
0.00179801
0.00305298
0.000691555
0.00259468
0.00380094
0.000601965
0.00408897
0.00218276
0.0026694
0.00422357
0.00138463
0.00163886
0.000408829
0.00121256
0.00216042
0.00125416
0.00173544
0.00128361
0.00448391
0.000705616
0.00310243
0.00107915
0.00307317
0.002176
0.000869954
0.00566592
0.00315589
0.00146168
0.00293817
0.00165584
0.00263211
0.00144072
0.00050199
0.00540436
0.000692846
0.00229996
0.0021684
0.00175055
0.00147515
0.00228226
0.00192779
0.00218683
0.00530236
0.000513855
0.00148573
0.00671427
0.00365603
0.00598862
0.00168638
0.000860863
0.000717231
0.00200038
0.000641299
0.00126546
0.00242665
0.000272785
0.00232109
0.00147907
0.00683665
0.00164215
0.00239359
0.00251617
0.00157561
0.00218594
0.00548941
0.00133795
0.00162063
0.00162438
0.00247793
0.000199314
0.00201214
0.00257449
0.00226167
0.00219755
0.000987892
0.00151638
0.00225691
0.000528968
0.00430207
0.000842786
0.000768629
0.000485358
0.00111406
0.00143267
0.00226592
0.00174274
0.00152779
0.00180237
0.00322122
0.00665616
0.00162044
0.00142124
0.00218978
0.000733777
0.000880877
0.00144839
0.000192816
0.00242399
0.00134607
0.000715508
0.00204169
0.000321316
0.00406824
0.00120318
0.00249165
0.00186718
0.00130767
0.00119084
0.00143804
0.00210132
0.00104372
0.00150282
0.00334967
0.00151307
0.00228353
0.00115916
0.00238408
0.00230549
0.00213136
0.000189637
0.00186654
0.000798342
0.00241582
0.000888849
0.0016519
0.00143758
0.00113679
0.00123718
0.000968463
0.00111318
0.00127435
0.000615359
0.00237003
0.000849476
0.000494473
0.0007837
0.00211399
0.00439828
0.00230426
0.00261159
0.00140817
0.000931041
0.000652815
0.00050184
0.0021009
0.000675598
0.000616001
0.000904059
0.000976012
0.00358988
0.00126484
0.00139664
0.000942864
0.0010538
0.00111921
0.00292201
0.000872845
0.000982081
0.00157936
0.00119931
0.00676592
0.000743368
0.00214854
0.00452947
0.00216413
0.0013428
0.0021167
0.00181378
0.000433701
0.00161014
0.000426635
0.00240677
0.00190833
0.00140476
0.00179446
0.000741273
0.00260789
0.00097336
0.0026906
0.00305519
0.0035231
0.00188293
0.00116709
0.00355325
0.00670621
0.00184529
0.00259443
0.00173424
0.00174425
0.000874643
0.00217316
0.00301295
0.0059164
0.00308006
0.00228299
0.000955691
0.0012479
0.00205145
0.00276225
0.00475182
0.00215602
0.00134198
0.00279343
0.00252773
0.00104215
0.00110502
0.000545653
0.00345097
0.00133475
0.00132961
0.00116319
0.00790989
0.00245529
0.00099611
0.000654441
0.00203766
0.00146047
0.00291314
0.00124796
0.00095663
0.00220976
0.00101171
0.000834923
0.00343602
0.00344352
0.00149795
0.00471657
0.000400519
0.000688797
0.000719271
0.000539431
0.00757163
0.00169388
0.00140715
0.00585278
0.00157747
0.0024175
0.00307188
0.0011246
0.000952254
0.00164239
0.00110906
0.00198034
0.00070455
0.00150888
0.00126598
0.00862254
0.000350325
0.00235948
0.0170078
0.00789532
0.000942642
0.00362001
0.00155222
0.00440146
0.00228346
0.000446517
0.000624028
0.00234165
0.0032377
0.00151787
0.00170287
0.00066909
0.00161994
0.00152077
0.0017927
0.00214681
0.00380767
0.00322168
0.000989148
0.00149223
0.00243896
0.00174504
0.0212886
0.000263755
0.00372874
0.00159228
0.00162049
0.0012357
0.000401238
0.0017605
0.000918027
0.00134611
0.0013146
0.0103083
0.00160864
0.00191133
0.00276516
0.00147062
0.000267378
0.00253465
0.00167228
0.001285
0.00125579
0.00103852
0.00215564
0.000739008
0.000161253
0.000481034
0.00156662
0.0011825
0.00222798
0.0182245
0.00334902
0.00160323
0.00153845
0.00072142
0.000246969
0.00134866
0.00317063
0.00611215
0.00135114
0.00222534
0.00171332
0.00161832
0.000957732
0.00105597
0.00176647
0.00216199
0.000313067
0.000709216
0.000281668
0.00317632
0.00102098
0.00265144
0.000449136
0.00108692
0.0029814
0.000657504
0.00110297
0.00270612
0.000987455
0.00153984
0.00064146
0.000913222
0.000924461
0.00106082
0.00303121
0.00226489
0.00196761
0.00353687
0.000690924
0.00176102
0.0016885
0.012744
0.007075
0.00102604
0.00060669
0.00206154
0.00192052
0.00124584
0.00232639
0.000944566
0.00177174
0.00545422
0.00152306
0.00190219
0.0018355
0.000732759
0.00135836
0.00140136
0.00314045
0.00242844
0.0021493
0.00168266
0.000356741
0.00171567
0.0012193
0.00079201
0.00125325
0.00239206
0.00295315
0.00149812
0.00107354
0.00208624
0.0017897
0.00141468
0.0116266
0.000552445
0.00191206
0.00321313
0.00047362
0.00799524
0.00152027
0.000981821
0.0316437
0.000780825
0.00125157
0.00234789
0.00052587
0.00154904
0.0024381
0.00101517
0.0014194
0.00173686
0.00172922
0.000981544
0.00849228
0.00114305
0.002989
0.00275634
0.00297352
0.00054068
0.00200809
0.00101239
0.000926232
0.000750087
0.0026315
0.0013173
0.000405914
0.00215619
0.00235817
0.00245813
0.00149328
0.000824971
0.00203548
0.000822615
0.00341527
0.00051924
0.000941796
0.00182629
0.000481757
0.00141536
0.000982395
0.00225672
0.00257678
0.00425454
0.0032879
0.00123069
0.00204714
0.0027649
0.00219292
0.000528931
0.00217914
0.00341173
0.00335377
0.0195671
0.00031833
0.00178211
0.00189243
0.00201791
0.00535709
0.00297261
0.00200504
0.00262821
0.000603548
0.00179531
0.00162484
0.000731593
0.00208854
0.000910324
0.00557164
0.004542
0.00171655
0.000471821
0.00154937
0.000189682
0.001496
0.00260984
0.00186363
0.000854088
0.00107969
0.00285655
0.00124492
0.00134558
0.00211327
0.000935099
0.00158441
0.00180693
0.000455896
0.00109077
0.00512765
0.00120996
0.00280225
0.000905279
0.000601178
0.000885554
0.000178268
0.00162421
0.00347482
0.00121315
0.000688079
0.00126811
0.000618473
0.000495523
0.00203374
0.00459919
0.00279105
0.0013713
0.000864818
0.00173628
0.00171944
0.00456819
0.0006736
0.00288231
0.00144579
0.0019254
0.00116025
0.000633714
0.000551434
0.00133746
0.000713366
0.000335691
0.00284936
0.00122247
0.000816358
0.000910941
0.00153539
0.00143912
0.0150943
0.000590422
0.00051663
0.002032
0.00161268
0.000900415
0.00208771
0.0109693
0.000620368
0.00136056
0.00342737
0.00132567
0.00469744
0.00155298
0.0023971
0.000815024
0.00208985
0.00397311
0.00876787
0.00130442
0.00119806
0.00206139
0.000788662
0.00167719
0.00143679
0.00170696
0.000879702
0.00190058
0.000657567
0.00168357
0.000994448
0.001209
0.00214662
0.00134901
0.0048997
0.00233699
0.00145002
0.00164971
0.00163385
0.00106391
0.00260564
0.00123325
0.000671183
0.00125008
0.00406033
0.00211158
0.00152256
0.00373519
0.00208782
0.00210963
0.0022467
0.00104023
0.000621254
0.00109792
0.00198869
0.00130284
0.00172359
0.00114383
0.00990198
0.000491306
0.00204657
0.00821375
0.00152362
0.00516548
0.000650437
0.00258774
0.0018274
0.00109964
0.00416084
0.00247264
0.00187982
0.000639939
0.00313703
0.00228746
0.00134034
0.00127161
0.000939743
0.00134071
0.000354675
0.00632257
0.00249195
0.00227734
0.00168125
0.00570385
0.00170234
0.00483116
0.00247201
0.00224854
0.00108215
0.00583646
0.000443189
0.00162523
0.00126807
0.00101598
0.00264616
0.00122859
0.00105404
0.0012548
0.000471735
0.00232923
0.00327695
0.0027447
0.00123344
0.00189083
0.000314895
0.00167547
0.00230494
0.00148377
0.00484786
0.00351577
0.000845179
0.00144771
0.00153729
0.0021482
0.00124264
0.0016087
0.00339237
0.000913428
0.00221211
0.000550385
0.00146982
0.00124907
0.00248022
0.00267202
0.000999895
0.0244284
0.00285904
0.00131781
0.00439323
0.000770334
0.00134833
0.00196386
0.000888418
0.0019698
0.0103495
0.000812884
0.00580051
0.00148754
0.00209121
0.000352369
0.00148246
0.000724162
0.000498178
0.00183973
0.000598835
0.00102277
0.00390221
0.000388385
0.00158791
0.000215277
0.000845679
0.00201286
0.00563894
0.00267677
0.00122921
0.00183202
0.00135182
0.00387918
0.000151446
0.00129143
0.000948196
0.000561585
0.00163473
0.00269467
0.00336375
0.000809724
0.00125894
0.00107678
0.00151795
0.00266022
0.000572322
0.000549736
0.000866926
0.000567079
0.00045513
0.00245795
0.00159371
0.00357111
0.00200521
0.00128012
0.000738895
0.000527466
0.000441035
0.000785662
0.00159522
0.00143718
0.00162677
0.00181505
0.000847091
0.00101937
