0.0216368
0.000970275
0.0114486
0.0344353
0.0179254
0.0177097
0.0144513
0.0167136
0.0110433
0.027981
0.00752031
0.00110207
0.0357673
0.0241388
0.00829052
0.017607
0.00370599
0.0114458
0.00693152
0.00420616
0.0325505
0.0334816
0.0414102
0.0457195
0.0146069
0.0163658
0.0115762
0.0171688
0.0220816
0.0198494
0.00624711
0.104192
0.00363182
0.00649795
0.0300807
0.00360056
0.00260941
0.0142582
0.0131653
0.0068295
0.00789539
0.00519835
0.0406581
0.0336473
0.018885
0.00854859
0.00499254
0.0392828
0.0255226
0.0586169
0.0124116
0.0643693
0.0156716
0.00605959
0.00881449
0.0366166
0.018228
0.0115132
0.0317438
0.00923798
0.0167877
0.0494761
0.0122103
0.0347934
0.0153688
0.0185969
0.108274
0.0429436
0.0173738
0.00768185
0.00913378
0.0169412
0.0137162
0.0810448
0.0453142
0.0203921
0.0060773
0.0576997
0.001517
0.00968317
0.0172222
0.00713663
0.0145607
0.0198393
0.0266355
0.00671038
0.0103412
0.00781393
0.018855
0.0166237
0.0263347
0.00215825
0.046226
0.00058345
0.0261916
0.0131189
0.0524901
0.0131829
0.0804268
0.0186311
0.0614106
0.0462737
0.0278308
0.0155143
0.0166773
0.01288
0.0164996
0.00779547
0.00972729
0.027987
0.0271216
0.0233042
0.00325512
0.00565344
0.0167602
0.0121676
0.0190424
0.00715243
0.00854428
0.0526591
0.00758363
0.0139174
0.0164127
0.000666107
0.0242829
0.0683904
0.0137844
0.00308132
0.00073471
0.00771907
0.00714645
0.000659193
0.00714683
0.0958088
0.0125407
0.00416793
0.0517947
0.0294234
0.00105833
0.0175627
0.0173819
0.0185918
0.00132006
0.00678596
0.0243762
0.0244918
0.0178228
0.0215333
0.00114518
0.00181895
0.0142479
0.0823317
0.0106196
0.0385619
0.0100456
0.0143932
0.0156202
0.00664314
0.012185
0.0121348
0.00672242
0.00881001
0.012354
0.00595138
0.0237624
0.0181898
0.0175089
0.00395129
0.0119746
0.00761925
0.0734034
0.0427632
0.121159
0.0140875
0.0206471
0.0430613
0.0284136
0.0299488
0.0350535
0.00562436
0.0194393
0.0125451
0.0165856
0.000669895
0.012729
0.0126668
0.0255328
0.0383893
0.00187498
0.0438962
0.0324185
0.0902935
0.00546043
0.0108236
0.0207901
0.00510157
0.0198076
0.00591749
0.00871213
0.0052687
0.163009
0.0089657
0.0133993
0.00421422
0.0485505
0.0884811
0.00304836
0.00334955
0.00950193
0.00329425
0.0236483
0.0310439
0.024321
0.0156186
0.00484472
0.00152466
0.0232883
0.00609153
0.00876181
0.0210894
0.00724415
0.0195407
0.010083
0.0146927
0.137946
0.0725567
0.0118589
0.00191026
0.0292437
0.0481164
0.00923336
0.00528126
0.0238631
0.013673
0.00971613
0.011366
0.0260565
0.0137262
0.00890237
0.00650172
0.00544995
0.0154832
0.0471842
0.0082893
0.121693
0.00903417
0.00357529
0.0151109
0.0103265
0.0239775
0.0256785
0.00257941
0.0139953
0.0737789
0.0133944
0.00445435
0.0515757
0.0345108
0.00599738
0.0115651
0.0308736
0.0229533
0.035664
0.000490995
0.00898828
0.0507984
0.0277127
0.00536978
0.00590755
0.0292518
0.0300844
0.0188778
0.0237179
0.0212117
0.00100464
0.00978377
0.00679958
0.00919616
0.0187642
0.0524597
0.00893512
0.0170663
0.00700855
0.0168736
0.0276794
0.0284178
0.0342041
0.0137018
0.055578
0.00476223
0.0329459
0.0143495
0.00210673
0.0453076
0.000458979
0.000814115
0.0303017
0.000730832
0.013765
0.0440804
0.0369079
0.00972387
0.0317874
0.031305
0.00376248
0.0495853
0.0165126
0.00645202
0.0363819
0.00530474
0.0232929
0.029651
0.0914616
0.0108817
0.0364644
0.00788591
0.0298899
0.0283572
0.0245913
0.010521
0.00990754
0.0257804
0.0448835
0.00580461
0.00893478
0.00791739
0.0540622
0.00292506
0.00736731
0.0336678
0.0258596
0.0389692
0.00819892
0.0138874
0.0145274
0.0130807
0.095208
0.0299292
0.00768196
0.0102557
0.0229385
0.0214759
0.0101659
0.00728662
0.0688359
0.0216306
0.00804638
0.000807755
0.0147607
0.0126407
0.00523393
0.0132078
0.0214055
0.00654877
0.00612149
0.0130933
0.00802628
0.0232599
0.0113197
0.0267236
0.0387582
0.00388738
0.00232401
0.0279967
0.0101161
0.0202341
0.0285853
0.0806186
0.0096608
0.00945698
0.0352865
0.0265182
0.0176675
0.00935121
0.00412331
0.00922997
0.00398539
0.00632687
0.00982371
0.0110626
0.0562831
0.00295525
0.000908151
0.0463231
0.0334803
0.00674415
0.00724787
0.0111633
0.000690097
0.0391385
0.00834921
0.0123807
0.0628133
0.00588867
0.0107826
0.0261734
0.00130641
0.00157962
0.00663021
0.0118233
0.00709013
0.00641067
0.0160855
0.0259837
0.0110157
0.148373
0.00817446
0.0250297
0.0259379
0.00759316
0.0206026
0.0143774
0.00548146
0.000908696
0.0259913
0.00933113
0.00507942
0.00552102
0.0211549
0.0832422
0.0443507
0.0305634
0.0058323
0.0345336
0.0232308
0.00879293
0.0117868
0.0065883
0.00982858
0.0228754
0.0106276
0.0262083
0.0236025
0.010124
0.0201086
0.0103312
0.00197723
0.0160453
0.00788075
0.0204072
0.0115625
0.00235464
0.00508339
0.0344798
0.010639
0.00715517
0.0569449
0.0374149
0.0121205
0.00733013
0.00277228
0.00511572
0.00269857
0.0164308
0.0156877
0.00266324
0.0839143
0.0331585
0.0119934
0.0220776
0.000529957
0.0383153
0.0229879
0.0121162
0.0226769
0.0146998
0.0399373
0.0149816
0.00721272
0.0178992
0.148429
0.00714056
0.0118886
0.0179932
0.0495872
0.00979021
0.00279923
0.0198778
0.0606332
0.0193627
0.12356
0.0173842
0.0291482
0.00948063
0.0370582
0.25117
0.0263364
0.00482926
0.0400681
0.0388017
0.0597393
0.00910384
0.01148
0.0400723
0.00544085
0.018288
0.0625294
0.0016278
0.021263
0.00983828
0.0247543
0.038415
0.00115496
0.00705597
0.00606216
0.0218927
0.00567559
0.0139628
0.115164
0.022715
0.00375766
0.0170972
0.0133639
0.0316957
0.00622149
0.00796848
0.0594335
0.00150734
0.0449073
0.000664675
0.00225302
0.0101302
0.00589268
0.00367444
0.000774937
0.000815903
0.00945789
0.0336358
0.0150338
0.0157304
0.00447526
0.0226393
0.0114156
0.0136112
0.10229
0.00594809
0.00411482
0.00540403
0.0792116
0.0198934
0.00184236
0.0352221
0.00586903
0.00578899
0.0259653
0.0584322
0.0147202
0.0104061
0.00487643
0.0209899
0.00376291
0.00640576
0.0474248
0.0322994
0.0194084
0.0119649
0.109707
0.00323545
0.0181924
0.00631945
0.0125127
0.0706435
0.0299507
0.00687412
0.0102537
0.0135299
0.00151212
0.012588
0.0354311
0.019056
0.000829842
0.0570308
0.098057
0.0139536
0.0131631
0.0260049
0.0126019
0.03422
0.0111565
0.00417476
0.0277748
0.00781982
0.0844004
0.0233844
0.0238509
0.00128393
0.00901358
0.13207
0.0361686
0.0121894
0.00427962
0.00702586
0.019769
0.00105055
0.00594538
0.0152551
0.0244693
0.0203163
0.00706085
0.0130952
0.00658302
0.0192674
0.00605486
0.00859512
0.00512087
0.0177315
0.00531017
0.0219029
0.00752611
0.00502442
0.0680867
0.0110257
0.0118335
0.00200697
0.0360746
0.0181235
0.00601252
0.0161742
0.021848
0.0155097
0.0171251
0.00137955
0.00602858
0.0205076
0.00738135
0.00338699
0.0412389
0.0189379
0.000607409
0.00720297
0.0484726
0.0152716
0.0136483
0.0753212
0.00220441
0.0108235
0.162647
0.107091
0.00117262
0.0197955
0.00317159
0.0672871
0.00483484
0.0350516
0.0202883
0.014503
0.0202301
0.0219607
0.0160398
0.0199164
0.13524
0.0121154
0.0977889
0.0074612
0.0101308
0.0527382
0.0187188
0.0112623
0.0589005
0.0228152
0.0131661
0.00424832
0.127865
0.0150247
0.0374769
0.00245617
0.021171
0.0143967
0.003025
0.0357411
0.0231392
0.0317556
0.00958283
0.000548672
0.0251148
0.00552974
0.0838259
0.00574141
0.0211779
0.00329581
0.0164897
0.0405941
0.0301893
0.046392
0.0220064
0.00705876
0.0115654
0.00546456
0.00927494
0.0495637
0.00775984
0.0193767
0.0214857
0.0100707
0.00459897
0.0232927
0.00879234
0.0270604
0.0281183
0.0249601
0.00602187
0.00601865
0.0296851
0.00912052
0.0103228
0.0395498
0.00345086
0.016259
0.00393869
0.0130869
0.0884806
0.0489761
0.00127323
0.0463858
0.011025
0.0165175
0.00782476
0.0147196
0.00191181
0.0511801
0.025337
0.000681072
0.190409
0.00907498
0.00218983
0.103022
0.0104108
0.00130449
0.02278
0.00882257
0.0308201
0.0115622
0.0109523
0.00451455
0.0160998
0.0528407
0.0142588
0.0145904
0.0852223
0.0178489
0.00275554
0.017951
0.0394972
0.0990484
0.020392
0.0363766
0.0110383
0.0154798
0.0457828
0.0157441
0.0543526
0.0185032
0.0317832
0.00427567
0.0438134
0.000749832
0.0108378
0.0323939
0.00308152
0.01784
0.0672
0.0216965
0.0903762
0.0506242
0.0108407
0.00927198
0.0110417
0.0962573
0.022954
0.0176283
0.0130668
0.00614012
0.00294256
0.0010461
0.00896543
0.0337963
0.0229249
0.00420929
0.00515473
0.0223966
0.016858
0.0128123
0.0264012
0.00418255
0.0301718
0.00864213
0.0282831
0.00759335
0.0137209
0.237168
0.00887762
0.0739818
0.016385
0.00871016
0.0114745
0.00843596
0.00703032
0.0161295
0.0214894
0.0531317
0.0145454
0.0286875
0.00718147
0.0558126
0.00135491
0.00569462
0.00123383
0.010179
0.0339199
0.00734273
0.0207601
0.0222175
0.0676011
0.0121754
0.0384885
0.00800677
0.00747413
0.0109899
0.0616117
0.015824
0.0676467
0.0414199
0.0360723
0.111386
0.0134885
0.00663015
0.0235174
0.00806397
0.00768566
0.0378135
0.0238143
0.00907163
0.0068209
0.0184151
0.00511407
0.0321725
0.0500166
0.0618294
0.154839
0.00843413
0.00398168
0.0274772
0.00982179
0.0081054
0.000675737
0.0440737
0.0161612
0.000815253
0.00213692
0.00290906
0.0188334
0.0100626
0.00829106
0.00820536
0.0117142
0.0076812
0.0150703
0.00735301
0.0516924
0.00626905
0.00589937
0.0529472
0.0120238
0.0159
0.0804901
0.00825883
0.0458383
0.0344208
0.00736358
0.0663111
0.0232301
0.0258506
0.0102297
0.000303345
0.0730885
0.000995295
0.00244548
0.141114
0.0109051
0.0448767
0.0396107
0.0206973
0.0110829
0.00985419
0.0126455
0.00708842
0.0135808
0.00881175
0.00853696
0.0139477
0.0309886
0.0225341
0.00425937
0.00506905
0.0484853
0.0149114
0.00949204
0.201518
0.0307948
0.00331547
0.0442663
0.00222147
0.00737808
0.00535044
0.00175117
0.000758547
0.0915055
0.0413184
0.000373518
0.00317232
0.017449
0.0695426
0.026927
0.011555
0.0266762
0.0447265
0.0330278
0.00682573
0.0146406
0.0356192
0.0644125
0.025024
0.0122449
0.00640288
0.0550779
0.0996331
0.0589637
0.0230536
0.00839431
0.000970792
0.0280494
0.0330143
0.00514949
0.000616037
0.0152732
0.0144296
0.00698977
0.0234231
0.0205233
0.0828053
0.00581078
0.00579831
0.0422703
0.0138146
0.0640579
0.0164769
0.0200797
0.0162394
0.0251204
0.00362949
0.0227058
0.0299054
0.00403339
0.00389573
0.0521877
0.00510938
0.0283142
0.00938147
0.00910556
0.0912495
0.00476118
0.0105888
0.0273244
0.00650566
0.0212808
0.0225642
0.00771059
0.00856506
0.0272732
0.00692133
0.0169757
0.00483733
0.0528546
0.00969199
0.0390354
0.00865183
0.00791651
0.0170178
0.0093438
0.0187717
0.021447
0.00847672
0.0581932
0.0610084
0.00124897
0.016074
0.00964899
0.0270948
0.0205655
0.0122236
0.0113618
0.0179525
0.00703952
0.00477481
0.00177955
0.0118986
0.00493492
0.0296873
0.00871415
0.0675176
0.00681756
0.00758837
0.0147068
0.0104506
0.00420724
0.0256306
0.00650177
0.01271
0.00712641
0.0188953
0.00646393
0.0387346
0.011152
0.00829393
0.0124737
0.0277678
0.00231721
0.0182075
0.0167181
0.00198809
0.00472997
0.0112414
0.0305796
0.0246212
0.0194738
0.00442034
0.0146963
0.023147
0.0709721
0.00934844
0.0171414
0.0214007
0.0227456
0.108457
0.0203928
0.00348338
0.0422649
0.00121128
0.0786267
0.0203909
0.0544949
0.00938847
0.0165252
0.015625
0.00123777
0.0183965
0.0111259
0.0018039
0.0484725
0.0136002
0.0564643
0.0413557
0.022763
0.0102177
0.00990159
0.0259406
0.0554527
0.031256
0.00245193
0.00473813
0.0380895
0.0181837
0.0296061
0.0122911
0.010501
0.00918118
0.0103597
0.0280157
0.0256244
0.0511957
0.0211364
0.022705
0.017973
0.00838441
0.018713
0.0220297
0.0518726
0.0195135
0.0663369
0.0192292
0.0135664
0.0241505
0.0237892
0.0376558
0.0957992
0.0194065
0.000782643
0.0142455
0.0557717
0.00470318
0.0173337
0.0107925
0.0783759
0.00374998
0.0243828
0.00908442
0.000326569
0.013356
0.0470826
0.0154884
0.0630197
0.0315717
0.0226416
0.000823477
0.102201
0.0313102
0.0362116
0.00698973
0.0669955
0.00676716
0.0129007
0.0285074
0.00407197
0.0117995
0.0152376
0.00686514
0.0535121
0.0130974
0.0191794
0.0202649
0.132447
0.0268519
0.00672905
0.0188886
0.0336647
0.0261193
0.0701698
0.0884563
0.0698983
0.00513541
0.00379689
0.00992597
0.017876
0.0892072
0.0259551
0.0153213
0.048301
0.000668065
0.00618017
0.0337801
0.0218897
0.00123735
0.012474
0.0116723
0.0317338
0.00208618
0.00777417
0.000440543
0.0167364
0.00663518
0.0104007
0.00425572
0.00725206
0.0189236
0.0676246
0.0127074
0.0306569
0.0149175
0.00806777
0.0128899
0.0167135
0.0119421
0.0363969
0.022867
0.006232
0.00931203
0.0113503
0.020095
0.00610353
0.0871289
0.0441411
0.0126743
0.00943964
0.0128099
0.000325438
0.000170795
0.0509232
0.0172609
0.104988
0.00356592
0.00123204
0.0417787
0.0109746
0.0274615
0.0361814
0.00130654
0.0388986
0.000726601
0.029088
0.00379958
0.0205438
0.00147404
0.00970596
0.00638592
0.0389816
0.0298079
0.0133206
0.0326227
0.0116379
0.0130275
0.00735536
0.0102651
0.0113118
0.0362455
0.0236439
0.0715792
0.00675354
0.0100088
0.0128439
0.0207468
0.0524987
0.0160975
0.0520585
0.0923228
0.00724888
0.00878613
0.0301378
0.00528148
0.0233965
0.0327606
0.00347243
0.0152527
0.0338903
0.0680072
0.0304178
0.00884268
0.00455667
0.0120897
0.0128536
0.0268721
0.00329893
0.0102937
0.00184611
0.0176428
0.00291087
0.0123239
0.013843
0.000595188
0.0487141
0.0201393
0.00640013
0.0192346
0.0256922
0.0014312
0.00748214
0.0400878
0.0122483
0.00167193
0.0393718
0.0251646
0.0157193
0.0268241
0.0174899
0.0136875
0.00323389
0.00485443
0.00216272
0.0260623
0.00299017
0.0158211
0.0104028
0.00327935
0.00259909
0.0101173
0.0103176
0.00637671
0.0489935
0.10624
0.0272742
0.00642589
0.00851798
0.0236827
0.029499
0.00366469
0.0148608
0.0044042
0.0355415
0.0125216
0.00376099
0.00692339
0.00939671
0.00988452
0.0336775
0.0156914
0.0137299
0.107278
0.033673
0.00829993
0.0865662
0.0259136
0.0188804
0.0355188
0.0125311
0.0299122
0.0387938
0.00398352
0.00103278
0.00755969
0.0255324
0.0174082
0.00923116
0.00626562
0.00414801
0.0670926
0.00264217
0.0125462
0.0184105
0.175953
0.0098581
0.0126067
0.000596316
0.00613649
0.0523485
0.0207915
0.017611
0.111797
0.0233629
0.00527345
0.0999259
0.0140851
0.0795861
0.00560177
0.00607803
0.0222306
0.0231749
0.0116735
0.00777383
0.0123848
0.0392998
0.0220933
0.00774967
0.0127571
0.00220294
0.00949877
0.077563
0.00663201
0.0410144
0.0364779
0.0105608
0.00520962
0.0445365
0.0157309
0.0106178
0.0467307
0.011038
0.0975518
0.046456
0.0213637
0.000676691
0.0108468
0.0217925
0.00455704
0.0274833
0.0137668
0.0386035
0.0958421
0.00592291
0.0316462
0.0480512
0.0335471
0.069502
0.00456206
0.00851956
0.0521726
0.000692679
0.0813574
0.018765
0.0351787
0.0351498
0.0296955
0.00617297
0.0118286
0.0219693
0.00809696
0.0283806
0.0277998
0.00628518
0.0140358
0.0271676
0.00882627
0.00777899
0.00584703
0.0214558
0.0359375
0.00442219
0.000439933
0.00105283
0.0187547
0.0451891
0.0132197
0.0260569
0.00105244
0.091432
0.0253087
0.0132028
0.0160924
0.0173171
0.000893001
0.0200977
0.00866312
0.00264358
0.011503
0.0179829
0.00262631
0.00391673
0.011527
0.00277573
0.0149811
0.00158472
0.0260877
0.0615285
0.0109403
0.00698399
0.0190362
0.0169018
0.048573
0.00459146
0.0131204
0.0969175
0.0238798
0.0048345
0.00706486
0.00772306
0.023873
0.0029891
0.000577682
0.146647
0.0112947
0.0161802
0.0332132
0.0624237
0.0147242
0.0159885
0.0253897
0.0916778
0.00602189
0.0067046
0.0174515
0.0360449
0.00986595
0.0125527
0.0103649
0.020075
0.0337667
0.00358299
0.0116632
0.112374
0.0113467
0.00789313
0.00577327
0.0190543
0.00558504
0.0203772
0.0105193
0.00400701
0.0270711
0.00998228
0.00719482
0.0182389
0.0517252
0.193817
0.0121323
0.000983784
0.00888597
0.0174781
0.00176408
0.00980666
0.0185416
0.0210907
0.00632146
0.0937789
0.0330677
0.010755
0.0193572
0.032039
0.0323601
0.00316228
0.0455949
0.0257842
0.0016038
0.0277693
0.0153337
0.0105234
0.000379804
0.000686273
0.020905
0.0102729
0.0144775
0.0138758
0.0232933
0.0108923
0.0139436
0.00614916
0.0106189
0.0160677
0.0111611
0.0328043
0.00920744
0.00982369
0.0342497
0.0240787
0.0689721
0.00915811
0.0120152
0.0119688
0.0538767
0.0558502
0.00981041
0.0240881
0.0391994
0.0239512
0.0279514
0.011568
0.00584009
0.0588069
0.00919817
0.0176181
0.0750647
0.0436357
0.00825595
0.00340593
0.0154435
0.0920201
0.0190515
0.0364962
0.00102857
0.0117599
0.0394402
0.026605
0.0183171
0.00425374
0.0135904
0.0206582
0.0521117
0.0112569
0.00784013
0.00695913
0.0400079
0.0261988
0.0443216
0.0410075
0.0187171
0.0013249
0.0401356
0.0073819
0.0416656
0.0248542
0.0120355
0.0282334
0.0690905
0.0267382
0.00454969
0.0061904
0.00627611
0.00647599
0.0475045
0.0237481
0.0032246
0.0444129
0.00555587
0.0167519
0.0314237
0.0237242
0.00611265
0.0223168
0.00392442
0.0209482
0.0241679
0.0710611
0.0498699
0.0347138
0.0405138
0.00413648
0.0411667
0.00295873
0.00572396
0.00718666
0.00137479
0.00871171
0.0143145
0.0326284
0.00665149
0.00895692
0.00397899
0.0106102
0.0120881
0.000786111
0.000957716
0.0161587
0.00485461
0.00578543
0.00922653
0.0148924
0.000509907
0.03729
0.0143205
0.0888472
0.0260384
0.0466046
0.0261143
0.0400658
0.00861783
0.0235602
0.00572492
0.0235298
0.0278912
0.0803067
0.0366877
0.0284272
0.0041452
0.0389225
0.00384459
0.0101914
0.0110312
0.0198254
0.014225
0.015693
0.0420377
0.00680271
0.0194521
0.0076252
0.0258026
0.0070829
0.00826959
0.0637154
0.013619
0.00390664
0.00816373
0.0650708
0.00633633
0.00458906
0.0102707
0.00963087
0.0463064
0.0367465
0.010302
0.0123199
0.00489967
0.0452492
0.209124
0.00816638
0.0368393
0.0395285
0.0123872
0.0316949
0.00996484
0.00141529
0.0152083
0.00255014
0.0171147
0.0057684
0.0167651
0.056499
0.00947088
0.0202161
0.014798
0.0107119
0.01157
0.00575935
0.0695624
0.0109002
0.0284789
0.0210668
0.0304055
0.0060374
0.0216495
0.0399518
0.0131114
0.00883619
0.0118045
0.0262074
0.0123462
0.017567
0.00444747
0.00428146
0.00604094
0.0393908
0.0460919
0.0260088
0.00896871
0.0218377
0.0320413
0.0377868
0.0732689
0.0127876
0.00531043
0.013711
0.00596046
0.0212492
0.00672289
0.0397232
0.0308621
0.0686657
0.0136242
0.00856674
0.00123716
0.0642997
0.00530811
0.0138421
0.0414136
0.0091561
0.0784223
0.00412726
0.0192387
0.311123
0.0429574
0.0931691
0.00553996
0.00842757
0.00943187
0.0187466
0.0104814
0.0695666
0.0114839
0.0232381
0.0170341
0.00364173
0.00435435
0.0244643
0.0221496
0.0134138
0.0379533
0.0209044
0.00183338
0.00547355
0.036198
0.0267244
0.0511238
0.0126045
0.00554208
0.035646
0.00404729
0.00231213
0.0384899
0.0155375
0.0118991
0.0691678
0.00790749
0.000482129
0.0125199
0.0298226
0.0756545
0.0106325
0.00970175
0.00970646
0.0627649
0.00636805
0.0155447
0.00348552
0.0204831
0.0169377
0.00942327
0.002178
0.130693
0.0142625
0.0110834
0.0549407
0.00767752
0.00193817
0.0198404
0.0132632
0.0408766
0.00823559
0.0110274
0.00713683
0.00547788
0.0162857
0.0657544
0.0139374
0.0359761
0.0182956
0.0077448
0.0079641
0.0112867
0.0024137
0.00507978
0.0499904
0.0139755
0.0478567
0.0117571
0.0202362
0.0111438
0.0754868
0.0212702
0.0140797
0.0101601
0.00940263
0.000766605
0.0337103
0.0165298
0.00668484
0.11893
0.0191509
0.0179015
0.00829174
0.00455749
0.0401015
0.00885286
0.0139384
0.0149579
0.00649015
0.00511636
0.0154392
0.0436972
0.0314727
0.0244755
0.0664552
0.005089
0.0597993
0.021204
0.00119856
0.00799376
0.00566301
0.0440252
0.012384
0.00964635
0.014351
0.0220411
0.0205027
0.0342734
0.00888738
0.00157413
0.112292
0.0118958
0.00806902
0.00728694
0.0386319
0.0377453
0.00791315
0.00532809
0.00481978
0.0188295
0.0436946
0.0108099
0.0158028
0.0533484
0.131099
0.00201306
0.0115837
0.029625
0.00836505
0.0492575
0.0160952
0.00828811
0.00443133
0.00775334
0.00611228
0.0341868
0.0247036
0.00193292
0.0163121
0.00918891
0.0139306
0.0057141
0.00833407
0.0564187
0.124167
0.0113305
0.0152974
0.0073652
0.00902143
0.0128875
0.0313238
0.0175077
0.00702868
0.00910606
0.111548
0.00799053
0.0159366
0.0992158
0.010731
0.00763702
0.00430151
0.0353056
0.0159936
0.0247767
0.00566283
0.0103395
0.007698
0.00886723
0.00611951
0.0386843
0.00574477
0.0027197
0.00801863
0.010771
0.00441606
0.0430543
0.06328
0.0119551
0.00370527
0.0158641
0.0137128
0.00522309
0.0031433
0.0169357
0.0228339
0.0124113
0.0368167
0.021668
0.0219703
0.0208233
0.00734533
0.0106271
0.00242927
0.0106677
0.0312917
0.077139
0.0189537
0.0141361
0.0713066
0.00603137
0.0167543
0.00216234
0.0067188
0.0127658
0.0340754
0.0141362
0.00979551
0.0816162
0.0698588
0.0720349
0.0141198
0.00209498
0.00806876
0.0130086
0.00308017
0.00587424
0.0384581
0.0295146
0.0469679
0.0228919
0.00755397
0.0115162
0.00637901
0.0144236
0.0115412
0.00929397
0.00758899
0.0174627
0.0134177
0.0460932
0.0173758
0.00567737
0.0381898
0.0135183
0.0569964
0.0042898
0.0132948
0.07323
0.0508033
0.0598044
0.0559227
0.00436681
0.0143436
0.0179874
0.00367037
0.0202987
0.032369
0.016668
0.00421437
0.00483238
0.0393252
0.0445286
0.00784201
0.00888156
0.0315355
0.00860305
0.000980528
0.0121519
0.0113655
0.00760682
0.0175722
0.00970001
0.0112419
0.000633877
0.0117771
0.0189547
0.0514908
0.0163607
0.02012
0.0461147
0.0143387
0.0133111
0.0205305
0.0128811
0.00540748
0.00359931
0.0130677
0.0348506
0.00162176
0.000983323
0.00465042
0.0119009
0.00951904
0.00135928
0.012491
0.00739414
0.0398761
0.0441828
0.0230136
0.0223218
0.0042239
0.0309086
0.0356333
0.191609
0.0160706
0.0109107
0.0943008
0.00631444
0.012486
0.0389106
0.014077
0.0561213
0.0164005
0.00316608
0.154448
0.0328798
0.0293006
0.0112783
0.0193477
0.0375126
0.0153436
0.0190277
0.013205
0.0161821
0.0659751
0.032007
0.0419239
0.0189834
0.0165034
0.048159
0.0144982
0.0190321
0.00505928
0.0129167
0.0523719
0.00586516
0.0294887
0.0174572
0.015972
0.0164844
0.00722535
0.0210291
0.0207992
0.00606364
0.00124119
0.0387692
0.00177146
0.0438198
0.000994058
0.0276815
0.105652
0.0532055
0.00427124
0.0220414
0.0511442
0.0204515
0.0522339
0.0153252
0.0141887
0.00266855
0.00998382
0.0213663
0.0320383
0.0144247
0.00644679
0.00712005
0.0125603
0.00164495
0.0113103
0.00520058
0.0493096
0.0254488
0.000978017
0.0622284
0.00180759
0.0207649
0.0194804
0.0163319
0.0381946
0.0820852
0.0297108
0.0081902
0.0471956
0.000313296
0.0103793
0.0287115
0.0194934
0.0124032
0.0112322
0.0148291
0.0182957
0.00172007
0.014472
0.0314842
0.0235067
0.00912488
0.0083974
0.0194426
0.0208845
0.00830693
0.00674363
0.0118502
0.0418182
0.0238472
0.0117942
0.00147544
0.0666424
0.194522
0.00110532
0.0470407
0.00461487
0.014259
0.0186214
0.00463337
0.00272605
0.00683657
0.0875438
0.0205868
0.02064
0.0212298
0.00641772
0.0104143
0.0129107
0.128762
0.0575879
0.0783565
0.00146483
0.0176077
0.015869
0.000656184
0.0160826
0.0120433
0.0346522
0.000354897
0.0062526
0.040541
0.0127762
0.147991
0.0190176
0.00815506
0.00535557
0.0237559
0.00387742
0.0111611
0.0698681
0.0257311
0.0502626
0.0095438
0.0343738
0.00193146
0.0767837
0.0203264
0.00438667
0.0241448
0.00431203
0.0248082
0.0494479
0.000223202
0.0194828
0.0108743
0.0152195
0.00525625
0.00139668
0.00700313
0.0129471
0.0154987
0.00499148
0.0105205
0.00614573
0.0706589
0.00367213
0.0183604
0.0179418
0.0101525
0.0111225
0.0012376
0.0316754
0.00971907
0.014594
0.00670196
0.00810462
0.00566402
0.0536438
0.00444292
0.0204601
0.00288397
0.0134679
0.0150991
0.010702
0.0551476
0.00109058
0.0058821
0.00148704
0.0120075
0.0350012
0.0267386
0.0156332
0.00698541
0.00656252
0.0355066
0.0201777
0.0860494
0.0151533
0.000981958
0.0205166
0.0290704
0.00397116
0.0112762
0.0199887
0.0130721
0.0111855
0.0847247
0.0746442
0.0684942
0.0224798
0.000300561
0.00115161
0.105399
0.0129112
0.00597316
0.0190981
0.0152544
0.00564165
0.0112312
0.0240893
0.0665824
0.0124684
0.0269786
0.00433631
0.00854377
0.00126884
0.0139687
0.0158803
0.0133147
0.0201646
0.0120098
0.0358177
0.0131435
0.0172784
0.00729891
0.0182957
0.0169241
0.00581852
0.00921567
0.0077683
0.0570925
0.00560682
0.044416
0.00971268
0.00110904
0.0153513
0.0214744
0.0256607
0.0062022
0.01127
0.0865931
0.0105236
0.0052424
0.00373657
0.030885
0.036401
0.00418843
0.015228
0.0252831
0.0148218
0.0167278
0.00783591
0.0025676
0.0671303
0.00679299
0.00543056
0.00423058
0.00986357
0.00345296
0.0106426
0.0790725
0.019859
0.0293399
0.0130862
0.0336409
0.0140231
0.00174902
0.149078
0.0819607
0.019053
0.0176529
0.0974509
0.0606885
0.00356938
0.0336358
0.00678426
0.0137613
0.0107473
0.0110495
0.0426502
0.0496356
0.00325759
0.00760584
0.00121725
0.00673137
0.0184725
0.0426338
0.0396109
0.0593079
0.00799726
0.0252632
0.0430547
0.199026
0.0329702
0.0193652
0.00530193
0.0176225
0.0334024
0.00827266
0.000655536
0.00565763
0.01015
0.0088075
0.0104159
0.0141813
0.00587449
0.0204733
0.0176106
0.0104821
0.061194
0.000341913
0.0616442
0.00905966
0.0056109
0.015074
0.0165447
0.00300856
0.0188229
0.0110353
0.00621178
0.0268167
0.0123931
0.0721832
0.00894054
0.015861
0.00167195
0.0567664
0.000203672
0.00588534
0.00759013
0.0500945
0.0643204
0.0184821
0.0235188
0.0248408
0.00367746
0.0410006
0.00459097
0.00568135
0.0124695
0.0155559
0.00724111
0.0115647
0.00413219
0.0169171
0.0173059
0.00190467
0.00043839
0.0244198
0.0119033
0.0254549
0.0411179
0.0123857
0.0566922
0.0132789
0.0122252
0.00204785
0.0346685
0.0327447
0.00753004
0.0785148
0.0066161
0.0207029
0.0275501
0.0162575
0.086001
0.0204763
0.000422002
0.0112063
0.0257844
0.109346
0.0549331
0.0282323
0.0340072
0.0945975
0.0105516
0.00649094
0.00586849
0.0104035
0.0189356
0.0134667
0.00108092
0.0553578
0.0153883
0.00408442
0.0385605
0.013922
0.0177591
0.00455344
0.00129239
0.00745646
0.0408427
0.0515985
0.0506268
0.0159128
0.0790508
0.0187286
0.00311685
0.0116871
0.00517761
0.0354493
0.0168863
0.0234472
0.0049298
0.0188688
0.0109198
0.0223963
0.0548945
0.0453584
0.0494263
0.0187853
0.0128366
0.0856264
0.00025029
0.0114456
0.0111077
0.0744738
0.011039
0.0497797
0.0107051
0.0114484
0.0636174
0.000824036
0.0113136
0.00352996
0.00837133
0.0128644
0.00464176
0.0534009
0.0249946
0.0188834
0.00364493
0.0280963
0.010616
0.0718206
0.00593914
0.0198478
0.00914737
0.0837291
0.022044
0.044705
0.0366103
0.0206827
0.0289431
0.00940863
0.016417
0.0295981
0.00401104
0.0231304
0.0114692
0.00106303
0.0233368
0.0103181
0.0293274
0.0110923
0.0367975
0.0292972
0.00101827
0.0197846
0.00717264
0.0503362
0.00188403
0.0043479
0.0646086
0.0307834
0.0136926
0.0164144
0.0142663
0.00704714
0.017786
0.0795057
0.0127363
0.00298333
0.0128801
0.0256613
0.02122
0.0161821
0.000848402
0.00913655
0.0121989
0.0118631
0.0612733
0.00721535
0.0116012
0.0323333
0.0389407
0.0195268
0.00338429
0.0116989
0.018938
0.00205654
0.018966
0.0103726
0.00911173
0.0516796
0.0265422
0.0179296
0.0132232
0.00676568
0.000622298
0.0222843
0.0124963
0.0289296
0.00726981
0.0595596
0.0122971
0.00152705
0.0259269
0.00682039
0.044542
0.0373612
0.108869
0.0289132
0.00130588
0.0181053
0.000809086
0.00697192
0.0122964
0.00471055
0.110321
0.00157328
0.00780279
0.0132862
0.0165222
0.0105275
0.0144415
0.00136248
0.0452459
0.019546
0.0857433
0.0165911
0.014806
0.00917507
0.0419587
0.0633209
0.0124501
0.00825287
0.0197731
0.00520736
0.0181809
0.0149064
0.01772
0.00593345
0.0391603
0.00404513
0.0514851
0.00369507
0.00985881
0.0206764
0.0044649
0.0140844
0.00721706
0.129894
0.105994
0.00506825
0.0174622
0.0394802
0.00810024
0.0113905
0.0647292
0.00602375
0.0537683
0.0281914
0.0101544
0.081268
0.0235856
0.0120949
0.0325321
0.0726204
0.0300587
0.00582143
0.010459
0.00895345
0.00220869
0.00344139
0.0101187
0.0163367
0.0152563
0.00653948
0.0383829
0.0220652
0.011792
0.0227462
0.000996412
0.0137394
0.0049018
0.0260576
0.189125
0.00838039
0.0286901
0.0181863
0.0111559
0.000800048
0.0111001
0.0145877
0.00427201
0.0208957
0.0303732
0.0581172
0.00190594
0.0158187
0.0113297
0.08526
0.0697088
0.00195891
0.0302978
0.0176681
0.00853589
0.0113112
0.00557279
0.0281111
0.00498394
0.00832045
0.0312714
0.0197142
0.0503079
0.0156312
0.0275896
0.000896015
0.00602538
0.0146377
0.0115105
0.0115863
0.00783062
0.00452738
0.00345941
0.0177508
0.0126282
0.0630207
0.00434738
0.113217
0.0139374
0.00782753
0.0279424
0.0638292
0.267735
0.158714
0.26108
0.0441744
0.0123166
0.0812321
0.03939
0.0369532
0.0107608
0.0307079
0.00340626
0.0030697
0.011422
0.0316534
0.0236393
0.00589206
0.0164472
0.00838557
0.0444567
0.0242869
0.103868
0.0102167
0.00908138
0.00754641
0.00662494
0.00171381
0.0193888
0.0516474
0.0412517
0.0118345
0.0859748
0.0816812
0.00265677
0.0974611
0.0311854
0.0142235
0.00528526
0.00554464
0.0355514
0.118593
0.00481283
0.0127277
0.0158473
0.0144588
0.000772084
0.00738475
0.0329589
0.0370673
0.0157194
0.0193449
0.0279586
0.070849
0.0326679
0.00308229
0.0280179
0.0852279
0.0197193
0.0220901
0.0272079
0.0016988
0.0273796
0.00314526
0.0118778
0.00624303
0.300994
0.0484155
0.00605629
0.0410973
0.0213175
0.127472
0.0142525
0.0199269
0.0704912
0.00565882
0.106976
0.0255234
0.0201983
0.00659185
0.0598819
0.00560016
0.0104728
0.0683245
0.00302813
0.00583185
0.0128585
0.0413006
0.0684136
0.00662102
0.0123753
0.0258714
0.0134451
0.021361
0.0153203
0.0124711
0.00458277
0.014242
0.00889503
0.00100529
0.0165325
0.0397182
0.0130767
0.00834189
0.00575465
0.0741285
0.0159814
0.0252261
0.0102481
0.00142993
0.00348708
0.028865
0.00871796
0.0124016
0.0514562
0.000908022
0.00795412
0.0790869
0.00667265
0.10613
0.0273001
0.0167352
0.0154073
0.0519168
0.0190152
0.0338627
0.00303433
0.00790487
0.0935304
0.0137733
0.02762
0.027388
0.0212147
0.00876721
0.0137888
0.0140129
0.00485465
0.0557701
0.0571431
0.000587249
0.0281909
0.0159667
0.00856314
0.036149
0.0154742
0.00512464
0.0292336
0.0398911
0.00743902
0.0565023
0.0236536
0.042203
0.0125515
0.00642906
0.0105305
0.016326
0.0050503
0.000842117
0.0144497
0.0196718
0.0127139
0.0125934
0.0210945
0.00650252
0.168763
0.00695084
0.0206286
0.0176991
0.00728753
0.0139968
0.000857979
0.0209637
0.000934707
0.00453173
0.00365842
0.000850527
0.00327778
0.0233851
0.0121139
0.00979356
0.0207926
0.089007
0.00642823
0.00981148
0.00238361
0.375444
0.0322631
0.00920785
0.0385955
0.0457737
0.0129287
0.0241062
0.0318839
0.00677221
0.0168091
0.0140009
0.00364613
0.00781724
0.0313526
0.0824496
0.0651175
0.0244699
0.0146335
0.0121899
0.0147484
0.00608957
0.0105336
0.00891189
0.0316638
0.0066499
0.0117725
0.00246099
0.0217496
0.0027922
0.0495887
0.0194099
0.00616578
0.00944774
0.0165743
0.013113
0.00810574
0.037056
0.00988927
0.00583971
0.0128716
0.0151675
0.00589042
0.00404611
0.010902
0.0273603
0.037257
0.00221987
0.0194822
0.0143054
0.0364008
0.00162778
0.0188601
0.0061728
0.00366783
0.000850391
0.00162013
0.0188578
0.0115786
0.0827659
0.0205809
0.0429908
0.0565179
0.0304597
0.0200243
0.0370333
0.0267738
0.00695188
0.00461009
0.0201494
0.0532603
0.0300356
0.015441
0.00587272
0.0493149
0.00993361
0.0223914
0.00456221
0.00529247
0.099969
0.0118872
0.0197511
0.00832669
0.0217265
0.0376073
0.0081081
0.0175602
0.0265942
0.00178098
0.0108816
0.0503795
0.0180076
0.0155224
0.00564835
0.00872899
0.0432652
0.00954458
0.000722886
0.064408
0.00768254
0.00926797
0.00496772
0.0259169
0.0410412
0.0195095
0.00156476
0.0928449
0.017882
0.0345206
0.058359
0.036787
0.0123591
0.00316234
0.0224573
0.0708557
0.116116
0.00572424
0.144342
0.0541188
0.0219572
0.01275
0.0191906
0.0138853
0.0169364
0.00901004
0.00819706
0.0229539
0.0114545
0.0325545
0.0983879
0.0113046
0.00606552
0.0528432
0.0682989
0.0292009
0.0172988
0.023171
0.00779767
0.0214432
0.00129742
0.00825357
0.00296133
0.0114598
0.0273519
0.00700448
0.00304341
0.0884238
0.0673454
0.00361384
0.00679149
0.0160081
0.0246445
0.00188978
0.0292899
0.0168992
0.00918288
0.0415888
0.0413718
0.0017937
0.0776734
0.0209903
0.0110585
0.00765268
0.0136391
0.0707921
0.0138096
0.00230868
0.064003
0.0136461
0.0101967
0.00894031
0.0341509
0.0323541
0.00988318
0.00566952
0.0137421
0.0158361
0.00539121
0.0598264
0.0611436
0.00836881
0.0780148
0.0083752
0.0099899
0.00990034
0.0157622
0.0447663
0.00228008
0.0208596
0.029199
0.0406158
0.0178394
0.0495035
0.0217338
0.00865567
0.0166373
0.0099428
0.0288431
0.00671927
0.00121259
0.00894042
0.0501227
0.0136912
0.0423064
0.00778569
0.0464919
0.0167215
0.0169942
0.00565935
0.020693
0.0503682
0.0151578
0.00597064
0.00428047
0.0113267
0.0126659
0.000678825
0.00482192
0.029306
0.0393546
0.0162017
0.00917642
0.0241953
0.0183702
0.0160842
0.0183389
0.00451636
0.00229422
0.0386693
0.0060962
0.00738886
0.00555744
0.0235948
0.000649688
0.00658408
0.00215873
0.0372791
0.0526776
0.0130047
0.0372945
0.0351762
0.0118171
0.00521327
0.036301
0.0853871
0.0120568
0.0164112
0.0104977
0.00813231
0.00778104
0.00769665
0.00666701
0.0135442
0.0249661
0.0903481
0.0182456
0.0117597
0.0106334
0.0903525
0.018911
0.00741762
0.0131571
0.000972749
0.0177212
0.0289672
0.0374677
0.0470077
0.0073379
0.0238093
0.00910403
0.00898353
0.0406659
0.0357846
0.0134932
0.00120729
0.00205953
0.053477
0.00904696
0.0453625
0.0156171
0.0317551
0.0274173
0.00873557
0.0137353
0.0116377
0.000647784
0.0201512
0.010924
0.0424874
0.017552
0.0202661
0.00837372
0.00745622
0.0251611
0.00405719
0.0043444
0.0225944
0.00935371
0.00514701
0.00569848
0.0129296
0.00524322
0.00462792
0.0187689
0.0194348
0.00941475
0.0141211
0.109945
0.0217609
0.0282471
0.108052
0.0150128
0.020645
0.0174098
0.000698257
0.0238087
0.00590044
0.0594822
0.035051
0.0127895
0.0270235
0.0298703
0.0352901
0.0203087
0.0155375
0.0192458
0.0148616
0.00122021
0.0223743
0.00978284
0.0240151
0.0104121
0.0115657
0.00400083
0.0314501
0.0493425
0.00460915
0.00351777
0.0104158
0.00708562
0.0115789
0.0245536
0.00165216
0.0281801
0.0125794
0.015873
0.00437001
0.0171193
0.00825284
0.0114075
0.0307459
0.0391274
0.0403002
0.00617196
0.00142624
0.0531237
0.0154249
0.0148183
0.00255035
0.0151323
0.00483967
0.0403253
0.0358784
0.0113341
0.00872633
0.0221986
0.000812822
0.0183034
0.0401649
0.000863509
0.0242108
0.0429898
0.0297322
0.0106621
0.0179493
0.0234795
0.0283503
0.0340645
0.0327656
0.0281169
0.0880413
0.0201538
0.00786354
0.0451454
0.00886595
0.0136554
0.0215256
0.00999077
0.0210283
0.00276548
0.00388647
0.00273889
0.0122837
0.00992522
0.00747647
0.00938293
0.00515559
0.00235512
0.0544037
0.0096651
0.00737362
0.00672442
0.0344221
0.0118415
0.0126501
0.0216322
0.00559374
0.0131196
0.0197132
0.0242022
0.00604308
0.00551599
0.00485002
0.0198117
0.0267447
0.00389532
0.0160906
0.0344441
0.0110281
0.016739
0.000548243
0.0626583
0.0320252
0.00829998
0.106996
0.0282891
0.00557277
0.0208489
0.0097952
0.023872
0.0132583
0.0157474
0.0195987
0.0210571
0.0312696
0.0130315
0.00766976
0.00325817
0.00169131
0.00412102
0.0184447
0.0521021
0.00239668
0.0144607
0.00451396
0.0136264
0.00685979
0.0145013
0.0205328
0.00393936
0.0149921
0.0397622
0.00753026
0.0127172
0.00622861
0.00246859
0.0536311
0.0135058
0.024679
0.00631072
0.0109786
0.00442327
0.0275903
0.0193743
0.0232928
0.0272773
0.0100786
0.0165658
0.0114531
0.0201408
0.000603012
0.0615505
0.00918311
0.00717141
0.00661947
0.0525612
0.00832794
0.0179048
0.0057919
0.0414543
0.0149216
0.00998142
0.024674
0.0183486
0.0172127
0.00912757
0.00510399
0.00127736
0.00507075
0.0184213
0.145392
0.111802
0.032978
0.0126983
0.0123298
0.0187549
0.013823
0.00098385
0.0102995
0.00960166
0.0523285
0.0200799
0.00907414
0.0141924
0.00780021
0.00714775
0.041567
0.00902037
0.00907157
0.00453423
0.0141699
0.00957993
0.0321566
0.0603699
0.0965949
0.057884
0.00711882
0.0190832
0.0266746
0.0221868
0.0138889
0.00582364
0.0551645
0.00694905
0.02254
0.0198112
0.026608
0.0328029
0.021112
0.0230128
0.0077007
0.0279443
0.0130705
0.00603251
0.037732
0.0120744
0.00186753
0.0120917
0.00810771
0.0114102
0.0127396
0.00253385
0.016807
0.0285142
0.00800685
0.0215913
0.00679927
0.00727829
0.0194483
0.0278888
0.00506825
0.105667
0.0183024
0.0564406
0.0679106
0.0190303
0.00863521
0.0232485
0.0382235
0.00474039
0.00216646
0.00637448
0.0102958
0.0151193
0.00653416
0.0442651
0.0223281
0.00463131
0.00504041
0.0127802
0.0218666
0.0087322
0.0327288
0.0567477
0.0215312
0.00971008
0.0596298
0.0184605
0.0370222
0.0197743
0.0202989
0.0152478
0.0511929
0.0151147
0.00834665
0.000687808
0.0079927
0.0135872
0.00783199
0.0187037
0.0157187
0.0102247
0.0437011
0.013198
0.00824017
0.00735029
0.00937283
0.00171271
0.00498494
0.00513604
0.0144875
0.00826643
0.00395488
0.0179428
0.0257032
0.0230473
0.0158453
0.151631
0.0345528
0.00741851
0.00519454
0.0180022
0.037671
0.0370656
0.00685494
0.0609417
0.161171
0.0282627
0.0672305
0.00122195
0.0138702
0.0140522
0.0371679
0.00497419
0.00152039
0.0011358
0.0385119
0.0103883
0.00640417
0.0128236
0.0175042
0.00178243
0.00646635
0.025969
0.000975325
0.00639646
0.016627
0.0416715
0.00468482
0.0224795
0.0108901
0.0160877
0.0563369
0.0460331
