0.000683012
0.00168337
0.00469014
0.0155525
0.00372353
0.00345943
0.00759405
0.00709231
0.00196169
0.0592196
0.00441304
0.00198085
0.000611148
0.00547478
0.00143428
0.000488574
0.00800012
0.00092298
0.00207794
0.00285986
0.00583755
0.00622529
0.00104455
0.00150127
0.00465137
0.0019977
0.00605533
0.00636698
0.000903218
0.00126347
0.0207511
0.00127526
0.00254296
0.00286703
0.0139609
0.00178963
0.0347196
0.00143875
0.000732232
0.0292406
0.0186323
0.0162944
0.000674658
0.00462721
0.00182164
0.00378083
0.00153013
0.00949904
0.000348371
0.00156109
0.0122909
0.00811279
0.00256288
0.0101544
0.00128491
0.00285796
0.00741849
0.0120762
0.0025712
0.00177209
0.00485916
0.0106232
0.0020325
0.00902772
0.0034436
0.00376237
0.00713094
0.00382937
0.00488761
0.0144609
0.000745471
0.0124605
0.00253534
0.00115764
0.00899392
0.0253607
0.00156158
0.00205105
0.00794801
0.00316921
0.00659034
0.00336099
0.00736157
0.00198958
0.00820873
0.00190846
0.00153531
0.012736
0.00522445
0.00120863
0.000732769
0.00239532
0.0279705
0.00272286
0.0114863
0.00182594
0.00646902
0.00973943
0.00201499
0.00333771
0.00345961
0.00898178
0.00424455
0.00227776
0.0173902
0.00155774
0.000832647
0.00265226
0.00402699
0.00428546
0.0177761
0.00728818
0.00223837
0.00432516
0.0109047
0.0420383
0.000839042
0.00303705
0.00336817
0.0243771
0.0267397
0.00333596
0.00685104
0.0104171
0.00411719
0.0105284
0.00505796
0.00270873
0.00958318
0.00412289
0.0107576
0.00205164
0.00170034
0.00799402
0.0115141
0.00340989
0.00194491
0.0136541
0.00239597
0.00206788
0.00711009
0.0035626
0.0112771
0.0186955
0.00163158
0.000480814
0.00819466
0.00555763
0.00173292
0.0146888
0.00235985
0.00398509
0.0022701
0.000795376
0.0070124
0.0139379
0.00291191
0.00436881
0.0466332
0.000675899
0.00135033
0.00249446
0.00578871
0.00142239
0.00322039
0.00397569
0.00623035
0.00259012
0.0144533
0.00117625
0.0037338
0.00781631
0.00163871
0.00147882
0.0228831
0.00444922
0.0240927
0.02718
0.00231549
0.00352349
0.00168005
0.00140875
0.00445967
0.00206175
0.00404612
0.0036569
0.00319406
0.00942956
0.000767976
0.00134113
0.00893835
0.00349344
0.00590269
0.00466684
0.0128184
0.00723455
0.00776252
0.00134896
0.00799201
0.00495355
0.00914045
0.00853436
0.00180687
0.00234445
0.00448757
0.00395115
0.010229
0.00556404
0.0128913
0.00530113
0.00261764
0.0252609
0.0292427
0.00282508
0.00242689
0.00657782
0.00241642
0.0145174
0.000955394
0.00312132
0.00121314
0.00212564
0.00476371
0.0015601
0.00280852
0.00163484
0.0035269
0.0263108
0.00062309
0.00445291
0.0023929
0.00317847
0.00169464
0.00260468
0.0174834
0.0084855
0.00217214
0.00908537
0.0112078
0.00352425
0.00167263
0.00573714
0.0026181
0.00307692
0.00144207
0.00715532
0.00347347
0.00923352
0.00293689
0.0053819
0.00644224
0.00131215
0.0155028
0.00829699
0.00339224
0.00178735
0.00526567
0.00500598
0.00162896
0.00387037
0.00432675
0.00015777
0.0105231
0.00887863
0.00582129
0.00377487
0.00734238
0.00721067
0.00129346
0.0113092
0.00172848
0.0158057
0.00138875
0.0030985
0.00506165
0.00311029
0.00427897
0.00171427
0.00557259
0.00566981
0.0113674
0.00352114
0.0160169
0.00774203
0.00175255
0.00131403
0.0090251
0.00123519
0.0123903
0.00805607
0.00873545
0.00684842
0.00153165
0.00417222
0.00157828
0.0105657
0.00142594
0.00135917
0.00215296
0.0159584
0.011577
0.0187976
0.00382062
0.000583201
0.0162189
0.00541992
0.00131147
0.00516564
0.00937377
0.0042695
0.000637389
0.00461307
0.00387192
0.00298845
0.00838209
0.00324716
0.0105322
0.00220422
0.0015984
0.00220209
0.00264235
0.00532109
0.00179832
0.000914939
0.0101049
0.00986296
0.000868833
0.00127552
0.00225594
0.00644039
0.00223181
0.0125074
0.00417215
0.0041176
0.00197947
0.00304441
0.00778643
0.0158242
0.00217785
0.0031231
0.00420449
0.0015338
0.00139834
0.00265108
0.0151714
0.00812124
0.00389299
0.00415101
0.00678077
0.00697591
0.00117836
0.00459012
0.00370566
0.00404621
0.00124643
0.00196153
0.00221434
0.00320438
0.0166197
0.0104521
0.00721445
0.00349867
0.00182793
0.0161499
0.00279059
0.000974944
0.00505689
0.0130839
0.0112797
0.00592255
0.00287451
0.0164182
0.0102502
0.00227131
0.0175273
0.00494986
0.0054402
0.0109801
0.0074873
0.01152
0.00163633
0.00444406
0.00705729
0.00277553
0.00790775
0.00775836
0.0176186
0.00521724
0.0267664
0.00904485
0.00719717
0.00524882
0.00902058
0.00113763
0.0014318
0.0459467
0.00372701
0.00756801
0.00378817
0.02383
0.00918979
0.00238521
0.00322468
0.00434864
0.00399698
0.0109513
0.00147415
0.00418983
0.00468433
0.00660724
0.00525399
0.00344959
0.00221818
0.00227066
0.00623556
0.00343511
0.00130655
0.00111117
0.0039055
0.00441682
0.00836156
0.00252374
0.00131945
0.0125749
0.00494951
0.00169807
0.00846018
0.00399718
0.0318313
0.0227659
0.009801
0.00598573
0.00540962
0.0137648
0.0131437
0.00232155
0.021894
0.00163454
0.00923614
0.00585014
0.00699835
0.0156038
0.0183015
0.0078284
0.0190583
0.00234416
0.0040164
0.00784992
0.0108119
0.00130647
0.00213284
0.0094779
0.0083721
0.00212236
0.00239438
0.00674077
0.00381743
0.00997803
0.00207013
0.00237608
0.00712483
0.00198187
0.0253826
0.00341117
0.00419564
0.0172001
0.0126871
0.0111263
0.00104741
0.0129465
0.00404967
0.00409064
0.00879861
0.00571011
0.00136242
0.0515319
0.00106017
0.00387591
0.0113756
0.00818284
0.00144273
0.01277
0.00500195
0.0107796
0.00391336
0.00153768
0.00472697
0.00833934
0.0154928
0.00464683
0.00478902
0.0051348
0.00196813
0.00110189
0.0031162
0.00674633
0.00147489
0.00770874
0.00340681
0.00430731
0.0021939
0.0307124
0.0078684
0.00267548
0.00164389
0.00256535
0.00367828
0.0122029
0.0129031
0.00708792
0.00326204
0.00210337
0.0034428
0.0109631
0.00303063
0.00151938
0.00944895
0.018034
0.00345293
0.00476567
0.00563933
0.00585814
0.00986797
0.00467884
0.00929596
0.00219357
0.0149571
0.00884945
0.0041098
0.00192859
0.0136533
0.00100147
0.00258969
0.00475271
0.0127093
0.0134852
0.00806045
0.00638176
0.00459994
0.00172343
0.00188995
0.00161375
0.00955657
0.00404857
0.00471157
0.00701654
0.00872295
0.0189651
0.000727799
0.00402168
0.0160217
0.00649974
0.0139515
0.00318578
0.00481512
0.0041811
0.0146523
0.00121224
0.00269888
0.00249024
0.0163317
0.00163725
0.00682387
0.0153335
0.0110541
0.000978808
0.00323933
0.0032516
0.00886522
0.0120994
0.0663725
0.00661657
0.0075313
0.00225957
0.00471488
0.00173088
0.00603467
0.00756329
0.00277974
0.0166148
0.00898107
0.00495938
0.00243494
0.0278555
0.00148311
0.00320423
0.0248329
0.007439
0.00276859
0.00944655
0.00351019
0.00299896
0.00438938
0.00137209
0.00667939
0.00919923
0.000756011
0.0037851
0.00158461
0.000175626
0.00298466
0.00571335
0.00745053
0.00167062
0.00471556
0.0059739
0.00309642
0.0139104
0.00393112
0.0373788
0.0126447
0.00318277
0.0034643
0.0285568
0.00362445
0.00412878
0.00347269
0.00478524
0.00478369
0.0274765
0.000699299
0.0166027
0.00130216
0.00210973
0.00423798
0.0413124
0.0153666
0.00218603
0.00809746
0.000726539
0.00371763
0.00168681
0.00710614
0.0029788
0.00144075
0.00335732
0.00101778
0.00140048
0.0126478
0.0017953
0.0029896
0.00870789
0.00371263
0.00864798
0.00260488
0.00583683
0.00083275
0.0189202
0.00356478
0.0126957
0.00427484
0.00504639
0.00533083
0.00847584
0.00297762
0.0126863
0.00160084
0.00292092
0.00125652
0.00494193
0.00240435
0.00145012
0.00587561
0.00242797
0.00410462
0.00678182
0.00508051
0.00415886
0.0199184
0.0021788
0.0129358
0.0065176
0.00805173
0.00404388
0.00357928
0.00634447
0.00279966
0.00865502
0.00877427
0.0030318
0.00143611
0.00122865
0.0171098
0.000777182
0.000706279
0.00685525
0.00206845
0.00485396
0.00288629
0.0234586
0.0102614
0.00380267
0.00149679
0.00919439
0.00363859
0.00998523
0.00173487
0.00226142
0.00105871
0.0041533
0.00971137
0.00261379
0.00704057
0.00272024
0.00179301
0.00920286
0.00761859
0.00135244
0.0327863
0.00215316
0.00263936
0.0066352
0.0122256
0.00431346
0.00261069
0.00288405
0.0014361
0.00675777
0.0121273
0.00784527
0.0028449
0.00183118
0.0203197
0.0228568
0.0111755
0.00615974
0.00786815
0.00201905
0.00109528
0.00324643
0.00209558
0.00359881
0.00159865
0.00336517
0.000808001
0.00784393
0.00222004
0.001794
0.00268066
0.00713116
0.00121235
0.0127948
0.0177947
0.00354409
0.00331601
0.00183365
0.00233909
0.0226447
0.00151196
0.00076016
0.00752948
0.0013502
0.00239339
0.0138221
0.000895402
0.00434811
0.000877581
0.00512876
0.00913145
0.00128771
0.00168651
0.00995131
0.0367991
0.00215003
0.0145395
0.00321057
0.00722209
0.00290695
0.014937
0.000378783
0.00757994
0.00567867
0.00462618
0.00646196
0.00178643
0.00291555
0.00482288
0.00297605
0.0120488
0.00402392
0.00293289
0.00145411
0.00315639
0.0257349
0.00177921
0.0085087
0.0124903
0.0525325
0.00293444
0.00109788
0.0019686
0.00169747
0.0115435
0.00141408
0.0245564
0.00154171
0.00110215
0.00286676
0.0198652
0.0062444
0.00164778
0.0012906
0.0050733
0.000995006
0.00923836
0.012488
0.0150476
0.00228764
0.0103337
0.00189133
0.0106287
0.00205087
0.00122473
0.00277431
0.000896213
0.00915471
0.00960522
0.00955011
0.00265116
0.00443465
0.00818263
0.00543927
0.00158173
0.00216225
0.00618776
0.00920472
0.000403275
0.00482333
0.00179081
0.000335727
0.0391363
0.00180407
0.00947086
0.00194614
0.00300191
0.00400051
0.0134989
0.00324222
0.00245537
0.0112728
0.0159315
0.011837
0.0024813
0.00236614
0.0073263
0.00265819
0.00235375
0.0160057
0.0022802
0.00350731
0.0120876
0.0148391
0.00375369
0.0258639
0.00404564
0.00384093
0.0225031
0.00421647
0.00530371
0.00963534
0.00388215
0.00386058
0.0089889
0.00584576
0.00174297
0.00148177
0.00355479
0.0029313
0.0116851
0.00477932
0.0057049
0.00280462
0.00523882
0.00480952
0.00843108
0.000762616
0.00128417
0.00930253
0.00382987
0.00644155
0.000262692
0.00482379
0.00278753
0.00112734
0.00123178
0.0040072
0.0110042
0.00591712
0.00794995
0.00245624
0.0106528
0.00258585
0.0219027
0.00338531
0.00971009
0.0017678
0.0077303
0.00707383
0.00133255
0.000947711
0.00513258
0.00363057
0.00865635
0.00382167
0.00334333
0.0135303
0.00294243
0.0013799
0.0133981
0.00580546
0.00150163
0.0110848
0.00461371
0.0023405
0.027267
0.00162178
0.00223538
0.0284273
0.00731089
0.000950901
0.0352063
0.00351764
0.0107209
0.00450026
0.003058
0.0194442
0.00200108
0.00617175
0.00125931
0.00548009
0.00305669
0.00109793
0.000301038
0.00263288
0.0010857
0.00327458
0.0042232
0.0100643
0.00169613
0.00307695
0.00746231
0.0138485
0.0114979
0.0388833
0.0176793
0.00326756
0.00671384
0.000638811
0.00201586
0.0128441
0.00549549
0.00610228
0.00690735
0.00150951
0.0616919
0.0035478
0.00783554
0.00357274
0.00188276
0.00451623
0.0051352
0.00741016
0.0044151
0.00106907
0.000743746
0.00197945
0.00138287
0.0197942
0.0268721
0.000883425
0.00829288
0.000654115
0.00512844
0.0061601
0.00393047
0.00307885
0.0232948
0.00554493
0.00196826
0.00280489
0.00178505
0.0206213
0.000470181
0.012935
0.000342307
0.020204
0.00311072
0.00286962
0.00230758
0.00429075
0.00690606
0.000708389
0.00959384
0.00409717
0.000802228
0.00207755
0.00973092
0.00193482
0.0310426
0.00213544
0.00344224
0.00951531
0.000255894
0.00225944
0.00157783
0.0097958
0.00174897
0.0104143
0.00245789
0.00380509
0.00442354
0.0137698
0.00300088
0.00274483
0.0207344
0.00555257
0.00195214
0.00216799
0.00291707
0.00945091
0.00717906
0.00396288
0.00186427
0.0175547
0.00115567
0.00446238
0.00150635
0.00506303
0.0107508
0.00876759
0.0140214
0.0315744
0.00919204
0.010783
0.00355431
0.00262742
0.0285035
0.00689808
0.0104321
0.00981721
0.00273398
0.0100045
0.00362686
0.00659107
0.0260753
0.00247632
0.00436963
0.00556709
0.00411926
0.00194773
0.0197538
0.0061214
0.00521916
0.00908673
0.00308979
0.0121482
0.00159331
0.00211912
0.00685282
0.00400043
0.00121686
0.00298583
0.0145648
0.011086
0.00971214
0.00239712
0.0103472
0.00359389
0.000255529
0.0203124
0.00151197
0.00927543
0.00333485
0.00934576
0.009025
0.0108148
0.0418571
0.0420697
0.00174586
0.00341053
0.00632005
0.00311552
0.00452667
0.0017324
0.00306561
0.00507574
0.00162509
0.0010364
0.0011914
0.00332356
0.00241592
0.016922
0.00147002
0.00279208
0.00248403
0.00434377
0.0694729
0.00593633
0.00055137
0.0345456
0.00201337
0.00502588
0.00241412
0.00209274
0.00301369
0.00258775
0.00499129
0.00208159
0.00121448
0.00100494
0.0123334
0.00570729
0.00478966
0.00210439
0.0161578
0.00996389
0.00440062
0.0129625
0.0017865
0.00656037
0.00752894
0.00166519
0.00720241
0.00784354
0.00944893
0.00452029
0.00337643
0.0104403
0.0298159
0.0140274
0.00858369
0.00175533
0.00527491
0.000996269
0.000188321
0.0128617
0.0201298
0.00439331
0.00494181
0.00381857
0.00524289
0.0076556
0.00998374
0.00520984
0.00770704
0.00510436
0.00734987
0.00950905
0.00495675
0.00228838
0.000676258
0.00136796
0.00347616
0.0248877
0.00101158
0.00124672
0.00595065
0.0014643
0.00428344
0.0122327
0.00324718
0.0408107
0.027284
0.00780874
0.00146143
0.00642142
0.00614481
0.00283472
0.00411328
0.00216828
0.00136581
0.00246129
0.0175991
0.0628088
0.0113117
0.00332929
0.0011169
0.00283263
0.00148628
0.00416481
0.00203825
0.00129664
0.00644776
0.00384779
0.000156518
0.00675321
0.0157891
0.00331799
0.000742839
0.00885734
0.00193938
0.00644277
0.00477376
0.013965
0.00726668
0.00127375
0.0159667
0.0019786
0.00755143
0.00318567
0.00113176
0.00337659
0.000547265
0.00164838
0.0508771
0.00624241
0.00946692
0.00781415
0.00898811
0.00142555
0.0452695
0.00207572
0.0132233
0.0362682
0.000708326
0.00183162
0.00222283
0.0112071
0.00202036
0.00478083
0.0208271
0.00192224
0.00385588
0.0377041
0.000308795
0.00530155
0.00838904
0.00128195
0.019066
0.0160241
0.00213157
0.00211006
0.00415625
0.021376
0.00630573
0.00363633
0.0427764
0.00934372
0.000969903
0.0150913
0.00325259
0.0170377
0.000615357
0.00181245
0.00302551
0.00154323
0.00334043
0.00253751
0.005574
0.0014339
0.00137572
0.00207806
0.018704
0.00097471
0.00728057
0.010998
0.0157937
0.0185084
0.00162144
0.00761297
0.00849711
0.00835056
0.016474
0.00667319
0.0108488
0.000534981
0.000555553
0.00215037
0.00478457
0.00111913
0.000760467
0.0091148
0.0059383
0.0148034
0.0102253
0.00790606
0.0281926
0.000801099
0.00758972
0.00447438
0.00172957
0.0110562
0.00137092
0.0169711
0.00375731
0.00929397
0.00276533
0.00973634
0.0341056
0.00583481
0.00303569
0.00424503
0.0130051
0.00422182
0.00281165
0.00220607
0.00918074
0.00162075
0.0024524
0.00431976
0.00266228
0.00328764
0.00219921
0.00505274
0.00155313
0.000764619
0.00264265
0.02042
0.00200951
0.0263131
0.00279058
0.00701955
0.00204445
0.00139041
0.0599998
0.00740316
0.0166271
0.0223461
0.0111957
0.00342117
0.00599255
0.0156498
0.00190899
0.00972464
0.00321902
0.00153483
0.000531029
0.00264995
0.000721124
0.00342282
0.00654873
0.00174576
0.012225
0.014484
0.000620679
0.0332951
0.00279009
0.010202
0.0013418
0.00115726
0.0256601
0.000653385
0.000432858
0.013527
0.00227069
0.00138629
0.0278825
0.00400624
0.00765761
0.00219409
0.0132397
0.017722
0.00523996
0.00508763
0.000798512
0.00240438
0.00614699
0.0124487
0.0017489
0.000788265
0.00109836
0.00489163
0.00836915
0.0034122
0.00175688
0.0123801
0.00873578
0.010369
0.00520379
0.00707
0.00134152
0.00203983
0.00100025
0.00453626
0.00565516
0.00244189
0.00829792
0.0184491
0.000587871
0.00301923
0.00103431
0.00157094
0.00605042
0.00435282
0.00386339
0.00324064
0.00390638
0.00166121
0.00613515
0.0153211
0.0211596
0.00757417
0.00324508
0.00269365
0.00617505
0.00263014
0.00371904
0.00998142
0.0318794
0.00949273
0.0728782
0.00358777
0.00405006
0.00395525
0.00353954
0.00727976
0.00481361
0.00260491
0.0142138
0.000282093
0.00349046
0.00525863
0.000437578
0.000813682
0.0026906
0.022179
0.00449537
0.00337176
0.0041187
0.00149195
0.000927355
0.00890602
0.000446276
0.0177912
0.0130745
0.000947621
0.00130337
0.0053908
0.00297011
0.00744681
0.000859376
0.00585089
0.00436371
0.00515217
0.000862519
0.00322197
0.00161757
0.00158966
0.00703469
0.0162858
0.00194059
0.00372949
0.00194267
0.00221461
0.0144297
0.00950767
0.00206824
0.00226711
0.00385286
0.00428675
0.00209186
0.00412348
0.00185593
0.00434196
0.00194057
0.00402033
0.0369443
0.0205474
0.00419727
0.00146925
0.0088963
0.00198527
0.01378
0.0178047
0.00535933
0.00142315
0.00163441
0.0110863
0.002597
0.00895691
0.00145947
0.00449095
0.00241283
0.0105935
0.00152227
0.000506005
0.0282072
0.020902
0.000484706
0.0103066
0.00157337
0.00378279
0.00511611
0.00248835
0.00608397
0.00515949
0.00431807
0.00304002
0.00492089
0.00787718
0.0014151
0.000624281
0.00383102
0.00117848
0.000479784
0.000959575
0.0036087
0.00479933
0.000918762
0.00424786
0.00917584
0.0354386
0.010143
0.00784335
0.00151465
0.000720678
0.00498652
0.00317917
0.00149714
0.0092774
0.00297709
0.00208153
0.00267793
0.00110891
0.00240808
0.00764312
0.00127896
0.00266886
0.00227287
0.00331531
0.00148105
0.00357756
0.00687893
0.00936798
0.0159302
0.00261929
0.00116332
0.00181984
0.001049
0.00633773
0.0238986
0.00779426
0.00181372
0.00239769
0.00389106
0.00982644
0.00696405
0.00468544
0.00788005
0.0105042
0.00366277
0.00364951
0.0038091
0.00240559
0.000955384
0.00114641
0.00117145
0.0165507
0.0845137
0.00544023
0.00637686
0.00263946
0.00131696
0.00182915
0.04995
0.0114258
0.000240257
0.00176349
0.0106925
0.00153376
0.00175
0.00210878
0.00352154
0.00507141
0.00417589
0.00573807
0.0159338
0.000567216
0.0340899
0.00128742
0.00173278
0.00152192
0.00319302
0.00615429
0.00277096
0.000240475
0.0171249
0.00929959
0.002305
0.00052248
0.00622366
0.00243994
0.0936327
0.00687972
0.00107568
0.0158672
0.00110938
0.00265185
0.013452
0.00274181
0.00512902
0.00178545
0.00089605
0.00303025
0.0356885
0.00132872
0.00542742
0.000991956
0.0023783
0.00545886
0.00121617
0.00277481
0.00404613
0.000954197
0.001545
0.002642
0.0121608
0.0176583
0.00357302
0.000942972
0.0260964
0.00389131
0.0131754
0.00360085
0.00270929
0.00630537
0.0205659
0.001529
0.00173835
0.0011968
0.00220172
0.00564818
0.0160911
0.00721341
0.0019597
0.0242675
0.00980206
0.0145039
0.00468093
0.00113454
0.00771472
0.00064339
0.00518637
0.0037435
0.00697449
0.00218141
0.00461659
0.00206404
0.00881221
0.00553101
0.00252224
0.000864858
0.00132827
0.00748663
0.00138163
0.00164098
0.0157441
0.00972705
0.00401819
0.00832207
0.0101605
0.000958168
0.00441439
0.00624456
0.0248698
0.00403851
0.00843656
0.00864898
0.00567175
0.01078
0.00766931
0.00214111
0.00669358
0.00426103
0.00707445
0.00238468
0.00484452
0.0120777
0.00757194
0.00787099
0.00488027
0.00431004
0.00596227
0.00204226
0.00529738
0.0109623
0.00560217
0.00320626
0.00379803
0.00187687
0.0192038
0.00885625
0.00331334
0.0187159
0.00149054
0.0115238
0.00505558
0.0137051
0.000476529
0.00175303
0.0688351
0.00828267
0.00627342
0.00448195
0.0311191
0.0173006
0.0011036
0.00409235
0.00562439
0.00662852
0.00335671
0.000496521
0.00190974
0.000167289
0.0132278
0.00515402
0.00218551
0.0037658
0.00222576
0.00126429
0.0177432
0.00588133
0.00398646
0.00298607
0.00323202
0.000988723
0.00320154
0.0101048
0.00740022
0.00373
0.00349045
0.00569134
0.00664259
0.000991071
0.00523317
0.00848129
0.0019673
0.00262938
0.00340225
0.00997802
0.0115133
0.00390681
0.00956897
0.00189167
0.000574233
0.00753233
0.00258579
0.0159341
0.00271577
0.0112141
0.00104872
0.000193775
0.000579008
0.0024958
0.014559
0.000986202
0.0104988
0.0083471
0.00178908
0.0120619
0.00992335
0.0137759
0.00710886
0.00215327
0.000976009
0.0175452
0.00192133
0.0113172
0.00248413
0.00464575
0.00285421
0.0077008
0.00871596
0.00726106
0.00580232
0.000941491
0.0029676
0.00346211
0.0169565
0.0018076
0.00545347
0.00693674
0.00560446
0.0616482
0.00843878
0.00938059
0.00466864
0.00735542
0.00194841
0.000370108
0.00297835
0.0135455
0.00886026
0.00414282
0.0112274
0.0132706
0.0549413
0.00171873
0.000264542
0.00762485
0.0046094
0.00151511
0.00431302
0.00500575
0.00556957
0.0044763
0.00616269
0.00946723
0.00931559
0.00162416
0.0014693
0.00280168
0.0304179
0.00585902
0.00444138
0.00240274
0.000540987
0.00510808
0.00296426
0.00126329
0.00403623
0.00036011
0.011366
0.017196
0.00278364
0.00602866
0.00491495
0.00652617
0.000399316
0.00497783
0.00110027
0.0520058
0.001951
0.00699834
0.00970118
0.000302167
0.00133524
0.0031696
0.0103379
0.00140233
0.00231784
0.00150532
0.00729856
0.000515698
0.00157235
0.00142401
0.0046683
0.0147858
0.0026771
0.00989496
0.00518888
0.00361996
0.00324009
0.0013678
0.00767993
0.018423
0.00320142
0.00448319
0.00660955
0.00482089
0.00469574
0.00976674
0.00753622
0.00356028
0.0062286
0.00571582
0.00606958
0.00195011
0.00276461
0.00285303
0.00299958
0.006348
0.0155584
0.00181987
0.00157405
0.00315839
0.00118529
0.00100215
0.0674206
0.0082085
0.00170323
0.014957
0.00550694
0.00846378
0.00847689
0.00238791
0.00333755
0.00362842
0.00751321
0.00158484
0.00171793
0.00276233
0.00319969
0.0156424
0.00114961
0.0048909
0.0197383
0.00157524
0.00474518
0.0142021
0.00137678
0.0141687
0.00578575
0.00919336
0.00554762
0.0184758
0.00326031
0.0019519
0.00201391
0.00445904
0.00147588
0.00111909
0.00299986
0.0579664
0.00811726
0.0012676
0.00354455
0.0313891
0.00559656
0.00243478
0.00557879
0.0073369
0.00683698
0.00954689
0.00218919
0.00320061
0.00780279
0.0051691
0.000257969
0.0083993
0.00721926
0.00398165
0.00106985
0.00107976
0.00433136
0.00147316
0.0021171
0.00151988
0.00557325
0.000939516
0.00112286
0.00232658
0.0133205
0.000733553
0.00130765
0.00171658
0.000801912
0.00181188
0.00319869
0.00308855
0.00175094
0.00181684
0.00226375
0.000509353
0.00281314
0.00225574
0.00207593
0.000588939
0.00163482
0.00919704
0.00750603
0.000530456
0.00124983
0.0139175
0.00226605
0.000932544
0.00244853
0.00407485
0.0470021
0.00662714
0.00112093
0.00286461
0.00347242
0.00135045
0.00163931
0.00130805
0.00121471
0.00230618
0.00225486
0.0109578
0.0138343
0.0135254
0.00272993
0.00474271
0.00583023
0.00750457
0.00836609
0.00349511
0.00453842
0.00415666
0.00306045
0.00261192
0.0109287
0.0119986
0.00140352
0.00588185
0.0170785
0.00083507
0.00447442
0.00221639
0.00223845
0.00531781
0.0019922
0.00325516
0.00981197
0.000437878
0.0596641
0.00105672
0.0106954
0.00569056
0.00353099
0.00137369
0.000917467
0.00379211
0.00130223
0.00131606
0.014105
0.00161846
0.0161072
0.0301728
0.0280479
0.00797241
0.000272963
0.0069894
0.00293476
0.00180954
0.00172098
0.00216963
0.00388164
0.00661632
0.0068802
0.00619223
0.00525958
0.0389518
0.00236627
0.00177143
0.0015031
0.0535066
0.0437968
0.0086164
0.0111066
0.000927683
0.0033492
0.00246752
0.0126659
0.00632343
0.00471018
0.0024231
0.00411096
0.00916917
0.00250343
0.0106672
0.0122183
0.00853829
0.00272077
0.00219237
0.00247845
0.00413213
0.00157809
0.00307742
0.00206746
0.000909365
0.00384451
0.00530817
0.00179689
0.00105063
0.00737196
0.00137834
0.00954322
0.00621445
0.0100041
0.0252575
0.0111788
0.00541831
0.00932091
0.0156969
0.0022635
0.0267483
0.00261661
0.014872
0.000424869
0.00151595
0.000604044
0.00284871
0.00276809
0.00985904
0.0309051
0.00628606
0.0114314
0.00330714
0.000726708
0.00935324
0.0446135
0.00374596
0.0239302
0.0046544
0.0115863
0.00227594
0.0010123
0.0175915
0.000620543
0.014647
0.00168109
0.017222
0.00852556
0.00635017
0.00322301
0.0223572
0.0101699
0.00378274
0.00429101
0.00262878
0.00167501
0.0297469
0.00196574
0.0014637
0.00122095
0.00511353
0.0358662
0.00677216
0.00292899
0.00165676
0.00214546
0.00277336
0.001283
0.001077
0.00640049
0.00140657
0.00495619
0.00264021
0.00442219
0.0490378
0.00267311
0.00383265
0.00432796
0.00630639
0.00778977
0.00243695
0.0067672
0.00211804
0.000696983
0.00244943
0.00387282
0.0069834
0.0173732
0.0209193
0.00494244
0.00271565
0.000985563
0.00111944
0.0247751
0.00308348
0.00474431
0.00527668
0.00654126
0.00800466
0.00348924
0.00287532
0.0220993
0.0226383
0.00563491
0.00157323
0.00547556
0.00391391
0.0172031
0.0128011
0.0254556
0.00171683
0.0056371
0.00763068
0.00114706
0.0111368
0.00509604
0.0133051
0.0470706
0.00279535
0.00334296
0.00106733
0.00144903
0.00153353
0.00603463
0.00452155
0.000863311
0.00360309
0.035197
0.00188325
0.00653651
0.00476149
0.00104621
0.0149818
0.0151535
0.00383695
0.0370155
0.00304335
0.00127102
0.0054624
0.00255746
0.00165819
0.00477072
0.00347349
0.00282964
0.00658051
0.00301587
0.00515568
0.00320247
0.0012343
0.0115045
0.0024065
0.00305219
0.00254845
0.00507205
0.00112987
0.0296401
0.00639665
0.00244022
0.00374426
0.00631951
0.00181191
0.00354494
0.00572104
0.00198237
0.000722551
0.00967441
0.00190408
0.00328199
0.0132169
0.000575382
0.000960477
0.00525204
0.00538492
0.00394475
0.000781362
0.0399964
0.0600074
0.000639972
0.0145695
0.00200164
0.00771833
0.00345884
0.00201948
0.00535481
0.00241711
0.00333844
0.00413343
0.0129025
0.00346991
0.001158
0.0103568
0.0108618
0.0110537
0.00654816
0.00932061
0.00234139
0.00377755
0.00225421
0.00316954
0.0087507
0.00202716
0.0122615
0.00483167
0.0285338
0.00197576
0.0186744
0.00149357
0.000222386
0.00987073
0.0134069
0.00202425
0.000536405
0.00605492
0.000706559
0.0429216
0.00181816
0.000982245
0.00251602
0.00235711
0.000748874
0.00332393
0.00226362
0.00650614
0.00325088
0.00168796
0.00197877
0.002049
0.0308584
0.0137927
0.000970608
0.00923459
0.0118136
0.00135702
0.00535166
0.00392299
0.00649888
0.00853164
0.00477147
0.00641476
0.00151768
0.00304762
0.0101372
0.0130864
0.00464988
0.000909663
0.0022267
0.00264999
0.00152747
0.023809
0.00497836
0.0029751
0.0136802
0.023077
0.0043411
0.00189218
0.0188604
0.00163506
0.00096172
0.00263013
0.0246294
0.00139769
0.0139433
0.0066381
0.00591974
0.004438
0.000642108
0.00131922
0.00172861
0.0221756
0.00929949
0.0166335
0.000790592
0.0299053
0.00476863
0.00329766
0.00287752
0.0178963
0.00666199
0.0151585
0.0269853
0.00877808
0.00214051
0.00930642
0.0311551
0.00181628
0.000195949
0.00645722
0.00373818
0.00157608
0.0199935
0.000876259
0.0526075
0.00208039
0.00119605
0.00458153
0.00193079
0.006018
0.00215069
0.00674573
0.00995439
0.00471962
0.0011641
0.00228112
0.000882872
0.000782915
0.00211702
0.00548008
0.000679228
0.00786397
0.0701152
0.00460118
0.00358214
0.0304614
0.0282771
0.00268643
0.00936666
0.00894655
0.000974206
0.0013428
0.00205291
0.0116489
0.0140065
0.00281799
0.00566649
0.00679111
0.00407823
0.00664916
0.00756379
0.00620283
0.0104661
0.0179768
0.00332981
0.00352505
0.00238321
0.00152974
0.00528114
0.00749534
0.000742799
0.00693679
0.00749039
0.00361219
0.00497533
0.00158855
0.00051886
0.0130038
0.108351
0.0129173
0.0178482
0.0174997
0.0182614
0.00312906
0.00197226
0.00107097
0.0131086
0.0118914
0.00312599
0.00676091
0.0221311
0.00165564
0.00615884
0.00472791
0.00187901
0.00722137
0.000798114
0.0149203
0.0200523
0.00375214
0.00942024
0.00586398
0.013552
0.00609894
0.0106974
0.00247709
0.00773938
0.00463097
0.00622713
0.000856434
0.00945909
0.000950451
0.0134497
0.00322497
0.00292194
0.00253475
0.000588566
0.00385462
0.00600053
0.00464003
0.0249133
0.00222483
0.0305483
0.00190061
0.00522022
0.00622385
0.00187411
0.000629543
0.0029771
0.00169976
0.00541195
0.00131521
0.00502971
0.00607627
0.00410406
0.00473585
0.00593827
0.00246104
0.00177838
0.00161855
0.00264176
0.00107167
0.00204322
0.000302924
0.00663678
0.00751208
0.00106247
0.00349617
0.0150117
0.00795938
0.0108155
0.0050281
0.00252985
0.00101991
0.00270903
0.00998591
0.00163981
0.00659225
0.00232167
0.00338213
0.0191079
0.00469233
0.00193665
0.00247254
0.00535084
0.00200259
0.000547683
0.0014338
0.0177399
0.0166321
0.0102002
0.0133529
0.00343442
0.00101949
0.00103598
0.0132826
0.001616
0.00404299
0.00629435
0.00981458
0.0204628
0.00116559
0.0162051
0.0010776
0.0029226
0.00339579
0.00210688
0.00622786
0.0187792
0.0836014
0.00102251
0.00213234
0.00732904
0.00535501
0.00836182
0.0134069
0.00627404
0.0109279
0.00102138
0.00531246
0.0314368
0.00840825
0.00427241
0.0516286
0.00468657
0.00403248
0.0238257
0.00185192
0.0104431
0.00107716
0.00105339
0.0107337
0.0114026
0.00303699
0.018561
0.00138733
0.0044713
0.00464825
0.00212829
0.00833254
0.00372269
0.00168445
0.0172701
0.00232914
0.00268119
0.0197492
0.00615582
0.00758794
0.0184961
0.00368471
0.00405875
0.00191485
0.0010547
0.0046814
0.000505626
0.00173838
0.0189644
0.0124739
0.00709369
0.00388374
0.0196146
0.000889007
0.0022528
0.0085072
0.00275182
0.00198066
0.00635895
0.00593502
0.00679667
0.0100377
0.00686835
0.00211224
0.00861894
0.0206389
0.00772582
0.0207779
0.00543617
0.0166318
0.00775316
0.000674793
0.0291268
0.00668603
0.00531464
0.0126463
0.000836293
0.00778788
0.00138348
0.0029199
0.00537194
0.01086
0.00176332
0.00570873
0.00391003
0.00128299
0.00208886
0.00338739
0.00501355
0.00652516
0.0311087
0.000923068
0.00790738
0.0107135
0.00171522
0.00279635
0.00694071
0.00166639
0.0100018
0.00148862
0.00688011
0.0140658
0.00252476
0.00231374
0.000244821
0.00658516
0.00369975
0.0156809
0.000541591
0.00143757
0.00362392
0.00447523
0.0462627
0.00816493
0.000972985
0.00291828
0.00766903
0.00159859
0.00592319
0.0256592
0.00488605
0.0143644
0.00343511
0.00107321
0.00357048
0.00140149
0.00449982
0.0223477
0.0102121
0.00936527
0.00162199
0.00432004
0.00427393
0.0142061
0.0137436
0.0153115
0.0112702
0.000801852
0.0204126
0.00149612
0.0217387
0.00922673
0.00753652
0.0041341
0.00614938
0.00152058
0.000964602
0.00686255
0.0131245
0.00202197
0.000896459
0.00106539
0.00179742
0.00304605
0.00197275
0.00269194
0.0190198
0.0081652
0.00217213
0.00405012
0.00170478
0.00857307
0.00149485
0.00195882
0.00143594
0.0012547
0.00491907
0.00619292
0.00322947
0.000528814
0.00256022
0.0136364
0.00132333
0.0277503
0.0115167
0.00413039
0.00233697
0.00525729
0.0108349
0.005399
0.00803138
0.0086633
0.00530149
0.00364293
0.00130592
0.00315138
0.0153498
0.00819485
0.00280386
0.0118045
0.00270421
0.0133645
0.0030221
0.0144937
0.00689811
0.00372542
0.0101229
0.000768876
0.0115557
0.000789557
0.0189757
0.00816291
