0.00450814
0.000706647
0.00445688
0.00283008
0.00292455
0.00385786
0.0139414
0.00117653
0.002471
0.00045756
0.00790721
0.00498298
0.00206952
0.00577315
0.00920145
0.00376277
0.0125534
0.00312934
0.00226019
0.000153463
0.00380837
0.00483163
0.0011416
0.00285049
0.00256992
0.00288149
0.00365948
0.00165568
0.00335436
0.0012862
0.00284637
0.00722355
0.00346662
0.00323205
0.00210355
0.00520932
0.00231483
0.0132528
0.00741817
0.00276045
0.00509637
0.000963474
0.0223286
0.00128502
0.00405188
0.0128623
0.00248243
0.00291279
0.0029137
0.001935
0.00480689
0.00182575
0.00266459
0.000995703
0.00150381
0.00440988
0.000402021
0.00172946
0.0039925
0.00460637
0.00452602
0.0026727
0.00543923
0.00128879
0.000699533
0.00280629
0.00136873
0.00202702
0.00158973
0.000403115
0.00139837
0.00739969
0.0037197
0.0054293
0.000315848
0.00159692
0.00138216
0.0104198
0.00294868
0.0010746
0.00154328
0.00254845
0.00297327
0.00283738
0.0086643
0.0017896
0.00190564
0.00169124
0.00085508
0.00133311
0.00292322
0.00138918
0.014407
0.00323807
0.00255946
0.00535195
0.00183775
0.00131376
0.00320053
0.00344214
0.00198614
0.016529
0.00127692
0.00100811
0.00589567
0.00481986
0.00062108
0.00492819
0.00085725
0.00127003
0.002945
0.00508675
0.00143012
0.000531037
0.00302932
0.0101144
0.00661213
0.00294588
0.00245581
0.0051405
0.00155617
0.00228971
0.00218631
0.00214642
0.00596433
0.00286325
0.000658426
0.00106827
0.000749382
0.000561906
0.00427502
0.00242646
0.00498435
0.00379168
0.00381013
0.00167512
0.00563085
0.0132523
0.00479581
0.00860258
0.000817377
0.00190463
0.000406303
0.0116545
0.00384996
0.00981034
0.00253927
0.00379395
0.0130291
0.00347488
0.00175898
0.000895766
0.00224215
0.00653893
0.00333813
0.00380782
0.00150856
0.00181911
0.0017102
0.00159946
0.00124652
0.00682815
0.00474493
0.00121244
0.00305675
0.00404136
0.00361078
0.00134397
0.00261064
0.00265113
0.0137752
0.00257258
0.00133263
0.00126566
0.00444599
0.002246
0.00117304
0.0033629
0.00294055
0.00217143
0.00527163
0.002166
0.00174594
0.00462031
0.00181344
0.0108691
0.00119301
0.0016443
0.00289488
0.00161061
0.00359056
0.00123546
0.00180209
0.008661
0.00213276
0.000372204
0.00224844
0.00118122
0.00346532
0.0087069
0.0117176
0.00216874
0.0011343
0.00443408
0.00128475
0.00478117
0.0051071
0.000813162
0.00247088
0.0024995
0.000695609
0.00183056
0.00157681
0.00711052
0.00424154
0.001911
0.00288434
0.00237422
0.00103975
0.00365249
0.00585129
0.00213314
0.00619235
0.00604552
0.00594965
0.00147322
0.00114551
0.000322878
0.000869112
0.00193687
0.00435103
0.00489414
0.00630887
0.0173048
0.00738524
0.00137352
0.00207533
0.00170377
0.00276764
0.00257035
0.00305998
0.00442152
0.0027656
0.000410007
0.00364904
0.00166283
0.00137798
0.00178097
0.0016823
0.00366068
0.000718275
0.00403634
0.00123674
0.00177047
0.00367856
0.00365621
0.00604082
0.00453922
0.00276021
0.0025876
0.00172952
0.00669574
0.00375204
0.00593316
0.00177882
0.00815803
0.00191413
0.004789
0.00520539
0.000207062
0.00262685
0.00771292
0.0078626
0.00128882
0.00388736
0.00219067
0.017267
0.00134493
0.00265107
0.009814
0.00153208
0.00337693
0.00524572
0.0027289
0.00223159
0.00368927
0.0037515
0.00512858
0.00142306
0.00347115
0.00183294
0.00852777
0.00291626
0.00411968
0.000921775
0.000876496
0.000547234
0.000677452
0.00100779
0.00166943
0.00832268
0.00279912
0.00124709
0.00356376
0.00143287
0.023931
0.00152285
0.00472545
0.00328323
0.00157066
0.00135471
0.00347549
0.00254866
0.00761376
0.00316642
0.000902157
0.00202083
0.00663257
0.00143126
0.00170784
0.00734544
0.00138535
0.000569206
0.0034383
0.00124918
0.00451245
0.000922144
0.00800555
0.0040715
0.00488597
0.0162443
0.00620733
0.00345717
0.00758979
0.0165052
0.00232732
0.00729039
0.00231212
0.00247803
0.00355114
0.000835936
0.00938384
0.00208064
0.000704165
0.000863559
0.00343266
0.00413481
0.00716655
0.00356738
0.00387536
0.00966286
0.00531963
0.00161162
0.000594298
0.00133378
0.00739045
0.000423069
0.00596382
0.00631707
0.00209682
0.00458924
0.00383667
0.00333153
0.00188823
0.00282461
0.00173089
0.00322221
0.0259026
0.00386115
0.00053063
0.00600801
0.00160452
0.00177347
0.00150523
0.0100851
0.0002344
0.00234039
0.00193438
0.00401616
0.00431276
0.00411148
0.00467573
0.00489119
0.00345555
0.00424683
0.00875387
0.00461486
0.00271287
0.00136073
0.00202563
0.00116528
0.0150903
0.00384971
0.00322476
0.0022604
0.00457478
0.00284391
0.00452261
0.00621114
0.000993755
0.00269488
0.00102364
0.00162754
0.00122186
0.0035544
0.000847265
0.00217463
0.0034466
0.00467348
0.00346711
0.000630825
0.00139212
0.00761799
0.0030712
0.00126957
0.00193406
0.00327415
0.00671248
0.00114516
0.00131674
0.0116445
0.00713869
0.00570348
0.00300769
0.0040186
0.00335336
0.000948744
0.000881012
0.0042813
0.00256079
0.00112499
0.0012134
0.0124949
0.0215156
0.00281721
0.00479934
0.00186351
0.000974859
0.00251151
0.00462402
0.000155798
0.00174285
0.00507688
0.00571243
0.000966247
0.0064835
0.00144389
0.00158229
0.00424476
0.0026589
0.0017917
0.0064683
0.00135933
0.00127736
0.00376019
0.00185215
0.00759575
0.00186283
0.00179436
0.00470819
0.000949875
0.00136237
0.00607321
0.00124208
0.00452958
0.00300437
0.00370017
0.00185602
0.00356141
0.001686
0.000674228
0.00142757
0.00245704
0.00867681
0.00378315
0.000271803
0.00504934
0.00187782
0.00160442
0.00227264
0.00740179
0.00218209
0.00255506
0.00118566
0.00408256
0.0022741
0.000966436
0.00152638
0.00318909
0.00118172
0.00213196
0.0023948
0.00383774
0.0043896
0.00110832
0.00704872
0.0108344
0.00116883
0.00280172
0.00451283
0.00441862
0.00186587
0.00755962
0.00399393
0.00350616
0.00389659
0.00307824
0.00423189
0.0043646
0.00211781
0.0130071
0.00485877
0.00252799
0.00536011
0.00289873
0.000146488
0.00134073
0.00133895
0.00441789
0.000648995
0.00157445
0.00337462
0.00256173
0.00324551
0.000678013
0.0211136
0.00589808
0.000371156
0.00346852
0.0120545
0.00138655
0.00314844
0.00130401
0.00713659
0.00402514
0.00508824
0.0078667
0.00184064
0.00331385
0.0116533
0.00529615
0.00121634
0.00297231
0.00620527
0.0129527
0.00674431
0.00437588
0.00364676
0.0175222
0.00486424
0.0055098
0.000233231
0.000734409
0.00322372
0.00128021
0.0023379
0.00516641
0.00151031
0.00279153
0.00272257
0.000628042
0.000250345
0.00328922
0.00234228
0.00274701
0.00136648
0.0017885
0.00157702
0.000841381
0.000720695
0.00307265
0.00368267
0.00119194
0.00258215
0.0209377
0.00294422
0.00947043
0.00165539
0.00229429
0.00108399
0.000905682
0.00367822
0.00688325
0.00356525
0.000806983
0.00112886
0.00127456
0.00139988
0.00516596
0.00181065
0.00132826
0.0030876
0.00168
0.000889158
0.00104261
0.00702264
0.00167503
0.00187903
0.000746706
0.011198
0.00105747
0.00508646
0.00138961
0.00222861
0.00390779
0.00165367
0.000385408
0.00819212
0.00330931
0.00176193
0.00602435
0.00671783
0.00352891
0.014491
0.0037454
0.0017607
0.0119157
0.00839266
0.00391632
0.00121934
0.0102998
0.00300078
0.00355999
0.00888424
0.00476353
0.00379716
0.00147297
0.00190172
0.00406695
0.0173161
0.010874
0.000368867
0.00450407
0.00148468
0.00674458
0.000642382
0.00310019
0.00119027
0.00439671
0.00523992
0.00253561
0.00292299
0.00792611
0.00513638
0.0033341
0.00452912
0.00524076
0.00353032
0.010806
0.00577653
0.00224319
0.0138858
0.00503595
0.00216082
0.00383192
0.00785431
0.00105266
0.000422193
0.00151273
0.00233072
0.00169896
0.001586
0.00833666
0.0149023
0.00111484
0.00111716
0.00129129
0.000914684
0.00584277
0.000820395
0.00146085
0.00396002
0.00115905
0.00240138
0.00150987
0.00193368
0.000579023
0.00461197
0.000856497
0.00186448
0.00113997
0.00133084
0.0163857
0.00702546
0.00409034
0.00293805
0.00104368
0.00622775
0.00187663
0.00171227
0.00303251
0.00637977
0.00407188
0.00491736
0.00527492
0.00130955
0.00150578
0.00823441
0.00156482
0.00628216
0.00361921
0.00197886
0.00184947
0.000477039
0.00144686
0.00104672
0.00362711
0.00124222
0.010842
0.00701639
0.00363751
0.00218128
0.00324463
0.000976406
0.00111114
0.00244152
0.000993279
0.00176624
0.00764082
0.00408855
0.00166024
0.00107062
0.000664981
0.00782766
0.00195056
0.00275051
0.00252671
0.0039832
0.00645527
0.00211726
0.00428254
0.00308691
0.00347278
0.00242081
0.00055923
0.00677857
0.00209517
0.00195712
0.00107344
0.00344804
0.00098983
0.0059352
0.00401276
0.0028105
0.000361612
0.00576857
0.000794233
0.00645534
0.0185993
0.00457
0.00170964
0.00119978
0.00406647
0.000704315
0.00426387
0.00140204
0.00483383
0.0109441
0.0017678
0.0113257
0.00419692
0.0230281
0.00652572
0.0012321
0.0112756
0.00488457
0.00576081
0.00300619
0.00585893
0.0177131
0.00335972
0.00143199
0.000735149
0.00355992
0.00651526
0.00229808
0.00178087
0.00757656
0.000835362
0.00212367
0.000933653
0.0309843
0.00286854
0.00359994
0.0128883
0.00325954
0.000790734
0.00209484
0.00298747
0.00283346
0.00330004
0.00248737
0.00335102
0.000755978
0.000845245
0.00378121
0.00332867
0.00218205
0.00408177
0.00236989
0.0012768
0.000514117
0.00270788
0.00546457
0.0201532
0.00046175
0.00282626
0.00349069
0.00234399
0.00577998
0.0106725
0.00155822
0.00356267
0.0240458
0.00636774
0.00726526
0.00134788
0.00316361
0.00299654
0.000469917
0.00120736
0.000748301
0.00291268
0.00136078
0.00503215
0.00582342
0.00155437
0.00134309
0.00416702
0.00198725
0.00430925
0.00114123
0.000486333
0.00467295
0.000285746
0.00324351
0.010637
0.00585485
0.00407618
0.00150654
0.00116699
0.00115291
0.00186435
0.000859928
0.00434108
0.00425551
0.00297762
0.00151034
0.0035353
0.00406361
0.000920758
0.00526509
0.00220774
0.00461491
0.00136749
0.00475558
0.00862936
0.000552645
0.00145969
0.000607539
0.000242588
0.0102488
0.00728167
0.000499076
0.00415928
0.00972183
0.0057735
0.00112517
0.00385617
0.000771731
0.00144671
0.00125368
0.00189429
0.00205334
0.00288874
0.00344956
0.00469174
0.000719908
0.00144118
0.00427043
0.00560296
0.000899644
0.00368433
0.00391033
0.00102378
0.00458594
0.0038508
0.00416757
0.00337802
0.00192757
0.00224171
0.0040352
0.00171139
0.00321654
0.00169927
0.00198395
0.000627346
0.0125223
0.00118764
0.00674816
0.00192354
0.00140867
0.00344826
0.00260143
0.00362185
0.00488419
0.000323791
0.000900071
0.00407511
0.00185585
0.0018506
0.000765308
0.00569625
0.000747003
0.00220245
0.00240568
0.00396184
0.00239277
0.00479332
0.00328606
0.0120122
0.00305364
0.00690254
0.0026158
0.0074696
0.00387387
0.00234328
0.000830427
0.00419088
0.00112261
0.00206059
0.00284668
0.018273
0.00256016
0.00501168
0.00136941
0.00147313
0.00162966
0.00103648
0.00121136
0.00295314
0.00974038
0.0082294
0.00429558
0.00871887
0.00525771
0.00156598
0.00201411
0.00183064
0.00519943
0.00244436
0.00481316
0.00227911
0.000616689
0.00124922
0.00460771
0.00115305
0.00674375
0.00761747
0.00114057
0.00201618
0.00284268
0.00327741
0.000240462
0.00534938
0.0135046
0.00754613
0.00460627
0.00127573
0.00259625
0.00098477
0.00196625
0.00246026
0.00511201
0.00194151
0.00112406
0.00396955
0.00126239
0.00144316
0.00159444
0.00292909
0.00132544
0.00411521
0.00655484
0.00496864
0.00423998
0.000943003
0.0223971
0.002309
0.00459802
0.00286506
0.00153789
0.004289
0.001649
0.00154893
0.00336961
0.0014946
0.0041903
0.000433472
0.00126232
0.00647881
0.00339914
0.00265537
0.00137802
0.00120002
0.00346817
0.00245086
0.00324911
0.00117445
0.00136462
0.00187948
0.00198498
0.0114844
0.000518332
0.0132399
0.00233983
0.00253447
0.00266667
0.00308439
0.00119961
0.00282831
0.00143109
0.00305614
0.00392696
0.00155614
0.00495394
0.000256921
0.006109
0.00457922
0.00406984
0.00209737
0.0030023
0.00126998
0.00573689
0.00318865
0.00390146
0.00239317
0.00702508
0.0102079
0.0050123
0.00130393
0.00128967
0.0018943
0.00177229
0.00286726
0.00289552
0.0223333
0.000552123
0.00430862
0.00103848
0.000681303
0.00172118
0.00962579
0.00150103
0.00393331
0.00350833
0.00349517
0.00315051
0.00269776
0.00555696
0.00397185
0.00401487
0.00148166
0.00351778
0.0179561
0.000833028
0.00445084
0.00202071
0.00559331
0.000940082
0.0102286
0.0109563
0.00392539
0.00161393
0.000824294
0.00288345
0.00182216
0.00128857
0.00180417
0.00351208
0.00114633
0.00336783
0.00878217
0.0039407
0.00307108
0.00298285
0.00193263
0.00221714
0.000439073
0.00230756
0.00379117
0.00318617
0.00240801
0.00247992
0.0165219
0.00378582
0.00168745
0.00107096
0.00205014
0.00246292
0.00940865
0.00137722
0.00238171
0.00486737
0.00551331
0.00104683
0.00256778
0.00546815
0.00047491
0.00303661
0.00371687
0.00275953
0.0051987
0.00685148
0.000252931
0.00280892
0.00288219
0.00692762
0.00255528
0.00490719
0.00168595
0.00483634
0.00411173
0.00347019
0.00396856
0.00170502
0.00123754
0.00438143
0.00158593
0.00546717
0.00153359
0.00585304
0.0057178
0.00562067
0.00213805
0.00261183
0.00475579
0.00157514
0.00835901
0.00168641
0.00223623
0.0025228
0.00886532
0.00494729
0.0089035
0.000309657
0.00159402
0.00209447
0.00566497
0.00308037
0.0175022
0.0110156
0.00306286
0.00308087
0.0140062
0.000665735
0.000762482
0.00740656
0.00179332
0.00154652
0.0010173
0.00508487
0.0142454
0.00281451
0.0026976
0.00122248
0.0178252
0.00835295
0.00154706
0.0016713
0.00152083
0.00762682
0.00184176
0.00130867
0.000982396
0.00214344
0.00169875
0.00270154
0.00502069
0.00397249
0.000866631
0.00520777
0.00374202
0.00586163
0.00599482
0.00168296
0.00252044
0.00645177
0.00235277
0.00172425
0.0037421
0.0063979
0.00019508
0.00148707
0.000959498
0.00090005
0.00459385
0.0046106
0.00732981
0.00250165
0.00476524
0.00147596
0.00120597
0.00402708
0.000999194
0.00101061
0.00170707
0.00390253
0.004847
0.00377246
0.00328898
0.00239773
0.00237543
0.0036693
0.00233498
0.00190894
0.000149779
0.00314614
0.00286163
0.00145456
0.00411567
0.0149388
0.00515702
0.00160119
0.00337046
0.00106815
0.00281164
0.00395979
0.00100735
0.00239827
0.0116556
0.00230352
0.000529589
0.00964501
0.000845346
0.0055206
0.000876208
0.0037014
0.0021223
0.00253512
0.00105281
0.00943026
0.0107363
0.0250471
0.000990506
0.0109105
0.0029526
0.00386177
0.00134484
0.00118433
0.00123219
0.0161033
0.00341822
0.00242606
0.000810084
0.00206809
0.00273046
0.00123115
0.00274212
0.00330708
0.00174937
0.00908537
0.00764738
0.00211386
0.014073
0.00251862
0.00241613
0.000757223
0.000820423
0.00561733
0.00109955
0.00126173
0.0016222
0.00342224
0.00371125
0.00155
0.000700848
0.00592595
0.00291891
0.00130071
0.000997458
0.000495613
0.000774239
0.00245008
0.00168561
0.00332562
0.00216733
0.000789938
0.00289535
0.00127531
0.00198214
0.00346844
0.000648719
0.00549585
0.0196797
0.00328162
0.00769253
0.00322234
0.00119638
0.000795429
0.00195263
0.00208562
0.00113421
0.0142761
0.00569961
0.00226277
0.00130418
0.0229902
0.00230985
0.0153098
0.00221174
0.00118356
0.00208721
0.00515539
0.00169859
0.0020039
0.00429561
0.00527641
0.00112413
0.00660556
0.00371821
0.00975745
0.00597741
0.0113812
0.00166319
0.00266947
0.00395036
0.006189
0.00378977
0.00294559
0.0021341
0.00223808
0.000147639
0.00315246
0.00518027
0.00150897
0.00222424
0.0019913
0.00481415
0.00145852
0.00570572
0.00566926
0.000676981
0.00588086
0.00231028
0.00171361
0.00102109
0.00138521
0.0044681
0.00223531
0.00281138
0.00286283
0.00366942
0.00258939
0.00514014
0.00402571
0.00417151
0.00419015
0.0022443
0.00917014
0.00264862
0.00427103
0.00110945
0.00153976
0.000581989
0.00180842
0.00313683
0.00592134
0.00364363
0.00355347
0.0112094
0.00692044
0.0048652
0.00305174
0.00167893
0.00123652
0.00206942
0.00488423
0.0193217
0.00707036
0.00671891
0.00239864
0.0023092
0.00186068
0.00979393
0.00297906
0.0146625
0.00439111
0.00730078
0.00223299
0.00230638
0.00258097
0.00262902
0.00142962
0.00559779
0.00151251
0.00245936
0.00416661
0.00838582
0.00594723
0.00906367
0.00196592
0.000514806
0.00526977
0.00119974
0.00323644
0.00716155
0.00366386
0.00292124
0.00209509
0.00219582
0.000861422
0.00160219
0.00121178
0.00216875
0.00735228
0.00231027
0.00105046
0.0032
0.00269942
0.00183808
0.00247026
0.000941744
0.00714887
0.00350062
0.00651794
0.00433189
0.00595925
0.00369799
0.00178588
0.0018876
0.00136306
0.00115962
0.000208027
0.00081558
0.00116725
0.0110365
0.00887264
0.00172
0.0127602
0.00183385
0.00597078
0.00545492
0.0127833
0.00366032
0.00132417
0.00600593
0.00192918
0.00440148
0.00111477
0.00611543
0.00113196
0.000392465
0.0153413
0.00453752
0.0174862
0.00135475
0.004351
0.00619637
0.00762706
0.000791674
0.000309916
0.00283414
0.00668322
0.00906202
0.00365302
0.00245635
0.00420955
0.00142415
0.00365238
0.00140568
0.00357137
0.00314142
0.00180806
0.00179127
0.0021115
0.00267518
0.00231193
0.00229694
0.003272
0.00514968
0.00290863
0.00334412
0.00307366
0.00199168
0.00245107
0.00177372
0.00260737
0.000293181
0.00227991
0.0018382
0.000505737
0.00536548
0.00339741
0.00361322
0.00341508
0.00580221
0.00137351
0.00330816
0.00238466
0.002867
0.00138309
0.00341163
0.00474924
0.00474438
0.00375097
0.00636657
0.00425403
0.00100545
0.00703634
0.00182518
0.00659833
0.00131144
0.00341091
0.00434494
0.000911655
0.00153452
0.000731996
0.0021344
0.00160397
0.000832194
0.00248064
0.00676868
0.021885
0.0298516
0.00275997
0.00243342
0.00126196
0.00936191
0.00718957
0.00329937
0.00141118
0.0236369
0.00289363
0.00265617
0.00157708
0.00724637
0.00195822
0.0048399
0.00206847
0.00351809
0.000670886
0.00173983
0.00160847
0.00105495
0.000718326
0.0012745
0.00181506
0.0109347
0.00449213
0.00252512
0.00288304
0.00980131
0.000964541
0.000839963
0.00598827
0.00675991
0.00277431
0.00256
0.00682885
0.00127719
0.00106333
0.0164828
0.000474606
0.00328974
0.00102591
0.00655032
0.00284265
0.000551906
0.000314012
0.00203656
0.00196214
0.000425158
0.00140855
0.000945622
0.00298176
0.00241965
0.00381947
0.00531787
0.00105135
0.00264272
0.00226601
0.000949616
0.00420189
0.00527313
0.00579049
0.00260727
0.00748365
0.00104592
0.00752901
0.00479798
0.00608491
0.00357865
0.00407979
0.0274746
0.000521185
0.0101059
0.00635256
0.00190002
0.0016179
0.00992123
0.00199901
0.00207378
0.00200019
0.00636704
0.00476649
0.00194207
0.00471951
0.00248683
0.000957368
0.00369657
0.00263142
0.00329113
0.000993708
0.00077371
0.00131286
0.0031259
0.00301715
0.00405432
0.00297117
0.000577072
0.00157703
0.00434974
0.00172934
0.00571105
0.0022306
0.00270357
0.0101889
0.00184962
0.00334633
0.00409852
0.00115691
0.00156767
0.00472835
0.00796304
0.00631558
0.00242623
0.00374588
0.00390874
0.00251355
0.0046021
0.0015091
0.00211035
0.00385184
0.00541576
0.0152152
0.00586992
0.00428087
0.00171251
0.00208323
0.00184066
0.00185807
0.00169239
0.00116267
0.000986827
0.00218718
0.00384027
0.00672732
0.00827441
0.00253512
0.000968237
0.00312169
0.000430066
0.00281803
0.00133129
0.00370416
0.004955
0.00238086
0.00322586
0.00089785
0.000794582
0.00133254
0.000711018
0.00075722
0.00168168
0.00676356
0.00287373
0.00213267
0.00139418
0.000996475
0.000941852
0.00265804
0.00234319
0.00118386
0.000731038
0.00272924
0.00317815
0.00700617
0.000472804
0.00459556
0.00473827
0.00282604
0.00472641
0.00168273
0.00381258
0.00390132
0.00651288
0.00565137
0.00841204
0.00818901
0.00250706
0.000216234
0.000619248
0.00208666
0.0114779
0.00303133
0.00327308
0.00427751
0.00408251
0.000198547
0.00256313
0.00517645
0.001169
0.00148676
0.00196517
0.00198997
0.00341418
0.00665559
0.000202286
0.000645022
0.00237193
0.00218685
0.00102507
0.00296149
0.00236353
0.00019509
0.00198953
0.00186014
0.00433173
0.00290134
0.00787067
0.00421322
0.0104556
0.00114131
0.0010971
0.00100017
0.0136471
0.00151778
0.01114
0.000836255
0.00141791
0.0132027
0.018623
0.00574638
0.00254976
0.000315418
0.00616962
0.000631975
0.0100361
0.00130809
0.00479282
0.00115149
0.0010333
0.0131613
0.000944075
0.00251361
0.00182336
0.00249022
0.0107776
0.00238257
0.00939278
0.0023492
0.00469943
0.00223364
0.00627267
0.00150071
0.002047
0.0128269
0.00274124
0.00157111
0.00718038
0.0027569
0.00234717
0.00563777
0.00179333
0.00636776
0.00112591
0.00551035
0.00442747
0.00215946
0.00136472
0.000492147
0.0115434
0.0014598
0.0109703
0.0016398
0.00271382
0.00188491
0.00323446
0.000321779
0.0226679
0.00255395
0.00260975
0.00658474
0.00280662
0.00118757
0.00807014
0.00604076
0.00166322
0.00436433
0.00370206
0.000739443
0.00972501
0.0135642
0.00515385
0.00100467
0.00222296
0.00120701
0.00176724
0.00146904
0.00152828
0.00978412
0.00117782
0.00151092
0.000794391
0.00591972
0.00275368
0.00104275
0.00119414
0.0150173
0.00333946
0.00168358
0.00225594
0.00152145
0.000557538
0.00113908
0.00289406
0.00385685
0.0124331
0.00133199
0.00589488
0.00441618
0.00490954
0.00172093
0.00417626
0.00112949
0.00818439
0.00631901
0.00446167
0.00392489
0.00328783
0.00476631
0.00376749
0.00315935
0.00243602
0.00205332
0.00346863
0.00387079
0.00498007
0.00203188
0.0027509
0.00325841
0.00166874
0.00045641
0.00261349
0.0124955
0.00512866
0.00234547
0.00337888
0.00909643
0.00266256
0.00597388
0.00354211
0.000690578
0.000749211
0.00175302
0.000980284
0.00207623
0.00176734
0.0021204
0.00414908
0.00144263
0.00241418
0.00355482
0.0030118
0.0115814
0.000546644
0.00139887
0.00408851
0.00107543
0.0238288
0.000960058
0.00154549
0.0011626
0.00304962
0.00215111
0.00687097
0.0019912
0.00608331
0.0100925
0.00140325
0.00201351
0.00278677
0.00324188
0.000290631
0.00417894
0.00540166
0.00172108
0.0108094
0.00112763
0.000724221
0.00149427
0.00127401
0.00287667
0.00360756
0.00110808
0.00736888
0.00274749
0.00484979
0.00534613
0.00105277
0.000917392
0.00598273
0.00297724
0.00172886
0.0020891
0.00117114
0.00600222
0.00119751
0.00330508
0.0029854
0.00209027
0.00487697
0.0052277
0.00145222
0.00254276
0.00180712
0.00359569
0.00222306
0.00292316
0.00458067
0.00246641
0.00249834
0.00379491
0.00523009
0.00388468
0.00886103
0.00763476
0.00151288
0.0034899
0.00222692
0.000766295
0.00137604
0.00334226
0.00350165
0.00456084
0.00482635
0.00404385
0.00159904
0.00168003
0.00233673
0.00169668
0.00287134
0.00391758
0.0036107
0.000755464
0.00347387
0.00411953
0.00150505
0.00465395
0.00297732
0.0123904
0.00186919
0.00545984
0.00318604
0.00433365
0.00149799
0.00628038
0.00671281
0.00165843
0.00677315
0.00504346
0.00202429
0.00155449
0.00130075
0.00399302
0.00574932
0.0192319
0.00436318
0.00289492
0.00950225
0.00577498
0.00141357
0.00541394
0.000674012
0.00251466
0.00301794
0.0011473
0.00459596
0.00454356
0.00540012
0.00095973
0.00645573
0.00461342
0.00157834
0.00439981
0.00338721
0.000971465
0.00376034
0.00479597
0.00145183
0.00111184
0.00341659
0.00190712
0.00201197
0.00139072
0.00364629
0.00383725
0.00340655
0.00213918
0.00249461
0.00191448
0.00166469
0.00499868
0.000606361
0.00207597
0.00161026
0.00182631
0.000609619
0.00323665
0.00602909
0.0224413
0.00433232
0.00729976
0.00112088
0.00244042
0.0109056
0.00101465
0.00266068
0.0126266
0.00169688
0.00451027
0.00421601
0.00378527
0.000548269
0.00826857
0.00468791
0.00271064
0.000690225
0.00255117
0.00318185
0.00309025
0.00261711
0.00134376
0.00691762
0.00258123
0.0021362
0.00145347
0.00603552
0.004316
0.00197405
0.00996947
0.00477536
0.00220411
0.00535073
0.00417609
0.00262298
0.00836342
0.00306252
0.00223067
0.00449947
0.0166611
0.00215082
0.00169788
0.000892539
0.0118788
0.00155136
0.00223446
0.000485383
0.00338088
0.00186317
0.00327493
0.00122367
0.0016116
0.00259195
0.00168892
0.00420798
0.00340593
0.00671997
0.00203845
0.0101544
0.00210146
0.00247161
0.00128163
0.0106571
0.00116776
0.00235932
0.00794596
0.00179335
0.00692907
0.000688965
0.00458577
0.00294412
0.0034189
0.00472938
0.00329085
0.00288949
0.00169562
0.00186522
0.00416813
0.00510711
0.000603788
0.00178024
0.00061444
0.0027351
0.00400123
0.00521194
0.00245761
0.00102591
0.00080563
0.00164624
0.00682201
0.00258801
0.00221993
0.000304834
0.00199924
0.00507957
0.00662515
0.00304166
0.00194044
0.00854349
0.00163098
0.00161583
0.00100745
0.00155572
0.00549048
0.0026695
0.0101505
0.00246348
0.00126537
0.00227881
0.00410797
0.0014036
0.0078014
0.00212242
0.00157295
0.002171
0.00176363
0.00180728
0.00542801
0.00269096
0.00152909
0.00194731
0.00179741
0.00940697
0.0023208
0.00235035
0.00165528
0.00274771
0.00183854
0.00040203
0.00714749
0.00082858
0.00040753
0.00232205
0.00436146
0.00244522
0.00602589
0.00230285
0.00277281
0.00168002
0.000884441
0.00251105
0.00117101
0.00695229
0.00730465
0.00308135
0.00181337
0.00281449
0.00208939
0.00880839
0.000861186
0.00142331
0.00502685
0.00533208
0.000821759
0.00156777
0.00379733
0.00620104
0.000877001
0.00126667
0.00595407
0.00495882
0.00647002
0.00183341
0.00267509
0.0122578
0.00365634
0.00346241
0.00102252
0.00137574
0.00317465
0.00502299
0.000295675
0.00247441
0.00164125
0.00217771
0.00362449
0.0161287
0.00404351
0.00176961
0.00771097
0.0133834
0.0010918
0.00115439
0.00281178
0.00377672
0.00304901
0.00187717
0.00368189
0.00269228
0.00102911
0.00119893
0.00091085
0.0139096
0.00593716
0.00182653
0.00160637
0.00292251
0.00587203
0.00112859
0.00585417
0.000809371
0.00111574
0.00244507
0.012659
0.0037901
0.00510484
0.00410492
0.0011931
0.00669755
0.00610574
0.00401605
0.00655694
0.00440446
0.00164126
0.00257899
0.0134215
0.00807207
0.00541382
0.0062381
0.00155707
0.0100337
0.00376758
0.00121086
0.00195765
0.00145788
0.00263854
0.00397806
0.000858152
0.000601434
0.0180768
0.00600247
0.00360054
0.00553305
0.00109333
0.00179016
0.0126629
0.00184855
0.00673858
0.00816618
0.00309227
0.0021287
0.00273908
0.00293355
0.00505961
0.00521371
0.002939
0.00115111
0.00299633
0.00114566
0.00725274
0.00114792
0.000299888
0.00202894
0.0169289
0.00393244
0.00230093
0.0021655
0.00142841
0.00268073
0.00363264
0.00450162
0.011555
0.00366457
0.00254637
0.00399206
0.000425403
0.00100961
0.000393084
0.00251688
0.00024011
0.00348089
0.00183122
0.00279223
0.00781618
0.00965839
0.00377696
0.00168819
0.00905857
0.0026216
0.00138225
0.00631605
0.0016961
0.00402603
0.00374118
0.00791224
0.000620381
0.00195867
0.00473186
0.00284905
0.00498835
0.00262916
0.00393083
0.000960917
0.000958511
0.00313158
0.000848117
0.00202803
0.0015712
0.00152583
0.00388643
0.00114313
0.00124885
0.00276084
0.000197813
0.000233971
0.00355959
0.00231128
0.00164342
0.000489416
0.0031861
0.00126464
0.00356172
0.00109982
0.0132834
0.00239547
0.0055566
0.00817758
0.00146258
0.00247857
0.00172765
0.00165686
0.000632309
0.00322141
0.00297743
0.00346531
0.00157448
0.00612743
0.00407573
0.00215702
0.00327073
0.0014683
0.00322331
0.0020137
0.00328843
0.000842953
0.00354624
0.000499495
0.00109285
0.00338888
0.004504
0.0140714
0.00142057
0.00190532
0.00733755
0.00216533
0.00528944
0.00239256
0.00643343
0.00245515
0.000973736
0.00525516
0.00251788
0.00849166
0.00936439
0.00391728
0.00362683
0.00549624
0.00164783
0.00180989
0.00150337
0.0040932
0.00447124
0.00379875
0.00247981
0.00195116
0.00346042
0.00178864
0.00309333
0.00416254
0.00846959
0.0031421
0.00578638
0.00732428
0.00700604
0.0112012
0.00063096
0.0229615
0.000825167
0.00134255
0.00164746
0.00149687
0.00156434
0.000700162
0.00148074
0.00200134
0.00150249
0.00178082
0.00259338
0.00316573
0.00278604
0.0107856
0.00106559
0.00773344
0.017413
0.00198014
0.00535465
0.0023098
0.0213007
0.00374757
0.00273919
0.00265417
0.0133664
0.00425494
0.00219134
0.00130556
0.00106252
0.00334421
0.000757082
0.00212918
0.00342181
0.00115744
0.00582166
0.00390665
0.0104322
0.00555569
0.00492856
0.0045358
0.00240451
0.00869756
0.000271233
0.00830225
0.00148893
0.00201982
0.00283008
0.0019139
0.00388901
0.00101637
0.00598271
0.00199346
0.00810933
0.00300793
0.00636225
0.00572717
0.00137794
0.00504941
0.00359551
0.00169934
0.000771486
0.0041365
0.00882254
0.00176202
0.00251955
0.0061888
0.00527534
0.000868119
0.000918056
0.00188253
0.00223309
0.00678531
0.0101368
0.00602821
0.00216464
0.0258966
0.00996219
0.00281393
0.00625345
0.00736539
0.00426269
0.00529043
0.00414586
0.00517063
0.00501347
0.00322397
0.00178086
0.0013059
0.00221412
0.00504841
0.000524751
0.00365705
0.0123705
0.0128544
0.00264559
0.0044399
0.00209954
0.00182937
0.00492497
0.00987819
0.000787487
0.00213487
0.00314237
0.00241029
0.00546957
0.00155477
0.00289209
0.00430878
0.00172989
0.000837799
0.00337303
0.00578047
0.00126159
0.00383675
0.00174539
0.0015271
0.00138238
0.00128036
0.00056592
0.0311131
0.00240671
0.00140346
0.00945461
0.00206929
0.0014686
0.00244057
0.000375189
0.00534366
0.00223345
0.00565891
0.000662614
0.000265885
0.011437
0.000434032
0.000481738
0.00358528
0.000775732
0.00384528
0.00178576
0.0020752
0.00983721
0.00135076
0.00947179
0.00331636
0.00795489
0.00158373
0.00149409
0.00970721
0.000674309
0.00282141
0.00103142
0.0065088
0.00912179
0.00882045
0.00527913
0.000467949
0.00393741
0.00956607
0.00139598
0.0015574
0.00238512
0.00738724
0.00163752
0.00223852
0.000919318
0.00319975
0.00333087
0.0034081
0.0012017
0.0052686
0.00999581
0.00622229
0.0020232
0.00199212
0.0115195
0.00468695
0.00402617
0.00236515
0.00351962
0.00108552
0.00446902
0.00682875
0.00413776
0.00853338
0.00041384
0.0043991
0.00244025
0.00154267
0.00564488
0.00129689
0.000922876
0.00420459
0.00267911
0.00299738
0.00345526
0.00248165
0.00407824
0.00726283
0.00243409
0.00222202
0.00201555
0.00245025
0.00218071
0.000259986
0.00215956
0.00401088
0.00331882
0.0016204
0.00204589
0.00356236
0.00225154
0.000614185
0.0019038
0.0112669
0.00279729
0.00605633
0.00398477
0.0125414
0.00193369
0.00451751
0.00218088
0.00201628
0.00362416
0.00411063
0.000615089
0.00913213
0.00469741
0.00291941
0.00772679
0.00237229
0.000785387
0.00235132
0.00422527
0.00112644
0.003902
0.00107623
0.00566258
0.00372736
0.00247928
0.00018776
0.00534171
0.00211317
0.00727201
0.00628659
0.00473231
0.000824637
0.00478131
0.000603648
0.00120047
0.00451488
0.00110755
0.00385293
0.00123328
0.0014702
0.00274047
0.00188452
0.00232321
0.00183454
0.0030672
0.00164336
0.0333833
0.00646914
0.00197513
0.00652537
0.00287712
0.00105922
0.000628846
0.00841593
0.00161658
0.00111511
0.00290233
0.00240338
0.00749561
0.00400278
0.000755656
0.00485191
0.00349393
0.000932903
0.00126323
0.00949026
0.00357212
0.00222412
0.0104644
0.00487253
0.00138289
0.00912123
0.00195175
0.00265817
0.00351257
0.000612187
0.00407162
0.00453422
0.00087188
0.00645935
0.00119831
0.0216144
0.0030713
0.00578543
0.00357109
0.0054869
0.0020713
0.00203903
0.0063531
0.0174218
0.00332373
0.00153237
0.00382757
0.00819341
0.00606104
0.005389
0.00130825
0.000469485
0.00129782
0.0116755
0.00552979
0.00159099
0.00135498
0.00704656
0.00506617
0.00958104
0.00252049
0.000958061
0.000308162
0.00420364
0.00277369
0.00210044
0.00507836
0.00224392
0.00409009
0.00239761
0.00326772
0.00238773
0.0057459
0.000454331
0.00382915
0.00756796
0.00515241
0.00722036
0.0251919
0.000438317
0.00217197
0.00271836
0.0035954
0.00565147
0.00176818
0.0101543
0.00282653
0.00300144
0.00162173
0.000277081
0.00214876
0.00329225
0.00134204
0.00321879
0.0012114
0.00521972
0.00324195
0.00203141
0.00428819
0.00159111
0.00527788
0.0138273
0.00231196
0.00967647
0.00219669
0.0123667
0.00839556
0.00133675
0.00337584
0.0107702
0.00192276
0.0018909
0.00228931
0.00175959
0.00094494
0.0069214
0.000355241
0.00192189
0.00163973
0.00646271
0.00288729
0.00124335
0.00553887
0.000317346
0.003569
0.0046544
0.00408624
0.00584393
0.00109345
0.00698306
0.00753106
0.00384749
0.00183614
0.0028595
0.00164246
0.00465081
0.00318337
0.000788478
0.0025342
0.0147172
0.0049808
0.00706683
0.00049599
0.00478585
0.0023808
0.00173399
0.00269442
0.0083313
0.00553375
0.00465338
0.00200412
0.00101514
0.00157397
0.00367526
0.00154239
0.000827131
0.00880623
0.0139678
0.00216768
0.00184334
0.00204977
0.00318657
0.0100548
0.000249055
0.00326672
0.00253004
0.00407003
0.00170025
0.00485622
0.00597961
0.00403723
0.00306996
0.00181787
0.00572386
0.00350616
0.00260362
0.00139099
0.00298953
0.00180808
0.000511964
0.00659864
0.00467423
0.000691755
0.00340148
0.00183764
0.00105425
0.00335718
0.00239695
0.00725889
0.00238415
0.00485435
0.000788016
0.00196372
0.00585638
0.00067859
0.00060535
0.00336459
0.0044864
0.00150608
0.00282123
0.00320184
0.00533994
0.00729707
0.00144054
0.00128605
0.00356742
0.0101949
0.00534096
0.00100427
0.00451451
0.00204628
0.00132687
0.00487233
0.000356768
0.000953693
0.00305687
0.00277219
0.00251379
0.00413586
0.00445463
0.00586772
0.00273196
0.00120555
0.00514957
0.00205839
0.00187002
0.00527889
0.00142512
0.00241185
0.00504398
0.00368194
0.0106592
0.0125297
0.000951417
0.00461269
0.00175205
0.00216857
0.00154023
0.000246329
0.00362902
0.00435229
0.00251023
0.000692651
0.0016387
0.0030953
0.00167116
0.0170126
0.00173205
0.000802272
0.00771053
0.00672115
0.00330038
0.00491084
0.000450592
0.00264203
0.00459522
0.00436497
0.00500199
0.00149457
0.00162753
0.00369269
0.00272868
0.00397581
0.00534975
0.00627317
0.0018999
0.00476881
0.00974288
0.00604198
0.00126425
0.00084256
0.00356738
0.00705019
0.00152851
0.000752912
0.00615531
0.00248943
0.00161043
0.0268509
0.00137349
0.00121293
0.00325111
0.00339603
0.00271688
0.00084359
0.00308236
0.00442452
0.00437373
0.00839007
0.00315985
0.00114132
0.00258444
0.0112609
0.001475
0.00118481
0.0013482
0.00225554
0.00844623
0.004938
0.00142579
0.00205229
0.0102672
0.00191387
0.000704332
0.000822464
0.00167238
0.0035755
0.00434326
0.00251739
0.00142495
0.0027591
0.00177567
0.00230846
0.000908019
0.00100866
0.000814762
0.00266009
0.0112652
0.00362928
0.00182999
0.00136124
0.00165777
0.0305922
0.0136993
0.000465827
0.00193513
0.00287963
0.000721163
0.00129117
0.00320848
0.00298818
0.00420045
0.00178557
0.00506587
0.00242593
0.00536261
0.0313862
0.00311506
0.00312493
0.0044428
0.00263947
0.00140861
0.0130386
0.00625237
0.00181614
0.00285016
0.000835076
0.00342768
0.00129604
0.00195028
0.00918547
0.00511385
0.000590907
0.00681541
0.002327
0.00232701
0.0113333
0.0143408
0.00126486
0.00349022
0.00718659
0.00234044
0.004931
0.00246696
0.00128847
0.00186079
0.00921121
0.00446112
0.000887523
0.00266823
0.000788911
0.000940981
0.00277823
0.00736616
0.00158754
0.00282363
0.00877138
0.00102084
0.00222498
0.00288252
0.00169072
0.00444857
0.00695481
0.000981972
0.00482544
0.00213338
0.00390453
0.00258163
0.016482
0.00746125
0.00347017
0.00483676
0.00120162
0.00505375
0.0053128
0.000939536
0.00723236
0.00297804
0.00501313
0.00413572
0.00464275
0.00302787
0.00554538
0.00147626
0.00269299
0.00495973
0.0101613
0.000878468
0.00241747
0.00194896
0.00565194
0.000681395
0.00140712
0.00683317
0.00141833
0.00672977
0.00160488
0.0109633
0.0103396
0.00272132
0.00257903
0.00287013
0.0108442
0.00119177
0.00199392
0.00220038
0.00686047
0.00223643
0.00238436
0.00549027
0.00260769
0.000230181
0.00496843
0.000929962
0.000590502
0.00100429
0.00181473
0.00270931
0.00110083
0.00100026
0.000905064
0.0142361
0.00375784
0.00151219
0.0070645
0.0127989
0.00243122
0.00416877
0.00699837
0.000963398
0.00471395
0.00244915
0.00387083
0.00440532
0.00140697
0.0026728
0.0123171
0.00182043
0.00112968
0.00428803
0.00155076
0.00177942
0.00106664
0.0026251
0.00201615
0.00301086
0.000382499
0.00407007
0.000716156
0.0185921
0.000520917
0.00571371
0.00401758
0.00358672
0.00195881
0.00272377
0.00281815
0.0016268
0.00299384
