0.00376767
0.014409
0.00564655
0.00321946
0.0146867
0.00412624
0.00730923
0.00157744
0.00707499
0.00209117
0.00775068
0.00288117
0.00624576
0.00797085
0.00197653
0.00493602
0.00358533
0.00508063
0.00474807
0.00430153
0.00386584
0.00868037
0.00624498
0.0042932
0.00577514
0.00508456
0.00194167
0.00413313
0.000446296
0.00125328
0.00238383
0.00348363
0.00331039
0.000948569
0.00333866
0.00507538
0.0070759
0.00312025
0.00126314
0.00934454
0.00190518
0.00537658
0.00180433
0.00647331
0.00388167
0.0063991
0.00307887
0.00943178
0.000531097
0.0024163
0.0137451
0.00493993
0.00852509
0.00096758
0.00409129
0.00182084
0.00368926
0.00308093
0.00316663
0.00166016
0.0068634
0.00638752
0.000820154
0.00181675
0.00219849
0.00209777
0.00132558
0.00182286
0.00750047
0.00795539
0.00170519
0.00145981
0.00573707
0.000910897
0.00173697
0.00526486
0.00543749
0.00306007
0.00683809
0.00153712
0.00592708
0.00367226
0.00250904
0.00181793
0.00402826
0.00112357
0.0144506
0.0067284
0.0088071
0.00157717
0.00428063
0.00209956
0.00213939
0.00111344
0.00615949
0.00567148
0.00210932
0.00323478
0.00836412
0.00172004
0.00476348
0.00125802
0.00492611
0.0106503
0.00419738
0.0101293
0.00181313
0.00436529
0.00108877
0.00284901
0.00485481
0.000152618
0.00164784
0.00289176
0.0110853
0.00539442
0.00231603
0.00130784
0.000756716
0.00120919
0.00635613
0.00249198
0.0023851
0.00451566
0.00175509
0.0079934
0.00861034
0.00185431
0.00222431
0.0108067
0.00181108
0.00158417
0.00496329
0.0111122
0.0151461
0.00500196
0.00266388
0.00324602
0.00977394
0.00190466
0.00380773
0.00532961
0.00031889
0.00328552
0.00338889
0.00302439
0.00254562
0.00492401
0.000671376
0.00396138
0.00128277
0.00615885
0.00165266
0.000733532
0.000852758
0.0022694
0.0167894
0.00338486
0.00199586
0.00673654
0.00253661
0.00351712
0.0015388
0.00184009
0.00265922
0.000918138
0.0145249
0.00161972
0.00113468
0.00128345
0.00154479
0.00867692
0.00194554
0.00577102
0.0111126
0.00324703
0.00493894
0.00615394
0.00512312
0.00213722
0.00346258
0.00220326
0.00241299
0.0018077
0.000925548
0.00134011
0.00489252
0.00533301
0.00476535
0.00298276
0.0110233
0.0107935
0.00186601
0.00032466
0.00104873
0.00658086
0.00407585
0.0077467
0.00371288
0.00377755
0.00439154
0.00376035
0.0010737
0.0149346
0.00571947
0.000993105
0.00271547
0.00249312
0.00394336
0.00586252
0.00674407
0.00101936
0.00918713
0.00406364
0.00349656
0.00216052
0.00238024
0.00286131
0.0196745
0.0132502
0.000527155
0.00136492
0.00558435
0.0041047
0.00441175
0.0024319
0.00713177
0.00123426
0.00326879
0.00909171
0.00821911
0.00119287
0.0025441
0.000688805
0.00191829
0.0101387
0.00138237
0.00211986
0.00596045
0.0063269
0.00800138
0.00167977
0.00527252
0.00268915
0.00186977
0.00426196
0.00171942
0.00313273
0.008119
0.00316944
0.00299614
0.000788179
0.0028987
0.00764452
0.00236959
0.00353902
0.00361192
0.0084929
0.00300896
0.0125685
0.00550043
0.00381717
0.0112864
0.00116937
0.00179178
0.000588311
0.00513721
0.00201946
0.00340303
0.00492319
0.00363384
0.00171188
0.00747151
0.0107945
0.00510071
0.00219398
0.0115327
0.00100461
0.00418569
0.00219448
0.00311
0.00242173
0.00909659
0.00676806
0.00272791
0.0177642
0.0102645
0.000578614
0.0091784
0.0011556
0.000457665
0.00787436
0.0109784
0.00134489
0.00833312
0.00935721
0.000784325
0.000939515
0.00162352
0.00162051
0.00415225
0.00167439
0.00310761
0.000538853
0.00361675
0.000934462
0.00584119
0.000275795
0.000686089
0.00962475
0.00221947
0.00562124
0.0185721
0.00976123
0.00596384
0.00260757
0.0104765
0.0100245
0.00114082
0.0011056
0.0346986
0.00223739
0.005148
0.00863445
0.00177809
0.00125945
0.00237425
0.000854328
0.00170647
0.0021949
0.00258492
0.00578271
0.000979921
0.00490477
0.000990067
0.00967849
0.00429839
0.0018562
0.000424609
0.00226712
0.000265288
0.012143
0.00398995
0.00288538
0.0010516
0.00202382
0.0023731
0.0012794
0.011518
0.000493023
0.0237083
0.00183727
0.00626486
0.00303195
0.00943838
0.00326918
0.00344164
0.00420943
0.00186827
0.00197207
0.00439417
0.00317749
0.000322724
0.00345187
0.00773673
0.00308352
0.00288861
0.00184969
0.0112585
0.00412972
0.00670196
0.0057753
0.00187226
0.00681096
0.00946016
0.00732478
0.0046307
0.00105255
0.00158372
0.0134377
0.00301597
0.00210469
0.00878236
0.00247906
0.00332607
0.00677722
0.00695616
0.00171303
0.00434806
0.00348162
0.00330247
0.000616049
0.00301303
0.00304433
0.00160445
0.000664626
0.00473623
0.00428642
0.00128206
0.00890465
0.00315864
0.00586876
0.00414292
0.00449254
0.00149773
0.00438877
0.00321534
0.00751449
0.000922605
0.00747841
0.00191657
0.00356131
0.00212254
0.00204539
0.00192542
0.00294022
0.00174887
0.00958492
0.00462844
0.00074353
0.00125856
0.00150194
0.0016411
0.00222889
0.00209209
0.000930304
0.00642099
0.00638243
0.000443162
0.0050547
0.00510312
0.00777099
0.000525775
0.00144774
0.00266346
0.00241001
0.0016672
0.00531167
0.00232083
0.00137496
0.00308797
0.00351181
0.00811891
0.00256991
0.0034111
0.00869832
0.00238882
0.00317554
0.000304091
0.00184219
0.000696005
0.00271625
0.00275293
0.00773109
0.0022667
0.0043411
0.00534807
0.00191214
0.0117825
0.000989861
0.00513434
0.00158061
0.00208491
0.00187053
0.000791161
0.00484907
0.00283344
0.00587387
0.00443472
0.00448122
0.00377171
0.00264369
0.00240884
0.0130033
0.0056989
0.00426071
0.00310116
0.00335428
0.00122614
0.000969273
0.00307152
0.00162156
0.00628316
0.00629408
0.0148324
0.00130681
0.00152583
0.0022212
0.00129747
0.00502507
0.0113747
0.00367475
0.00461607
0.00618268
0.0065491
0.00325329
0.00403071
0.00444688
0.00657382
0.00190935
0.00147399
0.00424657
0.0021359
0.00862215
0.00471806
0.00593937
0.00132315
0.00229499
0.000750341
0.00470011
0.00399247
0.00558019
0.00518849
0.00212695
0.00166642
0.00241035
0.00214815
0.00335492
0.00296677
0.00530182
0.000934253
0.00525267
0.00122668
0.00809588
0.00323902
0.00903506
0.0116537
0.00482593
0.0101666
0.0188208
0.00102978
0.00109079
0.00310126
0.00243751
0.00361766
0.0203524
0.0272436
0.00284785
0.000660719
0.00507927
0.00370173
0.00578166
0.00162666
0.00140195
0.00702603
0.00279776
0.00535175
0.00617094
0.00190345
0.00613335
0.00627016
0.00353631
0.00124164
0.00756437
0.00263519
0.00393235
0.00306912
0.00105895
0.00159451
0.00509526
0.00215996
0.00955859
0.00526047
0.0101175
0.00272102
0.00125392
0.000800648
0.0137881
0.00557595
0.000897182
0.00212055
0.0131781
0.000359386
0.00306591
0.00835633
0.00117898
0.0054951
0.00317638
0.00507939
0.00247524
0.025865
0.00596916
0.000872454
0.00197072
0.00280724
0.00395561
0.00135848
0.00140037
0.00217053
0.0110831
0.00614061
0.00155124
0.000757286
0.00304522
0.0040839
0.00315428
0.014475
0.0033569
0.00169859
0.0131253
0.00732917
0.00287952
0.00314685
0.00471487
0.00486571
0.00168534
0.00468613
0.0107842
0.00165624
0.00547434
0.00366088
0.00115266
0.00159023
0.003542
0.00493196
0.00228101
0.0092251
0.00548979
0.00495806
0.00112593
0.00147504
0.000886813
0.000506199
0.00320226
0.00455633
0.00343289
0.00941751
0.00225723
0.00166317
0.00180657
0.018087
0.0011055
0.013402
0.00877851
0.00787897
0.00177616
0.00457518
0.0134018
0.00506251
0.0117072
0.00432487
0.00414917
0.00131838
0.00411371
0.0115861
0.00319235
0.00428029
0.00915682
0.0145323
0.00576601
0.00518914
0.00186507
0.000427221
0.00577227
0.00215628
0.00276405
0.00804154
0.00443649
0.00228873
0.00435854
0.00432308
0.00831069
0.000350301
0.00418991
0.0047274
0.0046575
0.00284553
0.00734906
0.00216421
0.00268994
0.00402864
0.00765257
0.00230533
0.00190447
0.00662496
0.00569502
0.00518598
0.00685351
0.00572785
0.00268995
0.00422848
0.0195412
0.00359437
0.00294048
0.000971464
0.00280452
0.00786892
0.0188525
0.00243486
0.00906064
0.00544323
0.000146645
0.00526634
0.00872772
0.00425095
0.00767893
0.00162716
0.0037922
0.00201982
0.00767183
0.00780435
0.00751403
0.0115644
0.00223574
0.00208404
0.00369947
0.00564885
0.00498906
0.00205588
0.00116018
0.00330878
0.00753461
0.00375269
0.00286024
0.00926351
0.00111748
0.00186401
0.00707361
0.00141286
0.00534132
0.0024079
0.00289202
0.00462361
0.00130856
0.00142255
0.00536212
0.00166418
0.000558634
0.00260937
0.00639822
0.00166146
0.00107974
0.000698267
0.00131665
0.00411337
0.00890922
0.0143452
0.00255094
0.000635605
0.00140409
0.00958428
0.00373419
0.00526207
0.00460388
0.00604355
0.0142101
0.00124491
0.0101309
0.0041733
0.00201567
0.00852944
0.000647395
0.00419481
0.00305076
0.00139835
0.00972631
0.00936772
0.00348153
0.00522296
0.00115294
0.00192313
0.00125972
0.000872335
0.00129307
0.00133044
0.00454693
0.0067256
0.00245023
0.00854001
0.00136784
0.0113835
0.000444927
0.00241586
0.0067122
0.00229109
0.00521869
0.0126808
0.00263032
0.000895633
0.00384817
0.00877741
0.00083203
0.00233835
0.00879709
0.00322508
0.000482209
0.00237006
0.00240762
0.0128197
0.00192202
0.00324894
0.000653399
0.00484341
0.00583338
0.00255296
0.00414997
0.00238009
0.000459266
0.00288024
0.00558854
0.00668767
0.000907172
0.00311133
0.00906009
0.00247178
0.0126435
0.000959175
0.00247045
0.00284609
0.00514007
0.00202784
0.00754666
0.000684553
0.00769254
0.00555946
0.00336437
0.00968175
0.00156239
0.00363562
0.00524007
0.00699561
0.00155957
0.00208895
0.00094525
0.000642266
0.00508905
0.00195378
0.00684779
0.00183113
0.004152
0.00860317
0.00495978
0.00788135
0.00206897
0.00377077
0.00151814
0.00246664
0.00592892
0.00507859
0.00490947
0.00482723
0.00377147
0.00225272
0.000682213
0.00154849
0.000949923
0.00290447
0.00349442
0.00334312
0.00281731
0.0132798
0.00224371
0.00260732
0.000666177
0.00132574
0.00959378
0.00158699
0.00183684
0.00141969
0.00460253
0.00437221
0.00310927
0.00108177
0.0012974
0.00218316
0.00642566
0.00478709
0.00430629
0.00111941
0.00313537
0.00640278
0.00131431
0.00375528
0.001298
0.00178512
0.00387545
0.00366725
0.000861736
0.00209865
0.000579326
0.00390449
0.00106701
0.00174281
0.00193715
0.00447444
0.008385
0.00229026
0.00281296
0.00469202
0.00139612
0.00156667
0.00255913
0.0095582
0.00975015
0.00491926
0.0017472
0.00277155
0.00219625
0.00453737
0.000768549
0.00301814
0.00405611
0.000585688
0.00665659
0.00352903
0.00662643
0.00653907
0.00241963
0.00296229
0.00401672
0.000985851
0.00365691
0.00124842
0.000849298
0.0017916
0.00508743
0.00301791
0.00350339
0.00237987
0.00570973
0.00213661
0.00540225
0.00313888
0.00290879
0.00552808
0.00239159
0.0124881
0.00438617
0.0034439
0.00671728
0.0097323
0.00376057
0.00483083
0.00163572
0.00088428
0.00303999
0.0014696
0.00534725
0.00114358
0.0129979
0.000164755
0.00411857
0.0028479
0.0013852
0.00402539
0.000847492
0.00426742
0.00550154
0.00218585
0.00712442
0.00735338
0.00278162
0.000945718
0.00121951
0.0032875
0.0075432
0.00433345
0.00400283
0.00242546
0.0141318
0.0102807
0.00623104
0.00162363
0.00271564
0.00107848
0.00665107
0.00277376
0.0158452
0.00257774
0.00231745
0.000404731
0.000480054
0.0082795
0.00528774
0.00153495
0.0062879
0.00587867
0.00492865
0.0045724
0.00154987
0.00166607
0.00882151
0.00916282
0.00230903
0.00151241
0.00380963
0.00358774
0.00160816
0.0201181
0.004363
0.00316852
0.0036515
0.00437661
0.00129192
0.00478399
0.00222441
0.0162928
0.00588964
0.002592
0.00290106
0.00259572
0.0045878
0.00687849
0.00688227
0.00296514
0.0114705
0.00295021
0.0040218
0.00546686
0.00132277
0.00323856
0.0227444
0.00272181
0.00450547
0.00319871
0.00560322
0.00298257
0.00568186
0.000976147
0.0041214
0.00581712
0.0025108
0.00318496
0.00268266
0.00177334
0.00233617
0.00541976
0.0109754
0.0109048
0.00746272
0.00274596
0.00355522
0.00583137
0.00606021
0.00277613
0.00501066
0.00530168
0.0013426
0.00461824
0.00106699
0.00341536
0.00475019
0.00224982
0.00357582
0.00430527
0.00433535
0.00107502
0.00869132
0.0034529
0.00344504
0.0085323
0.00606159
0.00237501
0.00819967
0.00218361
0.00254441
0.00357501
0.00198194
0.00614208
0.0170217
0.00172004
0.0131261
0.0056959
0.00207018
0.00296986
0.00156989
0.00238475
0.000961438
0.00259427
0.00342809
0.00350291
0.00133191
0.0017123
0.00530356
0.00416792
0.00314292
0.00132733
0.0015949
0.00135246
0.00663916
0.00207219
0.00203383
0.00287111
0.00448904
0.00664061
0.00504824
0.00761118
0.00401514
0.00635234
0.00209256
0.00315485
0.0024811
0.00271789
0.00255398
0.00592249
0.00173202
0.0014473
0.00404956
0.00876845
0.00486456
0.00264835
0.00582637
0.00170727
0.00404067
0.00366818
0.00111532
0.00384715
0.00180288
0.000926104
0.00143146
0.00403598
0.0108991
0.0105519
0.00485434
0.0033915
0.00259788
0.00282636
0.0011323
0.000406833
0.00535827
0.00122273
0.00027692
0.00304619
0.00070737
0.00249508
0.0093106
0.00825916
0.00231281
0.00730601
0.00561085
0.00224512
0.00548072
0.00603481
0.00059652
0.00400588
0.0046647
0.00115875
0.00365137
0.00145493
0.00741656
0.013489
0.00115405
0.0013998
0.00463547
0.00722354
0.00693162
0.00470693
0.00292659
0.0123578
0.00235743
0.000917491
0.0270182
0.0121862
0.00432799
0.00314648
0.00385096
0.00126224
0.0481829
0.00333203
0.00256597
0.0062791
0.00289998
0.00360695
0.00165639
0.00353201
0.0109713
0.0194747
0.00136179
0.00564153
0.00372487
0.00427859
0.00278136
0.00466646
0.00466743
0.000739622
0.00381514
0.00223905
0.00485477
0.00495751
0.00280958
0.00111101
0.00437216
0.00263011
0.00151217
0.00126487
0.000333812
0.00107768
0.00968095
0.00401841
0.00258173
0.00615124
0.00505081
0.00842322
0.00159569
0.00403736
0.00230505
0.00315857
0.00184656
0.00145856
0.000616757
0.00813439
0.00435187
0.00815822
0.00602792
0.00528809
0.0145073
0.0030748
0.00280184
0.00454933
0.00340909
0.00931452
0.000870662
0.00197408
0.00249466
0.00995564
0.00937471
0.00200433
0.00112961
0.00914105
0.00283941
0.00674783
0.00369729
0.00334712
0.00208902
0.000777889
0.0118572
0.00158224
0.000607874
0.0013127
0.00419205
0.00180944
0.0106649
0.00170422
0.00822746
0.00123605
0.0172627
0.00136114
0.000877761
0.00131293
0.0518086
0.00319071
0.001259
0.00385815
0.000408154
0.0123298
0.00490334
0.00164363
0.0025518
0.000851825
0.0037759
0.00249819
0.0268503
0.0041317
0.0022919
0.00055847
0.00425487
0.00230051
0.00145076
0.00311527
0.00939772
0.000597407
0.00160221
0.000311165
0.0306683
0.00281493
0.00585031
0.00459879
0.00253506
0.00364837
0.00824472
0.00286642
0.00435112
0.00492514
0.0158236
0.0025295
0.000859064
0.00488203
0.00963667
0.00449613
0.00610045
0.00251676
0.00610559
0.00221912
0.00368631
0.00357773
0.00580649
0.003042
0.0021651
0.000970874
0.00382629
0.00114572
0.00284135
0.0116004
0.00520571
0.00344162
0.00822423
0.00203713
0.0127265
0.00178686
0.00724126
0.00214221
0.00203396
0.00316824
0.00319034
0.00277938
0.00618334
0.0217782
0.0167954
0.00386659
0.00263514
0.00875109
0.00362788
0.00363529
0.00261264
0.00321725
0.00310178
0.00148214
0.00347523
0.00800276
0.00297396
0.000864927
0.00756955
0.00477525
0.00139029
0.00210161
0.00243638
0.00364647
0.00404911
0.00484905
0.00455061
0.00270049
0.00377359
0.00444615
0.00596075
0.0015116
0.00677797
0.00360763
0.00289711
0.0041821
0.0083174
0.0110588
0.000624889
0.00325087
0.00152415
0.00286544
0.00326832
0.00131913
0.00167055
0.0027332
0.00607126
0.00311686
0.00541639
0.00175733
0.00916395
0.00469428
0.00111018
0.00062424
0.0026694
0.00204822
0.0021682
0.00256395
0.00338061
0.0108375
0.00356921
0.0013819
0.00685949
0.00523816
0.00244852
0.00228568
0.000773702
0.00208168
0.000604264
0.00673735
0.001065
0.00204352
0.00191791
0.00202525
0.00106026
0.00130344
0.0108234
0.0050671
0.00449771
0.00203173
0.00209964
0.00833185
0.00196653
0.000816075
0.0041048
0.00291768
0.0108624
0.0039642
0.0032635
0.009016
0.0102876
0.0073443
0.00265622
0.00562268
0.00753741
0.00659322
0.000717024
0.00473524
0.00343843
0.00193053
0.00488594
0.00295809
0.00206127
0.00154472
0.000963752
0.000958804
0.00244818
0.00144047
0.00256803
0.0256032
0.00150458
0.00309242
0.000966362
0.00129505
0.00331792
0.00581211
0.001608
0.00062896
0.0078739
0.00724291
0.00136359
0.00459298
0.00224384
0.0048184
0.000766299
0.00328188
0.0047135
0.00138224
0.000955878
0.00121308
0.0017453
0.0105327
0.00226036
0.00337011
0.00320803
0.0113705
0.0012586
0.000406824
0.00727004
0.0117661
0.0011756
0.00374995
0.00147599
0.00230556
0.00193804
0.0181619
0.00178338
0.00326276
0.00620536
0.0040938
0.000969695
0.00668602
0.00558315
0.010882
0.00481798
0.00153801
0.00510636
0.00215361
0.00352388
0.00139659
0.00183139
0.00708722
0.0062136
0.00170733
0.00609885
0.00138035
0.00257637
0.00348848
0.0104423
0.00235635
0.00158749
0.00502075
0.0209858
0.00157321
0.00244085
0.000991118
0.0045794
0.0094074
0.00854234
0.00084923
0.00272318
0.00457544
0.00342579
0.00316269
0.0184081
0.00176141
0.00159015
0.00902424
0.00122032
0.00237489
0.00166709
0.00394232
0.00165653
0.00178476
0.00296015
0.00257748
0.0041858
0.01861
0.00159879
0.00860215
0.00334614
0.00847588
0.00176413
0.00474595
0.00264013
0.00580818
0.00160468
0.00904118
0.00162235
0.00146596
0.00529237
0.00812471
0.00128873
0.00402101
0.0173164
0.00139266
0.00100046
0.00679108
0.00399197
0.000870142
0.00524307
0.00371254
0.0039359
0.0174216
0.0013948
0.00105401
0.0110886
0.00115167
0.00705484
0.00313285
0.00830966
0.00966763
0.00198741
0.00295377
0.00252632
0.00160443
0.00150688
0.00588572
0.0027271
0.000178953
0.0074806
0.0108817
0.00110574
0.00211433
0.00944749
0.0133523
0.00213728
0.0016657
0.00390863
0.00107391
0.00097994
0.00531196
0.00544299
0.00187226
0.00422545
0.0126624
0.00554729
0.00351392
0.00880482
0.000540476
0.00686986
0.00600161
0.00100528
0.0027002
0.00139127
0.00178304
0.00396683
0.00156883
0.0100543
0.00471276
0.00337022
0.00500777
0.0129416
0.003087
0.00198924
0.00591339
0.00279212
0.0013529
0.00348512
0.0160527
0.00466779
0.00218701
0.00234265
0.00325288
0.00542567
0.000983552
0.00383621
0.00672932
0.00214046
0.00423112
0.00894237
0.00485937
0.00524809
0.0105455
0.00104848
0.000765753
0.00356846
0.00500265
0.00850069
0.00114214
0.00218141
0.00323539
0.00385812
0.000448103
0.00230444
0.00631034
0.00617645
0.00299551
0.0080784
0.00181165
0.00453673
0.0055299
0.006132
0.00769709
0.00542048
0.000957641
0.00208724
0.00259796
0.00382804
0.00348162
0.000881969
0.00169687
0.000275166
0.000604972
0.00971124
0.00491998
0.00121931
0.00210216
0.000951762
0.00247475
0.00474419
0.0028839
0.00291589
0.00499722
0.00391923
0.00540899
0.00274526
0.0139397
0.0168852
0.00300889
0.00381861
0.0019778
0.00219611
0.0100551
0.00407103
0.00725536
0.00579422
0.00251142
0.00148242
0.00380308
0.0108575
0.00941677
0.0028336
0.00122617
0.0049393
0.000622201
0.00211409
0.0036208
0.00316125
0.00404599
0.0097652
0.000475264
0.00116427
0.00138891
0.000600427
0.00399255
0.00335775
0.00325717
0.000916276
0.00432375
0.00384572
0.00489883
0.00358138
0.00086861
0.00683241
0.00159565
0.0157402
0.0010975
0.00436488
0.00219598
0.000848437
0.00578148
0.00220759
0.0274247
0.00145365
0.00350777
0.00446352
0.00379236
0.00419493
0.000653264
0.00254865
0.00516519
0.00505206
0.000621564
0.0209281
0.00745688
0.000877706
0.00420189
0.00475502
0.00430966
0.00158337
0.0091937
0.000777116
0.00450375
0.00528752
0.0033943
0.0013049
0.00133196
0.00893339
0.00500161
0.00897882
0.00545767
0.00638517
0.00236546
0.0111364
0.00718799
0.00449323
0.0017276
0.00207772
0.00618031
0.00202329
0.00134311
0.00224016
0.00358803
0.000855024
0.00522971
0.00588941
0.00330326
0.00979061
0.00146256
0.00237901
0.0053639
0.00229409
0.00589789
0.00593143
0.00405489
0.00849746
0.00111604
0.00212753
0.00487388
0.00197702
0.0067634
0.0276579
0.00551316
0.0013243
0.00285319
0.00197875
0.00291245
0.00453651
0.00141688
0.00387898
0.00234492
0.00560927
0.00410802
0.00208769
0.00561959
0.0029919
0.00703698
0.00447666
0.00221916
0.00389372
0.00298209
0.00231479
0.00901008
0.00304738
0.00205941
0.00575372
0.00202864
0.00310885
0.00473308
0.00467121
0.0013859
0.00106322
0.00341348
0.00600502
0.0044874
0.000876854
0.00372478
0.00113661
0.00522019
0.000779432
0.00073963
0.00818391
0.00161694
0.00224296
0.00388221
0.00346644
0.00532021
0.00317449
0.00161177
0.00468771
0.00299086
0.00724326
0.000293579
0.00236527
0.00159155
0.000897127
0.00481207
0.00267863
0.00107406
0.0130217
0.000480018
0.0019679
0.0077348
0.00122575
0.00348173
0.00275121
0.00340642
0.00129881
0.00739628
0.0101405
0.000759028
0.00767941
0.00955909
0.00163081
0.00372192
0.00288482
0.00631569
0.00613861
0.00275012
0.00381737
0.00291643
0.000457524
0.00411224
0.00196482
0.00291986
0.00222479
0.00245616
0.00335984
0.00670289
0.00737988
0.00534333
0.00523883
0.00549929
0.0164627
0.0042408
0.00203746
0.0034637
0.00699369
0.00171696
0.00144944
0.00538999
0.00303081
0.0032651
0.00187897
0.00201964
0.00797117
0.00119259
0.00124037
0.00577436
0.00287356
0.0051646
0.00652129
0.00431039
0.00460604
0.0042411
0.000719781
0.0121658
0.00177807
0.000734261
0.00440573
0.00210904
0.0115995
0.0169387
0.00496294
0.00207
0.00515946
0.00150152
0.00565237
0.00431028
0.00446132
0.00725818
0.00173042
0.00161241
0.00259211
0.00462367
0.0133615
0.00343629
0.00119171
0.00441438
0.00134107
0.00193104
0.00182962
0.00407995
0.00459077
0.00566304
0.00294791
0.00523567
0.00134182
0.0130226
0.00278181
0.00509051
0.00183516
0.0035204
0.00646305
0.00308539
0.0184423
0.00288256
0.00211758
0.0116809
0.00405516
0.00368032
0.00554709
0.00377987
0.00454144
0.00403755
0.00568072
0.00148281
0.0127238
0.00209735
0.00330217
0.00802481
0.00232262
0.00583601
0.0131693
0.00866456
0.00699063
0.00954206
0.00409206
0.000900336
0.00479453
0.00226299
0.0122914
0.00469039
0.00821133
0.000965442
0.0121206
0.00792243
0.00641035
0.00586624
0.000513061
0.00117949
0.00458903
0.00374635
0.00186103
0.0052808
0.00464417
0.00205229
0.00320496
0.00619193
0.00673794
0.00162313
0.00303479
0.00533189
0.00111496
0.000802713
0.00662224
0.00291287
0.00305534
0.00114645
0.00257207
0.00434664
0.00500092
0.00720057
0.00364189
0.00507729
0.0037043
0.00881868
0.0109944
0.0012593
0.00230488
0.00107197
0.0029269
0.00167656
0.00830092
0.00596846
0.000796583
0.00379319
0.00514842
0.0142766
0.00303837
0.0024898
0.00228867
0.0132391
0.000324426
0.00131957
0.00229277
0.0066713
0.0147549
0.0029014
0.0138019
0.00241483
0.00569858
0.000958443
0.00128875
0.00117906
0.000854212
0.0052661
0.00521044
0.000669822
0.00128118
0.00275595
0.0021542
0.00371578
0.00416456
0.00408339
0.00178308
0.00201222
0.00336352
0.00345613
0.0088747
0.00676375
0.0105922
0.00138989
0.00192447
0.00127345
0.00134966
0.00166825
0.00109727
0.000585095
0.00106504
0.00174598
0.00116846
0.00265662
0.00385789
0.00275015
0.00179056
0.00370949
0.00503873
0.0132412
0.00454431
0.00329097
0.00204541
0.00323992
0.00289668
0.0111451
0.00449095
0.00183524
0.00227429
0.00125704
0.00621087
0.00388071
0.00163949
0.00180674
0.00470473
0.00615941
0.00459438
0.00629865
0.00184242
0.00126471
0.00398569
0.00354249
0.00471552
0.000371456
0.00190641
0.00198749
0.00803533
0.00336009
0.00566794
0.000981943
0.00440582
0.00732607
0.00229996
0.00207975
0.0034164
0.00345511
0.0025691
0.00438893
0.00107671
0.0015017
0.00362238
0.00100583
0.00326812
0.00660093
0.0050909
0.00217133
0.0049235
0.00788125
0.00302396
0.00503567
0.00371593
0.0045525
0.00334226
0.00250982
0.00174822
0.00267012
0.00154798
0.00551806
0.00190261
0.00453956
0.00180522
0.0108394
0.00127624
0.00346956
0.00217422
0.00384189
0.00878038
0.000676658
0.000936229
0.00313231
0.00232055
0.00265362
0.00204888
0.00166034
0.00322181
0.0101957
0.00395124
0.00238266
0.00110535
0.00417902
0.00344093
0.00152038
0.00117422
0.00403578
0.00182073
0.0254492
0.00367263
0.00333
0.000995967
0.00638799
0.0122903
0.00115373
0.0193472
0.00718168
0.00286156
0.00309306
0.00247509
0.00127021
0.00766199
0.00285585
0.000615377
0.00272746
0.00414829
0.00453044
0.0042923
0.000493061
0.00172594
0.000961627
0.00193627
0.00776507
0.000394382
0.00111843
0.00455355
0.00229493
0.00345539
0.00368799
0.00321131
0.002776
0.00430295
0.00389818
0.0111364
0.0051525
0.0110634
0.00315719
0.00325309
0.00106096
0.00588462
0.00152396
0.00140837
0.00600944
0.00518925
0.00426265
0.00976295
0.0031225
0.00266143
0.00152299
0.00362525
0.00203882
0.00465432
0.00740899
0.022858
0.00301424
0.00492312
0.00916453
0.0113641
0.00276543
0.0127532
0.0324312
0.00420663
0.0121676
0.000169338
0.00422129
0.00119549
0.00530599
0.00959129
0.00315574
0.00610436
0.000974672
0.00122199
0.00208814
0.00382772
0.0153877
0.0100498
0.0115054
0.00526906
0.00418444
0.00227426
0.00532954
0.0039046
0.00988739
0.000501711
0.00300139
0.00335051
0.00113974
0.00279673
0.00562008
0.00709563
0.00487455
0.00306214
0.000641157
0.00150546
0.0091133
0.00286921
0.0013605
0.00239639
0.0119048
0.00475899
0.00475257
0.012315
0.00156572
0.00162378
0.00524202
0.0163502
0.00414957
0.00359019
0.00324188
0.00222346
0.00641375
0.00327531
0.00374992
0.00295968
0.00658121
0.0024763
0.000832648
0.000959043
0.00477759
0.00120329
0.00493553
0.00103413
0.0085295
0.000716757
0.00541693
0.00175084
0.0098614
0.00116825
0.00721183
0.00585822
0.0131153
0.00106765
0.00617987
0.00327364
0.00500629
0.00131626
0.00273707
0.017058
0.00154608
0.00254579
0.00254447
0.022192
0.00793291
0.00200262
0.00230431
0.00876323
0.00405093
0.00160622
0.00272821
0.00287808
0.00542718
0.00271413
0.00324712
0.00308618
0.00256933
0.00270775
0.00323651
0.000606502
0.000839651
0.000566213
0.00779818
0.0246175
0.00146252
0.00165974
0.00203884
0.00345579
0.00264128
0.00401433
0.00149908
0.00104047
0.00908979
0.018588
0.00257606
0.0032444
0.008414
0.00138403
0.00176083
0.000235838
0.00290938
0.00446413
0.00152302
0.00150878
0.00149075
0.01324
0.00700713
0.00207939
0.00736274
0.00236569
0.0137867
0.00451653
0.000901738
0.00525163
0.00414333
0.00137714
0.00916218
0.00536976
0.00324543
0.00586502
0.00167559
0.00158497
0.00831333
0.00282865
0.0149201
0.00380134
0.00396101
0.00795969
0.0126256
0.00509255
0.011361
0.00491671
0.00135099
0.00410524
0.00174114
0.00290167
0.00273685
0.00841006
0.00148722
0.0145916
0.00338512
0.00144401
0.000258367
0.00537625
0.001935
0.00280781
0.000617983
0.0053899
0.00608284
0.00230232
0.000720062
0.000772505
0.00396094
0.0010439
0.00141941
0.0038034
0.00551745
0.00255768
0.00412102
0.00247965
0.0011887
0.000581764
0.00186641
0.0028568
0.00190722
0.00109898
0.00270786
0.000912117
0.00236949
0.0137699
0.0134429
0.00451779
0.00626039
0.00456434
0.0104624
0.00271853
0.00427376
0.00351266
0.00377589
0.00101139
0.00332434
0.00481856
0.00443805
0.00149511
0.0033014
0.000576553
0.00302564
0.00137191
0.00240657
0.00284101
0.00198286
0.00260591
0.000552405
0.004243
0.0197996
0.00515217
0.00132891
0.00861441
0.00140504
0.00412798
0.00109297
0.00541662
0.00745199
0.0156089
0.006444
0.000879605
0.00056348
0.00253108
0.00491817
0.00595211
0.00311962
0.00387555
0.0055942
0.00444152
0.00150997
0.00513996
0.00166486
0.00238368
0.00588343
0.00125558
0.00454117
0.003602
0.0188396
0.00736836
0.00440348
0.00559753
0.00227095
0.0145903
0.00816277
0.0019018
0.00192862
0.0025476
0.00232597
0.00331855
0.00346972
0.0011232
0.00199366
0.00637097
0.00213348
0.00690949
0.00085859
0.00159852
0.00265779
0.00226982
0.00554481
0.00383491
0.00186443
0.00604212
0.00241698
0.00170656
0.00092742
0.00121326
0.0066784
0.000406051
0.00482771
0.00166811
0.00151069
0.0275186
0.0014882
0.00122845
0.00284851
0.00235161
0.00100081
0.00467383
0.00093002
0.00366758
0.00451712
0.00183216
0.00201013
0.0100445
0.00262494
0.0104277
0.0180496
0.00816867
0.00341165
0.00261187
0.00322954
0.0155652
0.00112577
0.00254848
0.00510045
0.00514126
0.00340052
0.00415814
0.00409196
0.0102509
0.00485124
0.00121609
0.00269077
0.0136126
0.005494
0.00387107
0.0118988
0.00140041
0.00518158
0.000998465
0.00344872
0.0028523
0.010163
0.00405014
0.00062561
0.00513799
0.0050681
0.000164823
0.00138586
0.00666459
0.00147878
0.00402592
0.00218556
0.00731861
0.00261321
0.00309189
0.00148519
0.00161021
0.0119043
0.00334611
0.00607423
0.00534569
0.00137034
0.0035902
0.00218307
0.000230737
0.00843168
0.00204825
0.00611413
0.00337138
0.00189457
0.00452238
0.0113362
0.0102181
0.000157998
0.00218067
0.0040859
0.0164793
0.00776451
0.00227111
0.00582986
0.00245
0.00564865
0.00172922
0.00318985
0.00511005
0.00223524
0.00245578
0.00135822
0.00218007
0.0048815
0.00337555
0.00120267
0.00680677
0.0054313
0.00448199
0.00310743
0.00147731
0.00257042
0.00270831
0.00411701
0.00207656
0.000837838
0.00225615
0.00668724
0.00326354
0.0053971
0.00198213
0.0058555
0.00217746
0.00109638
0.00541079
0.00428843
0.000860394
0.00397136
0.0108414
0.00319233
0.00574351
0.00171662
0.00317901
0.0111822
0.0121288
0.00375685
0.00526385
0.00482385
0.0270048
0.00604079
0.0022096
0.019409
0.00317592
0.00125989
0.00487034
0.00414861
0.000764684
0.0107409
0.00226858
0.0047107
0.00688058
0.00235357
0.00496921
0.00104458
0.0100475
0.000484564
0.000876471
0.00309413
0.00588498
0.00166242
0.00660547
0.000812714
0.00286128
0.00256098
0.00255862
0.00811151
0.00108121
0.00374436
0.0152582
0.00220001
0.0132654
0.001921
0.00151284
0.00213048
0.00248981
0.0111865
0.00238986
0.00365378
0.00149448
0.00327156
0.0025714
0.0137662
0.00448118
0.00605933
0.000833564
0.00605757
0.00171519
0.00651986
0.0044567
0.000318787
0.00184692
0.0031237
0.00823593
0.00562909
0.000274793
0.00216314
0.0060748
0.00278698
0.00206787
0.00403415
0.00421936
0.00522451
0.000340933
0.00228355
0.000975646
0.0011286
0.00333924
0.00812909
0.00261188
0.00632845
0.0115337
0.00380338
0.00137129
0.000396408
0.00202358
0.00364016
0.00742419
0.00213943
0.00921766
0.0026343
0.0233282
0.0122903
0.00245195
0.00372331
0.000744136
0.000276242
0.00247279
0.00540771
0.00150092
0.00150357
0.00351338
0.000695448
0.0090786
0.00423292
0.00235556
0.00447214
0.00527365
0.0010803
0.00197751
0.00244925
0.000963381
0.00454471
0.00330557
0.00290413
0.0139426
0.00199772
0.00337115
0.00243052
0.00489922
0.00905013
0.00121906
0.00330649
0.00507782
0.0133519
0.00768601
0.000953394
0.00556684
0.0100764
0.000891206
0.00907938
0.003518
0.00276791
0.00530653
0.00106636
0.00893301
0.00231958
0.0154718
0.00445279
0.00647783
0.00340066
0.00201461
0.000354823
0.00384759
0.0063139
0.00205306
0.00162589
0.00349299
0.00102867
0.00230957
0.00158617
0.00405238
0.00307576
0.00536467
0.00209451
0.00463844
0.00202988
0.00419088
0.00311197
0.00264534
0.00604573
0.00257645
0.000650871
0.00701469
0.0028429
0.00288437
0.00354064
0.0113167
0.0042359
0.00455682
0.00391614
0.00373209
0.00309548
0.00117848
0.00241268
0.00142662
0.00325437
0.00205841
0.00191983
0.0038773
0.000732733
0.00481741
0.00502926
0.00634527
0.00125173
0.00151382
0.00193104
0.00203311
0.00154226
0.0056662
0.00591746
0.002835
0.00376107
0.00647746
0.00415651
0.00817546
0.0015241
0.00256742
0.00413535
0.00376708
0.000838456
0.000937329
0.00713011
0.000335824
0.00103849
0.018542
0.00116249
0.0020276
0.00286128
0.00123804
0.0014648
0.000805166
0.00158895
0.00162064
0.00227008
0.00327484
0.0025444
0.00245718
0.00374085
0.00116674
0.00511262
0.00165568
0.00424673
0.0176887
0.00575206
0.00393811
0.00373491
0.00567525
0.00285793
0.000563036
0.00660626
0.00194082
0.00155939
0.00545563
0.00459253
0.00281705
0.00169671
0.00485752
0.0137851
0.0117418
0.00218761
0.00344777
0.00149574
0.00119317
0.00169173
0.00221746
0.00397224
0.00182654
0.00602592
0.0101447
0.00528476
0.00215015
0.00386715
0.00540603
0.00281022
0.0143695
0.00111491
0.00699559
0.00444071
0.00148025
0.00882983
0.00367464
0.0102009
0.00214428
0.000788607
0.00992551
0.00703896
0.00593177
0.00630345
0.00824867
0.00319912
0.0039413
0.000323515
0.0184987
0.00168818
0.0036524
0.00849268
0.00567993
0.00479863
0.000202528
0.00746977
0.00703939
0.00874479
0.016589
0.0019109
0.0040724
0.0237552
0.00180939
0.00247074
0.00182596
0.00633828
0.0057707
0.00323863
0.000642701
0.00773464
0.0053044
0.0124026
0.00133236
0.00306858
0.0111552
0.00276409
0.00528677
0.0015887
0.00568666
0.00161815
0.00276411
0.0141144
0.00301429
0.0160165
0.00060822
0.00303422
0.00217313
0.00596565
0.00401926
0.00180292
0.00321312
0.00538383
0.000789999
0.00246029
0.00577802
0.00339268
0.00994892
0.00346666
0.00461906
0.0246556
0.0301184
0.00303661
0.00456936
0.012576
0.00233292
0.00286313
0.0117458
0.0158154
0.00886352
0.00193617
0.00137033
0.00136436
0.0046526
0.0019007
0.00347799
0.00251473
0.0093945
0.00314057
0.00619826
0.00220205
0.00285898
0.00292479
0.00960688
0.00840412
0.00447534
0.00912199
0.000353135
0.00425556
0.00339056
0.00320501
0.00418597
0.0267141
0.0156374
0.00158298
0.00243656
0.00348724
0.000847712
0.0033836
0.00258921
0.00491787
0.00226684
0.00343024
0.00115937
0.0104279
0.00357251
0.00161645
0.015226
0.00275942
0.00107485
0.0036233
0.000849159
0.00408711
0.0127198
0.00378376
0.00426037
0.00348833
0.00154072
0.00244828
0.0142313
0.00234718
0.00249661
0.00117169
0.0037982
0.000560385
0.00802329
0.0129778
0.00144727
0.00112809
0.0013884
0.00110229
0.0060046
0.00318688
0.0060482
0.00280376
0.00397127
0.00299426
0.00146829
0.000750512
0.00724782
0.00610005
0.00432091
0.00536458
0.00291519
0.00463806
0.00291574
0.00495286
0.00413516
0.0025699
0.00413999
0.00459946
0.0103255
0.00495197
0.0016928
0.000735081
0.00680527
0.00317249
0.00843168
0.0016195
0.0025848
0.00486941
0.00748916
0.00322229
0.00293862
0.0104163
0.00512854
0.00172673
0.0101124
0.00398504
0.0202221
0.0102773
0.00208235
0.00234665
0.00828269
0.00993895
0.00795163
0.00238379
0.00402293
0.00436036
0.00623689
0.00133703
0.0065172
0.00669439
0.00679401
0.00472209
0.00365813
0.00238416
0.0101491
0.0039755
0.00762098
0.00386081
0.00306202
0.0019466
0.00179488
0.000935357
0.00962095
0.00496998
0.000676427
0.00132547
0.00591727
0.00917316
0.00436076
0.00317116
0.00135108
0.00301325
0.00190858
0.00239858
0.000544492
0.0034876
0.00202998
0.00234564
0.00229182
0.00252654
0.00140115
0.027821
0.00778562
0.00449054
0.00266866
0.0104369
0.000240478
0.00380905
0.00199686
0.00553435
0.00129841
0.00235128
0.0015795
0.00127767
0.00543621
0.0110143
0.00149809
0.00107197
0.00116489
0.00334121
0.000727262
0.00374443
0.00139341
0.00638175
0.00409429
0.00490826
0.00176291
0.00123671
0.00393578
0.00641876
0.00802339
0.00210739
0.00146833
0.001783
0.00421043
0.00265486
0.00505193
0.00641046
0.00377785
0.0014832
0.00400328
0.010174
0.00158144
0.0226145
0.00341868
0.00276277
0.0100385
0.0024826
0.00231261
0.00309495
0.000953821
0.00697669
0.00442711
0.00249618
0.000506538
0.00218869
0.00215433
0.00762801
0.00291511
0.00404281
0.00886638
0.00267534
0.00127173
0.00787184
0.00713068
0.00630286
0.0005737
0.00338746
0.00694474
0.0184607
0.000972923
0.00405387
0.00286764
0.00755369
0.00462798
0.000431574
0.00285241
0.00437853
0.00381646
0.00384864
0.00365668
0.000964722
0.00728724
0.00501452
0.00503068
0.00659257
0.0104951
0.000450265
0.00159178
0.000796146
0.00274846
0.00651845
0.00822565
0.00248025
0.00162354
0.0104519
0.00249814
0.00073674
0.00226192
0.00166804
0.00390653
0.000940938
0.000768132
0.0101964
0.00805516
0.00127202
0.00431745
0.00449008
0.00807056
0.00153876
0.00777488
0.00142953
0.00287074
0.00471898
0.0044597
0.0036388
0.00678211
0.00408175
0.0143274
0.00346404
0.00154276
0.0138827
0.00420856
0.0048343
0.00104302
0.001375
0.00240669
0.00179476
0.00222572
0.00199491
0.00137706
0.00230149
0.00269418
0.00609119
0.00373562
0.00136128
0.000317532
0.00644586
0.0023137
0.00442549
0.000716293
0.0149059
0.00321067
0.00507557
0.00595082
0.00182175
0.00277814
0.0071432
0.000825726
0.00290611
0.00375836
0.00900039
0.00214134
0.000994246
0.014409
0.00146311
0.00302713
0.0130863
0.00585588
0.000978967
0.00473562
0.0147073
0.00215882
0.000861612
0.0019198
0.00429028
0.00173989
