0.000831366
0.00281011
0.00135463
0.000832659
0.000595778
0.000611397
0.00075637
0.00117253
0.00169581
0.00139352
0.00153278
0.000515216
0.00242693
0.00102052
0.00113697
0.000206025
0.00227702
0.00145876
0.00394961
0.010274
0.000146142
0.00122921
0.00124728
0.000888718
0.00135806
0.00494092
0.000902147
0.00032065
0.00218651
0.00118117
0.00225521
0.0013012
0.000576734
0.000588415
0.00207739
0.00194841
0.000917746
0.000750589
0.0143195
0.00185031
0.00137319
0.00231357
0.00195617
0.00814372
0.00257761
0.00255092
0.00738144
0.00231633
0.0348547
0.00456536
0.00457198
0.00198373
0.00203784
0.00216505
0.00108248
0.00175474
0.000953784
0.00119835
0.0012765
0.00157371
0.0016135
0.00154895
0.00157069
0.0013151
0.00172039
0.0048279
0.000907472
0.000297766
0.00128983
0.00125602
0.000611051
0.00186588
0.00168452
0.000549174
0.00154821
0.000574984
0.0132053
0.00180044
0.00130617
0.00149338
0.000827349
0.0167242
0.00201966
0.0022515
0.00125881
0.001111
0.00185771
0.000987849
0.00199147
0.000476848
0.000987275
0.000741263
0.00186222
0.00110721
0.00156338
0.00165058
0.00071336
0.00168383
0.000473059
0.00123045
0.000964685
0.00134162
0.000578355
0.00525311
0.0026701
0.00182101
0.00389887
0.00126823
0.00244929
0.00130028
0.00090375
0.0024199
0.00105685
0.000351827
0.00493942
0.00135327
0.00342903
0.00093006
0.00247228
0.00261718
0.00113658
0.000445247
0.00180448
0.000582524
0.00135141
0.000636784
0.000836038
0.00209428
0.00137349
0.00153656
0.000298066
0.000444858
0.000352406
0.000381109
0.00142033
0.00038286
0.000996773
0.00220585
0.00359589
0.0028553
0.00165313
0.00134764
0.00138
0.00223468
0.00367102
0.00511927
0.00113481
0.0010283
0.00119186
0.00152472
0.000873404
0.00123307
0.00192691
0.000872008
0.00162416
0.000740533
0.00157937
0.00213654
0.00166574
0.00100805
0.000840387
0.00337897
0.00569914
0.0103429
0.00107258
0.000412022
0.000583851
0.000860315
0.000996071
0.000932386
0.000907613
0.000573007
0.00220969
0.00208935
0.00101428
0.00147462
0.000879985
0.00279831
0.000900901
0.000652914
0.0012474
0.00326698
0.00162185
0.000682821
0.00193424
0.00177202
0.000903786
0.000265879
0.000267463
0.00092104
0.000976018
0.00034059
0.071378
0.00338135
0.00437495
0.000929617
0.000479649
0.00237789
0.0015186
0.00340746
0.000632491
0.00255196
0.000842055
0.000969471
0.000833437
0.00147086
0.00351391
0.00155846
0.00114584
0.00216052
0.000946975
0.00287781
0.000313412
0.00127322
0.00120118
0.00236423
0.000426891
0.00339607
0.00156032
0.000944847
0.000951064
0.00237796
0.00126452
0.000367989
0.00741019
0.000971645
0.000395284
0.00121114
0.00113554
0.00101172
0.0140782
0.00127628
0.0063975
0.00445674
0.00147521
0.00483039
0.00142435
0.00237454
0.000660461
0.00145301
0.00100377
0.00226254
0.00221403
0.000496168
0.000967714
0.00157483
0.000365735
0.000854273
0.00019064
0.00186633
0.00158767
0.00178804
0.00127928
0.00224637
0.00946957
0.00130733
0.000901468
0.00267377
0.00152508
0.000571592
0.000384825
0.000844181
0.00269862
0.00131871
0.000971502
0.00257294
0.00263757
0.00115566
0.001554
0.00117284
0.00135743
0.00108332
0.000757967
0.00123925
0.00215587
0.000421834
0.00316592
0.00132974
0.000246425
0.00129565
0.00050763
0.000748304
0.00100844
0.00142433
0.000595095
0.00315605
0.000936211
0.00181508
0.000891989
0.00311743
0.00148674
0.000245403
0.000501444
0.0019145
0.00197236
0.000580311
0.000796638
0.00279089
0.0026987
0.000982807
0.00236669
0.00190903
0.00122711
0.00235164
0.00113159
0.00215553
0.000546254
0.0008903
0.000679143
0.00126267
0.00209614
0.0022612
0.000243214
0.00114056
0.00149366
0.00400276
0.00210162
0.000900214
0.00285912
0.000371669
0.00176129
0.000835588
0.000559812
0.000969829
0.00066165
0.0014014
0.00292473
0.00180844
0.00278672
0.000859223
0.000577812
0.00105282
0.00235005
0.00315824
0.00158106
0.00190862
0.00201804
0.00154599
0.00206818
0.00117797
0.011321
0.00541668
0.00270177
0.00124361
0.00215539
0.00145272
0.00143872
0.000229633
0.00102146
0.00149533
0.00585356
0.00136359
0.00112442
0.0012074
0.00112722
0.00027092
0.00147164
0.00142125
0.00227277
0.00107697
0.00092425
0.000578694
0.0017343
0.00423271
0.00168876
0.00134475
0.00145196
0.00854975
0.00128854
0.000814232
0.00390368
0.00140987
0.00109041
0.000141203
0.00292697
0.00144926
0.000910524
0.000649054
0.0017907
0.00147222
0.00141659
0.000953471
0.00115165
0.00309104
0.000951657
0.00167954
0.00438199
0.000933034
0.00162258
0.0012548
0.00671825
0.00188621
0.0041787
0.0038563
0.0053941
0.00119144
0.00223833
0.00295389
0.000706683
0.00142426
0.0017561
0.000363373
0.00417971
0.00249518
0.00108525
0.000927949
0.00106336
0.00410749
0.00137891
0.00243334
0.00172197
0.00155353
0.00105124
0.00128569
0.00157647
0.00104434
0.00130713
0.00061051
0.00092099
0.00212928
0.00112211
0.000385749
0.00172889
0.00103546
0.00249205
0.000749965
0.00209726
0.000435081
0.00255712
0.00151359
0.000590889
0.000955477
0.00241499
0.00259801
0.00153765
0.0011233
0.00268934
0.00122824
0.00142449
0.00148818
0.00259878
0.00141352
0.00212805
0.000996412
0.00535659
0.000681905
0.000784016
0.00134663
0.00154181
0.00338043
0.000792346
0.00242435
0.00458852
0.00115224
0.00114759
0.000632321
0.00118347
0.00126441
0.00758725
0.00157591
0.00163471
0.0035615
0.00100343
0.00108088
0.000635981
0.0118966
0.00161129
0.000836563
0.00100077
0.000850196
0.0012201
0.000519397
0.000694373
0.00251667
0.00383038
0.0011113
0.00185857
0.0017101
0.00145298
0.009035
0.00540818
0.00118042
0.00191867
0.000884902
0.00061158
0.018043
0.00193812
0.0015567
0.00152229
0.000928582
0.000829552
0.000701903
0.00933074
0.00104924
0.000643799
0.00271553
0.00131378
0.0017437
0.00122149
0.00449458
0.00141557
0.000859891
0.00265493
0.00271749
0.00147102
0.000942373
0.00167928
0.0013941
0.00411079
0.000303136
0.00366355
0.000395739
0.00160103
0.000987575
0.00183336
0.00261873
0.000986292
0.00140668
0.00100874
0.000276827
0.000826505
0.000935603
0.000832783
0.00150551
0.00179272
0.00113024
0.000608776
0.0249239
0.00229395
0.000581552
0.000475921
0.00151447
0.00220435
0.00103678
0.00112862
0.00193424
0.00097872
0.00369703
0.00284639
0.000837185
0.0023642
0.00110949
0.00409054
0.000850467
0.00162953
0.00211713
0.000891842
0.000926898
0.00115657
0.00150847
0.00153571
0.00151759
0.00181496
0.00121935
0.00466496
0.00167944
0.00104087
0.000754065
0.00248483
0.000571683
0.00184426
0.000774957
0.00243173
0.00188745
0.00272143
0.000864593
0.00286794
0.00540037
0.00247925
0.00141112
0.0012388
0.0145702
0.00221368
0.00105377
0.00180049
0.00045952
0.00148123
0.000479675
0.00226893
0.00106509
0.00109059
0.00140703
0.000409413
0.00090331
0.000476644
0.0028771
0.00175879
0.00216028
0.00141191
0.00219278
0.00143819
0.00217036
0.000498697
0.00126189
0.000681449
0.00502527
0.000997313
0.000610214
0.0043988
0.00258322
0.00169847
0.000633913
0.00145332
0.00137422
0.00159015
0.00158825
0.00187228
0.00136717
0.00180551
0.00217569
0.0046336
0.00114281
0.000791912
0.0039672
0.00134475
0.000979944
0.00215212
0.00146988
0.00141143
0.00219337
0.00211779
0.00161834
0.00165488
0.00156129
0.0113311
0.00300069
0.000431287
0.00203153
0.00237181
0.000318842
0.0015227
0.000392216
0.000778271
0.00116228
0.00378019
0.00196147
0.000850419
0.000762084
0.000275811
0.00380209
0.00134824
0.00105155
0.00112499
0.0012973
0.000741634
0.00107108
0.00166841
0.00393487
0.000143799
0.001354
0.00405131
0.000554613
0.00618076
0.000796023
0.00087983
0.000752212
0.00287494
0.00216126
0.0116096
0.00877677
0.00146372
0.00164561
0.00168289
0.00575331
0.00102172
0.000500455
0.000666929
0.000224932
0.00279499
0.00343368
0.000760458
0.00292367
0.00122745
0.0100106
0.000912651
0.000681935
0.0016885
0.00147706
0.00345573
0.00181297
0.00112021
0.00122497
0.00253124
0.00481278
0.00312626
0.00170732
0.000887358
0.00358669
0.00422856
0.000700957
0.000889824
0.00137605
0.00128147
0.00222017
0.0014325
0.00109043
0.00164539
0.00191097
0.00187862
0.00717159
0.000401754
0.0024415
0.0009856
0.00241208
0.00121983
0.00112823
0.00143871
0.00172928
0.00136299
0.00172453
0.00068234
0.00132034
0.000514841
0.0131916
0.000280603
0.00269217
0.00221618
0.000485783
0.00178129
0.00117628
0.00285989
0.00249799
0.00162405
0.000695274
0.00258342
0.00156431
0.000766687
0.000980159
0.00141454
0.00153415
0.00139604
0.00684697
0.001452
0.000159181
0.000615067
0.00537578
0.000573333
0.00040058
0.000392043
0.0011874
0.00101381
0.0011278
0.000756605
0.000190038
0.000915502
0.0019429
0.00162418
0.00184862
0.000308432
0.00330127
0.000865015
0.000844326
0.0013939
0.0100747
0.002226
0.00169198
0.000673505
0.00188859
0.00130849
0.00314725
0.000317632
0.00106211
0.00337789
0.0019804
0.00163517
0.000476352
0.000330187
0.00135282
0.000641526
0.00206029
0.00149196
0.00115209
0.00128905
0.000771061
0.000985394
0.000161992
0.00136095
0.00129477
0.00135174
0.00115088
0.00101702
0.0026434
0.00286636
0.0023699
0.000999689
0.00202683
0.000993902
0.0019414
0.000994255
0.0014029
0.00121007
0.00176865
0.00102905
0.00397429
0.00126262
0.000968739
0.00552026
0.00103952
0.00191448
0.00134737
0.00268003
0.00230352
0.00081399
0.000832644
0.00209098
0.000625053
0.00164725
0.00532859
0.00417646
0.000989581
0.00473844
0.000984141
0.00148854
0.00102558
0.00089841
0.000516037
0.00200192
0.00229655
0.00199653
0.000756273
0.00141552
0.003218
0.00192967
0.00815554
0.000902047
0.00312368
0.00107751
0.000983756
0.00124734
0.000714708
0.00231122
0.000535996
0.00191797
0.00381345
0.0010338
0.00124824
0.0014163
0.00213421
0.00152635
0.000999174
0.000736854
0.00177188
0.00490283
0.00569539
0.00228473
0.0120885
0.000969848
0.00141541
0.00187356
0.00116524
0.00169204
0.00117766
0.0011884
0.00148111
0.00270335
0.000604114
0.000662
0.00146077
0.000755193
0.00330689
0.000412341
0.00413383
0.000487678
0.00315201
0.00140137
0.000631886
0.00526819
0.00169772
0.000366527
0.00311886
0.00282101
0.00217812
0.00339115
0.000336908
0.000909772
0.000505344
0.000552931
0.00266655
0.00208719
0.000624242
0.00166971
0.000223793
0.00146032
0.000624599
0.00218491
0.00180014
0.000900167
0.00252696
0.00106384
0.000875776
0.00135557
0.00167662
0.00123735
0.00227427
0.00308974
0.00106283
0.00053003
0.00279369
0.000705502
0.0003386
0.00190801
0.00203937
0.000920575
0.000688132
0.00194228
0.00100501
0.00250921
0.00107237
0.000796334
0.000938066
0.000734214
0.00123374
0.000163007
0.00167254
0.00492796
0.00239624
0.00304468
0.00028858
0.00635494
0.00369141
0.00292248
0.00118545
0.00114954
0.0021458
0.00192028
0.00192543
0.00484532
0.00148131
0.00220014
0.00163317
0.00215675
0.00243656
0.000746386
0.00104258
0.000871132
0.00143862
0.000337587
0.00214617
0.00112296
0.00146634
0.000247072
0.00148432
0.00177208
0.000461958
0.00102667
0.00141895
0.000877506
0.00498389
0.00143615
0.00138075
0.00188005
0.000987856
0.00578268
0.00213233
0.00124749
0.00068509
0.00263342
0.000795251
0.00250311
0.00134864
0.000661425
0.000975932
0.00512037
0.000696169
0.00190172
0.00149537
0.00737249
0.00225281
0.000850438
0.00210113
0.00257696
0.000625781
0.00341433
0.00091355
0.00115478
0.00127302
0.00374809
0.00451554
0.00181383
0.00122686
0.00138518
0.00136811
0.0010881
0.000599498
0.00183857
0.00115399
0.00180733
0.00224197
0.000841815
0.00111321
0.000579486
0.00172106
0.000894455
0.00152323
0.00243209
0.00480293
0.00111823
0.00262757
0.00155903
0.00318181
0.00222284
0.0022926
0.00088591
0.000829864
0.00213628
0.000997785
0.00131637
0.000960863
0.00114053
0.00143864
0.00222762
0.00115354
0.000931901
0.00152864
0.00127707
0.00308053
0.00083122
0.00214452
0.000971056
0.000966214
0.0285782
0.00152189
0.00129215
0.000549297
0.00139076
0.00192254
0.00221228
0.00344759
0.0023788
0.00154749
0.000762332
0.00214429
0.00185045
0.000770619
0.00124338
0.000641131
0.000994055
0.00076955
0.00192788
0.000485939
0.000942678
0.0201683
0.00125113
0.000257675
0.00125911
0.00323417
0.00197141
0.00179658
0.00119473
0.00138684
0.00132685
0.000805114
0.00209932
0.00155419
0.00163627
0.000707357
0.0011676
0.000581815
0.00095874
0.00346101
0.0100214
0.00176809
0.0054806
0.00161386
0.00122768
0.00131927
0.00187091
0.00481419
0.00123268
0.00242923
0.000494458
0.00141356
0.00168008
0.00249682
0.00103889
0.00181067
0.0311606
0.0019186
0.000676996
0.00128146
0.00194412
0.00246927
0.00422365
0.00882439
0.00288722
0.00141141
0.00225072
0.00322911
0.00223764
0.00198683
0.00103175
0.00110818
0.000199129
0.00336458
0.00236363
0.0017715
0.00236398
0.00115085
0.00157589
0.00153667
0.00111436
0.00223635
0.000623208
0.00289086
0.000822852
0.00214787
0.00114285
0.00140959
0.00151094
0.00154323
0.000970203
0.000275855
0.00150295
0.00424171
0.000810024
0.00122351
0.00212926
0.00205374
0.00150115
0.00128954
0.00202948
0.00122941
0.000451081
0.00154903
0.0012155
0.0026609
0.00179794
0.0011392
0.00112129
0.00264021
0.000474215
0.000936201
0.00101331
0.000689559
0.001095
0.00118741
0.00144328
0.0092435
0.000897918
0.000633281
0.000586601
0.000654052
0.00188467
0.00115825
0.000886998
0.00115729
0.0038458
0.00412162
0.00465701
0.00216913
0.00222412
0.00154759
0.00161331
0.00306173
0.000779573
0.00149635
0.00144702
0.000685746
0.0013401
0.0012833
0.0104701
0.000728261
0.00244791
0.00129351
0.00146712
0.00257469
0.00347258
0.00054003
0.00139214
0.000900287
0.00165615
0.0010703
0.00210191
0.00160083
0.000383872
0.00287421
0.00323915
0.000146774
0.00220458
0.00102357
0.000487373
0.00167973
0.00216134
0.00237198
0.00139963
0.000313019
0.00202606
0.0047327
0.00183507
0.0165397
0.00137816
0.000906759
0.0129918
0.00367251
0.00241463
0.00195357
0.00298137
0.00671189
0.0013978
0.00536552
0.00165404
0.00244158
0.000747294
0.00159669
0.00184488
0.00761002
0.00259342
0.00239085
0.000825549
0.00276469
0.0037967
0.00104503
0.000455787
0.000798647
0.000599835
0.00111565
0.00151172
0.00435051
0.00125162
0.00175688
0.00146946
0.00112251
0.00166623
0.00130683
0.00205945
0.00108287
0.00160081
0.00276286
0.00111722
0.00229334
0.00102516
0.00398259
0.0012681
0.00150752
0.00120449
0.00107214
0.00237358
0.000959947
0.000162311
0.00115875
0.00263386
0.00131781
0.000743052
0.00174281
0.00143451
0.00251159
0.00128724
0.00277837
0.000939091
0.00805573
0.0015258
0.00347257
0.00070613
0.00162271
0.000400193
0.00041192
0.00110357
0.000800626
0.00206553
0.000817973
0.00116107
0.00273929
0.000248875
0.00228805
0.00205475
0.00132133
0.00176563
0.000722477
0.00455433
0.00174498
0.00114499
0.00269711
0.00133586
0.000968307
0.00108849
0.0013839
0.00194949
0.000721278
0.00143209
0.0024916
0.00602064
0.00220353
0.00142316
0.00185036
0.0010694
0.00187184
0.00167388
0.000653951
0.000775634
0.000955106
0.0003902
0.000883799
0.00160303
0.00142715
0.000465571
0.00208117
0.00160185
0.000696205
0.00154709
0.00158021
0.00187721
0.00402092
0.000892284
0.00101444
0.000389874
0.000819101
0.00243503
0.0012255
0.000480565
0.00203941
0.00155698
0.000827031
0.00140192
0.000623895
0.00145452
0.0205113
0.00183483
0.00161325
0.00148958
0.00791382
0.00063928
0.00104152
0.0018142
0.000904113
0.00206429
0.000667199
0.000477855
0.0015703
0.00215644
0.000841793
0.00123696
0.000684225
0.000889587
0.00111991
0.00486796
0.00362581
0.00331496
0.000978342
0.0046753
0.000411265
0.00214843
0.00132127
0.00100287
0.00175216
0.00228657
0.00143695
0.00262849
0.000807766
0.00116079
0.00480478
0.00118699
0.00145234
0.0014599
0.000206511
0.0150285
0.000563082
0.00236557
0.00130609
0.00332401
0.00410908
0.00124661
0.000844498
0.00197846
0.000983923
0.00128876
0.000878353
0.000746586
0.00112824
0.000625162
0.0013105
0.000784253
0.00505609
0.00029357
0.000696324
0.00176167
0.00136993
0.00100601
0.00117656
0.000452809
0.000857545
0.00118839
0.00166942
0.00189017
0.00177562
0.00141369
0.00352218
0.00546232
0.00374716
0.000653592
0.00184578
0.00129561
0.00189158
0.00118943
0.00272217
0.000795501
0.00163496
0.00110917
0.00411242
0.00356133
0.00076371
0.00158521
0.00198925
0.00109968
0.00143438
0.0283676
0.00152959
0.00176506
0.00375416
0.00117609
0.0011965
0.00450309
0.00168573
0.0024085
0.00113854
0.0102618
0.000855519
0.00113343
0.00160365
0.00103861
0.00212449
0.000977416
0.00281333
0.00256397
0.00202044
0.00136529
0.00125511
0.00134625
0.0011949
0.000985596
0.00316921
0.00121673
0.00120007
0.000953475
0.00220135
0.0027979
0.00130528
0.00106649
0.000989155
0.00257171
0.00198956
0.00324367
0.000987196
0.00189845
0.000507269
0.000731625
0.00371812
0.000163431
0.00131352
0.0125782
0.00125293
0.00197132
0.00061526
0.000601144
0.00300438
0.00300367
0.000702784
0.00156779
0.00111203
0.00163382
0.000343902
0.0001476
0.000808424
0.000671381
0.00301878
0.00199046
0.00079408
0.00281794
0.00100559
0.0022866
0.00126095
0.000893906
0.00125355
0.0014155
0.00120356
0.0011283
0.0017453
0.000168134
0.00265029
0.00395326
0.00116227
0.000701546
0.000533619
0.00177985
0.000860743
0.000902869
0.0013613
0.00413671
0.00150876
0.00367712
0.00162913
0.00414544
0.000790731
0.000885681
0.000618281
0.000643524
0.000751783
0.00227404
0.000586867
0.00156311
0.00234594
0.000987158
0.000630174
0.000772364
0.0011693
0.00202301
0.00216783
0.0023087
0.0101242
0.000684009
0.00119503
0.0027977
0.000719328
0.00124522
0.00208511
0.00125047
0.000561531
0.00810435
0.00221174
0.00145741
0.00152034
0.00166516
0.00117914
0.000689912
0.00172397
0.0013901
0.000830343
0.000780851
0.00123298
0.000668784
0.00202685
0.00377671
0.00296892
0.00146514
0.00187535
0.00103633
0.0025647
0.0047688
0.000869454
0.0035539
0.000873648
0.000701237
0.00195316
0.000801772
0.000227986
0.00183183
0.00336601
0.00154733
0.0112401
0.00165091
0.000427381
0.00178034
0.000836216
0.00237709
0.0594034
0.00218604
0.000917597
0.00074723
0.00209385
0.00206316
0.0015301
0.00168655
0.00208569
0.00110148
0.00173138
0.00183234
0.00127261
0.000457445
0.00445763
0.00083481
0.00240602
0.000939986
0.000944899
0.00292271
0.00897197
0.00182009
0.00210398
0.0016638
0.0018822
0.00154768
0.000308202
0.00148769
0.00111091
0.00181588
0.000936501
0.0015479
0.000608083
0.00523814
0.00123672
0.000322576
0.00111752
0.000683112
0.00146183
0.00149191
0.00194199
0.00155852
0.00169519
0.00180923
0.00115277
0.00130013
0.000802744
0.00156205
0.0037427
0.000457366
0.00256256
0.00377252
0.00419183
0.00203446
0.00201928
0.00246783
0.00152285
0.00127284
0.000695189
0.000794024
0.00118431
0.00138982
0.00310401
0.00159097
0.00145359
0.00133885
0.00197647
0.00107944
0.00328168
0.00340411
0.00233816
0.00157153
0.00129158
0.00631862
0.000674191
0.00354713
0.00201487
0.00212044
0.00369539
0.0080463
0.00110101
0.00297765
0.0023546
0.000467713
0.000379817
0.000775082
0.00189109
0.000618225
0.00168043
0.0010473
0.000939156
0.0023047
0.000709987
0.000867689
0.00215038
0.00071226
0.000205695
0.00264295
0.00200213
0.000803945
0.00187755
0.00111225
0.000350736
0.00239137
0.00132201
0.00109795
0.00149331
0.000662284
0.00107685
0.000845621
0.00764887
0.000909805
0.000649759
0.00247218
0.00258327
0.00146216
0.000763582
0.00402455
0.000893273
0.00138682
0.00285101
0.00116936
0.00156518
0.00110273
0.00145826
0.00243664
0.000664646
0.000950787
0.00310605
0.000361128
0.00099314
0.00131912
0.0022391
0.00153777
0.0017163
0.00230991
0.0017931
0.002755
0.00190713
0.00456188
0.000602104
0.0008608
0.00164538
0.00137647
0.00110778
0.000532655
0.000599111
0.00105662
0.00292802
0.00164452
0.00254671
0.00578264
0.00037477
0.00133627
0.00266545
0.000510805
0.000524539
0.0026322
0.000292061
0.00085517
0.00180293
0.00220945
0.00147545
0.00158629
0.00167477
0.00122527
0.00154724
0.00156297
0.00137527
0.00109684
0.000410508
0.00135111
0.00123719
0.00221031
0.007085
0.00120743
0.00150183
0.00109146
0.000611121
0.00092061
0.00229114
0.00154326
0.000612328
0.00232213
0.00100283
0.000643526
0.00172207
0.00196048
0.000599471
0.00127176
0.00189099
0.00110117
0.000872075
0.000560575
0.00050083
0.000682292
0.00301261
0.00257352
0.00263629
0.00211884
0.00248574
0.00113865
0.00127591
0.00225983
0.00148972
0.000432945
0.00110889
0.00178083
0.0015897
0.000548164
0.00126867
0.00117589
0.00165319
0.00182443
0.00148741
0.00110433
0.000587163
0.00326051
0.000566711
0.00216033
0.00406578
0.00177919
0.000182913
0.00173138
0.00211607
0.00171916
0.0008143
0.000821177
0.00217513
0.00168577
0.00631655
0.00190207
0.00236329
0.000421594
0.00259477
0.00160089
0.0070369
0.00492191
0.0238538
0.0013636
0.00161142
0.000381653
0.00094441
0.00210813
0.00200883
0.000826302
0.000435277
0.00065823
0.000624278
0.00101321
0.00095175
0.000140974
0.00148116
0.00167953
0.000149647
0.000503817
0.0018332
0.00263801
0.00211853
0.00159968
0.00168941
0.0021411
0.000972756
0.000825517
0.000967435
0.0020425
0.00185125
0.00437739
0.00262886
0.00453001
0.000958167
0.00173274
0.00126757
0.00153407
0.000346749
0.00074029
0.000307622
0.000821901
0.000452682
0.000573875
0.000418494
0.00319456
0.00255452
0.00212729
0.00536544
0.00344235
0.00190442
0.00232021
0.00546101
0.000648339
0.000640532
0.000596598
0.00304319
0.000842468
0.00180049
0.00145016
0.00168115
0.000997923
0.00098662
0.00152334
0.000392532
0.00169189
0.000701852
0.000829288
0.00054546
0.000588859
0.00397509
0.0026461
0.0012797
0.00358305
0.0011631
0.00280237
0.00105733
0.00124219
0.000293797
0.00155958
0.00359295
0.00194694
0.000848208
0.000833448
0.00337757
0.000812532
0.00261904
0.00104687
0.00191249
0.00312881
0.00115042
0.00294935
0.000538153
0.000322515
0.000643693
0.00160982
0.00171829
0.00134042
0.00124521
0.00126659
0.00053427
0.00125937
0.000252614
0.00148962
0.00221155
0.000539591
0.00262147
0.000556557
0.0013358
0.00172023
0.000331562
0.00972861
0.00128521
0.00176308
0.0011728
0.00338871
0.00147574
0.000963171
0.00401927
0.000412698
0.000799727
0.000777791
0.000685781
0.00136933
0.00287489
0.000724887
0.00575603
0.000922312
0.00163839
0.00201834
0.000781635
0.000708648
0.00208325
0.00151534
0.000748583
0.0034123
0.00199524
0.000634434
0.000478407
0.000787978
0.00123281
0.00368604
0.00124972
0.000393804
0.00106821
0.000909849
0.00168261
0.00626427
0.00315723
0.00113667
0.00154644
0.00135902
0.00258071
0.000904583
0.0062391
0.00206329
0.00082904
0.000986663
0.00125939
0.00170261
0.000144687
0.00432404
0.00210892
0.00173148
0.00121483
0.00180465
0.00246446
0.00284932
0.000649535
0.00189964
0.00115362
0.00102061
0.001906
0.000780826
0.00306162
0.00189575
0.00170541
0.00205723
0.0020068
0.000666619
0.00126543
0.00223201
0.0012337
0.00135067
0.00260609
0.00131294
0.00258992
0.00250728
0.00118468
0.00108117
0.000474253
0.00280496
0.0033253
0.00055338
0.00139005
0.000350457
0.000980188
0.000910899
0.00115038
0.00214354
0.00190057
0.000982522
0.00134867
0.000492099
0.00285492
0.000879541
0.00329398
0.00539805
0.000691527
0.000819005
0.00458151
0.013357
0.000990174
0.00385916
0.000965541
0.00297301
0.000610003
0.00101118
0.000143176
0.00194229
0.00136267
0.000758526
0.00244078
0.00207243
0.000178505
0.00103494
0.00223534
0.00061414
0.000599521
0.0100038
0.000689178
0.000977803
0.00105452
0.00225663
0.00150842
0.0072975
0.000738363
0.00104921
0.000624079
0.000146319
0.00880213
0.00118666
0.00124984
0.000974624
0.000671834
0.000689425
0.000270476
0.00155151
0.000663603
0.00477633
0.00251591
0.0010225
0.000567206
0.00132399
0.000370719
0.00439452
0.00122269
0.00137378
0.00983989
0.00505182
0.00209001
0.000953817
0.000164995
0.000199362
0.000748462
0.000351065
0.0016888
0.00117287
0.00291159
0.00172108
0.00176036
0.000601253
0.0002623
0.00207419
0.00213033
0.000578614
0.00137301
0.00417576
0.00121285
0.00189964
0.00123765
0.00152408
0.00160987
0.00113823
0.00137466
0.00116233
0.00285271
0.00223918
0.000984004
0.000815437
0.000887981
0.00128243
0.00219503
0.000457799
0.000332997
0.00228206
0.00232304
0.00203322
0.00170109
0.000180891
0.00160344
0.00322177
0.00336769
0.000436365
0.000918476
0.00323105
0.00152141
0.00159964
0.00148044
0.00103184
0.00104904
0.00063107
0.00620759
0.00438842
0.00243628
0.00218925
0.00101951
0.000724407
0.000991146
0.00725293
0.00111364
0.00217415
0.00922446
0.000780883
0.00105472
0.000635667
0.00151022
0.00104285
0.0005565
0.00076754
0.00301399
0.00254463
0.000648064
0.00156723
0.00095095
0.000607437
0.00146712
0.000691838
0.00731868
0.00528862
0.00141487
0.00175733
0.00383946
0.000670676
0.000776579
0.0015606
0.00132076
0.000678488
0.000985699
0.00108468
0.000320849
0.00141282
0.00153717
0.00354065
0.000836478
0.000695083
0.000553854
0.00101664
0.000839289
0.0026874
0.00127465
0.00123741
0.00338177
0.0013175
0.000507528
0.000781499
0.00138918
0.00297371
0.00117829
0.00173071
0.00159003
0.000374333
0.00140759
0.00620184
0.00150222
0.000147978
0.00259415
0.00633291
0.0013589
0.00164091
0.00220794
0.00112522
0.0212104
0.00109074
0.00226926
0.0010872
0.00284279
0.00276724
0.000251584
0.000264098
0.00139515
0.00164848
0.00230992
0.00301908
0.000202332
0.00216144
0.0014335
0.000935233
0.00167222
0.00187873
0.00120651
0.00069142
0.00110632
0.00106341
0.00208899
0.00139855
0.000586558
0.00175164
0.000456249
0.00105806
0.00189519
0.000469852
0.00292448
0.000412866
0.000987856
0.00110395
0.00119641
0.00135011
0.00219743
0.00247706
0.00105059
0.00198237
0.000253659
0.00023387
0.00106519
0.00304466
0.000649625
0.00389509
0.00040824
0.0116425
0.0011162
0.00181281
0.00155599
0.00100805
0.00203424
0.00199833
0.00107619
0.00128104
0.00511195
0.00122479
0.00193945
0.00180405
0.00264743
0.00180981
0.00228809
0.000160296
0.0014863
0.000769552
0.00170406
0.00130846
0.00104144
0.0007728
0.00106046
0.00105444
0.00368058
0.000661196
0.000691014
0.000654842
0.00106729
0.0012084
0.000949458
0.00141465
0.00143508
0.000711581
0.0015334
0.00238436
0.0084241
0.000817286
0.00234869
0.000955198
0.00157418
0.000600743
0.00341889
0.00267972
0.00295143
0.00221562
0.000880819
0.000642106
0.00197104
0.00886255
0.00112744
0.000182201
0.00148385
0.000927058
0.00157508
0.00107283
0.00191016
0.00332681
0.00141209
0.000704746
0.00501138
0.0012691
0.00173519
0.00275177
0.00247883
0.000543361
0.00219138
0.000804912
0.00187199
0.0019675
0.00327845
0.00242351
0.00277928
0.000308048
0.000981751
0.000955614
0.00136928
0.00276112
0.00289632
0.0016284
0.000678441
0.00138532
0.00250074
0.000813911
0.00137731
0.00454167
0.00135742
0.00108825
0.0005852
0.00487789
0.00202243
0.00113071
0.00351344
0.00106862
0.0018376
0.00540527
0.00194608
0.00299995
0.000367962
0.000367671
0.00133436
0.000820313
0.00120649
0.00212522
0.00236031
0.000731511
0.00278817
0.00169435
0.00193434
0.00170735
0.00564889
0.00216444
0.00079613
0.00209111
0.00248515
0.00280195
0.00112676
0.00299937
0.00230901
0.0115187
0.00184132
0.000603643
0.00164316
0.00144783
0.00198672
0.00148695
0.00255389
0.00513385
0.00124593
0.00221189
0.00194983
0.00125188
0.000531812
0.00249596
0.00340263
0.000789648
0.00145254
0.00425781
0.00141232
0.0173991
0.00260758
0.000547844
0.000506688
0.00152871
0.00325298
0.00235276
0.00111387
0.000636202
0.00171132
0.00117454
0.00128396
0.00109743
0.000347964
0.00123847
0.00151532
0.000691691
0.000840709
0.00162705
0.00261328
0.00118751
0.000999264
0.00250312
0.00285768
0.00101148
0.00169656
0.000659473
0.000252383
0.00117784
0.00114212
0.000667805
0.00164177
0.00069221
0.00206051
0.00152794
0.000696209
0.00159884
0.00101213
0.00275007
0.00375454
0.00663081
0.00112827
0.000977601
0.000581003
0.00130343
0.00137028
0.00117734
0.00221375
0.000872305
0.000537023
0.00125559
0.00303906
0.00211899
0.0210342
0.00707874
0.00183272
0.00139362
0.00803772
0.00176182
0.00140707
0.00184181
0.00272059
0.0012165
0.00106237
0.000978301
0.00115192
0.00181238
0.00188302
0.00265594
0.00102587
0.000739523
0.000281553
0.00239326
0.00172754
0.00657563
0.000234171
0.00158961
0.00164175
0.00145308
0.000166685
0.00105098
0.00209893
0.00161115
0.00173796
0.0034354
0.00182633
0.00308896
0.000983015
0.000915458
0.00168848
0.00180032
0.0012285
0.00305198
0.000520303
0.00313888
0.00112763
0.0015193
0.000615674
0.00251005
0.000801952
0.00218708
0.00114815
0.00151976
0.00120125
0.00193714
0.00182012
0.000703645
0.000898116
0.000698591
0.000296614
0.0011454
0.000144045
