0.0013897
0.000613464
0.00374367
0.00068915
0.00969029
0.00523395
0.00185722
0.00693857
0.0113978
0.00987408
0.0099279
0.00291774
0.0749079
0.0194578
0.00045755
0.00457228
0.00182167
0.00365611
0.000558241
0.00335027
0.00288312
0.0130132
0.000713968
0.0311687
0.00305142
0.00243421
0.00207904
0.00305003
0.0444137
0.00290536
0.00253827
0.00562577
0.013837
0.0252127
0.0367005
0.0293004
0.0219251
0.0111716
0.00214688
0.0265359
0.00404834
0.00500851
0.000679563
0.00531572
0.0174634
0.0239634
0.00412702
0.00926688
0.00554302
0.000656657
0.0104042
0.0186594
0.00651917
0.00153698
0.00209873
0.00239513
0.00528886
0.00414122
0.00335633
0.0010858
0.00702902
0.0238913
0.0177634
0.00360469
0.00278745
0.00521522
0.00276844
0.00738916
0.00166093
0.0110174
0.00197336
0.0115617
0.00398008
0.0116659
0.00548641
0.023394
0.00181885
0.00833923
0.0099658
0.00133064
0.0128602
0.0196215
0.0174137
0.00165409
0.0061164
0.00266866
0.0142917
0.00387131
0.00114422
0.00701461
0.0033097
0.00902761
0.00150087
0.00805346
0.0266052
0.00976928
0.00917998
0.000605456
0.00137932
0.0259657
0.00412447
0.0298352
0.00913894
0.00102559
0.0321774
0.00652206
0.00119902
0.00246373
0.000859171
0.0339644
0.0103955
0.00130618
0.00828378
0.00497703
0.0225257
0.00454215
0.00608887
0.0781544
0.0120645
0.00589842
0.00417745
0.00172745
0.00117852
0.0105023
0.0175591
0.000421985
0.020972
0.00185604
0.0164592
0.002834
0.00994201
0.00258502
0.00189773
0.0120483
0.0102982
0.00417324
0.00562163
0.0252058
0.00643958
0.0132346
0.0142996
0.0075173
0.0239228
0.00145786
0.00351901
0.0355695
0.0408814
0.00412823
0.020541
0.00467163
0.0135117
0.00332676
0.0149305
0.00237279
0.00545948
0.00049769
0.002541
0.00232699
0.0199698
0.00480876
0.00201649
0.00751859
0.00241025
0.0308747
0.0141466
0.000599303
0.00302387
0.00242014
0.00671471
0.0257502
0.067394
0.00215374
0.00197151
0.000679673
0.0025933
0.00317956
0.00719109
0.00456567
0.034706
0.015382
0.00690843
0.0213301
0.00517989
0.0155001
0.00597995
0.0108571
0.00419387
0.00325094
0.00580225
0.00222634
0.00768362
0.0188818
0.000523417
0.0108911
0.00270858
0.00343289
0.00308513
0.00375497
0.00172013
0.00259417
0.00213098
0.00188078
0.00992707
0.0278663
0.0274775
0.0306619
0.0253402
0.0067052
0.0039627
0.0052463
0.0147269
0.00472553
0.00320388
0.00415854
0.00773941
0.00520045
0.00217076
0.0124974
0.00083873
0.00356205
0.0524993
0.129997
0.0895674
0.0133937
0.00682694
0.0178224
0.017972
0.0133777
0.00158903
0.00229154
0.00444463
0.0145504
0.00158436
0.0206251
0.00437899
0.026429
0.0283663
0.0015754
0.00789817
0.0205058
0.00468013
0.000567414
0.00119681
0.00178349
0.00506245
0.0146893
0.00566669
0.00113882
0.139384
0.0145019
0.0166649
0.109776
0.00157546
0.00341303
0.0354732
0.00796938
0.0186208
0.00204002
0.00416712
0.00187971
0.00562565
0.00162244
0.00316532
0.00112892
0.00409661
0.00294608
0.00281311
0.00395618
0.0171375
0.0243622
0.00823866
0.0115295
0.00830185
0.00419997
0.00795623
0.00460083
0.00575655
0.00245686
0.0211798
0.0013167
0.108459
0.00198654
0.00509179
0.000977332
0.0204582
0.00138606
0.0395241
0.00688554
0.0066695
0.00128384
0.0057122
0.00579535
0.0411486
0.00194081
0.00933624
0.00123987
0.00355847
0.00108699
0.0532931
0.00601545
0.00280847
0.00311476
0.00775397
0.00745007
0.00319425
0.00281549
0.00566173
0.0604618
0.0212438
0.128432
0.0220625
0.00234224
0.0103542
0.0017866
0.00824919
0.0106071
0.0200923
0.0014442
0.00173935
0.00948489
0.00543656
0.00525608
0.00530174
0.00502991
0.00125932
0.0161864
0.00258532
0.0170827
0.00300568
0.00576774
0.0014279
0.0148561
0.00988501
0.0125861
0.000770471
0.0140411
0.0515247
0.00822217
0.00138871
0.00127153
0.00877211
0.00463591
0.00173281
0.00885184
0.00103612
0.00110689
0.00250628
0.0029488
0.0072415
0.00395167
0.0717659
0.0491635
0.00518943
0.0153872
0.00669454
0.00100959
0.0102088
0.00347696
0.00344963
0.0384157
0.0181524
0.00439692
0.0288779
0.00153821
0.0115895
0.0133402
0.000737442
0.015923
0.0119963
0.00264643
0.00356995
0.041368
0.00199336
0.0104224
0.0690523
0.0126694
0.00604563
0.00560937
0.00751272
0.00205857
0.00207873
0.0122579
0.00734654
0.00157467
0.0041803
0.00345424
0.00823999
0.00142431
0.0181652
0.00719688
0.0197528
0.00167333
0.00446212
0.00202986
0.0215925
0.0123074
0.00427685
0.00541677
0.102954
0.00863021
0.00769103
0.0189281
0.00872178
0.00714967
0.102042
0.00215916
0.00355001
0.00351495
0.00263861
0.0262522
0.000538729
0.00990226
0.0146539
0.00714661
0.0240976
0.00993669
0.00127553
0.00177773
0.0050087
0.0019598
0.00826684
0.00814189
0.00373941
0.00175039
0.0100978
0.00137195
0.00588102
0.00540969
0.00649201
0.0015423
0.0018449
0.00269241
0.00861905
0.000432477
0.00205173
0.0412136
0.0129636
0.024301
0.00648748
0.00125878
0.011637
0.0140769
0.00418869
0.00405516
0.00471004
0.0239167
0.00327096
0.00249846
0.015534
0.00212376
0.0046322
0.0212613
0.00458053
0.00221659
0.0015763
0.00164115
0.00538468
0.00117903
0.000707649
0.00924273
0.00129729
0.00623842
0.0283893
0.00820329
0.00496592
0.0281582
0.00134917
0.00290029
0.0365342
0.0823403
0.00314273
0.000680194
0.0311365
0.001673
0.00343262
0.00174536
0.00180984
0.00589403
0.0357409
0.00944238
0.0085769
0.0083459
0.00338548
0.00101066
0.0136248
0.0012826
0.0012017
0.00157945
0.0147756
0.00250589
0.00759855
0.00632424
0.0270814
0.011047
0.018896
0.00165374
0.00883843
0.00836074
0.0337728
0.0044955
0.0145306
0.00505942
0.0235667
0.00169857
0.00167188
0.00133021
0.00404265
0.00106474
0.00767919
0.00529779
0.0121998
0.0187028
0.062589
0.00154143
0.011673
0.0057846
0.0012242
0.022154
0.00970807
0.0503801
0.00191141
0.0116794
0.0152411
0.0101183
0.00375294
0.0014697
0.0186479
0.00208054
0.00837288
0.000706875
0.0043389
0.00279522
0.0127663
0.00178403
0.00152
0.00600895
0.00460866
0.0081751
0.00966921
0.0367489
0.00198434
0.0029021
0.000632551
0.000592725
0.0132634
0.0145412
0.00103432
0.00821249
0.00196571
0.00338744
0.00257973
0.00321218
0.0006637
0.00788286
0.0153128
0.0152313
0.0204944
0.0294871
0.00608388
0.011456
0.00635994
0.00786921
0.0132444
0.000369905
0.00395539
0.0144592
0.00484227
0.0406628
0.00443053
0.00335786
0.00198121
0.0205619
0.0102836
0.0215355
0.00827088
0.00095863
0.00810691
0.00907728
0.0013327
0.00989882
0.00459067
0.0407482
0.00268042
0.00718094
0.00488295
0.0398022
0.0033824
0.00495661
0.000242483
0.0190836
0.00221208
0.000815289
0.00506307
0.00909953
0.0562776
0.00225598
0.00475395
0.00144275
0.00895345
0.00191218
0.011493
0.0083483
0.00266079
0.00548647
0.00413393
0.00235606
0.00132553
0.00992215
0.0035537
0.00226856
0.00237307
0.00660091
0.00051897
0.00170679
0.0083603
0.000843375
0.00460173
0.0125147
0.00549172
0.00356241
0.00642384
0.00549783
0.00620314
0.00113405
0.0258393
0.005186
0.00140567
0.00218171
0.000885151
0.030439
0.00860217
0.00196556
0.0028273
0.00119389
0.00138331
0.010635
0.00974917
0.00238887
0.00430829
0.0180798
0.0023742
0.00267863
0.00736335
0.00289472
0.0057084
0.0177596
0.00238572
0.0136289
0.0129555
0.00961061
0.00202259
0.0174347
0.00194025
0.00816914
0.0143602
0.00754421
0.00149742
0.0441369
0.00198969
0.0122337
0.00184181
0.000343241
0.00816897
0.0180319
0.00306011
0.00361931
0.0711699
0.00102978
0.00767122
0.00177807
0.00484666
0.0504284
0.00969194
0.00090383
0.00959176
0.006354
0.00491382
0.00545714
0.00975974
0.0109878
0.0095123
0.00132248
0.0127086
0.012484
0.00299573
0.0651657
0.00511788
0.00304668
0.0156934
0.0107314
0.0248106
0.0127833
0.00192509
0.00149346
0.00245118
0.00234332
0.00190613
0.00642452
0.00180406
0.00531569
0.0036927
0.00355069
0.00698358
0.00330877
0.00415874
0.0415646
0.0068955
0.0029429
0.00242562
0.00116336
0.0013069
0.00455051
0.00549404
0.00162549
0.00692918
0.00444787
0.00603844
0.00693319
0.000513971
0.00493924
0.00148597
0.00257972
0.0100016
0.00163269
0.00154113
0.0141444
0.00355916
0.00347961
0.00120942
0.00177805
0.0295568
0.00839398
0.00344984
0.00138028
0.00168381
0.0171842
0.000878222
0.00775276
0.00255554
0.00166969
0.00314582
0.0206574
0.00364076
0.00172561
0.00295324
0.00662047
0.00110679
0.0205537
0.00258016
0.00198825
0.0193501
0.0182625
0.00990248
0.00414032
0.00172099
0.0114782
0.00131839
0.0131804
0.00926569
0.0103307
0.0142964
0.00108757
0.00231034
0.0174037
0.00256055
0.00267777
0.000881736
0.00295549
0.0070675
0.002577
0.00188501
0.00754123
0.00353609
0.00323927
0.0165006
0.000652158
0.00786533
0.00285596
0.00135974
0.00642099
0.0105962
0.00871516
0.00162507
0.00446001
0.00450326
0.0570779
0.00409999
0.00100043
0.011303
0.0366743
0.00558997
0.00350884
0.00209155
0.00681916
0.00677887
0.00484202
0.00213824
0.0175826
0.00183559
0.00190027
0.00689317
0.000757912
0.00186186
0.0137619
0.00079671
0.00136214
0.00229493
0.0164222
0.00156025
0.000411892
0.00445665
0.00223546
0.00574521
0.00675917
0.0347828
0.00748388
0.00288111
0.0261435
0.0120306
0.00991285
0.00458422
0.00116346
0.00482307
0.0212481
0.00101272
0.00522948
0.00507744
0.0120819
0.00664986
0.0150565
0.0019539
0.0146057
0.00311546
0.00193848
0.00888695
0.0180167
0.0166712
0.0076664
0.00192175
0.00180854
0.0020667
0.00570477
0.00134248
0.00740465
0.00690869
0.0013348
0.0013134
0.0426472
0.0169664
0.00365137
0.0046321
0.0026371
0.00637906
0.0117744
0.00270808
0.004675
0.00253711
0.0103042
0.00861401
0.00564302
0.00763771
0.00880026
0.0131673
0.0031569
0.00156305
0.00738526
0.0314128
0.00592398
0.00605626
0.00245895
0.00792856
0.0117323
0.00214825
0.00308273
0.0126203
0.00167737
0.0075941
0.0235363
0.00195901
0.00455061
0.0473572
0.00629323
0.000800754
0.00160141
0.00568859
0.00355277
0.005101
0.00265966
0.00649478
0.00513912
0.000748452
0.00249197
0.044166
0.00152333
0.014889
0.040567
0.00167546
0.00807044
0.0283613
0.00303956
0.016943
0.00219695
0.00869881
0.0014706
0.00285084
0.0076558
0.0102966
0.00553684
0.0291036
0.00984134
0.00439421
0.033932
0.00146303
0.00171508
0.00246794
0.0162659
0.00782598
0.0212506
0.00783216
0.00399369
0.0168317
0.0160085
0.00454332
0.0379005
0.00380082
0.0117123
0.00696663
0.000917649
0.00234469
0.0067904
0.00178574
0.0184317
0.00205029
0.00137527
0.00141934
0.0129357
0.00768555
0.0126591
0.0128308
0.0098084
0.00297407
0.00615859
0.0269273
0.0128912
0.0430257
0.00645853
0.0229158
0.0026033
0.00123271
0.0290002
0.00157829
0.00220678
0.0022742
0.00827779
0.00274001
0.0175896
0.00328343
0.00848448
0.00161317
0.00219893
0.00209254
0.00329905
0.00344646
0.00154758
0.026325
0.00146465
0.0104897
0.00494665
0.030872
0.00685011
0.0208018
0.0147669
0.0180503
0.00315744
0.00179023
0.00305069
0.00224236
0.0148039
0.00156022
0.0055283
0.00221102
0.00207621
0.00760991
0.00166215
0.0213819
0.0145374
0.0229306
0.00134762
0.0158726
0.0104749
0.0193424
0.0123065
0.0136531
0.0495079
0.00209449
0.00524466
0.0201143
0.000512241
0.00159104
0.00633989
0.00224143
0.00279257
0.00234142
0.00439069
0.00205116
0.0094813
0.00481471
0.0028229
0.00230042
0.0190408
0.00163912
0.0254702
0.00772289
0.00304178
0.00078757
0.00506569
0.00365447
0.000914067
0.026003
0.00474639
0.00178794
0.00280903
0.00989568
0.00472461
0.0066668
0.0105011
0.0609094
0.0412998
0.00644301
0.00339427
0.0112808
0.0102142
0.00158246
0.024251
0.00496807
0.00541496
0.00396545
0.000310324
0.00575535
0.0087612
0.00445863
0.00504069
0.000367166
0.00803321
0.00664452
0.00899392
0.0197826
0.0184689
0.00514165
0.0156777
0.0218871
0.00540757
0.00343909
0.0249705
0.0162192
0.00675889
0.00163599
0.00306999
0.0150326
0.00266456
0.00100235
0.00100062
0.00260508
0.00201633
0.00626242
0.00845931
0.00768461
0.00250389
0.00210904
0.00495015
0.0145224
0.00109698
0.0190424
0.00343247
0.00297269
0.00491457
0.00192594
0.000605425
0.0221511
0.00501987
0.0153625
0.0104633
0.0202789
0.0558616
0.00140631
0.00549248
0.00294201
0.00650855
0.00540147
0.00762698
0.00780609
0.0114964
0.00799536
0.0014199
0.00286605
0.00671256
0.0018789
0.00200663
0.00877869
0.00383187
0.00278677
0.00873131
0.00342142
0.0227162
0.00144266
0.00887118
0.00110084
0.0281787
0.0130619
0.00312117
0.000385618
0.00738657
0.00369872
0.004602
0.00340837
0.00192676
0.00154166
0.00103251
0.0205327
0.00777122
0.00535676
0.00864052
0.00469858
0.00129217
0.00927979
0.00119562
0.00351281
0.00852927
0.00326552
0.00404943
0.0146394
0.00199134
0.00828642
0.00360171
0.0531516
0.00931011
0.011753
0.00128692
0.00850237
0.0116581
0.00488464
0.00195333
0.000915942
0.00600154
0.00926329
0.00237088
0.00234629
0.000196838
0.000799705
0.00962724
0.00472804
0.00236255
0.014298
0.00289433
0.0250882
0.00449651
0.00362886
0.00129576
0.00162373
0.00632036
0.00727706
0.00339569
0.00308349
0.00141504
0.00352912
0.0315891
0.0181807
0.0030449
0.00359219
0.00982135
0.00762991
0.00871856
0.0493769
0.000872124
0.00489553
0.0039723
0.00175366
0.00441066
0.0017733
0.0117018
0.00140266
0.0106985
0.00352969
0.00406428
0.0178381
0.00195837
0.0136623
0.00205912
0.00365759
0.00313641
0.00882896
0.00212528
0.051537
0.00573841
0.0386933
0.00568068
0.0077469
0.00757524
0.000615286
0.0240988
0.0251714
0.0125439
0.0522948
0.0164196
0.0288245
0.00176986
0.00296984
0.0180209
0.00234248
0.000796298
0.0105317
0.0122376
0.00946318
0.00163524
0.0121986
0.00226486
0.0139727
0.00250184
0.0140872
0.0027583
0.00275548
0.0676719
0.0258082
0.00112672
0.0146332
0.00379496
0.00427536
0.0105301
0.00145488
0.0203697
0.00313623
0.00443012
0.00411399
0.00160443
0.0121815
0.00919978
0.0490675
0.0341172
0.00157146
0.000865385
0.00318315
0.00114365
0.00129146
0.00212057
0.0678677
0.0206276
0.0520792
0.00163019
0.00155242
0.005273
0.00232788
0.00506464
0.00570409
0.00103486
0.00319609
0.00302583
0.00186779
0.00997072
0.00604445
0.00984082
0.0310189
0.00820386
0.0293531
0.00195384
0.00844385
0.00163465
0.0100512
0.0446465
0.00530635
0.00579191
0.0204741
0.00169418
0.0057268
0.00733951
0.00262365
0.012492
0.00415651
0.00307878
0.00843328
0.00229433
0.00515937
0.0173742
0.00398691
0.0105506
0.000544848
0.0103721
0.00401324
0.00274252
0.0120442
0.00581352
0.0234098
0.0104201
0.0205109
0.00244164
0.00299679
0.00213058
0.00550988
0.00306212
0.00239599
0.00131817
0.00863101
0.00113094
0.0285284
0.0175258
0.00306795
0.0168122
0.0107798
0.0106128
0.0104468
0.00193385
0.00550712
0.00118789
0.00719356
0.00323236
0.0146125
0.00298308
0.0108495
0.0117834
0.0102864
0.00299485
0.0128105
0.0082811
0.0023652
0.0112248
0.00252758
0.0314123
0.00217077
0.0247898
0.00855773
0.0196223
0.0109888
0.00121097
0.0499747
0.0124117
0.00260459
0.000783632
0.0121896
0.0151773
0.0156158
0.00203234
0.00660389
0.00125703
0.0091313
0.0135764
0.00158385
0.000800859
0.00462365
0.0375929
0.00296386
0.0997371
0.00146645
0.0113358
0.00924581
0.00514019
0.00149175
0.00455189
0.00134068
0.00506551
0.0295344
0.000669285
0.00410049
0.00306852
0.02515
0.0195742
0.00742044
0.0130685
0.00449586
0.0235805
0.00165669
0.001307
0.00462065
0.0100258
0.014164
0.00058157
0.00220895
0.0023629
0.0014597
0.00118468
0.00109583
0.00171904
0.0134531
0.0144512
0.00540002
0.00788892
0.0545712
0.00145522
0.000529932
0.00449922
0.0131206
0.0021344
0.00580408
0.00142108
0.00180104
0.00385837
0.0115053
0.0151221
0.0017965
0.00399157
0.0353225
0.00128587
0.00556176
0.00226786
0.00325156
0.00283957
0.0170415
0.0102122
0.00441697
0.0156271
0.00224944
0.00569363
0.0166841
0.0021096
0.000600905
0.00730273
0.0126538
0.00562734
0.0402485
0.0175644
0.00124869
0.0060499
0.0133034
0.0108355
0.00693394
0.0253618
0.00305174
0.0171586
0.0122961
0.00178523
0.00140446
0.0101939
0.0157088
0.0010349
0.00158124
0.00424354
0.000571952
0.00784016
0.000719568
0.00343598
0.00735387
0.0400259
0.00225371
0.0154074
0.00644677
0.00132926
0.00378823
0.00131144
0.021994
0.0135503
0.00261901
0.0291078
0.00713428
0.000909289
0.000734929
0.0350466
0.00569301
0.0183136
0.0045417
0.00194213
0.00337214
0.000380648
0.00121426
0.00035653
0.00258265
0.00941441
0.00263711
0.00954581
0.00370306
0.0103977
0.0117067
0.00059004
0.00147788
0.00981586
0.0130307
0.00617319
0.00200046
0.0067865
0.0137775
0.00368182
0.00390116
0.00130754
0.00174837
0.00221814
0.00229449
0.0113505
0.00190947
0.000546886
0.00371334
0.00450096
0.0225578
0.00347863
0.00240115
0.00826248
0.00466834
0.00547334
0.00458921
0.00143853
0.00215644
0.00573232
0.0321251
0.0128344
0.00729767
0.00950083
0.0021821
0.0921971
0.00179018
0.0205061
0.0512426
0.00756091
0.0075488
0.0251791
0.00279363
0.0144898
0.0048376
0.0193831
0.0194526
0.00413883
0.0393827
0.00142843
0.00272157
0.00617833
0.00236936
0.000819198
0.0402039
0.0114907
0.00399348
0.00582226
0.00394286
0.00549883
0.00238688
0.00554279
0.00614454
0.00166125
0.00212215
0.000945809
0.0182592
0.00192992
0.00406261
0.0121104
0.013164
0.00420303
0.0021708
0.00201072
0.00213446
0.0170923
0.0069797
0.00155796
0.00148229
0.00348068
0.0271298
0.00281285
0.00259255
0.00912784
0.0394458
0.0157079
0.0061011
0.00811443
0.000767608
0.00873985
0.00559912
0.00185829
0.00217066
0.0197676
0.000354147
0.00116515
0.00486793
0.0199418
0.00312798
0.0145321
0.0252188
0.00462345
0.00467866
0.00108118
0.00583004
0.00148657
0.00187852
0.0118929
0.0480182
0.00174165
0.000200142
0.00134763
0.00490269
0.00436769
0.00690693
0.0108266
0.00491747
0.000512063
0.00599163
0.00328121
0.00271527
0.00113252
0.00114059
0.00369862
0.00485972
0.0273596
0.0020462
0.00166244
0.0054907
0.00340976
0.00264589
0.00549635
0.000979953
0.00267632
0.00252288
0.00794812
0.00144647
0.00103932
0.017774
0.010206
0.0120296
0.0178037
0.00223546
0.00644415
0.0249006
0.00422338
0.0106794
0.00896004
0.0127215
0.00287852
0.00208846
0.00416756
0.00837551
0.0120751
0.00314659
0.00590922
0.031322
0.00122003
0.00997117
0.00570081
0.00885901
0.00168064
0.00181513
0.00757453
0.00138564
0.0160042
0.0020752
0.00151481
0.00169117
0.00287816
0.00353612
0.0182039
0.00449469
0.00366212
0.00106305
0.0269656
0.0117692
0.00109263
0.0025585
0.0128567
0.00176932
0.0470522
0.00315734
0.000883803
0.0121832
0.0129178
0.0358485
0.0018897
0.00450596
0.00268326
0.00174048
0.00425453
0.0428531
0.00230902
0.000455947
0.00291826
0.00204023
0.0013768
0.00438221
0.0284314
0.000976149
0.00642503
0.000556159
0.00284178
0.0238751
0.00310647
0.0194101
0.00109997
0.00245911
0.00164944
0.0257428
0.00712537
0.00702134
0.00185205
0.00971347
0.00815913
0.00095531
0.00316238
0.00910661
0.000740772
0.0334005
0.00616532
0.0242933
0.0060751
0.0108148
0.00345686
0.0182263
0.0156374
0.00188644
0.00365211
0.00495903
0.00196536
0.0410841
0.0395381
0.00230904
0.00365223
0.00263002
0.0163455
0.0162524
0.00505132
0.00386572
0.00190316
0.000926136
0.00550644
0.00510865
0.0105334
0.0466016
0.00301588
0.00397134
0.00327459
0.00181368
0.00564942
0.0124499
0.00828976
0.00806864
0.0024608
0.00412612
0.000995854
0.0357737
0.0111792
0.00663194
0.00292491
0.0102624
0.0143878
0.00517207
0.00405395
0.0112702
0.00154218
0.00240739
0.0092457
0.00129539
0.00577596
0.00796788
0.003373
0.016173
0.00298234
0.00145033
0.0160535
0.00875616
0.0683035
0.014787
0.00723801
0.00155731
0.00223998
0.0376424
0.00450763
0.016588
0.0745008
0.0011164
0.00234232
0.00095416
0.00319594
0.0149779
0.00831589
0.0016933
0.00342241
0.0116833
0.000815413
0.0149728
0.0215358
0.0253394
0.00203158
0.00247021
0.0438155
0.0011797
0.00270319
0.0246203
0.0124097
0.00154172
0.00795202
0.00249499
0.00439479
0.00614556
0.00979969
0.00179468
0.00174074
0.0148463
0.00182113
0.0262602
0.00237979
0.00155707
0.0141731
0.00144411
0.00156959
0.00527096
0.0111438
0.0314697
0.0215328
0.012496
0.010504
0.00122441
0.0257377
0.00208412
0.00884039
0.00555462
0.0601356
0.012235
0.0146821
0.00174486
0.0324237
0.0117237
0.0142804
0.00285714
0.00117761
0.00417006
0.00106639
0.00186093
0.000849236
0.00144391
0.00126788
0.014351
0.0169307
0.00920768
0.0117226
0.00675768
0.00362635
0.0056339
0.0164222
0.00324865
0.00207991
0.00153618
0.0233596
0.000586125
0.00406736
0.0178383
0.00186082
0.0211027
0.0512237
0.000988743
0.00132508
0.0181925
0.00076034
0.00505882
0.00313125
0.00668074
0.00332572
0.00437662
0.000574304
0.000905871
0.0269955
0.00232608
0.00120621
0.00923489
0.00694069
0.00618653
0.00225925
0.0103642
0.00760685
0.00101876
0.00474166
0.00573751
0.00251732
0.00300863
0.0121702
0.0070151
0.00266828
0.0128029
0.0175726
0.00263675
0.0242786
0.0142254
0.00368111
0.00184522
0.0214952
0.00989083
0.0255414
0.00439534
0.00482989
0.0262878
0.0106272
0.00125862
0.00134787
0.00453214
0.00296561
0.00264502
0.00210338
0.0346077
0.00105564
0.0122395
0.00788992
0.00285297
0.00274687
0.00315241
0.00182224
0.00419595
0.00217621
0.00440087
0.00342896
0.0120878
0.00274874
0.00142745
0.0160388
0.00111968
0.0161046
0.00185057
0.0245429
0.0117813
0.0154852
0.00565722
0.00148344
0.0104432
0.00505683
0.00213877
0.00480937
0.0046843
0.00885633
0.00446169
0.00452613
0.00663656
0.00382611
0.00998307
0.0448585
0.0652178
0.0156896
0.0110582
0.00263931
0.00560782
0.0148321
0.00452604
0.00348606
0.00173646
0.00416481
0.00738459
0.0152992
0.00403131
0.0149325
0.00280551
0.0128827
0.00105052
0.00767789
0.00228547
0.00300869
0.00110043
0.0188315
0.0158923
0.0138077
0.00918683
0.0083171
0.00166714
0.00437566
0.00443076
0.000659512
0.00232072
0.00163368
0.0205451
0.00848165
0.061872
0.0020067
0.00125109
0.0123731
0.00182439
0.0434386
0.00290087
0.000925801
0.00347225
0.000932673
0.0064572
0.00286546
0.00841722
0.0136651
0.00404939
0.0116728
0.00417423
0.00309092
0.0350552
0.0175938
0.00967771
0.0150662
0.050941
0.0125636
0.00508143
0.00170624
0.00240391
0.0116332
0.00307184
0.0242133
0.00517412
0.00236582
0.00843228
0.000564675
0.00197242
0.00364987
0.0113491
0.00724717
0.00395791
0.0048793
0.00181947
0.0123772
0.00332004
0.00864437
0.00851842
0.0129821
0.000245179
0.00219645
0.00400357
0.00690228
0.00354419
0.0143008
0.00121646
0.0170187
0.0063055
0.00228995
0.00418168
0.00375831
0.00180709
0.010145
0.00556312
0.00473098
0.0317332
0.0256564
0.0167541
0.00598791
0.0038241
0.00598843
0.00869272
0.00134106
0.00524129
0.0135741
0.00379949
0.00886662
0.0310611
0.00223369
0.0633189
0.00364537
0.00587242
0.0114494
0.0421765
0.000414007
0.0357928
0.00262271
0.0017115
0.00717581
0.000414207
0.0111345
0.0111335
0.00269025
0.00156372
0.0188798
0.00266466
0.001739
0.00324491
0.0362259
0.00181879
0.00238555
0.00524099
0.0096081
0.0147774
0.00546204
0.0202086
0.0279915
0.0235687
0.0168328
0.00206303
0.00263398
0.0116191
0.00849159
0.00950097
0.0144237
0.0131248
0.000760757
0.00360818
0.00489476
0.000896621
0.00737266
0.0118641
0.0447533
0.00297561
0.00335615
0.00857647
0.00391903
0.00440877
0.0077288
0.0255539
0.0147451
0.00419435
0.00171943
0.001553
0.0352179
0.0108134
0.00801248
0.00862632
0.0102722
0.0191182
0.0058846
0.00392814
0.000753229
0.0208078
0.0081586
0.00216799
0.00105146
0.0164491
0.00335552
0.00249311
0.0419706
0.00252477
0.00231662
0.00722664
0.00322594
0.00672547
0.00273641
0.0609641
0.00433632
0.00377951
0.00602839
0.00365258
0.00175762
0.000908553
0.00267886
0.0133195
0.00254495
0.00163188
0.00785393
0.00384681
0.00584888
0.0187102
0.00444317
0.00622019
0.0107363
0.00280164
0.00433947
0.00539901
0.00378302
0.00702798
0.00232668
0.00103478
0.00302743
0.00102877
0.029084
0.00118377
0.0432211
0.000812537
0.00884202
0.0028169
0.0597003
0.0074488
0.00671148
0.00641613
0.00376022
0.00340683
0.0336157
0.0024476
0.0106612
0.00622335
0.0230798
0.00263115
0.00140817
0.00575479
0.00539025
0.0133488
0.0140489
0.00759415
0.00739567
0.00807361
0.00526773
0.00513453
0.00492623
0.0110095
0.0117508
0.00658235
0.00775177
0.00310739
0.0208505
0.0658255
0.0346233
0.00272452
0.00350586
0.00160564
0.00178512
0.0181716
0.0103408
0.00621665
0.000524543
0.00464047
0.00307011
0.00269549
0.00279689
0.00206707
0.00118029
0.000824684
0.00589714
0.00631538
0.00417046
0.00299453
0.00559461
0.00609835
0.00776397
0.0096082
0.00930854
0.0334906
0.0033351
0.00331944
0.00260107
0.0196158
0.00077935
0.0142263
0.00945232
0.070889
0.0125069
0.00268521
0.00409346
0.0173955
0.0109257
0.0013249
0.00122802
0.0120229
0.0151823
0.0208651
0.00502159
0.00869462
0.00166813
0.00984616
0.0109524
0.000563273
0.0201051
0.00969895
0.00152513
0.00245007
0.00143556
0.00236224
0.00132392
0.023268
0.0138153
0.00807326
0.0187605
0.0176812
0.00463041
0.00137551
0.0200347
0.0311042
0.00513903
0.0108844
0.0252386
0.0452839
0.00434455
0.000151598
0.00567194
0.0237809
0.00461412
0.00466771
0.00285429
0.0118393
0.00309004
0.000467045
0.000604418
0.0240286
0.00148594
0.00128196
0.0267461
0.00395395
0.00226635
0.0218489
0.00884854
0.00248315
0.00954629
0.00219752
0.00771975
0.00147211
0.034242
0.00511382
0.00552
0.0312651
0.000144155
0.00276099
0.00444263
0.019528
0.000955468
0.00321653
0.00405932
0.00438754
0.0134202
0.0231907
0.013701
0.00412741
0.019235
0.0347541
0.00548337
0.00118898
0.00261585
0.00389299
0.00424981
0.0404833
0.00497527
0.00181435
0.00949907
0.00236922
0.00476285
0.00149137
0.00441466
0.0015075
0.00254182
0.00354311
0.018386
0.0200786
0.00675923
0.0172067
0.00841223
0.00587761
0.0179687
0.114919
0.00167328
0.00584208
0.00298304
0.00259402
0.00180402
0.00737278
0.00782232
0.00611081
0.00253126
0.0163003
0.0375735
0.00118576
0.00067823
0.00143651
0.0191977
0.00198549
0.001602
0.00296441
0.00327335
0.0147161
0.00191848
0.0193646
0.00827661
0.00196828
0.000226998
0.00112373
0.00585507
0.00383221
0.00154762
0.00226309
0.0284897
0.00356734
0.00393513
0.00170292
0.030125
0.00153836
0.00281974
0.00153326
0.0255433
0.0331047
0.0111096
0.00364018
0.00731294
0.00475064
0.00145234
0.00488926
0.0019875
0.00412939
0.00310966
0.00472479
0.00105528
0.0150215
0.0320432
0.00730756
0.00378506
0.00557327
0.00258669
0.00162036
0.00262763
0.00157302
0.0316935
0.00464793
0.000942015
0.00432935
0.00100038
0.00738641
0.00180433
0.000922505
0.00791085
0.0121288
0.0123425
0.0102047
0.00278653
0.00239666
0.00250768
0.0317627
0.00297794
0.0312598
0.00721313
0.0455717
0.00305671
0.0066965
0.00794371
0.00582914
0.00509822
0.00230344
0.00940185
0.00312804
0.0346568
0.00122204
0.005945
0.00695652
0.0317175
0.00109383
0.0100528
0.00211082
0.0436262
0.00573125
0.00475382
0.000625328
0.00429214
0.00162049
0.00231537
0.00183582
0.0109564
0.0142608
0.00517305
0.00386667
0.00243834
0.00500874
0.0112697
0.051296
0.000440936
0.000520304
0.0163073
0.0273354
0.00184963
0.0380841
0.0108662
0.00762774
0.0012587
0.0125516
0.0307759
0.00303918
0.00592068
0.00177166
0.00458066
0.0107128
0.00261604
0.00980143
0.0018871
0.0397
0.00170698
0.00743131
0.00218879
0.00486211
0.00878457
0.0161141
0.00675765
0.00299453
0.00654777
0.0113067
0.000724247
0.00510043
0.00109611
0.00277401
0.00531868
0.00536257
0.0055434
0.0028887
0.0019244
0.00228634
0.00193081
0.0443572
0.0332167
0.00314966
0.00525176
0.00953918
0.0122328
0.00517176
0.00230826
0.00495894
0.00785772
0.0115455
0.00160458
0.0015688
0.00788645
0.00204978
0.00378266
0.00613569
0.0129982
0.00191436
0.00957091
0.00179679
0.0434792
0.00383919
0.00138288
0.00699556
0.000449954
0.00427529
0.00431133
0.00134741
0.00410349
0.00171375
0.0219667
0.0281847
0.00115669
0.0075101
0.0147719
0.0052596
0.00140646
0.0201672
0.00457443
0.00396853
0.00173113
0.0145772
0.00367567
0.00406382
0.0050822
0.00234525
0.00077412
0.0199417
0.00224479
0.00205239
0.00418004
0.0127437
0.00147993
0.00234325
0.014925
0.0118497
0.00777063
0.0343036
0.00764528
0.000752751
0.0157356
0.0231604
0.0247203
0.016242
