0.00139356
0.00115342
0.0121188
0.00302214
0.00337845
0.00132844
0.00429647
0.00177806
0.000662648
0.00389751
0.00476672
0.0093519
0.00101201
0.00043988
0.00347525
0.00451281
0.00126334
0.00119752
0.000672212
0.0541703
0.00849818
0.00195968
0.00538166
0.0180831
0.0069507
0.00140234
0.00119165
0.00262534
0.00305712
0.0157242
0.00292473
0.00336435
0.0019571
0.00194406
0.00175792
0.00141511
0.00290529
0.000711705
0.0188323
0.00359381
0.00202085
0.0017417
0.0123502
0.0020532
0.000644852
0.00197506
0.00235518
0.0120762
0.0114418
0.000889041
0.00221178
0.000979883
0.00161663
0.00255551
0.002249
0.00507113
0.0174073
0.00793551
0.00346968
0.00729134
0.00420721
0.0276106
0.00575265
0.00642547
0.0235546
0.0104177
0.00290633
0.00133008
0.000814166
0.00638624
0.0385145
0.00143945
0.00214853
0.00347331
0.00261649
0.002226
0.00242317
0.00273597
0.00226
0.00298256
0.00291558
0.0186707
0.000809498
0.0186823
0.00270317
0.00217362
0.00177942
0.00249437
0.000368047
0.00536034
0.00467799
0.0211741
0.0153199
0.00948132
0.00209583
0.00277225
0.0137964
0.00111448
0.000686466
0.00281606
0.00227161
0.00266427
0.00435877
0.000315548
0.00217628
0.00584461
0.00138663
0.00275288
0.00141817
0.00103996
0.000974851
0.0022655
0.00212233
0.00175099
0.00202577
0.00532841
0.0075751
0.00264693
0.00175102
0.0061692
0.00204148
0.00425656
0.00135282
0.00533271
0.000959617
0.0198562
0.0385386
0.000634095
0.000934941
0.00275997
0.0192348
0.0419207
0.00189248
0.00281616
0.00059302
0.00122112
0.000630981
0.0113879
0.00292078
0.00121408
0.0110569
0.000834487
0.00248814
0.00262797
0.00125233
0.047743
0.0196387
0.00338651
0.00556263
0.00366539
0.00306669
0.00172569
0.00404638
0.000776027
0.0345219
0.00204012
0.00100815
0.0160002
0.00246828
0.00379782
0.00168628
0.0025795
0.000570794
0.00188891
0.0036736
0.0213848
0.00599867
0.000961459
0.00240576
0.00369907
0.000657212
0.000993156
0.0020916
0.00343004
0.0015433
0.00319893
0.000729902
0.00223744
0.00451178
0.00092233
0.00261575
0.00304275
0.00251582
0.0122547
0.00163488
0.00118743
0.00206422
0.00256499
0.00839886
0.00182372
0.00131636
0.0114676
0.00786892
0.00357192
0.0023183
0.00590678
0.000876739
0.00095005
0.00496896
0.00299199
0.00016522
0.000510172
0.00998072
0.00425939
0.00100363
0.0041799
0.00244941
0.00137217
0.00330512
0.00103523
0.00412135
0.00124285
0.00292178
0.00182799
0.00245528
0.00496718
0.000790828
0.00183086
0.00194391
0.00642887
0.00197507
0.00257834
0.00169537
0.0036577
0.00140805
0.00393583
0.00117961
0.000756942
0.00240518
0.00250417
0.00385833
0.00580933
0.00123274
0.00145187
0.000216161
0.00128025
0.00636758
0.00461851
0.00365858
0.00273916
0.000987855
0.0102404
0.00506833
0.00348449
0.00998003
0.000616419
0.000498477
0.00252604
0.000854005
0.00564187
0.000915615
0.00123959
0.0321756
0.00227228
0.0193574
0.00387739
0.00325374
0.00424723
0.00741475
0.0014594
0.00256863
0.00589703
0.00145661
0.001695
0.0176766
0.000912436
0.000710207
0.000775544
0.000419284
0.000952551
0.00560226
0.000273291
0.000883818
0.0404443
0.00911674
0.000652065
0.00256733
0.00223577
0.00491204
0.00685747
0.00132055
0.0133873
0.002936
0.00155761
0.0032844
0.00285153
0.00194819
0.000712432
0.00158445
0.00160085
0.00278507
0.00233531
0.00152199
0.00221378
0.00231639
0.0163722
0.00991063
0.000465493
0.00180646
0.00104252
0.00116875
0.00108324
0.00140404
0.00137874
0.00408602
0.00159876
0.00133423
0.00945816
0.000892603
0.0731892
0.00737653
0.00231348
0.00624569
0.00846985
0.0125984
0.00285341
0.00345149
0.000977897
0.0481683
0.00218219
0.00355773
0.00270759
0.0148189
0.00280396
0.00375945
0.00156209
0.00619558
0.000976472
0.00297259
0.0026992
0.0155309
0.0107535
0.000268774
0.00263168
0.00219086
0.00316986
0.00168355
0.00174329
0.0030159
0.00212413
0.00516615
0.0329769
0.00621909
0.00106455
0.000967088
0.00426957
0.00225724
0.00071826
0.00169797
0.00050375
0.00317193
0.00227601
0.0289792
0.000438727
0.00289492
0.00290553
0.00310482
0.00269288
0.000886233
0.00361099
0.00143876
0.00210491
0.00816531
0.00222025
0.0478964
0.00184743
0.00561704
0.00204148
0.0068921
0.000644325
0.00186693
0.0112607
0.00183403
0.0013835
0.00143061
0.00968049
0.00081023
0.00599452
0.000988233
0.00283663
0.00754983
0.00678941
0.00180817
0.00331001
0.00859512
0.0437237
0.00902502
0.00165238
0.000689062
0.00210418
0.00157512
0.00124079
0.00397434
0.00727159
0.00101677
0.002542
0.00236272
0.000806758
0.0130218
0.00218349
0.00120261
0.0102284
0.00171923
0.00114879
0.0057528
0.00138473
0.00186359
0.00136801
0.00326533
0.00980813
0.0259961
0.00261222
0.00106692
0.012971
0.000975152
0.0254224
0.0042685
0.000823197
0.00079661
0.00152806
0.00124542
0.00220123
0.00091068
0.00472877
0.00303415
0.000906156
0.0016442
0.0027934
0.00202944
0.0639162
0.00151446
0.00234095
0.00836626
0.00473322
0.00878414
0.00395451
0.00134226
0.00175828
0.00488007
0.00164782
0.00263665
0.00203
0.00308942
0.00832625
0.00141653
0.00182202
0.00257354
0.00245793
0.00456165
0.0132235
0.00243307
0.00166713
0.00209139
0.000688691
0.00091526
0.00140334
0.00301571
0.00323772
0.000509342
0.00362555
0.014888
0.00553666
0.0279162
0.00268414
0.000383234
0.00117018
0.00356701
0.00332322
0.000906934
0.00575739
0.00035573
0.00210143
0.00369943
0.00286455
0.00121558
0.00521777
0.00360499
0.00264157
0.000513977
0.0320558
0.0089262
0.000413391
0.00286448
0.00826087
0.00164718
0.000897014
0.000501144
0.00205322
0.00116276
0.000271597
0.00129897
0.030125
0.00185027
0.00178957
0.00283706
0.0167817
0.00287046
0.00295069
0.00167587
0.0101007
0.00132164
0.001515
0.0123387
0.00151239
0.00155057
0.00976527
0.00566973
0.00363308
0.00037806
0.00272535
0.04072
0.00986568
0.00448471
0.00324198
0.00258393
0.00175753
0.0154635
0.0055968
0.000925486
0.00197357
0.000780268
0.00192747
0.00194336
0.0048222
0.0601137
0.0207185
0.00296427
0.00281346
0.00123927
0.00185846
0.00119996
0.0126631
0.00169524
0.00139437
0.00935869
0.00139958
0.00115247
0.000674777
0.00183086
0.00190216
0.00247168
0.00295243
0.00362853
0.00454225
0.00249765
0.00320774
0.00276645
0.00225266
0.00345339
0.0038336
0.00190557
0.00152763
0.00911016
0.00370034
0.00401782
0.00165174
0.00133503
0.00412916
0.000447638
0.00282743
0.00365132
0.00262858
0.00126756
0.00412576
0.00531715
0.00311972
0.00180059
0.0023575
0.00184201
0.00152045
0.00254079
0.00162446
0.00823959
0.00108215
0.00397107
0.00196376
0.0141155
0.00306486
0.00165966
0.00151191
0.00349418
0.0183371
0.000894408
0.00800465
0.003572
0.0013117
0.00273406
0.00381934
0.000872347
0.00216591
0.00400741
0.00290015
0.00700726
0.00107355
0.0281905
0.0489738
0.00217207
0.00245419
0.00167253
0.00252295
0.000766121
0.00188217
0.00169629
0.00106239
0.00322594
0.00121988
0.00122061
0.00039438
0.00158426
0.00502346
0.00276872
0.00241868
0.000962235
0.000937638
0.000716466
0.00152274
0.00146922
0.00122456
0.000642279
0.00140788
0.000769887
0.00963509
0.00157149
0.00178417
0.0146215
0.00375604
0.00201208
0.00238632
0.0261368
0.00024605
0.00192404
0.00075589
0.00223367
0.00406761
0.000404021
0.00213821
0.00244485
0.00217983
0.00270575
0.0109221
0.00183564
0.00294793
0.000771118
0.0179114
0.00210502
0.0019164
0.0088711
0.00184928
0.0037589
0.00086936
0.00252126
0.0017163
0.00160601
0.00236899
0.00351194
0.00134572
0.00266679
0.0051309
0.00334989
0.00205603
0.00154573
0.00309499
0.00148316
0.0166696
0.00500072
0.00475827
0.000734969
0.00326846
0.0263006
0.00553108
0.00015077
0.00170151
0.00188214
0.000539696
0.0174256
0.00169761
0.00390122
0.00275121
0.0180801
0.00298434
0.00558355
0.00303437
0.00216722
0.00277575
0.000866356
0.00243915
0.00187692
0.0243734
0.000576341
0.00148235
0.000727339
0.00165599
0.000771591
0.0117546
0.000284774
0.00289853
0.0424792
0.0101165
0.00794904
0.00460392
0.00167759
0.00190698
0.00237736
0.000836452
0.00128359
0.00844957
0.00081349
0.00311238
0.00155284
0.011336
0.0103396
0.000615265
0.00432794
0.00233387
0.0150982
0.000808885
0.0019883
0.0293814
0.00159071
0.00127582
0.00144525
0.00213374
0.000148104
0.00139429
0.00210051
0.00284025
0.0520457
0.00833734
0.001275
0.00111586
0.00281911
0.00349922
0.00101675
0.00118725
0.0147866
0.00135995
0.00194727
0.00160052
0.000733604
0.00175139
0.00185097
0.0187076
0.00190886
0.00168137
0.000440484
0.000893757
0.0041948
0.00149926
0.00112417
0.00183197
0.0014865
0.00202323
0.000816791
0.0046666
0.00319734
0.000479109
0.000211803
0.0108239
0.0117775
0.00356322
0.00176144
0.00535489
0.00303647
0.00676556
0.00139711
0.01241
0.0023819
0.00137328
0.0167702
0.00256416
0.00129827
0.0473308
0.00244575
0.0011923
0.00308422
0.0011884
0.00299781
0.0678567
0.000794866
0.00261748
0.000519458
0.00379319
0.0285896
0.000508723
0.00141269
0.00132283
0.00105567
0.00237684
0.00196065
0.00234102
0.00322876
0.00612161
0.00455976
0.00170852
0.000619663
0.000197929
0.00362418
0.00447097
0.00352995
0.00476233
0.00164423
0.000617269
0.00190373
0.00287979
0.0106412
0.00365913
0.00213816
0.000407512
0.00850353
0.00103154
0.00124979
0.0018336
0.00190612
0.00149904
0.000721705
0.0104093
0.00258283
0.00166921
0.00152649
0.0311634
0.00605673
0.000716368
0.00341028
0.00134812
0.00275478
0.000795567
0.00199859
0.00464
0.0131519
0.000596665
0.00233106
0.00137019
0.000733757
0.00158508
0.000364922
0.00426771
0.002413
0.00110252
0.00212132
0.0189674
0.00197802
0.00207531
0.00264898
0.00348925
0.00111294
0.00346282
0.00153606
0.00200413
0.00208947
0.00297265
0.00220733
0.000632449
0.00101286
0.0084065
0.00412705
0.0015011
0.00102977
0.00376274
0.00117304
0.00101131
0.00225709
0.0117198
0.000840053
0.0023848
0.000482415
0.00218821
0.000591548
0.000795043
0.0184641
0.00255894
0.00674001
0.00057778
0.00169236
0.00122364
0.00268232
0.00364717
0.00164669
0.00310515
0.00143811
0.000262384
0.00240411
0.00104802
0.00108673
0.00058764
0.000389516
0.00599147
0.000874564
0.00443174
0.00300979
0.00184411
0.000869946
0.00343438
0.00117878
0.00020408
0.00132477
0.00279625
0.0096389
0.00164216
0.00663051
0.00113582
0.00144813
0.00119343
0.002401
0.000339101
0.00825889
0.00552307
0.0058907
0.00303137
0.00259034
0.0022938
0.000383405
0.00511021
0.0108603
0.00355164
0.000536878
0.0172882
0.00314306
0.00212301
0.0016435
0.00159799
0.00332601
0.00386375
0.00631354
0.00447629
0.00407904
0.00233674
0.00060159
0.001804
0.00542014
0.000741892
0.00285415
0.00125181
0.00202675
0.00200301
0.00644122
0.00177305
0.00447861
0.00124623
0.00133358
0.00274274
0.00128247
0.000434086
0.00210318
0.00285861
0.00177134
0.00089966
0.00417542
0.000503549
0.00266208
0.00234295
0.00297596
0.0130044
0.00227896
0.00210233
0.0204166
0.00137171
0.000472071
0.00168181
0.00317278
0.00362543
0.00125412
0.00195528
0.00163983
0.00077304
0.0091418
0.0013797
0.0119911
0.0029746
0.0144976
0.014083
0.00156423
0.00150297
0.00870769
0.00086074
0.00607344
0.00137054
0.00163438
0.000648352
0.00227004
0.00201439
0.00198444
0.00229891
0.0100249
0.00407393
0.00197744
0.0018878
0.00161718
0.000572972
0.00348738
0.00248662
0.00450304
0.00186381
0.000878656
0.00125198
0.003673
0.000657348
0.00573002
0.00168066
0.0596472
0.0267649
0.00128453
0.0011792
0.00183921
0.000761263
0.00134224
0.000610631
0.00100144
0.00370357
0.00234866
0.00197934
0.00414358
0.00107959
0.000497197
0.00217346
0.000908329
0.00172257
0.000971215
0.000650782
0.00288706
0.00319918
0.000848339
0.00452543
0.000524139
0.00225632
0.00319858
0.0262575
0.00216022
0.00482022
0.00313828
0.00467407
0.00578491
0.00167617
0.000741865
0.00551469
0.0145169
0.00153522
0.00152068
0.00064994
0.0105872
0.00386826
0.00190141
0.0020759
0.0240603
0.00366136
0.00252191
0.00245738
0.00170028
0.00112366
0.00708756
0.00085599
0.00420259
0.0131791
0.00255533
0.00126805
0.00495523
0.00223111
0.000486553
0.000958926
0.00221453
0.00110842
0.00329747
0.000981734
0.0146158
0.00122208
0.00111992
0.000865339
0.00135766
0.0012569
0.00422826
0.00150274
0.00292957
0.00462972
0.00145348
0.00217461
0.0458797
0.00332362
0.00318921
0.00121839
0.00290133
0.00281563
0.00068022
0.0048414
0.00206044
0.00700466
0.00223502
0.0458079
0.00246525
0.000623191
0.0022238
0.000430318
0.000462529
0.000481397
0.0442086
0.00164908
0.000666675
0.00115681
0.00353764
0.0048916
0.000794473
0.00165523
0.00135426
0.00107559
0.0023922
0.000638353
0.00574296
0.000214217
0.00158454
0.00249254
0.00123497
0.000673863
0.00315595
0.00445587
0.00355897
0.00268418
0.00359585
0.00458061
0.00425918
0.002521
0.00126343
0.00185011
0.00510602
0.00390303
0.00199275
0.00192941
0.00448845
0.0011743
0.00272032
0.00157823
0.00234626
0.000393288
0.00173021
0.00442605
0.00403327
0.00123482
0.0012273
0.00217266
0.00205097
0.0041857
0.00169451
0.00623204
0.00323021
0.00128052
0.00288514
0.000928725
0.00384441
0.000729655
0.00257907
0.0310204
0.000356359
0.00231038
0.000589073
0.00763974
0.0017141
0.0401
0.00587959
0.00208576
0.000560877
0.00414027
0.00108868
0.000584106
0.00187255
0.000715554
0.001087
0.00484532
0.00226129
0.00114179
0.00398817
0.00229276
0.00361386
0.00121003
0.016097
0.00230955
0.00134439
0.00310874
0.00296696
0.00587671
0.00188678
0.00644198
0.0221072
0.00126167
0.00188173
0.00159876
0.00364095
0.0107841
0.00108484
0.00246757
0.00155671
0.00308413
0.000587618
0.000305734
0.00131233
0.00114602
0.0307161
0.00148845
0.000490906
0.00813501
0.00129272
0.00239023
0.00437563
0.00262789
0.00259124
0.00165203
0.00403533
0.000615037
0.00173297
0.001562
0.000806797
0.00189588
0.00327446
0.00162202
0.00272165
0.0578552
0.0167054
0.00137961
0.00736099
0.00109215
0.00195183
0.00473733
0.00158248
0.00137181
0.0036511
0.00184244
0.0016994
0.00280112
0.0151672
0.00115716
0.000503317
0.0040171
0.00718355
0.013393
0.00149776
0.000625284
0.00158865
0.00408764
0.00185898
0.00356937
0.00270632
0.00213319
0.000693719
0.00153985
0.00905386
0.00133791
0.0019251
0.00442529
0.00476266
0.00404403
0.00166866
0.0162771
0.00612626
0.0225013
0.000671634
0.00190801
0.00233321
0.000755655
0.00172065
0.0022532
0.00153413
0.00392581
0.000950147
0.000911053
0.000538001
0.00124598
0.000494076
0.001261
0.0002518
0.00265676
0.000896004
0.00884153
0.0163776
0.0017295
0.00468838
0.000616333
0.00231434
0.00483304
0.00149721
0.00156971
0.0162011
0.019352
0.00198311
0.00204753
0.00141425
0.00402235
0.00247623
0.00152217
0.00181754
0.000625147
0.000658314
0.000837031
0.00444008
0.0418287
0.00208211
0.00858335
0.000275787
0.00562914
0.0013672
0.00222357
0.00223148
0.00971917
0.000851531
0.025972
0.00345286
0.00516606
0.00138565
0.000919633
0.00252277
0.000358488
0.00383595
0.00311244
0.00188725
0.00229931
0.00475184
0.0292327
0.00190417
0.00173246
0.0104282
0.0134506
0.00283673
0.0016189
0.00155506
0.00423205
0.00771064
0.00312427
0.00311864
0.0118601
0.00145918
0.00212268
0.00401528
0.0052599
0.00134774
0.00170183
0.0111072
0.0116306
0.00507681
0.00209746
0.0102988
0.00726022
0.00145614
0.0101625
0.00187361
0.00298661
0.000848897
0.00146893
0.00070021
0.00131035
0.0027431
0.00847424
0.000862488
0.000282772
0.000721743
0.00287845
0.00215072
0.000710088
0.00144767
0.00487557
0.000887359
0.00184444
0.000938311
0.00374457
0.00107266
0.00247922
0.00341484
0.00174156
0.00124697
0.00194862
0.00191549
0.0130506
0.00164524
0.00202642
0.00290167
0.00183527
0.00319261
0.0289805
0.00223814
0.00222173
0.00218762
0.00515256
0.00191696
0.00266657
0.00433517
0.00757426
0.00381698
0.00155222
0.00186229
0.000352914
0.0346417
0.00242919
0.00229754
0.00442874
0.00811372
0.00100742
0.0210765
0.000513003
0.0061491
0.0060721
0.00133754
0.00201779
0.000405677
0.000640535
0.0124443
0.0015415
0.000835006
0.000741973
0.00427144
0.00263025
0.00382471
0.00145078
0.0083989
0.00369752
0.00298627
0.00283422
0.000930353
0.00188327
0.00295732
0.00139887
0.00156422
0.14024
0.000733153
0.011715
0.000524477
0.00805694
0.00887809
0.00170181
0.00217874
0.000421605
0.00145962
0.00268621
0.000311275
0.00153253
0.0029833
0.00185565
0.00123532
0.00650867
0.00203117
0.000605389
0.00131335
0.00450489
0.00235075
0.00230742
0.00322545
0.000399613
0.00436298
0.00240731
0.00874052
0.00105484
0.000697357
0.00102906
0.00182145
0.0029417
0.00385022
0.00373536
0.0124298
0.00159343
0.0051908
0.00185524
0.00153519
0.0167547
0.00148961
0.00296657
0.00578134
0.00291549
0.00334933
0.0252259
0.0017132
0.00240721
0.0518378
0.000505565
0.00314172
0.00119975
0.00126189
0.00190442
0.00680352
0.0136637
0.0018318
0.003124
0.00148497
0.00357172
0.00176557
0.00108644
0.00675936
0.00331933
0.0121189
0.00489416
0.0121544
0.00653753
0.0054714
0.000793537
0.00165141
0.0161232
0.00468702
0.00614208
0.00729528
0.00101955
0.00140426
0.00420826
0.00133345
0.000561803
0.00128906
0.00326441
0.00455024
0.00689019
0.00437413
0.0305832
0.00172768
0.00705861
0.000498016
0.00625714
0.00231553
0.000790644
0.00129257
0.0022598
0.0183241
0.0179002
0.000988449
0.00380328
0.0113004
0.00187084
0.00588211
0.000239828
0.00766553
0.002655
0.00268197
0.000906661
0.0177974
0.000697341
0.00249045
0.00426797
0.00787075
0.00699936
0.00154483
0.00525378
0.00800125
0.00152945
0.000718122
0.000921128
0.00146285
0.00395413
0.00209602
0.000658357
0.000804221
0.00141369
0.00287083
0.0282852
0.0102454
0.000537516
0.00179387
0.00156079
0.00325801
0.00412243
0.00166028
0.000948822
0.00148579
0.00226152
0.00558895
0.00101083
0.000977101
0.00147814
0.000589422
0.00107383
0.0221602
0.00171214
0.00486036
0.0040747
0.00168781
0.0021052
0.00121137
0.00308935
0.00149405
0.000785213
0.00270969
0.00525343
0.00131618
0.00184718
0.00133934
0.0313155
0.0029531
0.00106608
0.00215216
0.00062582
0.00200214
0.00571776
0.00870447
0.000659547
0.00205367
0.00258186
0.00436583
0.00330644
0.00264802
0.000811919
0.00413951
0.00372215
0.00261195
0.00950437
0.0518287
0.00126636
0.0176511
0.00171229
0.00320481
0.00277763
0.00200979
0.00132516
0.00120161
0.0010649
0.00197379
0.00221776
0.00623234
0.00154067
0.000456629
0.0199844
0.00289473
0.00182253
0.00900282
0.00490064
0.00148514
0.00191671
0.00290885
0.00132214
0.00184043
0.00141214
0.00309759
0.00179548
0.00241144
0.00503681
0.000711341
0.00304415
0.000778383
0.0070825
0.00151414
0.00309596
0.00135498
0.00277099
0.00725212
0.00822153
0.000860603
0.00616562
0.00246943
0.0022354
0.0036037
0.00311667
0.00143483
0.00207269
0.00167918
0.0272461
0.00194248
0.000451004
0.00129191
0.0006618
0.00138419
0.0133161
0.0063288
0.00297512
0.00107731
0.00149855
0.0277451
0.00145327
0.0032335
0.00128762
0.00280964
0.00316519
0.00108167
0.0020109
0.00185676
0.00281038
0.000211295
0.00070889
0.00332347
0.000763041
0.00239873
0.00368309
0.000388037
0.00668968
0.00072894
0.00347091
0.00342309
0.00137665
0.00137356
0.00161722
0.00112395
0.00382186
0.00106923
0.0021982
0.00406765
0.00150383
0.00928479
0.00335566
0.0120495
0.001076
0.00361563
0.078835
0.0113689
0.00144334
0.00269129
0.00288859
0.0019633
0.00293959
0.00371457
0.00619986
0.00058576
0.000663229
0.00069682
0.00183485
0.00163928
0.00188049
0.00413288
0.025283
0.00408799
0.00124448
0.00233913
0.00211804
0.0014532
0.00151296
0.00267342
0.00075634
0.00084221
0.000888317
0.0101712
0.00252176
0.00284267
0.00535813
0.00230135
0.000709491
0.00388188
0.00125185
0.0014597
0.00520552
0.000858671
0.00272502
0.00239283
0.0006123
0.00140759
0.00207549
0.00091311
0.00185755
0.00196863
0.00186727
0.000594087
0.0013984
0.00302685
0.0088502
0.0175126
0.00249533
0.00105929
0.000710203
0.00130218
0.0191484
0.00200463
0.00241336
0.00439235
0.00166837
0.00111699
0.00226375
0.00705736
0.00226211
0.0044317
0.00124772
0.00463984
0.00145884
0.00415654
0.00136581
0.000356378
0.00120048
0.00334138
0.00252952
0.00257893
0.00261811
0.00130755
0.00302605
0.00380775
0.000255631
0.0167319
0.00476588
0.00161192
0.00100999
0.00398877
0.0015883
0.00671171
0.010499
0.00222262
0.00153333
0.00149996
0.00180341
0.00196053
0.00209656
0.00148064
0.000727072
0.000974234
0.00210337
0.000423905
0.00199308
0.00485618
0.00750679
0.00071657
0.00112484
0.000949539
0.000583181
0.00165336
0.00110492
0.00055249
0.00159156
0.00128119
0.000890139
0.00306017
0.00135382
0.00115826
0.00396896
0.00566469
0.00203027
0.00186173
0.00442142
0.00230924
0.00130688
0.00178214
0.0103321
0.0076264
0.00159484
0.0026304
0.00246139
0.00232174
0.00293927
0.00117497
0.000742663
0.00108657
0.00982777
0.00757634
0.00218667
0.00222342
0.0033221
0.00266836
0.00891796
0.0011339
0.0149867
0.00333803
0.00152
0.00238435
0.0315719
0.00435389
0.00275129
0.00158875
0.00162544
0.00212628
0.00590664
0.00792763
0.0019237
0.00291744
0.00315125
0.00149118
0.00302814
0.00222845
0.00179315
0.000926543
0.00153943
0.00857389
0.000990373
0.00202203
0.000517695
0.00280281
0.00321563
0.00164682
0.00368908
0.00865463
0.00152565
0.0020892
0.00265458
0.00604488
0.000932758
0.00179858
0.00162208
0.00432333
0.00374793
0.00120895
0.00161265
0.00228575
0.00147053
0.00358991
0.00109982
0.00164774
0.00158082
0.0031635
0.00369174
0.0012542
0.00145289
0.0397882
0.0012258
0.00324009
0.00402905
0.00739447
0.00254719
0.00502532
0.0024247
0.00135715
0.0021713
0.00118937
0.0018859
0.00171452
0.0294072
0.00179467
0.00808454
0.00608099
0.00302606
0.00236187
0.001602
0.00101092
0.00166281
0.00288413
0.00173939
0.00147924
0.00161014
0.00334557
0.0024959
0.0025972
0.00214248
0.000845946
0.00805498
0.00387337
0.00150195
0.00137435
0.000208005
0.00126355
0.0141826
0.00112388
0.00633028
0.028938
0.00169562
0.00249575
0.00490274
0.0019624
0.00116511
0.00310118
0.00760727
0.00244023
0.000533641
0.00142952
0.0014108
0.00328384
0.0145258
0.0016903
0.0323376
0.00183956
0.00193563
0.00418245
0.0144644
0.00970654
0.00304573
0.00215012
0.00188754
0.000843033
0.00553167
0.000862911
0.00204981
0.00154486
0.00450833
0.00457313
0.00118304
0.0130603
0.00723996
0.000623294
0.0167007
0.00950656
0.00769576
0.0187931
0.0012303
0.0167764
0.00282433
0.00181084
0.0011173
0.00155292
0.00347486
0.0207192
0.00188149
0.00105029
0.00120869
0.012789
0.00130367
0.000701532
0.00491036
0.000484752
0.00129505
0.00148721
0.000712811
0.000180832
0.00134261
0.0035089
0.000913879
0.00136413
0.00300394
0.00414643
0.00124122
0.00311172
0.00289388
0.00256315
0.00285818
0.00325816
0.00374828
0.003766
0.00267715
0.00348025
0.0374148
0.00698623
0.00260025
0.00504723
0.0217615
0.00109757
0.0128727
0.00255282
0.00198535
0.00324668
0.00392439
0.00330366
0.00124376
0.00270878
0.00379637
0.00168809
0.00382498
0.00301489
0.00365989
0.00348933
0.00323941
0.0118962
0.0023449
0.000886805
0.00543788
0.00198921
0.00238913
0.0109989
0.00379409
0.0185195
0.00126557
0.00332614
0.00385355
0.0309438
0.00480357
0.00298306
0.00181498
0.0110149
0.00780833
0.00849293
0.00197807
0.00233289
0.00184761
0.00139669
0.0024959
0.00063859
0.0035869
0.0123514
0.00107427
0.00157465
0.00398253
0.00216251
0.00266104
0.00104291
0.00196173
0.00317255
0.00260306
0.0041232
0.00556263
0.0104916
0.00153012
0.00752016
0.00113047
0.0081336
0.00757951
0.00137774
0.000704668
0.00144187
0.00125334
0.00190197
0.0023331
0.00240078
0.00307378
0.00324251
0.00988615
0.00135207
0.00258279
0.000672251
0.00360616
0.00155502
0.0186322
0.00319465
0.000323326
0.00859715
0.0439658
0.0136224
0.00793224
0.00343448
0.00171299
0.007464
0.00464802
0.00172524
0.00122825
0.00170779
0.0010591
0.00139479
0.00533328
0.00627537
0.00110916
0.00231681
0.00214125
0.00180018
0.00323902
0.00335399
0.00903001
0.0182358
0.00258672
0.00314716
0.00160971
0.024813
0.00154948
0.00114006
0.00874057
0.000923407
0.000807862
0.00503926
0.000935434
0.00163396
0.00186433
0.00171574
0.00787031
0.00174467
0.0015359
0.026462
0.00163423
0.00898709
0.00196869
0.0105161
0.00435238
0.00217008
0.00267315
0.00404334
0.00107023
0.00547916
0.00137427
0.00125654
0.00296457
0.00127806
0.0032088
0.000857564
0.00247736
0.00111382
0.00520604
0.00107055
0.0019843
0.000796278
0.00374835
0.00116555
0.00248205
0.00560394
0.00261952
0.00277626
0.000428835
0.0185987
0.00277455
0.00161894
0.00406559
0.0253293
0.00101533
0.00289638
0.0187407
0.00310543
0.00214553
0.00403947
0.000289509
0.000935744
0.00132721
0.00141237
0.00224574
0.00198692
0.000830651
0.00112182
0.00734715
0.00469956
0.00262307
0.00543026
0.00115327
0.00172386
0.00237972
0.00272047
0.00110379
0.00130069
0.000631158
0.00285655
0.00908363
0.00222053
0.000703492
0.0116664
0.0030075
0.00128303
0.00205386
0.00183885
0.00120832
0.0019487
0.00177935
0.00113672
0.00613077
0.0018923
0.00130237
0.00176464
0.00329953
0.00333133
0.00126177
0.00344897
0.00237374
0.00272305
0.00440738
0.000294505
0.00127657
0.00150984
0.00203976
0.00812013
0.00103613
0.00127931
0.00449121
0.00612174
0.000466535
0.00161333
0.00139949
0.00213534
0.0028149
0.000797732
0.00182255
0.00268701
0.00435854
0.00169077
0.0020317
0.0130751
0.00160914
0.00154985
0.0105563
0.0038422
0.00179209
0.00146615
0.00105281
0.00092135
0.00334046
0.000598036
0.00136813
0.0024654
0.00209878
0.00866728
0.00107111
0.00949457
0.00546182
0.00836314
0.00752134
0.0174516
0.00175872
0.0117036
0.00269295
0.00129045
0.0113417
0.00216848
0.00142666
0.00272562
0.00452181
0.00215941
0.0297246
0.0031938
0.00231966
0.00235167
0.0120723
0.0107694
0.00729778
0.000605154
0.00738981
0.0085054
0.0119291
0.00160691
0.0108923
0.00134958
0.0101609
0.00134897
0.00340894
0.0285884
0.00082716
0.00326211
0.0015179
0.00120368
0.000826448
0.0108072
0.00469693
0.00268912
0.00247674
0.00146231
0.00356627
0.0015884
0.00355415
0.0171992
0.00456445
0.00291596
0.0088554
0.00190993
0.00370322
0.00235083
0.00201073
0.00164294
0.000640532
0.00116291
0.00177838
0.00380408
0.00502435
0.00396328
0.000594392
0.00193935
0.000822491
0.0118092
0.00368653
0.000785533
0.000917685
0.00174918
0.0198574
0.0033021
0.00251646
0.0236952
0.00233659
0.0123646
0.000658178
0.00427512
0.00133692
0.00162122
0.00419563
0.00170835
0.000454581
0.00465561
0.00235207
0.00200442
0.00281301
0.00102141
0.000545172
0.000430549
0.000964366
0.00113669
0.00100823
0.00325055
0.00108355
0.00205821
0.00147761
0.00404727
0.00109201
0.00524689
0.00927118
0.000843994
0.00166951
0.000643974
0.00424183
0.000468115
0.00212186
0.00470098
0.00200287
0.00385258
0.00301053
0.00256647
0.00165499
0.0157838
0.00219474
0.000642368
0.00216044
0.00231864
0.0370395
0.00191539
0.00197785
0.0103683
0.00297284
0.00157522
0.00142282
0.00196169
0.0017524
0.00153644
0.00789208
0.00285691
0.000887077
0.0145944
0.00261923
0.000694577
0.000774495
0.0018379
0.00185591
0.00184093
0.00156757
0.00277942
0.00284426
0.00074683
0.0157277
0.00401519
0.0027685
0.0100286
0.00250099
0.00361374
0.00240247
0.000670703
0.00651157
0.00177468
0.000508916
0.00200393
0.00402555
0.00378073
0.00110089
0.00318669
0.000358112
0.0018477
0.00102
0.00658299
0.00110925
0.00178358
0.00170145
0.00225968
0.00186929
0.0031886
0.00525092
0.00227186
0.00325419
0.000158168
0.00340488
0.00825409
0.00722167
0.000248188
0.00181985
0.00363517
0.00104697
0.00197496
0.00758536
0.0031037
0.000766741
0.00133071
0.0022538
