0.00153181
0.00112963
0.00128193
0.00264061
0.000514904
0.000671277
0.00321824
0.00266859
0.000208383
0.000746142
0.00142606
0.00247768
0.00157417
0.00116165
0.00105724
0.00155341
0.0019621
0.00345914
0.000172625
0.00147017
0.00327779
0.00115989
0.00343903
0.000456617
0.00502849
0.000587881
0.00109923
0.00117707
0.000893029
0.00328134
0.00146383
0.000153335
0.00524363
0.000871954
0.00150263
0.00257825
0.00266552
0.000804522
0.00142665
0.00106075
0.00322929
0.000872519
0.00154665
0.00133699
0.00401968
0.000276114
0.00411158
0.000804836
0.00137969
0.00197843
0.00113567
0.00512692
0.00148395
0.00216819
0.00208883
0.0012158
0.00144967
0.00402015
0.000577224
0.00181294
0.000538543
0.00182649
0.000305776
0.00173003
0.00204462
0.00163434
0.0017037
0.000848422
0.0023198
0.00172983
0.00100317
0.0012436
0.00160756
0.000323413
0.00261213
0.000348101
0.00568141
0.00142214
0.00241045
0.00174814
0.000941941
0.00217693
0.00158494
0.00185798
0.000509783
0.000462288
0.000817065
0.0010593
0.0156871
0.00223633
0.00101467
0.00486447
0.00128037
0.0018436
0.00246715
0.00113331
0.00116033
0.000918144
0.00352303
0.000141165
0.00226233
0.00208616
0.00157013
0.0138677
0.00398572
0.0013632
0.00304338
0.00106118
0.00197759
0.000933079
0.00229799
0.00102529
0.00170012
0.00189421
0.000798318
0.00155072
0.00139005
0.00257383
0.00290877
0.00112404
0.00113466
0.000462007
0.00133046
0.0013962
0.00166185
0.00343975
0.00144244
0.000547065
0.00121909
0.00142039
0.00291349
0.00157778
0.00145364
0.000998598
0.00386636
0.000747235
0.00173778
0.00104735
0.00943663
0.0115404
0.000853859
0.000736801
0.000568729
0.00202039
0.000253992
0.000914258
0.0057965
0.00153241
0.00358119
0.00208251
0.0011062
0.00254225
0.00104361
0.00175875
0.0018637
0.000212497
0.00316527
0.00502055
0.000203506
0.00226278
0.00145862
0.00197699
0.000553428
0.00128842
0.000318481
0.00437388
0.00105214
0.00372281
0.00371497
0.000658327
0.00182078
0.000776048
0.00822656
0.0105028
0.00150785
0.000719434
0.00341787
0.00088559
0.000800444
0.000708459
0.000180855
0.00561798
0.000151897
0.00311289
0.000813102
0.00281045
0.00338866
0.000925369
0.00708157
0.00165073
0.00178211
0.00213691
0.0019724
0.00389357
0.000160028
0.000355964
0.000576646
0.0011566
0.00345119
0.00113333
0.00411137
0.0015808
0.000706163
0.0122726
0.00224127
0.00045632
0.0202362
0.00187622
0.000889182
0.0026514
0.000949595
0.00108909
0.0019255
0.0010311
0.00140115
0.000265833
0.000582658
0.00148451
0.00131853
0.00199309
0.00875941
0.00097028
0.00134224
0.00304036
0.000909337
0.00328037
0.00157858
0.00160389
0.000151811
0.000953993
0.00167626
0.00176355
0.00196996
0.0012105
0.00250446
0.00144854
0.00108994
0.00103625
0.00344366
0.00102348
0.000960851
0.00128245
0.00145716
0.00267118
0.000846795
0.00164363
0.00179673
0.00242635
0.00193605
0.000755247
0.00259264
0.00232453
0.00361292
0.00492076
0.000748932
0.0037697
0.0129412
0.000841271
0.00215793
0.00248598
0.00363154
0.00230531
0.00664627
0.00248801
0.00107138
0.00274478
0.00142334
0.00286863
0.00193598
0.0260277
0.00391446
0.00136427
0.00101776
0.00103085
0.00204706
0.00218604
0.000853846
0.000168554
0.00298864
0.000223719
0.00166918
0.000422186
0.000859361
0.0110955
0.001423
0.00260092
0.000675566
0.00121858
0.00261794
0.00132497
0.00286195
0.000801709
0.000687759
0.000351142
0.00372926
0.00175774
0.00385928
0.000811734
0.000870221
0.00336914
0.00121223
0.00142636
0.000941768
0.00102735
0.00163438
0.002317
0.000980505
0.00239745
0.00354468
0.000214611
0.0113652
0.00129684
0.00446325
0.00136231
0.0012074
0.00212557
0.00869755
0.00119746
0.000548313
0.000970423
0.00286505
0.00169069
0.000932005
0.00169338
0.000741652
0.00282104
0.000424656
0.0015712
0.00254158
0.000861475
0.00207374
0.000730857
0.00185642
0.000976876
0.00120525
0.00226215
0.00344021
0.00211305
0.0018424
0.00123305
0.00224027
0.00101817
0.00136887
0.000549068
0.000668016
0.00147133
0.00125931
0.000963778
0.00195559
0.00103145
0.0023647
0.00220705
0.00386754
0.0147883
0.00229315
0.00280743
0.00149553
0.000511771
0.00241688
0.00243372
0.0011606
0.00135395
0.000675672
0.00277937
0.00222767
0.00172402
0.00204803
0.000945534
0.0664901
0.00197692
0.0251998
0.00273122
0.00146188
0.00149817
0.00114741
0.00279624
0.00110419
0.00153379
0.0216167
0.0011447
0.000749782
0.00926753
0.00143952
0.000863906
0.000943819
0.00197984
0.000225417
0.00105403
0.000671288
0.0015935
0.00203561
0.00193208
0.000151996
0.00104462
0.00207308
0.00236563
0.00206955
0.00123094
0.000878293
0.000613451
0.00222779
0.00102943
0.00128395
0.00485156
0.000146558
0.00103315
0.00348805
0.00191689
0.000153256
0.00160174
0.00146171
0.00696892
0.00178146
0.000212823
0.0029742
0.00290013
0.0028876
0.00113246
0.00100149
0.00106827
0.00473588
0.00693421
0.000141852
0.00203783
0.0001438
0.00132677
0.00181276
0.00134122
0.00104008
0.00242795
0.00388951
0.00169435
0.00798919
0.00140268
0.00222506
0.00176872
0.0027658
0.00325509
0.000957961
0.00245541
0.00281348
0.00592842
0.00282571
0.000872769
0.00354259
0.00184265
0.000862828
0.00125641
0.00181359
0.00265467
0.000760858
0.000591563
0.0035928
0.0230931
0.00198626
0.00196257
0.001514
0.000154419
0.00295494
0.0014883
0.000606782
0.00183239
0.00368372
0.00115651
0.00134996
0.00174474
0.000906028
0.00189566
0.0023243
0.000841376
0.000633885
0.00168821
0.00173175
0.0019929
0.00210285
0.000512931
0.00243307
0.00090654
0.00182214
0.00249321
0.000693864
0.00166725
0.000731461
0.00477443
0.00336402
0.00217294
0.00172908
0.000202296
0.00189288
0.000228619
0.00101154
0.00543955
0.00168227
0.00184299
0.000520815
0.000936915
0.00261632
0.00129593
0.00185264
0.000320192
0.00104643
0.00220911
0.00101616
0.00187837
0.00117188
0.00218353
0.00228002
0.00114253
0.00206759
0.00178925
0.000899258
0.00400106
0.00300649
0.00237441
0.00173605
0.000638755
0.00160204
0.00721541
0.00155061
0.000141848
0.00703845
0.00126974
0.00180945
0.00154455
0.000532542
0.00152322
0.00439631
0.0100991
0.00650157
0.00225143
0.0049464
0.00201647
0.00162667
0.00121526
0.00222132
0.00123939
0.000529186
0.00380009
0.027938
0.00188692
0.000629539
0.00154014
0.00323712
0.000965282
0.00125507
0.00162973
0.00115886
0.00193178
0.00112487
0.00136897
0.000757235
0.00192402
0.0034664
0.00132886
0.00342531
0.00499959
0.00842004
0.000962847
0.0113063
0.000551553
0.00233426
0.0016862
0.00387297
0.000575632
0.00310373
0.00218987
0.00191178
0.00218743
0.000683655
0.00120187
0.00720157
0.0391116
0.00210182
0.0220805
0.00124376
0.000146309
0.000482653
0.00187925
0.0028312
0.00014492
0.00166985
0.00101571
0.00237739
0.000929371
0.000671969
0.00177987
0.0020846
0.000481681
0.00167846
0.00144345
0.00124144
0.00259684
0.00170742
0.000542704
0.000658539
0.00390368
0.000414069
0.000390008
0.00264109
0.00144158
0.00237031
0.000167215
0.00117584
0.00127395
0.00238153
0.00132544
0.00567642
0.000895195
0.00271849
0.00257691
0.00192876
0.00152867
0.00132195
0.00146989
0.00190812
0.000894834
0.000155185
0.00133249
0.000592694
0.00110244
0.00957448
0.00249567
0.000326629
0.00430317
0.000782899
0.00069912
0.000862251
0.000829699
0.00336194
0.00184794
0.00125541
0.00101216
0.00250656
0.00126772
0.000434448
0.00290303
0.000180799
0.00244966
0.00313319
0.00435842
0.00319904
0.00357263
0.000425552
0.00113732
0.00242926
0.00162358
0.00189578
0.00147628
0.00290806
0.0022789
0.00216137
0.00159386
0.00132328
0.0015251
0.00259056
0.00191446
0.00393833
0.00294199
0.0385945
0.0015571
0.00387138
0.00144794
0.00114101
0.00159432
0.00407867
0.00107166
0.00119165
0.00297824
0.00334878
0.00670926
0.00106291
0.00264339
0.00115473
0.0066581
0.00187966
0.00109605
0.00138096
0.00735461
0.00889245
0.00071404
0.00163144
0.00155912
0.00394982
0.00568964
0.00109513
0.00171374
0.00250011
0.00204076
0.00190466
0.00107524
0.00280104
0.000382682
0.00243183
0.00186923
0.00224549
0.000500538
0.00214773
0.00308036
0.000400495
0.00234546
0.00131197
0.00205432
0.00143586
0.0028277
0.000961932
0.00145519
0.000606705
0.0010137
0.000403163
0.000901662
0.000155981
0.00212638
0.0108604
0.00110732
0.00101204
0.00390095
0.00116902
0.000698292
0.0049757
0.000547162
0.000399637
0.00500582
0.0401461
0.00278009
0.000455666
0.000994776
0.00117448
0.00150632
0.00142974
0.00151553
0.00184257
0.00109599
0.00137652
0.00132981
0.00583584
0.00124791
0.0025551
0.00123187
0.00136088
0.000887329
0.00143948
0.00118886
0.00202512
0.000694242
0.000262916
0.000707716
0.00229222
0.00326452
0.00644614
0.0011805
0.00132692
0.00307818
0.00115294
0.0027804
0.000838231
0.00323467
0.00375453
0.00539922
0.000141287
0.000835798
0.0136688
0.00187978
0.00306331
0.00251355
0.00206127
0.0267722
0.002033
0.0269418
0.00379642
0.000429231
0.00169232
0.000817174
0.00250042
0.000510547
0.000552494
0.000354411
0.00101238
0.00166355
0.030727
0.000496443
0.00102722
0.0011934
0.00175218
0.0191419
0.00152185
0.000616868
0.00157055
0.00164895
0.0016855
0.00113905
0.00119505
0.00299764
0.00226567
0.00122029
0.00172436
0.000730056
0.000432953
0.00284441
0.00106862
0.000376612
0.00343972
0.000972629
0.000777748
0.00141445
0.00193616
0.00173868
0.00114847
0.000755083
0.00596727
0.000482993
0.00247778
0.00127031
0.00100306
0.0010309
0.000193238
0.00063699
0.0013795
0.00217491
0.000979048
0.00218007
0.00313614
0.00103157
0.00263778
0.00222448
0.000626663
0.000917774
0.000773962
0.00196951
0.00207771
0.00169476
0.00360313
0.00112511
0.00265351
0.00157717
0.00114932
0.00450502
0.000988707
0.00115542
0.000959331
0.0011405
0.00298424
0.00176219
0.000782421
0.00160299
0.0010594
0.000234654
0.000573534
0.00217284
0.00138269
0.000457533
0.000918815
0.00287702
0.000310853
0.000564454
0.00064433
0.00128328
0.00036173
0.00391062
0.00196619
0.000144706
0.00176741
0.000141226
0.00175185
0.00138597
0.00065449
0.00094701
0.000285567
0.00179044
0.000575387
0.00161895
0.0043013
0.0120807
0.00100352
0.00225532
0.00212047
0.0016159
0.0013579
0.00177268
0.00190571
0.00102743
0.0051485
0.000156295
0.00309392
0.0017359
0.0010966
0.000611069
0.000832604
0.00137101
0.00384039
0.00232214
0.00354855
0.0012593
0.00489875
0.00114128
0.0110717
0.00093137
0.000443076
0.000287045
0.00171718
0.002147
0.00165214
0.00043759
0.000957167
0.000490326
0.00215232
0.000296189
0.00152677
0.00864448
0.00132173
0.00241008
0.00239951
0.00217493
0.00333455
0.0029399
0.00289676
0.00203572
0.0013006
0.0187501
0.00142728
0.00217691
0.00173838
0.000517002
0.00188078
0.00117766
0.000975567
0.00141233
0.0189924
0.000752076
0.00254821
0.00186504
0.00887861
0.00189058
0.00281276
0.00675359
0.00171762
0.00063028
0.00122218
0.00165653
0.00944767
0.00209092
0.000863732
0.00223503
0.00416915
0.00210277
0.00162925
0.00243692
0.00352888
0.0015057
0.00132329
0.0318499
0.000605409
0.00178694
0.00240502
0.00249739
0.00014117
0.00176947
0.00135622
0.000915979
0.000953368
0.00364756
0.000657985
0.000536117
0.00235184
0.00863097
0.00539287
0.00186205
0.00245813
0.00211951
0.00725282
0.00240842
0.00207095
0.000747214
0.00159284
0.00391685
0.00223735
0.000194639
0.00097321
0.00295963
0.00169936
0.00843882
0.00878893
0.00066952
0.0003559
0.00087463
0.0128043
0.00109257
0.00250581
0.00073209
0.00325163
0.000573981
0.000797555
0.000905614
0.000911674
0.0108287
0.000459654
0.000887648
0.0164124
0.00140666
0.00191338
0.00544645
0.00096385
0.00147803
0.000502896
0.00193908
0.000694802
0.000432452
0.00191825
0.000913489
0.000169672
0.000229739
0.00201797
0.000662835
0.00171379
0.00388999
0.000414311
0.00185062
0.00119096
0.000534256
0.00122562
0.00305594
0.00140954
0.00154164
0.00922324
0.00111854
0.00105105
0.00106762
0.000147869
0.00238696
0.000683842
0.00110667
0.000553322
0.0265041
0.00468424
0.000385227
0.00326669
0.00142784
0.00219211
0.00453999
0.000836128
0.00219875
0.00174579
0.003803
0.00218725
0.0010888
0.0102636
0.000748712
0.000911468
0.00234941
0.000141016
0.00321701
0.00105555
0.000875641
0.00155727
0.00151791
0.00325821
0.000810902
0.00078864
0.00107176
0.00119267
0.00140515
0.00337587
0.0035996
0.000574268
0.00275702
0.00142615
0.0019402
0.00138328
0.000588295
0.00160455
0.000937989
0.00380655
0.00214169
0.00158997
0.00119253
0.00283654
0.00189435
0.00392156
0.00126365
0.00119943
0.000874368
0.00167738
0.00194446
0.00176422
0.000749386
0.00169137
0.00318695
0.00091457
0.00369786
0.00250032
0.00441443
0.00111682
0.00259278
0.00123609
0.00145498
0.00173826
0.00728926
0.00267317
0.00142259
0.00315166
0.00115683
0.000347262
0.000875238
0.00252596
0.0131981
0.00625151
0.000164493
0.00224628
0.00254419
0.00455726
0.00695169
0.00180288
0.00161574
0.00164398
0.00165344
0.00187961
0.000148681
0.00118168
0.00149159
0.000899247
0.00228096
0.00118211
0.000927997
0.0026738
0.00123497
0.00248386
0.00165633
0.000413854
0.0012058
0.00228042
0.00107526
0.000625508
0.00128453
0.00262202
0.000848161
0.000400773
0.000148205
0.000419504
0.0009215
0.00860495
0.00149624
0.00143017
0.000455475
0.00511285
0.00260548
0.00161661
0.00112122
0.00113259
0.00298833
0.0984184
0.00113308
0.00121156
0.00222941
0.00389212
0.00511893
0.00020746
0.000814337
0.00204857
0.00349748
0.00120488
0.00142508
0.000771973
0.00100485
0.00582444
0.000424779
0.00946305
0.00181529
0.00172953
0.00112376
0.000222034
0.002287
0.0016952
0.00262829
0.000840976
0.00245557
0.00126254
0.000766291
0.00125892
0.000740738
0.000918749
0.00275829
0.0010277
0.00136224
0.00127865
0.000832914
0.00142828
0.000980153
0.00400299
0.00041263
0.00216342
0.00209123
0.00151042
0.0123226
0.00239678
0.00135598
0.00694724
0.00283566
0.00262212
0.000624094
0.00174889
0.00123869
0.0013201
0.00202842
0.00905064
0.000921764
0.000402292
0.00118484
0.00039856
0.00196298
0.00192504
0.00187193
0.00509788
0.00344677
0.00169891
0.00230275
0.0017394
0.00112866
0.00170231
0.000703121
0.00109971
0.00170654
0.00164732
0.0120116
0.00316078
0.00100271
0.0032765
0.00137262
0.00324482
0.00132249
0.00144451
0.00345023
0.000569524
0.00193019
0.00159255
0.000930991
0.00030065
0.000436841
0.00379414
0.00055275
0.0014565
0.00247909
0.00208824
0.00401945
0.00373868
0.000722829
0.000758807
0.00118367
0.00188446
0.0120069
0.000670715
0.00108718
0.00115673
0.00118697
0.00135371
0.00354823
0.00313702
0.00229941
0.00694009
0.00164352
0.000984395
0.00226453
0.00210843
0.00180136
0.00109668
0.00248235
0.000836857
0.000481887
0.00215269
0.00213863
0.0027113
0.000983843
0.000572795
0.000585135
0.000162246
0.000391987
0.000814964
0.00172008
0.00189764
0.00148689
0.00146179
0.0010422
0.00125157
0.00295456
0.00203706
0.00143482
0.00194156
0.00119407
0.00105496
0.00251715
0.0289268
0.00102651
0.000662502
0.00410121
0.00158833
0.00058733
0.00124659
0.00413119
0.00205462
0.0020456
0.00465017
0.00185069
0.000513572
0.000464036
0.00401945
0.004413
0.000808518
0.000942284
0.000985541
0.00151508
0.000695331
0.00457146
0.00144759
0.00111096
0.000857685
0.000620987
0.00212292
0.000675449
0.00198893
0.00176519
0.00365269
0.000973728
0.00275869
0.00105903
0.0010301
0.00121612
0.00441649
0.00118999
0.00110026
0.00202717
0.000574671
0.00213486
0.00310098
0.00086633
0.000245447
0.00246112
0.00130741
0.00252613
0.00100199
0.00490809
0.00120143
0.0041492
0.00103419
0.00177677
0.00014737
0.00177461
0.00138368
0.00119222
0.000511668
0.000973388
0.000825251
0.00207304
0.00118261
0.00198118
0.00142375
0.000638856
0.00184347
0.00118076
0.00794873
0.00464151
0.00140016
0.00300977
0.00194514
0.00154595
0.00575838
0.000671565
0.00416776
0.0035077
0.00173705
0.000826602
0.000744912
0.00174625
0.00349517
0.0300392
0.00437108
0.00105967
0.00200973
0.000748163
0.00141592
0.000144701
0.00098432
0.00177569
0.00204032
0.000764127
0.0030788
0.00328914
0.00205566
0.00085497
0.00231849
0.00303451
0.00312715
0.00718795
0.00149575
0.00132745
0.00199328
0.000584953
0.00235172
0.00127657
0.00131186
0.00901906
0.00489612
0.00255641
0.00110749
0.0035202
0.00256901
0.00365062
0.00139546
0.000445014
0.00167206
0.00143756
0.00014465
0.00139814
0.00284384
0.00129464
0.00270011
0.000684304
0.00122343
0.00374113
0.00153731
0.00128353
0.00139795
0.00381443
0.00189304
0.000797756
0.00991774
0.00100309
0.00159011
0.00274976
0.00101009
0.000396761
0.00133067
0.00301891
0.000667884
0.00108387
0.000908902
0.000145879
0.00334393
0.00596451
0.00130277
0.00184854
0.0093476
0.00069139
0.00133178
0.0019743
0.00186726
0.00212719
0.00074329
0.0019252
0.00191981
0.00417166
0.000943535
0.0013694
0.0183327
0.00410803
0.00196395
0.0040449
0.000753784
0.0014559
0.0011703
0.00627602
0.000947296
0.000894495
0.00202108
0.00178259
0.00312592
0.00173552
0.0011661
0.00315935
0.000638795
0.00102917
0.00155552
0.00113514
0.00256266
0.00366081
0.00143407
0.00229379
0.00146504
0.00289651
0.00173248
0.00190552
0.000876281
0.00168033
0.0039316
0.00292308
0.000734849
0.0006774
0.00115659
0.00159554
0.0279945
0.00286014
0.00190078
0.0021103
0.00156351
0.00307772
0.00039743
0.00352085
0.000600709
0.00163247
0.00199852
0.00228871
0.00119644
0.00214158
0.00115969
0.00139681
0.000431448
0.00127012
0.00138136
0.00153783
0.00119833
0.00187858
0.00300516
0.000983654
0.00303861
0.00164163
0.00185353
0.0014974
0.00179515
0.00351197
0.00083968
0.00261146
0.00150285
0.00141532
0.0018643
0.00171228
0.0036876
0.00151781
0.00139765
0.000616383
0.00101795
0.00318882
0.00138173
0.000987001
0.011804
0.00115964
0.000464895
0.00179162
0.00118195
0.000534366
0.00185103
0.00423493
0.0027051
0.00130744
0.00150229
0.00475781
0.00142131
0.00100067
0.0012091
0.000983755
0.000826694
0.00311922
0.0106169
0.00229906
0.00232056
0.000248726
0.00107525
0.000836372
0.0031471
0.00121918
0.00318431
0.000298263
0.000879133
0.00292835
0.000142749
0.000534257
0.00038735
0.00253594
0.00153333
0.000890921
0.00279926
0.00127218
0.00116072
0.00149146
0.00167258
0.00191187
0.000203779
0.00233081
0.00136036
0.00395715
0.00329069
0.000564687
0.00212209
0.00370257
0.00100126
0.00181094
0.00590858
0.00159967
0.00130741
0.00128634
0.00173865
0.00139327
0.00402129
0.00371181
0.00099515
0.000739338
0.000948281
0.00147039
0.00299984
0.00146182
0.000707798
0.00168802
0.00216495
0.00178064
0.000531696
0.00509749
0.00486301
0.000697748
0.00255127
0.0035035
0.000995345
0.000750785
0.00222085
0.000212641
0.00506185
0.0015285
0.000608349
0.00193269
0.0032804
0.00177548
0.00133972
0.00188367
0.00104816
0.000569443
0.00197951
0.00432667
0.000391022
0.00141131
0.00872074
0.00415348
0.000143592
0.0130229
0.0017843
0.00200426
0.00259366
0.000649008
0.0315774
0.00292769
0.00229838
0.00256051
0.00254342
0.00233023
0.00179011
0.00750531
0.00108361
0.00185768
0.00178504
0.0024412
0.00201449
0.000963746
0.00153651
0.000916359
0.00288146
0.00636307
0.00239919
0.00053204
0.000721923
0.00240968
0.00139513
0.00119876
0.00080067
0.0017191
0.00152401
0.00820128
0.00135641
0.00165057
0.00327153
0.00266428
0.0161805
0.00565211
0.00627186
0.00245702
0.00143278
0.00350415
0.00896844
0.00182181
0.00092921
0.00116459
0.00779237
0.0041432
0.00534294
0.00106274
0.00314467
0.00389099
0.00157337
0.00733931
0.00129716
0.00106912
0.00189252
0.000356496
0.00134498
0.00124144
0.00375357
0.00395392
0.00175309
0.00302141
0.0016312
0.00480086
0.00122649
0.00246025
0.00405455
0.00145179
0.000451087
0.00292787
0.0033441
0.00376157
0.0309578
0.000882726
0.00108824
0.0014233
0.00197998
0.00212215
0.00099927
0.00520209
0.00120268
0.00479735
0.00115083
0.000425569
0.00758573
0.000141856
0.0127143
0.00150395
0.00519952
0.00239982
0.00132957
0.00116367
0.0054218
0.000557872
0.00123075
0.00835479
0.000905751
0.00409855
0.00243837
0.00274635
0.00110728
0.00103064
0.00260992
0.00193385
0.00134681
0.00178371
0.00319934
0.014755
0.00236294
0.000790747
0.00133226
0.00844746
0.00180518
0.0013621
0.000940093
0.00076154
0.00320595
0.00110289
0.00137993
0.00240894
0.00223908
0.00359633
0.00147015
0.00105507
0.000879604
0.00457597
0.0231618
0.000426702
0.000775782
0.000149061
0.00569741
0.000270061
0.000447139
0.000908619
0.0013176
0.00115647
0.000691977
0.00171669
0.00196519
0.00154399
0.000599543
0.00078036
0.00387615
0.00248068
0.000766948
0.00184176
0.00093147
0.00240953
0.00376098
0.00819199
0.00135921
0.000628695
0.000880524
0.00135073
0.00645267
0.000465254
