0.0479387
0.0746477
0.026759
0.0224905
0.0154374
0.217433
0.0192393
0.0377229
0.0518997
0.0204367
0.0818165
0.0592607
0.0316539
0.00986981
0.0215691
0.0425387
0.03656
0.0323889
0.00137752
0.018814
0.0237579
0.0138778
0.0267558
0.00242143
0.097682
0.0187806
0.000364799
0.00852998
0.0586032
0.0123356
0.0212023
0.0555536
0.0312276
0.043976
0.0354803
0.00461563
0.0893875
0.0126376
0.03459
0.0125787
0.0329589
0.0742698
0.0179739
0.00776686
0.0437031
0.0246752
0.00226533
0.0212492
0.00520258
0.0332507
0.0395501
0.00735818
0.0237055
0.0551089
0.0235851
0.0854712
0.00837278
0.0408348
0.0171875
0.0255858
0.0052385
0.0527555
0.011321
0.0176085
0.00909717
0.0267599
0.19361
0.107925
0.0263982
0.0426278
0.0219387
0.0440353
0.0606168
0.0431684
0.0363418
0.102181
0.0262651
0.0216897
0.0174326
0.0173301
0.027522
0.0837675
0.0661854
0.0204363
0.108555
0.0360565
0.0228647
0.171119
0.0170102
0.00848502
0.11818
0.0319382
0.0356307
0.000209975
0.0212536
0.155681
0.0199492
0.00670663
0.0129283
0.0073919
0.0143329
0.0761099
0.0984789
0.146619
0.00245658
0.0420625
0.0452423
0.15209
0.0192214
0.0678893
0.0285716
0.00863359
0.0287618
0.0111106
0.0102049
0.110596
0.0466147
0.0111205
0.0957442
0.0596467
0.143197
0.0280487
0.0199254
0.0140127
0.00549883
0.0788162
0.0564775
0.0251167
0.0286384
0.000146431
0.12185
0.0462825
0.00234826
0.0173938
0.0528514
0.0212827
0.0218124
0.0196735
0.0190701
0.0328565
0.002245
0.0770652
0.0168572
0.0610562
0.0128367
0.00293605
0.0264868
0.00665912
0.0799468
0.0069939
0.138114
0.0229249
0.0608165
0.00254875
0.0509219
0.0280416
0.0574724
0.028957
0.0948676
0.0390942
0.0229607
0.0157713
0.0367057
0.0538181
0.00727453
0.0390519
0.0908115
0.0592757
0.0533242
0.0306346
0.00430747
0.0529664
0.0012119
0.0248137
0.0359448
0.0210601
0.00127799
0.0112632
0.0384551
0.0222128
0.0596339
0.00772955
0.0539968
0.0348925
0.0294103
0.0361123
0.00296019
0.00903551
0.0210497
0.121978
0.0574367
0.0308668
0.0288129
0.00694916
0.0406283
0.0575435
0.022665
0.0660785
0.049218
0.0165611
0.000930244
0.0110343
0.113344
0.0813437
0.0153134
0.030791
0.0455473
0.0308885
0.0311223
0.0222095
0.0975997
0.0420125
0.0147282
0.113446
0.0357665
0.0864624
0.0234328
0.122775
0.0451498
0.00272653
0.0662498
0.00795913
0.0846241
0.0236216
0.0990572
0.029378
0.036814
0.0689981
0.0309496
0.0216496
0.0333905
0.0349879
0.0127433
0.0298702
0.0339274
0.0372878
0.013185
0.0068978
0.0293574
0.0370389
0.0177175
0.0134647
0.0277698
0.0549256
0.0694773
0.0272042
0.0559776
0.0550854
0.0832311
0.0461175
0.0349724
0.114006
0.0272347
0.03781
0.0579399
0.00812656
0.0168287
0.181881
0.0377253
0.0425989
0.0108026
0.00150743
0.00580037
0.0086585
0.0524527
0.0485969
0.0525206
0.0220498
0.0233318
0.0383181
0.00696548
0.0157264
0.0205301
0.0296644
0.0368603
0.0847158
0.105314
0.0986383
0.169794
0.0915978
0.0575026
0.0544545
0.0151783
0.024727
0.180012
0.0509536
0.0516635
0.0708507
0.0881602
0.033426
0.03878
0.000892038
0.0374559
0.0434637
0.104253
0.0322192
0.0987783
0.0512944
0.0978466
0.0067615
0.0994621
0.0414797
0.0365154
0.0304545
0.0138016
0.0290033
0.0294608
0.0235045
0.207401
0.0115797
0.0127013
0.0203566
0.00196893
0.0255454
0.00976998
0.0770011
0.0813071
0.00349979
0.00546707
0.0462317
0.0170768
0.048513
0.029607
0.117035
0.0194152
0.00221637
0.00999843
0.208431
0.0429161
0.0301451
0.0470031
0.0202728
0.120358
0.0676899
0.00335557
0.0241298
0.0422963
0.096178
0.00930823
0.0215776
0.000462732
0.0977356
0.0228498
0.00847581
0.107939
0.0340379
0.0925053
0.0193322
0.0548711
0.00315919
0.0180556
0.00729441
0.110111
0.00542131
0.0578465
0.0541311
0.00148516
0.0526495
0.0416714
0.0274705
0.0321043
0.0264896
0.0882875
0.0116551
0.00855884
0.0952916
0.00765068
0.0313057
0.114506
0.0309416
0.0236985
0.101895
0.0480629
0.00976298
0.0012725
0.0485562
0.0181611
0.0497422
0.00785644
0.00326051
0.0152249
0.0432243
0.107623
0.0267426
0.0169981
0.0719811
0.00594405
0.0471613
0.0584724
0.0299929
0.0194594
0.0153265
0.0109426
0.0341519
0.0785319
0.0437035
0.0805344
0.0347149
0.0238783
0.044989
0.0829711
0.0143253
0.0219044
0.0399752
0.0290619
0.00642853
0.0117744
0.0366181
0.0452535
0.0159582
0.00431072
0.0265568
0.00401216
0.0258122
0.0765445
0.0148632
0.0260259
0.0521013
0.0710023
0.0216565
0.00127519
0.0554117
0.0573244
0.0788264
0.0137271
0.0235624
0.0302716
0.0302617
0.0231205
0.0857463
0.0424957
0.0309779
0.0300545
0.0274026
0.0815214
0.0162039
0.0587125
0.0742003
0.0124112
0.00885402
0.0200312
0.0538431
0.0231494
0.00111086
0.108845
0.0313641
0.0106136
0.0234733
0.0744851
0.0432846
0.0144205
0.0592351
0.0322487
0.0273647
0.0227322
0.0302708
0.0657151
0.153897
0.0200549
0.0281213
0.0162346
0.0494255
0.010533
0.0156616
0.150145
0.0154021
0.0124933
0.0225185
0.0355082
0.0574143
0.0371517
0.0752084
0.0343329
0.0259331
0.135879
0.00230287
0.0621874
0.0184078
0.0931764
0.0462168
0.0729023
0.0719089
0.019736
0.0610317
0.12735
0.0651176
0.0423774
0.0653465
0.0666344
0.0717161
0.0246497
0.0358059
0.017487
0.0047651
0.0389534
0.0319763
0.0264342
0.0281337
0.0474972
0.00983294
0.027407
0.0218726
0.0356625
0.0279064
0.0455964
0.0569341
0.0240451
0.037393
0.0448037
0.176622
0.115388
0.0332341
0.0724614
0.00074503
0.0817745
0.0299014
0.00148423
0.0807086
0.0298177
0.102459
0.0287122
0.161405
0.00877797
0.0202571
0.143749
0.0205685
0.0746906
0.0492355
0.0107575
0.0325752
0.0692747
0.00671388
0.00884993
0.164375
0.0755143
0.0126406
0.0844069
0.00142182
0.0783291
0.031131
0.0140809
0.0419497
0.029896
0.0662623
0.0197789
0.114692
0.0224043
0.0173581
0.0239555
0.0517025
0.152501
0.0519398
0.145936
0.0248276
0.0271586
0.138831
0.108242
0.0272167
0.109614
0.0418145
0.025627
0.0437039
0.0288699
0.105979
0.00068045
0.00715237
0.0534542
0.00105686
0.00728209
0.0235339
0.147794
0.0706714
0.0206368
0.0803079
0.0946994
0.0254726
0.187038
0.0123367
0.032852
0.0177077
0.0915145
0.00386648
0.0687262
0.0204851
0.0170001
0.106034
0.0227651
0.034896
0.0197864
0.0151178
0.00466296
0.0351344
0.0435218
0.0102995
0.0380844
0.0294235
0.0398282
0.0295335
0.027794
0.0768894
0.0881025
0.0459959
0.0862593
0.123488
0.0228377
0.0316656
0.0303755
0.00540639
0.0333819
0.00716431
0.00836423
0.0511752
0.0353999
0.0600473
0.00918735
0.0145081
0.00404671
0.138806
0.0452984
0.0536114
0.0434729
0.0684689
0.115821
0.0852559
0.0430683
0.0122867
0.00721859
0.0513614
0.0349296
0.0821257
0.00440896
0.0121194
0.00373007
0.0714065
0.0246631
0.0139247
0.00131352
0.000861998
0.0211949
0.0158767
0.0155158
0.0371348
0.0373079
0.0515906
0.0910104
0.0488299
0.0803645
0.0641308
0.00299053
0.0716605
0.0476443
0.00138413
0.0571346
0.0114361
0.103334
0.00147497
0.0190392
0.130817
0.0478053
0.0182919
0.112912
0.0635554
0.0451744
0.0479956
0.00208857
0.0144234
0.0246182
0.00146053
0.12875
0.0164755
0.0616802
0.0273035
0.0477148
0.0928239
0.0202617
0.102033
0.0338977
0.0459854
0.0325692
0.0224463
0.0251118
0.0326041
0.0397611
0.0461479
0.0564587
0.0411372
0.0109596
0.00712253
0.00191193
0.0326095
0.267187
0.030759
0.0287658
0.0159762
0.0468794
0.0105424
0.00205997
0.0424819
0.037806
0.00178233
0.0544593
0.0341621
0.0459138
0.0791445
0.00154296
0.0328579
0.0185079
0.0718065
0.0232196
0.0184063
0.0329817
0.0201634
0.0281835
0.00102224
0.00749264
0.0384558
0.0413809
0.0214212
0.0285692
0.0283846
0.0223909
0.0116862
0.0507105
0.0752264
0.166179
0.0668766
0.179932
0.0302026
0.220783
0.0244451
0.0434792
0.0265773
0.000694558
0.0404082
0.0686737
0.0330188
0.0496552
0.00272555
0.0515673
0.0162725
0.0729879
0.0271326
0.0313268
0.0212456
0.0112576
0.0449755
0.0870997
0.00117555
0.0290474
0.00927672
0.0196712
0.0883421
0.0379419
0.0938421
0.0382821
0.0229867
0.0156405
0.0316047
0.0279431
0.0489905
0.0703159
0.0398769
0.0267157
0.0126104
0.171798
0.0066452
0.104756
0.0570589
0.0113419
0.0828748
0.0548356
0.0813226
0.0759317
0.0128835
0.0138086
0.0515249
0.0482234
0.0274423
0.055382
0.0491129
0.00557508
0.0960092
0.0469392
0.00641083
0.0390974
0.0310372
0.00711398
0.0186727
0.0716251
0.0146129
0.0379234
0.0889211
0.0754101
0.0140396
0.0112125
0.0939869
0.00201433
0.0222586
0.0018862
0.0637831
0.0876305
0.0162079
0.0309591
0.0392555
0.0101182
0.156363
0.00189284
0.0281346
0.0201798
0.129966
0.028559
0.0433045
0.0131682
0.0135767
0.0284155
0.0167342
0.020674
0.0528182
0.0722947
0.0281037
0.0357905
0.0267795
0.0131929
0.142175
0.0226429
0.00180267
0.0342244
0.0867954
0.0767409
0.0161637
0.0213781
0.0272367
0.0864185
0.0493726
0.0383365
0.00107863
0.00250004
0.0452466
0.0397439
0.00153114
0.0753173
0.056358
0.0190507
0.0111502
0.00257569
0.0469212
0.0317605
0.00825343
0.0346455
0.0191492
0.109695
0.0710168
0.00364037
0.0400487
0.00248834
0.0471357
0.0365518
0.025328
0.09467
0.00170391
0.0558506
0.0297353
0.00264889
0.0617102
0.0326797
0.00884425
0.0370664
0.0201598
0.040015
0.0195317
0.0274615
0.0237698
0.00147705
0.0337069
0.0314959
0.0129064
0.00276352
0.0478362
0.0468502
0.0120921
0.039137
0.0168323
0.0336115
0.0203834
0.0154277
0.0373659
0.0321604
0.0570819
0.0109613
0.11506
0.0445117
0.130361
0.145009
0.0574335
0.0373887
0.0588064
0.0309688
0.00660876
0.00639771
0.0271987
0.00786959
0.0307273
0.0557409
0.0676823
0.0324417
0.0114088
0.00182492
0.0068223
0.0467207
0.060271
0.0244886
0.015301
0.0406289
0.106788
0.0901319
0.0166802
0.044091
0.0255318
0.00966044
0.0172299
0.0199982
0.12066
0.156427
0.00245558
0.0226148
0.0548553
0.131117
0.0463145
0.0165907
0.0519453
0.0421637
0.0152925
0.0123948
0.0150609
0.141695
0.0273736
0.053045
0.0524787
0.00962613
0.0824782
0.0615496
0.0597739
0.00150712
0.0212722
0.101276
0.0431075
0.0550363
0.192486
0.0340489
0.0211429
0.0197375
0.0361504
0.0220527
0.156132
0.0367988
0.04548
0.0601654
0.109912
0.0601302
0.0217726
0.074389
0.0640779
0.00204225
0.0264092
0.0124897
0.038859
0.0263138
0.0419013
0.0449608
0.0352228
0.144493
0.0352738
0.0472458
0.0385712
0.00383188
0.0226512
0.0336148
0.0170131
0.036034
0.0450782
0.0151347
0.0311153
0.00525658
0.0288793
0.0554173
0.0335212
0.0529465
0.00294561
0.0160673
0.0635035
0.0306565
0.0283374
0.0556164
0.0851185
0.00128785
0.0294681
0.0711871
0.0479602
0.00731639
0.0246263
0.0414341
0.1046
0.0577841
0.00118561
0.02972
0.0109208
0.034834
0.022207
0.0287077
0.0343301
0.110132
0.0355922
0.0148426
0.0723508
0.0121787
0.0352837
0.217576
0.0321518
0.0862996
0.0253333
0.0404389
0.0301331
0.0107667
0.0288854
0.00190735
0.0987996
0.0246078
0.00266127
0.0612578
0.0906252
0.0340199
0.0242785
0.0388884
0.0484349
0.0253706
0.0248919
0.00766748
0.0410501
0.0720763
0.0515676
0.0262829
0.00253587
0.0239909
0.0637721
0.0529433
0.000437311
0.0821284
0.0744981
0.00165288
0.0132983
0.0203366
0.00927901
0.0908918
0.10402
0.0343076
0.0155066
0.0549804
0.00370156
0.0464388
0.0618609
0.00221587
0.00404516
0.0092254
0.0505319
0.0539801
0.055527
0.000199029
0.134119
0.0285303
0.0375645
0.0845824
0.0732815
0.0372167
0.0393389
0.153553
0.053478
0.0151654
0.00269722
0.0422089
0.0211209
0.0128195
0.10712
0.153408
0.0419443
0.0559656
0.0419327
0.0487604
0.0981076
0.0717574
0.0347414
0.0387957
0.0224366
0.0660335
0.0525023
0.0368656
0.0590135
0.0323993
0.0964168
0.04084
0.0171007
0.00971876
0.0323362
0.0326374
0.140339
0.0258556
0.100266
0.0634566
0.0239056
0.0147992
0.00872494
0.0519184
0.00904673
0.0186469
0.0566841
0.0227342
0.0148037
0.0729556
0.0132688
0.0238309
0.165171
0.00980816
0.0365254
0.0356186
0.00255239
0.130354
0.103729
0.084353
0.0584745
0.0064229
0.00265943
0.0208003
0.000569766
0.0206706
0.00524043
0.0464586
0.00681252
0.0250142
0.0662529
0.0337378
0.0225013
0.0283582
0.0755063
0.00241121
0.023308
0.0774941
0.0172029
0.0220932
0.00992048
0.079854
0.0421841
0.0387974
0.03801
0.0579045
0.00127737
0.0331184
0.00470017
0.00453119
0.0448619
0.00138065
0.037596
0.21291
