0.0113279
0.00140366
0.00139885
0.0195634
0.00229107
0.00146816
0.00113529
0.00964759
0.00831556
0.00127713
0.0103152
0.00223121
0.00431432
0.00737981
0.00167443
0.0375969
0.00318828
0.00458898
0.0185696
0.000851296
0.00683762
0.00428663
0.00406099
0.003554
0.00373085
0.00140956
0.00518141
0.0073949
0.00235345
0.0102843
0.00370329
0.009934
0.0316328
0.00142101
0.00293805
0.00221103
0.00318852
0.00482488
0.00188734
0.0112914
0.00612564
0.00862849
0.0049373
0.00566948
0.00211017
0.00142583
0.00264305
0.00233108
0.00268685
0.00182684
0.0161931
0.00528035
0.00281798
0.00186825
0.00237894
0.00512099
0.0033457
0.0387712
0.00286044
0.00396549
0.0025544
0.00381579
0.00174593
0.00330846
0.00119193
0.00283181
0.0081645
0.00128578
0.000654135
0.00291443
0.00490306
0.00132906
0.00770919
0.00190298
0.00287688
0.00183992
0.00046976
0.00859141
0.00340433
0.00136093
0.00902311
0.00460953
0.00268244
0.00295533
0.0039285
0.00395542
0.00225256
0.00688258
0.00315168
0.000505519
0.00102485
0.00136009
0.00884257
0.00515108
0.022293
0.000624218
0.0074005
0.00223223
0.00336452
0.00161299
0.00602743
0.00435757
0.00149695
0.00298788
0.000438559
0.00444381
0.00292894
0.00650966
0.00283969
0.00193761
0.000858087
0.00417035
0.00485404
0.00570658
0.00116344
0.00690351
0.000698886
0.000931811
0.000674192
0.000397668
0.00299459
0.00435836
0.00117513
0.00465532
0.00941056
0.00227768
0.00240123
0.00330232
0.00314023
0.000461262
0.00566273
0.00252646
0.00339324
0.00623395
0.00724778
0.00331916
0.00204879
0.00219862
0.00488229
0.0095005
0.0233705
0.00119791
0.000769305
0.00801032
0.00354521
0.0154921
0.00221642
0.00344396
0.0026293
0.00214381
0.00969568
0.00290975
0.00595695
0.00141122
0.00217474
0.00163624
0.0127869
0.00178991
0.00481096
0.000513136
0.00517561
0.0149533
0.00197668
0.000990703
0.000917734
0.0378594
0.00553947
0.00375645
0.00613775
0.00220457
0.00328891
0.000913331
0.00615663
0.0073774
0.0381428
0.000645925
0.0027896
0.0400626
0.00572007
0.00158333
0.0166499
0.0157108
0.00438028
0.00294816
0.00742218
0.0010196
0.00399899
0.00880202
0.00139492
0.0084256
0.00236053
0.00337803
0.002103
0.00182052
0.00337717
0.00224939
0.00673765
0.00921644
0.019141
0.00599552
0.00150994
0.00741875
0.00495225
0.00330199
0.0047833
0.00824434
0.00764731
0.00189025
0.0126089
0.00209861
0.00339492
0.00234873
0.00715378
0.0223957
0.00275694
0.00396469
0.000534008
0.00238143
0.00137121
0.00845709
0.0058631
0.0105296
0.00194105
0.0011001
0.00185422
0.00537465
0.0032251
0.00233132
0.00119993
0.00976587
0.00722655
0.000699756
0.0019613
0.0011245
0.00794835
0.00271155
0.00223969
0.00427487
0.0201978
0.003964
0.00473614
0.00380205
0.00810385
0.00165961
0.00088879
0.00468527
0.00571599
0.00100556
0.0018129
0.00234731
0.00824842
0.00801589
0.00630845
0.00131424
0.00224754
0.0082805
0.00194358
0.00599314
0.00814738
0.0087331
0.00309315
0.00199289
0.0161924
0.00170311
0.000613739
0.00744448
0.00431517
0.0103096
0.00429444
0.0129875
0.00196608
0.00364493
0.00602657
0.00397404
0.0183678
0.00170902
0.000423543
0.00710998
0.00195695
0.00181984
0.0206859
0.0026501
0.00412266
0.0063709
0.00880568
0.00174503
0.00109243
0.00457303
0.00248755
0.00276088
0.00903548
0.00064214
0.0182018
0.00309463
0.00188483
0.00365974
0.00590654
0.00570785
0.00146434
0.00156594
0.0108607
0.00572328
0.00683651
0.00683425
0.00262899
0.00265491
0.0140535
0.00224873
0.00232815
0.00142094
0.000228999
0.00719667
0.00359216
0.00272619
0.00358334
0.00535738
0.00595022
0.00218973
0.0188915
0.00893431
0.00352076
0.00113226
0.00174905
0.0013249
0.00658036
0.0041859
0.00884443
0.00617057
0.00118528
0.00586221
0.00304873
0.00485235
0.00288676
0.00099449
0.000170407
0.00137084
0.000724748
0.0164175
0.00286829
0.00103075
0.00166965
0.00479242
0.00110432
0.0172267
0.00523059
0.00523604
0.00504492
0.00289153
0.00376508
0.0229433
0.0035875
0.000769729
0.00702178
0.00314511
0.00431694
0.00838774
0.00386765
0.000514911
0.00154679
0.0278672
0.00468797
0.00315055
0.00582446
0.00961413
0.00133985
0.0033155
0.00547209
0.00867028
0.00560271
0.00133176
0.00145895
0.00161748
0.0160031
0.00495041
0.00280941
0.0112824
0.00101578
0.00284159
0.00139925
0.00336718
0.00529088
0.00139635
0.00868806
0.0137413
0.00365289
0.00250976
0.00574
0.00921535
0.00534089
0.00156859
0.00266897
0.00855663
0.00961954
0.00157091
0.00428496
0.00490896
0.00171944
0.00727081
0.00729412
0.00204492
0.000878163
0.00461122
0.000878362
0.00143889
0.001745
0.00112061
0.0035331
0.00183287
0.00856135
0.0147244
0.00251959
0.00149715
0.00484071
0.00199584
0.00520934
0.00902651
0.00747825
0.00621663
0.0233433
0.00661153
0.0033905
0.0259937
0.00401902
0.00137148
0.00017798
0.000714417
0.0020088
0.00697853
0.00240092
0.0156251
0.00873584
0.00983391
0.00762037
0.00127998
0.00293987
0.00415704
0.00522815
0.00330726
0.00667585
0.00804202
0.0178673
0.00615476
0.000871806
0.00259064
0.0137006
0.00117866
0.00878721
0.018254
0.00382684
0.00242665
0.00660823
0.00372132
0.0303306
0.00698961
0.00198273
0.00244614
0.0112427
0.00761734
0.00354948
0.00253512
0.00157834
0.000649662
0.00269109
0.0041825
0.00362106
0.00239905
0.00176274
0.00437726
0.0071059
0.00217626
0.00132337
0.00162718
0.00256837
0.00190308
0.0017379
0.00116722
0.00501681
0.01125
0.00112462
0.00245963
0.00492296
0.00181196
0.00227811
0.00771189
0.000849784
0.00309565
0.00386043
0.00275979
0.000509385
0.00388245
0.00191932
0.00531461
0.00369974
0.00555895
0.00392607
0.00205569
0.00344405
0.00101064
0.0101284
0.00185756
0.01004
0.00496443
0.00332263
0.0057348
0.00147801
0.000757027
0.0112897
0.00223627
0.00196388
0.000483799
0.00363786
0.00257769
0.000906024
0.00402583
0.00141265
0.016188
0.00536592
0.0128928
0.0268808
0.0007503
0.00228559
0.00393332
0.000930581
0.00567739
0.00110449
0.00308914
0.000912357
0.00406594
0.00451991
0.00584335
0.0183742
0.012139
0.0418565
0.00722612
0.011176
0.00265099
0.00447619
0.00113073
0.00516806
0.000655668
0.00174419
0.00772308
0.0016296
0.00104411
0.00182394
0.00470621
0.00566229
0.00397527
0.0721774
0.00251311
0.00437119
0.00116735
0.0125628
0.0130218
0.00536593
0.00289838
0.0211151
0.0107391
0.000665285
0.00021075
0.00142682
0.00326889
0.000755596
0.00146577
0.00718056
0.00168172
0.0102817
0.100059
0.00272688
0.00276634
0.0398894
0.00804779
0.000388247
0.00436953
0.000915795
0.00202532
0.00352091
0.00568069
0.00113538
0.00580737
0.00296063
0.0493212
0.00201569
0.00099472
0.00279296
0.00237998
0.00359645
0.00268815
0.00250869
0.000379857
0.00115591
0.00109188
0.00104362
0.00789282
0.00133163
0.002874
0.00100909
0.00211078
0.000787199
0.00128763
0.00166369
0.00137463
0.0131276
0.00510408
0.000836908
0.00755307
0.00225842
0.00136722
0.0130933
0.00139428
0.0225605
0.00162087
0.013534
0.00211652
0.00800339
0.00504447
0.00269777
0.00109445
0.00322633
0.00189677
0.015191
0.0015983
0.0233374
0.00344897
0.000851651
0.00128093
0.00213758
0.0152447
0.0108377
0.00175322
0.00118094
0.00825982
0.00849339
0.00323961
0.00418482
0.0038294
0.00157079
0.00352154
0.00687667
0.0184102
0.0057654
0.000668428
0.00794602
0.00180744
0.00304564
0.00445345
0.00420725
0.000798702
0.00165514
0.0194194
0.00479587
0.0119301
0.00061443
0.00319282
0.00780083
0.00400165
0.0065118
0.0066188
0.00232427
0.00157353
0.00122247
0.00114003
0.000539125
0.00567556
0.00415232
0.00082567
0.00258976
0.00130675
0.00184075
0.0148509
0.00334959
0.00145535
0.00201591
0.00905693
0.0238547
0.00575141
0.00194491
0.0213078
0.0198761
0.00318785
0.022118
0.000690525
0.00134442
0.00308812
0.00117581
0.0121198
0.0163773
0.0015636
0.00536742
0.00098327
0.00295695
0.00223015
0.00112794
0.00440846
0.00753633
0.0078976
0.00620896
0.00739952
0.00268688
0.00318638
0.002164
0.00254408
0.00491041
0.00748091
0.00578597
0.000963497
0.0204263
0.00456879
0.00733736
0.00250896
0.00500441
0.00124798
0.00226752
0.00710069
0.00509646
0.00392021
0.00127363
0.00183414
0.010477
0.00560735
0.0027331
0.0013887
0.00573397
0.00803321
0.000865538
0.00661479
0.0329942
0.00393887
0.00144875
0.00199393
0.00336272
0.00437074
0.00365366
0.00198932
0.00222006
0.00242966
0.00287286
0.0197803
0.00274015
0.00151632
0.00020982
0.00147204
0.00283824
0.00339164
0.0056447
0.0254287
0.0013524
0.00989151
0.000281614
0.00517595
0.00511216
0.00965274
0.00935429
0.00193951
0.000224885
0.00296032
0.00389921
0.00298536
0.000979203
0.00101516
0.0442933
0.00100365
0.00234571
0.00191393
0.00230894
0.000326215
0.00113457
0.000588518
0.00264874
0.00609506
0.00590824
0.00237122
0.00206104
0.00282316
0.000344433
0.00195725
0.00368987
0.018032
0.00635677
0.00106865
0.00151148
0.00253064
0.00267899
0.00181736
0.00125506
0.0131924
0.00931115
0.00157917
0.00924745
0.00164591
0.0083013
0.000929453
0.00567112
0.00239974
0.000974587
0.00823145
0.00149174
0.00083592
0.0211372
0.00140173
0.00493266
0.000258553
0.0065524
0.00394057
0.001703
0.00901042
0.00148495
0.0020274
0.0012527
0.0013352
0.000880472
0.00485489
0.00306013
0.0022695
0.00125295
0.00147771
0.000926121
0.00290309
0.0113964
0.0115283
0.00123985
0.00449417
0.00218917
0.00219731
0.00858972
0.00403209
0.00356794
0.0053879
0.000987045
0.00132236
0.013636
0.000823638
0.0143167
0.000475962
0.00193967
0.0117426
0.000352301
0.0108788
0.00371292
0.00555343
0.00349387
0.00741615
0.011708
0.00986297
0.00693381
0.00280991
0.00252453
0.00146016
0.00345056
0.00517281
0.00245041
0.00370562
0.00113704
0.00131857
0.00429354
0.00758563
0.00715983
0.00134496
0.00132438
0.00216842
0.003153
0.00894523
0.00174778
0.0395859
0.00383372
0.000981305
0.00221872
0.00259036
0.00470132
0.00106406
0.0069494
0.00231224
0.00185543
0.00217352
0.00293474
0.00175462
0.00451813
0.00961965
0.00208243
0.00277403
0.00889218
0.00126159
0.00510125
0.00481331
0.00123619
0.00437479
0.00212789
0.005334
0.00278123
0.0195931
0.0193849
0.00563004
0.00504098
0.00608163
0.00123048
0.00294862
0.0155594
0.000235404
0.00804339
0.00682159
0.0122995
0.019178
0.0203446
0.000612201
0.00155441
0.00533549
0.000916505
0.00913239
0.0321822
0.00207235
0.00276659
0.000456288
0.00151093
0.00632613
0.0100244
0.00324382
0.000737263
0.00540864
0.00103658
0.00197305
0.00062067
0.00659938
0.00148632
0.010586
0.0100052
0.00266519
0.00138503
0.00433998
0.00353109
0.00476298
0.00951306
0.0124652
0.0104087
0.00196525
0.00675563
0.00208355
0.00482332
0.00376398
0.00402449
0.00342623
0.00295431
0.000970785
0.011831
0.00105029
0.00483747
0.00792582
0.000758276
0.00641688
0.00136082
0.00220498
0.00238654
0.00211364
0.00122865
0.000435976
0.00789657
0.00137577
0.000900523
0.00325041
0.00528237
0.00207567
0.00221012
0.0010993
0.000740097
0.00154884
0.0191233
0.00382966
0.000804283
0.0018288
0.00119199
0.000781165
0.0356706
0.0148638
0.0114031
0.00110194
0.00106952
0.0220123
0.00337778
0.00515808
0.00282899
0.000414441
0.00505144
0.0108942
0.00155832
0.00189237
0.00597523
0.00619977
0.00255475
0.00320144
0.0027051
0.00338524
0.00373368
0.000536523
0.0027748
0.00260448
0.00944691
0.00270562
0.0089549
0.00476563
0.00124316
0.00040937
0.0117414
0.00144379
0.00352662
0.0227955
0.00547483
0.00525906
0.00031706
0.00715266
0.00290352
0.00086203
0.00261953
0.00274096
0.000594035
0.00287808
0.00483183
0.0140486
0.0122667
0.001127
0.00134233
0.00331005
0.00322682
0.00773349
0.00707878
0.022742
0.000900653
0.00317292
0.00623576
0.000784146
0.00436302
0.00936539
0.00292641
0.000163279
0.00537144
0.00452111
0.0289372
0.00588767
0.00721166
0.0163892
0.00338542
0.0066026
0.000768704
0.00284965
0.00542952
0.00406355
0.000950514
0.0057775
0.0027343
0.00162961
0.00316662
0.0033347
0.0164685
0.0107744
0.0091206
0.0287231
0.00120134
0.00631548
0.000852238
0.00719266
0.00226209
0.00538197
0.00337539
0.0120375
0.00401784
0.00205362
0.0150518
0.00193682
0.00854947
0.00616861
0.0020786
0.00152682
0.00943273
0.00393736
0.00101395
0.00272404
0.00235993
0.00249991
0.000377317
0.00728897
0.00285329
0.000702797
0.00324737
0.00154299
0.00297974
0.00358268
0.00250155
0.00162509
0.00812064
0.0117915
0.00433147
0.00906348
0.00138563
0.0162011
0.00373005
0.00349551
0.00249889
0.00321011
0.00139701
0.00389869
0.00874963
0.00255361
0.00833105
0.0012189
0.00430799
0.000517507
0.000548857
0.000211477
0.00180953
0.0248833
0.00283843
0.00194832
0.0124694
0.00238598
0.000598565
0.0133798
0.00260727
0.0025619
0.00129472
0.00225339
0.00272975
0.00349946
0.0070719
0.00360976
0.000969244
0.00110912
0.00808268
0.0103669
0.00541259
0.0240576
0.006906
0.0043723
0.00330182
0.00275197
0.00649806
0.000636301
0.00128552
0.00549648
0.00197517
0.00247556
0.00264766
0.00283107
0.0355265
0.00350325
0.00222298
0.00882677
0.00308259
0.00432581
0.00190707
0.00366691
0.00367368
0.00448475
0.00212252
0.00232903
0.00194792
0.00215863
0.00763198
0.00248581
0.00534921
0.00103678
0.00841336
0.00256442
0.00520032
0.00295792
0.00139168
0.00100463
0.0164097
0.00415577
0.00498871
0.00443373
0.00184865
0.00457196
0.0102097
0.00142311
0.00398115
0.00133467
0.000757276
0.00358544
0.00401762
0.00178972
0.000940945
0.0018299
0.000853635
0.00314389
0.00268421
0.000754867
0.00541821
0.0020148
0.00322247
0.0156902
0.00700919
0.00306318
0.00362774
0.00101311
0.00135621
0.00516177
0.00367172
0.00172842
0.00581988
0.00105577
0.00622227
0.00589657
0.00349812
0.00900322
0.0233299
0.00663645
0.000772659
0.00527859
0.00377679
0.000573272
0.0168856
0.00374536
0.000860131
0.000807923
0.00516621
0.00301455
0.00493623
0.00110613
0.00845622
0.012028
0.00644269
0.00101033
0.0119494
0.0114649
0.0036841
0.000665055
0.00738863
0.00126731
0.00454489
0.00357487
0.00317933
0.00286008
0.0190221
0.00428863
0.00520135
0.0114665
0.00110547
0.00213792
0.00148209
0.0145938
0.00601823
0.000683093
0.00345028
0.00173637
0.00265756
0.00141212
0.00182508
0.0213254
0.0022677
0.0027891
0.00461318
0.000624135
0.00469083
0.00697861
0.00107826
0.00448873
0.00228462
0.00441278
0.016576
0.00685085
0.00401879
0.0102528
0.00153229
0.00242731
0.064565
0.00695475
0.00354228
0.00425135
0.00517896
0.00231313
0.000901985
0.0109515
0.0409016
0.0019383
0.00542353
0.00393365
0.00723876
0.00185851
0.00348282
0.00176019
0.0039958
0.00481954
0.0036789
0.00288258
0.000690419
0.00279351
0.00188717
0.00320192
0.0119244
0.000945176
0.00418293
0.0186148
0.0357394
0.00167912
0.0116075
0.00438839
0.0107259
0.0075065
0.00200218
0.00166425
0.00366938
0.00124663
0.00248048
0.0019175
0.00311
0.00293657
0.00455404
0.00185708
0.00913953
0.00702227
0.0118066
0.00334645
0.0057809
0.00415906
0.0139262
0.0201384
0.00149057
0.00084605
0.0293784
0.00830581
0.000415337
0.00150973
0.00409869
0.00659572
0.00157824
0.00149053
0.00475106
0.00126013
0.00616571
0.000770997
0.00227306
0.00302476
0.00326623
0.0132387
0.00162542
0.00178896
0.00249825
0.00867406
0.00659695
0.0184874
0.00453107
0.00103893
0.00146967
0.00197278
0.00124976
0.00195524
0.00434252
0.00934125
0.00375217
0.00130828
0.00163106
0.00296478
0.0015369
0.00479035
0.00761241
0.0164801
0.0011611
0.00528336
0.00695929
0.00449451
0.010003
0.000758433
0.00204168
0.000444192
0.00120914
0.00397005
0.00428398
0.00117919
0.00582107
0.0135077
0.00777474
0.00214904
0.0112395
0.0022584
0.00156438
0.00264811
0.00609218
0.00131673
0.0494312
0.0200495
0.000650209
0.00207824
0.00110677
0.00481239
0.00292715
0.00258986
0.00101624
0.00151379
0.0019386
0.00233347
0.00320893
0.00259168
0.00859977
0.0019994
0.00589263
0.000815388
0.00239316
0.00421791
0.00373009
0.000976988
0.000915905
0.00112735
0.000548131
0.00452886
0.0287298
0.00483555
0.00223532
0.00123761
0.00335682
0.00188202
0.000690437
0.00282806
0.0114518
0.00195462
0.00824518
0.00229218
0.00396724
0.00253264
0.00644633
0.00824394
0.0399852
0.00156085
0.0476908
0.00865107
0.000539661
0.000937499
0.000503862
0.00153986
0.00291243
0.0139919
0.000262277
0.00174653
0.00673525
0.00969433
0.00210139
0.0212196
0.00241015
0.00102033
0.0146608
0.000406878
0.00643624
0.00196762
0.0087058
0.001549
0.00296091
0.00385745
0.002116
0.00133461
0.00488241
0.000973925
0.0110103
0.0145386
0.013747
0.00617023
0.00395111
0.00115118
0.0166748
0.000838721
0.00330279
0.000466939
0.00815388
0.00166331
0.0136552
0.00131778
0.00201937
0.00766654
0.00195768
0.00160658
0.0190782
0.00056069
0.000934334
0.0126686
0.00731993
0.00166943
0.00600657
0.000404637
0.00451846
0.000844214
0.00198332
0.00147316
0.00546607
0.0196116
0.00215209
0.013306
0.0107445
0.00346704
0.00374401
0.0380621
0.00493641
0.000986766
0.00194606
0.00426421
0.00226648
0.00240438
0.00151991
0.0151349
0.00388754
0.000965538
0.0328646
0.00354939
0.00263011
0.00317042
0.00481416
0.00116629
0.0320703
0.0301147
0.00339129
0.00100033
0.00690442
0.00689349
0.00769938
0.00311132
0.00510553
0.00101749
0.00320563
0.0128465
0.00542995
0.00134551
0.00337405
0.00294116
0.0177819
0.000342513
0.00420145
0.0091435
0.00608916
0.013818
0.0179024
0.00106469
0.00127531
0.0161264
0.00207039
0.00778729
0.00457948
0.00114018
0.00159992
0.00147038
0.00183154
0.00247091
0.00415031
0.00316732
0.00238569
0.00256505
0.00330924
0.00352173
0.00254606
0.0019467
0.00280093
0.00347382
0.00323351
0.00449819
0.000907763
0.000554534
0.014191
0.0030715
0.0016604
0.00292994
0.00172109
0.00358588
0.00253293
0.013846
0.00287032
0.0129212
0.00183186
0.00130826
0.00511473
0.00411837
0.00083677
0.00452439
0.00785707
0.00453585
0.00138678
0.00313361
0.0134873
0.0026208
0.00104464
0.00241518
0.00175354
0.00426156
0.00188954
0.0032873
0.00401907
0.000491798
0.0193597
0.00226156
0.00164556
0.00276502
0.00460378
0.0179545
0.00279092
0.00215065
0.00170768
0.00115956
0.00598993
0.0011937
0.00489073
0.00835861
0.0164251
0.000617941
0.00560885
0.0394238
0.00806185
0.00313077
0.00265266
0.00389038
0.00436924
0.00362493
0.015141
0.0014937
0.00605838
0.00329376
0.00208177
0.0117221
0.000721731
0.00425118
0.0101337
0.00573771
0.00609513
0.00366606
0.00496891
0.00173363
0.00207959
0.00638862
0.00504164
0.0022434
0.00250814
0.0024454
0.00129528
0.00356076
0.00382732
0.00168004
0.000338793
0.00824391
0.00165035
0.00379648
0.00096126
0.00242932
0.00275061
0.0101185
0.00196935
0.00268999
0.00496187
0.00402968
0.00255019
0.000347438
0.00183263
0.00133589
0.00410994
0.00211543
0.00672393
0.00717589
0.000396447
0.0120063
0.0179159
0.0012929
0.00174881
0.0050971
0.00115304
0.00202113
0.00238949
0.00037003
0.00845007
0.000668133
0.00137587
0.00166657
0.0190259
0.00504203
0.00175891
0.00771672
0.00441809
0.00876986
0.00139461
0.0124957
0.00287662
0.00133515
0.00294061
0.00467324
0.00272511
0.00125699
0.00532377
0.00358861
0.00135541
0.00130984
0.00504923
0.00206664
0.00704391
0.00269233
0.00632645
0.00131723
0.00184437
0.00158194
0.00244876
0.00512932
0.00146703
0.017122
0.000885707
0.00406501
0.0082578
0.00256467
0.00314146
0.00369765
0.00263754
0.00169419
0.00485808
0.00190345
0.00611774
0.000596627
0.0142124
0.00278693
0.00363675
0.00707585
0.00526711
0.00162994
0.00241609
0.00684218
0.00255903
0.00860974
0.00493877
0.0037957
0.00540009
0.0061862
0.00343036
0.00212921
0.00913829
0.00245875
0.00989918
0.00639878
0.00311154
0.00265753
0.00142339
0.0047381
0.00347281
0.00244288
0.00103445
0.00143289
0.000609978
0.00248426
0.000570854
0.00302048
0.00627296
0.00122278
0.00512119
0.00418587
0.00623348
0.001709
0.00465955
0.00515503
0.00176619
0.00708703
0.0112719
0.00308171
0.00631082
0.000886585
0.00183216
0.00322017
0.000806759
0.00562085
0.00236036
0.00498133
0.0102808
0.00143168
0.00913824
0.00104107
0.00359155
0.00253641
0.00160008
0.00410194
0.00483752
0.0319982
0.00621509
0.0155182
0.00316194
0.0162266
0.00904485
0.00257333
0.0238134
0.00087168
0.00255749
0.000500471
0.00207076
0.00347338
0.00472835
0.003302
0.00413713
0.00996607
0.00095974
0.00163191
0.0171783
0.00137625
0.00719885
0.000481554
0.0209385
0.000252027
0.00139279
0.0039377
0.0132294
0.0012979
0.0203384
0.0012769
0.00931086
0.00225371
0.00259073
0.00650472
0.00121051
0.00476264
0.00100118
0.00432388
0.00122246
0.0042772
0.00234554
0.00153353
0.000471264
0.00102854
0.00185499
0.00194084
0.00174317
0.00418829
0.00779011
0.00153248
0.00580866
0.000972067
0.0380666
0.00319846
0.00220965
0.00128376
0.00134224
0.000912908
0.00611668
0.00403917
0.00403484
0.0100529
0.00189815
0.0048546
0.00601688
0.00260561
0.00285004
0.00139811
0.00161699
0.00613447
0.00398985
0.0095114
0.00605515
0.000259704
0.00511514
0.00379364
0.00109583
0.00169822
0.0107305
0.0011613
0.0445423
0.00305709
0.00588992
0.0087965
0.00138064
0.00293315
0.00505274
0.00412573
0.00303259
0.00290605
0.00275292
0.00394049
0.00352596
0.00184413
0.00071647
0.00352312
0.00280579
0.00591264
0.000690288
0.00827476
0.0146677
0.016436
0.00509942
0.000999004
0.00439324
0.00148534
0.00409505
0.00277769
0.00440188
0.00537188
0.00502781
0.0202812
0.00328987
0.0030854
0.00395195
0.00190494
0.00253917
0.00553057
0.00448641
0.00328451
0.0015715
0.00497678
0.0159632
0.00295412
0.00186959
0.00297836
0.00228119
0.00968258
0.0318111
0.00942587
0.00703515
0.000980759
0.0150943
0.0131615
0.00325964
0.000709765
0.00268685
0.00186756
0.00925599
0.000947092
0.00176951
0.00423959
0.00273941
0.00571138
0.00354024
0.00528656
0.0137117
0.00762997
0.000681007
0.00887163
0.00548608
0.000695011
0.00371196
0.00326099
0.000979312
0.0109225
0.000725102
0.00194217
0.0023408
0.0043313
0.00823163
0.0027536
0.0041259
0.00869856
0.00283412
0.00344351
0.00862001
0.00121315
0.00498244
0.00162995
0.000631188
0.00349215
0.00714044
0.0153848
0.0133515
0.000862024
0.00157002
0.00228848
0.00289219
0.00196476
0.00548392
0.00580748
0.00247494
0.00498736
0.000774448
0.00140848
0.00245303
0.00358546
0.00808591
0.00348791
0.00068524
0.00129788
0.00140972
0.00595265
0.0155784
0.0111283
0.00373962
0.0083022
0.00118985
0.00729597
0.00657025
0.00620448
0.00666921
0.00225814
0.0116722
0.00508209
0.0125123
0.000469993
0.00613558
0.000725286
0.0006118
0.00685059
0.00216708
0.00798758
0.000517931
0.000522413
0.00470865
0.00527235
0.0191964
0.00101611
0.00611159
0.00490546
0.0112177
0.00626181
0.000437378
0.00287415
0.00763653
0.00107374
0.00153425
0.0112491
0.00278859
0.00616936
0.0100822
0.00205721
0.00279718
0.00147594
0.0072062
0.00366522
0.00418058
0.0184637
0.00314163
0.000944217
0.005335
0.00170662
0.00347895
0.00790094
0.00139292
0.00104804
0.00306632
0.000458536
0.00730114
0.00107676
0.00743615
0.00391678
0.00276183
0.00398329
0.00733243
0.00363318
0.00334687
0.00774807
0.00334814
0.0182643
0.00109728
0.00216398
0.00266322
0.00177425
0.00275831
0.00195254
0.0007614
0.00430343
0.00450108
0.00145546
0.00303387
0.0203106
0.0032922
0.00415506
0.00364804
0.00389646
0.00780385
0.00528848
0.0336014
0.000720026
0.0109945
0.0122238
0.00568781
0.00135775
0.0022953
0.00229903
0.00189057
0.00427697
0.00431695
0.0247496
0.0058717
0.00548762
0.0415673
0.0021975
0.00803875
0.00799932
0.00182472
0.000997674
0.00165124
0.0106234
0.00720085
0.000761725
0.0014099
0.00378914
0.00398751
0.00160226
0.00629625
0.00584993
0.00399021
0.00351206
0.00266648
0.000965488
0.0142424
0.0034697
0.000821045
0.00741975
0.00425634
0.0108725
0.0307885
0.00741245
0.0097633
0.00256278
0.0010328
0.00207715
0.00571333
0.00624769
0.00804119
0.00271362
0.00451302
0.002332
0.00374823
0.00545488
0.000952094
0.00468973
0.00416444
0.00700034
0.00246218
0.0176798
0.0326172
0.000737093
0.00552085
0.00113287
0.00341104
0.00339689
0.00333809
0.000461333
0.00419405
0.00151031
0.00272901
0.00653966
0.00145045
0.000917912
0.000912589
0.0101478
0.00352732
0.00133323
0.00782521
0.00304621
0.00243697
0.00580647
0.00219564
0.00164998
0.00419265
0.00480354
0.00151357
0.00666454
0.000473649
0.00942139
0.00513959
0.00307361
0.00811474
0.000311951
0.00579452
0.00223311
0.00786283
0.00700499
0.0167735
0.0210474
0.0119691
0.0156166
0.00182666
0.00600179
0.00336696
0.00820427
0.0106742
0.0017073
0.000389206
0.00189831
0.00135882
0.00547973
0.00101574
0.0159058
0.00246394
0.0056075
0.0041829
0.000919893
0.00417329
0.00191141
0.00138139
0.00190159
0.00696152
0.00160729
0.00328912
0.000954927
0.00638541
0.00283096
0.00146681
0.00527899
0.00186777
0.00577223
0.00314533
0.0018484
0.00352493
0.00977208
0.00658936
0.0025607
0.00152178
0.00542361
0.0139423
0.00803452
0.00196758
0.0280962
0.00623092
0.00808702
0.00162573
0.00754344
0.00200409
0.00751412
0.00302977
0.00414312
0.00285074
0.0147442
0.00213359
0.003932
0.0202772
0.00184559
0.00743149
0.00371557
0.00196598
0.000939282
0.00248597
0.00795991
0.00168848
0.00731306
0.00587145
0.00718743
0.00713967
0.00201175
0.00152184
0.000482848
0.0155813
0.00309902
0.00432393
0.0053667
0.0114244
0.00188198
0.00109913
0.00139685
0.0207428
0.00273646
0.00286756
0.00492537
0.000309491
0.000736028
0.0033975
0.00173653
0.00777682
0.0137869
0.00456918
0.00234364
0.00891797
0.0062376
0.000406673
0.000749304
0.00115429
0.00149684
0.00106662
0.00408596
0.00501084
0.0166015
0.00218763
0.00356493
0.00567034
0.00257133
0.00141848
0.00884387
0.00259084
0.00570673
0.00152602
0.00600773
0.00810077
0.00234479
0.00147323
0.00612941
0.00248086
0.0111403
0.0164718
0.00933162
0.0127983
0.0101601
0.00389302
0.00166462
0.00198594
0.0240321
0.00464405
0.00295176
0.0061209
0.00189025
0.0224003
0.00303393
0.00419255
0.00344613
0.00934178
0.00259403
0.00412765
0.00141726
0.00259823
0.00765216
0.0122447
0.000907934
0.00280582
0.00420183
0.00314471
0.00489321
0.0156326
0.00971738
0.00937567
0.000957714
0.00243977
0.00171564
0.00219437
0.00432528
0.00293688
0.00704357
0.00251619
0.000616041
0.00192951
0.0241819
0.00463974
0.00301648
0.00181126
0.0436139
0.00384015
0.0029581
0.0155112
0.00371998
0.0169016
0.0032435
0.00527549
0.00379478
0.0054971
0.00260362
0.00830248
0.000638207
0.00331028
0.00525411
0.00284831
0.00161735
0.00738691
0.00209841
0.00308104
0.00797363
0.00658975
0.00382693
0.00258129
0.00819154
0.00739562
0.00430555
0.00296453
0.00149978
0.00468552
0.00134953
0.00463091
0.00249089
0.00478073
0.00153356
0.00371673
0.00361919
0.00255694
0.00218728
0.0018114
0.00606357
0.00122184
0.00233846
0.000683479
0.000768105
0.00113371
0.00192908
0.00500715
0.0032262
0.00097328
0.029666
0.00251553
0.0360742
0.00950824
0.00391918
0.00561457
0.00286105
0.00486941
0.000714101
0.0109135
0.000984499
0.00068075
0.00558181
0.00108018
0.00139341
0.00909365
0.00107204
0.00028322
0.00347274
0.0109883
0.00123889
0.00744818
0.00160433
0.00263105
0.0111194
0.00727398
0.0130311
0.00186078
0.0169297
0.00145582
0.00185409
0.00318507
0.00428609
0.00292159
0.00260765
0.00714925
0.0010979
0.00958149
0.000165518
0.00167415
0.00677319
0.00158365
0.0382826
0.00184651
0.00561818
0.00366126
0.00181915
0.000958153
0.000526443
0.0014981
0.00524181
0.00499884
0.0155978
0.000568829
0.00070744
0.0026152
0.0162272
0.00175203
0.00045447
0.00734743
0.00393295
0.00407643
0.00506012
0.0013704
0.00117028
0.00173983
0.0383684
0.00180975
0.00600164
0.00847415
0.00453439
0.00169922
0.0152584
0.00393612
0.00493586
0.00489969
0.00507377
0.00224724
0.00313179
0.00319644
0.000791592
0.000885846
0.00801623
0.0163926
0.000905573
0.00190361
0.00310347
0.00320378
0.00183244
0.00163283
0.00594342
0.000218894
0.00224571
0.00259231
0.00236504
0.0188164
0.000717378
0.00378245
0.00151447
0.00602453
0.0022281
0.0107167
0.00417201
0.00764022
0.000661466
0.0050522
0.00288454
0.00162552
0.00720767
0.00479873
0.00261843
0.00495527
0.00612741
0.00123382
0.0109186
0.000760756
0.0174066
0.00208213
0.00402188
0.00177691
0.00413998
0.00385432
0.0024322
0.00220936
0.0251787
0.00124006
0.00782591
0.00183846
0.00146106
0.00128426
0.00463784
0.000973179
0.00458041
0.00494411
0.0109314
0.00169761
0.000346107
0.00565169
0.00403699
0.00403381
0.0147542
0.00118194
0.00379286
0.00283145
0.00075173
0.00717744
0.00252757
0.0033235
0.00512539
0.00156808
0.00170779
0.00542311
0.00120972
0.000777635
0.00268333
0.00211443
0.00976591
0.0027455
0.00146311
0.00212161
0.00688289
0.00376066
0.00253435
0.00366059
0.0232845
0.000723101
0.00557888
0.0052442
0.00284666
0.00472815
0.00238109
0.0477926
0.00390623
0.0057589
0.00201109
0.0127185
0.00211684
0.00100148
0.00362463
0.00435476
0.000804957
0.0045735
0.00385506
0.0021766
0.00293548
0.00369515
0.00128084
0.02076
0.00152719
0.0238371
0.00279504
0.00568557
0.00101794
0.00129214
0.000917394
0.00618716
0.00205245
0.00317582
0.00440927
0.00206821
0.00434833
0.00410895
0.00505298
0.00268482
0.00317141
0.00206516
0.000572381
0.0142543
0.00384567
0.0204576
0.0032695
0.00166881
0.00173581
0.00192618
0.000678884
0.00474962
0.0131559
0.00629144
0.00360533
0.00568938
0.00355038
0.00289909
0.00401579
0.00541046
0.00192904
0.00261323
0.0039772
0.00171863
0.00446675
0.00160431
0.00611668
0.00483937
0.00378954
0.0022155
0.000750168
0.00135445
0.0161368
0.00730367
0.00406228
0.00778527
0.00984595
0.00193928
0.00211985
0.00782693
0.00137772
0.0112332
0.00615838
0.0023144
0.00195493
0.0158112
0.00125603
0.0106796
0.00575303
0.000762683
0.00596965
0.00170292
0.00418346
0.00109181
0.00204252
0.00294772
0.00136115
0.00692655
0.0328293
0.00372853
0.00263055
0.0151776
0.00498779
0.00206795
0.00286301
0.00345183
0.00208189
0.00522955
0.00168111
0.000571016
0.00172677
0.00371071
0.0059897
0.00238598
0.000199797
0.000696847
0.00995121
0.00248856
0.00236782
0.00446649
0.00363934
0.00653578
0.00789871
0.0035025
0.00302199
0.00601883
0.0045698
0.00440369
0.00590032
0.016272
0.00388356
0.00152869
0.00102761
0.00885092
0.00485922
0.00274531
0.000747037
0.00495475
0.00927268
0.00165093
0.00247216
0.00558939
0.00446114
0.00277644
0.00561859
0.00438011
0.00122208
0.0157841
0.00563114
0.00279764
0.0115589
0.0138353
0.00192938
0.00210548
0.00767452
0.00157707
0.00130791
0.0103733
0.00241196
0.00200409
0.00856175
0.00212902
0.00193785
0.00231058
0.0087812
0.00132178
0.00220918
0.0164657
0.00160531
0.00382339
0.00103947
0.0144401
0.00473087
0.00124316
0.00355998
0.000780352
0.00181325
0.000512412
0.000711882
0.00524385
0.0157907
0.00342288
0.000804546
0.00346686
0.000298076
0.00209856
0.0123806
0.00241587
0.00424998
0.00154102
0.00244274
0.00592799
0.0170761
0.00101946
0.00283674
0.00156114
0.000623428
0.0105119
0.00196606
0.00547354
0.00134777
0.00747576
0.00385374
0.00330285
0.00412808
0.00793002
0.00237233
0.00122858
0.00452238
0.000377284
0.00168931
0.00249812
0.00482429
0.0177718
0.0045616
0.0138846
0.00501024
0.00821824
0.0123238
0.00183449
0.000780036
0.00781659
0.00122471
0.00779045
0.000733482
0.00756448
0.002535
0.00135743
0.010989
0.00457677
0.00105462
0.00170209
0.0137431
0.00409565
0.000722389
0.00292023
0.000807362
0.00714287
0.00232528
0.00111786
0.00037445
0.00990105
0.00733776
0.00147339
0.000613918
0.0235183
0.00233341
0.0015153
0.00137075
0.000974118
0.00145212
0.0159881
0.0122145
0.00166942
0.00531622
0.00390092
0.00194118
0.00511273
0.00267275
0.000657431
0.024791
0.000965239
0.00619861
0.00315554
0.00174121
0.0123561
0.00362671
0.00647865
0.000699833
0.00117292
0.0054341
0.00210016
0.00251905
0.00225735
0.00387786
0.00400086
0.0125304
0.0127525
0.00239132
0.00705472
0.0023427
0.00678157
0.00564196
0.00374856
0.000962817
0.00797262
0.00218814
0.0030821
0.000225337
0.000330094
0.00812808
0.00137914
0.00363726
0.00429764
0.00199507
0.0041076
0.00163188
0.00283198
0.000941464
0.00392659
0.00406556
0.00935151
0.0026568
0.00203044
0.00338762
0.00293034
0.00670837
0.00173606
0.0043424
0.00684721
0.00198361
0.00167441
0.00212596
0.00326929
0.00437827
0.00185508
0.00129889
0.00248871
0.00683247
0.0129892
0.00180849
0.00208389
0.00974999
0.0110652
0.00133357
0.0166185
0.00642376
0.00168575
0.00147518
0.00701397
0.00495195
0.014344
0.00163433
0.00235746
0.00121357
0.00294876
0.00915659
0.00382879
0.00709236
0.0235426
0.00833688
0.0158304
0.00394862
0.0214016
0.00699154
0.00376011
0.00257913
0.0154917
0.0117123
0.000879721
0.00459347
0.00613776
0.00296669
0.00595583
0.00712859
0.0012844
0.0023459
0.00180561
0.0102646
0.0115371
0.00345554
0.00122977
0.0019815
0.00393301
0.00129507
0.000673411
0.000641028
0.00175042
0.00291052
0.00165196
0.000541047
0.00259975
0.00276353
0.00126811
0.00322622
0.00962309
0.0169101
0.00227924
0.00684069
0.0034726
0.00355009
0.00397398
0.000652864
0.00239613
0.00417296
0.00134476
0.00619484
0.0045016
0.00732656
0.00371691
0.000982438
0.0045396
0.0302878
0.00411157
0.0023389
0.00257117
0.000375964
0.00496553
0.00330949
0.00665019
0.00369982
0.000515031
0.00267892
0.00321851
0.00953605
0.00513848
0.00232631
0.00865711
0.00389234
0.00194676
0.00299029
0.00186528
0.000869163
0.00712407
0.00288304
0.00241386
0.00208444
0.00237047
0.00821114
0.00164836
0.00651563
0.00756402
0.0128654
0.000733437
0.00269082
0.0102063
0.00876121
0.00146656
0.00622556
0.000499795
0.00722376
0.0014673
0.00615218
0.0018677
0.000320363
0.00246973
0.00371913
0.00418894
0.00113529
0.0116973
0.00347154
0.00358593
0.00476852
0.00853905
0.00528859
0.00521533
0.00100643
0.00684807
0.00667927
0.016252
0.00707697
0.023728
0.00785059
0.000758032
0.00334571
0.00308969
0.000696232
0.00992519
0.00418713
0.0163792
0.00137688
0.00328022
0.00720641
0.0203082
0.00196915
0.000391921
0.00205963
0.00879402
0.003195
0.00461567
0.00604498
0.00280727
0.00204931
0.00160042
0.00352559
0.011691
0.00155386
0.00189759
0.00043216
0.0296515
0.0017723
0.0002275
0.00666033
0.00751091
0.00493484
0.00184198
0.00241548
0.00302732
0.0095794
0.0019496
0.000581042
0.00297004
0.0129912
0.00681307
0.00207764
0.0019921
0.00451345
0.0108294
0.00599526
0.00237724
0.0121194
0.00200596
0.0013547
0.00590495
0.00527153
0.000504302
0.00240888
0.00649389
0.0118835
0.0064299
0.00807476
0.000846874
0.0203548
0.002824
0.00885335
0.00458245
0.0017226
0.00851227
0.00576405
0.0046936
0.00442653
