0.00169813
0.00613686
0.00314239
0.00764568
0.0200813
0.00215634
0.000846143
0.00614552
0.00404637
0.0141177
0.00499244
0.00201076
0.00195765
0.0023844
0.00132925
0.00116695
0.00405523
0.00102173
0.00857454
0.00663707
0.00702148
0.00193805
0.0166853
0.000482865
0.0027858
0.00349516
0.0072225
0.00121272
0.00131369
0.00912282
0.00893786
0.0014339
0.00407739
0.00421562
0.00191917
0.00410509
0.00134409
0.00286548
0.000464431
0.00191188
0.00162059
0.00296465
0.0168606
0.00380117
0.00225334
0.00299914
0.00914531
0.00182818
0.00237473
0.00693166
0.00295861
0.00388066
0.0112478
0.00707146
0.00402079
0.00133201
0.00184716
0.00248603
0.000505328
0.00739825
0.00184127
0.00693279
0.0109472
0.00844987
0.0153042
0.00407033
0.00334277
0.00857584
0.00387178
0.000426272
0.0018721
0.0146009
0.00192048
0.00236622
0.00130919
0.00377002
0.00438667
0.00135117
0.00297005
0.00263997
0.00175115
0.0153743
0.00197265
0.000770959
0.00707071
0.00324299
0.00580876
0.00289813
0.00102499
0.000792112
0.000708166
0.00343729
0.00634579
0.00922305
0.00535098
0.00124695
0.00323369
0.028722
0.00124088
0.00370569
0.00667962
0.000959222
0.00173018
0.00422617
0.0027532
0.00122643
0.000310008
0.00152591
0.00130542
0.00188929
0.00744676
0.0176695
0.00273991
0.0103451
0.0133925
0.00386088
0.0408352
0.00121057
0.00221369
0.0020534
0.00273698
0.0028396
0.00262519
0.0088279
0.00339196
0.000785778
0.00590945
0.0231414
0.00409054
0.00102543
0.022262
0.00428499
0.00143952
0.00156503
0.00621515
0.00385279
0.00950435
0.00284314
0.00543299
0.00316296
0.00793488
0.000316028
0.00139812
0.0143577
0.0213899
0.00315457
0.00228288
0.00890381
0.0008932
0.0266092
0.00221256
0.00520594
0.000676447
0.0154074
0.00975078
0.000395315
0.00118219
0.00747229
0.00155957
0.00445645
0.00791677
0.00134802
0.00440978
0.00169775
0.002557
0.00701514
0.00525082
0.00245863
0.00490274
0.0143698
0.00072749
0.010516
0.00908129
0.00362881
0.00370996
0.00526617
0.0141643
0.00102494
0.00842894
0.00743449
0.00340131
0.00592118
0.00450573
0.0255855
0.00456399
0.0048781
0.00189315
0.0058179
0.00532238
0.00212423
0.00621234
0.0238477
0.00218662
0.00288673
0.00259214
0.00130842
0.0101704
0.00155702
0.00342335
0.0125272
0.00388428
0.0090233
0.00309839
0.00141067
0.0016443
0.0140022
0.00351795
0.0038298
0.0138109
0.00117447
0.0110754
0.00182569
0.0106806
0.00100117
0.0330019
0.0133251
0.0224069
0.00512276
0.00423783
0.000866881
0.000586599
0.00298523
0.00133882
0.00317008
0.00297302
0.00287376
0.0118517
0.000900846
0.0106755
0.00131323
0.00422071
0.00139757
0.00527606
0.00469886
0.0021603
0.019426
0.00605897
0.00175321
0.000503387
0.0263163
0.00203513
0.00526437
0.00301945
0.00215838
0.00346723
0.00438991
0.00582125
0.00421745
0.00215629
0.000956475
0.00757687
0.00343352
0.00938194
0.00207267
0.00179851
0.0248159
0.00244787
0.027501
0.0013837
0.00403287
0.000473536
0.0121316
0.00749132
0.00484196
0.00564833
0.00325781
0.00873086
0.00166116
0.00191328
0.00464409
0.00195174
0.004713
0.00864645
0.00130806
0.00237454
0.00393299
0.00319206
0.000397811
0.00588826
0.00801584
0.000734537
0.00479022
0.00251377
0.00643534
0.00288374
0.0298154
0.00119319
0.00341017
0.000712212
0.00652129
0.00105825
0.0138308
0.00815555
0.00904155
0.000901473
0.00433436
0.0067062
0.00339556
0.00707421
0.00241506
0.00166418
0.00297106
0.00610101
0.00342242
0.00650153
0.00125008
0.00349179
0.00209154
0.00257891
0.00439837
0.00282716
0.00116749
0.00193746
0.0144199
0.00395142
0.000921759
0.00300743
0.00257395
0.00570378
0.000676888
0.00424108
0.00226141
0.00119761
0.00559628
0.00239499
0.00719905
0.00241783
0.0129782
0.00612353
0.00100049
0.0033512
0.00486533
0.0119885
0.00144828
0.00169479
0.00228345
0.00420537
0.0140178
0.00209699
0.00229682
0.00223987
0.00246013
0.00187708
0.00563479
0.00767597
0.00641424
0.00283447
0.00574535
0.00885768
0.00764311
0.00371317
0.00486374
0.00421811
0.00135964
0.00348909
0.00200442
0.0027811
0.00133489
0.00499524
0.00249114
0.00884939
0.00447969
0.00279049
0.00574447
0.00284472
0.0133475
0.00288027
0.00410806
0.000837619
0.0194731
0.0017351
0.00209992
0.00274437
0.0111442
0.00702677
0.00104493
0.00116025
0.0046886
0.00552973
0.00569577
0.00895097
0.00394112
0.00167394
0.0112222
0.00598674
0.000747529
0.00650618
0.00177519
0.00349638
0.00822196
0.0133189
0.0125305
0.0012538
0.00599705
0.00724162
0.00114782
0.00349868
0.00447413
0.00235706
0.00162837
0.00296192
0.00610096
0.00219432
0.00402203
0.0178107
0.00383884
0.00274493
0.00315206
0.00416433
0.00123346
0.0031642
0.00224194
0.00460578
0.0120067
0.00492756
0.00449637
0.0109133
0.00389136
0.00500364
0.0276754
0.00497923
0.00671705
0.00937251
0.00380744
0.0042599
0.00203907
0.000490176
0.00534994
0.00265722
0.00161822
0.00204405
0.00487426
0.00251295
0.00475047
0.017876
0.00500362
0.00185643
0.00472667
0.00162394
0.00345437
0.00274261
0.0143017
0.00874993
0.0111424
0.00375149
0.00473392
0.00486171
0.00708602
0.00129326
0.00840101
0.0038643
0.00545835
0.00744905
0.00385116
0.00104788
0.00445954
0.0030615
0.00505661
0.0044485
0.00162728
0.00315584
0.00139839
0.00144637
0.00217813
0.0215875
0.00250252
0.0171619
0.00168962
0.0144901
0.000580417
0.00170828
0.0114526
0.00710301
0.000560546
0.00946439
0.00651433
0.00353137
0.00771232
0.000302296
0.00342982
0.00871311
0.00847959
0.000608202
0.00565043
0.00114876
0.0024228
0.0148646
0.0231075
0.00339857
0.00282666
0.000871356
0.0227775
0.000989599
0.0196448
0.00652315
0.00277658
0.00558074
0.00244804
0.00168711
0.00626234
0.00462062
0.00453131
0.00193836
0.00181721
0.00199836
0.000811577
0.00339205
0.00121087
0.00934197
0.00068316
0.00107236
0.0022544
0.000613918
0.00209598
0.00270691
0.00179523
0.0759603
0.00277289
0.00247509
0.00205951
0.00405477
0.00599132
0.0307723
0.00303271
0.00889883
0.00175265
0.00528288
0.00566041
0.00697495
0.000590216
0.0037566
0.0244501
0.00100601
0.00151424
0.000907061
0.00605994
0.00250425
0.00866613
0.00397952
0.00218536
0.00774141
0.000977706
0.00344878
0.000599191
0.00114051
0.000867781
0.0214782
0.00940425
0.020198
0.00571385
0.00138675
0.00630512
0.00442263
0.00277018
0.00843733
0.00464212
0.00572428
0.00225716
0.00409093
0.00612194
0.0215968
0.00315689
0.00347641
0.0111134
0.00107398
0.00316453
0.00183781
0.00747528
0.00532697
0.00242216
0.00888225
0.00434804
0.00334623
0.0142653
0.00112196
0.0130008
0.00469247
0.00331322
0.000912699
0.00147151
0.00265566
0.00251477
0.00554702
0.00266695
0.00264848
0.00164957
0.00415061
0.00546852
0.00574634
0.00103042
0.00304076
0.0105245
0.00419911
0.00466003
0.00146586
0.00556407
0.00288977
0.00332111
0.00296584
0.00175851
0.00184036
0.000665176
0.0201088
0.00256969
0.00368838
0.00209453
0.000651386
0.00265154
0.00747913
0.000883889
0.000945417
0.00222431
0.00205697
0.00364266
0.0199149
0.000971456
0.00302239
0.00363379
0.00135257
0.0115107
0.00335688
0.00634354
0.00114675
0.00422684
0.0138451
0.0103769
0.0134898
0.00175809
0.00520385
0.00454158
0.0137634
0.00520289
0.00372817
0.00566531
0.022015
0.00590397
0.0131824
0.00122256
0.00348551
0.00615938
0.00325805
0.0010693
0.00819812
0.00685795
0.00762344
0.00873068
0.00191211
0.00117171
0.00179066
0.00971049
0.0189565
0.00877764
0.00216323
0.0245278
0.00675871
0.00201751
0.00322511
0.00645709
0.00343858
0.00277298
0.00312823
0.00256655
0.00569234
0.0140019
0.00370107
0.0237893
0.00307595
0.0127385
0.00163601
0.0167109
0.00110428
0.00694864
0.00196929
0.00626503
0.00285182
0.00604293
0.00128314
0.00267845
0.0031129
0.00101437
0.0225542
0.00376333
0.00068408
0.00150893
0.00379773
0.0025458
0.00444782
0.00310186
0.00308473
0.00408938
0.00308857
0.00223614
0.00201989
0.0129571
0.00627707
0.0027393
0.000735184
0.00109681
0.00300965
0.00201484
0.00792976
0.00387243
0.00546183
0.00275915
0.0116331
0.00144596
0.0013251
0.00234902
0.0118069
0.00330913
0.00697951
0.00484196
0.00193945
0.00479663
0.00868355
0.00506909
0.0220008
0.00183098
0.0929382
0.00629917
0.00334207
0.00183046
0.00177517
0.00115634
0.0163037
0.00338061
0.00136174
0.00243978
0.00700572
0.00725842
0.0013497
0.00995698
0.00694713
0.00229113
0.00130544
0.00624901
0.00768908
0.00326898
0.00392588
0.000535713
0.00121318
0.00240301
0.003335
0.00229705
0.00332172
0.00226636
0.010688
0.00275849
0.010041
0.00273742
0.000277961
0.00287856
0.00112248
0.00579445
0.00186514
0.00116916
0.0115659
0.00131164
0.00992543
0.00975139
0.00572134
0.00259383
0.00070486
0.00381711
0.00191988
0.00812142
0.00458333
0.00668306
0.000868979
0.00118943
0.00539991
0.012879
0.00203872
0.00365445
0.00471246
0.00806191
0.00306497
0.00217859
0.0014543
0.000168572
0.00618473
0.00141124
0.00289221
0.00909647
0.000629596
0.00447209
0.00378751
0.0222161
0.00223389
0.00176316
0.00475998
0.00546617
0.00218178
0.0166291
0.000539116
0.00254743
0.00100718
0.00284235
0.00216876
0.00943782
0.00156708
0.00154979
0.0017644
0.00101128
0.00298319
0.0036731
0.00338897
0.00517926
0.00399667
0.00483751
0.00337171
0.00487661
0.00212115
0.00404579
0.00731809
0.00742453
0.0045467
0.00171963
0.00830206
0.00767329
0.00673523
0.000766098
0.00160992
0.00137977
0.00221867
0.00373605
0.0046546
0.000754184
0.00222692
0.00954997
0.00388751
0.00333773
0.00268628
0.00140112
0.00238167
0.00172676
0.00836799
0.00369436
0.00218549
0.0023379
0.00226264
0.00481375
0.00911585
0.000837954
0.00935419
0.00162682
0.00381979
0.00118995
0.00178635
0.00887383
0.00454192
0.00310497
0.00954664
0.00292497
0.0045898
0.00456983
0.00106342
0.0026222
0.00118174
0.00643924
0.00360408
0.00334646
0.00167205
0.00772049
0.0210045
0.00299422
0.00538646
0.00268926
0.0113055
0.000556056
0.00474647
0.00185812
0.00325856
0.00161316
0.00177596
0.00457463
0.00396569
0.00971052
0.00414156
0.00566761
0.00620908
0.0383139
0.00403691
0.00831981
0.00330201
0.00433492
0.00712688
0.000612502
0.00490356
0.00547578
0.00417177
0.0235316
0.00182197
0.00617153
0.00349005
0.00726824
0.00320157
0.00809575
0.00116483
0.0327504
0.00101947
0.00447918
0.00302775
0.000875932
0.00610515
0.00553736
0.00346748
0.00162553
0.00749153
0.00252095
0.00279769
0.00799222
0.000826445
0.00236091
0.00577445
0.00117541
0.0113747
0.00347879
0.00266565
0.00330836
0.0024039
0.00247165
0.00293066
0.00913072
0.00270137
0.00244541
0.00625626
0.00428439
0.000905547
0.00293563
0.00466612
0.00307063
0.00440499
0.00298555
0.00204651
0.00203011
0.00592739
0.0026066
0.00382346
0.00252676
0.00190197
0.00748746
0.0106837
0.00352574
0.0102743
0.00413206
0.0183454
0.0214514
0.00152387
0.00344177
0.00147515
0.00206763
0.00288377
0.00264761
0.00456481
0.0268162
0.00939052
0.00242652
0.00320921
0.00457484
0.00584713
0.00225657
0.00131826
0.00133714
0.0108979
0.000981184
0.00570928
0.0279816
0.00312292
0.00364237
0.00302986
0.00214513
0.00323069
0.00166367
0.0137969
0.00317073
0.0020859
0.00219712
0.0070816
0.00206105
0.00219558
0.00755081
0.00399088
0.00149375
0.0057218
0.00367801
0.00967116
0.000200847
0.00369462
0.00834243
0.00100086
0.00239383
0.000497726
0.00533553
0.00311655
0.00332723
0.00435065
0.00227838
0.00566949
0.00211701
0.00532139
0.000981366
0.00123715
0.00250124
0.00469175
0.00257572
0.0264503
0.00988308
0.00468586
0.00313115
0.00165827
0.00394404
0.00259738
0.00170149
0.00440385
0.000560307
0.00105014
0.00777965
0.0101522
0.0029968
0.00220768
0.00337334
0.00605993
0.00938794
0.00182398
0.0013181
0.000578716
0.00372241
0.00187663
0.00438629
0.00342311
0.000967253
0.00835453
0.00630546
0.00201725
0.000174865
0.0199922
0.00193988
0.000879259
0.00411539
0.00740209
0.00320612
0.00523136
0.0019079
0.00217484
0.00981511
0.00632129
0.0040707
0.0126394
0.00350837
0.00444902
0.00464768
0.00959685
0.00146186
0.00673473
0.00693984
0.00779816
0.00612647
0.00237154
0.00235638
0.000854279
0.0124544
0.00684301
0.00190157
0.00247112
0.00261577
0.00432952
0.00507526
0.00450743
0.0056897
0.00194574
0.00561891
0.000968666
0.00561765
0.00616836
0.00584163
0.00405113
0.00181205
0.00899981
0.00917125
0.00560192
0.00135953
0.00199508
0.00063263
0.00168491
0.000692486
0.00581583
0.00661327
0.00224474
0.027204
0.0102107
0.00423169
0.00126646
0.00215245
0.00118283
0.0026007
0.00104953
0.00343179
0.00169578
0.00184794
0.00634361
0.00059488
0.00493317
0.0133952
0.00430509
0.00125747
0.00451321
0.0015305
0.00593785
0.00141952
0.0014268
0.0015074
0.00349878
0.00584301
0.00296297
0.00225175
0.00520725
0.0173763
0.00563291
0.00780895
0.0174221
0.0368327
0.00294868
0.00243569
0.00610471
0.00502949
0.00799022
0.00126777
0.00693956
0.00333371
0.00315649
0.00274696
0.0105321
0.0013888
0.00650081
0.00140191
0.00144652
0.0142652
0.00107729
0.00482542
0.00285816
0.00231714
0.00907571
0.00251943
0.0136582
0.000315477
0.000638314
0.00811204
0.0131497
0.0159487
0.00228106
0.0112173
0.00444304
0.00203529
0.0054421
0.00416009
0.0147692
0.00390514
0.00234667
0.00131185
0.00495814
0.0442201
0.014217
0.00689594
0.00148417
0.00171971
0.00660761
0.0148463
0.00350932
0.000481241
0.00590116
0.00517719
0.00118964
0.00188664
0.00720666
0.00679507
0.00816479
0.00550662
0.00571016
0.00903535
0.00973511
0.00163519
0.00456668
0.00123964
0.00476361
0.0216288
0.00139679
0.00133495
0.00387496
0.0129292
0.000555437
0.00834004
0.00732291
0.000926809
0.00175578
0.0102213
0.0117468
0.00147936
0.000534584
0.00198824
0.0164432
0.00253998
0.00544295
0.00332221
0.0223121
0.0030778
0.00175974
0.00203372
0.00496376
0.0011177
0.00784123
0.00410728
0.000178639
0.00114884
0.00258593
0.00331043
0.0121095
0.00622762
0.000822642
0.000616194
0.00474216
0.0058435
0.0108795
0.00349709
0.0022879
0.00212487
0.0180094
0.00496594
0.00125075
0.00378285
0.00545917
0.000864459
0.0129169
0.00209723
0.000977313
0.0161869
0.00127954
0.00535374
0.00653729
0.00152519
0.00258244
0.00622397
0.0238741
0.00235999
0.00530209
0.0109198
0.00240543
0.00208724
0.00323346
0.0018038
0.00112131
0.00699704
0.00507188
0.048841
0.010129
0.00931401
0.00162541
0.00172436
0.01515
0.0097117
0.00173248
0.00354781
0.00665392
0.00489571
0.0075766
0.0068933
0.00140386
0.0017303
0.00108449
0.00191767
0.00185482
0.00512064
0.00278347
0.00111172
0.00238339
0.00300196
0.000739061
0.0021159
0.00313884
0.00339314
0.00553711
0.0144419
0.00136616
0.0130951
0.00099737
0.0153656
0.0035853
0.000583017
0.0564816
0.00824983
0.0322828
0.000710207
0.00882266
0.000735287
0.00623744
0.00220378
0.00325264
0.00642234
0.00681543
0.00328236
0.0210129
0.0147282
0.0145621
0.00201683
0.00345514
0.00554179
0.00217446
0.00132176
0.00460785
0.00657845
0.000978924
0.0046788
0.00269004
0.00218019
0.000816569
0.0042529
0.00959665
0.010627
0.0136037
0.0023162
0.00723422
0.000869729
0.00440892
0.00109007
0.0344713
0.00239122
0.009021
0.00122286
0.00305157
0.0134451
0.00193538
0.0110924
0.0297293
0.00914657
0.00454287
0.00203498
0.00186697
0.00452192
0.00278289
0.00380979
0.00185225
0.00862333
0.00346458
0.00112399
0.00166382
0.00611278
0.00303623
0.00169942
0.00191697
0.00515814
0.00740692
0.00560562
0.00143694
0.00120152
0.00536519
0.0111516
0.00397537
0.0191928
0.0194292
0.0259311
0.0102009
0.00269169
0.00483845
0.00321867
0.0024207
0.00406487
0.00213456
0.00109507
0.00424539
0.00800732
0.0046297
0.00311268
0.0072235
0.00152028
0.00280085
0.00169798
0.00119229
0.000477356
0.00778932
0.021565
0.00101941
0.0105748
0.00105145
0.0384464
0.00157362
0.00314359
0.00133213
0.00092235
0.00689923
0.00177611
0.00323322
0.00544793
0.0028121
0.00142821
0.00282104
0.00396591
0.00384014
0.00745416
0.00921734
0.00717585
0.00529232
0.0286558
0.00330274
0.00768269
0.000730205
0.000342829
0.00259986
0.00113057
0.00497818
0.00543991
0.00909777
0.0152317
0.00305473
0.00556024
0.0269039
0.00450552
0.0021873
0.00520536
0.0062821
0.00190051
0.00362559
0.0045056
0.00550826
0.00278703
0.0305437
0.00926928
0.00403808
0.00582999
0.00747313
0.00379416
0.0043114
0.00128885
0.00481351
0.00226851
0.00339326
0.00482968
0.000683549
0.00355845
0.0212264
0.0135735
0.00282402
0.000689921
0.00427536
0.00278571
0.00179492
0.0152345
0.00255351
0.00131958
0.00715298
0.00332962
0.00373486
0.00794585
0.00366128
0.00393392
0.00625034
0.00873501
0.00209197
0.00377812
0.00111939
0.000954529
0.0012905
0.000484688
0.00906442
0.00319958
0.00115932
0.00368058
0.00575802
0.00371306
0.0042806
0.0010009
0.014887
0.00251684
0.001797
0.00338451
0.00255832
0.00168887
0.00597775
0.00340875
0.006394
0.00441624
0.00197706
0.000858676
0.0021475
0.0044281
0.00249915
0.00319026
0.00691586
0.00357491
0.00442581
0.00207929
0.000970415
0.0170545
0.00135177
0.0116001
0.00173708
0.00628013
0.00316408
0.0013182
0.00227695
0.00713218
0.00859847
0.00145586
0.000524145
0.0147331
0.00875445
0.00615155
0.00777907
0.0231334
0.00728998
0.000382752
0.00242241
0.0142164
0.00205459
0.00349535
0.00590064
0.00515844
0.00312597
0.0184828
0.000988574
0.00319618
0.00242514
0.00517941
0.0022749
0.00660822
0.00610845
0.00446677
0.00123472
0.00238539
0.0143186
0.00603896
0.00206717
0.00618891
0.00721983
0.00188858
0.00541864
0.00172578
0.0015088
0.00446948
0.0015035
0.00410259
0.00202631
0.00232636
0.0012805
0.00289405
0.0503138
0.00116747
0.00393318
0.00358626
0.00504471
0.0204748
0.00540892
0.00558171
0.00112885
0.00448737
0.000855612
0.019403
0.00173238
0.00162631
0.00389548
0.00254989
0.00284259
0.00516204
0.00257205
0.00224866
0.00178659
0.00942383
0.00348992
0.000242577
0.0054942
0.00274238
0.00809925
0.00061884
0.00196992
0.00322226
0.00443489
0.00202676
0.00039788
0.00107791
0.00121924
0.00720592
0.00608744
0.00733615
0.0234209
0.0143141
0.00290989
0.00166305
0.00773672
0.00727647
0.0032241
0.0243059
0.000343732
0.00442973
0.00365623
0.00124703
0.00187006
0.00215654
0.00412945
0.00208333
0.00252207
0.00269351
0.00136989
0.00187037
0.00111522
0.00193525
0.00303327
0.00166231
0.00463911
0.0154209
0.00308581
0.00104015
0.00376826
0.00119519
0.00160599
0.00404819
0.00393492
0.00138274
0.0112505
0.00580611
0.00295512
0.00156879
0.00105727
0.00208471
0.00347538
0.00307938
0.00159323
0.00356191
0.0015409
0.0112906
0.00536657
0.00185251
0.000879174
0.00138572
0.00619112
0.00914047
0.00337847
0.0053406
0.00607235
0.0177801
0.00356765
0.00154376
0.00993836
0.00605802
0.00111228
0.00521974
0.00129169
0.00415959
0.00611806
0.00401167
0.000613751
0.00428619
0.0163645
0.00633864
0.00431189
0.0046431
0.003187
0.0150692
0.00375896
0.0222808
0.00187254
0.00246727
0.000984466
0.00171934
0.00275305
0.00736768
0.000549585
0.00183043
0.000615678
0.00624663
0.000699022
0.00175839
0.00114186
0.00268987
0.0037353
0.00331455
0.0207033
0.00845703
0.00236834
0.00184023
0.010424
0.00622954
0.0151496
0.00462634
0.00350557
0.00768962
0.00271741
0.00262243
0.00136596
0.000862997
0.00251229
0.00239116
0.00410719
0.000960401
0.00140045
0.00316081
0.000326392
0.00689896
0.00209409
0.00303503
0.0007268
0.00696813
0.000960277
0.00269552
0.00524861
0.00661749
0.0106032
0.00128576
0.00451898
0.00189958
0.00387562
0.00796201
0.0155952
0.00110009
0.00128424
0.000983756
0.00101713
0.0085564
0.000328401
0.00189296
0.00962964
0.0109346
0.00544209
0.0101542
0.00305849
0.0105879
0.00550041
0.00191348
0.00402347
0.00391353
0.00951501
0.00558142
0.0136091
0.00620591
0.0195926
0.00318216
0.00793225
0.00743378
0.0237041
0.00552062
0.00328288
0.00351072
0.00137139
0.00545383
0.0209288
0.00168293
0.00517863
0.00145967
0.00218237
0.000619232
0.00192014
0.0016714
0.00482142
0.0023654
0.00297977
0.00521708
0.00117899
0.00169406
0.00125648
0.00648608
0.00202063
0.00562715
0.00300671
0.00214945
0.00156549
0.00176807
0.000591274
0.00276928
0.00110018
0.00112747
0.00643688
0.0191847
0.00610168
0.00190666
0.00432512
0.000900644
0.000251192
0.00226474
0.00281427
0.00646193
0.0245739
0.0305548
0.00982314
0.00325072
0.00326704
0.0115403
0.00931868
0.000698183
0.0185454
0.000396471
0.0032335
0.00361975
0.007933
0.00667115
0.00294558
0.00960158
0.00286124
0.00173391
0.00504903
0.00206831
0.00973175
0.0065714
0.000246443
0.000601562
0.00415842
0.00286113
0.00583928
0.00572307
0.00684601
0.000443552
0.0044949
0.0128147
0.00342786
0.00592397
0.00467517
0.00347221
0.00222828
0.0088418
0.0032245
0.00311294
0.0120679
0.00202639
0.00282664
0.00213102
0.0473345
0.00795229
0.00841952
0.00643997
0.00146513
0.00303532
0.0285305
0.00239933
0.00199978
0.00909481
0.00638061
0.00326619
0.0128868
0.00811384
0.00392371
0.000254862
0.00319081
0.00240136
0.0023121
0.00973446
0.00243742
0.0123309
0.00668479
0.00810342
0.00299362
0.00706842
0.00476879
0.00124432
0.00283242
0.00227195
0.000339212
0.00449355
0.00542356
0.0119829
0.0028823
0.00244806
0.0102058
0.00495795
0.0229175
0.00321825
0.002715
0.00486666
0.00165694
0.00219838
0.00156595
0.00296102
0.00351069
0.000966963
0.00224623
0.00633953
0.0085133
0.00172983
0.00164946
0.00203589
0.00543331
0.00179763
0.00155495
0.00524103
0.00282926
0.00122003
0.0286581
0.00312602
0.00199592
0.00283739
0.00284887
0.0123032
0.00397304
0.00323872
0.00155191
0.0131056
0.000982152
0.0011745
0.00170387
0.000859395
0.00470316
0.00274587
0.00586293
0.00310233
0.00306085
0.00655984
0.0625031
0.00548253
0.0025981
0.00134516
0.000953211
0.00180796
0.000710615
0.00109682
0.034798
0.000948861
0.0102401
0.00131288
0.0127679
0.000731795
0.00276232
0.00501271
0.0128414
0.00132945
0.0302132
0.00356616
0.00708269
0.0167632
0.00236637
0.00803437
0.00213729
0.00748328
0.00165484
0.0022792
0.000680419
0.00186637
0.00600545
0.00735658
0.00588042
0.000586262
0.00721887
0.0029216
0.00491644
0.00896328
0.000468263
0.00475368
0.00695748
0.00155434
0.00159812
0.00123617
0.0024314
0.00208291
0.00537192
0.00569307
0.0207079
0.00431057
0.0257426
0.0126167
0.000597235
0.00292579
0.00465615
0.000774288
0.0122582
0.000985588
0.00257753
0.00385424
0.0113845
0.00679825
0.00760941
0.00631864
0.00177481
0.00321868
0.00315398
0.00316883
0.00450921
0.00262373
0.00220338
0.00424203
0.00117325
0.00124093
0.00617182
0.00433062
0.00319167
0.00275685
0.00174372
0.00708833
0.00619169
0.0035654
0.00220527
0.0128884
0.00241247
0.00104314
0.00468932
0.0067341
0.00404028
0.00283296
0.00309406
0.00182767
0.00471941
0.00164872
0.00366121
0.00239332
0.001902
0.00332878
0.00588312
0.00678162
0.00426927
0.00606557
0.002424
0.00518053
0.00124162
0.00538991
0.00277308
0.00489683
0.00249441
0.00234452
0.00919684
0.00169079
0.00400324
0.00153508
0.00528858
0.00151941
0.00210321
0.00207927
0.00521327
0.00714023
0.00441672
0.00468051
0.00333972
0.00170765
0.00104619
0.00419335
0.00305477
0.00372226
0.00349033
0.00187186
0.00573143
0.014461
0.00245449
0.00813905
0.00436855
0.00383948
0.00701111
0.00114665
0.0172082
0.00164343
0.00139434
0.0762296
0.00136753
0.0157713
0.0123823
0.0012503
0.00203677
0.00191238
0.00460832
0.00336158
0.0339916
0.00600431
0.00474432
0.00263238
0.000711332
0.00559245
0.00813749
0.00394219
0.00393038
0.000272249
0.00947852
0.00274074
0.00552459
0.0116912
0.00201384
0.0120904
0.0020251
0.00353307
0.00196716
0.024856
0.000722608
0.00626497
0.00292587
0.00399699
0.0221008
0.0117132
0.0179907
0.0178192
0.00908425
0.00161764
0.00228789
0.00465337
0.00368067
0.00291452
0.00960195
0.00146291
0.00181338
0.00197145
0.00570623
0.00975772
0.00982097
0.00148012
0.038107
0.0136264
0.00391193
0.000693632
0.000205477
0.00289851
0.0309316
0.0021049
0.00222699
0.0045582
0.0194876
0.00432152
0.00103867
0.0028817
0.00160287
0.00222966
0.00223261
0.00342436
0.00165735
0.00329389
0.0136325
0.00628676
0.00464404
0.00464736
0.0107411
0.00299315
0.00101266
0.00150837
0.000584779
0.00376167
0.0120653
0.00402805
0.0010779
0.000233477
0.00318724
0.00492266
0.00384351
0.00719311
0.00267976
0.00153453
0.0156609
0.00124594
0.00873402
0.00484759
0.00154232
0.0182766
0.00478339
0.00143023
0.00367566
0.000873421
0.00225054
0.000497411
0.0105407
0.00358736
0.0265397
0.0026347
0.000256642
0.00425565
0.0167129
0.00106664
0.00403655
0.0081455
0.0165224
0.00766108
0.00257903
0.00186185
0.000451444
0.0103225
0.00772099
0.00659629
0.00343531
0.00969368
0.00691631
0.00290933
0.00167391
0.0171525
0.00540192
0.00195035
0.00139759
0.00385071
0.00376742
0.00267425
0.0423346
0.00801572
0.00310097
0.00620611
0.0161848
0.00285197
0.00232154
0.00306436
0.00606377
0.00167237
0.000399842
0.000687724
0.00358598
0.00216942
0.00432706
0.00625482
0.00166421
0.00568899
0.0015917
0.00431044
0.0323745
0.00463925
0.00426428
0.000636387
0.00200187
0.0118624
0.00376222
0.00645034
0.00254221
0.00712913
0.00445376
0.0475774
0.00331009
0.00144665
0.0318951
0.00071351
0.000891283
0.00311983
0.00191068
0.00363101
0.000410894
0.00714379
0.00188839
0.00131703
0.000781025
0.00851343
0.00245061
0.00095405
0.000924831
0.00390513
0.00173029
0.00730828
0.000453203
0.00288593
0.00196075
0.00462578
0.00203162
0.00177817
0.00393387
0.00360459
0.00117802
0.00526816
0.00716404
0.0174531
0.00585232
0.00375202
0.00562813
0.0116611
0.00166065
0.000747336
0.00105846
0.00471454
0.00388925
0.0106112
0.0016827
0.0101431
0.000411464
0.00510623
0.0084885
0.00292833
0.00492014
0.00654016
0.00178853
0.00168171
0.0070961
0.00164749
0.00529421
0.00124615
0.00372611
0.000703687
0.00353904
0.0339621
0.00339001
0.00317059
0.00589614
0.00382717
0.00222883
0.00263586
0.00145182
0.00613423
0.0012528
0.00216366
0.000733232
0.000637072
0.00289678
0.00438087
0.00340884
0.00397191
0.00495874
0.00585455
0.00486617
0.00521613
0.00261838
0.00436723
0.00236874
0.000605786
0.00213549
0.00260694
0.0022977
0.00182155
0.00238579
0.00633864
0.00117348
0.00428867
0.00169139
0.0203793
0.00508111
0.00363963
0.000546732
0.00297106
0.00255189
0.00134817
0.00401291
0.00682027
0.0038199
0.00328708
0.00309507
0.00421142
0.0118882
0.00955028
0.0232564
0.0004543
0.00405769
0.00541452
0.00457436
0.0026287
0.00137502
0.00281999
0.0012789
0.00542294
0.0163932
0.00825605
0.00211549
0.00644008
0.00122012
0.0497055
0.00520896
0.00680388
0.0037758
0.00369578
0.0135351
0.00107862
0.00116876
0.00309693
0.00104267
0.00249384
0.0192501
0.0186763
0.0179242
0.000429076
0.0010675
0.0135557
0.00315589
0.00729643
0.00191118
0.00728868
0.00100707
0.00102198
0.00243748
0.00258394
0.00179471
0.00161444
0.00134882
0.0287685
0.00312348
0.00259372
0.00377492
0.00697808
0.0142315
0.008394
0.00497743
0.00101889
0.00197635
0.00149975
0.00524128
0.00379528
0.000949364
0.0083346
0.00343918
0.0030838
0.00124947
0.0107125
0.00715502
0.00266978
0.00177969
0.0022016
0.00324375
0.00580541
0.0212059
0.00986171
0.00167898
0.00155756
0.00459872
0.00269467
0.00381159
0.00316771
0.00350738
0.000414693
0.000832888
0.00306202
0.00233619
0.0174955
0.00259879
0.000493611
0.00334387
0.00304164
0.0316945
0.00736417
0.00703177
0.00232359
0.00394745
0.0145446
0.000829488
0.00278042
0.0012015
0.0115455
0.000473928
0.00561942
0.00396322
0.00301052
0.00430416
0.00295618
0.00948839
0.000583153
0.00243976
0.0016322
0.00209263
0.0047977
0.00221515
0.00135551
0.00590441
0.0113837
0.00644338
0.00975225
0.00311619
0.00182407
0.0164381
0.00387499
0.00633562
0.00980549
0.00806187
0.0153155
0.00264386
0.00262493
0.0110574
0.00295734
0.00453744
0.000882256
0.00229941
0.00455738
0.00337639
0.00224779
0.00254508
0.00144382
0.00380815
0.00346397
0.0121034
0.00224766
0.00437112
0.00676814
0.00119947
0.00375359
0.010223
0.0039969
0.00206929
0.00125424
0.00265136
0.00598048
0.000278532
0.000752761
0.00557351
0.00163179
0.00126643
0.00216534
0.00321839
0.0045691
0.000726966
0.00210204
0.0109662
0.00422374
0.0133222
0.00345312
0.0113093
0.00219623
0.00447495
0.00284496
0.00345526
0.00394152
0.0200773
0.0187736
0.0018728
0.0040285
0.0040322
0.00537828
0.00105092
0.00421102
0.00293908
0.00120804
0.00405898
0.00543243
0.00206957
0.0017018
0.0027544
0.00593822
0.0201701
0.0018869
0.00116879
0.0130101
0.00134001
0.00207992
0.00582412
0.00105362
0.00101002
0.00101607
0.00928109
0.000694838
0.00226211
0.00514442
0.0025747
0.0131399
0.000513066
0.0410722
0.00687525
0.00412169
0.00533179
0.00265256
0.00190286
0.00647811
0.00492297
0.0063035
0.0149162
0.002832
0.00698993
0.00669869
0.0559056
0.00368139
0.0034171
0.0020858
0.00173421
0.000498178
0.00138442
0.00264029
0.00395029
0.00214645
0.00333383
0.000317112
0.00340978
0.00136293
0.00167638
0.00250079
0.00096452
0.0285162
0.0254776
0.00229134
0.00177768
0.00355035
0.00833006
0.00035027
0.000326649
0.000391225
0.010827
0.0102249
0.00419024
0.0149563
0.00200448
0.0011072
0.00411634
0.00329627
0.00411514
0.00454138
0.000535607
0.00441013
0.00247773
0.00469249
0.00296349
0.0107761
0.00170914
0.0025821
0.0056034
0.00196334
0.00345605
0.00894044
0.00356227
0.00100014
0.00318101
0.00613521
0.00207192
0.00588025
0.0037094
0.00568213
0.00776405
0.000350179
0.00376203
0.0016423
0.00141452
0.00407244
0.00290256
0.00331731
0.000609637
0.00162356
0.00685423
0.00550519
0.00299798
0.00402268
0.00615765
0.00356665
0.00616556
0.00608732
0.00102004
0.0107075
0.00158799
0.00148553
0.00188104
0.00449203
0.0006985
0.0054053
0.0120751
0.00449039
0.00487503
0.0162108
0.00110373
0.0224865
0.00159476
0.00135221
0.00415646
0.0154475
0.000715294
0.0011693
0.0048153
0.00115561
0.00653624
0.00060326
0.00445797
0.00306529
0.00847317
0.00501835
0.00209606
0.0023358
0.00369363
0.00360016
0.00329283
0.000666066
0.00922188
0.0123423
0.0028931
0.00099978
0.0034887
0.00958324
0.00461113
0.00628157
0.00722452
0.00132367
0.0029162
0.00146011
0.00174123
0.00564257
0.00210387
0.00187084
0.00307765
0.00102786
0.00479913
0.00273073
0.00240904
0.00613084
0.000684413
0.00119036
0.00163779
0.00268872
0.00328651
0.00526687
0.00450175
0.00199816
0.000882828
0.00228702
0.0106163
0.00190848
0.000631168
0.0047728
0.0214696
0.000861191
0.00924589
0.0151108
0.00284547
0.00607231
0.00430104
0.00556431
0.00188926
0.00391609
0.00253447
0.00146111
0.0150799
0.0011203
0.00343347
0.00407118
0.00197842
0.0152608
0.00723214
0.00500822
0.00281535
0.00556937
0.0061816
0.00600193
0.00570851
0.0170211
0.000434412
0.00555657
0.012937
0.00331534
0.0031674
0.00174686
0.00421494
0.000530044
0.013016
0.00874542
0.0533745
0.0056728
0.00212691
0.00164014
0.00500007
0.00238443
0.00157344
0.00338596
0.00378542
0.0142259
0.000956321
0.00953331
0.00376317
0.00206255
0.00282743
0.00379006
0.0104531
0.00325719
0.0085155
0.0025412
0.00344374
0.00109286
0.00170172
0.00434884
0.0100758
0.00185582
0.0118768
0.000886048
0.00292791
0.00293832
0.00194149
0.00193981
0.0193098
0.0222136
0.00226375
0.000802451
0.00232756
0.00458218
0.00780582
0.00216562
0.0147246
0.00159083
0.00570185
0.0014722
0.00128211
0.00103141
0.0043764
0.0194303
0.00496958
0.000593771
0.00235677
0.00185276
0.00151575
0.00520519
0.001158
0.00132773
0.00854044
0.00951504
0.00223068
0.00156251
0.00436562
0.00298738
0.00514395
0.0049583
0.00468016
0.00559025
0.00263914
0.00412553
0.00244356
0.000960435
0.00231113
0.00261388
0.00416145
0.00616167
0.00279809
0.00482838
0.000715157
0.00410245
0.00830453
0.0159529
0.0140699
0.0016926
0.000515803
0.00755078
0.00770155
0.00114288
0.00563251
0.00161296
0.0183928
0.00758717
0.014145
0.0144762
0.0326835
0.00250863
0.00375439
0.00231594
0.00236429
0.00508462
0.00292532
0.000858536
0.002641
0.0053532
0.0010419
0.001389
0.00299746
0.00275404
0.0567391
0.00215942
0.00188001
0.00243685
0.00656851
0.000581169
0.00567737
0.00283809
0.0152736
0.00767044
0.0137514
0.0017323
0.00990819
0.0130347
0.00198336
0.00140483
0.00241153
0.00102383
0.0109296
0.00177409
0.00255461
0.00872547
0.00423472
0.00389094
0.00221289
0.00597281
0.00503097
0.000419776
0.00039017
0.000997728
0.00304245
0.000877536
0.00587753
0.00642678
0.0171275
0.00208468
0.0236338
0.00451853
0.00667487
0.00653728
0.00492936
0.00559087
0.00174701
0.0267418
0.00145758
0.00178641
0.00640528
0.0253729
0.00123127
0.00233627
0.00835697
0.00232121
0.00178026
0.0062641
0.00417206
0.00290246
0.00679041
0.00460418
0.00766757
0.00231092
0.00258695
0.000521134
0.000642363
0.00244429
0.0253637
0.000754455
0.00345357
0.00387155
0.0105531
0.0064119
0.00343455
0.00536393
0.00101878
0.0301914
0.00442867
0.0020525
0.00451114
0.00374303
0.0103432
0.00228523
0.00292833
0.00573355
0.000651473
0.00285329
0.010724
0.00687032
0.00275589
0.00252993
0.00087846
0.00160077
0.00178951
0.00320854
0.00171725
0.00378947
0.00600059
0.000944938
0.00464548
0.00628034
0.00504851
0.0221842
0.00356114
0.00903228
0.00407305
0.00846111
0.00537487
0.0211304
0.00260593
0.000188094
0.00174675
0.0168141
0.00489358
0.00673269
0.00213633
0.00052033
0.00483179
0.00515579
0.00323395
0.0043281
0.00120737
0.00132332
0.0110593
0.00152374
0.0160093
0.00682734
0.000937991
0.00394796
0.00126824
0.0135243
0.0193401
0.0261244
0.00084089
0.00441148
0.00505815
0.00141629
0.00301615
0.0076928
0.00105184
0.0117314
0.00190291
0.00218705
0.00278691
0.00936746
0.00260611
0.00324633
0.022286
0.00878903
0.00138351
0.00466659
0.00163879
0.0234392
0.00114313
0.000892246
0.00372773
0.00233587
0.00110971
0.0158284
0.00194757
0.00229799
0.00489623
0.00118827
0.00145874
0.00466575
0.028047
0.00293913
0.00433834
0.00800668
0.00702662
0.00072224
0.0118329
0.00123637
0.00231461
0.0023922
0.0124839
0.00601921
0.00164481
0.0134402
0.00437102
0.00140375
0.0118237
0.000907981
0.0103839
0.000359891
0.00330622
0.0115376
0.0065359
0.00379872
0.002256
0.00296218
0.00519528
0.00595137
0.00316418
0.00129522
0.000782786
0.00178417
0.00544008
0.000954478
0.00536964
0.00959722
0.00647555
0.00338511
0.00134071
0.00698722
0.00128303
0.0398472
0.00133864
0.00255434
0.00138004
0.00671213
0.00117621
0.00904794
0.00621964
0.00245479
0.00453452
0.00484986
0.00369217
0.0025745
0.00320806
0.000864846
0.0141765
0.00485999
0.00260283
0.00315312
0.00797258
0.00176104
0.0452054
0.00854314
0.00142347
0.00274268
0.00070758
0.000897239
0.00840014
0.00693551
0.00285523
0.00379692
0.00776601
0.0029428
0.00183744
0.00765023
0.0018849
0.00508813
0.00122508
0.0115591
0.00203323
0.000839552
0.00320826
0.00320325
0.011959
0.00471528
0.0070505
0.00244622
0.0121425
0.00279233
0.0131179
0.00261818
0.00235161
0.00119159
0.00174034
0.00786507
0.00185658
0.0027708
0.0217511
0.000810446
0.00592762
0.00134947
0.00449921
0.00907
0.00444299
0.0044564
0.00207282
0.0049941
0.0226236
0.00263187
0.00252395
0.000292106
0.00112685
0.00415803
0.0269997
0.019159
0.00322453
0.0128002
0.00436475
0.00178784
0.00176359
0.00140115
0.0169319
0.00516556
0.0035308
0.00606012
0.00160671
0.00342481
0.00156035
0.00213283
0.00068009
0.000718619
0.0064658
0.00446829
0.0131393
0.000497474
0.00250798
0.00130758
0.0257574
0.00536853
0.0081674
0.00256078
0.00265867
0.00539285
0.0101396
0.0105486
0.00331985
0.00249608
0.00339474
0.0116411
0.0137299
0.0044006
0.0038555
0.0257261
0.00219704
0.00229357
0.00611279
0.00606564
0.00246956
0.00667537
0.00618024
0.00402144
0.00507324
0.0060922
0.0073367
0.00183449
0.0025338
0.00287317
0.00276164
0.00154368
0.00596862
0.017017
0.00996449
0.00336438
0.00277148
0.00235312
0.0139322
0.0049171
0.00502226
0.00157157
0.00563355
0.00227763
0.00219105
0.0104656
0.00241729
0.0024167
0.000893991
0.00305893
0.00132162
0.00190456
0.0070794
0.00095692
0.00890497
0.00223803
0.0137947
0.00122663
0.00218782
0.00600576
0.00870812
0.00123641
0.00513411
0.00184805
0.00118061
0.00507225
0.0197701
0.000324295
0.00722911
0.00275224
0.00678924
0.0175848
0.00191602
0.00275344
0.00231953
0.00380384
0.00302362
0.0017636
0.00124127
0.00135367
0.0059689
0.006756
0.00314861
0.00290755
0.00457855
0.00817368
0.00342966
0.00998961
0.00248645
0.00775906
0.02022
0.00287717
0.0130192
0.00442471
0.00230873
0.0136766
0.00172022
0.00210841
0.000990807
0.00516198
0.00155062
0.0183405
0.00629869
0.00470003
0.00169121
0.00227813
0.00715147
0.00162185
0.00577909
0.00689
0.00185964
0.00258505
0.0042511
0.0187019
0.0226972
0.00160117
0.00460217
0.00226925
0.00812885
0.0139226
0.00402611
0.00346903
0.00273748
0.00208871
0.00557524
0.00144763
0.00158419
0.0155744
0.00213493
0.00665224
0.00170605
0.0037119
0.00265242
0.00279901
0.000965234
0.030437
0.0043487
0.00495524
0.0133407
0.00236831
0.00651793
0.000358753
0.00173502
0.00341511
0.0145923
0.00163225
0.00402945
0.00122724
0.00841836
0.013079
0.00200736
0.00207639
0.00341455
0.00164061
0.000809245
0.00464515
0.0135483
0.00249821
0.00666862
0.00683644
0.00523255
0.00395456
0.0037443
0.00198267
0.00255773
0.0151041
0.00136024
0.0017987
0.000831297
0.00599831
0.00396248
0.00442701
0.00166979
0.000492585
0.00199622
0.00217725
0.00241234
0.00364291
0.00503231
0.00406284
0.00246178
0.00598053
0.00141335
0.00686079
0.000743357
0.000645293
0.00291864
0.00221602
0.00846262
0.00208553
0.000990049
0.00148218
0.0115691
0.00185115
0.0080899
0.00253197
0.00208207
0.00687986
0.014672
0.00168794
0.00074195
0.00165143
0.000958194
0.00158367
0.00681804
0.00556363
0.00231723
0.00106595
0.00307809
0.0154836
0.00326306
0.00144957
0.00802948
0.00390776
0.00192284
0.00476008
0.00178301
0.00317827
0.0022327
0.00053442
0.00509127
0.00451109
0.0130387
0.0018079
0.00270936
0.00323191
0.0189454
0.00227035
0.00206854
0.00632803
0.00323913
0.000550393
0.00500768
0.01806
0.00159977
0.00978661
0.00570116
0.00284588
0.00329303
0.007827
0.00224851
0.00710721
0.00292875
0.00519129
0.00184818
0.0210271
0.00134433
0.00460659
0.0107126
0.000467999
0.000578606
0.00551396
0.00506249
0.00165469
0.00166018
0.001428
0.00134448
0.00110938
0.00517587
0.00696806
0.00159446
0.00376923
0.00424063
0.00417408
0.010598
0.00747586
0.00727675
0.00241814
0.00338464
0.00410416
0.00318104
0.0105472
0.00156838
0.00165471
0.00451561
0.0119681
0.000778307
0.00321881
0.00600874
0.00506726
0.00242747
0.0208035
0.0288651
0.00332844
0.00491085
0.00390098
0.0158441
0.00061879
0.0228015
0.00417675
0.00849599
0.00410461
0.0117707
0.00165822
0.00196901
0.00220141
0.00449788
0.00249434
0.00246874
0.00925353
0.0227645
0.00327562
0.000304734
0.00787613
0.00777411
0.00609441
0.00237439
0.00129942
0.0087136
0.00148535
0.00071276
0.00438839
0.0114754
0.00393974
0.00238189
0.00125798
0.0112974
0.00327193
0.00111393
0.0363411
0.00470604
0.032179
0.0359796
0.0015132
0.00355026
0.00207481
0.00411818
0.00589277
0.00367283
0.00909209
0.00269366
0.00497283
0.00884791
0.000847781
0.00162629
0.00050505
0.00595979
0.00209855
0.00440645
0.00738862
0.00157964
0.0128976
0.00457604
0.000655615
0.00128497
0.00413954
0.00208248
0.0336674
0.00170353
0.0184292
0.0105263
0.00191694
0.00165034
0.00368915
0.000262953
0.00234857
0.00313231
0.00547886
0.00628845
0.00233106
0.00195488
0.00397052
0.000723715
0.00496451
0.00155848
0.00304666
0.00781104
0.0236078
0.0082164
0.00441784
0.00400603
0.00142461
0.00174087
0.012049
0.00686911
0.0088036
0.00225793
0.000612782
0.00196761
0.00512867
0.00381489
0.00393307
0.000792723
0.00411278
0.00313883
0.00122348
0.00096423
0.0058853
0.00902209
0.00274245
0.0034048
0.00228433
0.00335439
0.000819913
0.00173882
0.0038685
0.00195085
0.00682508
0.00210836
0.000729471
0.00183502
0.000370109
0.00321811
0.00868367
0.000196015
0.00100431
0.00130286
0.00324428
0.00291732
0.0135804
0.00176568
0.00237117
0.0122695
0.00218483
0.000712188
0.00271922
0.000419421
0.00115509
0.0012135
0.00493253
0.00387423
0.0021958
0.000643831
0.00207981
0.000459579
0.00158062
0.0127918
0.0175844
0.00840903
0.0106047
0.000758965
0.00164112
0.0252677
0.000727325
0.00770694
0.00370354
0.000495934
0.00109152
0.00414643
0.00562453
0.00142653
0.00313549
0.00325757
0.00267569
0.00840418
0.0015268
0.00468248
0.00224719
0.00448356
0.0010241
0.00173535
0.00858333
0.00232667
0.00172796
0.00216923
0.00722296
0.00324626
0.00271677
0.00270752
0.00451826
0.00879892
0.00296302
0.00180442
0.00232913
0.00581882
0.00306092
0.00266417
0.0125249
0.00556988
0.000884058
0.0160288
0.00443545
0.00868249
0.00662717
0.00872634
0.00321542
0.00489947
0.00189133
0.00568862
0.00686418
0.00792275
0.000860648
0.0015029
0.00802099
0.00109784
0.00533679
0.00841994
0.00499705
0.0109549
0.00413445
0.0031134
0.000619774
0.021737
0.00331172
0.0010975
0.00471656
0.00536106
0.0023574
0.00441101
0.00374178
0.0133597
0.00527535
0.00856477
0.00234014
0.00439541
0.0111717
0.00472426
0.00356342
0.0044647
0.00641015
0.00165456
0.0106989
0.00178652
0.00450871
0.00147559
0.00172965
0.00442841
0.0162062
0.00557982
0.000834145
0.00575392
0.0042277
0.0023273
0.00774804
0.00582705
0.00287409
0.00174925
0.00222325
0.00584112
0.000630756
0.00504479
0.000310163
0.00401421
0.00855697
0.00950468
0.00162482
0.0035898
0.000665044
0.000670287
0.00273914
0.00686705
0.00778925
0.000597543
0.00754551
0.00277019
0.00212828
0.0136936
0.00444958
0.00233862
0.000831132
0.00626243
0.00848135
0.00493797
0.00304194
0.00736855
0.00218187
0.00193471
0.00456788
0.00473992
0.00260469
0.0149486
0.00114186
0.00260196
0.00722748
0.00430584
0.00165468
0.00301625
0.0283028
0.00201056
0.00374834
0.000493381
0.001988
0.00648836
0.00351509
0.00239098
0.00101801
0.00321851
0.00432599
0.00486926
0.00198205
0.000314398
0.00331659
0.00619233
0.00286962
0.00382177
0.00517736
0.0198561
0.00103086
0.00625856
0.00392333
0.00444035
0.00616434
0.000632579
0.0242167
0.0100693
0.00189039
0.00387316
0.00688973
0.000344037
0.00167861
0.000223715
0.00076189
0.00267633
0.00448402
0.00304344
0.00428039
0.0182687
0.000879282
0.00206579
0.00234552
0.0117952
0.0141458
0.00471439
0.00584717
0.000396974
0.00688789
0.00510544
0.00129005
0.0027343
0.00258729
0.00277364
0.00195525
0.00455274
0.00468692
0.00210663
0.00609299
0.0014536
0.00569979
0.00425531
0.0147568
0.0112108
0.00214113
0.00151709
0.00149103
0.00194604
0.0147789
0.00443257
0.00358368
0.000273283
0.0142395
0.016618
0.000670447
0.0108989
0.00543388
0.00119872
0.0152306
0.00477677
0.00784136
0.00374839
0.00100032
0.00688544
0.00179586
0.00632863
0.00130425
0.0010389
0.00401797
0.00962012
0.00746728
0.00962982
0.0163216
0.00282166
0.00243169
0.00447192
0.00360418
0.00220479
0.00265363
0.00249638
0.00352977
0.000573604
0.00319985
0.00199554
0.0013066
0.00546122
0.00324176
0.00126425
0.00221588
0.00390201
0.00729515
0.00384967
0.00295911
0.00651458
0.00620241
0.00482982
0.00276684
0.000971148
0.00308818
0.0014397
0.00313881
0.00256492
0.00667146
0.0401312
0.00167377
0.00743172
0.00134738
0.00954461
0.00192518
0.00606087
0.0107364
0.00343828
0.0142278
0.00415923
0.002597
0.00636777
0.0093849
0.00366515
0.00649514
0.00256976
0.00422533
0.00427899
0.00135372
0.0762471
0.00718921
0.00254689
0.00410786
0.00302289
0.000650058
0.00671261
0.00393372
0.00128863
0.00191427
0.00721493
0.00245312
0.00810891
0.00883069
0.000995048
0.0149829
0.00550733
0.00126744
0.00265377
0.00409515
0.0218142
0.0013332
0.0136328
0.0416839
0.000783165
0.0283492
0.0018825
0.0038261
0.0208378
0.000812743
0.00909796
0.00397586
0.00173025
0.00200532
0.0017254
0.00137357
0.00601987
0.00574492
0.00323149
0.00318535
0.013328
0.0330354
0.0074054
0.00306522
0.00412354
0.00624678
0.0020672
0.00242023
0.00728958
0.0054191
0.0034075
0.00178347
0.00560305
0.00235618
0.000255905
0.000544806
0.00403065
0.0173683
0.00126653
