0.000587903
0.00270503
0.00288275
0.00501247
0.00590542
0.0103853
0.00337957
0.00262604
0.00236269
0.00391561
0.00835474
0.00350048
0.00201804
0.00537421
0.0041085
0.00134997
0.000875131
0.0367208
0.0031683
0.0133969
0.00337226
0.00689099
0.00197347
0.000366591
0.00224861
0.00112716
0.00917267
0.00692507
0.0122096
0.004911
0.00441625
0.00267293
0.00779717
0.00546445
0.000166085
0.0029103
0.00462731
0.0130946
0.00499773
0.00750107
0.00158076
0.00246661
0.0145161
0.00799173
0.00265024
0.00814857
0.00249504
0.000600984
0.0190362
0.00359794
0.00528433
0.00519108
0.00268117
0.0028251
0.00680787
0.0475788
0.00131535
0.0121336
0.000989876
0.00187311
0.00535092
0.0188848
0.00922254
0.0105692
0.0182614
0.00190786
0.010879
0.00286232
0.00222768
0.00601765
0.00594127
0.00390962
0.0028061
0.000886709
0.00237117
0.00374243
0.0251219
0.00246142
0.0192447
0.00120928
0.0199224
0.0131536
0.00448404
0.000551296
0.00291327
0.00583554
0.00307595
0.00875943
0.00924483
0.0063835
0.00278291
0.00477713
0.00741586
0.00432522
0.00223822
0.000415019
0.00579909
0.0120029
0.00638397
0.00881087
0.00147144
0.00128567
0.00353464
0.00162546
0.000897175
0.0160395
0.00393359
0.00976049
0.00110003
0.00187813
0.00904277
0.0145329
0.00302948
0.0230997
0.00250299
0.00657476
0.00850004
0.00381824
0.00453615
0.00795385
0.00207141
0.00107841
0.00137218
0.00637023
0.00583834
0.00600943
0.0279244
0.00974855
0.00202409
0.00259522
0.00454785
0.00701034
0.0231073
0.00462064
0.00736878
0.000559935
0.00521499
0.000846975
0.00606323
0.0139682
0.00272125
0.00674835
0.0118109
0.000837328
0.0121809
0.00444465
0.0261021
0.0034043
0.0060497
0.00255887
0.0053063
0.00627847
0.00436216
0.00286787
0.00527346
0.0116992
0.00442401
0.0123756
0.00159275
0.00731471
0.00648755
0.0173981
0.00731573
0.000800232
0.00471907
0.00145173
0.0144625
0.00648077
0.0100518
0.00154882
0.00168877
0.00271728
0.00955397
0.00262924
0.000937467
0.00482457
0.000630253
0.00964474
0.00332229
0.00505861
0.00297884
0.0191253
0.0256282
0.00474417
0.0143552
0.0101332
0.00550415
0.00891432
0.0036724
0.00126682
0.000358624
0.00959079
0.00247692
0.00100597
0.00532028
0.00126795
0.0227821
0.020052
0.04273
0.00560258
0.000973179
0.0337022
0.00503555
0.00104925
0.0176407
0.00697656
0.00530418
0.00179183
0.00493958
0.00279067
0.00527648
0.00294187
0.00361393
0.000700397
0.0154378
0.0114535
0.00146115
0.00192468
0.00279541
0.00160446
0.00651703
0.0087108
0.0370615
0.00089256
0.00886823
0.00232522
0.000815724
0.000715577
0.000728093
0.0200039
0.0140555
0.0238633
0.0151849
0.00238402
0.000565918
0.0331022
0.00254183
0.00217575
0.00786901
0.00225713
0.00182936
0.014738
0.0443751
0.0107076
0.007772
0.00350897
0.0178787
0.00308895
0.00179732
0.0026692
0.000980327
0.000448847
0.0053717
0.000411012
0.00527111
0.00168267
0.0130361
0.0235625
0.00300155
0.0015338
0.00261449
0.00443578
0.00129399
0.00256214
0.0078907
0.000910002
0.0130686
0.00638195
0.00123919
0.00113285
0.00471683
0.0110749
0.00544558
0.00295831
0.00124917
0.00323802
0.0030334
0.00155183
0.00284694
0.0380025
0.00110758
0.00167842
0.00076797
0.0187201
0.0019652
0.00263724
0.00652744
0.0201033
0.00105837
0.00133272
0.00314906
0.00271973
0.00335328
0.00580123
0.004821
0.0129784
0.00279064
0.00590444
0.00523692
0.0034264
0.00194094
0.00521439
0.00764759
0.0114277
0.0147378
0.00842297
0.00422623
0.00841618
0.00259829
0.00200624
0.0114747
0.00480458
0.00117819
0.0130669
0.00645016
0.00689725
0.00176369
0.00855712
0.00215965
0.0033813
0.00307397
0.00223853
0.00563226
0.0111443
0.00234367
0.0106484
0.00207302
0.00721787
0.0105653
0.00297165
0.00125276
0.00126511
0.0228843
0.0179747
0.00862164
0.00451127
0.00428963
0.00791781
0.0132839
0.00846516
0.00865533
0.00887673
0.0125737
0.000264716
0.00813583
0.00428755
0.0171592
0.00432299
0.0128101
0.00597657
0.00235489
0.00310436
0.00406178
0.00141442
0.0471032
0.00554096
0.00303576
0.00112506
0.00448766
0.0100019
0.00212945
0.0053064
0.00172784
0.00287197
0.0050138
0.00431134
0.00221856
0.000469049
0.00373972
0.0113039
0.00254622
0.00940129
0.00469222
0.000452556
0.000931733
0.00263393
0.000841552
0.0122897
0.00487712
0.0058386
0.00440879
0.0297694
0.00735436
0.000831505
0.0010852
0.00101686
0.00503695
0.00494276
0.000926551
0.00341994
0.00577597
0.00205312
0.0177002
0.00271505
0.00220936
0.00722941
0.00228635
0.00365051
0.00542143
0.00234164
0.000594288
0.00400416
0.00224305
0.00324861
0.00462259
0.00122096
0.000383587
0.0100879
0.00642348
0.0122934
0.00147005
0.00702241
0.00159991
0.00862456
0.00155387
0.0115667
0.00602459
0.00892698
0.00608236
0.00500647
0.00155507
0.00480147
0.00402809
0.000413964
0.00283607
0.0159517
0.005092
0.0126547
0.00387041
0.00255976
0.00563685
0.0126341
0.00749425
0.0023042
0.000529375
0.00191002
0.00462308
0.00369109
0.00275223
0.00321253
0.0130732
0.00146787
0.00209065
0.00493672
0.00923493
0.0132938
0.00579189
0.0157206
0.0138839
0.00121644
0.0016637
0.00298449
0.00214314
0.00373346
0.00317286
0.00104052
0.00330867
0.0036458
0.0113564
0.00333463
0.00104612
0.00495281
0.00852069
0.00608505
0.00159528
0.00127118
0.00831506
0.008483
0.00302472
0.0109257
0.00322675
0.0113609
0.00104326
0.00101066
0.0167503
0.00506928
0.00585419
0.00491149
0.00143839
0.00679002
0.0082437
0.00641149
0.020889
0.0227243
0.00741247
0.00342844
0.00161572
0.00499104
0.00301522
0.00115456
0.00645028
0.00720417
0.0149767
0.00672447
0.00314464
0.00396376
0.0030003
0.00790783
0.000801375
0.00869111
0.00439983
0.00579343
0.00911979
0.0245131
0.0013423
0.0755635
0.00358783
0.00144838
0.0291999
0.0059236
0.00564026
0.00534888
0.00206898
0.00433697
0.0171366
0.0104656
0.00150547
0.00386372
0.00579991
0.00285266
0.00143238
0.0200341
0.000630055
0.00181412
0.00317661
0.0116744
0.00999241
0.00189525
0.00515639
0.0135143
0.00298937
0.0239051
0.00109046
0.00100329
0.0036361
0.00599087
0.00892357
0.0052115
0.0126974
0.0133963
0.000620857
0.00268705
0.00207746
0.00812195
0.0131418
0.0246084
0.00357551
0.00279878
0.0183722
0.002789
0.0150548
0.00534669
0.00118653
0.00499851
0.00100731
0.00659027
0.00969759
0.00811611
0.00332995
0.00191991
0.0122232
0.0161466
0.00926253
0.000959151
0.0174621
0.00361305
0.00600436
0.0214739
0.0175145
0.00139635
0.0043328
0.000952454
0.000193303
0.00282714
0.00126155
0.00129881
0.00071606
0.013543
0.00925105
0.00807977
0.00241396
0.0128659
0.000865389
0.00237717
0.010495
0.000978975
0.0108598
0.00146336
0.00160111
0.00761939
0.00938002
0.00105485
0.00764652
0.00230623
0.00396555
0.00575363
0.00115007
0.00336393
0.00171014
0.000898655
0.0108798
0.00480899
0.0024825
0.00694951
0.0011549
0.00218088
0.00196369
0.00315382
0.00264864
0.00558146
0.00250236
0.011566
0.00356659
0.000542065
0.0407411
0.00146939
0.00135268
0.00596447
0.00323701
0.00303684
0.00697589
0.00102876
0.00663541
0.00708646
0.00102852
0.00643946
0.00358555
0.0120248
0.0015806
0.00107465
0.00402163
0.00446438
0.00814208
0.0151317
0.00256903
0.00210868
0.00241672
0.000377011
0.00828649
0.00404672
0.00569003
0.00365066
0.00531167
0.00222247
0.00551992
0.00304485
0.002546
0.0107506
0.00754904
0.0128597
0.00834533
0.00222568
0.00174419
0.000910075
0.00169298
0.00190006
0.00467041
0.0173269
0.00483138
0.0171022
0.0024792
0.00533501
0.00256469
0.00321431
0.0111586
0.0064747
0.0104511
0.000969421
0.00268042
0.049265
0.00494541
0.00292668
0.0108104
0.00524125
0.00164479
0.0107671
0.0041953
0.00971591
0.00418546
0.0036438
0.00919714
0.0186527
0.0075905
0.00240701
0.00702512
0.00128513
0.00315211
0.0128602
0.0011205
0.00136602
0.00891814
0.00684308
0.00820886
0.00555864
0.0268287
0.00220619
0.00722435
0.00859593
0.00304965
0.00530616
0.00142741
0.0112432
0.00743134
0.00660934
0.0316146
0.000966192
0.00310479
0.00186192
0.00662151
0.00270549
0.0200237
0.00743808
0.00756725
0.00440092
0.013064
0.000617299
0.00437784
0.000899319
0.00336822
0.00372655
0.00252858
0.000510463
0.000942056
0.0013049
0.00585294
0.00359546
0.00839548
0.0169334
0.00227632
0.00117935
0.00677933
0.0032674
0.00249281
0.00473893
0.00200269
0.00400655
0.00464276
0.00423555
0.0104352
0.0100417
0.00262943
0.00279526
0.00463173
0.0120906
0.00368402
0.00140263
0.00764017
0.00169106
0.00558005
0.00394121
0.00983225
0.00377954
0.0150056
0.0074125
0.00152125
0.00763592
0.00360207
0.0117018
0.00580816
0.00118127
0.00522469
0.00326178
0.000721766
0.0275216
0.00759543
0.00567289
0.00155389
0.0112303
0.00734316
0.000470437
0.00349233
0.00244885
0.0102742
0.00186691
0.0334685
0.00172229
0.00525527
0.00127758
0.0100846
0.00375048
0.00928894
0.0107108
0.00994673
0.00519116
0.00714651
0.00162707
0.0539631
0.00322034
0.00320154
0.000711591
0.0162932
0.0070089
0.00161085
0.000817345
0.00140587
0.0246039
0.0062707
0.00716627
0.00485089
0.00876457
0.00712214
0.0104286
0.00417541
0.00697159
0.00552287
0.00671916
0.0102724
0.00158562
0.0120641
0.00404585
0.000718729
0.0159112
0.0128094
0.000655235
0.0592949
0.0031605
0.00971383
0.00207901
0.00152142
0.00241008
0.00641254
0.00105064
0.00314747
0.0151916
0.0165159
0.00158729
0.0107555
0.00330377
0.000489481
0.004856
0.00432971
0.00180038
0.00226297
0.0029534
0.00710284
0.00466152
0.00230691
0.00329378
0.0111208
0.00845214
0.00648277
0.00405033
0.0151307
0.0056978
0.00954701
0.00848119
0.0036734
0.00173732
0.00360258
0.00189219
0.00817332
0.00711027
0.0067561
0.00893549
0.0112576
0.00423734
0.0080168
0.00280982
0.00160912
0.00239887
0.00576843
0.00720548
0.00175612
0.00343332
0.00167964
0.00601103
0.00908572
0.00129714
0.0121464
0.00358537
0.00261621
0.00814872
0.00809395
0.00212467
0.0240238
0.000339413
0.00763776
0.00326171
0.00433979
0.0150195
0.00150264
0.00556643
0.0122545
0.0045354
0.00325541
0.0164894
0.00709674
0.00700235
0.00724599
0.00112249
0.00226717
0.00133909
0.00579356
0.0145035
0.0129091
0.00213325
0.000707268
0.00531618
0.00132559
0.00447886
0.00257773
0.00467637
0.00328303
0.014186
0.00167286
0.00484945
0.00139581
0.00111249
0.010197
0.00473566
0.00974706
0.00354549
0.0408884
0.00137567
0.0123944
0.000656083
0.00252173
0.00229048
0.00269283
0.0029209
0.00876014
0.0047678
0.00109059
0.00163509
0.0040988
0.00158862
0.00775668
0.00449701
0.00458424
0.0013932
0.0159981
0.00621335
0.00121073
0.00119491
0.00205189
0.00285892
0.00186845
0.00503785
0.00772258
0.00296957
0.00488726
0.00712527
0.00231361
0.00217114
0.0128518
0.00124293
0.0022502
0.012575
0.00856467
0.00479276
0.00463552
0.00400021
0.0126355
0.016582
0.01463
0.00439376
0.00328689
0.0137542
0.00571725
0.00550421
0.00124649
0.00120442
0.0092187
0.00803175
0.00810534
0.00296056
0.0115657
0.00470802
0.00127375
0.00614531
0.0038133
0.0138012
0.00107158
0.00193353
0.00194598
0.00679018
0.00244517
0.00442411
0.00155927
0.00179096
0.00974839
0.00159738
0.0042039
0.00278686
0.00770528
0.00181673
0.00281425
0.000946202
0.0121701
0.00155893
0.00171546
0.00426939
0.00901475
0.00250158
0.0101999
0.00487624
0.00329088
0.00509238
0.00142738
0.00123624
0.00516516
0.00849528
0.00132324
0.00450905
0.00108461
0.000458155
0.00178953
0.018589
0.00157164
0.0118135
0.0112662
0.00279799
0.00648961
0.00330908
0.00992954
0.000935941
0.00267128
0.00662198
0.00123696
0.00202825
0.002683
0.00566949
0.00268425
0.00412557
0.00942036
0.0028672
0.00659191
0.00166786
0.00866082
0.00139115
0.0141707
0.00130328
0.00130344
0.0169007
0.00541734
0.00442068
0.00729372
0.00262412
0.00597138
0.0014286
0.00331231
0.000749644
0.0114325
0.0256523
0.000492076
0.00315105
0.00787991
0.000611534
0.00180979
0.00770666
0.00164414
0.00214863
0.0122943
0.00696105
0.0095647
0.00523787
0.000802404
0.00708174
0.00867245
0.00179191
0.00958947
0.00384526
0.00756987
0.00385515
0.0237973
0.00213353
0.0143858
0.00273601
0.00648652
0.00100962
0.00322218
0.00842165
0.00222318
0.00933263
0.00407487
0.0123822
0.00110612
0.00134242
0.00619632
0.00239421
0.004231
0.00250372
0.0132356
0.00680085
0.00346031
0.00126966
0.0017379
0.00895213
0.00153265
0.00730575
0.00420493
0.00415725
0.0141363
0.00296217
0.00222423
0.00305801
0.00997156
0.000146218
0.00229579
0.00825066
0.0238064
0.00371822
0.0041978
0.0199122
0.00134351
0.00473732
0.0010855
0.00862094
0.0153249
0.00584399
0.00692945
0.000630106
0.00406514
0.00715051
0.00140908
0.00178528
0.00120296
0.00693621
0.00923867
0.00133573
0.00584772
0.00728691
0.00100277
0.00300375
0.00104891
0.0118552
0.021072
0.00399904
0.00547273
0.00274224
0.00520103
0.0048986
0.00135488
0.000842336
0.00940494
0.00597767
0.00220998
0.000973629
0.00183163
0.00104897
0.000520559
0.0250192
0.00621501
0.00262277
0.0082928
0.0151483
0.00690776
0.00407775
0.0028836
0.0140034
0.00391694
0.00198761
0.011427
0.0051289
0.0449152
0.0243039
0.00127626
0.0170255
0.000594998
0.00554388
0.00562091
0.0227131
0.0106907
0.00245816
0.0012326
0.00123447
0.00491101
0.0051463
0.0297498
0.00197172
0.00131392
0.0029675
0.0150135
0.0071592
0.00175683
0.0149177
0.0168808
0.00371906
0.00590354
0.010171
0.00287535
0.00457192
0.00111488
0.00595593
0.00170547
0.00388121
0.00255858
0.00195063
0.00948037
0.00402862
0.00169467
0.00816477
0.00214335
0.0016954
0.00361679
0.00437576
0.0112925
0.00454029
0.00139955
0.000923513
0.00285825
0.00180315
0.00171173
0.0354165
0.00142243
0.0140818
0.0116103
0.0070465
0.0104226
0.0128027
0.000847914
0.00306015
0.00346666
0.00174471
0.00229201
0.000793279
0.000535476
0.0019905
0.0122689
0.00588261
0.00891668
0.00337444
0.00232183
0.00724507
0.0165411
0.00572717
0.00778821
0.00555743
0.00132191
0.0101805
0.00190271
0.000734916
0.00995785
0.00281677
0.00789284
0.0029432
0.00534346
0.00190645
0.00269079
0.00383745
0.0430305
0.00126745
0.000753837
0.00214403
0.00304445
0.00264414
0.00648182
0.00270591
0.00472685
0.013898
0.00901616
0.00252099
0.0104677
0.00170048
0.000820608
0.00153219
0.00151917
0.013539
0.00122037
0.00291837
0.0082469
0.00975924
0.000719067
0.00762289
0.00196486
0.00371753
0.00130923
0.00107317
0.00270399
0.0044841
0.0139592
0.0136242
0.0039268
0.00264678
0.0112835
0.00261095
0.00150934
0.0012935
0.000326918
0.0026505
0.00533218
0.00667327
0.00197064
0.010062
0.0171905
0.0206809
0.00499756
0.00542265
0.000490805
0.00261831
0.0217255
0.00643736
0.00103478
0.0192303
0.00285865
0.0105649
0.00887123
0.0148013
0.00832537
0.000300434
0.00249958
0.00282128
0.0253344
0.0181519
0.0143955
0.0129696
0.00120366
0.00150098
0.00185667
0.00510554
0.000654235
0.0140915
0.0025284
0.0269232
0.00451347
0.00305463
0.00311341
0.00701362
0.0019225
0.00249101
0.00332801
0.0027098
0.00083628
0.00217345
0.0014738
0.00420434
0.00789991
0.00990342
0.00503222
0.00210273
0.00474438
0.0105724
0.000625254
0.00200228
0.00630773
0.0021517
0.00151011
0.00314396
0.00368252
0.0125624
0.00166532
0.00718901
0.00226501
0.00645996
0.00778034
0.00394379
0.0173579
0.00214225
0.0105885
0.00149512
0.0159663
0.000549553
0.019175
0.00763474
0.0127688
0.00903523
0.00146167
0.00972145
0.00501421
0.00405046
0.00340182
0.0113492
0.00463603
0.00797929
0.00254656
0.00206312
0.00146788
0.0234335
0.00175423
0.00190351
0.0181019
0.0112743
0.00204844
0.00339918
0.00358852
0.00392386
0.0207187
0.0074106
0.00328942
0.00571181
0.00126156
0.00165776
0.0285849
0.00779625
0.019815
0.00301036
0.0134059
0.00109542
0.00362775
0.00294954
0.00352127
0.00290395
0.0150842
0.00195269
0.0206426
0.00344254
0.00550586
0.0029771
0.0040685
0.012864
0.00834399
0.00383928
0.00975411
0.00463967
0.000980293
0.00896997
0.00332229
0.00372776
0.000859994
0.0104965
0.00175556
0.00417723
0.00159558
0.00169561
0.00275051
0.000825757
0.00849723
0.00179672
0.0135555
0.00105944
0.012749
0.00456018
0.00116981
0.0148298
0.00744145
0.00649369
0.0140816
0.000922908
0.00044707
0.00745421
0.00344337
0.00635651
0.00542464
0.00187648
0.00720585
0.00577552
0.0231323
0.00662847
0.00357359
0.0034573
0.00186172
0.0150576
0.0157369
0.00634642
0.00617566
0.00639916
0.00109872
0.00987321
0.00531983
0.00745714
0.00114137
0.0125199
0.00502317
0.0024441
0.0100125
0.00496
0.00220067
0.00419577
0.000898204
0.000454016
0.0225417
0.00053357
0.00501379
0.0131327
0.00542659
0.00186603
0.00670175
0.000415958
0.0021962
0.016172
0.00514309
0.00463618
0.00431834
0.0164851
0.000522429
0.0546965
0.00189387
0.0123021
0.00594718
0.00206129
0.0162969
0.00431185
0.0106349
0.00520323
0.00263759
0.00132062
0.00163613
0.00422926
0.00140299
0.001351
0.00531307
0.00977576
0.00195347
0.00336317
0.00202884
0.00544451
0.0208043
0.0153799
0.0128972
0.0135785
0.00206433
0.00608842
0.00281421
0.00445478
0.0160136
0.00613816
0.00292815
0.00735064
0.00143105
0.00301632
0.00163354
0.0102863
0.0053084
0.00163601
0.000348821
0.00993654
0.0116285
0.0164894
0.00302158
0.00324308
0.00171029
0.00553247
0.0149648
0.00743326
0.00444118
0.00181631
0.0109659
0.0142609
0.00324806
0.00578397
0.0200927
0.00221165
0.00594219
0.00473367
0.00679527
0.00862183
0.0125381
0.0151623
0.012053
0.0182496
0.00541445
0.00150629
0.008234
0.0136859
0.000841701
0.00651407
0.00306199
0.0288889
0.000294059
0.00236718
0.00294207
0.00621078
0.00159865
0.0116691
0.00221116
0.00668521
0.0126138
0.000633023
0.00154122
0.0191781
0.000468791
0.00114294
0.000860526
0.00157735
0.0072283
0.0050455
0.00267043
0.00399966
0.00105943
0.00256254
0.00688897
0.000727665
0.00412598
0.0163706
0.00478672
0.00534464
0.0129221
0.0243996
0.0141023
0.0238995
0.00818411
0.00160539
0.00872763
0.00874831
0.005645
0.00443653
0.0163859
0.00231417
0.00485281
0.0167529
0.00674594
0.0059313
0.0100246
0.00725586
0.00438566
0.00376253
0.0130977
0.00699766
0.00144851
0.00354642
0.0105273
0.00956558
0.00164203
0.00118745
0.00362852
0.00428857
0.012423
0.0130546
0.00476878
0.00742823
0.00150663
0.00671412
0.0259955
0.00932834
0.0159919
0.00327393
0.0101763
0.0037982
0.000518026
0.00314191
0.00534485
0.00193068
0.00344225
0.00334043
0.00726067
0.00460684
0.00755359
0.00146812
0.0039691
0.0163622
0.00441169
0.00269576
0.000440695
0.00562029
0.00124324
0.00300363
0.00366205
0.00595087
0.00217726
0.0106279
0.00119879
0.00715095
0.00264183
0.00102142
0.00227707
0.000582719
0.00652061
0.0236671
0.00185485
0.0202556
0.0040445
0.00924727
0.00722626
0.00382371
0.00183356
0.00958947
0.000940439
0.00079721
0.001957
0.00516248
0.0168086
0.00647212
0.000950189
0.00598441
0.00126565
0.00264402
0.00312059
0.00979225
0.00192959
0.00260164
0.0138366
0.0101112
0.00058133
0.0076856
0.00496309
0.00110346
0.0125135
0.00122244
0.000894521
0.00209884
0.00717756
0.00095227
0.00133925
0.00292957
0.00506086
0.00183719
0.0164928
0.00438215
0.0245293
0.00315231
0.00678501
0.00270616
0.00198437
0.00267198
0.0146751
0.00289751
0.00592055
0.00157599
0.00566751
0.00387838
0.00684104
0.000679256
0.00356314
0.00658834
0.00399572
0.00873545
0.00623273
0.0111677
0.00317498
0.00621831
0.00988943
0.00516444
0.00681182
0.00647651
0.00228545
0.00305726
0.00671217
0.0106014
0.00160883
0.00490258
0.00736324
0.000644552
0.000898187
0.00460847
0.00816679
0.00395836
0.015688
0.003316
0.00304979
0.000823015
0.00801812
0.00313388
0.00469503
0.0040131
0.0009506
0.01342
0.00675001
0.000906193
0.00394197
0.00413685
0.00168851
0.0065529
0.00286848
0.00318786
0.00316114
0.00358761
0.0191061
0.00693802
0.00152058
0.00137527
0.00159928
0.02231
0.00325764
0.0136675
0.00250107
0.00133113
0.000449738
0.00826045
0.00643722
0.00809775
0.00207479
0.00513897
0.00785738
0.00075329
0.0012448
0.00310045
0.00447877
0.00749739
0.00929114
0.000580469
0.00586589
0.0100476
0.00148805
0.00157062
0.0250829
0.00258935
0.00818697
0.00287034
0.00657312
0.00178388
0.0109459
0.00220765
0.0117551
0.00701118
0.00146757
0.00844805
0.00208868
0.00447161
0.00140174
0.00225368
0.0104178
0.0046456
0.00112233
0.00609031
0.0181252
0.00289854
0.00138386
0.0113836
0.00382178
0.00108402
0.00505068
0.0112619
0.000276161
0.00265051
0.00371761
0.000540998
0.00950167
0.00416405
0.00272148
0.00202811
0.00796878
0.000601378
0.000479199
0.00362273
0.00230953
0.00256433
0.00619474
0.00226883
0.00707545
0.0016895
0.00532593
0.00515969
0.00136592
0.00626454
0.00868517
0.000307375
0.00206662
0.0119042
0.00408417
0.000834552
0.000935649
0.0121411
0.00140823
0.00737711
0.0161647
0.00876419
0.0025649
0.00734814
0.0132743
0.00365937
0.00919117
0.00552234
0.0057333
0.010089
0.034159
0.00334461
0.00281399
0.00124806
0.00648591
0.0136189
0.00367633
0.0035159
0.00415588
0.00698873
0.00318057
0.00280646
0.00407733
0.00331069
0.0011235
0.00246304
0.0116995
0.0102897
0.0130481
0.00377531
0.00100034
0.0100822
0.0362419
0.0188552
0.00484576
0.00323111
0.0268407
0.00347964
0.00463754
0.00115433
0.00272002
0.00812465
0.00975613
0.00494536
0.00981418
0.000734189
0.00423277
0.00608467
0.00732823
0.000750676
0.00272712
0.00715259
0.000955593
0.000628893
0.010753
0.000656083
0.0010815
0.00160409
0.000358119
0.00821331
0.00210575
0.00454606
0.00115628
0.00478825
0.00547288
0.00828125
0.00354309
0.00151787
0.0122838
0.00312889
0.0147905
0.00110089
0.00283573
0.00214351
0.0351025
0.00391627
0.00412381
0.00100843
0.00409426
0.00376298
0.0198392
0.000542794
0.00088917
0.00123723
0.000400883
0.00501076
0.00312067
0.0162409
0.00617782
0.000966504
0.00281133
0.00197013
0.0088904
0.00155727
0.00374902
0.0109201
0.00944125
0.00116323
0.00156322
0.00321012
0.000497452
0.00839093
0.00256377
0.00150181
0.00557429
0.00633264
0.00524025
0.00109119
0.0011351
0.000420519
0.000875454
0.0113604
0.00784498
0.00587836
0.00379125
0.00883542
0.00499706
0.00788551
0.00189338
0.011649
0.0161774
0.0184353
0.00893974
0.00181542
0.00277
0.00810965
0.00272129
0.00318941
0.00231742
0.00308569
0.00610681
0.00640371
0.00772864
0.0111799
0.00200591
0.00284
0.0012053
0.00650266
0.00395532
0.00857649
0.00206742
0.00068167
0.00534242
0.00417407
0.00209618
0.00105244
0.00477618
0.00498679
0.00423197
0.00391729
0.00487905
0.00234385
0.00520408
0.00632823
0.00173772
0.00259072
0.00445192
0.00983277
0.00417358
0.00221785
0.00939737
0.048719
0.00745487
0.00295797
0.00306217
0.00122041
0.00538834
0.00210096
0.0178203
0.0715119
0.000557742
0.00484101
0.0252749
0.00077462
0.0156758
0.0189749
0.00397392
0.0063223
0.00605281
0.000340161
0.00416613
0.00233359
0.00139133
0.00526728
0.000752038
0.0135534
0.00605858
0.00438485
0.00120905
0.0026791
0.000919306
0.00108088
0.000631494
0.0016625
0.00464315
0.00100907
0.00179542
0.00982977
0.004282
0.0074722
0.00150414
0.000386505
0.00706269
0.00385365
0.0014602
0.0153932
0.00117104
0.00696278
0.00874174
0.00103809
0.00285514
0.00136399
0.00173487
0.01251
0.0259356
0.00107305
0.00098679
0.00378122
0.0124294
0.00740435
0.00255841
0.00797333
0.00513378
0.0150534
0.00441979
0.00437837
0.00194641
0.000841595
0.0203288
0.00382812
0.00850054
0.0236652
0.00143732
0.0135783
0.0172316
0.00188071
0.00716269
0.00391592
0.00572713
0.0186528
0.00228234
0.00693245
0.012507
0.00245518
0.00342453
0.00615508
0.0113805
0.001429
0.00230879
0.00177125
0.0132385
0.00261021
0.0104618
0.00290923
0.000804716
0.00219484
0.00175171
0.00331566
0.00486498
0.00713687
0.0206
0.00294054
0.00110166
0.00656361
0.00186404
0.00355381
0.00460634
0.0105687
0.00300746
0.0182875
0.00846047
0.00424789
0.00339459
0.00817673
0.00209616
0.0014006
0.00209576
0.00103504
0.00186759
0.00870663
0.00452017
0.00309035
0.00243714
0.000841416
0.00234383
0.00926628
0.00426151
0.00256902
0.00402588
0.00539215
0.00932075
0.016554
0.0186532
0.00493044
0.01972
0.00777759
0.00355355
0.00570089
0.00323223
0.00654575
0.000728999
0.00517831
0.000857649
0.0120147
0.0034936
0.000955812
0.0321697
0.00519835
0.00889131
0.00728737
0.0179115
0.019633
0.00560705
0.000915151
0.00482631
0.0173801
0.00500049
0.0101896
0.0148143
0.00759035
0.00171826
0.00734137
0.00234025
0.00371571
0.00458959
0.0165413
0.0129105
0.0126365
0.0010948
0.00716211
0.001596
0.00204276
0.00140114
0.0132463
0.0041717
0.0229661
0.00110599
0.00169476
0.00784868
0.0334637
0.00652767
0.047186
0.0109847
0.0017039
0.0063251
0.00254514
0.00501957
0.00421631
0.0184264
0.014487
0.00201306
0.000743319
0.0126638
0.000539974
0.00294759
0.0135386
0.00513367
0.020841
0.0398847
0.00512333
0.00446881
0.00463789
0.00939116
0.000765643
0.00123568
0.00316166
0.00758984
0.00530077
0.00218336
0.0121099
0.0354992
0.00249343
0.0161404
0.00423888
0.022041
0.00385057
0.00268157
0.00785302
0.000958614
0.00143522
0.0146682
0.00395564
0.00363337
0.00404023
0.00296826
0.000480356
0.00203349
0.00148812
0.00190808
0.000995764
0.0105771
0.0048156
0.00197058
0.00191303
0.00398345
0.00540526
0.0529517
0.00345983
0.0022885
0.00738508
0.00390875
0.00254523
0.00178392
0.00165009
0.00959054
0.00521096
0.00530044
0.00630358
0.0328523
0.00972397
0.000897332
0.00638907
0.0281557
0.00290026
0.0038258
0.00874582
0.0073467
0.00211754
0.00150888
0.00101334
0.0172159
0.00811443
0.00178254
0.00396953
0.00142933
0.00513581
0.0175251
0.00192411
0.0017659
0.00313596
0.00294248
0.00335532
0.0127175
0.00582071
0.0109265
0.0189347
0.0030177
0.000719228
0.0187933
0.00100038
0.0171884
0.00249265
0.00384962
0.0274101
0.00940639
0.00255759
0.00185874
0.004583
0.0128659
0.00812118
0.00936158
0.025573
0.00353819
0.0183622
0.0093714
0.00465953
0.0225436
0.0050413
0.00812969
0.0173191
0.00468456
0.0126499
0.00141505
0.0091697
0.00141161
0.000898238
0.00473977
0.00877334
0.00184434
0.000576073
0.00514127
0.00171004
0.000673747
0.000977338
0.0157812
0.00590712
0.00146855
0.000948023
0.00465152
0.0178043
0.000780144
0.00302349
0.0135914
0.00377098
0.00853084
0.00746818
0.0033102
0.0255633
0.0201146
0.00120019
0.000964159
0.00408077
0.00866201
0.00179796
0.0272049
0.017581
0.00919312
0.00511713
0.00576365
0.0161618
0.00823943
0.00134505
0.00209511
0.00206463
0.000681167
0.00497622
0.00901348
0.00271947
0.0130932
0.0125864
0.00356041
0.000889001
0.00157642
0.00895065
0.00217632
0.000493404
0.00405713
0.00662788
0.0162676
0.00233623
0.00544036
0.00460406
0.0147373
0.00122393
0.00340236
0.0285652
0.00600112
0.00381404
0.00825483
0.00382405
0.00102454
0.0143515
0.00520783
0.00204778
0.013713
0.00081164
0.000846349
0.00728066
0.00404236
0.0020127
0.00161584
0.0030484
0.00429552
0.00356461
0.00161516
0.00761472
0.00108599
0.00230482
0.00403666
0.0288001
0.00268752
0.0135603
0.00559853
0.0030188
0.00124777
0.00247825
0.00166246
0.00335006
0.00363568
0.00234436
0.00234675
0.00665686
0.0127887
0.00411632
0.0093283
0.00680885
0.0170337
0.00456
0.00392074
0.00672883
0.0012101
0.00365712
0.0136131
0.0193341
0.00109762
0.0176033
0.00205871
0.00817694
0.00235767
0.0126801
0.0038108
0.013069
0.00901763
0.00685619
0.00287258
0.00482701
0.00219121
0.020404
0.0121737
0.00553075
0.00183842
0.00300655
0.00123883
0.00779469
0.00130577
0.00377267
0.00459188
0.0273266
0.00475769
0.00149066
0.0151171
0.000748969
0.00516752
0.0201058
0.00545764
0.0101234
0.0065619
0.00222928
0.00186579
0.0063382
0.0090395
0.0074096
0.0164189
0.00116892
0.00211605
0.0162932
0.00252873
0.00462646
0.032533
0.00686025
0.00423851
0.00876974
0.00216738
0.00136264
0.00872864
0.00870005
0.00870693
0.00443976
0.00123721
0.0061807
0.00296202
0.0106813
0.00448747
0.00604713
0.00771616
0.00478237
0.00184677
0.00102006
0.00155461
0.00975153
0.00557315
0.00132095
0.00233879
0.00105275
0.00513798
0.0145948
0.0031603
0.00109185
0.0093769
0.000906667
0.00195277
0.00133308
0.0161806
0.00509249
0.00089964
0.00408065
0.011558
0.0041936
0.00751818
0.00377801
0.00360706
0.00437607
0.002736
0.00417493
0.00147801
0.00884309
0.00558179
0.00951476
0.00488729
0.0178533
0.00331117
0.00163295
0.00225432
0.00518748
0.0126275
0.00233208
0.0295733
0.000183242
0.00637982
0.00803125
0.00364307
0.0149386
0.00596486
0.000186871
0.00503017
0.00105288
0.00397828
0.00513622
0.00276051
0.0088422
0.00606777
0.00134646
0.00263593
0.0034834
0.00809296
0.00105676
0.00502955
0.00740059
0.00345837
0.007027
0.0140948
0.00163701
0.067145
0.00520411
0.0386629
0.000823038
0.00465316
0.00176303
0.00688528
0.00350009
0.00510314
0.00691436
0.00215965
0.00445213
0.00402014
0.00599711
0.00387076
0.00145939
0.00986023
0.0123695
0.00557347
0.0109227
0.00236209
0.00470049
0.000557198
0.00120052
0.00481635
0.0220526
0.0051865
0.012253
0.00178919
0.0076629
0.00235034
0.000989918
0.00222981
0.000990293
0.010712
0.00136994
0.0487672
0.00391614
0.002722
0.0256032
0.00692093
0.0050617
0.00999603
0.00384875
0.00587987
0.0132804
0.00124984
0.00319248
0.00045231
0.00386341
0.00107148
0.0186806
0.0182413
0.00342414
0.00388173
0.00235176
0.00805989
0.00146628
0.00482631
0.00398346
0.00108251
0.00573743
0.00196998
0.00682791
0.00449584
0.00277288
0.00351062
0.00388821
0.00628163
0.00882884
0.0108086
0.00109958
0.00674952
0.00218126
0.00364164
0.00492281
0.0231579
0.00635814
0.00432037
0.00750204
0.00820729
0.00810917
0.0286082
0.0034165
0.0101425
0.00516287
0.00418313
0.00643954
0.0101204
0.00827839
0.00927346
0.00416004
0.00493193
0.00309665
0.00217873
0.00742269
0.000355835
0.00280178
0.00172696
0.00168172
0.00149086
0.00293137
0.00496066
0.00517496
0.00123391
0.00856398
0.00320106
0.00282002
0.00624983
0.00108195
0.0066273
0.000484981
0.0107598
0.00229106
0.0116757
0.00855798
0.00393082
0.00335785
0.00367564
0.00520603
0.00185097
0.00411011
0.000318782
0.0021954
0.00342407
0.000885992
0.000496073
0.00117647
0.0031814
0.023941
0.00205132
0.00390246
0.005541
0.0127341
0.00721461
0.00337002
0.00227216
0.00578627
0.00469067
0.0114122
0.0047154
0.00151221
0.000780858
0.00440733
0.00596436
0.00377223
0.0092043
0.00476952
0.0169079
0.00227083
0.0109491
0.00485945
0.0153723
0.00226041
0.0318235
0.00198483
0.00140725
0.0103764
0.00356287
0.00108457
0.0138565
0.00921322
0.0190879
0.00411669
0.00556042
0.00534547
0.00855694
0.0059567
0.00495177
0.00496046
0.00487521
0.0270925
0.00568048
0.0087214
0.0133739
0.0108755
