0.00312927
0.00096294
0.00204451
0.00137151
0.00151015
0.000586065
0.00390683
0.00168684
0.00210239
0.00188851
0.000265709
0.000404025
0.00185185
0.0012816
0.00177339
0.00462383
0.00315809
0.000158081
0.000973246
0.0012104
0.000954316
0.00253427
0.00330975
0.00146467
0.00285852
0.00145505
0.000900934
0.000772414
0.000345335
0.00313044
0.0115283
0.000403193
0.00405018
0.000714427
0.00334443
0.000865271
0.00315822
0.00543481
0.00291048
0.00147842
0.000568001
0.00223107
0.000855709
0.00548467
0.00364135
0.00237549
0.00288823
0.00102649
0.0261678
0.00256832
0.001293
0.00149075
0.00135756
0.00125381
0.00156194
0.000976819
0.00114185
0.000355448
0.00212963
0.0010263
0.00377737
0.00158018
0.000996941
0.00227453
0.000866457
0.000877093
0.000967253
0.000538643
0.000757875
0.000674258
0.00418991
0.00466867
0.00176802
0.00236116
0.00152161
0.00297549
0.000926081
0.00206655
0.00358752
0.00602468
0.00323078
0.00592109
0.0013058
0.000516273
0.000758852
0.0011444
0.00115834
0.00253045
0.00204316
0.000532525
0.000887868
0.00054768
0.00133317
0.000753368
0.000160373
0.00126279
0.00349406
0.00197894
0.00749604
0.00393354
0.00102542
0.000851103
0.00391868
0.000800358
0.00105105
0.00156659
0.000991393
0.00166206
0.00115524
0.00159822
0.000554654
0.00116686
0.00279224
0.00207414
0.00253994
0.00182086
0.00100281
0.00204331
0.000143533
0.00409434
0.000984739
0.0024307
0.00738955
0.00191296
0.00448858
0.00138409
0.00215229
0.00342007
0.00119527
0.000719272
0.00226908
0.00212222
0.00148229
0.00395218
0.00731615
0.000857563
0.00127966
0.0013181
0.00253473
0.00152692
0.00181005
0.00112265
0.00193541
0.00113636
0.00112469
0.0039236
0.00224883
0.00121174
0.00169742
0.000380964
0.00218675
0.00198333
0.00120865
0.0019481
0.00152003
0.000421631
0.00263666
0.0011185
0.00020683
0.00134199
0.00029465
0.000970694
0.000630327
0.0018506
0.000817785
0.000996804
0.00105907
0.00139815
0.00218672
0.00131712
0.0035395
0.00102207
0.000886141
0.00104493
0.00164537
0.000936321
0.0017462
0.000462908
0.00214139
0.00111703
0.000660879
0.00268779
0.00131562
0.00163423
0.00106447
0.00387556
0.00148387
0.00133185
0.000467569
0.00111107
0.00242452
0.0041317
0.00592911
0.00156161
0.00125052
0.00152906
0.00081139
0.00179784
0.00091253
0.00052636
0.00143388
0.00148926
0.000454515
0.00132012
0.00121112
0.00132878
0.00128984
0.000823213
0.00126834
0.00209554
0.000422355
0.000855662
0.00247278
0.00121644
0.00463654
0.00198141
0.00136274
0.00198311
0.000622151
0.00215346
0.00224478
0.00117064
0.00213193
0.0015071
0.000994278
0.00226441
0.00142728
0.00104556
0.000891223
0.00136601
0.00132581
0.00139093
0.0012171
0.00137829
0.00750527
0.000643186
0.000509316
0.00247245
0.00078186
0.00147417
0.00352827
0.00111734
0.00185723
0.00485388
0.00523277
0.00127251
0.00517211
0.0010424
0.00155078
0.00249868
0.00125673
0.00547317
0.000947459
0.00162438
0.00264401
0.003727
0.00110768
0.00207729
0.00151176
0.00068026
0.00209034
0.000739677
0.000620118
0.00127756
0.0101914
0.000409127
0.00090105
0.00148358
0.000153606
0.00104901
0.00275663
0.00437766
0.00249516
0.000600646
0.000305214
0.00171766
0.00262083
0.0018633
0.0045965
0.00239874
0.00119381
0.00142824
0.00276898
0.00132418
0.00129017
0.00249148
0.000951631
0.000408613
0.00102811
0.00201574
0.00115195
0.00276267
0.00152255
0.00209704
0.00120574
0.000388266
0.00165242
0.00235878
0.000978945
0.00102324
0.00214737
0.0011359
0.000557071
0.00138614
0.00129383
0.000142637
0.00114201
0.00163703
0.000642056
0.00113968
0.000196825
0.00232004
0.001008
0.000144726
0.000346844
0.000395549
0.00138621
0.00206949
0.0012624
0.00114725
0.00144655
0.00113344
0.00152151
0.000876289
0.00138678
0.000830379
0.00232809
0.00117137
0.00118077
0.000663739
0.0014459
0.0014414
0.00200886
0.000386036
0.00111565
0.0025988
0.00039542
0.00157791
0.00109945
0.00765908
0.00356203
0.000584831
0.0028197
0.000892567
0.012247
0.000396801
0.00214916
0.00265721
0.000732917
0.00171353
0.00118276
0.00136418
0.000312516
0.00274394
0.000909294
0.00228961
0.00187594
0.00134001
0.00425562
0.00153462
0.000140927
0.000644428
0.00084948
0.00226828
0.00128573
0.000826122
0.00228125
0.00155362
0.000252723
0.000514984
0.00140981
0.00135115
0.000201566
0.00527284
0.00199304
0.00222632
0.000715237
0.000708397
0.00154116
0.00186596
0.000222194
0.00057583
0.00130624
0.00108557
0.000645788
0.00289428
0.00127184
0.00159112
0.000709421
0.00116174
0.00139753
0.000694709
0.00111136
0.000578273
0.00106674
0.00352301
0.00184462
0.00190789
0.000995838
0.0035531
0.00060343
0.00199502
0.00127462
0.00108905
0.00171446
0.00313842
0.00108886
0.00113672
0.012139
0.000924609
0.0173599
0.00146761
0.0044851
0.00216718
0.000214305
0.000675813
0.000882173
0.00249522
0.000969416
0.000898645
0.00041847
0.0142534
0.00129482
0.00810786
0.00132511
0.000409016
0.0149546
0.00075787
0.00520136
0.000208664
0.00116721
0.0010034
0.00272075
0.00163764
0.0223957
0.00144685
0.00161936
0.00187947
0.00181609
0.000485439
0.00145296
0.00116755
0.00101372
0.0013046
0.00257642
0.00165963
0.00203571
0.00157531
0.00317663
0.000553873
0.00216404
0.00169739
0.00133572
0.00158179
0.000573806
0.00123482
0.000251876
0.00235808
0.0010988
0.000202202
0.00147891
0.000626636
0.00203478
0.000901106
0.00163553
0.0133888
0.00138302
0.00284706
0.0112245
0.000493012
0.000793416
0.00131829
0.00113345
0.0012395
0.000396873
0.0018846
0.00118731
0.00106445
0.00182048
0.00130323
0.00163213
0.0171452
0.000924888
0.00111572
0.00150853
0.00148099
0.00443931
0.00992124
0.000945899
0.00116341
0.00215217
0.00128601
0.00197963
0.00153965
0.00205689
0.00123858
0.00089683
0.0140246
0.00117284
0.00110624
0.00253519
0.00206562
0.00314892
0.000984312
0.00138819
0.00155587
0.00233774
0.00126349
0.0297894
0.00212391
0.00125003
0.00160837
0.000690902
0.00125431
0.00131157
0.00279562
0.00118482
0.000509503
0.00075449
0.000726236
0.000499355
0.00388764
0.00108416
0.00244443
0.000902186
0.00116982
0.00208855
0.00176095
0.00240994
0.000858432
0.00161247
0.00148318
0.00167281
0.00100295
0.00385208
0.000614158
0.00220841
0.00203356
0.00147536
0.00148113
0.000655276
0.00166293
0.000998721
0.00261115
0.00266613
0.000953483
0.00328718
0.00108438
0.00143839
0.0037547
0.0061371
0.000839534
0.000994341
0.00121434
0.00263743
0.000788814
0.00307263
0.000577801
0.00136627
0.00173121
0.00155982
0.000919451
0.0027716
0.00086775
0.00121819
0.000150227
0.00056081
0.00248774
0.00128675
0.00170427
0.000565364
0.000775789
0.00167731
0.00123839
0.00160854
0.000470517
0.00294443
0.00307768
0.00409655
0.000731755
0.0035356
0.00197699
0.00171803
0.00148332
0.0178743
0.00185895
0.00144381
0.00144683
0.000854998
0.00662569
0.00435877
0.00291606
0.000153001
0.00190299
0.00189337
0.000716815
0.000413403
0.00271815
0.00108102
0.00049096
0.00436656
0.00264245
0.000856897
0.0015233
0.000939944
0.00129936
0.00136932
0.000857975
0.00429297
0.00115766
0.000807098
0.00176429
0.00179461
0.00246355
0.00138522
0.000754299
0.000936668
0.00127136
0.00159801
0.00177164
0.000769791
0.000312774
0.000701438
0.00261795
0.00116769
0.000929671
0.000264489
0.00128989
0.000406459
0.00215255
0.000400522
0.00198498
0.00229343
0.000335253
0.00158344
0.00090369
0.00048417
0.00170964
0.00188406
0.000387924
0.00206122
0.000980242
0.0241783
0.000592116
0.00394642
0.000288583
0.000831176
0.00245522
0.000408958
0.000869973
0.00170415
0.0014846
0.000996063
0.00386544
0.000660464
0.00193742
0.00139912
0.00207162
0.000945851
0.000621622
0.000403292
0.0006069
0.00829793
0.0063152
0.00288186
0.000490902
0.00102953
0.00299936
0.000897103
0.00127025
0.000598623
0.00288785
0.00202742
0.00116417
0.00130347
0.00150432
0.00119332
0.00100996
0.00149958
0.000291018
0.00147666
0.00173464
0.00172565
0.00298944
0.00153162
0.00258844
0.000871319
0.00248697
0.00215549
0.000721406
0.00139422
0.00165789
0.00343164
0.00140356
0.000897094
0.0020454
0.000867047
0.00114924
0.000482864
0.00168388
0.00104566
0.00114743
0.00138869
0.0024486
0.00175665
0.00117432
0.000831932
0.00291309
0.00202605
0.00159199
0.000306095
0.00116245
0.000318411
0.000661178
0.000923899
0.000630263
0.00106985
0.00141873
0.00113088
0.00201333
0.00189242
0.00128422
0.00117601
0.0056777
0.00144435
0.00110875
0.00157804
0.00172727
0.00146559
0.000896773
0.00239316
0.000781462
0.00184968
0.000876045
0.00127189
0.00085743
0.00108727
0.00014168
0.00170991
0.000415591
0.00151993
0.000630238
0.0027304
0.000959075
0.00146933
0.00158446
0.00249907
0.000365088
0.00177661
0.00111125
0.0038478
0.00112106
0.000800134
0.00267637
0.00143045
0.00103979
0.00109282
0.00149976
0.00194545
0.000662238
0.000639423
0.000526809
0.00265737
0.000735967
0.000141145
0.000600972
0.000153599
0.00156824
0.000534149
0.0012442
0.00100208
0.000923853
0.000399541
0.00123386
0.00152376
0.00167942
0.000670303
0.000863462
0.000301177
0.00102985
0.00797964
0.00151141
0.0019005
0.00138571
0.00110865
0.00169364
0.00298537
0.000916008
0.000989302
0.000667676
0.00209468
0.00163849
0.00172643
0.000860582
0.000602143
0.000687928
0.00192669
0.00175801
0.00211491
0.00135337
0.00130818
0.00393709
0.00242922
0.00108099
0.00208926
0.00134936
0.00192428
0.00194341
0.00149882
0.00419812
0.00162769
0.000842149
0.0144787
0.00137673
0.000168453
0.00101426
0.00181289
0.000702536
0.00536032
0.0021346
0.0007704
0.00109825
0.00182524
0.00269596
0.00249608
0.000743489
0.00151926
0.00142467
0.000611452
0.00150412
0.00213924
0.00150417
0.00115971
0.00355595
0.000421722
0.00113945
0.000928493
0.00157899
0.000736042
0.000173765
0.000947423
0.000140515
0.00112859
0.00265251
0.00274548
0.000953868
0.000811186
0.000601619
0.000143874
0.00135874
0.000949263
0.00125341
0.0029708
0.00102788
0.00360507
0.00126488
0.0006755
0.00130067
0.00208344
0.000845257
0.00447438
0.0014762
0.00109873
0.000342998
0.00130502
0.00422568
0.0009811
0.00386418
0.00120742
0.00101847
0.00211452
0.00169259
0.000665832
0.000391046
0.00014134
0.0015079
0.00298215
0.00246982
0.00232903
0.0020584
0.00205966
0.00513702
0.00325343
0.00368582
0.00449943
0.000389289
0.00104717
0.00200828
0.000927735
0.00190949
0.00169996
0.00124027
0.00109297
0.00077203
0.00159321
0.000698267
0.000823346
0.00172729
0.000548676
0.00109804
0.002142
0.00109057
0.000723895
0.0168656
0.00230391
0.000630775
0.00162345
0.000832033
0.00141337
0.00108521
0.00425646
0.00122151
0.00123536
0.00110381
0.000773973
0.00435954
0.0012331
0.00478652
0.00121211
0.001134
0.000400276
0.00279753
0.0010243
0.00215536
0.00303141
0.00252371
0.000908161
0.000576787
0.00032679
0.000651495
0.00169256
0.00143959
0.000622941
0.00248658
0.00123468
0.00153525
0.00191285
0.00124522
0.00342943
0.00230482
0.00092542
0.00112856
0.000849639
0.000928193
0.000502813
0.00102097
0.0028598
0.00099681
0.000592045
0.000949551
0.000919889
0.000140703
0.00745604
0.000890374
0.000212683
0.000411883
0.00214194
0.000968725
0.00183107
0.00104117
0.00131138
0.000730891
0.00121613
0.001261
0.00304048
0.00697948
0.000662265
0.00170033
0.00611084
0.00139408
0.00202778
0.00106441
0.00113693
0.00103062
0.00164017
0.000187633
0.00069227
0.00426981
0.00282348
0.000970304
0.00109914
0.00126918
0.000141855
0.00129553
0.0011494
0.00190373
0.000406887
0.00152375
0.00132065
0.000499534
0.00128562
0.00419742
0.000712932
0.000660731
0.00142765
0.00134012
0.00107999
0.00260482
0.000831367
0.0015121
0.00162305
0.00273691
0.00228377
0.00172261
0.00291959
0.00244927
0.00132318
0.00252165
0.0024063
0.000963275
0.00248274
0.00191922
0.00235468
0.00087543
0.00126613
0.00129329
0.0041318
0.00108991
0.00155743
0.00137012
0.00035367
0.00107927
0.00202831
0.00183718
0.000517823
0.00324531
0.000997014
0.000337527
0.00343045
0.00161789
0.00129366
0.00165842
0.00228218
0.00098997
0.00088625
0.00352998
0.0189958
0.000808222
0.00322616
0.00101264
0.00103605
0.000297345
0.00179339
0.0016487
0.000156817
0.000143317
0.000757726
0.00183081
0.00189983
0.000521037
0.00180158
0.00211379
0.000769888
0.00121718
0.00173323
0.00388088
0.00198618
0.000826843
0.00113117
0.00182899
0.00189945
0.00109109
0.00105823
0.00060413
0.00123007
0.00130573
0.000961269
0.000566999
0.00138558
0.00191189
0.00179149
0.000591027
0.00306551
0.00357929
0.00191273
0.00121618
0.00193336
0.00913443
0.00110432
0.000686526
0.000693637
0.00119514
0.00149296
0.00468546
0.000342164
0.00163641
0.00228407
0.00101069
0.0007344
0.00112409
0.00293867
0.00104761
0.00132425
0.00176627
0.000284986
0.000718067
0.000660567
0.000487914
0.00262516
0.00374565
0.00226418
0.0015318
0.00154028
0.00144078
0.00278594
0.00107205
0.00204107
0.0049355
0.000408793
0.00771476
0.000899957
0.000723842
0.000686045
0.00148431
0.00124669
0.00161863
0.00123942
0.00103771
0.00133226
0.00129637
0.00256466
0.000934556
0.00126026
0.00419593
0.000806773
0.00252501
0.00212841
0.000501063
0.00155828
0.000725437
0.00122462
0.000818331
0.00132913
0.00185095
0.00298711
0.00516685
0.00130105
0.00113393
0.00132266
0.000800896
0.00191503
0.00114464
0.00103338
0.00179041
0.00328314
0.00106522
0.00085481
0.00176147
0.0015263
0.00136193
0.00132736
0.00102513
0.00123646
0.000329017
0.00169672
0.00112498
0.00663407
0.000264351
0.00165454
0.00116542
0.000629696
0.00140967
0.00328955
0.00168156
0.00235127
0.00183562
0.00232349
0.00251343
0.00127523
0.00315608
0.00228928
0.00168469
0.000361433
0.000721202
0.000695674
0.000435155
0.00167603
0.00196726
0.000849486
0.00220992
0.0005766
0.000929373
0.0020341
0.00163103
0.000323828
0.00102872
0.00100047
0.00217752
0.00100641
0.000644311
0.00151821
0.00205551
0.00186411
0.00118316
0.0019378
0.0040274
0.000899818
0.00120488
0.00146659
0.000615595
0.00176815
0.00206023
0.00821934
0.00246819
0.00217657
0.00116043
0.000879353
0.00411774
0.00123235
0.00357588
0.00205406
0.00182565
0.00114682
0.0014984
0.000211612
0.000705307
0.00118481
0.00117933
0.00262642
0.00214017
0.00226522
0.000253825
0.00149437
0.00349602
0.000659112
0.00359317
0.0013817
0.00355602
0.00252535
0.00176275
0.000976302
0.000502158
0.00583919
0.000212164
0.00174062
0.00113903
0.00295909
0.00044918
0.00221638
0.00174893
0.000377819
0.00236116
0.000484429
0.00436249
0.00299954
0.00160771
0.00152154
0.000979505
0.00170054
0.00266388
0.00128781
0.00251071
0.000536285
0.00131376
0.00169114
0.00077548
0.00134822
0.00111093
0.00148394
0.00238292
0.00192858
0.000954413
0.00134113
0.00573569
0.00285482
0.00352291
0.00181915
0.000718429
0.00315782
0.00676025
0.00120855
0.000487267
0.000654324
0.00103096
0.000877188
0.000776879
0.000774253
0.00177421
0.000389557
0.000836551
0.00226912
0.000950538
0.00174773
0.000848957
0.00169987
0.00210507
0.00115251
0.000712834
0.000719318
0.00120226
0.00157669
0.00035387
0.000525477
0.00185893
0.00134757
0.000435591
0.00116299
0.00153493
0.00196612
0.000763819
0.00225995
0.00437773
0.000765349
0.00126385
0.000799942
0.000461724
0.000723285
0.00327595
0.00181421
0.000937336
0.00335969
0.000673073
0.000631535
0.000883332
0.00158327
0.00191191
0.000743416
0.00159731
0.00128092
0.000851102
0.000404375
0.00177276
0.00107384
0.00103556
0.00102656
0.00188406
0.00526421
0.000558222
0.000852283
0.000647163
0.000692593
0.000540375
0.00138415
0.0036971
0.00102332
0.00128161
0.00139093
0.00144352
0.00136448
0.00232279
0.000364969
0.00117672
0.000397599
0.00106701
0.000313298
0.00154625
0.000658346
0.00103382
0.000731272
0.00132868
0.00205766
0.00166276
0.00123363
0.000683684
0.000929607
0.00168656
0.000923327
0.000605363
0.00212396
0.00112127
0.0017574
0.000540372
0.00161607
0.00183728
0.0020169
0.00152729
0.00244127
0.0229241
0.00273333
0.00113509
0.000862987
0.00170845
0.00239783
0.00370266
0.000935025
0.000200119
0.00381891
0.00116815
0.0042306
0.00132203
0.00179232
0.00145363
0.00225893
0.00549075
0.00256694
0.000465712
0.00295616
0.00122075
0.00103925
0.00757235
0.000899014
0.00427048
0.00130128
0.00108196
0.00132797
0.0056085
0.001255
0.000762278
0.0196493
0.0155981
0.00190156
0.00116719
0.00101176
0.00102335
0.000649439
0.0019617
0.00222174
0.000473232
0.000429959
0.000141279
0.000582299
0.00233954
0.00241674
0.00150862
0.0010404
0.00070789
0.00108155
0.00144804
0.000418482
0.00130833
0.00121106
0.00140464
0.00608784
0.000860442
0.00170084
0.00283749
0.000186094
0.00175201
0.0011618
0.0108834
0.00120917
0.00327951
0.00167378
0.00344238
0.00333158
0.00135797
0.00353229
0.00362164
0.00103195
0.000236437
0.000780521
0.00130356
0.00276003
0.000142443
0.00606211
0.00351879
0.00867826
0.00187857
0.00156377
0.000304834
0.00193582
0.00245368
0.000387755
0.00344538
0.000496352
0.00143526
0.00161195
0.00203264
0.00130586
0.000793599
0.00026372
0.000140656
0.00107157
0.00170679
0.0024275
0.00130451
0.000854546
0.00114977
0.00128268
0.00211811
0.00238009
0.00185869
0.000484099
0.00108396
0.00199814
0.00164526
0.00382617
0.000933183
0.00381041
0.00112188
0.00070664
0.002803
0.0017577
0.00184522
0.00255259
0.00192738
0.000397546
0.000858108
0.00044173
0.000904664
0.00184429
0.00245114
0.00157922
0.000519231
0.0028039
0.00163835
0.00253146
0.000960394
0.00210057
0.00117699
0.00361615
0.00109343
0.00312101
0.000145727
0.00119382
0.000705186
0.000564761
0.000285456
0.00447044
0.00111162
0.00114125
0.00196092
0.00177204
0.00127262
0.000240558
0.00105818
0.00141707
0.00126839
0.00244158
0.00170744
0.00132669
0.004339
0.00204292
0.00135953
0.0015738
0.00934733
0.000656645
0.00194885
0.00233919
0.000553427
0.00089666
0.00100052
0.00125155
0.00198301
0.000984373
0.00272537
0.00177169
0.000566378
0.00383891
0.00193566
0.00294449
0.000932689
0.000796957
0.0011473
0.000500782
0.00155553
0.000198931
0.000862206
0.000778238
0.00128002
0.00137434
0.00119713
0.000467102
0.0013773
0.00298164
0.00191394
0.000142009
0.00159231
0.000687353
0.000720696
0.0019953
0.0024095
0.00124218
0.00493226
0.00131711
0.000533551
0.000721053
0.00227217
0.0017628
0.000181647
0.000494744
0.00251094
0.00187769
0.00143029
0.00213351
0.0022393
0.00266411
0.000674396
0.00210998
0.0026499
0.000598153
0.000918817
0.00157584
0.00071255
0.00281409
0.00187511
0.000479981
0.000802475
0.000429426
0.000884148
0.000727683
0.000681665
0.0017826
0.000161138
0.00108256
0.00102665
0.00148096
0.00140596
0.00145939
0.000818836
0.00112948
0.000859768
0.00205186
0.000412531
0.000929223
0.0023357
0.00296682
0.000165427
0.00187365
0.000396116
0.000968716
0.00215781
0.00175296
0.00105961
0.00133088
0.000934681
0.00995885
0.00223286
0.0028971
0.000533471
0.00137917
0.00143242
0.000509967
0.000256987
0.00100635
0.00372246
0.00155468
0.00145768
0.00194585
0.000914112
0.00128175
0.00254449
0.00207644
0.00128603
0.00347666
0.0011259
0.00170872
0.00209567
0.00144402
0.00139952
0.00140819
0.00255388
0.000821544
0.000156452
0.00242966
0.00057832
0.0020278
0.00183789
0.00532351
0.00146259
0.00172945
0.000723374
0.000795818
0.00128561
0.00128264
0.00223982
0.000955596
0.000633901
0.00102891
0.00131534
0.00351758
0.00173934
0.00163285
0.00428363
0.000955638
0.00169557
0.00100107
0.000606646
0.0010489
0.00318925
0.0033667
0.00336027
0.000173962
0.00257032
0.00170949
0.000974187
0.00198804
0.000791554
0.000842605
0.00158306
0.000705371
0.00131
0.0013281
0.000662849
0.00274105
0.00458137
0.0013357
0.00189457
0.000531614
0.00179626
0.002064
0.00241134
0.00117033
0.00126484
0.00100096
0.00102645
0.00158597
0.00122236
0.000958453
0.000908236
0.000152372
0.00120183
0.00178254
0.000790549
0.00155642
0.000140985
0.000696597
0.0014007
0.00110299
0.000917294
0.00364898
0.00113828
0.000312012
0.00106549
0.00997721
0.00148228
0.00163016
0.00242176
0.00141169
0.00161377
0.000553483
0.009298
0.00142712
0.00310343
0.0017841
0.00233222
0.00243898
0.00185499
0.00257046
0.00135908
0.00087281
0.000500335
0.00288912
0.00177038
0.00151135
0.00209845
0.000930291
0.00135273
0.000795013
0.00214653
0.00119793
0.00170249
0.00123194
0.000670167
0.000951984
0.00174178
0.00125017
0.00103666
0.00580096
0.00183091
0.00175418
0.00145228
0.00286526
0.00384568
0.00180068
0.00121884
0.00143937
0.00085075
0.0017638
0.00222972
0.00229408
0.00196031
0.00259021
0.00169009
0.00325014
0.00217121
0.00236915
0.00235435
0.000815606
0.000428307
0.00224062
0.00126487
0.00220889
0.00178527
0.00538662
0.000774344
0.00706688
0.00588047
0.000545744
0.00078787
0.000994048
0.000678743
0.00219324
0.00584082
0.000501038
0.00668021
0.000781824
0.00082621
0.0164315
0.00187395
0.00163016
0.00177947
0.00132276
0.0317218
0.00134125
0.0012455
0.00638484
0.000956123
0.00164443
0.000445718
0.00248749
0.00101622
0.000798756
0.00117523
0.0033061
0.000466847
0.000716956
0.00043759
0.00133295
0.00187325
0.00178111
0.000748126
0.000676976
0.00141511
0.00098427
0.00121687
0.00331062
0.00334052
0.00104763
0.000706775
0.00136871
0.00110182
0.00438393
0.00108497
0.00324753
0.000556004
0.00142862
0.00230314
0.000856922
0.000565213
0.000671578
0.00182535
0.00163139
0.0019542
0.00235765
0.00108673
0.000964454
0.00119722
0.00079794
0.00014747
0.00091873
0.000827732
0.00300405
0.00136945
0.00180901
0.00287781
0.00107963
0.000402984
0.00217712
0.000841129
0.00114062
0.00102814
0.00206271
0.00075104
0.000766798
0.00132938
0.00128992
0.00132567
0.00290449
0.00157883
0.00220236
0.00127303
0.00149522
0.00485506
0.00096529
0.00155878
0.00108387
0.000972958
0.00226425
0.00130306
0.00278859
0.0026675
0.00088121
0.00206816
0.00115894
0.00190163
0.00146875
0.00173026
0.0017239
0.000578621
0.00131999
0.00135938
0.00108188
0.0019748
0.00505486
0.00221731
0.00137747
0.00405752
0.000149319
0.000691904
0.0021071
0.000701136
0.00117691
0.00124506
0.00201504
0.000720196
0.000627071
0.0479898
0.00110007
0.00273372
0.00104441
0.00185211
0.00166466
0.000544419
0.00131085
0.00175223
0.00269477
0.00120976
0.00136686
0.00184597
0.0153183
0.00173664
0.00238573
0.0010783
0.00366704
0.000545322
0.00137709
0.00105652
0.00188567
0.00119355
0.00088384
0.00150442
0.000452188
0.000719319
0.00105196
0.00134704
0.00201774
0.000578801
0.00321446
0.00230256
0.00148226
0.00088521
0.00104255
0.000873525
0.0294147
0.00156511
0.00114666
0.0014698
0.00217769
0.000766436
0.00161162
0.0125367
0.0025331
0.000527532
0.000903393
0.00093931
0.00092888
0.00196486
0.00252007
0.00164667
0.00194606
0.00234144
0.0009059
0.000572026
0.000904529
0.00113628
0.00117911
0.00158227
0.00267243
0.000696723
0.00132099
0.00379435
0.00208645
0.00407664
0.00140722
0.00107488
0.0012193
0.000884285
0.00145349
0.00139549
0.00155958
0.000351027
0.00137724
0.00623499
0.00201447
0.00239715
0.000345212
0.00347268
0.000604013
0.00323748
0.00146794
0.00156935
0.000585897
0.00146847
0.00334252
0.0111652
0.00179668
0.00138754
0.000837884
0.0035194
0.00142501
0.00137532
0.00127557
0.0013443
0.00336286
0.0010311
0.00126096
0.000503633
0.000546302
0.0015501
0.0149673
0.00176972
0.000195703
0.00111663
0.00221658
0.00280218
0.00137524
0.000647042
0.00125345
0.000533708
0.00176183
0.00210219
0.0016886
0.00831459
0.00804976
0.00398219
0.00268916
0.00158968
0.00348964
0.00426243
0.00125477
0.000343407
0.00152539
0.00196271
0.000832941
0.00189758
0.0019586
0.000775376
0.00253939
0.000655661
0.00064181
0.00474354
0.00271877
0.00141078
0.00128553
0.00167084
0.00201424
0.00265495
0.00552592
0.0055595
0.000741953
0.00210665
0.000855788
0.00293395
0.000153097
0.0015788
0.000793107
0.00207327
0.00092258
0.00172208
0.00201621
0.00114497
0.00646064
0.00186041
0.00210874
0.000873969
0.00425114
0.00479162
0.000485747
0.00192094
0.000814633
0.00268077
0.00148733
0.00136748
0.0011716
0.00272104
0.00501205
0.0020646
0.000979057
0.00527502
0.000426506
0.00146435
0.00152407
0.00187509
0.000649755
0.00226646
0.00160363
0.00286171
0.00129267
0.00541374
0.00169585
0.00160644
0.000685888
0.000290146
0.00114094
0.000486449
0.00145464
0.000598515
0.000892925
0.00192796
0.00142025
0.00243658
0.0017272
0.00366025
0.00140101
0.00153418
0.00143302
0.00192937
0.00578684
0.00624015
0.0010999
0.0120842
0.00100734
0.00170552
0.000204348
0.00382961
0.00230886
0.00119582
0.00178169
0.0010118
0.00265822
0.00157968
0.00107035
0.00042906
0.00114893
0.00286611
0.000695485
0.00257916
0.00215006
0.000829838
0.00106415
0.00169833
0.00166221
0.0016954
0.00187336
0.00111223
0.00194736
0.000892933
0.00251022
0.0165433
0.00655919
0.00109518
0.00142209
0.000678556
0.00104955
0.00928698
