0.0107452
0.00572533
0.00843115
0.00712794
0.00354317
0.00254502
0.000887823
0.00303806
0.00116189
0.00277485
0.024375
0.000758396
0.000543206
0.00304118
0.00468838
0.00147901
0.00348833
0.00799859
0.0097571
0.00302222
0.00665776
0.00136974
0.00818297
0.00183423
0.00411801
0.0024251
0.00417145
0.0044725
0.00379412
0.00804614
0.00183132
0.000620431
0.00945966
0.00541884
0.0030192
0.00529999
0.0105949
0.00744149
0.00220946
0.0165378
0.00777689
0.00139067
0.00334294
0.00320253
0.00843675
0.00380498
0.00226316
0.00187634
0.00476164
0.00759988
0.0142932
0.00474959
0.00208587
0.00886587
0.00234244
0.00552069
0.00188734
0.00741748
0.00215543
0.00161378
0.00158873
0.00796145
0.00141612
0.00679377
0.00112995
0.0026468
0.0040691
0.00655565
0.00253959
0.0010127
0.00309295
0.00502486
0.00118453
0.0105789
0.00488489
0.00341201
0.00403556
0.0044034
0.00125198
0.00333959
0.000592724
0.00184781
0.00738089
0.00181929
0.006317
0.00134873
0.00447726
0.00210893
0.00326521
0.00178386
0.00276232
0.00856931
0.00111306
0.00243925
0.011123
0.00203093
0.00305042
0.00466065
0.00570584
0.00369622
0.00661367
0.00314239
0.00761655
0.00177
0.00518495
0.00154925
0.00188973
0.000766939
0.0159944
0.00501196
0.00885513
0.00332018
0.00316769
0.00563617
0.0221215
0.0222483
0.0036212
0.00303611
0.00557957
0.00335346
0.00740386
0.00236741
0.00609497
0.006809
0.00232389
0.00848778
0.000966108
0.0014713
0.00707844
0.0103187
0.00312596
0.00180664
0.00321138
0.00149579
0.00483578
0.00507887
0.00336611
0.00427295
0.00206549
0.00277593
0.00259704
0.00103592
0.00389418
0.00687487
0.00249169
0.000583335
0.0159325
0.00606911
0.00397997
0.00257124
0.0126058
0.00255809
0.010467
0.00113463
0.0170824
0.00338979
0.00131926
0.00236346
0.000987428
0.00122512
0.00165864
0.0015306
0.00325046
0.00314952
0.00190719
0.00152024
0.0131512
0.00165612
0.00795413
0.00403605
0.00304186
0.00250876
0.002052
0.0043683
0.00382783
0.00126916
0.00463375
0.00517002
0.00238531
0.0029609
0.000968537
0.00443615
0.00506936
0.00582105
0.00106994
0.00320646
0.0046315
0.00206496
0.00285548
0.00425636
0.00053222
0.000749075
0.00360102
0.00315658
0.00292163
0.00120563
0.00286924
0.00507324
0.00396716
0.00261796
0.00432497
0.00304587
0.00355939
0.00447183
0.00189103
0.0111292
0.00373462
0.00475849
0.012962
0.00165278
0.00321713
0.00351862
0.00164842
0.011999
0.00102919
0.0102864
0.000357219
0.00211829
0.00391333
0.00530748
0.00168588
0.00261195
0.00178863
0.00157415
0.00294401
0.00517315
0.000840619
0.018604
0.00352605
0.00458574
0.00393199
0.00287327
0.00398925
0.00479299
0.00212035
0.00648426
0.00335819
0.00924824
0.00364509
0.0109806
0.000703826
0.00180149
0.0034352
0.00925412
0.00320707
0.00365897
0.00244378
0.00157113
0.00993432
0.000637292
0.000974551
0.00860487
0.0056809
0.00412634
0.00160299
0.00189672
0.00109621
0.00104863
0.00596598
0.00345533
0.0126409
0.00304582
0.00518169
0.0053738
0.00370494
0.00441889
0.00408396
0.000964944
0.00507485
0.00241857
0.00337656
0.00252789
0.00607007
0.011973
0.00506052
0.0035654
0.00990493
0.00122753
0.00168291
0.00336363
0.00843221
0.00390186
0.00357689
0.00188055
0.000918172
0.00275309
0.00276319
0.00701222
0.00358727
0.00198571
0.00568187
0.00877314
0.00437996
0.00273167
0.00180071
0.00396792
0.00870764
0.00302742
0.00380279
0.00210226
0.00248006
0.010152
0.00615755
0.00679514
0.00304108
0.00385735
0.000628873
0.0124131
0.00167331
0.0019219
0.000943725
0.0061894
0.00148581
0.00230057
0.00399557
0.00586772
0.000904358
0.0122421
0.00352214
0.0090174
0.000356571
0.00322205
0.00147443
0.00752648
0.0020831
0.00127146
0.00112401
0.00440725
0.00111241
0.00194534
0.00115937
0.00198541
0.000973556
0.0026894
0.0235272
0.000526069
0.00217445
0.00122025
0.00177089
0.00352006
0.00154869
0.00176758
0.0106389
0.00311294
0.00275515
0.0138177
0.00590584
0.000759665
0.00250778
0.00229537
0.00655091
0.00264762
0.0034402
0.00501076
0.0458775
0.00246222
0.00248993
0.00524561
0.000472843
0.00220786
0.000778146
0.0033698
0.00171609
0.00540434
0.00757455
0.000922
0.00238263
0.00276715
0.00569246
0.0143775
0.00246335
0.000495385
0.00237916
0.000452112
0.000482791
0.00415942
0.0270037
0.00178316
0.00313844
0.00961953
0.0102195
0.00403884
0.00181753
0.00332072
0.00252113
0.00299962
0.00281315
0.00117258
0.00570084
0.00608228
0.0227591
0.00520588
0.0106485
0.00361527
0.00170725
0.00191274
0.000850022
0.00446029
0.0030069
0.0015325
0.00250576
0.00265566
0.0159556
0.00392791
0.00517014
0.0027423
0.00351397
0.00371252
0.0106351
0.038808
0.0133126
0.000257557
0.00317498
0.00891475
0.00349974
0.00411314
0.00403375
0.00571091
0.00902953
0.00305352
0.00180899
0.00104011
0.0029345
0.00573269
0.00195288
0.00186579
0.00480306
0.00392674
0.0205722
0.00149245
0.00341929
0.00276203
0.0108002
0.00352037
0.00199877
0.00304773
0.0014366
0.00401121
0.00313736
0.00128399
0.00385271
0.00331031
0.00333366
0.00469955
0.00220975
0.00501155
0.000989636
0.012807
0.00517365
0.00464279
0.00150938
0.00871007
0.0502732
0.00283641
0.0013183
0.0251391
0.00528304
0.000857794
0.00285069
0.000998869
0.0122787
0.00881438
0.00256337
0.00188747
0.00350968
0.000291458
0.00145681
0.00635459
0.00271697
0.00523683
0.00575819
0.00546881
0.0145414
0.00595856
0.0036894
0.00591453
0.00243672
0.0029766
0.00690778
0.0111659
0.00112247
0.00540303
0.00181742
0.00653284
0.00359762
0.00109546
0.00908455
0.00054994
0.00330478
0.00593626
0.00667071
0.00244563
0.00218879
0.00436489
0.00273312
0.00172939
0.00584955
0.00113712
0.00555345
0.00228137
0.00082978
0.00238548
0.00457351
0.000882731
0.00107387
0.00434024
0.00175672
0.00599315
0.00769405
0.00179602
0.000946967
0.00915535
0.00538351
0.0255619
0.00076574
0.00313783
0.00485964
0.00220101
0.00317482
0.00134838
0.00255438
0.00225244
0.00671753
0.000568001
0.00678305
0.00460792
0.00771807
0.00368353
0.0039014
0.00102961
0.00287251
0.00344447
0.00207719
0.00403959
0.00904788
0.0076531
0.00526119
0.00562561
0.00233172
0.00118224
0.0049675
0.0055051
0.00111077
0.00166822
0.00309436
0.00897245
0.00200497
0.00131997
0.00562158
0.00516287
0.0206878
0.00172887
0.00157923
0.00274117
0.00618365
0.000791699
0.00249791
0.00429884
0.00760666
0.00311081
0.00401163
0.00517488
0.00417817
0.00699346
0.0020199
0.0139111
0.00922832
0.00688919
0.00313169
0.00565883
0.00156329
0.00735434
0.00228537
0.00237867
0.0038675
0.00976013
0.000615647
0.00243435
0.00661639
0.0026994
0.00705781
0.00423903
0.00163141
0.000419104
0.0115018
0.0044719
0.00409145
0.00193049
0.00138893
0.00389095
0.00285028
0.00358372
0.00173296
0.00186801
0.00124358
0.00422928
0.00916731
0.00986699
0.00353439
0.00124489
0.00565018
0.00152416
0.00239685
0.00414728
0.00308727
0.00163352
0.0130694
0.00423577
0.0119266
0.0021854
0.00063916
0.00119003
0.00079078
0.00230998
0.00453248
0.00154716
0.0121822
0.00124677
0.00026966
0.00492769
0.00896849
0.00304186
0.00279693
0.00557025
0.00209228
0.00261944
0.00410531
0.00365758
0.00189391
0.00205464
0.00411991
0.00306595
0.000639009
0.00568718
0.00890969
0.0127602
0.0133978
0.00189626
0.00254079
0.000561962
0.00936737
0.000426099
0.00171844
0.00159606
0.00504514
0.000573386
0.00393507
0.00590091
0.00383968
0.00244818
0.00102946
0.00130249
0.00167278
0.00175312
0.00132813
0.00343282
0.00188444
0.00149136
0.00639176
0.00129611
0.0138749
0.00841756
0.00343455
0.00195048
0.000603998
0.00312607
0.000429667
0.00269692
0.00856021
0.00564416
0.00244485
0.00332727
0.00343272
0.00665349
0.00586052
0.00206065
0.000659321
0.00100508
0.0008584
0.0109596
0.0106835
0.00483715
0.00493882
0.00424309
0.00265392
0.00145745
0.00213521
0.00427299
0.00308245
0.000311107
0.00364622
0.00280717
0.00103035
0.00458547
0.00366935
0.00219241
0.00672121
0.00313911
0.00278116
0.00474134
0.00229613
0.00408257
0.000702633
0.00389329
0.00640541
0.00407975
0.00180963
0.00097513
0.0026709
0.0020126
0.00897112
0.0171778
0.00439867
0.0114019
0.00346348
0.0042795
0.00123474
0.00330591
0.0013929
0.00137246
0.00383565
0.00369264
0.00141634
0.0049895
0.00128049
0.00309899
0.00582635
0.0059096
0.00287367
0.00769766
0.00130235
0.000688263
0.00170439
0.0145238
0.00299958
0.0104449
0.00346596
0.000964721
0.00307033
0.000759931
0.00406447
0.00373313
0.00141797
0.00306819
0.00237195
0.0121961
0.0022116
0.00321636
0.00131042
0.00338824
0.00188071
0.0035793
0.00253423
0.00473346
0.00533797
0.000687785
0.00602255
0.00252266
0.00508995
0.00431563
0.00228776
0.00979146
0.00850461
0.00141717
0.00257293
0.0164313
0.00273379
0.00757706
0.00266659
0.00470553
0.00408113
0.00187677
0.00349271
0.00157148
0.00239968
0.00823733
0.00196806
0.00452482
0.000858455
0.00525569
0.0014217
0.00221204
0.00203708
0.00172357
0.00552906
0.00825752
0.00252564
0.00595268
0.00496549
0.00534546
0.0125476
0.0130421
0.00419081
0.00235794
0.00692427
0.00287228
0.000889344
0.00330877
0.0013803
0.00400909
0.00348688
0.0109796
0.00632966
0.000484392
0.00762127
0.026802
0.00674833
0.00275209
0.00298977
0.00136046
0.00182266
0.00158355
0.0120795
0.0034527
0.00212885
0.00534069
0.00357897
0.00767578
0.00975126
0.00310181
0.0126494
0.00493782
0.00472353
0.00495623
0.00126695
0.00452576
0.00120391
0.0046221
0.00449499
0.0036797
0.00913557
0.00390246
0.0014527
0.0152007
0.00257983
0.00158256
0.00751211
0.00606328
0.00116255
0.00453141
0.00242306
0.0026469
0.000783407
0.00240329
0.00355095
0.00434483
0.000838727
0.00213531
0.0107692
0.000987521
0.010411
0.00310582
0.00189078
0.0094437
0.00281513
0.000763414
0.0057935
0.00205087
0.00317035
0.0106631
0.00917272
0.0133174
0.00742729
0.0010978
0.00280707
0.00218312
0.00548924
0.0321225
0.00407899
0.0026204
0.00470378
0.00186146
0.00234675
0.00134681
0.00253816
0.0052491
0.00625947
0.00262403
0.00695758
0.00545547
0.00339268
0.000565367
0.00440013
0.00235598
0.00127211
0.00288089
0.00536263
0.00315523
0.000732054
0.00387193
0.00636146
0.00409152
0.00240909
0.0063024
0.00705041
0.0119559
0.00413004
0.00156143
0.0011823
0.00321433
0.00358093
0.00431143
0.00122607
0.00259221
0.00226152
0.00320075
0.00380771
0.0056763
0.00714081
0.000416427
0.00673354
0.00394488
0.000425809
0.00347945
0.00979385
0.0046804
0.00506146
0.00178768
0.00362011
0.00373882
0.00684456
0.0491762
0.0031994
0.0015011
0.00516215
0.00399429
0.00582718
0.00237945
0.00341394
0.00387786
0.0021073
0.0027781
0.00224764
0.00404967
0.00041269
0.00602108
0.00219828
0.0138879
0.00109327
0.00311163
0.00683118
0.00367211
0.00252913
0.00245793
0.00496854
0.00475399
0.0114317
0.00790646
0.00226502
0.00466301
0.006613
0.00652958
0.0204967
0.00234073
0.00147951
0.00240905
0.0100238
0.00067832
0.000494791
0.00162394
0.00347818
0.00153637
0.0222795
0.00445759
0.00688305
0.00461644
0.00477449
0.0023092
0.0162981
0.0201884
0.00608563
0.00675761
0.0202869
0.00400454
0.00906745
0.00490246
0.00174849
0.00331707
0.000896537
0.0114165
0.00830498
0.00300129
0.00123337
0.00319165
0.00495666
0.00241293
0.0117797
0.00577559
0.00480971
0.00362189
0.00146093
0.000810016
0.00160681
0.00612028
0.00839069
0.00464769
0.00713883
0.00141938
0.00888595
0.00625484
0.00607486
0.00177909
0.0030595
0.00403045
0.00371556
0.00262549
0.0274064
0.00290037
0.000808397
0.00961257
0.00182042
0.00519871
0.00313366
0.00897559
0.00436712
0.00361418
0.00281327
0.000784141
0.000930225
0.00583486
0.0141491
0.00100078
0.000492243
0.00887028
0.000683669
0.007768
0.00514684
0.00190015
0.00505846
0.00206797
0.0231518
0.00329939
0.00157438
0.00695604
0.000678224
0.00257652
0.0011928
0.00186475
0.00151708
0.00292655
0.0014269
0.00256908
0.00195443
0.00262346
0.00944
0.00704788
0.00793581
0.00183557
0.0017999
0.0058237
0.00288191
0.00217431
0.00628736
0.00713453
0.000908102
0.00253421
0.00353881
0.00497492
0.0106213
0.00318729
0.00594932
0.0021003
0.0170804
0.00211585
0.00946301
0.00430173
0.00901035
0.00226067
0.00227972
0.00188153
0.00487404
0.00311601
0.00126137
0.000789971
0.00483356
0.0025171
0.010421
0.004315
0.00799557
0.00139881
0.00107129
0.00226738
0.0011478
0.00307076
0.0032753
0.00348901
0.00480533
0.00113638
0.00226329
0.00367988
0.00369417
0.000820927
0.00232072
0.00039418
0.0060789
0.00363373
0.00646113
0.00269162
0.00109323
0.00508273
0.00295909
0.00211363
0.00242968
0.00356253
0.0130615
0.00188069
0.0027045
0.00269551
0.00311084
0.00440444
0.0053571
0.00137365
0.00193097
0.00175915
0.00200479
0.00656889
0.00361947
0.00231153
0.00444594
0.00156281
0.002104
0.00730079
0.00497919
0.00647864
0.00213203
0.00308753
0.00382019
0.0200406
0.00272174
0.0262324
0.00139008
0.00258189
0.0010685
0.000170589
0.00357082
0.00645443
0.00295445
0.00127161
0.00552165
0.00317348
0.000756053
0.00423669
0.010108
0.0437006
0.0128734
0.00583475
0.00815483
0.00626028
0.00424267
0.00268302
0.00335304
0.00434081
0.00423376
0.0138101
0.00239027
0.00125137
0.00350075
0.00533918
0.00340846
0.00313286
0.00555193
0.00780456
0.0187433
0.00236699
0.0036982
0.00177328
0.00229453
0.00262194
0.00262373
0.00389976
0.004079
0.00178163
0.0094896
0.00353764
0.00155024
0.00423456
0.00631784
0.00859297
0.0104929
0.0028541
0.00220927
0.00346605
0.00466967
0.00735294
0.00639311
0.0085364
0.00200536
0.0357628
0.00144117
0.00274242
0.00273603
0.00673987
0.00280734
0.00641591
0.00650112
0.00584902
0.00127712
0.00193856
0.00396951
0.00575871
0.00284952
0.00151374
0.00619226
0.00421467
0.00589853
0.007063
0.00127529
0.00306177
0.00563137
0.00652513
0.00115398
0.00283816
0.012058
0.00317218
0.0025232
0.000610763
0.00402133
0.00169489
0.0101877
0.00475889
0.0264068
0.00276369
0.00237381
0.0224965
0.00270345
0.00286264
0.00137881
0.00351356
0.00103356
0.00529179
0.00438982
0.00604528
0.039165
0.000422257
0.00854995
0.00437883
0.00308107
0.0121677
0.00107643
0.0067867
0.0154597
0.010855
0.00131517
0.00113489
0.00595044
0.00248416
0.00278942
0.0146158
0.0124549
0.0139369
0.00432937
0.00278847
0.0073967
0.00340199
0.00275754
0.00116694
0.00128485
0.00226476
0.00830883
0.00664465
0.00166758
0.00207221
0.00568186
0.00711009
0.00403096
0.00492122
0.0079857
0.000946142
0.00115263
0.00301425
0.000225879
0.000838289
0.00287769
0.000284065
0.0153849
0.00727737
0.00853222
0.000643457
0.00136446
0.0037082
0.00367749
0.00346317
0.0115623
0.00366986
0.00306748
0.00478801
0.00043853
0.00143912
0.0118332
0.00267548
0.00175384
0.012216
0.00154585
0.00269756
0.00347538
0.00705447
0.00578591
0.00769843
0.00158217
0.00371908
0.000669209
0.0083844
0.00119251
0.0109238
0.00637303
0.00402811
0.0166179
0.00159681
0.00641974
0.018378
0.00186945
0.00131382
0.00338573
0.00136766
0.0097365
0.00603252
0.00699184
0.00257007
0.00218672
0.00425731
0.0163901
0.00472228
0.000982282
0.00719416
0.00621362
0.00160521
0.0121024
0.00154922
0.00205173
0.00216337
0.00382088
0.00659224
0.00186433
0.00799747
0.00165366
0.00353168
0.00105432
0.0045299
0.00535587
0.0059939
0.00223921
0.00320524
0.00192488
0.0137233
0.00779759
0.00420607
0.00334959
0.00357503
0.00449977
0.00290355
0.00167446
0.00987226
0.0022218
0.000625563
0.00433037
0.00198884
0.00232195
0.0010289
0.00420777
0.00317517
0.00291422
0.00363463
0.00276612
0.00339848
0.00187705
0.0029157
0.0045278
0.00246791
0.0100337
0.00100807
0.00146412
0.00129831
0.00204657
0.00296593
0.00798072
0.0072013
0.00349492
0.00379954
0.000935102
0.00502172
0.00170667
0.00452165
0.000671383
0.00185515
0.0014642
0.00572538
0.00343675
0.0104013
0.00190469
0.000639409
0.0106836
0.00387329
0.00420644
0.00669777
0.00155988
0.00526461
0.016401
0.0014965
0.00309839
0.00375624
0.00363588
0.00105038
0.00626717
0.00398332
0.00414351
0.00225206
0.00512552
0.00253919
0.00306654
0.00304642
0.00929911
0.003203
0.00620415
0.00326247
0.0143726
0.0035349
0.00763004
0.00356068
0.00756259
0.00724419
0.0163709
0.00434818
0.00275446
0.00479756
0.0123511
0.00289239
0.0023681
0.00671176
0.00140829
0.0061472
0.0223921
0.00257298
0.000570692
0.00287283
0.0277306
0.00920733
0.00396907
0.00217175
0.00146736
0.0137105
0.00186929
0.00222562
0.00389088
0.00379281
0.000713263
0.00279368
0.00208025
0.00367744
0.0017277
0.00128353
0.00370458
0.00579183
0.00604641
0.000669229
0.00329332
0.00280806
0.00175558
0.00355349
0.00315496
0.00066491
0.00275609
0.0182094
0.00492296
0.00551496
0.000348298
0.0039767
0.0010611
0.00225282
0.00588916
0.000897201
0.000919425
0.00175952
0.00148521
0.000550668
0.0128177
0.00303035
0.00350626
0.00577429
0.00361673
0.00180525
0.00253866
0.00253898
0.00206402
0.00125658
0.00683046
0.00460862
0.00411871
0.00239598
0.00117507
0.00514752
0.0025653
0.00123746
0.000918388
0.00225398
0.00302113
0.00448608
0.0101073
0.00327706
0.00814809
0.00317464
0.00881963
0.00129286
0.000431221
0.00386018
0.00211243
0.000819307
0.00503697
0.00473434
0.00357885
0.000609359
0.00280332
0.0021918
0.00485322
0.0260997
0.00304318
0.000491886
0.000942981
0.00401722
0.00421026
0.00394931
0.00373555
0.0151097
0.00553998
0.00312331
0.023919
0.00567246
0.00246803
0.00358795
0.00280088
0.00328996
0.00348689
0.00336948
0.00283531
0.00231921
0.00425062
0.00590941
0.00346946
0.00670059
0.00866753
0.0113004
0.00275316
0.00210225
0.00252612
0.00515884
0.00393727
0.0295393
0.00301525
0.00511795
0.00408424
0.00092559
0.0073965
0.00294314
0.00423797
0.00469756
0.0028443
0.0152686
0.00197162
0.00364002
0.00793841
0.00197855
0.00526941
0.00398652
0.00464719
0.003614
0.00802812
0.00263505
0.00511834
0.00226212
0.000392384
0.00505424
0.0094866
0.0040644
0.0110599
0.0122471
0.00594264
0.00274185
0.00629779
0.000960304
0.00249767
0.00618695
0.00422464
0.00279778
0.00501503
0.00378615
0.000374895
0.00964716
0.00765683
0.00158704
0.00408641
0.00121705
0.00181914
0.00446115
0.000329719
0.00179939
0.00699611
0.00461562
0.0459274
0.00200265
0.002876
0.00387944
0.00786682
0.00491885
0.00154712
0.000873619
0.00635878
0.00156544
0.0034547
0.00244982
0.00243282
0.00698789
0.00384962
0.00673055
0.00483839
0.00119576
0.00262226
0.00171814
0.00267382
0.0249354
0.000872856
0.00565432
0.000877992
0.00816461
0.00183755
0.00123388
0.0073036
0.00507721
0.00094917
0.00555537
0.00127886
0.00964949
0.0016754
0.0121081
0.00842856
0.00241388
0.0033579
0.00335551
0.0039725
0.00250741
0.00471024
0.00167313
0.000570714
0.0015352
0.00160393
0.0109156
0.00204793
0.00479425
0.0151573
0.00167378
0.0112876
0.00296889
0.000957467
0.00466058
0.00243785
0.00230738
0.000874784
0.000912487
0.00163177
0.002182
0.00138028
0.00146592
0.00409124
0.000747817
0.00655406
0.0120206
0.00180178
0.00532235
0.00124023
0.0160516
0.00434714
0.00317237
0.00387803
0.0142088
0.00630228
0.00536518
0.00482513
0.0017763
0.00463334
0.00284963
0.018235
0.0010048
0.00453673
0.00920209
0.00483702
0.00552576
0.00327375
0.00625885
0.0064605
0.00290374
0.00600591
0.00282978
0.00237964
0.00787058
0.000814831
0.000177493
0.0076353
0.00548784
0.00238602
0.00324153
0.000986834
0.0023722
0.0015173
0.00348085
0.0416571
0.00442122
0.0226337
0.00765336
0.00163211
0.00072708
0.00161552
0.000936871
0.00143032
0.000675735
0.000456463
0.00364479
0.00718442
0.00398992
0.00109544
0.00290124
0.00110123
0.00587178
0.0167134
0.00211301
0.00401875
0.00360402
0.00321865
0.00104107
0.00292069
0.00159356
0.00430366
0.00405352
0.00857826
0.0084345
0.00150708
0.000839427
0.0134232
0.00276412
0.0036056
0.00516408
0.00508568
0.000836571
0.00100468
0.000800817
0.00568416
0.0029444
0.00346999
0.000774978
0.0013769
0.00348831
0.00865172
0.00549424
0.00152901
0.00140216
0.00448383
0.00102158
0.00548803
0.00142045
0.00345011
0.00109867
0.00444696
0.00173604
0.00467166
0.00277258
0.00404491
0.00200716
0.0155186
0.00206123
0.0125177
0.00257329
0.00631376
0.0315557
0.0189496
0.00481204
0.000825157
0.00259274
0.00819449
0.0127058
0.0034675
0.0035829
0.00211683
0.0127081
0.00650527
0.00303447
0.00187638
0.00453183
0.00301813
0.00263498
0.00196046
0.00139931
0.00139159
0.00414524
0.00304294
0.00335107
0.00347227
0.00193772
0.00346648
0.00339401
0.017982
0.00345281
0.00354196
0.0033968
0.00154862
0.00221959
0.0131048
0.00533483
0.00417015
0.00149489
0.00454752
0.00236699
0.00119943
0.00521049
0.00323285
0.0192998
0.00244917
0.00109302
0.00166676
0.00233514
0.0019626
0.00187305
0.00287641
0.00754754
0.0178912
0.00170173
0.00453753
0.00357534
0.0391595
0.00472908
0.00118332
0.0019411
0.00209222
0.0047423
0.00419758
0.00348158
0.00160904
0.00787176
0.0024772
0.00203145
0.00101332
0.00203219
0.00935027
0.00679621
0.00314378
0.00607902
0.00330192
0.00221406
0.022853
0.00272789
0.00638135
0.00500218
0.0220683
0.0029787
0.00083432
0.0040489
0.00384233
0.00140384
0.00444881
0.00463443
0.0109213
0.00280725
0.00193119
0.00221253
0.00344291
0.00650905
0.00325205
0.00097867
0.0031152
0.00445588
0.00164411
0.00314875
0.00170082
0.00267269
0.00117968
0.00198941
0.00205434
0.00217709
0.00294522
0.00535871
0.00815899
0.00883141
0.00284966
0.00391083
0.000818209
0.00256497
0.00649876
0.00336235
0.00201472
0.00371949
0.00406122
0.00134652
0.00348071
0.0026029
0.00482504
0.00483808
0.00303179
0.00538135
0.00107484
0.0033179
0.00646338
0.00147557
0.00401943
0.00103014
0.00228882
0.00128138
0.00103584
0.0170494
0.00387846
0.00188168
0.00497297
0.00226545
0.00882846
0.00144383
0.00452692
0.00432394
0.00380366
0.00855732
0.00685411
0.00190103
0.00151232
0.000872593
0.00151828
0.00178162
0.0018643
0.00471374
0.00358206
0.00336279
0.00250518
0.00755914
0.00323784
0.00350585
0.0023026
0.00417838
0.000705355
0.00819962
0.00514046
0.00246775
0.000591189
0.00322841
0.00310106
0.00657759
0.00470606
0.00281297
0.00482172
0.00337726
0.000517624
0.00194415
0.00168355
0.00590127
0.00246208
0.00499762
0.00106512
0.00416848
0.00659521
0.00654791
0.00133762
0.00446579
0.00325693
0.00373911
0.00294435
0.00251898
0.00541596
0.0119927
0.00590847
0.0209933
0.00460531
0.00107799
0.00313013
0.000641243
0.00608021
0.00350748
0.00929264
0.00444957
0.00470238
0.00974607
0.0117103
0.0277611
0.002542
0.0116153
0.00205169
0.00413496
0.00224809
0.00177695
0.00312812
0.00188302
0.00342131
0.00225702
0.0044228
0.00570673
0.00576729
0.00842138
0.00127287
0.00367999
0.00275684
0.00459315
0.00179543
0.00397921
0.00757008
0.00630082
0.00362327
0.00423052
0.00521437
0.00362886
0.00199844
0.00599731
0.00301256
0.00791252
0.0163566
0.00521721
0.00492191
0.00514626
0.0103868
0.00201724
0.0132065
0.00211107
0.000752133
0.00140925
0.00122152
0.00227086
0.00472183
0.0267543
0.00362652
0.000856142
0.00498492
0.00119895
0.00226632
0.00518927
0.00264385
0.00159042
0.00115287
0.00127088
0.00101995
0.00489504
0.00205082
0.0163097
0.0106246
0.0125655
0.0041795
0.00175343
0.00986907
0.00699005
0.00520943
0.00670053
0.0148526
0.00772511
0.0041829
0.00175875
0.00237979
0.00441685
0.00140278
0.00205056
0.000657504
0.00821839
0.00538771
0.00134125
0.000666676
0.00331463
0.000945362
0.000523206
0.00172943
0.00159844
0.0416958
0.00362274
0.00186305
0.00547445
0.00166134
0.000879182
0.00140543
0.00185725
0.00982523
0.00257426
0.00360241
0.00129575
0.00469554
0.00209364
0.000998276
0.00266947
0.00463371
0.00670746
0.00356557
0.00989669
0.002263
0.00175168
0.0060726
0.00560269
0.0151248
0.00484575
0.00390118
0.00848206
0.00679125
0.00431829
0.0040041
0.0122732
0.0106352
0.00268713
0.00168796
0.00543984
0.00480957
0.00128522
0.000971084
0.00313724
0.010215
0.0079703
0.00374611
0.000988167
0.00351246
0.00260128
0.0103731
0.00372781
0.00329184
0.00598581
0.00458817
0.0137623
0.00309859
0.00606512
0.00288309
0.00112856
0.00704544
0.00337171
0.00222517
0.00648439
0.00475362
0.00107348
0.00583938
0.00245757
0.00287751
0.00411709
0.00171649
0.00667901
0.0099347
0.00270628
0.00295959
0.00151844
0.00363501
0.00278482
0.00232353
0.00110059
0.00302959
0.00149522
0.00177753
0.00422443
0.00597972
0.00732715
0.0027861
0.0194949
0.00292337
0.0116054
0.00300689
0.011405
0.00134107
0.00384046
0.000281875
0.00322253
0.00175708
0.00109731
0.00149672
0.00818508
0.00486255
0.00278223
0.00167686
0.00475795
0.000828687
0.00483666
0.00139021
0.00449619
0.00439362
0.00123308
0.00469804
0.00294541
0.00227034
0.00465983
0.0141189
0.00239248
0.00800976
0.00491571
0.00236939
0.00769329
0.00284216
0.0067186
0.0133469
0.00343886
0.033075
0.00268937
0.00345712
0.000880557
0.00640048
0.00250254
0.0514118
0.00184891
0.00474815
0.00380943
0.00452022
0.00353315
0.00276456
0.00799582
0.00307173
0.00146474
0.000180833
0.00128873
0.0211351
0.00144535
0.00260435
0.00492356
0.0140223
0.00216996
0.00563946
0.0186238
0.00211483
0.00166739
0.00786657
0.00253639
0.00457202
0.00810472
0.0049708
0.00733412
0.0137149
0.00456815
0.00267892
0.0217392
0.00378592
0.00183322
0.0012829
0.00364996
0.00536971
0.00216839
0.0170496
0.000968871
0.00109087
0.00376939
0.00269621
0.00507084
0.00418793
0.00384635
0.0115514
0.00221447
0.00416003
0.0260463
0.0100626
0.00133646
0.00241184
0.0228352
0.00274942
0.000938879
0.00414418
0.00949576
0.00629741
0.0130576
0.00322317
0.00212551
0.00158821
0.00582185
0.00236584
0.0117728
0.000558875
0.00903664
0.0015319
0.004591
0.0013746
0.00158588
0.00238977
0.00232776
0.00411239
0.00117787
0.00515656
0.0206058
0.00406751
0.0017043
0.00263477
0.00108661
0.00133055
0.00483097
0.00215945
0.00615765
0.0072112
0.00175488
0.00150352
0.00460264
0.000981037
0.00084861
0.00534012
0.000730955
0.0172195
0.00129274
0.00702153
0.00555025
0.00434914
0.00819389
0.00400702
0.00212809
0.00460726
0.00617275
0.00779916
0.00257583
0.00395449
0.00225554
0.00692628
0.00231493
0.00606284
0.00511131
0.0111202
0.00129622
0.00237534
0.003211
0.00178331
0.0227533
0.00341125
0.0115932
0.00370607
0.00123935
0.00178751
0.0062646
0.00393382
0.0023815
0.00437883
0.00457639
0.00204927
0.00715711
0.00188873
0.0136954
0.00368093
0.00238918
0.00143271
0.00289719
0.00555176
0.00860342
0.00355645
0.00250886
0.00862436
0.00521356
0.00183546
0.00707225
0.00325839
0.000963895
0.00117241
0.00178439
0.0044683
0.00103506
0.00263716
0.00932279
0.00167273
0.0135079
0.00206412
0.00465771
0.0193738
0.0039042
0.00865259
0.00133634
0.0037901
0.00432015
0.00544903
0.00279158
0.00289123
0.00204705
0.00459445
0.0020713
0.00446023
0.00278466
0.00890668
0.0194215
0.00388989
0.00643126
0.00213965
0.0121713
0.0158866
0.00194053
0.00174683
0.00572647
0.00319927
0.00585581
0.00303
0.00238279
0.00911064
0.0051734
0.00466179
0.00140587
0.00369592
0.00250276
0.00214455
0.003894
0.00077675
0.0043747
0.00423222
0.00328584
0.00255151
0.00335074
0.000685466
0.00458187
0.00250322
0.00762777
0.00647076
0.00332799
0.00152731
0.00312242
0.00538163
0.00601279
0.0032596
0.00208387
0.00124089
0.00266856
0.0357723
0.00627701
0.00174367
0.00251182
0.00750285
0.00566281
0.000877428
0.00514062
0.00131245
0.00370515
0.000671307
0.00391748
0.000774556
0.00117906
0.00111927
0.00229563
0.00482943
0.00315308
0.014801
0.00424001
0.00408139
0.00521596
0.00231113
0.000478068
0.0145483
0.0155392
0.00360355
0.00256956
0.00360526
0.00638688
0.000839637
0.00108642
0.0028947
0.00485795
0.00145466
0.00594715
0.0185433
0.0041473
0.00228599
0.00401653
0.00209276
0.00307433
0.00914367
0.0286951
0.00114723
0.00668746
0.00142615
0.00144371
0.0151151
0.0130393
0.00159783
0.00460657
0.00311115
0.00107476
0.00623243
0.00368326
0.00183396
0.00224574
0.000630655
0.00203914
0.00195775
0.00535812
0.0137439
0.00511337
0.00427307
0.00104908
0.0032063
0.00210043
0.00280481
0.00135955
0.00548359
0.00247835
0.00675312
0.00180919
0.00517902
0.00477396
0.00412854
0.00249435
0.00292921
0.00262538
0.00624626
0.00291188
0.00938758
0.0133777
0.00642118
0.00297114
0.00147356
0.00241397
0.0017307
0.0141379
0.00317782
0.0035763
0.00294829
0.00573288
0.00918527
0.00259459
0.00588013
0.00189953
0.000522618
0.00195833
0.00233078
0.00896014
0.00314368
0.00498432
0.00335602
0.00261642
0.00432335
0.00106314
0.00142404
0.00201599
0.00193854
0.00373172
0.000678794
0.00207382
0.0011874
0.00191239
0.0196945
0.00514323
0.00325574
0.00547152
0.014485
0.00365383
0.000705625
0.000682683
0.00247663
0.0015704
0.00154233
0.000960111
0.00214873
0.00149653
0.019297
0.00156212
0.0069893
0.00132818
0.000559804
0.0340666
0.00359173
0.00352993
0.00334054
0.0134593
0.0038497
0.00195375
0.00139253
0.00056989
0.00704899
0.0051079
0.00175233
0.0029903
0.00700179
0.00291997
0.00730679
0.00188119
0.00108092
0.00191679
0.00582417
0.00548649
0.00870915
0.0047138
0.00379857
0.00108614
0.00280774
0.00246222
0.00515774
0.00235715
0.000390962
0.0126559
0.00206767
0.00429007
0.00623459
0.000400061
0.00153124
0.00130026
0.0017437
0.00260604
0.00397268
0.00474738
0.00278435
0.00267092
0.00975108
0.00372254
0.00305781
0.00455271
0.0131312
0.0028553
0.00230739
0.0017286
0.00499553
0.00081881
0.00575121
0.00370096
0.00195009
0.0133522
0.00156875
0.00893931
0.00592947
0.00123946
0.00316233
0.00743334
0.00324454
0.00478169
0.000989415
0.00486031
0.00189446
0.00325982
0.00606166
0.00393065
0.00285092
0.00188907
0.00211595
0.00382962
0.00783631
0.00266258
0.0027868
0.00294673
0.00236772
0.00393074
0.00498845
0.0025683
0.0034884
0.00236046
0.00197311
0.00407858
0.000751654
0.00789337
0.00741013
0.00057157
0.0149461
0.0029533
0.00430111
0.00205793
0.00858303
0.00315614
0.00896886
0.000782867
0.00243347
0.0037867
0.00325914
0.00396653
0.00765409
0.00284643
0.0105546
0.00765466
0.0109698
0.00362739
0.00376266
0.0022078
0.00463635
0.00306093
0.0095454
0.00461588
0.0112578
0.000762195
0.00372565
0.00197621
0.003055
0.00497581
0.00125245
0.00450661
0.000684577
0.0117734
0.00905427
0.00298634
0.00965663
0.0021486
0.00245181
0.00466265
0.00267223
0.0078214
0.00684889
0.000693974
0.00610881
0.00724335
0.00423112
0.00301668
0.00274276
0.00237589
0.00244798
0.0024852
0.00367588
0.00207427
0.000691744
0.00724643
0.000566692
0.00471213
0.0037514
0.00348635
0.00169778
0.00431779
0.00642618
0.0112849
0.00123962
0.0145043
0.00351882
0.00390373
0.00554745
0.0224456
0.00368247
0.00148022
0.0111634
0.00332268
0.00510299
0.00116287
0.0191289
0.00447085
0.00423973
0.00562984
0.00300446
0.00152575
0.000710737
0.0010802
0.00434807
0.00162292
0.00359036
0.00325211
0.00633326
0.00141805
0.00489669
0.00143004
0.0037363
0.000238212
0.000778769
0.0156133
0.00130564
0.000861988
0.0172777
0.0026917
0.00223835
0.00567567
0.00105891
0.00996365
0.00341856
0.00448399
0.000932692
0.00981137
0.00319355
0.00374021
0.00707431
0.00403489
0.0167857
0.00169881
0.00396222
0.00239336
0.00510571
0.0173139
0.00764965
0.00320752
0.00379601
0.000309226
0.00470355
0.000909426
0.0189717
0.0116822
0.00232575
0.00656175
0.00576624
0.00330509
0.0052431
0.000262721
0.000880563
0.00157676
0.00200966
0.00507437
0.0113626
0.0021468
0.000956949
0.00291587
0.00226678
0.000399998
0.000853912
0.00530795
0.00989009
0.00143844
0.00148017
0.00264953
0.00210896
0.00247209
0.00253204
0.00736327
0.00327036
0.00231172
0.00644543
0.00350864
0.00956614
0.00551241
0.000312278
0.00353505
0.00800795
0.00821659
0.00227798
0.00396581
0.00967548
0.00421228
0.000986066
0.00305662
0.00292327
0.0176694
0.00188595
0.0165181
0.00679709
0.00293345
0.00798585
0.00197725
0.00282726
0.00518954
0.0153518
0.0109814
0.00333155
0.00291794
0.00102702
0.00451891
0.00414637
0.00277374
0.00282298
0.00391316
0.00303522
0.00202307
0.000569415
0.000927868
0.0109406
0.0014984
0.00194138
0.00478614
0.00105092
0.0217723
0.00269209
0.0303275
0.00109904
0.00484523
0.00441883
0.00244389
0.00393867
0.00218989
0.00389193
0.00882923
0.00368883
0.00329256
0.00293856
0.00192396
0.0013015
0.00207794
0.0028067
0.00145388
0.0025931
0.00226113
0.0163424
0.00192768
0.00190864
0.00404022
0.00665877
0.00183439
0.00452696
0.00345571
0.00560651
0.00144035
0.00215999
0.00684794
0.00615753
0.00140371
0.00618604
0.00108118
0.00283234
0.00838796
0.00181069
0.00593966
0.00703381
0.0018113
0.00267081
0.0319127
0.00255853
0.00290708
0.00107741
0.00299953
0.00819425
0.00363865
0.00115541
0.00178468
0.00272926
0.00280506
0.00293927
0.00722095
0.00702352
0.00110651
0.00221777
0.0109305
0.00811067
0.00736848
0.00603937
0.001369
0.00310916
0.00287147
0.00377193
0.00219283
0.00539535
0.00186164
0.00480937
0.0011904
0.00628743
0.00275484
0.000749322
0.0017261
0.00662661
0.00720985
0.0191997
0.00629072
0.00353136
0.004109
0.0095228
0.00116763
0.00188331
0.0040599
0.00666644
0.002922
0.0187744
0.00884783
0.00576571
0.00914765
0.00420929
0.000644351
0.00308019
0.00170569
0.00117582
0.00910799
0.00237427
0.00482393
0.00345617
0.00140387
0.00251878
0.00354916
0.00626985
0.00296965
0.00694681
0.00159767
0.00570878
0.00536507
0.00428843
0.00459095
0.00326839
0.00389159
0.00212992
0.00111513
0.00704477
0.0028526
0.00319732
0.00216438
0.00308118
0.00453576
0.00257126
0.00399273
0.0146234
0.00987078
0.00116229
0.003631
0.00237476
0.00646336
0.0122584
0.00150863
0.00277237
0.0155893
0.00371738
0.00709216
0.00691583
0.0019958
0.00111835
0.0038249
0.000590222
0.00592451
0.00374566
0.00130077
0.00842089
0.00260526
0.00237545
0.0081413
0.00150773
0.00318394
0.00441324
0.00392383
0.0282241
0.00137378
0.00309012
0.00796711
0.00496683
0.0156643
0.0059983
0.00915009
0.0128317
0.00244243
0.00122473
0.00119504
0.00250483
0.00659937
0.00886702
0.00374327
0.00542439
0.00382507
0.0119517
0.00450408
0.00178159
0.000859922
0.0302911
0.00460831
0.00118404
0.00300391
0.00197432
0.00440412
0.00204472
0.00736276
0.00544039
0.00190074
0.0107933
0.00249989
0.00179622
0.00200918
0.00543888
0.00279336
0.000349508
0.0162274
0.00433192
0.00504701
0.00700901
0.0077114
0.00377141
0.00928149
0.00129498
0.00135634
0.00214027
0.00223567
0.0100064
0.00171237
0.00985774
0.00152151
0.00398676
0.00535515
0.00234184
0.00341624
0.00799703
0.00663822
0.00680225
0.00493833
0.0051497
0.000955156
0.0027714
0.000990002
0.00168355
0.00230339
0.00322797
0.00640836
0.00693475
0.00267428
0.00261212
0.00108903
0.013035
0.00266374
0.00417911
0.0121448
0.00257216
0.00857818
0.00687088
0.00751188
0.000531912
0.00138831
0.00625278
0.00476182
0.00231533
0.00428574
0.00147996
0.00311966
0.00284652
0.00205644
0.00696126
0.00699283
0.00171395
0.00288353
0.00551999
0.00175036
0.0269496
0.00354162
0.00310299
0.00254209
0.00167782
0.00613721
0.00443347
0.00748559
0.000872413
0.0126203
0.0168307
0.00206437
0.0159902
0.004965
0.00376028
0.00401773
0.0196124
0.00107842
0.00778663
0.00689512
0.00301288
0.0119954
0.00380516
0.0046961
0.00329606
0.00206384
0.0053483
0.0031158
0.00596621
0.00375313
0.00112244
0.00217173
0.00652511
0.0019468
0.00100774
0.0025287
0.00339445
0.00298104
0.00251275
0.00116564
0.00804908
0.0058725
0.0602184
0.00565712
0.0020871
0.00139376
0.0022814
0.00229528
0.00476925
0.00434382
0.00214311
0.0111507
0.00177192
0.000890323
0.00396206
0.0029414
0.00032595
0.00292769
0.00540888
0.00108588
0.000625783
0.0028927
0.00410267
0.00404438
0.00244201
0.00405135
0.000913597
0.00309459
0.00176333
0.00540627
0.00545586
0.00574666
0.00511186
0.0026523
0.00383095
0.00552071
0.00205788
0.00224395
0.00464084
0.00230733
0.00171454
0.00335189
0.00629757
0.00375252
0.00935782
0.00114178
0.00526827
0.00310279
0.00610603
0.00425792
0.00422353
0.00222419
0.00167419
0.00413505
0.00271065
0.0032658
0.00179413
0.00100562
0.0047621
0.00531786
0.00155233
0.00203649
0.00524012
0.00822298
0.0138281
0.00241007
0.00677339
0.00544063
0.00516111
0.00147786
0.00468347
0.00330062
0.0042457
0.0013134
0.0176893
0.00608157
0.000639782
0.0014314
0.000536823
0.000827664
0.001832
0.00275907
0.0465827
0.00393588
0.00613954
0.00209353
0.00223229
0.0101057
0.00456632
0.00129037
0.00341052
0.00330925
0.00835604
0.000587312
0.00178213
0.00626555
0.00622805
0.00253995
0.00497937
0.00174565
0.00929463
0.000803464
0.00704302
0.0036844
0.00268092
0.0387379
0.00325611
0.00286617
0.0167341
0.00312218
0.0284146
0.00622291
0.00684027
0.00801744
0.00787431
0.0117898
0.001149
0.00341396
0.00647244
0.00229498
0.00706358
0.00381794
0.00360945
0.000746041
0.0039824
0.00283523
0.00377877
0.0072769
0.00720651
0.0023039
0.00260304
0.0414918
0.0060085
0.00358539
0.00363019
0.000645599
0.00182353
0.00250658
0.00617785
0.00669252
0.000826322
0.0112877
0.00818951
0.0116507
0.00559863
0.00308895
0.00308004
0.00762836
0.00637909
0.00307521
0.00200525
0.00279086
0.00552554
0.00288041
0.00103489
0.00250178
0.00723993
0.000679221
0.00153309
0.0013559
0.00321689
0.00405452
0.00298041
0.00253255
0.0177916
0.00629343
0.00410111
0.0033912
0.000841256
0.00268975
0.00924432
0.00287501
0.00323896
0.0124063
0.00232946
0.00978849
0.0073939
0.00695038
0.00213893
0.00282774
0.0024936
0.00499713
0.00341975
0.00403848
0.00141598
0.025265
0.012036
0.00485114
0.00393137
0.000396979
0.00630506
0.000813873
0.0020393
0.00109549
0.0105771
0.000475951
0.0040106
0.0016279
0.00465695
0.000763055
0.00328031
0.00229376
0.0018631
0.00179324
0.0081711
0.00160506
0.035853
0.00269229
0.00151086
0.00295008
0.0032071
0.00420888
0.00196036
0.00302152
0.00105711
0.0137617
0.00788295
0.00204609
0.0202309
0.00543529
0.00430384
0.00271242
0.00663747
0.0024968
0.0302316
0.00163737
0.00769869
0.00318955
0.00128563
0.00329767
0.00151153
0.00407502
0.00147169
0.0113486
0.00211682
0.00611056
0.00353622
0.00159755
0.0015767
0.0011031
0.0137624
0.000942926
0.00923095
0.00169277
0.00541996
0.011861
0.000201358
0.00290063
0.0048629
0.00232593
0.00178383
0.000844057
0.00604904
0.0064157
0.00993862
0.00317536
0.00736367
0.00140276
0.00276678
0.00206209
0.00461294
0.00816968
0.003264
0.00174535
0.00210147
0.00242111
0.00332439
0.00221668
0.00107494
0.00387787
0.00311736
0.00319484
0.00303502
0.00218277
0.00137762
0.00384951
0.00179658
0.00406215
0.00348815
0.00111686
0.00156175
0.00171366
0.00394529
0.00356454
0.00280735
0.00255022
0.00517816
0.00119696
0.00471899
0.00389158
0.00435077
0.00178762
0.00280834
0.00324648
0.00155655
0.00701083
0.00290308
0.00365914
0.00275008
0.00236628
0.0351723
0.00417291
0.001651
0.0017393
0.00150748
0.00157628
0.00393619
0.0024254
0.0044523
0.000258807
0.00364955
0.00464285
0.00824053
0.00288838
0.00291428
0.00299706
0.00075068
0.000776959
0.00606891
0.00275157
0.00204154
0.00143971
0.00189112
0.001639
0.00126387
0.00252337
0.00230651
0.00653505
0.00402368
0.00693795
0.00073587
0.00515197
0.00600657
0.000978422
0.00674017
0.00384656
0.00475377
0.000974484
0.00260208
0.00160615
0.00166233
0.00426508
0.00123928
0.0019746
0.00812634
0.000614288
0.00254173
0.00102074
0.00437475
0.0140763
0.00421953
0.0120827
0.00412152
0.00346678
0.00505684
0.00468194
0.00230044
0.00307732
0.00126849
0.00300461
0.00353319
0.00129636
0.00245464
0.00381887
0.00802586
0.00282127
0.00399525
0.00859093
0.00409242
0.00516897
0.00437269
0.00206258
0.0010908
0.00150628
0.00287353
0.00316919
0.00384371
0.00109549
0.00560436
0.00194078
0.00597887
0.00579369
0.00427535
0.00309666
0.0158171
0.00186272
0.00824708
0.00914031
0.00350582
0.0295236
0.000717498
0.00624356
0.0026257
0.0027742
0.00360195
0.00217207
0.00490026
0.00550079
0.00243817
0.00454801
0.00996631
0.00479628
0.00433735
0.00187802
0.008428
0.00358259
0.00531562
0.00215217
0.00291786
0.00370454
0.00541835
0.00656518
0.00100317
0.00402936
0.00575824
0.00361572
0.00145387
0.00495228
0.00416267
0.00304905
0.00059053
0.00345492
0.000607193
0.00318223
0.000626361
0.00450998
0.00395436
0.00519871
0.00349434
0.00437919
0.00909709
0.00470077
0.00384271
0.00416789
0.00310082
0.00127492
0.00675309
0.00606373
0.0016601
0.00247943
0.00145596
0.00306639
0.00145639
0.00698621
0.00169503
0.00590109
0.000634151
0.00993593
0.00492243
0.00691562
0.00401511
0.00179591
0.000980612
0.00248769
0.0102936
0.00324261
0.00198926
0.00575243
0.00159951
0.0649778
0.00105211
0.000810964
0.00249044
0.00189586
0.00914557
0.00665082
0.00295504
0.00479863
0.00299971
0.0019813
0.00263185
0.00827333
0.00376314
0.0174812
0.00334684
0.000975022
0.00261376
0.00227534
0.00415267
0.00350148
0.00135443
0.00853747
0.00115384
0.00696352
0.00353705
0.00500363
0.000635297
0.00304014
0.0015092
0.000984746
0.0011681
0.00453205
0.00784451
0.0102892
0.00680488
0.00253549
0.00411343
0.00800741
0.00481581
0.00266834
0.0102544
0.00430632
0.00572556
0.00105999
0.00860723
0.00775529
0.00505713
0.0027097
0.00320571
0.00163572
0.00582759
0.0188462
0.00617538
0.00385257
0.00236651
0.00559264
0.00312246
0.0027696
0.0196958
0.00340812
0.00413273
0.00317199
0.00831271
0.00328678
0.000714373
0.00227996
0.0019503
0.00662714
0.00493124
0.00207453
0.00259201
0.00182768
0.00257001
0.00140498
0.0112028
0.00154437
0.00289388
0.00371734
0.00230063
0.0025158
0.00146347
0.00156367
0.00266754
0.00408231
0.00293678
0.00106017
0.00131378
0.00422749
0.00228127
0.00253094
0.00577623
0.00466642
0.00482805
0.00435082
0.000947971
0.00306861
0.00290179
0.000824556
0.00181964
0.0021731
0.00535722
0.000462415
0.000335906
0.00227464
0.00409287
0.00867658
0.000357989
0.0127954
0.00182772
0.00212497
0.00908523
0.0016869
0.0332444
0.00568254
0.00221285
0.0163883
0.00870606
0.00374321
0.00253411
0.00135123
0.00450808
0.00349874
0.00383656
0.00168966
0.00353483
0.00158437
0.00104356
0.0016289
0.00322194
0.00102743
0.00337563
0.00798125
0.00221374
0.0014639
0.00183709
0.00498341
0.00241471
0.00496449
0.00173961
0.00300418
0.00220087
0.00293913
0.00107675
0.00343558
0.00191932
0.0051268
0.00267169
0.00429539
0.00406855
0.00258393
0.00211328
0.0054063
0.00173114
0.00182297
0.00345861
0.00942205
0.0177101
0.00720362
0.00177362
0.00323825
0.00387925
0.000333671
0.00584556
0.00094829
0.00658945
0.00351933
0.0260532
0.00538381
0.00459692
0.00426933
0.00372927
0.00581494
0.00607009
0.00711841
0.00215979
0.00376052
0.00155831
0.0024962
0.00300529
0.000935596
0.00110038
0.00396964
0.00671392
0.00419198
0.0054623
0.00949296
0.00162107
0.00290848
0.00296361
0.00588736
0.00276568
0.00747449
0.00449518
0.00596369
0.0129414
0.00964878
0.0257676
0.00107191
0.0164422
0.00356603
0.000221002
0.00408089
0.00126455
0.00309674
0.00637636
0.00768148
0.00330561
0.00324269
0.00335345
0.00449597
0.00243355
0.00114098
0.00163557
0.00142916
0.00517027
0.00505454
0.0037601
0.0104454
0.00652296
0.00414137
0.0121346
0.00458207
0.00393486
0.000799765
0.00813153
0.00575667
0.00105283
0.00263742
0.000916929
0.00321614
0.024515
0.000700324
0.00102572
0.00300182
0.00597231
0.00237941
0.00137964
0.000974788
0.00403304
0.00373809
0.00703605
0.00654285
0.0085944
0.00494854
0.00293172
0.00146535
0.00212549
0.00380366
0.00995574
0.00805958
0.00916818
0.00900229
0.00387503
0.00143281
0.00587708
0.000368352
0.00242767
0.00338839
0.0115109
0.00246869
0.000322206
0.000845108
0.00200037
0.00145714
0.000611586
0.00382368
0.00308591
0.0118277
0.00207552
0.00224704
0.00152328
0.0123635
0.000796473
0.00352153
0.00285397
0.00653958
0.00358275
0.0055053
0.00363201
0.00135688
0.00165965
0.00457252
0.00452608
0.0229005
0.00162862
0.00280544
0.00514258
0.00204092
0.00154617
0.00110595
0.00373213
0.0124299
0.00378422
0.00379848
0.00253503
0.00339441
0.00379461
0.00280725
0.00122744
0.00343712
0.012996
0.0038383
0.00477149
0.00424944
0.00258329
0.00647514
0.000797956
0.00937886
0.00365261
0.0019592
0.0030066
0.00109092
0.00508576
0.00300425
0.00242616
0.00420903
0.00313074
0.00215002
0.0058004
0.00165015
0.00237444
0.00132391
0.00739871
0.00122803
0.00197875
0.00110193
0.0048427
0.0159081
0.00148541
0.00196522
0.00103095
0.0112821
0.00337817
0.0029459
0.0132587
0.00657543
0.0194738
0.0048219
0.004604
0.00460527
0.00161353
0.000675198
0.00353441
0.0126265
0.00237461
0.00450061
0.00336167
0.00447849
0.00439468
0.00316125
0.00118004
0.00122088
0.000899219
0.00258464
0.00407468
0.0208455
0.00160206
0.000490187
0.00859045
0.00340556
0.00195297
0.00240282
0.00258957
0.00574896
0.00391181
0.00407504
0.00221486
0.00701871
0.00286561
0.00590777
0.00241414
0.00891771
0.0162869
0.00594817
0.000351203
0.00485208
0.00248037
0.00435735
0.00532811
0.000577921
0.00287226
0.00321308
0.00578462
0.00240843
0.00288072
0.00257513
0.00160283
0.0106104
0.00476171
0.00174145
0.0073808
0.00290912
0.00461917
0.00691648
0.0061655
0.00249691
0.000483384
0.00493026
0.00628726
0.00274015
0.00421574
0.003655
0.00216738
0.00121053
0.000699701
0.0118384
0.00153891
0.0018413
0.00282055
0.00219283
0.00109651
0.00265771
0.0068665
0.00629345
0.0114614
0.00487533
0.00249748
0.00210977
0.00484842
0.00547597
0.00139059
0.00156219
0.00756437
0.00414616
0.000625784
0.00230435
0.00189816
0.00213425
0.017895
0.000685577
0.00246334
0.0123883
0.00325962
0.00145232
0.00253851
0.000891224
0.00325855
0.00479157
0.00180989
0.00254466
0.0284023
0.00337643
0.00464489
0.00316917
0.00492649
0.00826696
0.00103767
0.00164902
0.00250533
0.00570395
0.0031422
0.00102432
0.0060598
0.000323259
0.00370514
0.00545671
0.00130852
0.0010206
0.00105354
0.00144927
0.00432866
0.00194516
0.00124922
0.00216652
0.00213152
0.00206621
0.00241003
0.023091
0.00185151
0.0040005
0.00832978
0.00353336
0.0118623
0.00316708
0.0711634
0.00401883
0.0130377
0.00240344
0.00406365
0.00222655
0.0068394
0.00191667
0.00448258
0.00392279
0.00405601
0.00249968
0.00936573
0.0028447
0.00340323
0.0167966
0.00207996
0.00327504
0.00532333
0.0231941
0.0475401
0.00590022
0.00311302
0.00386691
0.00870612
0.00561258
0.00804853
0.0188169
0.00331242
0.0030541
0.000485291
0.0012426
0.00664974
0.00928593
0.0026456
0.00418134
0.00299533
0.0036413
0.00208627
0.00180168
0.0040756
0.0166468
0.00195815
0.00183345
0.00155756
0.00878086
0.0117917
0.00535715
0.00164501
0.00252269
0.00443709
0.028538
0.00567505
0.000401024
0.00197731
0.00790443
0.00426707
0.00537883
0.0055247
0.00316356
0.00326108
0.00298004
0.00440037
0.00542078
0.00251923
0.0155467
0.00278565
0.00407348
0.0013551
0.000899084
0.00182445
0.00665038
0.00328939
0.00252142
0.00688273
0.000877907
0.00484296
0.00492174
0.00457087
0.00188832
0.00448434
0.00408253
0.0265581
0.0119466
0.00293851
0.00743359
0.00262616
0.00180248
0.00521027
0.00505366
0.00333217
0.00157867
0.00384631
0.00138299
0.0031744
0.00439648
0.00568127
0.00276409
0.00558731
0.00724855
0.00110231
0.00765113
0.00402134
0.00197392
0.00242578
0.00218816
0.00746864
0.00157322
0.0120164
0.00157925
0.00161829
0.00560394
0.00376146
0.00159342
0.0027927
0.00482149
0.00473496
0.00191641
0.0184786
0.011213
0.00543897
0.0046874
0.00343172
0.00224754
0.00528698
0.000158536
0.00185159
0.00823688
0.00789052
0.00157038
0.0271083
0.0198971
0.00415097
0.00347517
0.00457097
0.00494381
0.00233957
0.00302358
0.00654409
0.00284646
0.00973299
0.00237486
0.00280112
0.00106472
0.00259743
0.000660826
0.00879868
0.00153588
0.00167691
0.00392999
0.0107528
0.00133609
0.0058477
0.00227087
0.00567221
0.00591973
0.0396588
0.00094313
0.00264756
0.00456683
0.00410221
0.0053853
0.00469935
0.00418373
0.00590263
0.00273484
0.00498033
0.000922646
0.00155125
0.00123498
0.00479889
0.00201505
0.00202119
0.0146904
0.00454963
0.00301047
0.00566933
0.00187371
0.00174756
0.00105666
0.0046796
0.00598982
0.00714269
0.0127518
0.000955456
0.00287679
0.00691906
0.00222868
0.00407476
0.001322
0.00066117
0.00362198
0.00938145
0.00853351
0.00312498
0.00182761
0.0236549
0.00147374
0.00106229
0.00226556
0.00227897
0.00620224
0.00339061
0.00192079
0.00245688
0.00280105
0.001335
0.00399201
0.00917366
0.00098222
0.0116498
0.00924651
0.00207465
0.00206907
0.0052024
0.00152894
0.0016271
0.00903333
0.0123008
0.00103296
0.00578642
0.000840774
0.0183424
0.00163546
0.00261764
0.000597789
0.00317717
0.00122168
0.00203969
0.00799302
0.0115824
0.00271162
0.0105895
0.00494453
0.00291813
0.00115963
0.00264238
0.0123354
0.00449609
0.00385097
0.00279105
0.00722267
0.00295977
0.00460335
0.00382821
0.00158343
0.00843296
0.0104636
0.00728205
0.0025366
0.00372206
0.00626599
0.00289781
0.00268688
0.00424879
0.00347792
0.00178477
0.00191094
0.000696034
0.00186835
0.000844376
0.00461152
0.00634037
0.00213871
0.00133586
0.0033062
0.0280328
0.00403089
0.00291917
0.0050862
0.00681709
0.000615431
0.00129756
0.00200663
0.0211389
0.00289426
0.00491821
0.00319518
0.0192068
0.00142436
0.00674114
0.00392496
0.00104386
0.00163797
0.00302168
0.00189507
0.00943051
0.00537585
0.00634016
0.00185059
0.0073023
0.00442837
0.00884213
0.002669
0.00569329
0.00119427
0.000942606
0.00109355
0.00240355
0.00451307
0.00431655
0.0118779
0.00576388
0.00319874
0.00218192
0.00315955
0.000678419
0.00721756
0.00127241
0.00474947
0.00122906
0.0532025
0.004101
0.00122676
0.00569011
0.00141518
0.0155395
0.00234958
0.00480719
0.00544814
0.00254061
0.0039466
0.00354624
0.0019639
0.00186649
0.00562435
0.000935907
0.00182272
0.0119603
0.00214654
0.00698971
0.00633956
0.00304296
0.00749372
0.00455814
0.00512164
0.00123067
0.00167007
0.00378961
0.00419033
0.00429542
0.000991452
0.00770822
0.00201736
0.00441489
0.0010463
0.00127482
0.00187627
0.0111834
0.0126069
0.0024358
0.00192714
0.00897906
0.0020463
0.00168795
0.00451966
0.0092871
0.0029386
0.00218718
0.00590964
0.0590272
0.00366562
0.01535
0.0288706
0.00814914
0.00206398
0.00353183
0.00862987
0.00929365
0.00917405
0.00436625
0.026224
0.00497706
0.000480725
0.00453971
0.000324966
0.0001957
0.00295357
0.0035657
0.00458851
0.00113664
0.00758734
0.0439345
0.00205796
0.00998431
0.00757212
0.00107037
0.00563086
0.00388108
0.000848918
0.00315898
0.00351001
0.003197
0.00401006
0.00563771
0.0118889
0.0084932
0.00968815
0.0118879
0.00299332
0.00376808
0.00438695
0.00342381
0.00277938
0.00320007
0.00516105
0.00710311
0.00148047
0.00550426
0.00764807
0.00101282
0.00186603
0.00104705
0.00323856
0.00310005
0.0238734
0.00108536
0.00179382
0.00281089
0.00294044
0.00415471
0.00339524
0.0038096
0.0102205
0.00565717
0.00472566
0.00200525
0.00308443
0.0096969
0.00460867
0.00263692
0.00080695
0.0164902
0.00346437
0.0015899
0.00659249
0.00471026
0.00966519
0.00471275
0.00108398
0.00513794
0.00107972
0.00527159
0.0027773
0.00471792
0.01076
0.00270041
0.00207017
0.00274249
0.000562911
0.00255095
0.0082814
0.0028986
0.00515405
0.0113769
0.00165256
0.00433801
0.00732928
0.00075788
0.00326057
0.00766427
0.0188291
0.00431392
0.00641593
0.00119671
0.0224739
0.000953662
0.00621552
0.00644615
0.0019299
0.0135987
0.0217579
0.0106442
0.00467359
0.00219435
0.00381472
0.00416013
0.0137796
0.00481939
0.00128119
0.00311696
0.0028258
0.00496627
0.00476173
0.00481528
0.00507125
0.00235674
0.00844162
0.0114436
0.0452454
0.00106246
0.00952286
0.0059846
0.00956687
0.00172657
0.00268207
0.00237522
0.00139402
0.00163646
0.0010594
0.00220082
0.00756745
0.00209322
0.007656
0.00144978
0.00995001
0.00833172
0.00352181
0.00496088
0.00651077
0.000544801
0.0033231
0.000763182
0.00183213
0.00305441
0.00171111
0.00329871
0.00456206
0.00159973
0.00217903
0.00786411
0.00641096
0.00376804
0.00728964
0.00125613
0.00474927
0.00326975
0.007607
0.00608557
0.00555436
0.00360645
0.00364861
0.00307141
0.0436317
0.00232466
0.00123674
0.0035216
0.00208875
0.00369636
0.000547513
0.0329241
0.0102985
0.00757463
0.00195912
0.00322035
0.00129069
0.00844873
0.00204989
0.00409532
0.00224128
0.00248158
0.00198751
0.00764293
0.0026399
0.00273591
0.001007
0.00259005
0.0104651
0.00219087
0.00173905
0.0013469
0.0138761
0.00114151
0.0169915
0.00133778
0.00138872
0.0022232
0.0023044
0.00431887
0.00462201
0.00706386
0.00244994
0.00325119
0.00422824
0.00255701
0.00704733
0.0035368
0.00309251
0.00459223
0.00371435
0.0068105
0.00439493
0.0061879
0.00261111
0.00356006
0.0179676
0.0085653
0.0106352
0.0016756
0.00255121
0.0122206
0.00299802
0.0040745
0.00191603
0.0036555
0.00351261
0.000636654
0.0263745
0.00140841
0.00166759
0.00207016
0.00551911
0.00359946
0.00233985
0.00777881
0.00177361
0.0046511
0.00271624
0.00336978
0.00212657
0.00474407
0.00431695
0.00602851
0.00617532
0.0133589
0.0059833
0.00235672
0.00190734
0.00711065
0.00164074
0.00956352
0.00350793
0.0017561
0.0016543
0.000963203
0.00595693
0.00375688
0.00417164
0.00317349
0.0020182
0.00141267
0.0121028
0.0111467
0.0111068
0.00542294
0.00176468
0.00306099
0.000614427
0.011503
0.00632328
0.00149842
0.00579046
0.000674013
0.00760829
0.00723003
0.00198291
0.0043565
0.00174153
0.00209963
0.00140716
0.00349839
0.00633759
0.00295943
0.00151316
0.000772876
0.0443613
0.0528046
0.00366476
0.000838634
0.00173674
0.00502321
0.0114521
0.00582566
0.00112378
0.00150512
0.0232789
0.00359341
0.00935084
0.00360515
0.00538144
0.000733083
0.000572315
0.00534256
0.00619858
0.00872898
0.00201011
0.0161072
0.00773871
0.00267866
0.00181111
0.00337237
0.00131534
0.00233375
0.00584567
0.000405042
0.0043387
0.00281611
0.000989248
0.000432677
0.00377016
0.00123875
0.00301871
0.00225497
0.00156014
0.000269632
0.0020616
0.0101437
0.000449888
0.0279444
0.00117737
0.000332632
0.0286761
0.00665389
0.00604515
0.012893
0.00394584
0.00179925
0.00386987
0.00172217
0.00456876
0.003445
0.00237239
0.00336564
0.00149425
0.00195661
0.00201821
0.00446351
0.0185295
0.00505108
0.0138799
0.00476982
0.00256784
0.00506491
0.0121283
0.0008488
0.00473189
0.00173983
0.00504206
0.00227394
0.0144882
0.00285957
0.00327101
0.00105759
0.01677
0.00217474
0.00534811
0.0150507
0.00251648
0.00165509
0.00694624
0.00149137
0.0101002
0.00350106
0.00531411
0.00186211
0.0014913
0.0097448
0.00237273
0.00120648
0.00148337
0.00737273
0.00323313
0.00380437
0.000885135
0.000587461
0.00420499
0.0017308
0.00488074
0.00724458
0.00420266
0.00245725
0.00375225
0.000913982
0.000339865
0.00793402
0.016536
0.00217462
0.00194634
0.00842606
0.000917922
0.00311223
0.00128874
0.0254305
0.00296396
0.000930001
0.0116521
0.00122525
0.00525347
0.0107594
0.000861233
0.00272448
0.00134381
0.00343118
0.00309397
0.00136647
0.000620411
0.00290497
0.0242254
0.0188634
0.0158781
0.00537226
0.00331401
0.0362314
0.00388968
0.0037844
0.00232148
0.00245727
0.00203481
0.00229324
0.00232055
0.000824479
0.0070386
0.000901215
0.00321959
0.0167402
0.00251509
0.00293248
0.00603432
0.00403048
0.0031133
0.00114743
0.000791263
0.00233838
0.00113814
0.00120403
0.0137395
0.0055684
0.00582796
0.00355123
0.000842841
0.00271009
0.00616509
0.00434572
0.0146522
0.00507645
0.00408137
0.000905094
0.00133032
0.0130713
0.0108422
0.00655396
0.00737204
0.0012093
0.00369148
0.00124316
0.00117038
0.00287637
0.00369538
0.00358956
0.00473901
0.000930507
0.00339975
0.00369173
0.00348473
0.00334575
0.00382827
0.00271449
0.00444968
0.00260455
0.00610598
0.00433751
0.00242548
0.00151283
0.00274725
0.00512009
0.00306939
0.00102245
0.00262134
0.00446873
0.00622297
0.00444256
0.00172976
0.00251744
0.0016253
0.00844408
0.00125206
0.00633858
0.00285809
0.00712148
0.00124254
0.00342249
0.000705494
0.00892464
0.00561197
0.00425895
0.00554189
0.00429513
0.00140982
0.00463453
0.00404555
0.00217393
0.00141033
0.00365344
0.00219944
0.00347354
0.0026596
0.00753727
0.00197378
0.00316373
0.00361891
0.00376811
0.00392028
0.00518531
0.00392091
0.00209705
0.00406156
0.00234024
0.00490462
0.00276946
0.00358681
0.00289674
0.00313019
0.00541621
0.00672886
0.00280572
0.00122811
0.00156537
0.00204354
0.00183966
0.00172039
0.0026969
0.00153016
0.0129369
0.0011478
0.00433477
0.00247583
0.00595236
0.00799008
0.00206396
0.0010718
0.0142859
0.00164667
0.00450155
0.00805907
0.00226116
0.00378637
0.00208466
0.000770177
0.00746808
0.003348
0.00343133
0.00365507
0.00740555
0.00517218
0.0022814
0.00173805
0.00226569
0.000972261
0.0027737
0.00143548
0.0117703
0.0018239
0.00365278
0.00436091
0.00424892
0.0022583
0.00313444
0.00567647
0.00225536
0.00495358
0.00266456
0.00345343
0.00222108
0.00649917
0.00352405
0.00370773
0.00309087
0.000353271
0.002173
0.00266864
0.000725028
0.00325767
0.00388282
0.00895192
0.00525435
0.00161055
0.000163936
0.000637158
0.0056608
0.00666469
0.00281014
0.00105885
0.00238501
0.00114023
0.00317249
0.00593078
0.00482027
0.00578917
0.00612333
0.00103267
0.00219318
0.00254261
0.00595882
0.000166701
0.00300095
0.00425701
0.00711009
0.00227759
0.00835472
0.0133047
0.00743989
0.00318376
0.00113109
0.0011095
0.0123932
0.00222695
0.0031586
0.00451684
0.00337194
0.0075749
0.00662959
0.00836206
0.000685709
0.00221568
0.00552009
0.0173303
0.00743129
0.000843954
0.00143134
0.00637181
0.0012236
0.0059111
0.00491258
0.00301981
0.00519162
0.0033453
0.00236854
0.00496269
0.00465117
0.00273818
0.00846205
0.00453175
0.00402221
0.004838
0.00403059
0.00321704
0.00619197
0.00199298
0.00454688
0.00643052
0.00578537
0.0106756
0.00283177
0.00896443
0.00289742
0.00480701
0.000322927
0.00251138
0.0024308
0.0041666
0.00665134
0.00368332
0.012536
0.00393517
0.00126766
0.00323367
0.00773051
0.00574817
0.00227208
0.00424497
0.00323988
0.00207554
0.00086876
0.0013152
0.022559
0.00143131
0.00335864
0.0034166
0.00232035
0.000664853
0.0023429
0.0102442
0.00845072
0.0010414
0.00201858
0.00217323
0.00309832
0.0109304
0.00424136
0.00179579
0.00299588
0.00646139
0.00191842
0.00205942
0.00385189
0.0112835
0.00166183
0.00208063
0.00588121
0.00520623
0.0120369
0.0104425
0.00108171
0.00129404
0.00321817
0.00177815
0.00442164
0.00665275
0.00118415
0.00403519
0.0106504
0.00262937
0.00152613
0.0016108
0.00237707
0.0120559
0.00800605
0.00449813
0.0252353
0.00346771
0.00393461
0.0178069
0.00443286
0.00429295
0.00613433
0.00268351
0.00415599
0.00148075
0.000260462
0.00578936
0.0102603
0.0063404
0.00383897
0.00274891
0.00174692
0.000774934
0.00311284
0.0046946
0.00246693
0.00322579
0.00780767
0.00782326
0.00578069
0.001209
0.00604165
0.000482758
0.00102934
0.00402102
0.00518325
0.00451144
0.0074699
0.0063866
0.000457731
0.00082399
0.00161411
0.0015124
0.00548054
0.00415263
0.000665225
0.00421225
0.00347815
0.00644967
0.00166751
0.00388319
0.000929643
0.00120033
0.00200749
0.00123645
0.00230389
0.00310579
0.0126989
0.00963948
0.0368571
0.00399925
0.00331236
0.00152308
0.000483618
0.00659076
0.00267251
0.00507292
0.00115437
0.00895645
0.004161
0.00622435
0.0130256
0.014191
0.00395865
0.00283152
0.00159124
0.00886358
0.00270168
0.00168021
0.00511332
0.00213723
0.00442675
0.00141064
0.00317282
0.00771328
0.00110263
0.00205892
0.00185369
0.00364888
0.00220715
0.0194151
0.00244376
0.00216565
0.00637927
0.00220386
0.00457862
0.00179316
0.0129972
0.00528339
0.0101894
0.00541755
0.00616059
0.00504837
0.00233902
0.0105533
0.00376694
0.00173426
0.00348094
0.0109723
0.00363423
0.00545893
0.0159644
0.000959105
0.00311431
0.00398485
0.00158903
0.00286869
0.00159534
0.00512895
0.00207472
0.00450037
0.00402004
0.00219661
0.00995985
0.00123531
0.00780439
0.00284901
0.006397
0.00570403
0.00271638
0.00456646
0.0045882
0.00203083
0.0134292
0.00116578
0.000797541
0.00232744
0.000900343
0.00337749
0.00728097
0.00442519
0.00225296
0.00819799
0.00341434
0.00121522
0.00296578
0.00258297
0.000970762
0.00992345
0.000959433
0.00280373
0.00526759
0.00298441
0.00277325
0.0122421
0.00353033
0.00294102
0.00467037
0.00404928
0.0030145
0.012165
0.000518729
0.00107686
0.0044892
0.00111648
0.00287562
0.000835178
0.00267858
0.00966281
0.000534749
0.00528063
0.00263679
0.00126658
0.00308728
0.00327597
0.00721498
0.0124962
0.00558034
0.0108055
0.00116678
0.00759693
0.0111668
0.00242789
0.0422965
0.00536533
0.00244023
0.00267245
0.00457669
0.00222375
0.0024153
0.0231662
0.011977
0.0132922
0.00212041
0.00247147
0.00458988
0.000407333
0.00259799
0.0174175
0.0054353
0.000322351
0.0055971
0.00932509
0.000984989
0.0129987
0.00236496
0.00100231
0.00530455
0.00349468
0.00211876
0.00610828
0.00667751
0.00142694
0.00692699
0.00560416
0.00359657
0.00166972
0.00444738
0.00444669
0.00496637
0.00444974
0.00078783
0.00292211
0.0282266
0.00149656
0.00306504
0.00387935
0.0030227
0.00382577
0.00247944
0.00461409
0.0096051
0.00523991
0.000388945
0.00145839
0.00920346
0.00494577
0.00918303
0.00217834
0.0302481
0.00251158
0.00337101
0.00310193
0.00287981
0.00173586
0.00351107
0.00478219
0.00037803
0.00178447
0.00389266
0.00620195
0.00195657
0.00163303
0.00149581
0.00487168
0.000807698
0.00481332
0.00555385
0.00163795
0.00107592
0.00242161
0.00467325
0.0189004
0.00176411
0.00129897
0.00179349
0.00328759
0.00515859
0.00163214
0.0199531
0.000473864
0.000842587
0.00542389
0.00492906
0.000203986
0.00167349
0.0126289
0.0127583
0.00420606
0.00538394
0.00324938
0.000975457
0.00305449
0.00185907
0.00555666
0.00270668
0.00375258
0.00327532
0.000856691
0.0011314
0.00303258
0.00206366
0.000812303
0.00182252
0.00384896
0.00254633
0.00639309
0.00198848
0.000882755
0.0815265
0.00688457
0.00287948
0.00332546
0.00442963
0.000731638
0.00442234
0.00544373
0.00285318
0.0113015
0.00359917
0.00240256
0.000322776
0.00380717
0.00323022
0.00498227
0.00333736
0.00216672
0.00160625
0.000809017
0.000990728
0.00501173
0.00641929
0.000998533
0.00250409
0.00401649
0.00498876
0.00195703
0.00384294
0.000951382
0.005077
0.00174546
0.00532864
0.0178219
0.0228218
0.00565702
0.0029457
0.00730928
0.00261382
0.00153386
0.00262437
0.00205492
0.00316405
0.0027696
0.00281717
0.00107755
0.00270699
0.000715894
0.0023587
0.000708799
0.0062619
0.0342737
0.00378599
0.00390925
0.00413443
0.0115891
0.020742
0.00220174
0.00302052
0.00309318
0.00735228
0.00137844
0.00379392
0.0159461
0.00618747
0.00422122
0.00275069
0.00609814
0.00145518
0.00259825
0.017429
0.00514444
0.00126778
0.00431659
0.0064583
0.00195789
0.00186517
0.00214644
0.000867672
0.00129691
0.00210774
0.0217721
0.0029543
0.000888213
0.00668844
0.00422139
0.00430207
0.0109547
0.00508326
0.00147594
0.00522132
0.00286998
0.00280064
0.00287544
0.0042993
0.00775777
0.00233624
0.00425513
0.00514581
0.00271895
0.00289099
0.0173223
0.000430189
0.00177689
0.00434686
0.00835733
0.00191104
0.0028962
0.000625688
0.00700233
0.0109325
0.00801013
0.00265408
0.0122675
0.0133603
0.00591587
0.00122137
0.00174229
0.00547107
0.00441602
0.00356171
0.00138335
0.00236412
0.00600411
0.0023179
0.0231697
0.00500803
0.00479724
0.00473011
0.00152435
0.00467716
0.00327156
0.00695706
0.0221991
0.0130458
0.00237627
0.00805283
0.00418984
0.000703446
0.00374119
0.000740831
0.00711701
0.00187298
0.00204538
0.00845776
0.00233997
0.00482358
0.000643088
0.00654371
0.00556463
0.0191484
0.00738974
0.000526649
0.00278238
0.00152889
0.00402423
0.005127
0.0108026
0.00165416
0.002629
0.00635581
0.010033
0.00223263
0.00182479
0.0134666
0.00549681
0.00250944
0.00133503
0.00192666
0.00133408
0.00375265
0.00532749
0.00253308
0.0024407
0.0172932
0.00436087
0.000643352
0.00513805
0.00615172
0.00365436
0.000516066
0.000881694
0.00119557
0.00375566
0.0157367
0.00196359
0.00309208
0.00399959
0.00532552
0.00795396
0.00136058
0.00485323
0.000553582
0.00234131
0.00627085
0.0105356
0.009125
0.00187852
0.00272452
0.0136367
0.0058476
0.0110092
0.0096465
0.00155597
0.00146145
0.00349864
0.0113815
0.000297428
0.00179899
0.00467212
0.00173143
0.000424339
0.00223133
0.00350383
0.00110943
0.00173613
0.00286347
0.0014234
0.00437612
0.00256209
0.00866456
0.00234468
0.000628609
0.00869863
0.00903803
0.00368911
0.00857301
0.00304489
0.00440576
0.00192437
0.00516533
0.00267819
0.00212651
0.00225479
0.00278123
0.037435
0.00369109
0.00430285
0.0022823
0.00248187
0.00512296
0.00416461
0.00190414
0.016002
0.00251744
0.00166216
0.00483603
0.00957106
0.00560146
0.0191078
0.00295666
0.00217562
0.0101121
0.00486065
0.00497625
0.00221862
0.00585727
0.00102862
0.00653048
0.00852557
0.00185522
0.00489935
0.0105988
0.0024724
0.00383499
0.00216273
0.00256855
0.011245
0.00174746
0.000834783
0.0083443
0.0008773
0.00427525
0.00382116
0.000667899
0.00184771
0.00239729
0.00198525
0.0038918
0.0042324
0.00134056
0.00257303
0.00342815
0.00445733
0.0015447
0.00179606
0.000871005
0.00254406
0.0108393
0.0109101
0.00705714
0.00552188
0.00574611
0.00844825
0.00468255
0.00123865
0.00350694
0.00443932
0.000707869
0.00206971
0.00247064
0.00325782
0.00306043
0.000903276
0.00572426
0.00471293
0.00316064
0.00402292
0.00550353
0.00191669
0.0058046
0.0046302
0.00218401
0.00459647
0.00578284
0.00270276
0.0010191
0.00129469
0.00898337
0.00936731
0.00486881
0.00122005
0.00196156
0.0016548
0.0018926
0.00165017
0.00247594
0.00406763
0.00247228
0.0254023
0.0134441
0.00539123
0.00224576
0.00552458
0.00323135
0.00252653
0.000694405
0.00226714
0.0035523
0.0114368
0.00274587
0.00185363
0.00274951
0.00345283
0.00305525
0.0025815
0.00461713
0.00127183
0.00338709
0.00433905
0.00319407
0.00241589
0.00335742
0.00196502
0.000934739
0.000810639
0.0141665
0.00383626
0.00287042
0.00165082
0.00460597
0.00259742
0.00289135
0.00514429
0.00253529
0.00184966
0.00643954
0.00662042
0.00355904
0.00161291
0.002103
0.00317283
0.00430489
0.00369505
0.00259909
0.00224796
0.00385211
0.00315569
0.0174493
0.00308934
0.0347778
0.00209705
0.00390546
0.00082253
0.00150881
0.00196521
0.0028356
0.00290556
0.00278259
0.000637028
0.0063539
0.00146086
0.00262007
0.00411812
0.0026674
0.000598897
0.00168274
0.00600481
0.00903685
0.00509742
0.00245626
0.000221391
0.00604443
0.00652363
0.00650169
0.0113919
0.00205358
0.00485826
0.00347848
0.00412756
0.0116438
0.00370822
0.00210612
0.00467655
0.00163928
0.00345643
0.00250076
0.00586513
0.0107379
0.00221898
0.00279481
0.00103354
0.00202877
0.00105516
0.0040053
0.00170697
0.00465037
0.000244528
0.00815736
0.00366427
0.00381681
0.000587542
0.00108352
0.00534047
0.00330351
0.00475627
0.00125861
0.0085414
0.0026149
0.00309158
0.00306213
0.00229357
0.000872667
0.00619655
0.00700238
0.00209962
0.00150909
0.00326299
0.0166072
0.00397417
0.00320593
0.00442847
0.00206485
0.00609991
0.00143067
0.00252711
0.009425
0.00674129
0.00259581
0.00334206
0.00195334
0.00456289
0.00240446
0.0038783
0.00299293
0.00172089
0.00217856
0.00379399
0.00351065
0.00359837
0.00356752
0.00262906
0.00312329
0.00369824
0.00249254
0.00373231
0.0047107
0.00226386
0.0123396
0.00284967
0.00238969
0.0078499
0.00168128
0.00125301
0.00348561
0.00164282
0.00393803
0.00144301
0.00471316
0.00374166
0.00450277
0.00838252
0.00528693
0.00284586
0.00317562
0.00282444
0.00472709
0.00387915
0.00055655
0.0189966
0.0028827
0.00297922
0.00228498
0.00527797
0.00153138
0.00479171
0.00108062
0.00193682
0.00919257
0.00376359
0.0105131
0.00510038
0.00278221
0.000994414
0.0064784
0.00922654
0.00671335
0.0028361
0.00250416
0.00617721
0.00576637
0.00307989
0.00171545
0.00379242
0.00493968
0.00796612
0.00280537
0.00534529
0.00351816
0.0037953
0.00357145
0.00370668
0.00829654
0.000269911
0.0104208
0.00285057
0.00263258
0.00496372
0.00272841
0.00323982
0.00298273
0.00319711
0.00218666
0.00282767
0.0100321
0.00234481
0.0105343
0.00388656
0.000877087
0.00735189
0.00496822
0.00679746
0.00208134
0.000785167
0.0186346
0.00557378
0.0129944
0.0153199
0.00461375
0.00237827
0.0021773
0.00390313
0.0020354
0.00121625
0.00256716
0.00197331
0.0021923
0.00145844
0.00282806
0.00249207
0.00338821
0.00169458
0.0112753
0.00274616
0.00252426
0.0105591
0.00255237
0.00541181
0.00377453
0.00188544
0.00856097
0.0116657
0.00155268
0.00231591
0.00154952
0.000890436
0.00546169
0.00250282
0.00146559
0.00112591
0.00298863
0.00909778
0.0035788
0.0013917
0.00188852
0.00356321
0.0181097
0.00735073
0.00243189
0.00561537
0.00214999
0.00294468
0.00788066
0.00174526
0.00272592
0.00210096
0.00131164
0.0044567
0.00458511
0.0035817
0.0139872
0.00319816
0.00234099
0.0019484
0.000627519
0.00389294
0.018561
0.00882536
0.00275292
0.00294522
0.0012371
0.00133748
0.00809273
0.0151729
0.00298969
0.00195602
0.00115063
0.010401
0.00475923
0.00365599
0.00155466
0.00363108
0.00377889
0.00450566
0.00294902
0.00515089
0.00470074
0.00219775
0.00198239
0.00714218
0.00534205
0.00139392
0.00262415
0.00558363
0.0128901
0.00160196
0.00274211
0.00197907
0.0106448
0.00422174
0.00692374
0.00235679
0.000706755
0.00574271
0.01812
0.00410115
0.00395162
0.00183928
0.00313051
0.000580257
0.0025366
0.00688986
0.000988345
0.0106639
0.00112964
0.00369213
0.0248269
0.00599126
0.0135716
0.00129086
0.00276036
0.0132184
0.00170962
0.00558836
0.00232229
0.00598887
0.00226941
0.00149974
0.00536919
0.00352966
0.000823953
0.00152486
0.00352932
0.00372494
0.00127283
0.00725757
0.00712331
0.00509941
0.00208264
0.00908294
0.00153885
0.00202453
0.0036883
0.00304182
0.00315772
0.00347669
0.0112247
0.00652152
0.00636847
0.00180833
0.00892182
0.00263141
0.00458048
0.00285181
0.00338148
0.000799497
0.002005
0.0059692
0.00128269
0.00312575
0.00455454
0.00212628
0.00714868
0.00403561
0.017352
0.00263958
0.00123453
0.00475077
0.00582641
0.00502957
0.00322868
0.00354807
0.00106549
0.00419657
0.000459373
0.000758992
0.0018911
0.00422256
0.00316638
0.00139409
0.00247501
0.00357276
0.00234409
0.0045972
0.000866935
0.00231509
0.00613112
0.00163736
0.0019906
0.00379321
0.00413765
0.00137918
0.00743928
0.00951333
0.00223393
0.00114691
0.00288488
0.00220784
0.00324212
0.011148
0.000904937
0.000990032
0.00352805
0.00476521
0.00341718
0.0025728
0.00258813
0.00693566
0.00856916
0.00539799
0.0056838
0.000576723
0.00186862
0.00475604
0.00425539
0.006131
0.00536357
0.00637328
0.00443026
0.00119898
0.00094069
0.00369694
0.0284549
0.00302176
0.00399025
0.004141
0.00344595
0.00319139
0.00180598
0.00505313
0.00508517
0.0021695
0.004702
0.00260612
0.00409381
0.00386913
0.0183258
0.00156647
0.00654436
0.0018257
0.00256965
0.00268446
0.00162198
0.00187018
0.00511277
0.00838198
0.00430831
0.00297225
0.00216579
0.00189261
0.00368435
0.00367902
0.0184828
0.00222944
0.0021363
0.00381285
0.00497249
0.00579595
0.00326393
0.00278267
0.00081505
0.00589446
0.0196103
0.00954826
0.00457511
0.00227885
0.00222346
0.00205025
0.00455043
0.00102327
0.00780965
0.00133277
0.0164426
0.00205245
0.00796164
0.0110587
0.00187831
0.00905226
0.003604
0.00333381
0.00310201
0.00751024
0.00432238
0.00286634
0.00122165
0.0019746
0.000721634
0.00211304
0.000570571
0.00958205
0.00285423
0.00475444
0.00111413
0.00585308
0.00116699
0.00230479
0.0015554
0.00551247
0.00384039
0.000280946
0.00821569
0.00265961
0.00146318
0.00254691
0.00284483
0.00781843
0.00759555
0.00318093
0.000757468
0.000600201
0.00422034
0.0108487
0.0192942
0.00276988
0.00296498
0.00153615
0.00739496
0.00329028
0.00199832
0.00828227
0.00629884
0.00517303
0.00160501
0.00329014
0.00241362
0.00298383
0.00220687
0.00310945
0.00176674
0.00682471
0.00142106
0.00482722
0.00312929
0.0106303
0.0067571
0.00677051
0.00230982
0.00268646
0.00502651
0.0090046
0.00292497
0.00226976
0.00153172
0.00160782
0.00186515
0.00876669
0.00131037
0.00253856
0.00198113
0.0128099
0.00320563
0.00315028
0.00818228
0.00537057
0.0035713
0.0135993
0.0013806
0.00173106
0.00437884
0.00090098
0.00374861
0.0115819
0.00384126
0.00589004
0.000420955
0.00172887
0.00675495
0.000667277
0.00442061
0.00320991
0.00150407
0.0214152
0.00091225
0.00382912
0.00227578
0.00710752
0.00607686
0.0025556
0.017597
0.00432844
0.00335627
0.00991235
0.00550749
0.00188218
0.0202599
0.00601843
0.0106818
0.00979022
0.0123619
0.00416882
0.00225448
0.00300442
0.00963585
0.00183601
0.00942719
0.00276882
0.00136115
0.00344583
0.00314021
0.00212509
0.00347033
0.0114257
0.000987018
0.00394322
0.00334755
0.0042157
0.00233928
0.00268741
0.0027566
0.00484149
0.00211854
0.00257659
0.000884568
0.00517953
0.00633308
0.0187187
0.00452448
0.00738379
0.010475
0.00465712
0.00395959
0.00433715
0.00633468
0.00342462
0.0069859
0.00618358
0.00211622
0.0036917
0.00490165
0.00278609
0.00196288
0.00169477
0.00195309
0.0106056
0.00590402
0.0029814
0.00121043
0.00163358
0.0014801
0.00308356
0.00245178
0.0162924
0.0028846
0.00137314
0.00706531
0.00334031
0.00558546
0.00281414
0.00487283
0.00602461
0.00512395
0.012235
0.000538187
0.013613
0.00281319
0.00728606
0.00303092
0.0139388
0.00156747
0.00190479
0.00242165
0.000654774
0.00204664
0.0019966
0.060158
0.0039571
0.00535756
0.00723112
0.00196044
0.00266079
0.010071
0.0046644
0.00944277
0.00161927
0.00491847
0.00404785
0.00632006
0.00134677
0.000934305
0.0034632
0.00398389
0.000855219
0.00789953
0.00048541
0.00300564
0.00398804
0.00439755
0.00340624
0.0023512
0.0023144
0.00162937
0.00296244
0.00127021
0.00194545
0.00230903
0.00122913
0.00296383
0.00437082
0.00659795
0.00552991
0.00595669
0.00646861
0.00620568
0.00409768
0.00234318
0.00191505
0.00143012
0.00305505
0.00427606
0.000764206
0.0020319
0.00268675
0.00720234
0.00138716
0.00323282
0.000224479
0.00283126
0.00743162
0.0120286
0.0162503
0.0044224
0.000822531
0.00189851
0.00220226
0.00564327
0.00372151
0.00518928
0.00619318
0.00397433
0.0101597
0.0272807
0.00306951
0.00158313
0.00675365
0.00781158
0.000827446
0.00358752
0.00173446
0.00212238
0.0103248
0.00559653
0.00352843
0.00409667
0.00759071
0.00179222
0.0121155
0.00271208
0.00297182
0.00775475
0.00584417
0.0300389
0.00310383
0.00198284
0.00307474
0.00371233
0.00199756
0.00628239
0.00179115
0.0029752
0.0024251
0.00189572
0.00234043
0.00293244
0.00697785
0.0909703
0.000814508
0.00268935
0.00349922
0.00382696
0.00336616
0.0148436
0.00191701
0.00174263
0.00407124
0.0123389
0.00217413
0.00128301
0.00532743
0.00541753
0.00229295
0.0132263
0.00298439
0.0236319
0.0046467
0.00110094
0.0173518
0.00571651
0.00969758
0.00363541
0.00208229
0.0234627
0.0043505
0.0022272
0.00162696
0.00720327
0.00592973
0.0090948
0.00490384
0.00997435
0.00333519
0.00189785
0.00577097
0.0112389
0.00578641
0.00456342
0.00330103
0.00780801
0.00299633
0.0173047
0.0145908
0.00736466
0.00461379
0.004097
0.0026544
0.00174625
0.000946435
0.0100942
0.00598267
0.0083129
0.00229545
0.00181851
0.00726946
0.00363111
0.0058986
0.00331384
0.003751
0.00437378
0.00828353
0.00490789
0.0106193
0.00344442
0.00406818
0.00496981
0.00525832
0.00169282
0.00780842
0.00584579
0.00721346
0.00341079
0.00174317
0.00401829
0.000694315
0.00433258
0.00571506
0.00101424
0.00343191
0.00331413
0.00167471
0.00331784
0.0092587
0.00415356
0.00246408
0.00159974
0.0139412
0.0067886
0.00178085
0.00695647
0.00563453
0.00155961
0.00277841
0.0197131
0.00449774
0.00538873
0.00173449
0.00598141
0.00345196
0.00289597
0.00453709
0.00293725
0.00134701
0.00224532
0.00225021
0.00524312
0.00168296
0.00202035
0.00258135
0.0172889
0.0074889
0.0035483
0.00993349
0.000558535
0.00195827
0.00287291
0.00744777
0.00856843
0.00241232
0.000621233
0.00203383
0.00356655
0.00525032
0.000949754
0.00809032
0.00680186
0.00203157
0.00342797
0.00659766
0.00650544
0.0120189
0.00389242
0.000949108
0.0046555
0.00273527
0.000991559
0.00274276
0.0007242
0.00323085
0.00212715
0.0238312
0.00502376
0.00271412
0.00575388
0.00394126
0.00172459
0.00608485
0.00153235
0.00375359
0.00171316
0.000380252
0.00113897
0.00174663
0.00127801
0.00131652
0.00171513
0.00117965
0.00372853
0.00149482
0.00118627
0.00284781
0.00505119
0.00177763
0.00815328
0.00190738
0.000980671
0.0120303
0.00113654
0.00551474
0.0032668
0.00149183
0.00332492
0.00624101
0.0326265
0.00730604
0.0115581
0.0102976
0.00295044
0.00692012
0.0026664
0.00205072
0.00349262
0.00290247
0.000408079
0.00671529
0.00171643
0.00406758
0.000532878
0.00244235
0.00465662
0.00421618
0.0138768
0.00721879
0.004901
0.061064
0.00420447
0.00331926
0.00126665
0.00293527
0.00874911
0.0127317
0.0061539
0.00344071
0.000708964
0.0372335
0.00644484
0.00405537
0.00379049
0.00994247
0.00108254
0.00193191
0.00242813
0.00463774
0.00505087
0.0017103
0.0049674
0.00133866
0.00212381
0.00841905
0.00950935
0.00479975
0.00265382
0.00128172
0.000989382
0.00117554
0.00232768
0.0120893
0.0135885
0.0015037
0.00350793
0.00108858
0.010271
0.00279896
0.00233138
0.00266605
0.00588409
0.0056469
0.00594899
0.00189052
0.00782216
0.00226243
0.00576485
0.00411773
0.0166275
0.00315788
0.00314925
0.00348093
0.00469626
0.00555329
0.00142937
0.00288417
0.00497932
0.0226671
0.00292038
0.000579753
0.00601826
0.00576226
0.00365121
0.00293535
0.00349837
0.0036604
0.00313941
0.00242595
0.010024
0.00277183
0.00692535
0.000559842
0.00362021
0.0020096
0.00415705
0.0193408
0.00127862
0.00903972
0.000853752
0.000702104
0.00641196
0.00758759
0.0143553
0.00735378
0.00245345
0.00122141
0.00114514
0.00216287
0.00556891
0.0112735
0.00246785
0.00546907
0.0034651
0.00317842
0.00239082
0.00289396
0.00593376
0.000795585
0.00870043
0.00900227
0.00642131
0.00270658
0.00444741
0.00124397
0.00399836
0.017334
0.00581218
0.00948761
0.00149972
0.00274767
0.00381124
0.00654619
0.00735337
0.0117728
0.00235618
0.00477638
0.000377698
0.000808078
0.00363239
0.00206545
0.00383151
0.0033849
0.00379836
0.0449568
0.00291371
0.00323138
0.00899036
0.00576961
0.00421469
0.00374505
0.00159523
0.00511249
0.0305287
0.00619407
0.0192212
0.00897872
0.000352022
0.00103741
0.00148819
0.00087621
0.00159805
0.00279404
0.0095898
0.00459324
0.00553542
0.00378914
0.0104121
0.000295911
0.00332729
0.00152995
0.00305602
0.0011484
0.0103643
0.00740908
0.00283581
0.00417219
0.00242359
0.00456627
0.00117207
0.00320393
0.00463003
0.00291579
0.00107886
0.00718738
0.00592568
0.0122552
0.0102434
0.00173428
0.00494063
0.00304064
0.00326368
0.00423481
0.00347257
0.000684721
0.00282501
0.00158134
0.000763822
0.0103427
0.00244523
0.0045911
0.000285485
0.00491068
0.00578635
0.0069015
0.00168772
0.00783279
0.00263256
0.00595205
0.00157812
0.00170635
0.00673634
0.00284596
0.00228704
0.0038193
0.000990643
0.00309608
0.00430853
0.000746382
0.00343536
0.00417005
0.00920262
0.0236969
0.00133614
0.000519946
0.00458465
0.00275797
0.000277186
0.00803122
0.043743
0.00553063
0.00830053
0.00194338
0.00247362
0.00178194
0.00869745
0.00568654
0.00221659
0.00143729
0.00453223
0.00474598
0.00261945
0.0680703
0.0110496
0.00113325
0.00228916
0.00383093
0.00237412
0.00147666
0.00356005
0.00397116
0.0263022
0.00180956
0.00254821
0.00226113
0.00238557
0.00713408
0.00436207
0.00143408
0.00499264
0.00184351
0.00113871
0.00613986
0.00650335
0.0324907
0.00118982
0.0138197
0.000866249
0.00713381
0.00920428
0.00204306
0.00187814
0.00367336
0.00219658
0.000627465
0.0036373
0.000511116
0.0101024
0.00826973
0.00551579
0.00306602
0.0307466
0.00621169
0.0300165
0.00180123
0.0024421
0.00374619
0.00501413
0.00368858
0.00437193
0.00120746
0.00744448
0.00153255
0.00552159
0.0051513
0.00291967
0.00494381
0.00476464
0.00288349
0.00253772
0.00270648
0.00245809
0.00507156
0.0069026
0.00206634
0.00319005
0.00451121
0.00455966
0.0209918
0.00662666
0.0112059
0.00206815
0.00676855
0.00210669
0.00130804
0.00172184
0.00342993
0.0019247
0.00512155
0.00350995
0.00291276
0.00247077
0.011905
0.0193422
0.00395218
0.00372948
0.048993
0.000771512
0.00330227
0.00210214
0.00782076
0.00482568
0.00472534
0.00606439
0.00667665
0.00351739
0.0056588
0.0062255
0.0118518
0.00464344
0.000675753
0.00738159
0.00886919
0.00184647
0.0112571
0.00105221
0.00211899
0.00550265
0.00174109
0.00319681
0.00299292
0.00364992
0.00144789
0.00433435
0.000482646
0.0127978
0.00387669
0.00314841
0.00172008
0.00118072
0.00119156
0.00112396
0.00228936
0.00173216
0.00683586
0.00152188
0.00427229
0.00449466
0.00240301
0.0154785
0.00817913
0.00712283
0.00370626
0.0130978
0.00125936
0.00170282
0.00107648
0.00710556
0.00258541
0.00429197
0.000520349
0.0129653
0.0308186
0.0038414
0.000802508
0.00478004
0.00495834
0.00248158
0.00120439
0.00631168
0.00179326
0.00354822
0.00479204
0.0184645
0.00214558
0.00512459
0.0213261
0.00468828
0.0014999
0.00144076
0.00277654
0.00308885
0.00281495
0.005618
0.00951186
0.00975168
0.0351885
0.0039194
0.00832978
0.00139405
0.00279212
0.000775142
0.00208003
0.00308473
0.00270187
0.00426625
0.0116353
0.0116548
0.00106334
0.00542509
0.021143
0.000891811
0.00303034
0.00453871
0.0060355
0.00324473
0.00349785
0.00599074
0.00302056
0.00172405
0.000566247
0.000714913
0.000765496
0.003245
0.00880882
0.00492753
0.00877383
0.00329132
0.00698312
0.00496232
0.00439747
0.00457488
0.00256019
0.00218836
0.00213937
0.00079774
0.000854074
0.00775946
0.00376863
0.00179522
0.00111941
0.00762142
0.00652309
0.0125892
0.000859657
0.00700206
0.00272292
0.0055271
0.00848175
0.00256402
0.00031582
0.00120221
0.00467462
0.00578031
0.00523907
0.00241407
0.00302671
0.00593865
0.00644105
0.00207249
0.0133017
0.00355108
0.00513713
0.00126064
0.00634642
0.0114882
0.020897
0.00494014
0.00538134
0.00293037
0.00103206
0.00243854
0.00457182
0.0138132
0.00190288
0.00362447
0.000802114
0.00180423
0.00115477
0.0062879
0.00672148
0.000459532
0.00361808
0.0022597
0.00163823
0.00336454
0.00533518
0.0018123
0.002582
0.00430735
0.00649138
0.00709724
0.00624948
0.00391467
0.00257338
0.00551997
0.00125234
0.00234866
0.00231051
0.00591245
0.00490647
0.0068506
0.00746246
0.00173837
0.0105532
0.000739443
0.00109014
0.00862254
0.000852372
0.00284767
0.00610255
0.00315823
0.00388162
0.00674383
0.00664555
0.00231498
0.00227025
0.0137725
0.00590116
0.00443255
0.00341949
0.00237847
0.0078097
0.00211275
0.00192336
0.00182535
0.00458324
0.00303767
0.00182567
0.00680895
0.0298655
0.00102805
0.00208716
0.00359096
0.0014237
0.00400227
0.00558404
0.00216226
0.0139652
0.0195349
0.0141758
0.00401996
0.00564712
0.00186498
0.00275707
0.00281313
0.00221726
0.00617536
0.00239366
0.00191386
0.00312202
0.00166038
0.00418357
0.000712575
0.00510114
0.0018344
0.00668226
0.00129881
0.00524666
0.0037369
0.0423974
0.0045172
0.0028974
0.00289119
0.00453487
0.00371275
0.00715624
0.00537086
0.00236556
0.00370151
0.00244196
0.00141071
0.00834422
0.00989162
0.000741922
0.00121316
0.00057625
0.00563757
0.005783
0.0108436
0.00310402
0.00210433
0.00139686
0.00330331
0.00244632
0.00956127
0.00173048
0.0140932
0.00101088
0.00240496
0.00142393
0.00331743
0.00322944
0.00364317
0.00426055
0.00576623
0.00123688
0.00309249
0.00533167
0.00429261
0.0207899
0.00161444
0.00352281
0.00272835
0.00770657
0.00504592
0.00434901
0.00703057
0.00236343
0.00397395
0.00334152
0.00263276
0.00205076
0.00263601
0.0086966
0.00526011
0.0121195
0.00465041
0.00191401
0.00289668
0.00345673
0.00483197
0.0472234
