0.00209178
0.00231492
0.00437476
0.0035346
0.000259677
0.00309025
0.000862176
0.00630289
0.00743409
0.00689307
0.0258796
0.00322822
0.00409023
0.0052815
0.00162133
0.00577668
0.00232612
0.00125226
0.00159065
0.0121046
0.00397702
0.00517906
0.00779666
0.00947019
0.000323055
0.00300538
0.0314989
0.00211541
0.00255995
0.00423293
0.000660849
0.00573751
0.00185425
0.00458586
0.0144497
0.0021942
0.00596722
0.00222907
0.00159546
0.0079782
0.00178273
0.00769833
0.00378784
0.0140244
0.00911316
0.00832261
0.0050345
0.00154567
0.0126442
0.00533555
0.00230082
0.00244907
0.00563565
0.00355538
0.00368404
0.00294222
0.00541519
0.00318457
0.00440842
0.00207216
0.00580037
0.00246031
0.00303651
0.00257697
0.00152336
0.0292309
0.00402096
0.00473452
0.00416929
0.00485946
0.00276061
0.00607963
0.00153757
0.00770782
0.00200291
0.00850446
0.00111331
0.00202838
0.00571991
0.00132501
0.00239906
0.0100223
0.00171783
0.000822296
0.00555612
0.00244148
0.00191418
0.0107689
0.00569618
0.00249061
0.0019674
0.00236329
0.00308808
0.00195331
0.00197445
0.00131973
0.00328598
0.00143198
0.00384953
0.00210746
0.00397806
0.00153079
0.0154042
0.00300874
0.00269275
0.00130485
0.00106642
0.00190366
0.00059015
0.00649657
0.0226211
0.0033534
0.00400248
0.00367524
0.00330495
0.00344821
0.00626269
0.0050481
0.00413695
0.00273761
0.000877997
0.010057
0.00114018
0.003464
0.00272579
0.00344204
0.00339468
0.00299934
0.000731208
0.000305425
0.00230579
0.00372321
0.00624749
0.00260334
0.00259655
0.00378482
0.0046745
0.000552883
0.00969516
0.00893788
0.00338401
0.00427806
0.0015685
0.00506032
0.00294607
0.0028148
0.000483618
0.00025628
0.00200464
0.00125246
0.00188248
0.00234762
0.00675488
0.00691164
0.00556252
0.0042216
0.00285608
0.00549519
0.00120013
0.00191189
0.00318056
0.00738452
0.00380238
0.00252693
0.00103744
0.00560722
0.00315733
0.00151942
0.00295432
0.000235034
0.000870399
0.00421483
0.00999934
0.00223106
0.00269092
0.0112607
0.0174833
0.00552888
0.00424838
0.00407478
0.00121882
0.00588892
0.00167884
0.00241947
0.00143544
0.00487421
0.00241712
0.00472834
0.000346022
0.000651914
0.00180087
0.00357102
0.0022842
0.000504283
0.00585709
0.00402016
0.00292129
0.00502243
0.0032132
0.00274794
0.00357898
0.00345529
0.00420427
0.00189478
0.0163164
0.00697503
0.00555634
0.00493832
0.00256509
0.000467045
0.00748183
0.00155469
0.0118613
0.00425965
0.000883774
0.00463112
0.00229566
0.00485589
0.000446273
0.00116107
0.00162548
0.0016848
0.00229169
0.00317853
0.00175537
0.00080185
0.00208194
0.00432459
0.000340657
0.00106957
0.00145631
0.00253718
0.0034297
0.00223519
0.000560055
0.00248198
0.00627145
0.000216761
0.00517043
0.00396802
0.00306429
0.000950202
0.0110212
0.00106308
0.00391514
0.0068609
0.00172559
0.0113451
0.0159504
0.00181027
0.00236606
0.00187241
0.00401327
0.00141933
0.00584244
0.00090883
0.00805926
0.000519966
0.00566851
0.003002
0.00108684
0.000768875
0.00228122
0.00155408
0.00275831
0.00454999
0.00362674
0.00310835
0.0129448
0.00448973
0.00982137
0.000979522
0.00603127
0.0017743
0.00117474
0.00480881
0.0106553
0.00393029
0.00912504
0.00162824
0.000851508
0.0021723
0.00269913
0.00141976
0.00699707
0.00392212
0.0112339
0.0101479
0.00223723
0.00257971
0.00534173
0.00204679
0.00422293
0.000844359
0.00478927
0.00168316
0.00525724
0.00414873
0.00997922
0.00268389
0.00537419
0.00189911
0.000837802
0.00172859
0.00164117
0.000972043
0.0045073
0.00129718
0.00098888
0.00348168
0.00280741
0.00229476
0.00122309
0.00344205
0.0073812
0.00399639
0.0080176
0.00295703
0.00189767
0.00563582
0.0039269
0.00620418
0.000988408
0.00154636
0.0050027
0.00262373
0.00754558
0.00392844
0.0031936
0.00311109
0.00577364
0.00645691
0.00406619
0.00172104
0.00377556
0.000183628
0.00474479
0.00370832
0.00674685
0.00447519
0.0128432
0.00829514
0.0100668
0.00961433
0.00462596
0.00278655
0.00449952
0.00394679
0.00191466
0.00351175
0.0127196
0.00664598
0.00536583
0.0021546
0.00584423
0.00183269
0.00465872
0.011062
0.0535944
0.00500769
0.00214249
0.00284878
0.00339178
0.00467129
0.00589123
0.00291351
0.00339342
0.00324064
0.0101086
0.00438652
0.00168111
0.00312748
0.00487713
0.001808
0.00148703
0.00370607
0.00240066
0.00608619
0.00293823
0.00376229
0.00315074
0.0236522
0.0049931
0.0358022
0.00184053
0.00442723
0.0147408
0.00325095
0.0037362
0.000925743
0.00845434
0.00363305
0.00813403
0.00288487
0.00187379
0.00222826
0.00158165
0.00532901
0.00292448
0.00231759
0.00274933
0.0131661
0.0028808
0.00361082
0.001741
0.00370981
0.00927123
0.00263719
0.000478604
0.0136272
0.0151182
0.00671549
0.00245384
0.00280923
0.0075376
0.00197562
0.00303369
0.00753617
0.00134652
0.00305024
0.000331286
0.000590956
0.00300463
0.00232316
0.00326974
0.00421564
0.00400767
0.00218201
0.00556764
0.00447019
0.0059707
0.0030644
0.00611658
0.00277568
0.00332475
0.00166378
0.00737106
0.00166241
0.00066297
0.000289235
0.00593533
0.00227354
0.00317974
0.00249987
0.00120764
0.00216607
0.00603377
0.00186926
0.0020846
0.00980109
0.00322743
0.00579468
0.000345978
0.00996162
0.00275964
0.00351982
0.0090636
0.00619138
0.00538687
0.00529451
0.0013566
0.00287252
0.00925663
0.00179264
0.00501481
0.00286107
0.00311768
0.00351045
0.00271244
0.0026286
0.00166588
0.0297916
0.000849779
0.00319502
0.000838237
0.00182867
0.00291752
0.00415001
0.00410554
0.0091429
0.00423319
0.000238756
0.00282231
0.00433467
0.0042236
0.00111919
0.000314261
0.00520239
0.0310463
0.0024523
0.00705803
0.00208392
0.00603402
0.00379428
0.00143534
0.00258812
0.00494929
0.00179275
0.00224281
0.000876821
0.00342582
0.00537744
0.00218489
0.00579884
0.00340757
0.00173741
0.0048931
0.00401406
0.0159705
0.00299401
0.000986419
0.00638934
0.00240446
0.0025578
0.00228545
0.00365322
0.00385964
0.00534909
0.00462971
0.0087481
0.00433849
0.0105722
0.00414365
0.0013148
0.00428891
0.00222035
0.00525542
0.00279788
0.00598878
0.0161807
0.00143535
0.00375995
0.00436015
0.0011862
0.0128725
0.00249141
0.00335344
0.00232989
0.00152483
0.00273521
0.00330863
0.0163657
0.00448681
0.00423924
0.0064286
0.00170895
0.00521209
0.00175496
0.00176025
0.0016338
0.00306705
0.0032809
0.00215807
0.0101275
0.000798164
0.00592381
0.00120672
0.00252879
0.00504689
0.00433824
0.00214215
0.00203651
0.00630478
0.00246416
0.00141256
0.0138308
0.00614684
0.00438832
0.00331927
0.0036335
0.00115091
0.00181585
0.00196859
0.00376851
0.00104497
0.00370495
0.0064358
0.0131687
0.019899
0.000250084
0.0139197
0.00544351
0.0102723
0.00081362
0.00282452
0.00427939
0.0173923
0.0184991
0.00216574
0.00117167
0.0187477
0.00310317
0.00263655
0.00086104
0.00146669
0.00278021
0.000796717
0.00270614
0.00298034
0.00313904
0.00254319
0.00696373
0.00214221
0.00634148
0.00356083
0.015488
0.00467277
0.00520496
0.00240773
0.00540641
0.00492569
0.00234022
0.00029335
0.00589216
0.000904249
0.00106762
0.00314269
0.0138749
0.00354865
0.00267936
0.00384935
0.00500843
0.00532394
0.027113
0.00703252
0.00487546
0.0043459
0.00210397
0.0009797
0.00214433
0.00125796
0.00300659
0.00272553
0.00182823
0.00843546
0.00712683
0.00890356
0.00127533
0.00250131
0.00158039
0.0020285
0.00626551
0.00157255
0.00235012
0.00456822
0.000495201
0.00978903
0.00563624
0.0067648
0.00230403
0.00206647
0.0138791
0.00114106
0.0014712
0.00505119
0.00954691
0.00272304
0.000721549
0.00476952
0.00411466
0.00331086
0.00500872
0.00594532
0.00304865
0.002574
0.00391849
0.00136029
0.00451365
0.00502552
0.00177665
0.00119473
0.00913028
0.0097681
0.00556543
0.00370586
0.00147504
0.00191806
0.000757398
0.00393456
0.0151981
0.0136423
0.00121639
0.00331293
0.00423628
0.00341118
0.00105219
0.0112872
0.00469293
0.011923
0.0111102
0.00102773
0.0104697
0.00509915
0.0246815
0.00186924
0.00485266
0.00400905
0.00981599
0.00323768
0.0109108
0.00427375
0.00277218
0.00407363
0.00351566
0.00249203
0.0142839
0.00494822
0.00121506
0.00289344
0.00346228
0.0175041
0.00501322
0.00392962
0.00197901
0.033889
0.0117737
0.0049352
0.00206587
0.00183121
0.00656664
0.00180894
0.00961305
0.00722562
0.0012736
0.00691063
0.00342157
0.00984872
0.00140649
0.00292629
0.0125666
0.000368969
0.017821
0.00150093
0.00349887
0.00118839
0.00127719
0.00203666
0.00302345
0.0114629
0.002278
0.00694095
0.00551803
0.00582408
0.00341684
0.0024581
0.00192126
0.00325802
0.00340477
0.000706139
0.000513351
0.00243092
0.000882837
0.00149141
0.016934
0.00200571
0.00227607
0.00943476
0.00922397
0.00903461
0.00479318
0.00258914
0.00282065
0.00122254
0.00448507
0.00725445
0.00320519
0.0107489
0.0121698
0.00852017
0.00627885
0.00348805
0.0026639
0.00592857
0.016091
0.000791042
0.00771107
0.00589102
0.00455288
0.00193563
0.00133708
0.00351811
0.00384387
0.00217781
0.00301159
0.0058546
0.00418588
0.00295853
0.00219797
0.00133503
0.00137144
0.00797658
0.00574501
0.015486
0.0061826
0.0138915
0.00434146
0.00903796
0.00304468
0.00141937
0.000773047
0.00684719
0.0045577
0.00375413
0.000660885
0.000907422
0.0046558
0.00193011
0.0024812
0.00223606
0.000350026
0.00175986
0.00382686
0.00193866
0.0133069
0.00387575
0.00233974
0.002828
0.000362568
0.00134527
0.00167861
0.00799232
0.0390297
0.00409932
0.00293659
0.030138
0.00282321
0.00208442
0.0189864
0.00432424
0.00753048
0.00196848
0.00259182
0.00779145
0.00549786
0.00421197
0.00511789
0.00408019
0.00173691
0.00998221
0.00273434
0.00247883
0.00198072
0.00329465
0.0440102
0.00159745
0.0124307
0.00399526
0.00111146
0.00600346
0.00270742
0.004508
0.00659278
0.00261332
0.0013744
0.00649922
0.00226032
0.00524209
0.00160759
0.00144435
0.000543233
0.0082842
0.00207804
0.00178004
0.000650866
0.00455721
0.00143736
0.00121157
0.00299217
0.00283318
0.00212732
0.00190368
0.00657026
0.00618292
0.0289999
0.00103089
0.00467597
0.000952041
0.0158428
0.00311882
0.0199798
0.00107413
0.00148106
0.00243492
0.00147022
0.00192272
0.00165835
0.00877944
0.0030981
0.00294436
0.00669703
0.0014589
0.00312874
0.000783865
0.00521104
0.00587488
0.00302688
0.00316108
0.00109216
0.000724517
0.000965349
0.0049369
0.00233925
0.00690625
0.0137041
0.0433206
0.00378503
0.00437123
0.000727053
0.00168523
0.00242336
0.00202452
0.00229411
0.00415089
0.00445556
0.00126214
0.00266216
0.00275807
0.00420643
0.00180652
0.00654768
0.00369538
0.00346979
0.0023064
0.0129416
0.00151991
0.00234019
0.00573991
0.00399263
0.00341612
0.0048701
0.0073796
0.00236856
0.00135057
0.00219883
0.00360267
0.00195336
0.0023078
0.00863518
0.00396152
0.00601095
0.00107644
0.00220015
0.00670634
0.00226489
0.000251518
0.00185524
0.00709739
0.00350101
0.00070823
0.00173371
0.00259716
0.00327064
0.00414661
0.000836889
0.00409737
0.00751033
0.00215627
0.00244138
0.000937747
0.0161769
0.00489784
0.00400509
0.00615883
0.000940781
0.00326563
0.00125464
0.00397174
0.00341541
0.00547522
0.00474367
0.00106795
0.00635791
0.000757203
0.00445949
0.00103857
0.00878763
0.00356986
0.0035834
0.000876438
0.0136712
0.0030041
0.00371918
0.00264531
0.00212473
0.00610068
0.00561032
0.00136597
0.00152752
0.00590345
0.00207752
0.00314745
0.000719035
0.00213626
0.00517149
0.00343866
0.000818353
0.00629513
0.00200735
0.00353813
0.00166754
0.0055398
0.00141225
0.0030115
0.00134244
0.00476088
0.00408025
0.00590387
0.00134674
0.00191519
0.00786129
0.00616729
0.00305424
0.000733443
0.00376526
0.00142108
0.00063781
0.00449037
0.0120943
0.0042421
0.000636674
0.0184729
0.00204581
0.00253146
0.00186653
0.00744176
0.00168615
0.0010958
0.00670778
0.00305777
0.015944
0.00351745
0.000968409
0.00148219
0.00413261
0.00566498
0.00273618
0.00308194
0.001905
0.00386408
0.00709041
0.0144526
0.00127141
0.00397428
0.00298628
0.00526644
0.011606
0.00337182
0.00654045
0.00549116
0.00357777
0.00181179
0.0014883
0.0078613
0.0119603
0.00125594
0.00160449
0.00157228
0.00559425
0.00492618
0.00375643
0.00125154
0.00251797
0.00691486
0.00253406
0.00538638
0.00177581
0.00232975
0.0044495
0.00778297
0.00258837
0.00150288
0.00128033
0.00511542
0.00181285
0.00536392
0.00371017
0.00469531
0.000969156
0.00136886
0.0228327
0.00374163
0.00158761
0.00313734
0.0130054
0.00140648
0.00479267
0.00445405
0.00358124
0.00226026
0.00174068
0.00145404
0.0100804
0.0040037
0.00104151
0.00561675
0.0053258
0.00494415
0.000928517
0.010204
0.000861647
0.00759338
0.00223554
0.00316044
0.00430577
0.00510546
0.00727301
0.00360538
0.0045368
0.00374679
0.00100464
0.00446276
0.00168957
0.00346226
0.00582037
0.000382589
0.0052206
0.00186139
0.00148972
0.00134925
0.00363888
0.00273643
0.000702891
0.00265544
0.00185077
0.000612973
0.00405937
0.00185266
0.00181698
0.00169791
0.00368509
0.000815236
0.0026843
0.00283894
0.000888698
0.00322988
0.0021572
0.00613146
0.00140124
0.00497499
0.00469025
0.00191682
0.00848884
0.0159141
0.0012767
0.00890006
0.00320046
0.00241875
0.00169811
0.00491381
0.000925912
0.0157179
0.00849378
0.00414334
0.00116671
0.00328941
0.00158325
0.00177596
0.0156468
0.00589597
0.00243671
0.00253299
0.00955462
0.00578103
0.0029129
0.00257119
0.00263075
0.00356892
0.00196361
0.0101186
0.00761999
0.000476786
0.00623563
0.0378195
0.00558662
0.00419632
0.00199248
0.000946894
0.00349089
0.00230179
0.00449823
0.00666555
0.00330891
0.00117385
0.00152716
0.00418896
0.00397499
0.0063616
0.00222574
0.00848614
0.00182044
0.000443025
0.0118291
0.00483627
0.00574361
0.00414387
0.00439364
0.00403661
0.00610588
0.0025871
0.00974523
0.00348561
0.00534705
0.0127378
0.00256083
0.0047077
0.0065891
0.000925885
0.00357097
0.00151637
0.00187509
0.000638647
0.00361503
0.00422963
0.000282929
0.0024399
0.00169124
0.00569197
0.00418085
0.00129539
0.00568875
0.00267935
0.00559591
0.00308903
0.00211476
0.018855
0.00134971
0.000755443
0.00344239
0.00683661
0.00362309
0.000355443
0.00152946
0.00516417
0.00878654
0.00561604
0.00296245
0.00623209
0.00517384
0.00451811
0.00436281
0.00417067
0.0107847
0.00386032
0.01029
0.0149344
0.00301595
0.00175387
0.00311964
0.00148937
0.0024713
0.00606662
0.012571
0.00318254
0.00267608
0.00300043
0.0107069
0.000783348
0.00225225
0.00468297
0.00327451
0.00323667
0.0031185
0.0056065
0.0014312
0.00424783
0.00264897
0.00301711
0.00375133
0.00705303
0.000414992
0.00576436
0.0017408
0.0123393
0.00289401
0.00712358
0.00587243
0.000234349
0.011383
0.0092929
0.00424924
0.00388782
0.00712049
0.000799109
0.00604137
0.00639435
0.00326452
0.00545754
0.00376504
0.00345277
0.00199595
0.00349927
0.00459871
0.0110649
0.000781155
0.00588999
0.00192623
0.00392979
0.00208511
0.0032937
0.00983423
0.00196688
0.00124237
0.00689993
0.00402698
0.00156056
0.00410883
0.00615654
0.00779892
0.00361141
0.00155377
0.0012889
0.000767564
0.0053367
0.00432603
0.00559311
0.00341966
0.00189935
0.00140749
0.00095247
0.00651679
0.00649506
0.0070637
0.00335984
0.00321178
0.00413618
0.00173367
0.0020346
0.00171056
0.00140088
0.00166475
0.0100573
0.000194003
0.0021504
0.00153471
0.00298877
0.00329654
0.0176813
0.00756154
0.00515601
0.00230254
0.00585117
0.0021037
0.00898409
0.00563071
0.0100138
0.00428035
0.00146023
0.00482817
0.0042513
0.00227033
0.00396111
0.00281879
0.00281465
0.0206263
0.00291908
0.00317647
0.000800331
0.0050407
0.0023318
0.0030325
0.0029676
0.0104218
0.000318775
0.0114956
0.00372798
0.00400401
0.0112824
0.00181815
0.015373
0.0037298
0.00169249
0.000551946
0.00853061
0.00695197
0.051519
0.00151813
0.00714949
0.00225156
0.00343727
0.00951656
0.00235092
0.000476835
0.0109608
0.0044675
0.00247617
0.00256032
0.00272045
0.00206676
0.00571698
0.00348885
0.00876326
0.00875886
0.00290616
0.00193947
0.000654449
0.00188728
0.00328171
0.00453405
0.0012179
0.00275872
0.00507488
0.00106682
0.0021761
0.00287793
0.00563271
0.00319755
0.0097138
0.00493627
0.00268871
0.00661288
0.00754115
0.00118083
0.00225785
0.00817761
0.00387129
0.0033498
0.00871762
0.000806511
0.00932941
0.00198417
0.00257378
0.00250026
0.00311246
0.00243665
0.00341751
0.00740533
0.00654907
0.00131569
0.00163757
0.00200182
0.0233737
0.0022149
0.0018175
0.00958188
0.0120287
0.00150206
0.00310088
0.00170808
0.00406884
0.00723864
0.00918857
0.00562567
0.00200871
0.00395033
0.00306066
0.00318444
0.00261844
0.00118284
0.00436479
0.00203638
0.0113151
0.00231667
0.00752597
0.00262959
0.000368061
0.00403054
0.00474059
0.00145367
0.000912849
0.00234388
0.00103372
0.00444507
0.00176296
0.000827808
0.00423853
0.00167289
0.00388556
0.00807092
0.00371218
0.00426457
0.00514953
0.00341106
0.00399286
0.0030255
0.00379489
0.00317424
0.00720813
0.00526203
0.00104618
0.00799057
0.0111831
0.00126183
0.00538241
0.000701425
0.00193886
0.00334715
0.00298036
0.00547072
0.00377215
0.0019821
0.00543435
0.0066391
0.00281617
0.00188462
0.00390093
0.00485982
0.00294766
0.000725956
0.00448875
0.00127251
0.00335701
0.00214432
0.00354015
0.00887801
0.00629807
0.00174721
0.0112152
0.00361878
0.0145986
0.00813325
0.00243616
0.0281445
0.000784504
0.00753204
0.000689607
0.00330952
0.00211904
0.00367576
0.00296545
0.00260485
0.0017881
0.00145596
0.00351943
0.00238981
0.00306517
0.00272086
0.00569185
0.00109857
0.000694013
0.00421941
0.000882706
0.00202211
0.00311737
0.00860845
0.000810464
0.00454367
0.00393139
0.00215984
0.00180777
0.00730753
0.00339786
0.00285636
0.0024059
0.00205098
0.00156497
0.00403063
0.00379434
0.0115677
0.00466413
0.011606
0.00699632
0.000919119
0.00154918
0.00484689
0.00144937
0.00585534
0.00246827
0.00184352
0.00197718
0.0108308
0.00271529
0.00146002
0.00161948
0.00191697
0.00349548
0.00489728
0.00432457
0.00646413
0.00285148
0.00948186
0.00591798
0.00299316
0.0053136
0.00503714
0.00202402
0.0168826
0.00968737
0.00214363
0.0102119
0.00689818
0.0060424
0.00188722
0.00821658
0.00191004
0.00253828
0.00255943
0.00310384
0.00138459
0.00238318
0.0014232
0.00343995
0.0133942
0.00265431
0.00378171
0.000559126
0.0163746
0.00335261
0.00120391
0.00346163
0.00212219
0.00589334
0.00324799
0.0112455
0.00128808
0.00631548
0.00439535
0.00424602
0.0222821
0.00176609
0.00615933
0.00977613
0.00431519
0.00884757
0.00238744
0.0108095
0.000969552
0.00175494
0.00351922
0.00382758
0.00472878
0.000975374
0.00160694
0.00110416
0.00547301
0.00433909
0.00096757
0.00186617
0.00329358
0.00503712
0.0011788
0.0062694
0.00470341
0.00778369
0.00288124
0.00621875
0.00396351
0.0064904
0.00444937
0.00408915
0.000950527
0.00440513
0.00609615
0.00335552
0.00326045
0.00669132
0.00472045
0.0130275
0.00430246
0.00238647
0.00258884
0.00344263
0.00400001
0.00148284
0.0014186
0.00145825
0.00212501
0.00426129
0.00304907
0.00364606
0.00348002
0.00433163
0.00141047
0.00159573
0.00406389
0.0107173
0.00294289
0.0108143
0.00840187
0.00625941
0.00394377
0.00698931
0.00283907
0.00275205
0.000876828
0.0179425
0.00730315
0.00574753
0.00510517
0.00250839
0.00199881
0.00163235
0.00139245
0.00463201
0.00118185
0.00288232
0.00160475
0.00299195
0.00289013
0.00301514
0.00112746
0.00281618
0.00420849
0.00231356
0.00964205
0.00355312
0.00358784
0.00433511
0.0162903
0.00905677
0.00115819
0.0024526
0.00313951
0.00134766
0.0041497
0.00282359
0.00236523
0.00576135
0.00939642
0.0079715
0.0044557
0.00168655
0.00240248
0.00412068
0.00168764
0.00290366
0.0025857
0.00540595
0.0110521
0.00194644
0.00136559
0.00117904
0.0123413
0.00185126
0.0021273
0.00462272
0.00241735
0.00218882
0.000834414
0.00301575
0.000326256
0.00464067
0.00558461
0.0135857
0.00969505
0.0052853
0.00614825
0.0108524
0.00205316
0.00184017
0.000388569
0.00424845
0.00194139
0.00230915
0.00698172
0.00591279
0.00294913
0.00165241
0.00282177
0.0132621
0.0104611
0.00396616
0.00171135
0.00206922
0.00351796
0.0016937
0.0421879
0.00850181
0.0014089
0.0233268
0.00384396
0.00790204
0.00458915
0.000365062
0.00161047
0.00585683
0.00322697
0.00360987
0.000928484
0.00414337
0.00809213
0.0022458
0.00269561
0.00391207
0.0021933
0.00325091
0.000714723
0.00450078
0.0188255
0.00144918
0.00484798
0.00328774
0.00411309
0.00254999
0.00940164
0.0048598
0.000851215
0.00326504
0.00464748
0.00166766
0.00367725
0.00683659
0.00524315
0.00248344
0.00919952
0.00447381
0.00406121
0.00251518
0.00306899
0.00516106
0.000433952
0.0119724
0.00247098
0.0044841
0.0102434
0.00169755
0.00539571
0.00523642
0.00226796
0.00316037
0.00521742
0.0102009
0.00426314
0.000177123
0.00107968
0.00182568
0.00542969
0.00990531
0.00443501
0.000810946
0.00292669
0.00344731
0.00256081
0.00743333
0.007274
0.00675065
0.00576474
0.00139958
0.00398545
0.00345034
0.00379827
0.00711852
0.00300754
0.0061838
0.00501297
0.00227166
0.00815648
0.00964504
0.00120986
0.0109025
0.00118206
0.00239349
0.00169709
0.0024698
0.000828876
0.00448906
0.00534256
0.00143341
0.00165821
0.00144463
0.00896597
0.00132195
0.00227894
0.00258588
0.00543748
0.0374313
0.0126498
0.0125312
0.0160079
0.00750971
0.00212682
0.00159924
0.000896978
0.00211234
0.00253443
0.00252675
0.0113014
0.00453763
0.00323751
0.00519595
0.00192877
0.00704168
0.00236146
0.00278597
0.00340303
0.0024267
0.00500821
0.00369
0.00144501
0.00266053
0.00691934
0.000798769
0.00579664
0.0025394
0.00662688
0.00837243
0.00439677
0.0029757
0.00364712
0.00284868
0.00493472
0.000200124
0.00184259
0.00361753
0.00692807
0.00567951
0.00722277
0.00427984
0.00391457
0.00205082
0.000738539
0.00592689
0.0108446
0.00202372
0.00807476
0.00730204
0.00360093
0.00247216
0.0123396
0.00157528
0.00527105
0.00246491
0.0129346
0.00286447
0.00184892
0.00533338
0.00117372
0.00267048
0.00288443
0.000417604
0.00305173
0.00449379
0.00448238
0.00468535
0.00136863
0.00212354
0.00283264
0.00253056
0.00358822
0.00110453
0.00198282
0.00140989
0.00258401
0.00262095
0.0023278
0.017664
0.00357072
0.00258786
0.00588069
0.00185726
0.00245595
0.00240431
0.0040077
0.00553934
0.00330107
0.00555551
0.00225455
0.00223407
0.00341253
0.00240709
0.0029827
0.00171652
0.00697265
0.00170414
0.00171179
0.00196137
0.00856542
0.00195482
0.00468066
0.00401234
0.0114813
0.00184562
0.003458
0.00103017
0.0012277
0.00276724
0.00186076
0.00272922
0.00117599
0.00475829
0.00280506
0.000786242
0.00867687
0.000928502
0.0021459
0.00571118
0.00171308
0.00162813
0.0069728
0.0084478
0.00177482
0.00136181
0.0019565
0.00102121
0.0060359
0.00904805
0.00380281
0.00647275
0.00290195
0.00303675
0.00210249
0.00079291
0.00211828
0.00858345
0.00815207
0.00182362
0.000720511
0.00313573
0.000557513
0.0182913
0.00716247
0.00678698
0.0104045
0.00823205
0.00565579
0.000821344
0.00700491
0.00381848
0.00632497
0.00376637
0.00438314
0.00203983
0.00427431
0.0152378
0.00126836
0.00146095
0.00190873
0.00580401
0.00434579
0.00165109
0.00242274
0.000941893
0.00520751
0.00224823
0.00484719
0.00221522
0.000789168
0.0186826
0.000740997
0.00595654
0.00307829
0.00296702
0.00938942
0.0011234
0.000963803
0.00139431
0.0013267
0.00153187
0.00140212
0.000449013
0.00239063
0.00493766
0.00316076
0.00202479
0.0024603
0.00870742
0.00198971
0.00199503
0.00515407
0.00465919
0.00438708
0.00408099
0.00227081
0.00698392
0.00341792
0.000292233
0.00491922
0.00576937
0.00439863
0.00482328
0.00415453
0.000869897
0.00279092
0.00185
0.00590362
0.00375528
0.002582
0.00256777
0.00562203
0.00277303
0.0039037
0.00150094
0.0021193
0.00785503
0.00346992
0.00119111
0.0064542
0.00684148
0.0010884
0.00306047
0.00476835
0.014752
0.0062406
0.00637664
0.00508557
0.00251327
0.00230065
0.00188192
0.0104983
0.00518612
0.00521609
0.00998221
0.00101192
0.000731395
0.00149621
0.00336828
0.00372301
0.00549586
0.00283419
0.00517431
0.00367902
0.00139853
0.00325144
0.00194823
0.0109262
0.00201221
0.00189567
0.00281016
0.00977379
0.00228218
0.0020519
0.00350664
0.00247997
0.00142662
0.00132506
0.0029584
0.00202835
0.0124543
0.00423165
0.00296099
0.00823479
0.00078515
0.00415162
0.0159345
0.00859615
0.0132024
0.00385418
0.0025112
0.00609474
0.0018159
0.00604246
0.0114963
0.00329882
0.00588633
0.00195333
0.00200084
0.00526271
0.00157041
0.00436312
0.00291453
0.00371244
0.00704407
0.00270428
0.0106986
0.00187975
0.00184749
0.00268024
0.00517477
0.0150546
0.00143151
0.0125556
0.000761354
0.0130844
0.00715745
0.00433652
0.00178827
0.0009265
0.00165981
0.00396901
0.000938031
0.00377579
0.0013224
0.00238885
0.00966788
0.000620153
0.000602077
0.00136003
0.00124274
0.0033473
0.00613615
0.000494288
0.0048349
0.00213705
0.00250064
0.00569248
0.0206084
0.00251525
0.00190716
0.00202059
0.00499121
0.00180662
0.00456808
0.00363958
0.0030596
0.00402908
0.00118839
0.000259331
0.00217227
0.00467158
0.0165049
0.00400712
0.00230757
0.00247194
0.00555883
0.00210502
0.0031818
0.00434541
0.00109205
0.0038278
0.0215494
0.00832207
0.0061929
0.00367414
0.0095593
0.0140802
0.00723112
0.0013873
0.00317207
0.00724086
0.00168339
0.00209326
0.00577516
0.000746385
0.0029714
0.00851298
0.0124124
0.00888667
0.012695
0.0033409
0.00787962
0.0032353
0.00286466
0.00393357
0.00239125
0.0042047
0.00184065
0.00105058
0.0025912
0.00395354
0.0185453
0.005908
0.00193376
0.00168787
0.00117262
0.00308347
0.00637928
0.00237369
0.00190768
0.00125224
0.00241106
0.00491583
0.00434459
0.00192931
0.00241846
0.00695106
0.00323097
0.00211258
0.00488826
0.00311486
0.0204647
0.00392442
0.00211523
0.00290449
0.00149809
0.00147016
0.00307942
0.0112807
0.00553628
0.000871713
0.0160067
0.00474006
0.00785054
0.00882004
0.0100511
0.00511915
0.00396129
0.00088073
0.00518077
0.00161083
0.00467631
0.00120198
0.0164654
0.000690383
0.0110506
0.00386438
0.00194403
0.00182273
0.00348801
0.00292104
0.00367877
0.00877975
0.00880742
0.00139177
0.001286
0.00132476
0.00223383
0.00305187
0.000677745
0.00628581
0.0034284
0.00235652
0.00687071
0.00113286
0.00536449
0.00474472
0.00937898
0.000624046
0.0134996
0.00403067
0.0136361
0.00320176
0.000879628
0.00442894
0.00198349
0.00429661
0.00328434
0.000651035
0.00402587
0.0556953
0.00533457
0.00351302
0.00201769
0.00355203
0.00222216
0.00174028
0.00629229
0.00703926
0.0125889
0.00414187
0.00486577
0.00177149
0.00346027
0.00256925
0.00779181
0.00215916
0.00258883
0.00227775
0.00292014
0.00209063
0.00127965
0.0165787
0.00305488
0.00292379
0.00501589
0.00209764
0.00118494
0.0042562
0.00763561
0.0025312
0.00929382
0.00162068
0.00117344
0.00162216
0.00251553
0.0031185
0.00217024
0.00443164
0.0029376
0.00294551
0.000814784
0.00154962
0.00342887
0.00163807
0.0101417
0.00220897
0.00176136
0.00241742
0.0041467
0.0102222
0.0014359
0.00316575
0.00716482
0.00114706
0.0102276
0.0119594
0.00152133
0.00671836
0.00166116
0.00235667
0.00720142
0.00151875
0.00222626
0.0082205
0.00393995
0.00523781
0.0028863
0.00271408
0.00357686
0.00211615
0.00257474
0.00592737
0.00913533
0.000670851
0.00787828
0.00293998
0.00131836
0.00273442
0.0010685
0.00848299
0.00244887
0.00245411
0.00535946
0.00151382
0.00466045
0.00256354
0.00416387
0.00125689
0.00125029
0.00609889
0.00204456
0.00320339
0.00289132
0.00101062
0.000818074
0.00271459
0.0133667
0.000818107
0.00391543
0.00565403
0.0159219
0.0034449
0.00310749
0.00435769
0.00181176
0.00110214
0.00186788
0.00303985
0.00605668
0.000285808
0.00181782
0.000642075
0.00119388
0.00184284
0.00283052
0.00163507
0.0183323
0.00636554
0.00227992
0.00286088
0.00259352
0.010372
0.00168126
0.00418013
0.00229454
0.00369703
0.00197219
0.00210382
0.00257101
0.00131516
0.00341091
0.00208241
0.00316716
0.00193894
0.00275853
0.000942474
0.0282915
0.00166616
0.00429154
0.00180962
0.00097281
0.000597505
0.00203986
0.00590485
0.00182124
0.00204424
0.00538622
0.00210103
0.00138981
0.000358729
0.00784392
0.00182231
0.00168082
0.00666853
0.00761725
0.00377241
0.00629826
0.000877232
0.00419158
0.00558701
0.00114917
0.00618845
0.00268184
0.0031685
0.0032025
0.00277365
0.0074401
0.0101632
0.00552376
0.00406195
0.0060723
0.00234525
0.00242265
0.00530449
0.00310303
0.00269967
0.00245008
0.00852411
0.00257161
0.00184294
0.0417011
0.00338101
0.00814367
0.00194562
0.00191521
0.00286007
0.00536781
0.00296945
0.00771855
0.00198032
0.00120877
0.00161968
0.00362854
0.00563968
0.00197912
0.0043367
0.00748894
0.00787127
0.00435451
0.00234295
0.00227742
0.00209178
0.00306168
0.0076876
0.00196364
0.000274838
0.0273296
0.00626128
0.00101502
0.00177723
0.00531224
0.00125934
0.00741736
0.00417883
0.0172883
0.00544783
0.00410244
0.00432511
0.000670567
0.00798838
0.00342764
0.0248661
0.00133603
0.00160292
0.0026375
0.00572628
0.0116066
0.00163925
0.00133973
0.00455941
0.0211061
0.00240195
0.000613704
0.00189712
0.00188258
0.00568547
0.00156869
0.022264
0.0052509
0.00419583
0.00189527
0.00472659
0.00471945
0.00254299
0.0249378
0.00336693
0.00366206
0.000907739
0.0118911
0.00025417
0.000998086
0.009329
0.0126264
0.00217118
0.00842588
0.00298518
0.00174352
0.0036938
0.00364861
0.00506521
0.00237539
0.00250932
0.00509435
0.000876115
0.00965398
0.0103768
0.00498875
0.00365919
0.00344646
0.00271859
0.00353386
0.00281913
0.00804868
0.00922462
0.00267256
0.00486426
0.00490624
0.00721475
0.00436176
0.0027788
0.0565914
0.0072488
0.00261788
0.00512943
0.00114575
0.00552074
0.00174545
0.00294127
0.0371985
0.00171094
0.00204262
0.000840713
0.00176415
0.0147438
0.0135027
0.00319219
0.00811804
0.00249789
0.00804777
0.00105752
0.00171897
0.001652
0.00122881
0.00743292
0.0110614
0.00272439
0.00181903
0.00693373
0.0107275
0.000558868
0.00257448
0.00242178
0.00565863
0.00150708
0.00255743
0.00484685
0.00246112
0.00239189
0.00345142
0.00290635
0.00758027
0.0033515
0.0084573
0.0053437
0.00364933
0.00696645
0.00648613
0.00152714
0.00428093
0.00767059
0.00667036
0.00313813
0.00924631
0.00638066
0.00201794
0.00358861
0.00351465
0.00843096
0.00244865
0.0141894
0.00144993
0.00278757
0.00214627
0.0021867
0.00142806
0.0109771
0.0109975
0.00495952
0.0050638
0.00106942
0.00236215
0.00260299
0.00207345
0.00251792
0.00613317
0.00748089
0.00126508
0.00265425
0.0019422
0.00179614
0.0026305
0.00622361
0.00271966
0.00432613
0.00458877
0.00453924
0.00147464
0.00308415
0.00445933
0.00257397
0.00172804
0.00594391
0.00618865
0.0167201
0.00347335
0.0019707
0.00410296
0.00355851
0.00500966
0.00443028
0.000738686
0.00383437
0.00166536
0.00293025
0.00217215
0.00140356
0.00232176
0.00494303
0.000700528
0.00359569
0.00200045
0.00623123
0.00374967
0.00690237
0.0153516
0.00788406
0.0108724
0.0025975
0.00508043
0.00178486
0.00476572
0.0038878
0.00156382
0.00813057
0.00501593
0.00206396
0.0463066
0.00554852
0.00393848
0.00852594
0.00288288
0.0018385
0.00558882
0.00771925
0.00936255
0.00263526
0.00155851
0.0125385
0.00324693
0.00181264
0.00813094
0.00187197
0.00351828
0.00273841
0.000901157
0.000945084
0.00513422
0.00219544
0.0024425
0.00134035
0.000361666
0.00111745
0.00413851
0.00390804
0.0237659
0.00341399
0.00508861
0.00323566
0.000955774
0.00385289
0.00281711
0.00607466
0.00185681
0.00249559
0.00670711
0.00557047
0.017624
0.00313229
0.00789571
0.00508333
0.0091308
0.00218279
0.0320252
0.00328477
0.00288336
0.00215826
0.00516468
0.00954129
0.00398542
0.00350285
0.0043675
0.00159771
0.00261719
0.00294283
0.00186398
0.00325632
0.00134369
0.00834442
0.00679543
0.00154604
0.00312044
0.00442786
0.0155191
0.00155648
0.000351318
0.000722812
0.0133288
0.00389254
0.00203709
0.00746974
0.00268113
0.00880079
0.00256298
0.00480183
0.00308888
0.0031593
0.0168597
0.00330734
0.00428412
0.00249537
0.00635017
0.00736963
0.00143157
0.014527
0.000987703
0.00550138
0.00599336
0.000862031
0.00270332
0.0031381
0.00153908
0.00209545
0.00574768
0.00271161
0.00321739
0.00151182
0.00303648
0.00354336
0.00230274
0.0041866
0.00255817
0.00697783
0.00550968
0.00471966
0.00227537
0.00794644
0.00349316
0.00245341
0.0040026
0.00184177
0.000563256
0.0054012
0.00363883
0.00272204
0.00103371
0.00296417
0.0104735
0.00187575
0.00106037
0.00502193
0.00249509
0.00171567
0.00661637
0.00787363
0.00202484
0.00204537
0.0132479
0.00395442
0.00254543
0.00762613
0.00126567
0.00193269
0.0011836
0.0038355
0.0068401
0.00130795
0.00261236
0.00127656
0.00332313
0.00298839
0.00555334
0.00437721
0.00564151
0.00442977
0.00319956
0.00223895
0.00246031
0.00683343
0.00395209
0.0104518
0.00211265
0.00073248
0.0012731
0.00245559
0.00337882
0.00232701
0.00133097
0.00361336
0.0013802
0.00548744
0.00341118
0.00188601
0.000943917
0.00730698
0.0028997
0.00844715
0.00151243
0.00665966
0.000745096
0.00509434
0.00219796
0.00338293
0.00716633
0.0133384
0.0103896
0.00283627
0.00479998
0.0160616
0.00450781
0.003458
0.000935653
0.00435802
0.00724474
0.00881112
0.0058035
0.0217053
0.000494337
0.00304785
0.00102792
0.00345223
0.0131681
0.00163112
0.00117147
0.00293114
0.000347387
0.00296448
0.00300674
0.0038693
0.0135339
0.00373409
0.00351585
0.00765147
0.00398159
0.00154394
0.0164694
0.0070736
0.010115
0.00219542
0.0030201
0.00272193
0.0359932
0.00540312
0.0054329
0.0228772
0.00908892
0.00420855
0.00270501
0.0104488
0.00108487
0.00166773
0.00374058
0.0014259
0.0110714
0.00140859
0.00440506
0.00164062
0.00181809
0.0232535
0.00551624
0.0028476
0.00336694
0.00607805
0.00420701
0.00347285
0.0119501
0.00654538
0.00139596
0.00730517
0.00740327
0.00111477
0.0029138
0.00490594
0.00302877
0.000322654
0.00949189
0.006105
0.0133498
0.00586341
0.00612348
0.00633924
0.00223824
0.00160373
0.00128821
0.00283903
0.00401665
0.00073029
0.00449105
0.00218237
0.00126226
0.00541244
0.00379664
0.00374177
0.00531989
0.021911
0.00304148
0.0023368
0.00724886
0.00675702
0.00375216
0.00178787
0.000617015
0.00371655
0.00245422
0.0043127
0.00393279
0.000418613
0.00240966
0.00248463
0.0104135
0.0055405
0.00136071
0.0027153
0.00431237
0.00357637
0.00887065
0.00748671
0.0010815
0.00403785
0.00499734
0.00303514
0.0019241
0.00449438
0.0103541
0.00105843
0.028558
0.00224784
0.00198143
0.00370441
0.00143024
0.0040429
0.000723563
0.00668634
0.00141444
0.00294771
0.00503738
0.00129204
0.00480162
0.00912141
0.00320145
0.00196537
0.00208024
0.0026066
0.0036372
0.000441291
0.00557125
0.00615323
0.00107525
0.0144737
0.00267633
0.0213324
0.00443532
0.000497705
0.0333333
0.00227309
0.00277491
0.00108138
0.00687137
0.00403745
0.00297704
0.00225044
0.0197366
0.00157799
0.00170659
0.00574324
0.00168914
0.00411657
0.00215414
0.0022645
0.00660815
0.00936996
0.000848123
0.000349889
0.00539314
0.00776007
0.00673712
0.00648121
0.0225601
0.00647424
0.00537544
0.00905226
0.00732687
0.00252058
0.00098252
0.00370939
0.00457749
0.0486125
0.002152
0.0118014
0.00317999
0.00819506
0.00165284
0.00191204
0.00425764
0.0120138
0.00152586
0.0026948
0.0064178
0.00207168
0.00386647
0.00280979
0.00392031
0.00273015
0.000962671
0.00679877
0.0082594
0.00340649
0.00493949
0.00323972
0.00475204
0.000377873
0.00169091
0.00405453
0.00227804
0.00613604
0.00356307
0.0014417
0.00362425
0.00192631
0.00454354
0.00610325
0.000941084
0.0020572
0.0113786
0.00356775
0.00302844
0.000819536
0.0020578
0.0034804
0.00353347
0.00278736
0.00409313
0.00261116
0.00329308
0.000396372
0.00308961
0.000424878
0.00187498
0.0141274
0.00423513
0.00215144
0.00441415
0.00554767
0.00241532
0.00239976
0.00536202
0.00119974
0.000744596
0.00381399
0.000651024
0.00372126
0.00240527
0.00218634
0.00290242
0.019318
0.00517814
0.00295935
0.00920222
0.00277766
0.00359162
0.00291604
0.000807657
0.0191036
0.00431404
0.00317823
0.00427731
0.00114431
0.00214528
0.00586022
0.00704147
0.000984621
0.00396761
0.00349837
0.00699277
0.00414439
0.0123763
0.00232876
0.00221151
0.00406652
0.00161576
0.00302685
0.00144849
0.00595884
0.00557521
0.00324098
0.00260838
0.0037277
0.00678299
0.00548315
0.0020768
0.00505504
0.00448363
0.00318601
0.00279934
0.00230493
0.00294613
0.00252086
0.00198174
0.00160781
0.000852454
0.00606855
0.00149113
0.00285608
0.00131091
0.0010033
0.00365382
0.0022226
0.00142275
0.00416827
0.0017316
0.0050118
0.00150516
0.00365137
0.00397747
0.00424779
0.0029577
0.000988216
0.00405224
0.00153588
0.00214915
0.00377264
0.00461648
0.00968537
0.00372851
0.00790676
0.00710894
0.00353677
0.000951488
0.00350148
0.00645591
0.00108865
0.0117051
0.000272506
0.00262472
0.0122427
0.0198178
0.0069976
0.00200558
0.00287487
0.00494695
0.00450018
0.00147355
0.00748171
0.0114315
0.00196621
0.00416656
0.00286486
0.0050776
0.00162065
0.00320358
0.00296408
0.00310443
0.000694106
0.00262927
0.0046908
0.0287013
0.0104421
0.00699882
0.00317508
0.00395601
0.00114708
0.0033227
0.00276421
0.00700572
0.00189829
0.00712162
0.0014079
0.00143156
0.00114224
0.00588772
0.00510671
0.00137089
0.00219677
0.0048084
0.00225181
0.00132726
0.000401917
0.000985651
0.0045745
0.00162735
0.00468491
0.00530776
0.00213884
0.0030679
0.00174503
0.00601705
0.00220039
0.00100817
0.00104858
0.00400165
0.00563945
0.0110166
0.00604898
0.00624049
0.00116451
0.00282258
0.00240568
0.00811168
0.00232324
0.00113735
0.00554947
0.00343008
0.00250861
0.00288237
0.00159541
0.00077089
0.000215461
0.00290812
0.00255128
0.00293326
0.00179811
0.00393405
0.00188451
0.00222172
0.00241857
0.0012168
0.0016708
0.00425554
0.000644864
0.00455603
0.00757388
0.0075547
0.00164257
0.0062938
0.00543135
0.00405916
0.00618436
0.0271422
0.00897041
0.00120193
0.00460367
0.0032773
0.00212449
0.00211631
0.00324368
0.000821921
0.00214465
0.00561272
0.00477997
0.00172678
0.00252055
0.00712419
0.00215638
0.00586613
0.00381496
0.0117109
0.00121697
0.00128777
0.00207144
0.00101587
0.000905401
0.0311837
0.00878694
0.00322604
0.00483054
0.00375624
0.0025168
0.00524131
0.00660322
0.00751165
0.00747381
0.00901706
0.00153286
0.00120936
0.00132106
0.00297885
0.00171716
0.0116978
0.000637263
0.0018464
0.00157198
0.00198222
0.00463904
0.0049302
0.00553998
0.00176356
0.00488276
0.00197183
0.00786908
0.00489121
0.00606466
0.00317857
0.00337188
0.00286363
0.00395978
0.00634926
0.00198882
0.0171518
0.00104455
0.0191906
0.00114101
0.00983062
0.00856868
0.00546555
0.00372039
0.00439838
0.00288726
0.00213092
0.00259409
0.00233858
0.0123971
0.00199153
0.00181114
0.00693625
0.00167031
0.00253139
0.0039788
0.016638
0.00357709
0.00802416
0.0105808
0.00241754
0.00263684
0.0139127
0.020126
0.0169663
0.00120565
0.0088502
0.00291947
0.00230623
0.0041219
0.00239973
0.00312561
0.00328016
0.00116567
0.00323889
0.00172583
0.0041023
0.00448795
0.00445713
0.00200061
0.00642368
0.00719064
0.00531563
0.00495413
0.000503052
0.000927257
0.00174122
0.000958901
0.00123458
0.0194291
0.00531447
0.00597404
0.0110152
0.00256782
0.00279367
0.0035136
0.000758615
0.00791307
0.00137394
0.00437929
0.00700809
0.00303991
0.00322929
0.00135237
0.00182333
0.00406293
0.00340003
0.00305364
0.00852276
0.00167498
0.00463864
0.00142092
0.00889025
0.00346414
0.00634066
0.00525058
0.00510322
0.00308057
0.00366753
0.000664652
0.00351697
0.00457246
0.00364071
0.00357951
0.00227805
0.00108578
0.000994496
0.00499888
0.0155564
0.00357223
0.0093401
0.00274707
0.0105625
0.00490083
0.00220456
0.00429509
0.00169293
0.00168731
0.00870031
0.00142301
0.00524946
0.00703854
0.0014448
0.00080409
0.00335068
0.0025827
0.0025626
0.00695827
0.00212998
0.00336257
0.000369271
0.00616497
0.0041411
0.0031209
0.00445526
0.0120309
0.00614137
0.00189628
0.00570504
0.00262461
0.00347927
0.00685501
0.00682965
0.0326781
0.00688888
0.0036072
0.00216117
0.00182572
0.0011794
0.00462703
0.00169874
0.00446432
0.00762872
0.00199625
0.00128409
0.00555986
0.00645077
0.00508648
0.00176224
0.00525108
0.00245482
0.00900971
0.0437846
0.0058128
0.00225776
0.00473288
0.00241966
0.00138796
0.00741214
0.00198416
0.00573417
0.00155691
0.00177832
0.00176507
0.0146909
0.00939238
0.00319376
0.00301097
0.00148775
0.00179306
0.0018109
0.0032591
0.00198039
0.00257847
0.00473858
0.00218334
0.00200784
0.00522643
0.00503603
0.00267539
0.00473926
0.00134285
0.00314548
0.00324497
0.00103276
0.00446168
0.00425669
0.00565658
0.00738984
0.00185503
0.00277082
0.00141539
0.00700844
0.0044066
0.00126102
0.0007385
0.00143589
0.00166737
0.0132554
0.000354112
0.00180997
0.0122075
0.00450494
0.00332477
0.00270354
0.0226786
0.00296806
0.00367569
0.00428865
0.00132664
0.00257323
0.0021042
0.00365411
0.00411895
0.00650791
0.00117934
0.00124414
0.00225412
0.00542595
0.00576649
0.00475363
0.00263225
0.00741996
0.00517836
0.00468149
0.00137124
0.00503492
0.00108182
0.00138959
0.00189775
0.00309822
0.00283222
0.00108855
0.00953695
0.0133242
0.00230257
0.0154574
0.00804533
0.00472302
0.00874304
0.00920342
0.00248575
0.00472385
0.00675157
0.00453973
0.000785795
0.00254296
0.00255792
0.0102769
0.00384092
0.00442153
0.0017649
0.00393515
0.0125503
0.00247292
0.00601181
0.00432749
0.00871327
0.00327013
0.00106886
0.00846656
0.0159764
0.0146039
0.00169843
0.00378402
0.00175939
0.00180738
0.00275015
0.00284147
0.00174154
0.00318208
0.00237032
0.000544194
0.00200567
0.000994645
0.00225224
0.00746344
0.00437683
0.00273782
0.00158736
0.00166508
0.00404251
0.00113398
0.00136084
0.00164201
0.016219
0.00262777
0.00249234
0.00174388
0.00724346
0.00986578
0.0018729
0.00596004
0.000390205
0.0212591
0.00256316
0.00276875
0.00679079
0.00339711
0.0311093
0.00233426
0.00126906
0.00332733
0.00168328
0.0117035
0.000884409
0.00457656
0.00159391
0.00284211
0.0015772
0.00796172
0.0118934
0.00262545
0.00224382
0.00430224
0.00229581
0.000831533
0.00445095
0.00241946
0.0109026
0.00505008
0.0014073
0.0019389
0.00243667
0.00113027
0.00215277
0.00208483
0.0013575
0.00466384
0.00389025
0.00270555
0.00212782
0.000889933
0.00245074
0.00132382
0.00608259
0.00145576
0.00335697
0.00224653
0.000542465
0.00265619
0.000193881
0.00254883
0.00260681
0.00270238
0.00244063
0.00329181
0.0032197
0.00227297
0.0074334
0.00759712
0.00166164
0.00366181
0.00344193
0.00354594
0.00123914
0.0171258
0.00380933
0.0027368
0.00781431
0.00659851
0.00114907
0.00255512
0.00353288
0.00636657
0.00241309
0.00283154
0.00538708
0.00200879
0.000794928
0.00346684
0.00144879
0.0094171
0.00289335
0.00542663
0.00489375
0.00254215
0.00646272
0.00357105
0.0109276
0.00221299
0.00268207
0.00393867
0.00948523
0.00114429
0.0024359
0.00159763
0.0102467
0.00550174
0.00157612
0.0641134
0.00168836
0.00899247
0.00364372
0.00215754
0.00266944
0.00239226
0.000942702
0.00161191
0.00574427
0.00262097
0.00836668
0.00217023
0.000610746
0.00653676
0.00281408
0.0135195
0.00243762
0.00927675
0.00359128
0.000598089
0.00296111
0.00463166
0.00098699
0.00579361
0.00576594
0.00385505
0.00260087
0.00247025
0.00603249
0.00939836
0.0182137
0.00444216
0.00480153
0.00213087
0.00457878
0.00302405
0.00368513
0.00413287
0.00814561
0.00243631
0.0173725
0.00633932
0.00136657
0.00415916
0.00153144
0.00425499
0.00214086
0.00423603
0.000713692
0.00138229
0.00708584
0.0172099
0.0145629
0.000801106
0.00646047
0.00592209
0.00404769
0.00185467
0.00663198
0.00351232
0.00342349
0.00542065
0.0198355
0.00193567
0.00304111
0.00224855
0.00222307
0.00563746
0.00270842
0.00139209
0.00261895
0.00424014
0.00637429
0.00482458
0.0037524
0.00125455
0.00162773
0.00883389
0.00210014
0.00334833
0.00363398
0.000661317
0.00370409
0.00312248
0.00278661
0.00277631
0.0020219
0.0047926
0.00138324
0.00164532
0.00255289
0.0020039
0.00593747
0.0185128
0.00804256
0.00563411
0.015878
0.0035067
0.0556073
0.00556508
0.00283822
0.00563403
0.00310602
0.00185073
0.00669132
0.00287664
0.00272784
0.0137342
0.0078585
0.000556272
0.00322546
0.00600186
0.0014656
0.00165404
0.00623109
0.00599092
0.00257708
0.00314636
0.00202456
0.00383969
0.000239449
0.0107432
0.00306577
0.0138283
0.0120726
0.00510704
0.0031382
0.00842413
0.0124098
0.0503984
0.00150105
0.00248884
0.00230391
0.00411883
0.00285591
0.00146904
0.00466365
0.0208955
0.00187509
0.0207788
0.00104577
0.000714062
0.0198813
0.00338117
0.00324479
0.00390075
0.0147651
0.00102179
0.0025498
0.00242848
0.00472586
0.0314835
0.000852414
0.00371283
0.00244996
0.00422665
0.000771239
0.000984004
0.00365993
0.00912473
0.000770875
0.00566323
0.00155049
0.00250075
0.00135378
0.000490224
0.00196446
0.000736687
0.00313761
0.00281403
0.00170447
0.000435516
0.00772116
0.0013998
0.0040825
0.00377215
0.00414966
0.00315978
0.00159225
0.00155036
0.00363754
0.0048197
0.00130843
0.0205644
0.007498
0.00110523
0.00549706
0.00193472
0.00333062
0.0240502
0.00455368
0.00394509
0.00491859
0.000494854
0.00497156
0.00100273
0.0153387
0.00309188
0.00526162
0.00222445
0.0118004
0.00252153
0.00133859
0.00198701
0.000953984
0.00708128
0.00172313
0.0012372
0.0029882
0.0054829
0.0025628
0.0064578
0.000631674
0.00542407
0.00527798
0.00438164
0.00525787
0.00731692
0.00258983
0.00689721
0.000935252
0.00144867
0.00342601
0.00204829
0.00103598
0.000819147
0.00950943
0.00551696
0.00193688
0.00417748
0.00401206
0.00516056
0.00322257
0.00250993
0.0067239
0.00242165
0.00945286
0.0101014
0.00182976
0.00415083
0.00121351
0.00355241
0.0042473
0.00110955
0.00232899
0.00193846
0.00152726
0.00135304
0.00231005
0.00187363
0.00309685
0.00438799
0.00292154
0.00254603
0.0033705
0.00729945
0.00888733
0.00213427
0.00288715
0.00396046
0.00338471
0.00152101
0.00437907
0.000333138
0.00156263
0.000754377
0.00763333
0.00352331
0.00432439
0.00227767
0.00283285
0.00557063
0.00212923
0.00265479
0.00217988
0.00288942
0.0081657
0.00196358
0.00105783
0.00322874
0.00893377
0.00593759
0.00337031
0.00389492
0.0249589
0.00470141
0.000947949
0.00317147
0.00456903
0.00590326
0.0015473
0.0024968
0.00176244
0.00203598
0.00107915
0.00097706
0.00652855
0.00464324
0.0119579
0.00565047
0.00498639
0.00166485
0.0015964
0.000671526
0.00160058
0.00500209
0.00156442
0.00195872
0.0031435
0.00295229
0.00647293
0.00109843
0.00199128
0.0022872
0.00198424
0.00621987
0.00228485
0.00178816
0.00191052
0.0102836
0.00351163
0.0046308
0.0013724
0.0032061
0.00636998
0.00326989
0.0029405
0.00286211
0.00286344
0.00258482
0.00549388
0.00349306
0.00280446
0.00323761
0.00222703
0.00262057
0.000800362
0.00325316
0.00396457
0.00613401
0.00301361
0.00158286
0.00479114
0.0118777
0.0031636
0.00291857
0.00225094
0.00295762
0.00100231
0.00514526
0.00146397
0.0019058
0.00198057
0.00392722
0.000391727
0.00658515
0.00146516
0.0038235
0.00677487
0.00454824
0.0150545
0.00776991
0.00446557
0.00263667
0.0168561
0.00331025
0.0225344
0.00686254
0.00244964
0.00452172
0.00265773
0.00633705
0.013094
0.00629352
0.00891173
0.00285763
0.00596976
0.00398087
0.00278939
0.00272822
0.00459227
0.00138009
0.00335681
0.00450969
0.00371812
0.00554471
0.00199081
0.0011966
0.0104351
0.00105941
0.00175434
0.00093603
0.000781037
0.00471725
0.00342544
0.00367088
0.00357586
0.0021092
0.0018549
0.00578568
0.00049365
0.00749472
0.00375496
0.0027395
0.0106931
0.00362733
0.0040035
0.00663395
0.00279561
0.00973369
0.00342877
0.00428811
0.0013573
0.00190715
0.00311969
0.00663437
0.00354419
0.00220671
0.000473985
0.00287543
0.00552356
0.00309801
0.00353464
0.00321013
0.00326993
0.002202
0.00149173
0.00262002
0.00505239
0.0134141
0.00242294
0.00611535
0.013564
0.0116933
0.0046799
0.00434651
0.0032826
0.00339312
0.00432408
0.00476449
0.02066
0.00536643
0.00406595
0.00340755
0.0216684
0.00203257
0.0130426
0.00514312
0.00337652
0.000757911
0.0159168
0.00793647
0.00289942
0.000966069
0.00703241
0.00824425
0.006625
0.00230554
0.00433861
0.0043381
0.0013914
0.00095983
0.00078633
0.00438404
0.00688302
0.00371925
0.00243193
0.00413929
0.00214397
0.000748282
0.00682246
0.0313052
0.00275395
0.00863404
0.00209112
0.00437636
0.00123993
0.00422101
0.00839469
0.00370235
0.0104849
0.00246908
0.00227189
0.0103416
0.0153231
0.00501968
0.000660967
0.00287903
0.00138239
0.0115141
0.00695885
0.000242098
0.00159729
0.00128064
0.00210434
0.00305555
0.00281434
0.00188473
0.00542332
0.00176552
0.0103195
0.00698603
0.0100759
0.0142454
0.00420164
0.00165419
0.00288956
0.00216604
0.00460329
0.00393104
0.00604365
0.0392228
0.00345046
0.00300799
0.00172241
0.00646672
0.00359157
0.0196671
0.00108545
0.0061241
0.0048896
0.00465453
0.0025128
0.00392072
0.0054741
0.000888005
0.00321693
0.00993108
0.000920685
0.00660341
0.00563317
0.00424787
0.00218286
0.0132613
0.000864748
0.00462321
0.00515292
0.0040554
0.0024224
0.00238681
0.00352061
0.00870348
0.00465699
0.000915608
0.00246091
0.00698453
0.00712603
0.00527466
0.00133863
0.00206482
0.00208894
0.00321741
0.00146791
0.0126243
0.00104347
0.00529431
0.00336423
0.00182363
0.00452913
0.00419929
0.00301069
0.0149083
0.0020169
0.00508172
0.000873777
0.00578483
0.00229428
0.00398621
0.00101265
0.00119005
0.00440841
0.00650974
0.00264731
0.0051181
0.00356497
0.00174664
0.00419323
0.00713121
0.00696233
0.00573481
0.00373864
0.00621599
0.0024695
0.00277365
0.00540199
0.00816961
0.00451182
0.018935
0.0117507
0.00232725
0.00192078
0.00291164
0.00710481
0.00253819
0.00336955
0.00358017
0.00233574
0.000854458
0.00387738
0.00441248
0.0055446
0.00698288
0.00287697
0.00270217
0.00223385
0.00127235
0.00295383
0.00130611
0.000930973
0.00271862
0.00298124
0.00149788
0.00242848
0.00354471
0.00288564
0.00233595
0.0012397
0.004331
0.00603439
0.00422515
0.0284308
0.0118578
0.00377733
0.0044012
0.00507712
0.0039583
0.00665152
0.00186433
0.000789123
0.00260787
0.00169981
0.00671085
0.00371502
0.00231825
0.00305385
0.0102188
0.00461806
0.00250609
0.00409764
0.00155946
0.0040569
0.00366804
0.000566934
0.00366467
0.00245763
0.00236122
0.00329696
0.00101786
0.00247874
0.0100921
0.00530759
0.00370515
0.00910002
0.0032406
0.0018035
0.00204275
0.00674543
0.00458882
0.00313547
0.00329439
0.00677424
0.00430831
0.00420127
0.00558618
0.00172709
0.00145131
0.00223847
0.00359753
0.00113199
0.00587617
0.00615919
0.000891526
0.00373743
0.0041172
0.00269652
0.0013595
0.00374101
0.0052034
0.00266596
0.0078983
0.00345958
0.00751291
0.00281822
0.0176424
0.00225292
0.00598253
0.00398768
0.00157137
0.00185697
0.00131217
0.00383215
0.00285188
0.000519442
0.00505295
0.0016029
0.0189437
0.00819825
0.0137881
0.00504788
0.00997118
0.00537024
0.00567481
0.00189511
0.00663641
0.0112521
0.00438901
0.00282244
0.00248611
0.00301889
0.000749336
0.00359506
0.00307242
0.00322964
0.00668316
0.00300798
0.00468317
0.00756521
0.00386172
0.000856346
0.0041691
0.000844361
0.00418551
0.0064916
0.00472931
0.0036956
0.00397314
0.00350211
0.00610137
0.00228259
0.0026614
0.00165064
0.00817174
0.0164391
0.00147041
0.012141
0.00219405
0.00112405
0.00138473
0.00789016
0.00224641
0.00224828
0.00534333
0.0110323
0.00443823
0.00125486
0.0186595
0.00233803
0.00129026
0.00359731
0.00311644
0.00180654
0.00114818
0.0068856
0.00183901
0.002007
0.0195622
0.0029457
0.00250468
0.00173573
0.00534036
0.00392635
0.00437918
0.0128399
0.00333092
0.00441551
0.00305991
0.0111192
0.000866339
0.00246396
0.00189428
0.00412376
0.00318555
0.00714818
0.00457477
0.00275227
0.00215528
0.00171908
0.00770986
0.00736506
0.0105725
0.00237207
0.000960396
0.000476425
0.000330845
0.00279916
0.000937574
0.00141982
0.00537206
0.00200423
0.00209953
0.00291681
0.00129813
0.00391678
0.00215432
0.0131625
0.00442223
0.00111549
0.00616822
0.00207466
0.00322585
0.0117567
0.0116646
0.0099619
0.00261793
0.00410987
0.00241858
0.00214186
0.00549862
0.0044872
0.00399877
0.0025798
0.00441246
0.00755551
0.00371336
0.00119171
0.00137492
0.00152134
0.00280281
0.00884613
0.0049198
0.00359012
0.0154266
0.00161834
0.00100986
0.00241804
0.00207552
0.0135541
0.00342561
0.00772478
0.00288019
0.00623793
0.00355801
0.00586917
0.0045791
0.00239277
0.00254139
0.00593466
0.00146635
0.00939888
0.00630112
0.00694607
0.00482092
0.00455088
0.0019963
0.00149296
0.00795378
0.00252612
0.00315994
0.00373049
0.00470531
0.00202214
0.00358109
0.00279521
0.0091505
0.0121475
0.00111874
0.0032279
0.00233985
0.00583282
0.0102119
0.0010245
0.00712681
0.00430544
0.00607322
0.00143287
0.00702772
0.00181552
0.00209356
0.00130519
0.00427805
0.0397522
0.000732821
0.00270409
0.0257008
0.00506812
0.000919958
0.0023339
0.00211416
0.00435033
0.00370047
0.00423857
0.00343297
0.000585963
0.015418
0.0131689
0.00210159
0.00707074
0.00142261
0.000765056
0.00444821
0.00882242
0.00480494
0.00928853
0.00139182
0.00555195
0.00281353
0.00615135
0.00187972
0.00270012
0.00101467
0.00886435
0.00349814
0.00113703
0.00156769
0.00176588
0.000455607
0.00277528
0.015327
0.00695073
0.0024958
0.00137279
0.00402122
0.0105054
0.00179514
0.0024138
0.00198355
0.00535498
0.0039387
0.00799362
0.00184351
0.00300921
0.00280973
0.00245015
0.00302534
0.00784374
0.0057162
0.00375292
0.00546506
0.0210749
0.00336589
0.00475517
0.00192678
0.000460601
0.00149299
0.00353132
0.0141335
0.0046695
0.0031418
0.0153115
0.00464292
0.00968643
0.0028487
0.000496253
0.0059931
0.00133437
0.00259939
0.00136235
0.00161425
0.00121116
0.00523322
0.00337345
0.00290916
0.00597507
0.00315835
0.0212917
0.000757191
0.0101381
0.00637526
0.00072103
0.00279527
0.00348177
0.00113292
0.00273047
0.00664815
0.0120636
0.00113704
0.00181561
0.00520533
0.00296171
0.00184238
0.0034596
0.00125977
0.00621974
0.000781609
0.00258696
0.00215407
0.00448356
0.00176065
0.00843285
0.000933072
0.00174922
0.0014174
0.0030119
0.00166616
0.00135062
0.00290445
0.0080046
0.0119473
0.00238885
0.0101085
0.00214708
0.00286476
0.00420593
0.00311793
0.00706205
0.00164916
0.00176606
0.0116093
0.00193511
0.00325647
0.00320353
0.0096411
0.00559369
0.000625954
0.00452859
0.0527617
0.00808247
0.00980377
0.00158638
0.000697919
0.00183069
0.000874974
0.00160201
0.00573768
0.00343059
0.0430001
0.00392046
0.00156221
0.00861637
0.00493858
0.00187212
0.00467163
0.00613658
0.0141333
0.00640973
0.00336454
0.00550166
0.00557601
0.00222574
0.000828301
0.00528269
0.0010139
0.00248607
0.00363912
0.00190238
0.00207475
0.00229555
0.010707
0.00453733
0.00463626
0.00293558
0.00111789
0.000870527
0.0146302
0.00562062
0.0105518
0.0130393
0.00353554
0.00130267
0.00722937
0.0188415
0.00375612
0.00278193
0.00313127
0.00146032
0.00241063
0.00133554
0.00216124
0.00183151
0.00234217
0.0220967
0.00947495
0.00408758
0.00334832
0.0143129
0.00281362
0.00242179
0.0148738
0.0319384
0.0083279
0.0030221
0.0124749
0.00691252
0.00446868
0.00269527
0.00243321
0.00132897
0.00135027
0.00134859
0.00671924
0.0113259
0.00174134
0.00288629
0.00424784
0.00876249
0.00272726
0.00459275
0.00380705
0.0028421
0.00103605
0.0163268
0.00475132
0.000890847
0.00674866
0.00279851
0.0023412
0.00308766
0.00174779
0.000312793
0.000955937
0.000714441
0.00757034
0.00291707
0.00217623
0.00100004
0.00361166
0.00631533
0.00979033
0.0171315
0.00143421
0.00593769
0.00445405
0.00138386
0.00133844
0.00507415
0.00341177
0.0151734
0.0023418
0.00775765
0.00459294
0.00252923
0.00184891
0.0028917
0.000992056
0.000864366
0.00247011
0.00141517
0.00196134
0.00203249
0.00382201
0.00188879
0.00405196
0.00222232
0.00219129
0.00591805
0.00940273
0.00289415
0.00380561
0.00158261
0.00153803
0.00578645
0.00170237
0.00670246
0.00210369
0.00362788
0.00313152
0.000916342
0.00376218
0.00371359
0.00122382
0.00443215
0.0127509
0.00553281
0.00324171
0.000994375
0.00356404
0.0031543
0.00179038
0.000833387
0.00435385
0.00214075
0.00994665
0.00275445
0.00230015
0.00454259
0.000944196
0.00500887
0.00584437
0.00122706
0.00785964
0.00896799
0.00719051
0.00281765
0.00389917
0.00789809
0.00187049
0.00858857
0.00247126
0.00306505
0.000783839
0.000603285
0.00114043
0.0111589
0.00141962
0.00110516
0.00334572
0.00629543
0.00490071
0.00109851
0.000995096
0.00587185
0.00168584
0.00345477
0.00254081
0.000539778
0.00817751
0.0100716
0.0111553
0.00446835
0.00823945
0.00815197
0.00245224
0.0068283
0.00493952
0.00961288
0.00933493
0.0289234
0.00732125
0.000708638
0.0168205
0.00131429
0.00709167
0.00379234
0.00269822
0.00303146
0.0021327
0.0358873
0.00814281
0.00199942
0.00336469
0.00474276
0.001099
0.00181486
0.00511213
0.00161201
0.00349258
0.00146932
0.00558591
0.00263177
0.00470634
0.00179989
0.0186757
0.0016949
0.00545764
0.00190633
0.00436513
0.00218113
0.00352849
0.00671894
0.00414886
0.0119053
0.00277311
0.00449656
0.00106094
0.00444157
0.00701836
0.00144624
0.00517492
0.00241918
0.00171923
0.000758826
0.000749656
0.00261543
0.00356619
0.00119564
0.0047961
0.00155014
0.0248946
0.00317178
0.0053738
0.00654285
0.00918048
0.00449424
0.00243493
0.00273608
0.010503
0.00199866
0.00335631
0.00254664
0.0074079
0.00116542
0.00562051
0.0100587
0.0252922
0.00950221
0.00553734
0.00246645
0.00598401
0.0033099
0.00150638
0.0038215
0.0105789
0.00164373
0.00747524
0.000248071
0.00087004
0.00368667
0.000285605
0.00410617
0.00298685
0.00538263
0.00443427
0.000694337
0.00189454
0.0023288
0.00269727
0.00485266
0.0018706
0.00297162
0.0043205
0.00214582
0.00430075
0.00821
0.00718573
0.00783253
0.00485383
0.0035787
0.00634685
0.0185856
0.00606068
0.00106654
0.00702752
0.00547243
0.00177409
0.00248869
0.00287978
0.00328843
0.00301916
0.00274868
0.000932004
0.00720904
0.00392256
0.00540581
0.00504801
0.00230275
0.00582065
0.00724432
0.0016085
0.00127694
0.011463
0.00303105
0.00424891
0.0242208
0.00207608
0.00219116
0.0047505
0.00694857
0.00247429
0.0026867
0.00140758
0.00492149
0.00376877
0.00127919
0.00186193
0.00838693
0.00251423
0.00203801
0.00407117
0.00101415
0.000833779
0.00652078
0.00451205
0.00263827
0.00082162
0.00256179
0.00252617
0.0108256
0.00228801
0.00598424
0.00622335
0.00110602
0.00778121
0.0153192
0.00123848
0.00485928
0.00458855
0.00156411
0.00429471
0.0027195
0.00303852
0.00286289
0.00358936
0.00306168
0.00840671
0.0123301
0.00338663
0.002406
0.000399601
0.00659668
0.00286182
0.0126608
0.0155254
0.00211041
0.00927819
0.00289597
0.0130889
0.00528421
0.00293443
0.00249783
0.00271709
0.00689713
0.00850744
0.000980465
0.00354379
0.00737008
0.00141329
0.00125785
0.000349629
0.00282286
0.00923687
0.00883974
0.00404871
0.00334838
0.00170087
0.00185937
0.00188833
0.00132915
0.00602145
0.00265966
0.00734725
0.00126981
0.000352227
0.00441253
0.00849475
0.0608489
0.00402449
0.000917873
0.00690546
0.00790662
0.00100093
0.028846
0.00464907
0.00493414
0.00482248
0.000921499
0.00760783
0.00317307
0.00588638
0.00554718
0.00422394
0.00391867
0.00116712
0.0107997
0.00350454
0.00633675
0.00261407
0.0412439
0.00296168
0.00304493
0.0022503
0.00366434
0.00359768
0.00329625
0.00323705
0.0115934
0.000643414
0.00572046
0.00241245
0.00304488
0.00278769
0.00251017
0.00436549
0.00168934
0.00308686
0.00851192
0.0046275
0.00138128
0.00510958
0.00413205
0.00197437
0.00776836
0.00439007
0.0026984
0.00388252
0.00524323
0.00309316
0.00347716
0.00483403
0.00159665
0.00613016
0.00341324
0.00432754
0.001008
0.00242845
0.00242413
0.0219956
0.00597108
0.000792781
0.0024232
0.00290106
0.00762881
0.0314951
0.00150319
0.00182743
0.00282972
0.00366657
0.00221899
0.00317975
0.0119723
0.00124479
0.00497245
0.00769629
0.00134342
0.000341834
0.00266817
0.00514485
0.00601078
0.0045078
0.00185298
0.00492863
0.00374478
0.00290763
0.00452882
0.0106234
0.00173738
0.00789164
0.00372814
0.00389856
0.00393972
0.00283136
0.00299544
0.00308167
0.0148221
0.020701
0.00252295
0.00241244
0.00239395
0.00335288
0.00353746
0.001773
0.00244031
0.000250318
0.0052616
0.00117368
0.00130486
0.00747273
0.00179616
0.000773878
0.00360647
0.00189407
0.00930857
0.00363416
0.000872122
0.0102175
0.00264396
0.00711645
0.00246497
0.00235491
0.0133389
0.00596182
0.00764526
0.0027844
0.00169964
0.00237203
0.00538939
0.00151001
0.00077601
0.00447647
0.00150019
0.0047795
0.0173868
0.00575193
0.00713647
0.00507945
0.00128578
0.00437092
0.00517862
0.00266455
0.00346683
0.00701769
0.00221149
0.00201795
0.00414419
0.000962991
0.00367593
0.00234349
0.0292421
0.00263466
0.00446701
0.00483994
0.00319154
0.00230969
0.00665352
0.000953938
0.000849019
0.00243982
0.00168496
0.00760134
0.00588636
0.00646683
0.00324086
0.00715711
0.00122701
0.00240896
0.00162179
0.00350129
0.00387942
0.00407165
0.000926577
0.000823163
0.00103962
0.0116805
0.00162309
0.00206838
0.00399281
0.00501861
0.0107654
0.0049464
0.0179721
0.00203531
0.00422324
0.00220591
0.023454
0.008485
0.000842152
0.00118739
0.00666007
0.00450586
0.00905912
0.00118391
0.00251078
0.00233739
0.00361018
0.00978765
0.0029104
0.00379357
0.0333665
0.00587985
0.0048222
0.00289994
0.00176753
0.00963895
0.00300719
0.00929743
0.00320291
0.00309791
0.00689988
0.00310732
0.0015434
0.00388583
0.00108229
0.0095372
0.00648082
0.0110301
0.00472192
0.00965832
0.00204015
0.0241873
0.00197693
0.00224809
0.00338258
0.00157817
0.00466237
0.000826373
0.00541761
0.00859588
0.0016871
0.000762114
0.00117242
0.00322213
0.00787647
0.0025885
0.00236364
0.00340299
0.00737896
0.00389895
0.0033982
0.0262916
0.000773294
0.00180645
0.00251906
0.00130247
0.00208746
0.00268876
0.00456644
0.0366195
0.00288502
0.00101081
0.00183014
0.00823541
0.00214939
0.00653258
0.0131694
0.00247356
0.00155802
0.00786299
0.00628559
0.00216162
0.000725365
0.00549063
0.00456164
0.00191256
0.0108218
0.000978045
0.00232
0.00216074
0.00855637
0.00348767
0.00404182
0.00507839
0.00649449
0.00605387
0.00177633
0.00794175
0.00188486
0.0024367
0.000721795
0.00218107
0.00550142
0.0101618
0.00403564
0.00411779
0.00121928
0.00156091
0.0173569
0.00174096
0.00147452
0.00206843
0.00471794
0.00410733
0.00368811
0.0204137
0.0141835
0.00631976
0.00333154
0.00260627
0.00172093
0.000751593
0.00192644
0.000398066
0.0147967
0.00213827
0.00489245
0.00448295
0.0106551
0.00329882
0.00165333
0.000525624
0.00144981
0.00141399
0.00186061
0.000906549
0.00132924
0.0121472
0.00376162
0.00222495
0.00622075
0.000612345
0.00187902
0.000955208
0.0035864
0.0147089
0.00241488
0.000456213
0.00287031
0.0050606
0.00317894
0.00779598
0.00400828
0.00175962
0.00256729
0.00401752
0.000779907
0.00130342
0.00324513
0.00444484
0.00224688
0.000797926
0.00167396
0.00207244
0.000242481
0.00608497
0.0010337
0.000491006
0.00163015
0.00350312
0.00705781
0.00594133
0.00493615
0.001599
0.00478263
0.00394526
0.00755818
0.00108026
0.00360756
0.00143036
0.00560804
0.00348559
0.00472887
0.0207221
0.00617761
0.00265408
0.00500649
0.0013871
0.0110385
0.000924489
0.00117319
0.00217208
0.00220855
0.0140866
0.00353402
0.00523472
0.003152
0.0142661
0.000726082
0.000733068
0.00730388
0.0023194
0.00554498
0.00685038
0.00234576
0.00483035
0.00235847
0.00151749
0.00270897
0.0227885
0.00993609
0.00594089
0.00374101
0.00787329
0.00190969
0.0019763
0.00992962
0.00326792
0.00162927
0.0114469
0.00301689
0.00284054
0.0126079
0.000628684
0.0135517
0.00184406
0.00244363
0.0047039
0.0073903
0.00246598
0.00345501
0.000716361
0.00344404
0.00193208
0.00258508
0.00143913
0.00408762
0.000873636
0.00677424
0.0105504
0.00319062
0.00896835
0.00339441
0.00370489
0.00660248
0.00214803
0.0033762
0.00406339
0.00605106
0.0514305
0.000992137
0.00430656
0.00315122
0.00196701
0.0194871
0.00217393
0.00619714
0.00194223
0.00619576
0.00622374
0.00296989
0.00646606
0.00284564
0.00248645
0.0424064
0.000292239
0.00424943
0.00121947
0.00648206
0.0155635
0.00238268
0.00550106
0.001586
0.00257761
0.00296848
0.00216826
0.00694028
0.00540219
0.00348539
0.00287473
0.00359087
0.00117692
0.00282567
0.00162991
0.00478827
0.00592808
0.00354411
0.00562333
0.0023842
0.00853673
0.00179096
0.00273953
0.00157269
0.00114744
0.00237043
0.00615787
0.0084912
0.00264923
0.00624139
0.00109909
0.00326916
0.0027678
0.00896268
0.00112765
0.000543389
0.00627115
0.00438677
0.00162865
0.00245838
0.00271584
0.00397535
0.00277679
0.0103355
0.00456137
0.00542312
0.00314554
0.00247849
0.00689298
0.00671404
0.0105782
0.00179099
0.00840548
0.00318817
0.00212627
0.00204986
0.00252033
0.00194427
0.00367953
0.00214452
0.001895
0.00281877
0.00565426
0.003039
0.000369704
0.00617627
0.00233481
0.0038981
0.0107956
0.00393821
0.00588542
0.00189694
0.00260702
0.00335857
0.0030863
0.0098855
0.00457714
0.000864735
0.00591402
0.0085813
0.00151121
0.00371317
0.00430072
0.00145061
0.00136051
0.00271065
0.00532756
0.0024521
0.00650909
0.00476147
0.000841572
0.00310382
0.00457525
0.00115776
0.00281269
0.00349098
0.00418586
0.00648561
0.000646175
0.00155367
0.00524849
0.00713647
0.00406483
0.00415069
0.00367647
0.00154441
0.00270829
0.000809582
0.0099084
0.00064333
0.0018125
0.00484654
0.0128247
0.00374527
0.00745271
0.00208479
0.00441384
0.00120327
0.00136974
0.0084338
0.00647183
0.00149555
0.00848466
0.000876361
0.00425692
0.00596134
0.00440945
0.00353108
0.00244727
0.00195897
0.00331842
0.00206495
0.00401765
0.00375396
0.00644266
0.001484
0.00528752
0.000789901
0.00894068
0.00565892
0.00305291
0.00210794
0.00164815
0.00470864
0.00202326
0.00695214
0.0030428
0.00175856
0.00106791
0.00261275
0.00643797
0.00376494
0.0260504
0.00220828
0.00432474
0.0035142
0.0080183
0.00677947
0.0156469
0.00344135
0.0394883
0.00255759
0.0016679
0.00973927
0.00404373
0.00202436
0.00310828
0.0023306
0.00329561
0.00354553
0.00295511
0.00116962
0.00302996
0.00370199
0.00423925
0.00455043
0.00150043
0.00293912
0.0151833
0.00295461
0.00458739
0.00740926
0.00672651
0.00416827
0.00843703
0.0083444
0.000791607
0.00692632
0.00209744
0.00130559
0.00196546
0.00230074
0.00286229
0.0100338
0.00214944
0.00420669
0.00557188
0.00199774
0.00226225
0.00215222
0.000667582
0.0205955
0.00282898
0.00309357
0.00187184
0.00184561
0.00494703
0.00406769
0.00303009
0.00224109
0.00132825
0.00339398
0.0115772
0.00188152
0.00385553
0.00338988
0.000484959
0.00360965
0.00549955
0.00298822
0.00589713
0.00244635
0.00131475
0.00602753
0.0224812
0.0040067
0.00278248
0.00208493
0.00620285
0.00493176
0.00109051
0.0205695
0.00203186
0.00260783
0.0125654
0.00955289
0.00441287
0.00749573
0.00480182
0.00584258
0.0018151
0.0149793
0.00830234
0.000683811
0.00180797
0.00332466
0.00239949
0.00131736
0.0118228
0.00579365
0.00117001
0.00235857
0.00664543
0.000646079
0.00294438
0.0202171
0.00292333
0.0121687
0.0327069
0.00239731
0.00781228
0.00253181
0.00456647
0.00108496
0.0169992
0.0046414
0.00218775
0.00253675
0.00202858
0.00233908
0.00214532
0.00181217
0.00564708
0.00239767
0.00361955
0.00315552
0.0014666
0.0159621
0.00632206
0.00516542
0.0022639
0.00190736
0.000824413
0.00679347
0.00574991
0.0023877
0.00348154
0.00202963
0.00100162
0.00164171
0.000839762
0.00893823
0.000764332
0.00408671
0.00624994
0.00120789
0.00508802
0.0026087
0.0107136
0.00365502
0.0062907
0.0043795
0.00463488
0.0072094
0.0147999
0.00187534
0.00487598
0.0575411
0.00776095
0.00233324
0.00493718
0.0023841
0.00246546
0.00157965
0.00682973
0.0124472
0.00373219
0.00341261
0.00242481
0.00371
0.00598565
0.00103009
0.0108742
0.00749959
0.0055765
0.0125423
0.00456745
0.00291453
0.00190344
0.00163797
0.00958616
0.00259553
0.00147254
0.00161462
0.00478174
0.0099874
0.00303369
0.00404611
0.00545584
0.00610692
0.00156622
0.00326379
0.00195363
0.00246484
0.00194054
0.00451131
0.0131361
0.00470266
0.00586775
0.010476
0.00154964
0.00838642
0.00395786
0.00168293
0.000888361
0.00424575
0.00128654
0.00425231
0.000760224
0.0109147
0.00298678
0.00493547
0.000466914
0.00368452
0.00191111
0.00206573
0.0139627
0.00293211
0.0207862
0.00573567
0.00127874
0.00546768
0.00265566
0.00207229
0.00269733
0.00358403
0.00106522
0.00336647
0.00233901
0.00051284
0.00287531
0.00179342
0.00192201
0.00341786
0.002307
0.00112997
0.00275759
0.00161253
0.00253447
0.00313873
0.0144603
0.00425137
0.00158175
0.00135168
0.00352865
0.0072715
0.0144055
0.00658998
0.00244934
0.00253693
0.00217519
0.00346283
0.00796443
0.00416703
0.0011881
0.00138963
0.00187669
0.00246401
0.00215643
0.00485675
0.00456369
0.0088316
0.00231778
0.00387349
0.00101672
0.00224218
0.0030615
0.00561063
0.00542435
0.00218667
0.00528611
0.00743459
0.0023886
0.00301561
0.00369432
0.00115185
0.0028257
0.00526413
0.00747515
0.00488702
0.00125283
0.00573578
0.0168601
0.00446955
0.00223485
0.00478788
0.00818542
0.00868271
0.0073909
0.00280269
0.00398038
0.00198534
0.00294762
0.00102457
0.00245401
0.00279458
0.00197415
0.00319284
0.0102314
0.00155194
0.0145416
0.00192932
0.00292095
0.00367701
0.00134176
0.00205939
0.00441768
0.00503974
0.000437035
0.0038413
0.00254433
0.00175568
0.00457041
0.00410895
0.00534845
0.0136851
0.00594506
0.00288958
0.00904434
0.0102001
0.0599904
0.00459481
0.00531547
0.00431324
0.0109516
0.0043556
0.00223961
0.00609645
0.00146381
0.0040147
0.00235324
0.00395097
0.00250369
0.0142775
0.00608882
0.00337413
0.0222075
0.00743702
0.0082788
0.00235647
0.00135062
0.0022072
0.0105871
0.00314864
0.0784039
0.0027307
0.00190413
0.0036811
0.010657
0.00174083
0.00255034
0.00435661
0.00458696
0.00134905
0.00335036
0.00282591
0.00231111
0.00170157
0.00630679
0.00595863
0.00587425
0.000902428
0.00175709
0.00455971
0.00568891
0.008255
0.00292346
0.0044644
0.00719678
0.00322883
0.0151325
0.00263385
0.00591075
0.00295596
0.00375732
0.0274259
0.0048421
0.0017883
0.00179018
0.024632
0.000655319
0.00272301
0.00154203
0.00453719
0.00508
0.00347211
0.0018771
0.00435501
0.00529329
0.0124046
0.00172321
0.00780936
0.00530647
0.00241675
0.00306222
0.0376083
0.00154394
0.00523115
0.00151284
0.00584986
0.00209736
0.000748813
0.00206999
0.00269176
0.00449093
0.00523762
0.00590085
0.0101688
0.00170028
0.00261124
0.00519632
0.00143459
0.00197417
0.00453043
0.00519112
0.00360441
0.00250621
0.00214705
0.00440897
0.00199438
0.00837375
0.00214098
0.0019788
0.003849
0.0122755
0.00143291
0.00364187
0.00209679
0.0017051
0.00239306
0.00549263
0.002126
0.00521996
0.00149887
0.00380028
0.00494327
0.00218838
0.0035604
0.00802873
0.0650383
0.00109057
0.00228442
0.00476593
0.000968628
0.00391552
0.0016254
0.00177975
0.0146318
0.00234862
0.00389378
0.00190634
0.00309153
0.000171346
0.00464883
0.00089418
0.00078946
0.00504173
0.00316184
0.00612078
0.00347735
0.000701053
0.0089128
0.00389655
0.00337968
0.0127902
0.00545984
0.00845788
0.00503374
0.00166843
0.00247323
0.00222192
0.00188243
0.0046494
0.00568839
0.00341133
0.00735332
0.00492147
0.00281668
0.0017584
0.00345604
0.00395086
0.00753942
0.00254055
0.00147883
0.00354073
0.000530298
0.00244105
0.0197686
0.00395551
0.0180407
0.00252402
0.000339511
0.002177
0.0028446
0.0200871
0.00453539
0.00288202
0.0010188
0.00102445
0.00284929
0.00042281
0.0026382
0.00166133
0.00388682
0.00191914
0.00450142
0.00411564
0.000987172
0.00365598
0.00473538
0.00347231
0.00495652
0.00163521
0.0048776
0.00352357
0.00878259
0.00246498
0.00257935
0.0041844
0.0145208
0.00257147
0.0106632
0.00167539
0.00359427
0.00312094
0.00225386
0.00599235
0.00242028
0.00233887
0.00320868
0.00180041
0.00829571
0.00256931
0.00260669
0.00350599
0.0192493
0.00230294
0.00233133
0.0011652
0.00160928
0.00677722
0.0040191
0.00325689
0.00331298
0.00417422
0.00404227
0.0115703
0.00644595
0.00373608
0.00482451
0.0034867
0.00173273
0.00523523
0.00840508
0.0010511
0.00317847
0.00500867
0.0022238
0.00411227
0.00344922
0.00156795
0.00139059
0.00347866
0.0069343
0.00137356
0.00420573
0.00417785
0.00292741
0.0123656
0.0145797
0.00267732
0.00978346
0.000987627
0.00424502
0.00170087
0.00208973
0.00314687
0.00569002
0.00131646
0.00432683
0.00315087
0.00532324
0.00293883
0.00756494
0.00986305
0.0010438
0.00206159
0.00283164
0.00147262
0.00244627
0.00428946
0.00279178
0.013352
0.000503022
0.00267916
0.00674428
0.00652412
0.00285525
0.00559965
0.00137474
0.025482
0.00123922
0.00350188
0.00234612
0.00258206
0.00265705
0.00431316
0.0068407
0.00279869
0.00277569
0.013445
0.00109601
0.00178133
0.00315235
0.00503746
0.00117621
0.0353042
0.000892175
0.00211054
0.00625901
0.030828
0.00625231
0.00175346
0.000634415
0.00150496
0.00272889
0.00342185
0.00149714
0.0100945
0.0164402
0.00280937
0.00180426
0.013676
0.00718063
0.00575051
0.00231357
0.0169542
0.00582611
0.00587728
0.00229343
0.0040407
0.00322674
0.0221448
0.00140208
0.011263
0.00211762
0.00555976
0.00300042
0.00148001
0.00389219
0.0120619
0.0039081
0.000414861
0.000728661
0.0014149
0.00646073
0.00229034
0.00109526
0.00624422
0.000921452
0.00203965
0.00253355
0.000886699
0.000864099
0.00344356
0.000683827
0.00415304
0.00325997
0.00182899
0.00154985
0.00115009
0.0102915
0.00260531
0.00476529
0.000612071
0.0038037
0.00671388
0.00677424
0.00591027
0.00345505
0.000604802
0.00648439
0.00194745
0.00270467
0.00537503
0.0094772
0.0109349
0.00363297
0.00549773
0.00297319
0.00184015
0.00242771
0.00601897
0.00222729
0.00265083
0.0179569
0.00495373
0.00136977
0.000862648
0.00989937
0.00330418
0.00273816
0.00574841
0.00122577
0.00304189
0.00212337
0.00368929
0.00366778
0.00832449
0.00144526
0.00244344
0.00734649
0.00268641
0.00588961
0.000359517
0.00669791
0.00206389
0.00603748
0.00563245
0.00142722
0.000288997
0.00329474
0.0096033
0.00150016
0.0014331
0.000964739
0.000503151
0.0222868
0.00407284
0.00095505
0.00283419
0.00642579
0.0055807
0.00121794
0.00299141
0.00277345
0.00636444
0.0175084
0.00424607
0.00181126
0.00152221
0.00283493
0.00147182
0.00542087
0.00203236
0.000468249
0.00261512
0.00119069
0.00198427
0.00109663
0.00574986
0.012026
0.000951287
0.00202223
0.00145529
0.00379138
0.000930322
0.00482714
0.00541255
0.00325371
0.0033922
0.000855554
0.00391665
0.0030122
0.00524599
0.00099312
0.00369317
0.00407069
0.00503703
0.0062411
0.00438016
0.00849215
0.00157592
0.00678313
0.00267593
0.0010841
0.0441559
0.0100387
0.00229253
0.00229385
0.000715007
0.00254443
0.00197061
0.0027977
0.0033549
0.00427265
0.000864161
0.00196177
0.00193209
0.0047615
0.00180668
0.00280935
0.00636753
0.00863482
0.00232331
0.00645026
0.0132726
0.00561618
0.0035183
0.00405922
0.00241155
0.00776284
0.00479613
0.00808719
0.00426432
0.00186948
0.00225869
0.00226345
0.00286746
0.00506628
0.00236543
0.00623857
0.00111632
0.00318837
0.0220377
0.00190403
0.00250352
0.00500412
0.00279426
0.00385673
0.00905202
0.00237729
0.0016692
0.010263
0.00248054
0.00128159
0.00438956
0.00362525
0.00466538
0.0040234
0.0173293
0.00202209
0.00568644
0.0040834
0.0123846
0.00118765
0.00145136
0.00329125
0.000556196
0.00274933
0.0026457
0.00313721
0.0011776
0.00812213
0.00292521
0.00112073
0.000844505
0.00438386
0.00373852
0.00799676
0.00217023
0.0202698
0.00144659
0.0009591
0.00300751
0.00158128
0.00216304
0.00217689
0.00258588
0.00170907
0.000724864
0.00563203
0.000223057
0.00135731
0.00142101
0.00252654
0.00494937
0.00137879
0.00897482
0.0024738
0.00474397
0.00325225
0.00234915
0.00381036
0.00413351
0.00165168
0.00421835
0.00285876
0.00264864
0.00443498
0.00298616
0.00356474
0.00164268
0.0011776
0.00321879
0.00614907
0.00382715
0.00339803
0.0055109
0.00604195
0.00346824
0.00252801
0.00430367
0.00127345
0.00388413
0.00206763
0.00637209
0.00286394
0.000280443
0.000741305
0.00545011
0.00626657
0.00173132
0.0197617
0.00211008
0.00140349
0.00205705
0.00299891
0.00115267
0.00495469
0.00741436
0.00432466
0.00339388
0.00238286
0.00542622
0.000959357
0.0115015
0.0013933
0.00279522
0.00127394
0.00564137
0.00198476
0.00429465
0.0024512
0.000163688
0.0113008
0.0157322
0.00282766
0.00432622
0.0076375
0.0086663
0.00203494
0.00751421
0.00322673
0.00214976
0.00322362
0.00271894
0.00459224
0.0133833
0.00759769
0.00263373
0.00650455
0.00397072
0.0045356
0.00102547
0.00223968
0.00473641
0.00109031
0.0002336
0.00828943
0.0016706
0.00320649
0.00586013
0.01592
0.00268493
0.00221499
0.00455374
0.00281272
0.00626157
0.000742565
0.00360724
0.00368118
0.0101429
0.0180712
0.011656
0.00731753
0.0035943
0.00335787
0.00132237
0.0207631
0.010051
0.00557908
0.0195411
0.00231844
0.0181068
0.00736011
0.00262778
0.00253174
0.00668562
0.00266911
0.00360759
0.00258175
0.00351672
0.00166771
0.00980557
0.00603318
0.00511807
0.00405588
0.0143393
0.00913542
0.00503107
0.00441695
0.00233393
0.0105117
0.00975732
0.0211135
0.00467893
0.0156678
0.00217349
0.0112697
0.000196611
0.00502298
0.00167718
0.00463499
0.00127549
0.00742888
0.0103728
0.00249194
0.00355567
0.00172971
0.00211799
0.00657533
0.00470922
0.00392224
0.0032287
0.00491557
0.00730989
0.00199052
0.00654513
0.00402145
0.00208199
0.00314045
0.00327707
0.00167895
0.00615172
0.00240743
0.00194745
0.00264245
0.0114143
0.00528967
0.00719865
0.000881025
0.00386863
0.0036817
0.00466144
0.0028836
0.00064836
0.00182093
0.00757122
0.00184922
0.0114506
0.00811634
0.00531024
0.00447031
0.00359943
0.000960881
0.00204144
0.00293779
0.0208897
0.00225048
0.00387151
0.0018394
0.00898574
0.00995255
0.00427717
0.00316592
0.00863537
0.0156374
0.00183243
0.00427415
0.00327956
0.00329468
0.0013577
0.010343
0.00160534
0.00229079
0.00372213
0.00194064
0.00101966
0.00457996
0.00394173
0.00231231
0.004203
0.00451666
0.00190212
0.000568798
0.00290514
0.00345777
0.0212589
0.0079307
0.0036749
0.00635666
0.00175162
0.016537
0.00528834
0.0159487
0.00403748
0.00245007
0.00284338
0.0081706
0.0110449
0.00512685
0.00449963
0.00356262
0.00117016
0.00237483
0.0052571
0.00110815
0.00226552
0.001458
0.00556607
0.00336755
0.00280295
0.00201606
0.000823848
0.00185669
0.00640845
0.00315971
0.00100164
0.00515931
0.00314414
0.00422508
0.00217179
0.00107235
0.00352397
0.0051615
0.0102145
0.000808021
0.012914
0.0085896
0.00444434
0.00522994
0.00215708
0.0111951
0.0134369
0.0141156
0.00911957
0.00203881
0.00208316
0.00181322
0.0027866
0.00250581
0.00109226
0.00291587
0.00202409
0.00508096
0.0171394
0.00307623
0.00313035
0.00126466
0.00479575
0.0211185
0.0053718
0.00489276
0.0127499
0.00187094
0.00399002
0.00830476
0.000312043
0.00175263
0.0025338
0.00305013
0.00288356
0.00415592
0.000289021
0.00905051
0.00553091
0.00148538
0.00509585
0.001995
0.00683441
0.00261339
0.00809989
0.00260566
0.00294423
0.00404305
0.00159425
0.00853178
0.0041644
0.00375761
0.0127773
0.00221766
0.00202788
0.00396059
0.000866171
0.00232246
0.00261298
0.008864
0.00133817
0.00284117
0.00500077
0.00312598
0.00287322
0.00590944
0.00236643
0.0200617
0.00299654
0.00109099
0.00295563
0.00445147
0.00165335
0.0015291
0.00976805
0.00325534
0.00399972
0.00400436
0.00945515
0.00603238
0.00111747
0.00270963
0.00255494
0.00116695
0.0015099
0.00137557
0.00195363
0.00655758
0.00374381
0.00189695
0.00180656
0.00464979
0.0016899
0.0132876
0.00261568
0.00151422
0.00454299
0.0127143
0.0040239
0.00735507
0.00278221
0.0120506
0.00954415
0.00677042
0.0013405
0.00286459
0.00443395
0.000791511
0.00788982
0.00364171
0.00435773
0.00155587
0.00591997
0.0051126
0.00875979
0.0017582
0.00201554
0.00615712
0.00239722
0.00588312
0.00057641
0.00106671
0.00380229
0.00494736
0.00209802
0.00401542
0.00481978
0.00110266
0.00748129
0.00496649
0.00490784
0.00217472
0.00920894
0.0014599
0.00223582
0.00310085
0.00561765
0.0031701
0.00420148
0.00775403
0.00357507
0.000960541
0.00762216
0.00314429
0.00285115
0.00798186
0.00622968
0.00545522
0.00129861
0.00105568
0.00994997
0.000992931
0.00739255
0.0234494
0.00293006
0.00188218
0.00124434
0.00224578
0.0064357
0.00610675
0.00143391
0.00223156
0.0041996
0.000553555
0.00123156
0.00413915
0.0136917
0.0329197
0.00617799
0.0112893
0.0022973
0.00248566
0.00869841
0.00263771
0.00182729
0.00852267
0.0150296
0.00432568
0.00198518
0.00599576
0.012578
0.00121433
0.00169534
0.00259621
0.00133398
0.00155839
0.00366741
0.00401553
0.00354165
0.00118565
0.00230339
0.00422947
0.0247494
0.0087328
0.00286273
0.000299659
0.00332593
0.00444655
0.00292279
0.0104565
0.000444715
0.00246811
0.00158088
0.00457115
0.00959826
0.0017403
0.0053808
0.00187277
0.00372159
0.00184058
0.00287774
0.00488784
0.0030736
0.00167784
0.000975578
0.00450674
0.0137476
0.0012938
0.005467
0.00199973
0.00168115
0.00269676
0.00421697
0.00235456
0.00170231
0.00183622
0.00342147
0.00278221
0.00886158
0.0195636
0.00367558
0.00228146
0.0150425
0.00172417
0.00269611
0.00282238
0.00807654
0.0308289
0.000719841
0.0026446
0.00860046
0.00109878
0.00862931
0.00674165
0.00427873
0.0037408
0.00177841
0.00920691
0.00318163
0.00287024
0.00434523
0.00212806
0.0252508
0.00166343
0.00130194
0.00342214
0.00939253
0.00276438
0.00465577
0.000596081
0.0036634
0.0023687
0.00181575
0.0132006
0.00440217
0.00189541
0.00382856
0.00197899
0.00215413
0.00607101
0.00450973
0.0153059
0.00250095
0.00179674
0.00070608
0.00139185
0.0179649
0.00308681
0.00187697
0.00319203
0.0042335
0.00242906
0.00256863
0.000668469
0.000851464
0.00407085
0.00665725
0.00263483
0.00301784
0.00643415
0.00394189
0.00321861
0.00661883
0.00937562
0.00207512
0.00393921
0.00319427
0.00460668
0.00985526
0.0030012
0.00108591
0.0166263
0.00702595
0.00295388
0.00141103
0.0180838
0.00938342
0.00253373
0.00327169
0.00331608
0.00652733
0.00205094
0.00178385
0.00557857
0.00208192
0.00499154
0.00400942
0.00893827
0.00652445
0.00790127
0.000689466
0.0015055
0.00157113
0.00422982
0.00668025
0.00334687
0.0024195
0.0116506
0.000460714
0.00483656
0.00644247
0.00203724
0.00239506
0.00439589
0.00990737
0.00718992
0.00186401
0.00227703
0.00623745
0.00178062
0.00814637
0.00237095
0.000521956
0.00208868
0.00363477
0.00654229
0.000926651
0.00409625
0.00363897
0.00326252
0.0019541
0.00964605
0.0136103
0.00483563
0.00199142
0.00547477
0.00393019
0.00262029
0.00170316
0.00241842
0.00328627
0.00211065
0.0030233
0.00164692
0.00268153
0.00377299
0.00444976
0.00137244
0.00617522
0.00162518
0.00375975
0.00153312
0.00386437
0.00226334
0.0030584
0.00728209
0.00768671
0.00125745
0.00152269
0.00338105
0.00266097
0.00439789
0.00581887
0.00303526
0.00113724
0.000576983
0.00294672
0.00300876
0.00423744
0.016555
0.00205381
0.00182123
0.00219404
0.00115065
0.00345796
0.00373022
0.00517311
0.00274488
0.00175857
0.00964837
0.00800217
0.00389111
0.000441655
0.0157398
0.00326665
0.00554908
0.0014019
0.00574737
0.00404243
0.013788
0.00134597
0.00257081
0.00876086
0.00431483
0.00276073
0.00407367
0.00444067
0.00659131
0.00321936
0.00343371
0.0078892
0.00228711
0.00295661
0.00261527
0.00025317
0.0144446
0.00222957
0.0034132
0.0040958
0.00976406
0.00167714
0.00298834
0.00363658
0.00804452
0.0105316
0.000680185
0.00455173
0.00148852
0.00125578
0.00406418
0.0113063
0.00135578
0.00805774
0.00224661
0.00793325
0.00122474
0.00475574
0.00620394
0.0119618
0.00392561
0.0126879
0.0101313
0.00149099
0.00206922
0.00418894
0.00400309
0.0024797
0.00227413
0.00275294
0.00365616
0.00411067
0.00482628
0.00060871
0.00183018
0.00192574
0.0111658
0.00168306
0.00165649
0.000963834
0.00735808
0.00423866
0.00201509
0.00368844
0.0015628
0.00224566
0.00341347
0.00413424
0.000859416
0.000482527
0.0011519
0.00239382
0.00125415
0.00615762
0.00379959
0.00503539
0.00576691
0.000347643
0.00150315
0.00269046
0.0041491
0.00252438
0.00307173
0.00575028
0.000528894
0.00233289
0.00134772
0.00109146
0.00210474
0.00481435
0.00303017
0.0106472
0.00278004
0.00339801
0.00202902
0.00158225
0.00324141
0.00184574
0.00162208
0.00234033
0.00247783
0.00653435
0.00403446
0.00750517
0.00245707
0.00518381
0.00150422
0.00459006
0.00177266
0.00211233
0.00146182
0.00222151
0.00153731
0.00174347
0.00266322
0.00362713
0.00161743
0.00192173
0.00200799
0.00140149
0.00515464
0.000853517
0.00173935
0.00246257
0.00630379
0.00154305
0.00305116
0.00231726
0.00567336
0.00078153
0.00318172
0.00188387
0.00679077
0.000452081
0.0120206
0.00644195
0.00309107
0.00160775
0.00232426
0.00194893
0.0099327
0.00502191
0.0321764
0.00119091
0.0109146
0.00678159
0.00487953
0.00697919
0.00161977
0.00419929
0.00316241
0.00693042
0.00333238
0.00257365
0.00339189
0.00232419
0.00193543
0.00369149
0.0164749
0.00426792
0.00350964
0.00531612
0.00349619
0.00135737
0.00169036
0.00684038
0.00243019
0.000648366
0.0036392
0.00266641
0.00201166
0.00370789
0.0035195
0.00377192
0.00394785
0.00100889
0.00721564
0.0149231
0.00267548
0.0113313
0.00285667
0.00404052
0.00239011
0.0103638
0.00259641
0.0024915
0.0117397
0.00546619
0.0168198
0.00357908
0.00233895
0.00533937
0.000512392
0.00338535
0.00153849
0.0124036
0.0236158
0.00417913
0.00640124
0.00159325
0.00976755
0.00743386
0.00687085
0.00320975
0.00338821
0.00175609
0.00552995
0.0126728
0.0146287
0.00387796
0.0103521
0.0119603
0.000842782
0.00163462
0.00533978
0.00372074
0.0226344
0.000675584
0.00264679
0.00150591
0.00336605
0.000584838
0.00140379
0.00153003
0.00284104
0.00100697
0.00150979
0.00610728
0.00380083
0.00280799
0.00314744
0.0027217
0.00183085
0.00240951
0.0069477
0.00325137
0.00590933
0.00575132
0.00572063
0.00325172
0.00622714
0.0106637
0.00116118
0.00647611
0.00320244
0.00355581
0.00309755
0.0014959
0.00770536
0.00914537
0.00177237
0.00487213
0.00510872
0.00242815
0.00288238
0.00299847
0.0114843
0.00124431
0.00252971
0.00288157
0.0114397
0.000873934
0.00387591
0.00370632
0.00646979
0.0033601
0.00656901
0.00495568
0.00492605
0.00980396
0.000695631
0.00255061
0.0135268
0.00226478
0.0127065
0.00190099
0.00129275
0.00887266
0.00537503
0.00545494
0.00239665
0.00363716
0.00513095
0.000736635
0.00702825
0.00227158
0.000892715
0.0014404
0.00417427
0.00295479
0.00489321
0.00402783
0.0051186
0.00480526
0.00378937
0.00191643
0.00223041
0.00312366
0.0029105
0.0227617
0.00530865
0.00288639
0.017576
0.00929771
0.00833602
0.00399405
0.00485949
0.00368238
0.00370665
0.00650414
0.00515962
0.00858567
0.00136559
0.00733317
0.00255374
0.00529842
0.00247442
0.0016838
0.00203603
0.0086269
0.00523353
0.00260483
0.00146983
0.00203843
0.00360815
0.00103423
0.00294836
0.00396089
0.00158455
0.00767188
0.00285311
0.000384097
0.00200364
0.00236705
0.0124986
0.00448158
0.00171421
0.00136298
0.00264466
0.00916143
0.00700727
0.00220043
0.00283872
0.0047408
0.00108116
0.00920556
0.00105048
0.000408365
0.0019409
0.00316673
0.0190535
0.00452485
0.00497744
0.0100785
0.00136655
0.00253683
0.00417316
0.00255679
0.00557672
0.00188758
0.000411567
0.0068107
0.00141403
0.00430688
0.0013785
0.00960774
0.00431561
0.00183512
0.00554429
0.00335169
0.00538959
0.00300488
0.00345943
0.000471897
0.000852747
0.00547283
0.000941078
0.00353889
0.00271607
0.00248919
0.00347388
0.000960392
0.0183408
0.00309386
