0.00379965
0.0023577
0.00238942
0.0105225
0.00190153
0.00866557
0.0141798
0.0021931
0.000914958
0.0347712
0.00107855
0.00267611
0.00534415
0.0262883
0.00308456
0.00239991
0.0113247
0.000444627
0.00386192
0.0188396
0.00723803
0.00313097
0.00600801
0.00418843
0.00324102
0.00625352
0.00266424
0.00140681
0.000907116
0.00576278
0.0102662
0.00584063
0.00489219
0.00298089
0.00317468
0.00362393
0.000311405
0.00485831
0.00435996
0.000192275
0.00123048
0.000710735
0.0011345
0.00302001
0.00143124
0.0067781
0.00257522
0.00117773
0.00334354
0.0134728
0.00301186
0.00655653
0.0024023
0.00449233
0.000955264
0.00211526
0.00834301
0.00132941
0.00229179
0.00188042
0.00219511
0.00359162
0.0016095
0.0027554
0.00309536
0.00698138
0.000590903
0.00232393
0.00145383
0.00133822
0.0089501
0.00168264
0.00206215
0.00272601
0.00389121
0.00551553
0.003843
0.00497174
0.00511518
0.00513631
0.00432007
0.00238606
0.00795684
0.00144198
0.00246827
0.0113269
0.00261406
0.00452545
0.000893157
0.00484479
0.00170837
0.00159987
0.00165431
0.00042044
0.000992844
0.00346926
0.005571
0.0192884
0.00318017
0.00179095
0.00244065
0.00148483
0.0106751
0.00245119
0.000336843
0.0108177
0.00167831
0.00757639
0.00321552
0.000420105
0.00321474
0.0037877
0.0022402
0.00398372
0.00383941
0.00537513
0.00366202
0.00344716
0.00102167
0.000876402
0.0022734
0.00482448
0.00240223
0.000953602
0.00427964
0.00626124
0.00129246
0.00202819
0.00134225
0.00130232
0.00171852
0.00263679
0.00108434
0.00325257
0.000929235
0.00635732
0.00234741
0.00310142
0.00227184
0.000408644
0.00195391
0.00357384
0.00584735
0.00181678
0.000874341
0.00144579
0.00349071
0.00864036
0.00312109
0.00442376
0.00378417
0.00966611
0.00647133
0.00642705
0.00397015
0.0011798
0.00180924
0.00427522
0.00562223
0.00397412
0.00319237
0.00074549
0.000564361
0.0364102
0.00414019
0.0201574
0.00390235
0.0181555
0.00428429
0.00109702
0.00191978
0.00185184
0.00403187
0.00174443
0.00200917
0.0014426
0.00476714
0.00253941
0.0092723
0.0022996
0.00220641
0.00430039
0.00147736
0.00188625
0.00259525
0.0152264
0.00412382
0.00189428
0.00338397
0.00513422
0.000974279
0.00165491
0.00582085
0.0020902
0.00220266
0.00146597
0.00266292
0.00859572
0.00560039
0.00251645
0.0018443
0.0041752
0.00520515
0.00242182
0.00488436
0.00236031
0.0021005
0.000973377
0.00159108
0.00101386
0.0029498
0.00368357
0.00428999
0.000480649
0.00324282
0.0100148
0.00198861
0.00290427
0.00157851
0.001354
0.0113648
0.00963443
0.00178573
0.00195681
0.00266469
0.00151908
0.00722482
0.00214137
0.0019211
0.000609686
0.00270744
0.0131121
0.00132326
0.00103837
0.00224939
0.00314283
0.00389852
0.00276467
0.0028089
0.00149529
0.00641032
0.0043571
0.000689762
0.00447098
0.00141629
0.000177351
0.001403
0.000715492
0.0045289
0.00172783
0.0024968
0.00123145
0.00159071
0.00403121
0.00510381
0.00343456
0.00357719
0.00807917
0.00198796
0.0049816
0.00714095
0.00344287
0.00169452
0.00263687
0.00107555
0.00858951
0.00407503
0.009347
0.00101864
0.00342996
0.00241041
0.00349852
0.000960973
0.000814684
0.00127012
0.00121442
0.00371485
0.00323541
0.000759982
0.00250694
0.00117361
0.000304506
0.0023985
0.000769282
0.00770614
0.00618003
0.00390238
0.0013659
0.00121911
0.000334852
0.00611273
0.00210618
0.00267598
0.00337917
0.000316491
0.000487596
0.0046205
0.00412229
0.000652094
0.00682322
0.00420211
0.0014114
0.00326342
0.00144063
0.0124966
0.00161072
0.00036097
0.0171747
0.0268704
0.00150857
0.00465904
0.00875124
0.00360743
0.00314672
0.00196712
0.00280542
0.00138667
0.00171306
0.00164389
0.00727349
0.00156027
0.00125747
0.000530476
0.00351848
0.00309138
0.00594915
0.0267535
0.00339819
0.00221535
0.00545416
0.00188267
0.00645436
0.00163945
0.0044265
0.00304629
0.00227809
0.00404697
0.00102323
0.00296295
0.00290937
0.0106937
0.00347795
0.00250517
0.0041212
0.00299527
0.00152899
0.00267794
0.00412639
0.000670204
0.00646834
0.00297283
0.00303437
0.0233914
0.00140789
0.000694027
0.00287792
0.00122183
0.00813794
0.00278326
0.000955426
0.00593085
0.00294842
0.00160809
0.00257428
0.00509754
0.00123017
0.0101009
0.00357941
0.00612267
0.0128212
0.00774786
0.000830422
0.00332015
0.00362899
0.00284781
0.00463773
0.00180916
0.000991739
0.00154928
0.00114728
0.00359392
0.021852
0.00290588
0.00749739
0.00619567
0.00891599
0.00280887
0.00469408
0.00164554
0.003995
0.00213733
0.00515692
0.00376861
0.000798598
0.00504733
0.00189716
0.00451736
0.00387746
0.00407764
0.010065
0.00416361
0.00397335
0.00573948
0.002683
0.00326216
0.000898135
0.00650521
0.00232558
0.00412475
0.000964305
0.000979111
0.007653
0.00102739
0.00023574
0.00285163
0.00550631
0.00620861
0.00558982
0.0116019
0.00269096
0.0004701
0.00125253
0.00341927
0.0059537
0.00674669
0.00347809
0.00492136
0.000933246
0.00211196
0.00212287
0.00157144
0.00111483
0.00235104
0.00262955
0.00342227
0.00293593
0.000978782
0.00962929
0.00219247
0.00297983
0.000818272
0.00128903
0.00403484
0.000359649
0.00163693
0.00517651
0.012026
0.00158142
0.00189681
0.000335946
0.00128248
0.00407982
0.00268835
0.00288925
0.00342736
0.00165444
0.00680682
0.000716099
0.020366
0.00622883
0.00163273
0.00671121
0.00329516
0.00173366
0.000793474
0.00339985
0.00204748
0.000602168
0.0029138
0.00112045
0.00112825
0.00811406
0.00561437
0.00212446
0.00380167
0.00164049
0.00204542
0.00245617
0.00487604
0.00060724
0.00268487
0.00119329
0.00243894
0.00523324
0.0160012
0.00825054
0.00650821
0.00167029
0.00299573
0.000260095
0.00548244
0.00368872
0.00377022
0.0175053
0.0119775
0.00584682
0.00138244
0.00317693
0.000373805
0.0162198
0.00451791
0.00215972
0.0213369
0.00411649
0.00225322
0.00435634
0.00354976
0.00612899
0.0104299
0.00123212
0.00397641
0.00175706
0.000629525
0.00387084
0.00393941
0.00428291
0.00421635
0.00434585
0.00178007
0.0044648
0.00266754
0.00420903
0.00800651
0.00306098
0.000892502
0.00217146
0.0074984
0.00381482
0.00239405
0.00394826
0.00408935
0.00108392
0.000980617
0.000904811
0.00407977
0.00491947
0.00226011
0.0032837
0.00195317
0.0031021
0.00308298
0.00408377
0.00184458
0.0218267
0.00830227
0.00578881
0.00379545
0.00409188
0.00325566
0.00834785
0.0368721
0.00133006
0.00539592
0.0197176
0.00156717
0.0168756
0.00203661
0.000531237
0.00324777
0.00331
0.00380579
0.00323013
0.00162792
0.00135916
0.00589634
0.00502833
0.00917314
0.00744134
0.00850365
0.00249187
0.00158562
0.00384813
0.00224906
0.0100663
0.00148526
0.00185983
0.00375151
0.00222385
0.00115091
0.00272602
0.00712727
0.00997243
0.0014295
0.00234643
0.00496887
0.000390698
0.00637929
0.000773105
0.00140814
0.000532324
0.00114227
0.00801166
0.00126086
0.00154347
0.00280598
0.00573635
0.0022637
0.00731673
0.00141587
0.00124368
0.00276782
0.00210594
0.00725805
0.00255413
0.00192719
0.00358149
0.00497983
0.00111724
0.014173
0.00122269
0.00106767
0.0170519
0.0018843
0.000904704
0.00226107
0.00260436
0.00729482
0.00674027
0.00223193
0.00687024
0.00184654
0.00537148
0.00465785
0.00656544
0.00173844
0.00453496
0.00158633
0.00674725
0.00218266
0.000322
0.00445809
0.00342421
0.00305033
0.00388811
0.00753745
0.00202641
0.00498191
0.00361538
0.00125827
0.0033769
0.00155677
0.00248028
0.00308919
0.0166212
0.00111074
0.00518168
0.00211037
0.000588016
0.00127218
0.000691792
0.00466426
0.00385651
0.00114258
0.0060566
0.00450941
0.00448581
0.00163534
0.00420822
0.00450378
0.0093691
0.00142822
0.00199068
0.00365554
0.00896958
0.00446358
0.0020126
0.00187868
0.00223698
0.000623067
0.00860683
0.00274869
0.00266599
0.00579813
0.00139538
0.00585104
0.00268971
0.00513153
0.00795528
0.0023518
0.000920154
0.00129377
0.00159388
0.00249464
0.00321825
0.00335434
0.00387385
0.00507429
0.00690095
0.00180113
0.00314634
0.00205728
0.00319403
0.00256458
0.000875972
0.0037943
0.000771771
0.00183789
0.00156201
0.00401475
0.00276555
0.00439833
0.00135425
0.0114457
0.00324711
0.00203059
0.00120928
0.00390487
0.00143671
0.00128423
0.00310056
0.00521016
0.00740081
0.00311252
0.00137994
0.0077638
0.000624508
0.00210669
0.00948369
0.000639544
0.00843322
0.00313992
0.00298675
0.0088943
0.00847836
0.00484291
0.00382814
0.00160914
0.00994922
0.00884185
0.00357351
0.0138774
0.00158549
0.00127106
0.00198577
0.00197663
0.00500463
0.001723
0.0108048
0.00473634
0.00198567
0.00256557
0.00205136
0.00380391
0.0043574
0.0061839
0.00108078
0.00580755
0.00154015
0.00502462
0.00248029
0.00827259
0.00120322
0.00470523
0.00462205
0.00318955
0.00494439
0.0137322
0.000835806
0.00129354
0.0082346
0.00310207
0.00448819
0.00260411
0.00187693
0.00778828
0.00231619
0.0111761
0.00216252
0.0102451
0.00605965
0.00232659
0.00672293
0.00239986
0.00301972
0.00685893
0.0021669
0.000979042
0.00197929
0.00476827
0.0296511
0.00153981
0.00222273
0.00242368
0.00903759
0.00132538
0.000702744
0.0045444
0.00126218
0.0026029
0.00548018
0.00346399
0.00708635
0.0031534
0.0037233
0.00723508
0.00257747
0.0165019
0.011645
0.00366814
0.00256986
0.00301639
0.00903354
0.00155986
0.00120678
0.000924473
0.0098471
0.00356042
0.00474729
0.00236787
0.00252305
0.00517916
0.0154974
0.0022004
0.00282184
0.00738168
0.0143915
0.00118283
0.000979964
0.00224912
0.00284092
0.00217694
0.0011505
0.00592787
0.00737548
0.00180762
0.0145622
0.00381113
0.00177309
0.00160119
0.00379585
0.00186499
0.00649758
0.00156717
0.00238931
0.00180954
0.00118867
0.0020643
0.000163065
0.00149193
0.00290119
0.001498
0.00556221
0.00304695
0.00180281
0.00322052
0.00173134
0.00227745
0.0125799
0.00341612
0.0056293
0.00184785
0.00191837
0.00402228
0.00187416
0.00326065
0.00737679
0.00315274
0.00260854
0.00189302
0.00493652
0.0013001
0.000785235
0.00306577
0.00752192
0.0116157
0.00750781
0.00902126
0.00100033
0.0114092
0.00212256
0.00160932
0.00355618
0.00220103
0.00194056
0.00138183
0.000969829
0.0031468
0.00430829
0.00371489
0.00272443
0.00232759
0.00108053
0.00733247
0.00272468
0.00183918
0.00282357
0.00629783
0.0060736
0.00233024
0.0018486
0.00168733
0.000440072
0.000262873
0.00422599
0.00117153
0.002475
0.000385739
0.0029335
0.0063694
0.012874
0.00263658
0.00320754
0.0205349
0.00493226
0.00398352
0.00310856
0.00218722
0.00198775
0.00257155
0.00426379
0.00972938
0.0022926
0.000517107
0.00501156
0.00137168
0.00151136
0.014535
0.00261053
0.00481756
0.0051424
0.00556278
0.00208859
0.010753
0.000481973
0.0059153
0.00267902
0.00584325
0.00127003
0.0047091
0.0010383
0.00519324
0.0021926
0.00209447
0.00184629
0.00995858
0.0011226
0.0142891
0.00628585
0.0026581
0.0016107
0.00526405
0.00864859
0.00375609
0.00513708
0.00470324
0.00169044
0.00387654
0.00167236
0.00597068
0.000584591
0.00521854
0.0052811
0.00290157
0.000840426
0.0126102
0.00149026
0.00183197
0.0038161
0.000851524
0.00290466
0.00092444
0.00632778
0.00292313
0.0174805
0.00123754
0.00351932
0.0282814
0.00716261
0.00254877
0.00954512
0.00195414
0.00116004
0.0038324
0.00330787
0.00525631
0.00243536
0.00299478
0.0056737
0.0031583
0.00452667
0.00398198
0.0015309
0.00356919
0.000993108
0.00197539
0.00235915
0.00767193
0.00199235
0.0025538
0.00204522
0.00211201
0.00155396
0.00276165
0.00231433
0.00246351
0.00312707
0.00280991
0.000810815
0.00233171
0.0062978
0.0111128
0.000876347
0.00286472
0.00271159
0.00270715
0.00311938
0.00183895
0.00624255
0.00104291
0.00456436
0.00576223
0.00137424
0.00271083
0.00154362
0.00295503
0.00643759
0.00715502
0.00153261
0.00364231
0.0209359
0.000907928
0.00638663
0.00244724
0.00251813
0.00362656
0.00126122
0.00695856
0.00510642
0.000780482
0.00151766
0.0036545
0.00428518
0.00556353
0.00353829
0.00342462
0.00335595
0.00529968
0.0111624
0.00102774
0.000379684
0.00783414
0.00422448
0.00117126
0.00058672
0.00892826
0.00425815
0.000826636
0.00290451
0.0068812
0.00273814
0.00315267
0.00256093
0.00317764
0.00476495
0.00684967
0.00229065
0.00340727
0.00246561
0.00555503
0.00954852
0.00178989
0.00300191
0.00217787
0.00434086
0.00177649
0.000787208
0.00934715
0.000766474
0.00239728
0.0029219
0.0049417
0.00270136
0.0025881
0.00246203
0.00594501
0.00215872
0.00226209
0.00400155
0.00270827
0.00266372
0.00190756
0.0126098
0.00137189
0.0025278
0.00590847
0.00345383
0.00143802
0.00604855
0.00105422
0.00342292
0.00376113
0.000491713
0.0115827
0.00379928
0.00172839
0.00631829
0.00225896
0.0118575
0.0044146
0.00118559
0.0114859
0.00486478
0.0043376
0.000795812
0.0144308
0.00107719
0.0109787
0.00358777
0.00336609
0.00248923
0.00244737
0.00219189
0.003875
0.000183826
0.00165636
0.00122936
0.00188921
0.00490817
0.00222801
0.0066554
0.00549001
0.00792815
0.00521363
0.00256578
0.0053332
0.00147502
0.00371147
0.010494
0.00322773
0.00412749
0.00151704
0.00172694
0.0149499
0.00550671
0.00435976
0.00279273
0.0013597
0.0190477
0.00144402
0.00699234
0.00185907
0.00142532
0.00494943
0.00158553
0.00484151
0.00457169
0.00335247
0.00076932
0.00622172
0.0155294
0.00667655
0.00378973
0.0154181
0.000255631
0.00510362
0.0075285
0.00853035
0.00113927
0.0136111
0.00134806
0.00269992
0.00255827
0.00248603
0.00419357
0.00415508
0.00380802
0.00558128
0.00259036
0.00293495
0.00214639
0.025275
0.00317856
0.00579049
0.00631912
0.00322222
0.00148821
0.00348376
0.0038848
0.000692948
0.0115171
0.00326025
0.00157325
0.00196772
0.00250316
0.00316002
0.000277033
0.00416244
0.00861645
0.00224684
0.000956092
0.0025011
0.00205442
0.00729132
0.000482825
0.00127443
0.00503059
0.00530293
0.000685489
0.00358562
0.00105507
0.00242147
0.00620616
0.00349724
0.00901557
0.000504327
0.00187808
0.0097627
0.00119859
0.00592001
0.00803734
0.00403689
0.00263857
0.000406222
0.00396475
0.000838478
0.00149856
0.00570139
0.00102383
0.00127721
0.00262979
0.004812
0.000801155
0.00111973
0.00383305
0.0033934
0.00268721
0.00236429
0.000990782
0.016567
0.00166095
0.00418527
0.00203446
0.000733774
0.0126973
0.00333395
0.00195033
0.00396804
0.00358523
0.0015815
0.00350431
0.00167064
0.014505
0.00145027
0.00562079
0.00255825
0.00488496
0.00177783
0.00704223
0.00233776
0.0033121
0.00271541
0.00475705
0.00386452
0.00790445
0.00104647
0.00513891
0.000882062
0.000479377
0.000416007
0.0023569
0.00234346
0.00375037
0.000454509
0.00191935
0.000823695
0.0141685
0.00352331
0.000310262
0.00515083
0.000721955
0.000257685
0.00310358
0.00576656
0.00311105
0.00209361
0.00948891
0.00864245
0.00101606
0.0109625
0.0131838
0.000598371
0.00481967
0.00134658
0.00038838
0.00419013
0.00146395
0.00476675
0.011723
0.00286486
0.000998622
0.000723725
0.00322812
0.00460267
0.00085456
0.000902816
0.00826754
0.00339111
0.00372404
0.00365372
0.00201181
0.00278084
0.0038345
0.00836105
0.00657168
0.00563498
0.00347458
0.00247301
0.00478306
0.00323785
0.00261163
0.000516961
0.00182622
0.0077412
0.00238444
0.00635974
0.0133907
0.00218277
0.00645374
0.0013911
0.00138361
0.0122497
0.00368104
0.00118771
0.00438262
0.00206666
0.00268476
0.00513695
0.000822501
0.00307389
0.00250646
0.00517434
0.00213749
0.00534626
0.016255
0.00142922
0.000929364
0.000766693
0.00677194
0.0078897
0.00161972
0.00201301
0.00808089
0.00319693
0.0013897
0.00359895
0.000649253
0.00147265
0.00617861
0.00748481
0.000829261
0.00318233
0.00781468
0.00378846
0.00278577
0.00372723
0.00486508
0.0027733
0.00280033
0.0410257
0.000648413
0.00159355
0.00160602
0.00417271
0.00246203
0.000591991
0.00293806
0.00223585
0.00456564
0.0019802
0.00133816
0.00188669
0.00158179
0.00381639
0.00552795
0.00390423
0.0340857
0.00176424
0.00306851
0.00692699
0.00495732
0.000615494
0.00205411
0.00251608
0.00184347
0.00225671
0.0013261
0.00547827
0.000753612
0.0019757
0.00108897
0.0043907
0.00206466
0.0225163
0.000890831
0.00167168
0.00187186
0.00122459
0.00734628
0.0023162
0.00867886
0.00250537
0.00292574
0.00603215
0.0024919
0.00192816
0.00379773
0.00247508
0.0024115
0.00249102
0.00250357
0.00310986
0.00539349
0.00312021
0.00594362
0.00452032
0.00497993
0.00346903
0.000252031
0.00289586
0.000777613
0.00871148
0.00309576
0.00261884
0.0117952
0.00396862
0.00131357
0.00261317
0.000869782
0.0063574
0.000838144
0.00281847
0.00862831
0.00426265
0.00258741
0.0116467
0.00212829
0.000426373
0.000507712
0.00624116
0.00481529
0.00995406
0.007518
0.00296183
0.00106035
0.00325996
0.00149555
0.00200317
0.00303543
0.00311093
0.0018235
0.00147623
0.01077
0.000933093
0.0133334
0.00473286
0.00204058
0.00773828
0.00191851
0.00388644
0.00139608
0.00381304
0.00075538
0.00180738
0.000999148
0.00159246
0.000883489
0.00166661
0.000515554
0.00196443
0.00121136
0.0109279
0.00283555
0.00416618
0.00375513
0.00275054
0.00227104
0.000439572
0.0029168
0.00240796
0.00296688
0.00462698
0.00184707
0.00270033
0.00138174
0.00577486
0.00201905
0.00543178
0.00140611
0.0322552
0.0133571
0.00447875
0.0086224
0.00584819
0.00372776
0.00863388
0.00673147
0.00239095
0.00587855
0.00280551
0.00365576
0.00545772
0.00149046
0.00654911
0.0048112
0.00101817
0.00314087
0.00637649
0.000523163
0.00144497
0.000990769
0.00107931
0.00541606
0.00166274
0.00201963
0.0159655
0.000701582
0.0050177
0.0101387
0.00538955
0.00129904
0.00128844
0.00174585
0.00269365
0.0013301
0.00608842
0.00092607
0.0096692
0.00716968
0.00223243
0.00462318
0.0107413
0.0021833
0.000609595
0.00394871
0.00465756
0.00442784
0.00490655
0.00267452
0.00796337
0.0107997
0.00680731
0.00300385
0.00147909
0.000658418
0.00154815
0.00123748
0.00287584
0.00883213
0.00306931
0.00313823
0.00372011
0.00450764
0.00191701
0.0011243
0.00177446
0.00645541
0.00457518
0.00161371
0.00264667
0.00419773
0.00352568
0.00179924
0.00419121
0.00190444
0.00148148
0.00200534
0.00170161
0.00709334
0.00248174
0.00286808
0.00121516
0.00150455
0.00378641
0.00209611
0.00377976
0.00140419
0.0196922
0.000525722
0.00210378
0.00229669
0.0084513
0.00324432
0.00236037
0.00112899
0.00442176
0.00755979
0.000656199
0.00403325
0.00604797
0.00613474
0.00607869
0.00791471
0.00208822
0.00873401
0.000598434
0.00571871
0.00120226
0.0027994
0.00459142
0.00219507
0.00876991
0.0126749
0.00227248
0.00938775
0.0069445
0.00580217
0.00801144
0.00700587
0.0044107
0.00340094
0.00224263
0.000877791
0.0044109
0.00256762
0.00152817
0.00131337
0.00283998
0.00143877
0.00867903
0.00413119
0.00304125
0.000888186
0.00360716
0.00562315
0.00333063
0.00039751
0.00304866
0.000976471
0.00686813
0.00179889
0.00454761
0.00334197
0.000787531
0.00206427
0.00190199
0.00228681
0.00174378
0.00199738
0.00429175
0.00254725
0.00182334
0.00421566
0.0111423
0.00582747
0.00731722
0.00402049
0.00375083
0.0108725
0.00250026
0.00414128
0.00307133
0.00472568
0.00368094
0.000701084
0.000572027
0.0125553
0.000955581
0.00244076
0.00205981
0.00301501
0.000501703
0.00368725
0.00278056
0.000261975
0.0152436
0.0031669
0.00174694
0.00299076
0.00396865
0.00101148
0.00106905
0.00062681
0.000982824
0.00119379
0.000212932
0.00258261
0.00144707
0.0029583
0.00185578
0.00154651
0.00376776
0.00201784
0.00279905
0.00159401
0.00961557
0.00165676
0.000717625
0.0036466
0.00124502
0.00238902
0.00206808
0.00121569
0.00207036
0.000915753
0.00142177
0.00198054
0.00695755
0.00256547
0.00208627
0.0016464
0.00898784
0.00483202
0.000393258
0.0011829
0.00155125
0.002232
0.0101233
0.00163995
0.00349635
0.00135959
0.00565675
0.00148079
0.00285042
0.00197032
0.00259157
0.0144027
0.00114625
0.00518252
0.00184364
0.00124788
0.0086577
0.00153252
0.00462423
0.00272845
0.00288286
0.00596412
0.0021858
0.0167924
0.00161834
0.00591536
0.00112293
0.0239274
0.00182814
0.00200745
0.00167354
0.00810437
0.00423611
0.00391061
0.00499141
0.00164852
0.00299567
0.00781282
0.0029866
0.00179946
0.00252845
0.00195662
0.00190689
0.00476647
0.00214515
0.00382915
0.00270717
0.011624
0.0230838
0.010472
0.00178148
0.00268247
0.00152201
0.00323032
0.0035903
0.00381766
0.00497817
0.00195787
0.00193903
0.00372439
0.0018224
0.00259963
0.000637967
0.00349911
0.00332192
0.00594719
0.00893357
0.00346744
0.00372875
0.00403798
0.00462059
0.00147112
0.00406679
0.00100726
0.00234228
0.00230458
0.00101736
0.000567732
0.00528565
0.00441781
0.000870531
0.00110474
0.00181723
0.00183638
0.00374266
0.000620796
0.00130705
0.0067288
0.00373981
0.00965102
0.00952702
0.00783555
0.00313759
0.00240027
0.00894943
0.00611329
0.00511472
0.00155135
0.0003684
0.00566204
0.00177502
0.00198983
0.00118789
0.00110089
0.00701942
0.00448482
0.00335695
0.00131004
0.010198
0.00403073
0.0100922
0.0379086
0.00285199
0.00275406
0.0158176
0.00594477
0.00247382
0.0021945
0.00950085
0.0164523
0.00114129
0.00432631
0.0149016
0.00726147
0.0032062
0.00241378
0.00176959
0.00292707
0.0105954
0.00168839
0.00320296
0.00155943
0.00238041
0.00641373
0.00327698
0.0100388
0.000567527
0.00313148
0.00237877
0.00212355
0.00195229
0.00281532
0.00593541
0.00784781
0.00200895
0.000832139
0.032723
0.0127149
0.00520235
0.00767869
0.00958508
0.0051275
0.00100846
0.0028937
0.00504865
0.00116955
0.0030201
0.0110541
0.00211923
0.0058024
0.00424327
0.00546909
0.0129055
0.000822834
0.00283629
0.00079906
0.00595249
0.00513626
0.0171303
0.000531874
0.00681291
0.0046693
0.00375172
0.00286809
0.00292925
0.00296385
0.00441079
0.00421504
0.00466314
0.00410775
0.00498744
0.00800913
0.0057026
0.00965147
0.000453401
0.00172601
0.0100344
0.00160247
0.00374611
0.00491086
0.0113353
0.00395567
0.00235679
0.0135235
0.0117056
0.000961482
0.00220488
0.0030793
0.0216535
0.00349152
0.00167728
0.00611787
0.0112284
0.00215834
0.0089422
0.0042989
0.0039114
0.00239605
0.00381488
0.00594337
0.00172202
0.000768742
0.0101821
0.000175185
0.00238454
0.00155465
0.00740339
0.0002767
0.00766313
0.00117915
0.00188204
0.00404911
0.0200287
0.0233399
0.00122018
0.00672031
0.00194568
0.00622123
0.00698119
0.00786489
0.00503539
0.00339952
0.00106957
0.00333072
0.00256417
0.00591405
0.00413227
0.000453595
0.00181993
0.00367782
0.00244147
0.00186654
0.00402008
0.00157808
0.000951317
0.00834738
0.0047873
0.00514104
0.00676492
0.00328551
0.00242841
0.00315857
0.00231642
0.00175053
0.00444489
0.00677155
0.00217331
0.00187118
0.00313091
0.00267287
0.00107143
0.0033382
0.00132516
0.00693033
0.00334894
0.00277318
0.00284386
0.0032525
0.00220466
0.00403142
0.000890959
0.00232236
0.00281268
0.00256562
0.00197074
0.00407
0.00211764
0.0116013
0.0205964
0.00513422
0.00448986
0.00362474
0.00173397
0.0023463
0.00229435
0.00495364
0.00462389
0.00171229
0.00149798
0.000824269
0.00121654
0.00305699
0.00372093
0.00209908
0.00455943
0.0074262
0.00418119
0.00338993
0.00498559
0.00281384
0.00178273
0.00470926
0.0010633
0.00215571
0.00137882
0.00202833
0.00170856
0.00458636
0.00126235
0.00196936
0.00582055
0.00737849
0.0058317
0.000982732
0.00427928
0.00308838
0.00458539
0.0039085
0.00177707
0.00782866
0.00881251
0.00760732
0.00166501
0.00397097
0.00101348
0.00491521
0.00386711
0.00337451
0.00233517
0.000509733
0.0038116
0.00381264
0.0155774
0.002063
0.0025896
0.0118502
0.0031158
0.00299775
0.0116066
0.0135883
0.00228541
0.0151877
0.0107455
0.00326924
0.000876148
0.0140684
0.00284592
0.000906935
0.000143874
0.00196388
0.00946809
0.00129682
0.00361633
0.00665421
0.00179475
0.00275571
0.00249013
0.0108114
0.000350696
0.000980923
0.00171987
0.00219094
0.000497178
0.00432982
0.00239494
0.00205567
0.00293051
0.00426529
0.00335323
0.0114301
0.000843451
0.00107022
0.0034305
0.00536967
0.0081785
0.000649397
0.00153251
0.00091446
0.00163359
0.00438514
0.00874566
0.00115797
0.00209591
0.00551043
0.00162023
0.00349264
0.00149487
0.00120709
0.0023659
0.00338437
0.00581958
0.00563588
0.00424859
0.00210323
0.0023965
0.0108457
0.00410277
0.00436005
0.00288186
0.00461276
0.00733294
0.0371233
0.00670027
0.00451316
0.00105036
0.00359169
0.000916846
0.00525579
0.00134948
0.00476719
0.00178513
0.00051871
0.00569176
0.00423842
0.000648927
0.00410063
0.00272195
0.00429143
0.00418929
0.00163599
0.00224535
0.000980389
0.00692548
0.00317372
0.00399696
0.00771222
0.00150493
0.00556661
0.00433755
0.00829768
0.00391214
0.001243
0.0024118
0.00326698
0.00241765
0.00221195
0.00701431
0.00430441
0.00294588
0.000689828
0.0162051
0.000812967
0.00195663
0.00529107
0.00685402
0.00242521
0.00196211
0.00110613
0.00776316
0.00274931
0.00224422
0.0128893
0.000503394
0.000761782
0.00145181
0.00162718
0.00170884
0.00142283
0.00163803
0.00415394
0.00985628
0.00352264
0.0167337
0.00046615
0.00371522
0.00340984
0.00750533
0.00268311
0.00496747
0.00376685
0.00709946
0.00398948
0.0032034
0.0029037
0.00596275
0.00333316
0.00258172
0.0202238
0.00788201
0.00251296
0.00196903
0.00137195
0.00491076
0.00340237
0.00145557
0.00179208
0.00629846
0.00209263
0.000153623
0.00884063
0.00464399
0.00614075
0.00357603
0.00138042
0.00272174
0.00373041
0.00253881
0.00106384
0.00209195
0.000753275
0.00212927
0.00171017
0.0137245
0.00509841
0.00219808
0.00172628
0.0125523
0.00242212
0.00171231
0.00211557
0.0105361
0.00228959
0.0036878
0.00195033
0.000275181
0.00216214
0.00660512
0.00747821
0.00386405
0.00353162
0.000642063
0.00528437
0.00326239
0.00371422
0.00331339
0.00240872
0.00270477
0.00310498
0.0042863
0.0014123
0.00391628
0.00420099
0.00490174
0.00101526
0.00275351
0.00926893
0.00486636
0.00594337
0.00620392
0.00229026
0.0143834
0.0167252
0.00295191
0.00109046
0.00103332
0.00275237
0.00370954
0.00159126
0.00315478
0.0133858
0.00287019
0.0053807
0.00134583
0.00359632
0.0117256
0.0116472
0.00686679
0.00330888
0.000945292
0.00311691
0.00445491
0.00341275
0.00229362
0.00523636
0.0118173
0.00225029
0.00444464
0.00211245
0.00287248
0.00305254
0.0051565
0.00263267
0.00502124
0.00148366
0.00066237
0.00948266
0.00123841
0.00318165
0.00187495
0.00242491
0.00457005
0.00118659
0.00214542
0.00606207
0.000974201
0.00119891
0.00210786
0.00100774
0.00143262
0.000540819
0.00703514
0.00476304
0.00332297
0.00257635
0.00302757
0.00771533
0.0124272
0.000698831
0.00153729
0.00188474
0.000246465
0.00483202
0.00452857
0.00296154
0.00364205
0.0125811
0.00342353
0.00463455
0.00273914
0.00239244
0.000466847
0.00243854
0.00115949
0.00240251
0.000725198
0.0022416
0.00417392
0.00272261
0.00165798
0.00236696
0.00131416
0.00508815
0.00247528
0.0157046
0.0059511
0.00313851
0.00618683
0.00219895
0.00551156
0.0018377
0.00554577
0.00476254
0.00151238
0.00670306
0.000656597
0.0023409
0.00126397
0.00566621
0.00152837
0.0139346
0.00254729
0.00204791
0.00218427
0.00438104
0.00508456
0.00458819
0.00100748
0.00373693
0.00185352
0.00710956
0.000670385
0.00563638
0.0117828
0.00227912
0.00218789
0.00325643
0.00186787
0.00251126
0.00763905
0.00051108
0.00817179
0.00853274
0.00243497
0.000901347
0.00644761
0.00631396
0.00336631
0.00236373
0.00314465
0.00303807
0.0013122
0.00886432
0.00261479
0.00296459
0.00172063
0.0049087
0.000708731
0.00210701
0.00149588
0.000683231
0.00447667
0.00359699
0.00767824
0.00160093
0.00384958
0.00351564
0.00309012
0.00285961
0.00687941
0.00145485
0.00249332
0.00624706
0.00194568
0.000432962
0.000947026
0.00192913
0.00126268
0.00261495
0.00278939
0.0082294
0.00588811
0.00331887
0.00424477
0.00141483
0.00508843
0.00198651
0.00264116
0.00104006
0.00188972
0.00390884
0.00168027
0.000951878
0.00225214
0.00154804
0.00194398
0.0193521
0.00344146
0.00112468
0.00253502
0.000679736
0.00278921
0.00110667
0.00244505
0.00115221
0.00362965
0.00747562
0.0030864
0.00739016
0.00708308
0.00506816
0.000636207
0.00631747
0.00106989
0.00153934
0.00457517
0.000919211
0.000416888
0.00127916
0.000934938
0.00969301
0.00100408
0.00209843
0.00313011
0.00164551
0.00226602
0.00264646
0.000810224
0.00296501
0.0148356
0.00886314
0.00115387
0.00590095
0.0202832
0.0207508
0.00580908
0.0015129
0.00122331
0.00303287
0.00467625
0.00361584
0.00644415
0.00140814
0.00186276
0.0012086
0.000639987
0.00235778
0.00259027
0.000774879
0.00229589
0.0062571
0.00303047
0.00083753
0.00392816
0.00318317
0.00254534
0.00718578
0.00284893
0.00225183
0.0106224
0.00270964
0.0056711
0.0012031
0.00433227
0.00431647
0.00336116
0.00572241
0.00343416
0.00198172
0.00161441
0.00108505
0.00620819
0.00172336
0.00256865
0.001611
0.000624007
0.00114512
0.00213041
0.00287651
0.00333543
0.00325731
0.00625075
0.000835257
0.00319306
0.00492815
0.00416136
0.00310893
0.00410211
0.0164941
0.00230733
0.0101551
0.000874099
0.00261213
0.00566056
0.0012021
0.00699673
0.00141464
0.00122329
0.000902809
0.00399258
0.0014667
0.0017638
0.00168388
0.00671921
0.00268314
0.00120807
0.00143999
0.012934
0.0118657
0.00318045
0.00379975
0.00367277
0.00157483
0.00300002
0.00722913
0.000955843
0.00155758
0.00164839
0.00103173
0.00814087
0.00352471
0.0158957
0.00210059
0.00100701
0.00168272
0.00154918
0.0187427
0.0101405
0.0024262
0.0013418
0.00453064
0.00399147
0.00203325
0.00043073
0.00171168
0.000904319
0.0022713
0.00154931
0.00235974
0.00062312
0.00264946
0.00505966
0.00707515
0.00279281
0.00417371
0.00353794
0.00175443
0.00196766
0.00196443
0.00278523
0.00673138
0.000639939
0.00988504
0.0128119
0.00297082
0.00537709
0.00235105
0.00343408
0.00304562
0.00363965
0.0175883
0.00309223
0.00302173
0.00371943
0.00198763
0.014587
0.00209187
0.00710444
0.00330271
0.00147171
0.00186355
0.00186563
0.00450187
0.00461315
0.00138973
0.00567005
0.00343674
0.00214846
0.00282901
0.000223762
0.0104217
0.00304996
0.00376098
0.000216125
0.00852762
0.00257241
0.00677151
0.00231979
0.00313958
0.0111618
0.00731569
0.00725043
0.0019913
0.00153707
0.00106702
0.00177748
0.00165871
0.00666284
0.00331354
0.00322103
0.00305979
0.00189468
0.00195351
0.00192364
0.00413773
0.000704707
0.00896214
0.00212704
0.0250432
0.00160124
0.000979278
0.00609262
0.000279442
0.0058317
0.00116988
0.00252599
0.00149574
0.00191247
0.00300129
0.00545969
0.00289783
0.00441118
0.00865103
0.00290946
0.0113555
0.00304563
0.00160336
0.00505946
0.00329592
0.00595603
0.00200689
0.00165287
0.00627816
0.00320949
0.00336778
0.00552394
0.00764092
0.0026901
0.00444505
0.00121991
0.000983827
0.00233124
0.00103755
0.0021402
0.000679396
0.00820532
0.00268439
0.000827202
0.00126803
0.00894416
0.00258777
0.0015203
0.00159026
0.00331429
0.0143981
0.00343285
0.00118307
0.00125681
0.00147455
0.00183908
0.000918427
0.0108258
0.00170506
0.00518163
0.00249318
0.00114399
0.0056748
0.00293672
0.00804026
0.0102277
0.00445398
0.00320938
0.00471292
0.00291215
0.00206599
0.00269842
0.00205528
0.00517526
0.00191224
0.00248986
0.00378647
0.00297933
0.00447086
0.0021545
0.00168114
0.00349448
0.00229058
0.00479843
0.000765495
0.00216933
0.00326823
0.00625439
0.00781346
0.00109961
0.010225
0.00714676
0.0011026
0.00300271
0.00985524
0.0064883
0.00187787
0.00287775
0.00239793
0.000255257
0.00235347
0.00328861
0.00867993
0.00523512
0.0129616
0.000771185
0.000452411
0.00524019
0.0151647
0.00130174
0.00654962
0.0028949
0.00357431
0.00351831
0.00476728
0.012459
0.00353963
0.00167424
0.000887359
0.001885
0.00564864
0.00292028
0.000793136
0.00221115
0.00458239
0.00419117
0.00107777
0.000880174
0.00585649
0.00110968
0.00635312
0.00183978
0.00789462
0.000809573
0.0021571
0.000171978
0.00543608
0.00270795
0.00249058
0.000657759
0.00255825
0.00150999
0.00182409
0.000753316
0.00338352
0.0040517
0.00520252
0.00262815
0.000715885
0.00486563
0.00171346
0.0069711
0.00382901
0.00268955
0.00317446
0.000356707
0.00331179
0.00301941
0.0082433
0.00122777
0.00415208
0.00864559
0.000532767
0.00592097
0.00761443
0.00673749
0.00352299
0.00688418
0.00470225
0.00156576
0.00361429
0.0017503
0.0119646
0.00106487
0.000919622
0.00717
0.00279906
0.00176261
0.00334606
0.00661209
0.00142637
0.00408153
0.00112999
0.000610522
0.00143122
0.00336366
0.00245248
0.00390575
0.000902845
0.00601317
0.0122636
0.000808575
0.01659
0.00537018
0.00175393
0.00139252
0.00183593
0.00107182
0.0116272
0.00120173
0.00307176
0.00236095
0.00848478
0.00348693
0.00573081
0.00425832
0.00219866
0.00293887
0.00212117
0.000887308
0.0194406
0.00263517
0.0142281
0.00787167
0.00396644
0.00253725
0.00363739
0.00530503
0.00217633
0.00184846
0.00278199
0.00113754
0.00351535
0.00685356
0.00255161
0.005523
0.00327734
0.00477268
0.000821254
0.00258825
0.00111352
0.00298144
0.00430702
0.00302242
0.00282082
0.0100688
0.00237041
0.00166707
0.00276099
0.00222852
0.00329061
0.0134127
0.0053065
0.00387954
0.00185801
0.00377219
0.00663777
0.00162948
0.00705965
0.00487972
0.00238677
0.00536062
0.00412983
0.00654223
