0.00152703
0.00642687
0.00588716
0.0122597
0.0176161
0.00250434
0.00492515
0.0059564
0.00189671
0.0111036
0.0034011
0.000689617
0.000545732
0.00140801
0.00256257
0.000984347
0.00252302
0.0027003
0.0043758
0.00281801
0.00218377
0.00400014
0.0029479
0.0026019
0.00156374
0.00491875
0.00147878
0.00127398
0.0167836
0.000639489
0.00676807
0.00547868
0.00848327
0.0112449
0.00314816
0.00361479
0.00248673
0.00075891
0.00464749
0.0128007
0.00653385
0.00573801
0.00649408
0.0012967
0.0123044
0.00497602
0.00589683
0.00446652
0.00305328
0.00449045
0.00426626
0.00303992
0.0114478
0.0150169
0.00500093
0.00254679
0.00109282
0.00115761
0.0147138
0.00378313
0.00447256
0.00152464
0.00229258
0.00429009
0.00432962
0.00151521
0.0111302
0.00466671
0.0100031
0.00435903
0.00145964
0.00183114
0.00213037
0.0121601
0.00310303
0.000575916
0.00610663
0.0100702
0.00302721
0.000956606
0.00297867
0.00830364
0.00210016
0.0106547
0.00134869
0.0018493
0.011593
0.00294122
0.00213087
0.00231826
0.00139944
0.00608189
0.0145452
0.00722499
0.00693245
0.03455
0.00371058
0.00226365
0.0151236
0.00423891
0.00125397
0.0251079
0.0190494
0.00435512
0.000769897
0.00241469
0.00163874
0.00341512
0.000904447
0.0152012
0.0111197
0.00296607
0.00771525
0.00140711
0.00088742
0.00309175
0.00104182
0.000893414
0.000981723
0.0010181
0.00456423
0.000856139
0.0024965
0.00598962
0.00270481
0.00442324
0.00239144
0.0120663
0.00754489
0.00029309
0.00173257
0.00544782
0.00517034
0.000733652
0.00262954
0.00300676
0.00612037
0.0117401
0.00234589
0.000345826
0.000702368
0.0088392
0.0139239
0.0023155
0.00190716
0.00884374
0.00247859
0.00117938
0.00283408
0.00172729
0.00208581
0.00204143
0.00456139
0.00294701
0.00208019
0.00294771
0.00442222
0.0019945
0.0013528
0.00370759
0.00131809
0.00541401
0.000377206
0.00102933
0.00527242
0.00545829
0.000521758
0.000606733
0.00215982
0.00407408
0.00314737
0.00187086
0.00494765
0.00105041
0.00580723
0.00110434
0.00459167
0.00274939
0.0031506
0.0252321
0.00195209
0.00536215
0.00132163
0.00482699
0.00431462
0.0166297
0.00190224
0.0043526
0.00174923
0.00165063
0.00233666
0.00832571
0.00586217
0.00225573
0.00404347
0.00140257
0.00194418
0.0063515
0.00316672
0.0169505
0.00518772
0.0151978
0.00472379
0.0199586
0.0300689
0.0462232
0.00234648
0.00172396
0.0438992
0.00490405
0.0019432
0.00349682
0.0151595
0.00262503
0.00240453
0.00347439
0.00360943
0.00277146
0.00202049
0.00211014
0.0103659
0.00864014
0.00868299
0.00351952
0.00610459
0.00114538
0.00145722
0.00214634
0.00817123
0.00104559
0.018514
0.00303543
0.00389769
0.00142119
0.00201318
0.00538886
0.00289532
0.00284801
0.00128411
0.00241362
0.00429696
0.00653771
0.0104739
0.00520868
0.00477719
0.00546097
0.00853018
0.00451825
0.00100711
0.00288187
0.00208862
0.000970001
0.0138607
0.00580428
0.00967716
0.00427574
0.00134662
0.00283154
0.00192157
0.0110021
0.00218933
0.00267953
0.00196636
0.00156982
0.00690549
0.00503643
0.0102839
0.00289172
0.00192085
0.00200116
0.00116064
0.00405303
0.00823986
0.00262261
0.000820954
0.00355366
0.00393116
0.00227556
0.00114212
0.000875396
0.00172592
0.018768
0.00318123
0.00404069
0.00357798
0.001511
0.00188012
0.000494232
0.00238346
0.00508459
0.00469969
0.00135087
0.014783
0.000737511
0.00139473
0.00380746
0.00102839
0.00223018
0.00401354
0.00598413
0.00696868
0.00105967
0.00288886
0.00207783
0.0227501
0.00152486
0.0206669
0.00358087
0.00395416
0.0154038
0.00183654
0.00163288
0.00284273
0.00285139
0.00143905
0.00357865
0.00545274
0.00265365
0.000949944
0.00282019
0.00990393
0.0115247
0.0195363
0.000558511
0.00821475
0.00197326
0.00563797
0.00302423
0.00301361
0.00205862
0.00175791
0.00138514
0.00300098
0.00221267
0.00699699
0.000868083
0.00275584
0.0192821
0.00138014
0.00264859
0.0109626
0.00557395
0.00372898
0.00833614
0.00804553
0.000763376
0.00673948
0.0498607
0.00478018
0.00121473
0.00330151
0.00169012
0.0020657
0.00178229
0.00338848
0.0014561
0.00619234
0.0030757
0.000625595
0.00455063
0.00649887
0.0103428
0.0025985
0.00203219
0.00791462
0.00313362
0.00569498
0.00393083
0.000884818
0.00410514
0.00214152
0.00404488
0.00169506
0.00553758
0.017812
0.00700576
0.00134131
0.0619712
0.00140184
0.00286006
0.00297096
0.00273706
0.0188175
0.000907238
0.0037628
0.00115428
0.00348252
0.00323403
0.00438719
0.0033126
0.00209299
0.0128998
0.0021871
0.00301469
0.00793477
0.00887267
0.0101257
0.00303495
0.00666053
0.00762565
0.00686114
0.00339943
0.0080884
0.0038389
0.00751436
0.00205113
0.00037538
0.00557518
0.00383251
0.00201201
0.010167
0.00171226
0.00174598
0.0104845
0.0116038
0.00839837
0.00142289
0.00816255
0.0017276
0.00321713
0.00637027
0.00207532
0.0167638
0.00164559
0.00331442
0.00764948
0.00203931
0.0087061
0.00797526
0.00241647
0.000591262
0.00128747
0.00186536
0.00475517
0.00980526
0.00207296
0.0123934
0.00318183
0.00211372
0.0018024
0.00941218
0.00509281
0.00115531
0.0038591
0.00317385
0.0099305
0.00650449
0.0101705
0.00619756
0.00133697
0.000621412
0.00128964
0.0047287
0.00267576
0.00537667
0.00110571
0.00129846
0.0201218
0.0103798
0.00332802
0.00491115
0.00365742
0.00198788
0.00354706
0.00603833
0.00487309
0.00427634
0.00032069
0.000445166
0.00744922
0.00381615
0.00093976
0.00597343
0.00196396
0.00333367
0.0144324
0.00285356
0.000392195
0.00421207
0.0146252
0.000901391
0.00180865
0.000402464
0.0021471
0.00617362
0.00342795
0.00344395
0.00290917
0.00511471
0.00591628
0.00233175
0.00481354
0.0020232
0.00138694
0.00276284
0.00771783
0.0136439
0.00209144
0.00335346
0.00291674
0.0111167
0.00415281
0.00226267
0.00540071
0.00482371
0.0105696
0.000247673
0.00297581
0.000334009
0.00381872
0.00679523
0.00210617
0.00347636
0.0064531
0.000812859
0.00400285
0.00431978
0.00802759
0.00688905
0.000273021
0.00166678
0.000851597
0.0038658
0.00244146
0.00774499
0.00554514
0.00708617
0.000341445
0.00509949
0.001718
0.00199128
0.00110726
0.000549125
0.00259574
0.0107102
0.00438558
0.00396845
0.00619275
0.0127286
0.00151734
0.000722189
0.00417021
0.00276224
0.00535173
0.00505226
0.00165746
0.0059518
0.00102015
0.00327936
0.00338826
0.00543103
0.00122514
0.0132512
0.00167878
0.00240757
0.00261314
0.00536211
0.0331871
0.00663496
0.00301071
0.0030584
0.00227533
0.00516001
0.00336204
0.00377052
0.00456303
0.00369029
0.00297743
0.00154322
0.00266589
0.00419847
0.0111216
0.00600302
0.00938215
0.000885178
0.00398792
0.00142619
0.00176497
0.00357793
0.00421887
0.00620301
0.00093386
0.000574186
0.00142175
0.0194756
0.00299095
0.00431365
0.000263994
0.00216913
0.00187976
0.00985102
0.00186685
0.00613912
0.00160692
0.00474393
0.00297145
0.00175762
0.00244791
0.00246778
0.00255836
0.00559207
0.0136821
0.00529224
0.00274063
0.00421955
0.0243033
0.00192231
0.000358252
0.00943232
0.00557678
0.00379351
0.0020024
0.00893056
0.00637344
0.00634254
0.000276867
0.00492955
0.0025281
0.0022865
0.00149249
0.00102238
0.00846165
0.00428756
0.00835446
0.00387574
0.0058627
0.00246041
0.00192498
0.00857161
0.00327842
0.00305376
0.00192647
0.000442519
0.00612804
0.00772461
0.00191604
0.00483428
0.00112292
0.0142811
0.00101659
0.000426831
0.00659962
0.00673597
0.00180574
0.00144901
0.005886
0.00577581
0.00412069
0.00313817
0.00346629
0.000836738
0.0201627
0.00985917
0.000484548
0.0043229
0.00164416
0.0113239
0.00354001
0.00294092
0.00116444
0.0232231
0.00255993
0.00267664
0.00281827
0.00478136
0.00494158
0.00907923
0.002336
0.00935826
0.00523159
0.013431
0.003317
0.00273155
0.00438322
0.0231482
0.00639949
0.000854364
0.00418064
0.00212361
0.00264607
0.0108941
0.00716702
0.00173696
0.0036673
0.0207423
0.00176853
0.00701038
0.0255247
0.0253229
0.00669312
0.0109999
0.00114884
0.0013319
0.00584241
0.00471856
0.00374637
0.000167227
0.00404737
0.000249776
0.00279629
0.00677575
0.00669815
0.00660295
0.000540801
0.00119118
0.00131015
0.00218874
0.00188425
0.00829553
0.0028585
0.000748551
0.00238137
0.00175608
0.00388238
0.00228655
0.00748031
0.00490035
0.000971707
0.00935963
0.00889743
0.00253846
0.0113698
0.00513218
0.00562212
0.0054388
0.00359497
0.00334987
0.00775949
0.00547546
0.00441528
0.00283546
0.00175598
0.0176599
0.00225276
0.00224602
0.000927335
0.0245109
0.00506848
0.00529675
0.0204457
0.00413989
0.00333798
0.0039431
0.00311914
0.00552505
0.00243499
0.00253285
0.00255143
0.00336488
0.0444719
0.0155109
0.00340125
0.00532064
0.00451817
0.00426997
0.00296564
0.00186028
0.00270557
0.00240532
0.000856508
0.00499002
0.0138058
0.000628539
0.00506926
0.0077462
0.00252689
0.000907876
0.0114996
0.00855294
0.00796899
0.00837766
0.00100946
0.00291479
0.00170693
0.00165221
0.0129591
0.010962
0.00185462
0.00361217
0.00262411
0.00279976
0.000671255
0.00450835
0.00488332
0.00532525
0.00661264
0.00269538
0.00511686
0.00163206
0.00201236
0.0034187
0.00691663
0.00390784
0.00773969
0.00401567
0.00333688
0.0124222
0.00270667
0.00440422
0.00209742
0.0068111
0.00128444
0.0140825
0.00453355
0.00723242
0.0201849
0.0175039
0.00215025
0.00254287
0.00641398
0.00819677
0.0114742
0.00453405
0.0101762
0.00232682
0.00350905
0.00828701
0.00800127
0.00120376
0.00469683
0.003985
0.000734448
0.00307714
0.00893867
0.00775571
0.00134566
0.0123857
0.0133471
0.00357181
0.00447094
0.00502371
0.00617112
0.00479713
0.00237035
0.00338194
0.00242561
0.0021723
0.00280368
0.00276513
0.00364866
0.00523393
0.00522964
0.000511106
0.00187998
0.00146238
0.00921134
0.0107331
0.00600204
0.0037328
0.000867051
0.00446106
0.0018771
0.00964458
0.00287791
0.00609979
0.0032307
0.00263741
0.00864646
0.00331829
0.0139228
0.00394012
0.00123175
0.00529203
0.00149922
0.00327804
0.0144522
0.00383322
0.00419855
0.00266372
0.00187451
0.0080609
0.00414971
0.00356296
0.0222812
0.000646449
0.00232833
0.00406775
0.00667773
0.00225915
0.00361746
0.00394084
0.00733688
0.00410118
0.0188909
0.0202931
0.00168871
0.0454478
0.00385561
0.00967413
0.001378
0.00963786
0.000521514
0.00476898
0.00158993
0.00787345
0.00176255
0.00159977
0.0201293
0.00153158
0.000855536
0.00246526
0.00485305
0.000990764
0.00997317
0.00299953
0.00405894
0.004202
0.00699244
0.00376221
0.00259146
0.0050064
0.00560214
0.00187078
0.00695792
0.00516136
0.00348328
0.00265259
0.00150803
0.00174948
0.00736278
0.00144992
0.00837155
0.00155512
0.00507557
0.00402322
0.00448963
0.00254077
0.00280288
0.0199978
0.00202555
0.0171645
0.00807971
0.00233778
0.00330484
0.0017534
0.00193802
0.00905375
0.0037134
0.00353964
0.00117264
0.0304644
0.0126161
0.00512675
0.000911371
0.00468128
0.00271179
0.0097522
0.00172203
0.00348549
0.0176346
0.00122443
0.00236908
0.0130869
0.00199473
0.0015477
0.00560137
0.00429057
0.00845042
0.0123913
0.00221699
0.00518464
0.00376505
0.00194505
0.00712016
0.00186769
0.00164003
0.00408164
0.0011671
0.0030455
0.00135606
0.00475633
0.00161225
0.0148572
0.00196695
0.00299192
0.00485561
0.00557993
0.00216212
0.0488643
0.00326585
0.00186138
0.00284451
0.00369551
0.00589181
0.00257905
0.00599172
0.000981331
0.00443003
0.00638304
0.00045366
0.00106188
0.00343498
0.000143071
0.00220757
0.00132341
0.00495041
0.000797839
0.00523974
0.000781135
0.012594
0.0285705
0.00210904
0.0048715
0.00609596
0.00221871
0.00648088
0.000781913
0.00841322
0.00802662
0.00157576
0.0037385
0.000524997
0.00463986
0.00362631
0.00301751
0.00239992
0.0029473
0.00202948
0.0097296
0.00147248
0.00442195
0.000701437
0.00247974
0.00497612
0.00424171
0.00227661
0.0285182
0.00800087
0.00926807
0.00518756
0.00313535
0.000848239
0.0069946
0.000793857
0.00392404
0.00442666
0.00874418
0.0135998
0.00428101
0.00266255
0.00236325
0.00222881
0.00244978
0.00240657
0.00630707
0.00369254
0.00482379
0.00274484
0.00474963
0.0102009
0.00124441
0.00579729
0.00551311
0.00190425
0.0608038
0.00220234
0.00442121
0.0094012
0.00226114
0.00378469
0.00153814
0.00467383
0.00885644
0.00336256
0.00941702
0.00554195
0.00470448
0.00368698
0.0012373
0.0073195
0.00242375
0.0122193
0.00915052
0.0102832
0.00564334
0.00187697
0.00381415
0.0014802
0.00170928
0.00555236
0.00273635
0.00341857
0.00717901
0.00887771
0.005365
0.0243079
0.0088638
0.00696122
0.0058706
0.0132034
0.0111081
0.0012899
0.00465998
0.00248972
0.00209906
0.0111148
0.00335768
0.00364058
0.00301588
0.00770835
0.00221969
0.00148446
0.00159825
0.00526966
0.00999135
0.00261193
0.00412914
0.00383797
0.00414706
0.00142516
0.0035067
0.0138958
0.00465614
0.003009
0.00334869
0.00555014
0.00109558
0.00217868
0.00329322
0.00266825
0.0215414
0.00466301
0.000334419
0.00269409
0.00441196
0.00845023
0.00454809
0.0100944
0.000370624
0.00171581
0.0022128
0.00277055
0.0049422
0.00237265
0.00183209
0.0119264
0.00243593
0.00770478
0.00352403
0.00124523
0.0113995
0.00604296
0.00280049
0.00614451
0.00199649
0.00303172
0.000745478
0.00272479
0.00984279
0.00326456
0.00532384
0.0065336
0.00529957
0.0022882
0.00199656
0.00419577
0.00890163
0.00372611
0.000447932
0.00358193
0.00148562
0.0133405
0.0156428
0.00134471
0.0213965
0.00345067
0.00210046
0.00110735
0.00306834
0.00581534
0.0531354
0.000699421
0.0051905
0.00296097
0.00106277
0.00572746
0.00336248
0.00774607
0.00558774
0.00217508
0.0052657
0.00282587
0.00328618
0.00166977
0.00478063
0.00927606
0.0117692
0.0127263
0.0478438
0.00510559
0.00238151
0.00257656
0.00516131
0.00242565
0.00175332
0.00829635
0.0306558
0.00105803
0.00349201
0.000988662
0.0198022
0.00249659
0.00229303
0.00176086
0.00615768
0.011929
0.00311082
0.000691702
0.00318488
0.00385668
0.00201098
0.00124645
0.00424475
0.00385459
0.0221893
0.0011212
0.00111506
0.00952405
0.00118318
0.00120625
0.00196405
0.00564673
0.00521441
0.00129148
0.00313136
0.00118265
0.00685672
0.00243539
0.000781753
0.0192448
0.00135641
0.00168207
0.000424226
0.00193214
0.00365004
0.00285685
0.00561327
0.00802849
0.0167769
0.00294005
0.00434007
0.000809463
0.00481853
0.00278235
0.00546743
0.00493295
0.00274462
0.00678574
0.00241808
0.0140731
0.00171019
0.00121539
0.00745032
0.000944678
0.00635762
0.00127852
0.000349174
0.00265501
0.0150577
0.00434941
0.00217133
0.00596733
0.0286177
0.0034097
0.002038
0.00229983
0.00242334
0.00129534
0.00339186
0.000325708
0.0036706
0.00150391
0.00385155
0.0116378
0.00568285
0.0145528
0.00200168
0.00276548
0.00262668
0.0020697
0.00397598
0.00102189
0.00402712
0.00454016
0.000865935
0.0126702
0.00154261
0.00351752
0.0794416
0.0104853
0.0103719
0.0111338
0.00494493
0.00650127
0.00129328
0.00119485
0.016213
0.0021637
0.00933366
0.00920422
0.0105858
0.00088202
0.00247402
0.0117958
0.00383227
0.00710466
0.00976891
0.00209008
0.00145869
0.00134276
0.00773117
0.00735312
0.00234204
0.00250456
0.00198023
0.00445795
0.00514908
0.000877564
0.000847145
0.014102
0.00193744
0.00452472
0.00725045
0.00213409
0.00386676
0.00186089
0.00321894
0.00120012
0.00238201
0.00497719
0.0045343
0.0122853
0.00273102
0.00248569
0.00461285
0.00267934
0.00249429
0.002964
0.00675921
0.00294716
0.00912211
0.00216101
0.00275064
0.0010905
0.00471688
0.00691908
0.00628916
0.0031631
0.00118715
0.00665998
0.0032268
0.00302045
0.0087779
0.00281094
0.00427174
0.00167217
0.00152742
0.00643012
0.00530684
0.00131948
0.009108
0.00113261
0.00369196
0.00547809
0.00502989
0.00575594
0.00068429
0.0014702
0.0152868
0.00195288
0.00720258
0.00247379
0.00181965
0.00452833
0.00212964
0.00909665
0.00572471
0.00207073
0.00599988
0.00200741
0.00582417
0.00249439
0.00506166
0.00188173
0.0189374
0.0118158
0.00408078
0.00088115
0.00120744
0.0309824
0.00237979
0.00539302
0.00166233
0.00166316
0.00884678
0.00574463
0.00527929
0.00186942
0.00872534
0.00208469
0.00277914
0.00311763
0.00317222
0.0144053
0.00196506
0.0194869
0.00155286
0.00582414
0.00314489
0.00149738
0.00115193
0.00332152
0.0173228
0.0334149
0.00372879
0.0148821
0.00445342
0.00151856
0.00400408
0.00487511
0.0029141
0.0196404
0.0064531
0.000896113
0.00507092
0.00219894
0.000371905
0.0236459
0.00214459
0.0255425
0.0122554
0.000994144
0.00507206
0.00289865
0.0089512
0.00339963
0.000600148
0.00167364
0.0158146
0.00233394
0.0013291
0.00159533
0.016291
0.00467973
0.00528278
0.0166073
0.00658549
0.00468873
0.00146648
0.00530973
0.00480479
0.0188673
0.000951014
0.0053415
0.0139009
0.00311373
0.0428638
0.00217797
0.0133457
0.0392311
0.00117726
0.00348859
0.0100797
0.00294002
0.00374254
0.00755931
0.0055898
0.00410772
0.00890972
0.00187011
0.00399866
0.00319864
0.00292491
0.0273924
0.00168123
0.00362429
0.00102953
0.00164282
0.00228803
0.00275862
0.00158308
0.00322308
0.00798962
0.00777637
0.00105814
0.0191591
0.00340889
0.00367078
0.000805953
0.00707336
0.00123275
0.00118491
0.00139555
0.00186742
0.00101999
0.00749209
0.00275378
0.00860175
0.026621
0.00089035
0.0045181
0.00870005
0.0118518
0.0145076
0.0413928
0.00065136
0.00239999
0.00445501
0.0014357
0.0135146
0.00465173
0.00045235
0.00100293
0.00112456
0.00296865
0.0125019
0.00257266
0.00661333
0.00173824
0.0125045
0.00587543
0.00170527
0.00107304
0.00223708
0.00288533
0.00228165
0.00183361
0.00405962
0.0117663
0.00236949
0.0150251
0.00759932
0.00618445
0.00312602
0.0305324
0.00362236
0.00245399
0.00361307
0.00112176
0.00356601
0.00322293
0.00932576
0.00244216
0.00243834
0.0014727
0.00117973
0.00646846
0.00162863
0.00280055
0.000179557
0.0166237
0.00238853
0.000650739
0.0135682
0.00135858
0.0129997
0.00144866
0.00432807
0.00266495
0.00760688
0.00807505
0.00158743
0.00699474
0.00174022
0.0430214
0.00936185
0.00334864
0.00195815
0.00439136
0.0142969
0.00424658
0.00608081
0.00575479
0.00326886
0.00294871
0.00278827
0.00344177
0.00523982
0.00196021
0.00300854
0.00310548
0.00165135
0.000859777
0.00747624
0.00314337
0.00408574
0.0110638
0.00460082
0.00512645
0.000847594
0.00666913
0.00153259
0.00346927
0.0141111
0.00198544
0.000846836
0.0025804
0.00528441
0.00339438
0.00320585
0.00176062
0.00112652
0.00769037
0.00401736
0.00339101
0.00668251
0.00412642
0.0013728
0.00383414
0.00179793
0.0187955
0.0105542
0.00242525
0.00275691
0.00606356
0.00391667
0.0069295
0.00155556
0.00537771
0.000250931
0.004169
0.00167339
0.00483149
0.00157089
0.00138986
0.00603609
0.00362294
0.0042088
0.00913728
0.000813038
0.00274257
0.0066546
0.00502124
0.00162335
0.00388645
0.00241586
0.00255759
0.00409281
0.00355712
0.0115072
0.00461437
0.00805296
0.00457175
0.00154167
0.000860179
0.000897776
0.00323389
0.0013678
0.00305405
0.00642952
0.00598726
0.0327114
0.00692062
0.000536995
0.00518742
0.00249303
0.00533742
0.00423138
0.00740422
0.0036709
0.00281199
0.00373122
0.00152337
0.0056693
0.0105184
0.00498285
0.00180498
0.00454014
0.00108684
0.00101526
0.00247693
0.000647155
0.000318048
0.0014558
0.0040154
0.00493944
0.00218582
0.00319444
0.0135639
0.0025186
0.0023991
0.00220284
0.00385649
0.000356663
0.00539617
0.00644619
0.00434159
0.00555779
0.0199218
0.00167914
0.00528846
0.00384481
0.00184623
0.00714802
0.00878802
0.00232424
0.00622857
0.00345913
0.0229699
0.00166588
0.00687685
0.00218664
0.00158107
0.00155525
0.0140351
0.00687441
0.0019957
0.00795002
0.00108751
0.00305802
0.00249257
0.00203125
0.00369766
0.00250658
0.00274878
0.0136087
0.00532922
0.000791729
0.0025267
0.00703799
0.00269264
0.0144824
0.00659771
0.00125794
0.00551825
0.00612519
0.00622756
0.00148347
0.00623012
0.00518283
0.00271013
0.0177767
0.00324865
0.00124395
0.00193416
0.0016225
0.00945725
0.00350512
0.0131614
0.00401109
0.0078215
0.00308862
0.00496441
0.00556032
0.00221188
0.0144292
0.0116547
0.000365452
0.00313317
0.00412626
0.00327485
0.00592726
0.000969747
0.00150147
0.00118706
0.0222485
0.00431893
0.00101831
0.00545135
0.00087624
0.0116759
0.00323748
0.00207095
0.00215851
0.00453722
0.00223821
0.00375394
0.0066831
0.00970989
0.00203101
0.00278806
0.00127254
0.00611226
0.000348682
0.0148288
0.00455106
0.00687686
0.000891326
0.00151539
0.00679755
0.00189059
0.0122895
0.0200156
0.00252811
0.00413974
0.00295049
0.00493662
0.00362139
0.0106456
0.00143894
0.00585078
0.00168005
0.00357835
0.00335005
0.00594743
0.00242986
0.00224377
0.00180118
0.0180184
0.00186583
0.00502057
0.0072363
0.00322245
0.00158273
0.00212822
0.0058787
0.00362852
0.00165109
0.00126064
0.00128267
0.00165542
0.00141432
0.0121676
0.00768797
0.00127212
0.00716537
0.00458087
0.00149435
0.00159046
0.00343491
0.00298701
0.00164587
0.00273578
0.00492892
0.00510296
0.00202634
0.00263821
0.00283052
0.00274685
0.00534926
0.0119815
0.00160093
0.00169122
0.0234294
0.00839335
0.0031964
0.000897654
0.00346833
0.00124311
0.00291766
0.00374698
0.0100202
0.0022335
0.00179245
0.00164808
0.00892707
0.00604487
0.0032298
0.0194896
0.00214793
0.00224391
0.00126374
0.00698818
0.0141406
0.0218299
0.0129762
0.00209163
0.0165658
0.0132033
0.0016014
0.000768605
0.00169071
0.000381894
0.00686876
0.00453386
0.00171467
0.00163648
0.00267143
0.00523874
0.0051629
0.00168103
0.00129451
0.00190006
0.00268491
0.0067856
0.0182963
0.00308532
0.00550567
0.00338317
0.00182122
0.00142784
0.0192507
0.000655951
0.0020162
0.00685013
0.0101192
0.00147467
0.00273499
0.00178369
0.00254519
0.00208433
0.0271633
0.00687266
0.00222
0.00700259
0.00218809
0.00525246
0.00270384
0.0226361
0.0018987
0.00693968
0.00386272
0.00996057
0.00260855
0.00695552
0.00499385
0.0194491
0.00156572
0.00194603
0.00446483
0.000904292
0.00320644
0.00361732
0.00378048
0.00316233
0.0025957
0.00173778
0.00387814
0.00578804
0.00323345
0.00192722
0.00270335
0.00433347
0.0160496
0.00174053
0.00783496
0.00106498
0.00145667
0.00334376
0.0135544
0.00216304
0.0035968
0.00523528
0.00389962
0.0012945
0.00179951
0.0111447
0.0062286
0.00682357
0.00226233
0.00414005
0.00206954
0.00235297
0.001293
0.0235567
0.00465711
0.0111957
0.00250228
0.00405831
0.00279344
0.00290188
0.00144933
0.00236459
0.00156284
0.00351273
0.00185681
0.00308232
0.00223179
0.00552624
0.00153781
0.00302805
0.00567257
0.00158352
0.00444249
0.0105175
0.00214183
0.00390907
0.0194615
0.000345543
0.00189395
0.00262287
0.00163275
0.00763733
0.00405862
0.00332326
0.00301444
0.00185048
0.00137313
0.00171411
0.00289887
0.00163936
0.00145107
0.00551117
0.0128872
0.000886984
0.00324689
0.00227295
0.00828205
0.010169
0.00629174
0.0036721
0.00237669
0.00397649
0.00531932
0.0109889
0.003372
0.00264572
0.00158881
0.000745095
0.00205008
0.00491794
0.00285377
0.00980819
0.0101293
0.000830244
0.0198273
0.00451536
0.00543235
0.00196972
0.000679794
0.00367771
0.0223974
0.02464
0.00663896
0.0490125
0.00579057
0.00246967
0.00158572
0.00298786
0.0129169
0.00690693
0.00255753
0.000673888
0.00215002
0.000730563
0.00678026
0.00498805
0.0112263
0.000727305
0.00327291
0.00630098
0.00184308
0.00199894
0.00205501
0.0177197
0.0136415
0.000792889
0.0092132
0.00052297
0.0118601
0.00246886
0.00466302
0.00191436
0.00219595
0.000241029
0.00294577
0.00250118
0.00169826
0.00194792
0.00497756
0.00391885
0.00467774
0.00122925
0.00561961
0.00407998
0.00180409
0.00259308
0.00622165
0.00168
0.0033832
0.00165909
0.00552395
0.000664998
0.00123038
0.00548446
0.00683415
0.00574194
0.00176833
0.00281038
0.00658681
0.000554267
0.00268445
0.0220974
0.0264906
0.00249212
0.00054304
0.00916781
0.000637296
0.0134625
0.00187236
0.00325734
0.0216769
0.00287604
0.000975504
0.0014614
0.00688639
0.00379664
0.00282624
0.00562379
0.000605529
0.00511152
0.00363854
0.0117967
0.0120433
0.00497344
0.00320987
0.00367469
0.00803172
0.00121241
0.0728212
0.00400527
0.00483877
0.00195398
0.00143342
0.00212211
0.00337752
0.00584367
0.00623661
0.00114317
0.00366757
0.00531401
0.00373773
0.0027597
0.00177779
0.000883365
0.00296237
0.00175798
0.00455232
0.00368966
0.00413466
0.00374099
0.00399149
0.000420508
0.0113598
0.0026725
0.00266174
0.00296389
0.00236179
0.0027252
0.00362052
0.0035603
0.00216788
0.00127517
0.00359101
0.0271609
0.00245625
0.00747175
0.0011524
0.00130733
0.00542251
0.00635292
0.00180836
0.002023
0.00264692
0.00150752
0.00296651
0.00120165
0.00161316
0.0104984
0.0221198
0.00359662
0.00331509
0.000565299
0.00559282
0.00320186
0.00128886
0.0205818
0.000644722
0.00134613
0.00687635
0.0117118
0.00100555
0.00309398
0.0232088
0.00484425
0.0169818
0.0012385
0.00314787
0.0103895
0.00730536
0.00434532
0.00252917
0.00307048
0.0030099
0.0143453
0.00327
0.0020437
0.0188822
0.000671494
0.00677454
0.00153795
0.00336487
0.0027744
0.00249969
0.00494162
0.00161132
0.0124844
0.00136269
0.00516964
0.00224764
0.000721702
0.00256681
0.00247707
0.00935979
0.000696877
0.00259709
0.00431519
0.00632032
0.0036113
0.000765722
0.00149911
0.00389226
0.00954811
0.00206192
0.00675339
0.00196544
0.00202261
0.00676163
0.00967519
0.00302197
0.00657808
0.00140711
0.00383523
0.00247698
0.00480236
0.00516183
0.00376105
0.00153475
0.0111064
0.00288021
0.00159185
0.00236457
0.00193278
0.00145706
0.00423554
0.0227075
0.0021038
0.00109412
0.0099673
0.00360437
0.00647508
0.00157658
0.00374721
0.00207569
0.00218359
0.0106559
0.00443354
0.0168681
0.00219724
0.00245359
0.00186715
0.0037558
0.00222965
0.00840662
0.00202078
0.00161705
0.00363176
0.00229291
0.00180472
0.00432699
0.00504083
0.00623093
0.00701656
0.00333867
0.00202541
0.00954793
0.00346369
0.001758
0.00156314
0.0092578
0.0078874
0.00537167
0.0063145
0.00213713
0.0211691
0.00126201
0.00104208
0.00405658
0.00165645
0.00547135
0.00400844
0.00288474
0.00378315
0.00468228
0.00794228
0.00760951
0.00490647
0.00304974
0.00443466
0.00657927
0.0051905
0.00688094
0.00162654
0.00504495
0.00901482
0.00223112
0.0188786
0.0174423
0.00681098
0.0012756
0.00152471
0.00156755
0.00109116
0.00821544
0.00177643
0.00496192
0.00346651
0.0059152
0.00292769
0.00126028
0.0157198
0.00943015
0.0023839
0.00578731
0.00754587
0.00710982
0.00179506
0.00145271
0.00143364
0.00349574
0.00440712
0.00157537
0.00264387
0.00476086
0.0078481
0.00162544
0.00947847
0.000885091
0.00223256
0.00130083
0.00346535
0.000848125
0.00282881
0.00505643
0.0118385
0.00837394
0.00168735
0.00089303
0.00477106
0.00341504
0.000592552
0.00227754
0.00190685
0.00170846
0.0021478
0.00627837
0.02376
0.00215086
0.000469642
0.00463315
0.00167352
0.0213476
0.00178419
0.00765028
0.000836167
0.00960587
0.00211301
0.00239545
0.00334639
0.00814744
0.00286739
0.00182795
0.0102914
0.00163564
0.000447348
0.00261554
0.0461358
0.00542065
0.00326593
0.00432545
0.00127181
0.00318831
0.00138862
0.0015902
0.00588892
0.00479211
0.00349656
0.000528011
0.00261967
0.00356205
0.00146765
0.0143176
0.000311636
0.00060287
0.00426608
0.0108677
0.00718654
0.0085343
0.00399648
0.000426758
0.00218612
0.00172917
0.00158805
0.00207402
0.00217406
0.00446017
0.00309941
0.00261446
0.00646797
0.0271445
0.00353852
0.0155074
0.00267595
0.00255493
0.002085
0.00192946
0.00135582
0.0014108
0.00385788
0.00624641
0.00851375
0.00888545
0.00317702
0.00419344
0.00140597
0.0172219
0.00154902
0.00448431
0.00904236
0.00588909
0.00130515
0.00290152
0.00248871
0.00356944
0.00439244
0.00618366
0.00769452
0.00103802
0.0127976
0.00336966
0.00557782
0.00186333
0.00171457
0.00199085
0.00411443
0.000892662
0.0170032
0.00164967
0.0060006
0.00518712
0.00157578
0.0115958
0.00805819
0.00176163
0.0114823
0.0039443
0.00999036
0.00846837
0.000549315
0.00128118
0.0143396
0.00654564
0.00166547
0.00174134
0.00303777
0.0011486
0.00521685
0.00856163
0.00176583
0.00627764
0.00417073
0.0121548
0.00244854
0.00164821
0.00305447
0.00246863
0.010513
0.0149079
0.00526312
0.00269671
0.000419355
0.00439461
0.00198594
0.00518276
0.00886913
0.0128743
0.00173589
0.00216884
0.00569252
0.00129536
0.00553422
0.00150236
0.00230641
0.00570246
0.00802846
0.0035058
0.00223628
0.00249237
0.00712771
0.00246556
0.00378089
0.00120022
0.00386135
0.000526573
0.000744761
0.00590804
0.00286105
0.00122444
0.00210808
0.00209817
0.00781636
0.00321069
0.00257186
0.00283314
0.00772778
0.00566764
0.00498357
0.00610289
0.000683021
0.0149629
0.0044981
0.0033134
0.00205786
0.00152775
0.00174581
0.00406068
0.00262773
0.000690712
0.0130669
0.00309113
0.00327692
0.00629833
0.00393557
0.00248796
0.0225539
0.00337346
0.00524361
0.0142316
0.00730952
0.000374367
0.00281961
0.00408384
0.000854974
0.0110948
0.00161492
0.0086507
0.00616171
0.017937
0.00348074
0.000807602
0.0189047
0.000920716
0.0010149
0.0148175
0.00820053
0.00238279
0.00350576
0.002242
0.0253977
0.0047818
0.00129368
0.00048279
0.00539166
0.00142224
0.0040567
0.00354716
0.00142572
0.00180242
0.00235504
0.000905915
0.00207445
0.00160913
0.021558
0.00391758
0.00401004
0.00429431
0.00224164
0.00676645
0.010655
0.00145041
0.00345509
0.0077895
0.00179792
0.00662449
0.000675588
0.00241072
0.00135426
0.00616474
0.00278524
0.0025787
0.00239908
0.000525224
0.00287002
0.000959912
0.00904899
0.0230866
0.000756305
0.00166599
0.0103735
0.0107069
0.00433022
0.00492345
0.012423
0.00649501
0.00256333
0.00390459
0.00229751
0.0243068
0.00338092
0.00459305
0.00101301
0.00462156
0.00205025
0.00223214
0.00102446
0.00080648
0.0011744
0.00204074
0.00485209
0.0146431
0.0303545
0.00257057
0.00429295
0.00525662
0.00628468
0.0236534
0.00371872
0.00714769
0.00365076
0.00415805
0.00639495
0.00730477
0.00894419
0.0200634
0.0038576
0.00553431
0.00147523
0.00854963
0.00710399
0.00967491
0.00210144
0.00640744
0.00629533
0.0150269
0.0025242
0.00767919
0.0318032
0.00298329
0.0286018
0.0060534
0.00202246
0.000920663
0.00394626
0.0037421
0.000656713
0.00224641
0.002036
0.00310039
0.0202162
0.00635212
0.00104459
0.00983678
0.00322389
0.0122588
0.0268863
0.0106802
0.00102045
0.00308942
0.00266265
0.00143608
0.00221435
0.00343083
0.00158116
0.00159544
0.00154852
0.00338641
0.0020629
0.00196582
0.002752
0.00916916
0.000894357
0.00121825
0.0137431
0.00321603
0.00339304
0.00161142
0.00398088
0.00400286
0.0405772
0.00221468
0.00381956
0.00276069
0.00113569
0.00910779
0.00114079
0.00477294
0.00226829
0.00446789
0.000499251
0.00241761
0.00499778
0.00835378
0.00172787
0.00160507
0.00768641
0.00382421
0.00135731
0.00241996
0.00149317
0.00772531
0.00230485
0.00268028
0.00169998
0.00276048
0.0013812
0.00442854
0.000742803
0.0363347
0.000289202
0.00134402
0.00315583
0.00167604
0.00265159
0.00135291
0.0107572
0.00615844
0.00106431
0.00688663
0.00600385
0.0140587
0.00176194
0.0026614
0.00787506
0.00234576
0.0013784
0.0037888
0.000326006
0.0106901
0.00401042
0.00055147
0.00127036
0.0149244
0.00402782
0.00253293
0.0028414
0.00496524
0.00556772
0.00599576
0.00891106
0.00304346
0.00941351
0.00635434
0.00472302
0.00526655
0.0170976
0.00513359
0.00287065
0.00215561
0.00295996
0.00469489
0.00257759
0.00190473
0.00143972
0.00135668
0.0017003
0.0121444
0.00961543
0.00530222
0.00184583
0.00851378
0.00392742
0.00369557
0.00239239
0.0117027
0.00730562
0.000884958
0.0124954
0.00254265
0.00880941
0.00423591
0.000911918
0.00223978
0.0112625
0.0015336
0.0520767
0.00516169
0.000436097
0.0010057
0.0020571
0.00839937
0.0139239
0.00685471
0.000752864
0.00341066
0.00807697
0.00584245
0.00325343
0.00539895
0.000972776
0.00797152
0.00575466
0.00184897
0.000990368
0.00105439
0.00393533
0.00235543
0.0132621
0.000636239
0.00125413
0.00329364
0.0137115
0.00485237
0.00346483
0.00166361
0.0103254
0.00364123
0.0452156
0.00368118
0.0130868
0.00100621
0.00211072
0.00455737
0.00749012
0.00708983
0.00784179
0.00312964
0.0242958
0.00282422
0.00498723
0.00283817
0.00412895
0.00613168
0.00349199
0.0028353
0.00089773
0.000783592
0.0057929
0.00162907
0.000922251
0.00132216
0.00261686
0.00300556
0.0565493
0.00254974
0.00393013
0.0198124
0.00098942
0.000898109
0.00290804
0.0043548
0.0284149
0.00803279
0.0136207
0.00198531
0.00555499
0.00230293
0.000682467
0.00167326
0.00259205
0.00194739
0.00565444
0.000834939
0.00810879
0.00621936
0.00829364
0.00314875
0.00264847
0.000665735
0.00661043
0.00301766
0.000345579
0.00299009
0.000627166
0.0022282
0.00516048
0.000620044
0.000399384
0.00936906
0.00639556
0.00235724
0.00591608
0.00305532
0.000414214
0.00361588
0.00356627
0.00181022
0.005873
0.0208616
0.00126863
0.0133753
0.000511279
0.00646604
0.00882726
0.00314248
0.00587023
0.0131284
0.0032379
0.00200274
0.00127238
0.00562025
0.00151907
0.0063446
0.00136611
0.00610761
0.00466998
0.00203666
0.00288991
0.000901425
0.00555132
0.00253384
0.00224596
0.00498493
0.0156537
0.000782189
0.00281555
0.00937813
0.00167573
0.00289145
0.0162894
0.00330762
0.00552863
0.00145449
0.0048168
0.002264
0.00171104
0.000455123
0.00830694
0.0195158
0.00333075
0.000704436
0.00123524
0.0206333
0.00176803
0.00108323
0.00454284
0.00756665
0.00194516
0.00701005
0.00519791
0.0053882
0.00153979
0.00807922
0.00436963
0.00379531
0.00248509
0.00840234
0.00653523
0.00770396
0.0187415
0.00357911
0.00783104
0.00202915
0.00675455
0.0149222
0.00953485
0.00773893
0.00398066
0.00419985
0.0031528
0.00257908
0.00418403
0.00198269
0.01628
0.000432066
0.00854002
0.00148796
0.00244554
0.00140252
0.00221327
0.00171949
0.00156672
0.00236875
0.000367095
0.000952883
0.00160938
0.0142496
0.00474979
0.00559551
0.00328395
0.0113614
0.00919489
0.00118597
0.00342571
0.00296059
0.00255165
0.000602651
0.00454529
0.00452095
0.00183087
0.00213635
0.00147907
0.00507176
0.00140062
0.00206983
0.00495815
0.00303345
0.00524245
0.00582341
0.00187686
0.00146804
0.0355039
0.00648523
0.00216354
0.00147146
0.00375579
0.00458428
0.0116688
0.0119122
0.00854322
0.00269587
0.00249505
0.00599504
0.00132246
0.00440851
0.0076164
0.00236811
0.00666731
0.00342438
0.00267425
0.00262624
0.00189384
0.00837433
0.0161543
0.00642362
0.00204705
0.00627044
0.00784744
0.00363373
0.00336332
0.00807896
0.0151022
0.00220477
0.0018782
0.00201344
0.000673343
0.00310299
0.000484055
0.0030215
0.000427727
0.000471017
0.000640017
0.00302817
0.00296531
0.00231886
0.00581799
0.00836159
0.0216056
0.00224876
0.00425847
0.00479635
0.0051455
0.00506538
0.00194643
0.0107608
0.00976863
0.00510431
0.0101688
0.00201615
0.00592526
0.00256365
0.00191789
0.00960955
0.0286629
0.00832826
0.0145429
0.001178
0.00227603
0.0035483
0.00268341
0.00389999
0.00190296
0.00131365
0.00294752
0.00444707
0.00414586
0.00721956
0.00570073
0.0100567
0.00189291
0.00523521
0.00542538
0.00235501
0.00110567
0.00338532
0.00173388
0.00584537
0.00513762
0.00196218
0.00347719
0.000582092
0.00774503
0.0038
0.00162139
0.0154007
0.00718768
0.00816478
0.00163048
0.000249986
0.0097215
0.00455251
0.00132307
0.00105814
0.00125797
0.0040206
0.0043251
0.000528579
0.0070115
0.00487842
0.00549654
0.00525739
0.00724555
0.00636588
0.00107311
0.00503183
0.00177253
0.00350174
0.000942407
0.0057245
0.00895962
0.00750578
0.00286209
0.00299997
0.0112255
0.00118098
0.00246746
0.00829137
0.00573178
0.00678896
0.016013
0.0136945
0.00423934
0.00138077
0.00079158
0.00799581
0.00520898
0.00956124
0.00743031
0.00664586
0.00201947
0.0041279
0.00434795
0.020383
0.00525734
0.00220428
0.00183032
0.00944152
0.00349243
0.0347158
0.00890665
0.000456348
0.00110214
0.0276146
0.0169291
0.00716501
0.000776006
0.00140998
0.00974356
0.00352679
0.00346945
0.00130775
0.00614228
0.000882447
0.00485027
0.000986897
0.00359931
0.00832378
0.022741
0.00439817
0.0175447
0.00216093
0.00151882
0.00682504
0.00411921
0.00802004
0.00396312
0.00565897
0.00225243
0.00303005
0.000549448
0.00156441
0.00195055
0.00539623
0.00484154
0.000367349
0.00378175
0.00124522
0.00101846
0.00139462
0.000778293
0.00461468
0.015275
0.00880449
0.00249449
0.00357121
0.00335636
0.000571972
0.00183664
0.0033987
0.00892913
0.00997193
0.00222505
0.00256802
0.000703503
0.00624152
0.00100967
0.00420923
0.00308597
0.00232045
0.0181549
0.00429158
0.00299035
0.0115585
0.00852892
0.00377256
0.000831566
0.00647479
0.00406799
0.00656788
0.0021808
0.00144965
0.0018951
0.00319443
0.00303917
0.00151421
0.00162406
0.00387701
0.00693246
0.00518667
0.00767744
0.000930446
0.00412008
0.00310617
0.00304746
0.00138657
0.00525906
0.00306974
0.0036923
0.00226052
0.0014568
0.00488719
0.00677228
0.00888064
0.00250638
0.00382986
0.00219658
0.00251686
0.00354909
0.00189372
0.00106428
0.00435887
0.0021018
0.00264048
0.00200938
0.00654842
0.00448018
0.00188649
0.0129193
0.00319773
0.00237747
0.000874092
0.00362086
0.00205404
0.00164921
0.00725098
0.0101302
0.0084499
0.00406161
0.0128151
0.00325349
0.00338675
0.0025221
0.00212447
0.0029175
0.00622511
0.00318938
0.00580827
0.00546642
0.0083804
0.00524265
0.00110384
0.00498675
0.00605511
0.00382048
0.00376548
0.00584298
0.0023641
0.00149165
0.00228365
0.0036418
0.0280685
0.00120923
0.0022716
0.00363091
0.00508551
0.00933521
0.0220383
0.00192504
0.00152357
0.00130295
0.000656086
0.00685252
0.00450574
0.00330021
0.00230775
0.00082151
0.00376939
0.00279967
0.00730955
0.00628091
0.00686172
0.0143062
0.0503917
0.00642296
0.00590717
0.00651522
0.00560051
0.00511913
0.00605432
0.00306979
0.00135097
0.00618618
0.00607479
0.00315337
0.00625379
0.00425207
0.0138303
0.00507619
0.00282035
0.00511893
0.0105
0.00373244
0.00232627
0.002047
0.00119482
0.0013367
0.00131716
0.0024497
0.0053968
0.00141744
0.00233993
0.0254748
0.00217373
0.00298079
0.000896864
0.00103222
0.00226552
0.00947501
0.00202084
0.00782401
0.00232849
0.00988566
0.0118917
0.0247419
0.00118461
0.00661417
0.0198362
0.00336122
0.00522761
0.0227156
0.00508444
0.00241783
0.0499766
0.0322558
0.0115703
0.00324907
0.00811158
0.00260726
0.0112788
0.00288349
0.00116007
0.0142048
0.00574134
0.00396567
0.0054225
0.00516864
0.00154906
0.00478756
0.00193101
0.00107278
0.0017565
0.00728502
0.00995334
0.00107553
0.00351588
0.00703284
0.00281997
0.00250234
0.00326235
0.0040579
0.00214671
0.00103682
0.00219235
0.0171673
0.0027124
0.0055217
0.00218727
0.00358905
0.00610584
0.00460508
0.00390816
0.0023742
0.00880565
0.011788
0.00355362
0.0176872
0.00392721
0.00213727
0.00812864
0.00367368
0.0070151
0.00946091
0.00755911
0.0156754
0.00147426
0.00384472
0.000740441
0.00194802
0.00245987
0.00175771
0.00555517
0.0128066
0.0034345
0.0018911
0.00317116
0.00140531
0.00181667
0.00461953
0.0105211
0.000845097
0.00248863
0.0141424
0.00228348
0.0104596
0.011029
0.000965618
0.00436064
0.00261956
0.00272419
0.000801007
0.00202401
0.0051976
0.00617039
0.00514998
0.00724815
0.000837115
0.00395902
0.00966708
0.00271192
0.0193566
0.00462456
