0.00185734
0.00130739
0.00117613
0.00213262
0.00163672
0.000811151
0.00119096
0.00145169
0.000182938
0.000551161
0.00107401
0.00213924
0.000625305
0.000984695
0.00060812
0.000580346
0.000629682
0.000936574
0.00104009
0.00144819
0.00153325
0.00100624
0.000563302
0.00431797
0.00145293
0.00027761
0.000371249
0.00132165
0.000708838
0.00147999
0.000570546
0.000822958
0.000908757
0.00142053
0.00122408
0.000416808
0.00107818
0.000965328
0.000338369
0.000465691
0.000697714
0.00161658
0.000912075
0.00115089
0.000918834
0.000625118
0.00102595
0.000841415
0.00111843
0.00042267
0.00089103
0.000593692
0.000613061
0.000888133
0.00106561
0.000475433
0.000310845
0.000658898
0.00176784
0.00147226
0.00145452
0.0012739
0.000353332
0.00328326
0.00097681
0.000733571
0.0013454
0.00254609
0.00104483
0.000869236
0.000745014
0.00067288
0.00113266
0.00205631
0.00150759
0.000916778
0.00141028
0.00163757
0.000451803
0.0013028
0.000371434
0.00120622
0.00154099
0.00197554
0.0010344
0.000897815
0.000509803
0.00108062
0.00103866
0.00134686
0.000849085
0.00172404
0.001089
0.000779461
0.000713765
0.000679973
0.000846308
0.000683181
0.000636475
0.000335843
0.00135678
0.00191958
0.000851092
0.00108886
0.00185282
0.00117713
0.00190727
0.00109844
0.00141916
0.000531772
0.000619098
0.00126605
0.000304957
0.00174656
0.000530249
0.000628266
0.00147029
0.00133773
0.000624922
0.000636175
0.00144011
0.00147086
0.0018718
0.000831457
0.00113091
0.00130347
0.000886623
0.00100517
0.000792669
0.00117109
0.00110191
0.00114422
0.00158344
0.000541458
0.00124678
0.000623556
0.000747578
0.00128807
0.000933348
0.0013456
0.00179258
0.00155407
0.00065264
0.00476907
0.0011087
0.000943684
0.000883123
0.000891139
0.000840258
0.000878143
0.00149962
0.00236815
0.000957906
0.000898815
0.00103007
0.00167655
0.00114515
0.00114784
0.00142482
0.000895616
0.000849335
0.00134632
0.00063881
0.00112743
0.000779315
0.00113493
0.000453094
0.000953188
0.00212169
0.000404734
0.000521466
0.00119793
0.00153217
0.000232613
0.00133108
0.00111802
0.000632741
0.00239953
0.00110842
0.00156096
0.000578576
0.00151204
0.00101053
0.000538878
0.000141826
0.000313349
0.00402278
0.000371701
0.000573931
0.000828504
0.000801095
0.000658214
0.000860271
0.00152362
0.00117928
0.000359829
0.00205036
0.00147455
0.00191601
0.00168696
0.00071347
0.00765438
0.0016144
0.00117869
0.00118656
0.000476752
0.000737687
0.00106403
0.00184026
0.00167611
0.000529548
0.00233657
0.00164969
0.00163025
0.00147807
0.00198137
0.000908259
0.000796574
0.00109782
0.00112141
0.000919945
0.000720102
0.000789534
0.0015139
0.00111467
0.00133568
0.00110208
0.00165587
0.00192091
0.00108942
0.000696187
0.00212895
0.00124631
0.000477921
0.00169472
0.00224686
0.000924485
0.00231965
0.00127866
0.00118757
0.001704
0.00134082
0.00369356
0.00186346
0.00115129
0.00154206
0.00112186
0.00107
0.00129632
0.001121
0.00295301
0.0022973
0.00126344
0.00105414
0.00111396
0.000792887
0.00534236
0.000474164
0.00127825
0.000860529
0.00166116
0.00150156
0.00051143
0.00153536
0.000538478
0.00103999
0.00114357
0.000484383
0.00209257
0.000605564
0.000994024
0.00377079
0.00138988
0.00107643
0.000697315
0.00130734
0.000526273
0.000979865
0.00136118
0.000692855
0.00142966
0.00141338
0.00126444
0.00084765
0.00115035
0.00175728
0.00105239
0.00123421
0.00141018
0.000419341
0.000609639
0.000849037
0.000804438
0.00180502
0.000941691
0.00111351
0.000486669
0.00148263
0.000431893
0.000460358
0.000637397
0.00078585
0.00117744
0.00154858
0.000732548
0.00571706
0.000923626
0.0040066
0.00121383
0.000601514
0.001173
0.00169381
0.00121257
0.000145975
0.00175153
0.000421403
0.00029984
0.000604188
0.000653205
0.00120838
0.00179736
0.00123678
0.00117157
0.000359522
0.00199314
0.00145549
0.00084145
0.00120535
0.00053902
0.00159614
0.00106446
0.00247459
0.00104592
0.000744687
0.00234636
0.000755351
0.00119908
0.00115245
0.000657693
0.0011167
0.00100838
0.00173235
0.00153539
0.000858509
0.00249681
0.000509756
0.00088327
0.00083899
0.000656594
0.000822245
0.000586056
0.000919052
0.00116455
0.000828699
0.000448037
0.00195456
0.00113663
0.00221859
0.000476722
0.000645449
0.00195132
0.00132747
0.0010115
0.00124477
0.00272466
0.000855168
0.00115061
0.00295503
0.000544025
0.00257805
0.0011847
0.00167371
0.0010566
0.00164175
0.00252764
0.00106167
0.00102
0.00108514
0.0010225
0.00156328
0.00140226
0.00112033
0.00356473
0.00103878
0.00149276
0.000953109
0.00060918
0.000576448
0.0041533
0.00177248
0.00117026
0.00397964
0.0012869
0.000769525
0.00373656
0.000638989
0.00113356
0.00034478
0.0021492
0.00148599
0.0032359
0.00130221
0.00534576
0.000751886
0.000917288
0.000556155
0.00315512
0.000658769
0.00299713
0.00170537
0.00108836
0.00195921
0.000185714
0.00121863
0.00152964
0.00157218
0.000983697
0.000728154
0.00116104
0.000718678
0.0017604
0.00130322
0.00160809
0.000811588
0.000926872
0.0047921
0.0012642
0.00105186
0.0017016
0.000744816
0.000913911
0.00113325
0.000537699
0.00151664
0.000280321
0.000364711
0.000569781
0.00218827
0.00164705
0.00332381
0.00136774
0.00208332
0.00138506
0.000244717
0.00505103
0.000946894
0.00188945
0.00180568
0.00195343
0.000142251
0.00154587
0.00101462
0.000750314
0.000966825
0.000434644
0.00106448
0.00216381
0.00348751
0.00131563
0.00142856
0.000587153
0.0010884
0.000644578
0.00155812
0.000779426
0.00105686
0.00162696
0.00131894
0.00300713
0.000664704
0.000522944
0.00107443
0.00199682
0.00325203
0.00205934
0.000410525
0.000254382
0.00141122
0.00136985
0.00179804
0.000901264
0.000324026
0.00144178
0.000855917
0.000791948
0.00327301
0.00127814
0.00270737
0.00107834
0.000338109
0.00194855
0.00116534
0.000671336
0.00132242
0.00190974
0.00138302
0.00102416
0.000885565
0.00120625
0.00146414
0.00108805
0.00107088
0.00103134
0.000512968
0.00038556
0.000719567
0.000150831
0.00111728
0.00054828
0.00180082
0.00149189
0.000973507
0.000146982
0.000868073
0.00141047
0.00114381
0.000511321
0.00114405
0.00206413
0.000900672
0.000943926
0.00142774
0.000322205
0.000866155
0.00118122
0.000290086
0.00195144
0.00122923
0.000918644
0.000565272
0.00113826
0.00116678
0.00112079
0.000993176
0.000743352
0.00117162
0.000318127
0.00179106
0.00113327
0.000844496
0.00104752
0.00238386
0.000310766
0.00140636
0.00128752
0.0010826
0.000935821
0.00103543
0.00167214
0.000835473
0.000724389
0.00200091
0.000415347
0.00152937
0.00136434
0.000866617
0.00133574
0.00248806
0.000766695
0.00133344
0.00393571
0.00103133
0.000971132
0.000708096
0.00129629
0.000861615
0.00142692
0.00140555
0.00144564
0.00104233
0.00115103
0.000387466
0.000859535
0.00130982
0.000886535
0.00137939
0.00192111
0.00351983
0.000480117
0.002977
0.000568597
0.00118417
0.000317467
0.00159122
0.0008294
0.00175755
0.0011925
0.00137652
0.0011113
0.00109126
0.000650466
0.0014022
0.000477002
0.00308679
0.000576227
0.00167113
0.00214557
0.0012206
0.00111005
0.000337887
0.000714914
0.00215354
0.00165119
0.000945255
0.00117848
0.00139278
0.000870139
0.00120014
0.00112027
0.00147004
0.000912904
0.000866836
0.00101625
0.00038631
0.000141906
0.00234258
0.000997579
0.000947099
0.00114901
0.00156333
0.00169939
0.000341437
0.00147782
0.00142855
0.00147051
0.000779277
0.000374642
0.00122554
0.00105209
0.000751859
0.00100326
0.000610927
0.0011764
0.000696981
0.00267696
0.00117209
0.00150488
0.00123621
0.00109998
0.00384007
0.00314387
0.00172777
0.000793071
0.00139049
0.000818912
0.000620056
0.000566618
0.00160443
0.00156574
0.00178923
0.00075085
0.000397012
0.000443058
0.00126338
0.000473476
0.000840355
0.00238487
0.000596829
0.00151559
0.00114368
0.000907497
0.000759629
0.000570337
0.000672394
0.00108966
0.0012193
0.000788594
0.0012175
0.00133417
0.000538079
0.000710516
0.00123578
0.000697599
0.00084144
0.00111339
0.00122559
0.00188236
0.0026454
0.00121987
0.000930822
0.000952571
0.000288876
0.00226534
0.000814131
0.000524763
0.000644349
0.0012537
0.00149628
0.000959102
0.00055688
0.0011862
0.00479467
0.00089728
0.000486556
0.000920585
0.00150642
0.000603281
0.00110727
0.00136187
0.00103933
0.00130673
0.00205978
0.000727687
0.00142614
0.000960769
0.000454923
0.000751789
0.00239057
0.000765446
0.000489744
0.00173147
0.0006167
0.00142595
0.00065177
0.000801669
0.00193754
0.00224145
0.000640485
0.00149943
0.000434929
0.000650826
0.000923534
0.00259613
0.000948065
0.000145297
0.0010742
0.00118395
0.0014048
0.00133785
0.00030552
0.000475073
0.00652292
0.00521665
0.000778908
0.000291605
0.0016542
0.0011154
0.00135474
0.00100968
0.00328367
0.0011813
0.00113245
0.000512133
0.00205053
0.000708182
0.000844652
0.00075321
0.00110991
0.00016027
0.000683413
0.0010233
0.00153321
0.00144437
0.00120034
0.00187747
0.0029185
0.00151815
0.00145877
0.00105663
0.0017494
0.00200005
0.000439849
0.000697777
0.000857855
0.00139431
0.0017927
0.00311416
0.000179916
0.00182231
0.00187923
0.000720563
0.00170682
0.000243979
0.00254762
0.00173363
0.000845294
0.00282857
0.00133124
0.000657299
0.00396379
0.00214386
0.00072551
0.00100611
0.000509006
0.00107899
0.000857022
0.000467188
0.000144618
0.00241639
0.00113356
0.00379516
0.00112439
0.00225551
0.000573505
0.00079202
0.000275986
0.00175759
0.00102273
0.00134365
0.000848129
0.00177021
0.000777862
0.00088617
0.001387
0.000458642
0.00102953
0.00129887
0.00119772
0.00174306
0.000655996
0.00149718
0.00177935
0.00023732
0.00119106
0.000765851
0.000447792
0.000187633
0.00121667
0.00209627
0.000886609
0.00118031
0.00230273
0.000843782
0.000961174
0.000401217
0.0010937
0.0014103
0.000563769
0.000691552
0.00116925
0.000969836
0.000339157
0.000951184
0.000420361
0.00137811
0.0013369
0.00111694
0.00128049
0.000988722
0.000935803
0.000973809
0.00118951
0.000949473
0.000698139
0.00111928
0.00200531
0.00158458
0.00140416
0.000775971
0.000394904
0.00126651
0.000243747
0.000809184
0.000684271
0.00150669
0.000897231
0.000888909
0.00106106
0.00151919
0.00081824
0.00164244
0.00110694
0.000677612
0.00124131
0.00108622
0.000221118
0.00128588
0.000481425
0.00182039
0.000661423
0.00107245
0.0014854
0.00141089
0.000596041
0.00109013
0.00138397
0.00142118
0.000561249
0.00323134
0.00229542
0.00133884
0.000634893
0.000769162
0.00125909
0.000754359
0.00161651
0.000442998
0.000556194
0.0028172
0.00106033
0.000857628
0.000306594
0.00141139
0.0107118
0.00167754
0.000409245
0.00355646
0.00135175
0.00149232
0.00101999
0.00105111
0.004329
0.00121144
0.0019256
0.0026559
0.0015365
0.000534502
0.000190486
0.000522283
0.000856864
0.00137078
0.0019929
0.00179315
0.00183371
0.00129974
0.00251822
0.000678744
0.000712065
0.00209525
0.00249614
0.000374179
0.000848294
0.00188346
0.000651221
0.000321889
0.00189809
0.00198225
0.000244361
0.00160697
0.000853719
0.000401509
0.00101275
0.000424495
0.000175495
0.00091217
0.00248541
0.000946328
0.00159816
0.000865063
0.000421877
0.00289185
0.00179799
0.000384138
0.000828421
0.00105384
0.00191065
0.00116341
0.000892262
0.000864231
0.00120522
0.00139603
0.00076713
0.00177395
0.000362582
0.000798383
0.00115275
0.000794458
0.00137052
0.00230821
0.000333445
0.00153921
0.00101521
0.000941495
0.00116056
0.00207326
0.000334182
0.00318919
0.000429248
0.000770489
0.00154325
0.000386988
0.00189383
0.00146383
0.000372169
0.00127038
0.00209881
0.00204097
0.00111902
0.000893395
0.000528769
0.000470075
0.00100527
0.0012228
0.00130723
0.00100356
0.00158716
0.00152548
0.00191502
0.00114077
0.00203137
0.00106845
0.00118282
0.000954616
0.000590061
0.00111065
0.00158328
0.000996784
0.00103192
0.00123791
0.00216446
0.00140492
0.00168308
0.000796469
0.000889418
0.00153335
0.000387854
0.00103156
0.000708422
0.0018617
0.000505983
0.000510148
0.00165887
0.00138281
0.00132622
0.000561391
0.00162607
0.00110514
0.0021475
0.000804038
0.00123661
0.00189457
0.00169438
0.00104852
0.000396454
0.00211175
0.00077312
0.00127043
0.00114514
0.0006484
0.000998674
0.00119614
0.0023657
0.00124078
0.0012045
0.0011312
0.00110037
0.00174694
0.000400339
0.00150865
0.0021833
0.000224415
0.00186063
0.00210794
0.000351495
0.00167611
0.00117222
0.00531908
0.00137186
0.00221992
0.0012591
0.00118512
0.000640178
0.000320199
0.000426299
0.000983775
0.000943251
0.00286427
0.000729501
0.00346807
0.000568621
0.00121002
0.000473292
0.00162157
0.0040964
0.000263399
0.000635137
0.00103921
0.00127191
0.00263553
0.000964334
0.00171517
0.00118839
0.00138566
0.000856394
0.000213037
0.00103662
0.00119425
0.00150767
0.000829003
0.00148017
0.00229764
0.000859313
0.00146339
0.00145669
0.000697429
0.00137481
0.00158824
0.00150495
0.00127204
0.000461457
0.000926061
0.00141324
0.000574401
0.000141462
0.000342919
0.00022809
0.000868897
0.000869996
0.000802508
0.0012523
0.0017474
0.000743299
0.00055058
0.00131939
0.00182727
0.00119551
0.00354987
0.00112906
0.000545091
0.00104825
0.000972563
0.000881815
0.00206622
0.00319747
0.0013286
0.00279407
0.00109889
0.00109108
0.00138469
0.00225169
0.00102273
0.00101217
0.000415213
0.00172733
0.00132174
0.00199336
0.00119906
0.00143413
0.000565657
0.00128863
0.0010775
0.00149463
0.00742357
0.00149777
0.000730702
0.00175405
0.000749295
0.00130319
0.00053402
0.000614099
0.00133284
0.00153687
0.00120207
0.00128372
0.00102162
0.00377312
0.000861558
0.00137323
0.00079514
0.00130587
0.00155865
0.000872886
0.00290703
0.000897514
0.00254499
0.000471693
0.000144086
0.00151032
0.000732972
0.00126946
0.00131885
0.00175465
0.00271034
0.00115218
0.00101125
0.000662539
0.000717898
0.00166043
0.00114184
0.00120521
0.00135083
0.00127913
0.000613371
0.0017997
0.000435611
0.00182545
0.00123907
0.00179186
0.00217918
0.000547261
0.00171203
0.000481327
0.000257973
0.000958444
0.00106728
0.00200133
0.000962758
0.00212712
0.002406
0.000872222
0.000697668
0.0016007
0.00146314
0.000814634
0.000792646
0.000489702
0.00123139
0.00073411
0.00649124
0.000588946
0.00121946
0.00228832
0.00102152
0.000637118
0.00126967
0.000544192
0.000815188
0.000926582
0.0015589
0.000706148
0.0014844
0.000574904
0.00121912
0.000795559
0.000920261
0.00121726
0.00134189
0.00159181
0.00114316
0.00131694
0.00109464
0.000144536
0.000574444
0.00171468
0.00152117
0.000794683
0.00165356
0.000241961
0.000648809
0.000579076
0.00117034
0.00147444
0.00108264
0.00284208
0.00228506
0.000341052
0.00233126
0.000494984
0.00194135
0.00113774
0.000144731
0.00112013
0.000582156
0.000836557
0.00290191
0.000933371
0.000947978
0.000210005
0.000987982
0.000241073
0.00129144
0.00154557
0.00123585
0.000855696
0.000876807
0.000304976
0.00475251
0.000953414
0.00110875
0.0013067
0.00240533
0.00191413
0.00156287
0.00146564
0.000572894
0.00286093
0.00131849
0.00149075
0.00121977
0.000751105
0.000644824
0.00159813
0.000270441
0.00222418
0.000534378
0.000569396
0.000355593
0.000490583
0.000915588
0.000481852
0.000775461
0.000622869
0.000344151
0.000826179
0.00113571
0.00124491
0.00126293
0.00100519
0.00126769
0.00071993
0.00122089
0.00041579
0.00121947
0.00131434
0.00155754
0.000767074
0.0013782
0.00175254
0.00579699
0.000924355
0.00038387
0.000588858
0.00114376
0.000308996
0.00148197
0.000799616
0.000587657
0.000328197
0.00216494
0.0041667
0.00159354
0.00230634
0.000919447
0.00143595
0.000704545
0.00057446
0.000810911
0.00311199
0.00181809
0.0015572
0.00202697
0.000541135
0.000523855
0.00016285
0.000793763
0.00174309
0.00237786
0.00184087
0.00203403
0.000193299
0.000344909
0.00194223
0.000487644
0.000554837
0.00202629
0.000744486
0.00254541
0.0013027
0.000805659
0.00133116
0.00149161
0.000730241
0.00115244
0.00117248
0.000732144
0.00129495
0.00157891
0.00180413
0.000430609
0.000897048
0.000268482
0.00129564
0.00131778
0.000142176
0.000488822
0.00038903
0.00140979
0.000668505
0.000400938
0.0014562
0.00116381
0.00150082
0.00103346
0.00379365
0.000516877
0.000167604
0.00152386
0.00159011
0.00312767
0.000893024
0.000513064
0.00143207
0.000902411
0.00167576
0.00123221
0.00181791
0.00127883
0.000969625
0.000833435
0.000785302
0.00134378
0.000891957
0.000885815
0.00144935
0.00178575
0.0010328
0.0019309
0.0012968
0.0014083
0.00045233
0.00125973
0.000495905
0.00102408
0.00132609
0.00254249
0.00420606
0.00038526
0.000893755
0.000515689
0.00134568
0.0067621
0.00215712
0.00156208
0.00156619
0.000657188
0.000965692
0.00170265
0.000578164
0.00095155
0.0012421
0.00124902
0.00154487
0.00187432
0.00167484
0.00427548
0.00287911
0.00345224
0.0016708
0.001047
0.00169443
0.00140048
0.000142086
0.00092705
0.000921036
0.00100406
0.00227691
0.000393393
0.0011964
0.000856078
0.00118313
0.00122475
0.00242547
0.000600991
0.00104802
0.00136772
0.00143164
0.000174239
0.00122548
0.00181782
0.00175698
0.000733394
0.000909304
0.000737194
0.00259176
0.000153757
0.000680008
0.000394043
0.00129369
0.00237666
0.000860597
0.00130825
0.000828974
0.000571251
0.000187312
0.00355961
0.000491258
0.000874904
0.000644034
0.0015875
0.000884388
0.000440601
0.000983742
0.00102156
0.00127229
0.00114865
0.000712024
0.00260091
0.00174737
0.00103416
0.00101476
0.00112632
0.000532038
0.00103641
0.00180215
0.000984196
0.00142767
0.000782885
0.00258973
0.000880533
0.00123042
0.000360607
0.000712057
0.000901738
0.000889678
0.00051193
0.000791064
0.00231895
0.00104629
0.00438858
0.000873219
0.000899745
0.00193836
0.00226048
0.00197414
0.00039139
0.00106627
0.000759247
0.00066868
0.00083427
0.00117226
0.000758625
0.000154617
0.00155853
0.000796968
0.00107982
0.00133356
0.00112859
0.000911162
0.000708432
0.000456242
0.00102584
0.00103309
0.000688794
0.000435924
0.00015087
0.00175382
0.000785388
0.000358349
0.00100248
0.00149182
0.00128697
0.000559542
0.00156412
0.00106066
0.000772683
0.00133557
0.000579943
0.000554901
0.000732293
0.00128324
0.00111917
0.000532329
0.000795367
0.00125678
0.00202733
0.00157955
0.00152474
0.0026926
0.000340717
0.000883584
0.00114805
0.00112713
0.00104738
0.00111919
0.00154674
0.00076357
0.000786688
0.00331284
0.000819163
0.000741902
0.00175312
0.00103505
0.00103795
0.00128098
0.000756755
0.00107287
0.000461741
0.00171702
0.000867613
0.000652334
0.00104055
0.00167569
0.00126537
0.000500624
0.000595092
0.00204576
0.00109637
0.000183919
0.000776565
0.000423548
0.00102747
0.000948465
0.00120761
0.00123377
0.000436039
0.00169838
0.00135519
0.00147935
0.000809114
0.00151891
0.00112102
0.00121673
0.000765731
0.00134281
0.00125647
0.00177888
0.000870466
0.00134923
0.00108792
0.000477208
0.000783312
0.000517034
0.0014313
0.00244431
0.00200166
0.00110951
0.00164267
0.00104861
0.00317991
0.000703514
0.00068343
0.00126175
0.000875097
0.00100231
0.000680704
0.000636837
0.00139365
0.000156919
0.00143343
0.000802129
0.00076137
0.00310223
0.00089031
0.000908602
0.00207955
0.00159514
0.00103948
0.0012226
0.00190133
0.00049578
0.000622172
0.00303494
0.000839552
0.00102596
0.00135792
0.000751788
0.000810473
0.00132693
0.000685491
0.00107864
0.000481032
0.00132891
0.000485094
0.00166778
0.000687858
0.00130916
0.00045168
0.00116557
0.00126805
0.00230485
0.00184388
0.000151407
0.00083148
0.000432995
0.00328892
0.00136904
0.00195565
0.00153307
0.00299968
0.00154765
0.00183697
0.0010366
0.00195311
0.0012888
0.00066023
0.00115293
0.000710625
0.000651859
0.00122109
0.000303725
0.0024393
0.000703449
0.00107228
0.000459354
0.000720733
0.00144034
0.0013239
0.00567801
0.00171295
0.00140486
0.00120626
0.000766654
0.00188056
0.000200763
0.00101461
0.00205167
0.00123825
0.000684023
0.00118911
0.00196225
0.000602225
0.00256733
0.000594018
0.000937238
0.00130023
0.00129963
0.000361576
0.00139674
0.0012529
0.000854758
0.00100979
0.00155588
0.000961445
0.000308779
0.000162657
0.0037993
0.00224726
0.00103895
0.00157338
0.000493812
0.00103728
0.00110287
0.000361791
0.00130977
0.00192353
0.000718349
0.000465421
0.000900855
0.000640967
0.00517109
0.000226899
0.000155172
0.000556319
0.000583326
0.000830293
0.000622373
0.00850034
0.00189912
0.00147916
0.00261735
0.00353109
0.000854528
0.00131336
0.00100551
0.0022495
0.00121629
0.000329446
0.00231155
0.000730398
0.000528163
0.00090812
0.000224756
0.00031671
0.0013548
0.00132811
0.000866456
0.00192137
0.000991078
0.00171893
0.00175719
0.00212776
0.00124903
0.000986082
0.000636495
0.000854294
0.000947457
0.00116511
0.00159908
0.00163531
0.00122764
0.000840075
0.00185103
0.000721394
0.00202263
0.00127524
0.000740022
0.00090273
0.000620975
0.00140684
0.00170239
0.00138003
0.00131803
0.00136898
0.001145
0.00113465
0.00112394
0.00129758
0.000346256
0.00181282
0.000759271
0.00227329
0.00253871
0.000515741
0.000951003
0.000887259
0.00207427
0.000485446
0.00170796
0.000508189
0.0012689
0.00197841
0.00125023
0.000486476
0.00302596
0.00196297
0.001036
0.00170743
0.000205826
0.00115625
0.00178088
0.000772878
0.00150363
0.00133439
0.000626312
0.00138301
0.00198475
0.00113074
0.00152422
0.0010046
0.00082322
0.00975653
0.000887949
0.000605201
0.001009
0.00114811
0.00151037
0.00125927
0.00167392
0.0023407
0.000351811
0.000166056
0.000534977
0.000600015
0.000228075
0.00090179
0.000849773
0.0011901
0.000500519
0.000531507
0.000806302
0.000878912
0.000926131
0.000492451
0.00103368
0.00231433
0.000991837
0.00105335
0.000961239
0.00046367
0.00113178
0.00111784
0.000580483
0.00136182
0.00136107
0.00112384
0.000841116
0.000545727
0.000681125
0.00149065
0.00113133
0.00228417
0.0012432
0.000866535
0.000637344
0.00136162
0.00196413
0.00135227
0.00150961
0.0012813
0.00128745
0.00120153
0.000619112
0.00065702
0.000651356
0.00114116
0.000480956
0.0010714
0.00136757
0.00200666
0.00125507
0.000620903
0.00119045
0.000929183
0.000927969
0.000620114
0.00121965
0.000866217
0.00121324
0.00114799
0.00132067
0.0002228
0.000945468
0.00093954
0.00153297
0.000362727
0.00100487
0.00531528
0.00137996
0.00115158
0.00079403
0.00176582
0.000917039
0.00232665
0.000492796
0.00175547
0.00169562
0.001276
0.00168554
0.000580445
0.00120774
0.0011263
0.00165628
0.000706149
0.00135932
0.000721421
0.000780941
0.00112501
0.000388602
0.00179749
0.000511645
0.00187793
0.00114769
0.000338603
0.000795789
0.00374369
0.000773974
0.000977645
0.000584782
0.00124702
0.00197312
0.00395932
0.00187769
0.000667364
0.00379273
0.00286403
0.00212386
0.00133214
0.00129495
0.00384567
0.0010103
0.00128246
0.000658292
0.00139412
0.00349054
0.000570234
0.00138297
0.000979297
0.00205442
0.000966048
0.000836115
0.000437131
0.0016586
0.00176513
0.00042559
0.00150513
0.00120943
0.0017928
0.00108386
0.00151422
0.000735236
0.0012507
0.00123187
0.00109858
0.000290833
0.00127524
0.00122381
0.000882695
0.000553289
0.00197307
0.00265093
0.000319084
0.00079554
0.000577486
0.00185403
0.000835686
0.00105595
0.00289293
0.00267832
0.000709754
0.00108403
0.0010135
0.00209167
0.00138106
0.00105971
0.000905051
0.000897737
0.00132747
0.000903434
0.00176411
0.000624567
0.000348794
0.000717886
0.000981734
0.000583867
0.00214148
0.000772234
0.00106256
0.0010317
0.002454
0.00141391
0.000644338
0.000796615
0.00114436
0.00192476
0.00254464
0.00300123
0.00117938
0.000654124
0.00148057
0.000669861
0.00228916
0.00115642
0.00124172
0.00196302
0.000561436
0.00075858
0.00106288
0.000957486
0.00134982
0.000798144
0.00188909
0.00106637
0.000984293
0.000792441
0.000673894
0.00116568
0.00255031
0.00094905
0.000929703
0.000546287
0.00158151
0.00148764
0.000583637
0.000540753
0.000435123
0.00184674
0.00059788
0.00091339
0.000730518
0.00294636
0.0059343
0.00100103
0.00140182
0.000530381
0.000498813
0.00348561
0.00285152
0.00187264
0.00125538
0.00138052
0.000489845
0.00428673
0.00116133
0.000433224
0.00161684
0.00121531
0.000470382
0.000396418
0.00146015
0.00115024
0.00153238
0.000140889
0.00164402
0.00046999
0.000258812
0.000439523
0.00133884
0.000741331
0.00100515
0.00160718
0.00105025
0.00135321
0.00134875
0.00226255
0.000532892
0.000574474
0.00100039
0.00138506
0.00233008
0.000757294
0.000152554
0.000869231
0.00128674
0.000261696
0.000923263
0.002457
0.000902429
0.00154071
0.000570238
0.00155849
0.00168825
0.000611499
0.000701289
0.000532465
0.00212131
0.00154416
0.00156505
0.00183783
0.000800717
0.000745485
0.000894752
0.00157875
0.00336451
0.00135163
0.00145077
0.000833941
0.00062352
0.00102923
0.000845806
0.00033705
0.00181023
0.00158519
0.000452982
0.000616027
0.00173923
0.00203252
0.0014543
0.00356115
0.00161591
0.00134896
0.00318413
0.000583943
0.00403791
0.00104321
0.00146612
0.000882067
0.000794143
0.000833473
0.00226189
0.00117201
0.00132284
0.00154754
0.00105911
0.00142535
0.00150263
0.00123237
0.0017833
0.000862386
0.000404443
0.00100556
0.00182739
0.000714617
0.00152623
0.00223983
0.00350529
0.000820165
0.000978738
0.00132918
0.000702194
0.000376785
0.0029519
0.00271288
0.00270199
0.00102515
0.000140949
0.00184557
0.00252872
0.00126588
0.00117132
0.00129303
0.00095582
0.00144958
0.00112007
0.000449314
0.00113666
0.00247546
0.00125638
0.00262202
0.00169244
0.00132822
0.000968053
0.00109948
0.00146103
0.000831689
0.000580581
0.00112415
0.0013633
0.000875957
0.000655681
0.00040112
0.000155229
0.00185933
0.00121181
0.000855836
0.000154397
0.00133341
0.00357228
0.000740477
0.000487188
0.00121923
0.00278983
0.00192718
0.00204606
0.000950854
0.00158134
0.00102928
0.000883549
0.00118008
0.00174445
0.000270027
0.00117585
0.00113633
0.00118448
0.00107309
0.000552776
0.000803404
0.00117222
0.00393738
0.000766007
0.00124825
0.00043275
0.000583318
0.00222516
0.000860514
0.000346475
0.000742475
0.00373166
0.00227422
0.00193684
0.0012883
0.00105382
0.00112722
0.00136196
0.00103398
0.00178833
0.00127149
0.00155585
0.0010469
0.00150779
0.00101044
0.000846822
0.000991463
0.00123894
0.000814246
0.001196
0.000888817
0.0008034
0.00122125
0.000473073
0.00157545
0.000684605
0.00211337
0.000554629
0.00146786
0.0024673
0.000142733
0.00104576
0.00089432
0.000296857
0.00123821
0.00323461
0.00139856
0.00113877
0.00036009
0.00202571
0.00128147
0.000707231
0.00143894
0.00126395
0.00203753
0.00175746
0.00183192
0.00089965
0.00179284
0.000952187
0.00122242
0.000991461
0.000619467
0.00163607
0.00414005
0.00101367
0.00114928
0.000831116
0.000780894
0.00181073
0.000859636
0.00450145
0.00118863
0.00182634
0.000539869
0.00211394
0.000676038
0.00127838
0.00113945
0.0026935
0.00125106
0.00136407
0.000850774
0.00141279
0.00129181
0.00108574
0.000503594
0.000697283
0.00120012
0.0033283
0.00132273
0.00153952
0.00100202
0.00173521
0.00612747
0.00250017
0.00162329
0.00137511
0.000583864
0.00131397
0.000921917
0.00211613
0.000795364
0.000996025
0.00105279
0.000769516
0.00017632
0.000920071
0.00100097
0.000343859
0.00133586
0.00123249
0.00112281
0.00124642
0.000721983
0.00136543
0.00121571
0.00120087
0.00132818
0.00123254
0.0016478
0.000918484
0.0011771
0.000751608
0.00022532
0.0027228
0.00108803
0.00105849
0.00122203
0.000535026
0.00104877
0.000142845
0.00201674
0.0017989
0.00160455
0.00174975
0.00181024
0.00173059
0.0013695
0.00134662
0.00152245
0.000476222
0.0013623
0.00105402
0.000931137
0.00148297
0.00104273
0.000580594
0.00127638
0.00178491
0.00041596
0.000455168
0.00172962
0.0017335
0.000730596
0.0012686
0.00331078
0.00149425
0.00205627
0.000909077
0.0013585
0.000143893
0.000330413
0.00267575
0.000931572
0.000922942
0.00113039
0.00120306
0.00103802
0.00110043
0.00175448
0.000441829
0.000973211
0.00114297
0.000431326
0.001746
0.000894315
0.00140091
0.00138182
0.000595187
0.00136631
0.00162971
0.000989307
0.000870581
0.000936419
0.00140996
0.00174606
0.00117148
0.000386386
0.0034724
0.00155548
0.00116248
0.00149231
0.000198372
0.000959057
0.00132555
0.000234544
0.00787253
0.000783171
0.00132856
0.00113096
0.00242562
0.000177381
0.000777622
0.000777847
0.00133757
0.000934519
0.00242246
0.00153534
0.00139891
0.00125273
0.000834217
0.00036958
0.00018672
0.000412819
0.0010026
0.00156244
0.00119596
0.00176947
0.00135828
0.000787615
0.00159793
0.00182946
0.000825837
0.000425055
0.000348224
0.000332647
0.00250544
0.00190222
0.00121627
0.000798996
0.00149081
0.000978215
0.00210116
0.00156738
0.00190263
0.000964453
0.00146377
0.00178186
0.00163395
0.000690238
0.00101398
0.00114099
0.00100126
0.000640359
0.0016494
0.00131259
0.00101593
0.00136191
0.00085315
0.00125326
0.000589084
0.00120194
0.000619536
0.000627461
0.00136294
0.00122167
0.00159083
0.00150476
0.00170926
0.00159354
0.000940034
0.00127123
0.00115876
0.0014135
0.00110409
0.000769807
0.000292169
0.00227224
0.00125636
0.000922072
0.000639629
0.00135721
0.00127349
0.000719114
0.000935798
0.000913125
0.00111319
0.00185415
0.00115505
0.00198876
0.00648514
0.000568263
0.000853624
0.00126062
0.00083517
0.00118311
0.0010947
0.000498986
0.000145423
0.00110225
0.00165188
0.00186484
0.000829903
0.000611561
0.00149267
0.000365298
0.00126707
0.000885463
0.000950795
0.00114412
0.00113859
0.00115908
0.00138496
0.00178737
0.00162701
0.000707246
0.0015325
0.000736945
0.000792255
0.00106157
0.00169868
0.00106851
0.00132474
0.000258165
0.00238547
0.000258823
0.00167399
0.00145815
0.00205816
0.00134018
0.000657325
0.00101326
0.00152682
0.00127149
0.00113367
0.000968047
0.00107482
0.00107418
0.000865336
0.0011378
0.00134418
0.00191566
0.00156412
0.00243847
0.00113027
0.000542252
0.00169084
0.000981321
0.00101442
0.001048
0.00138302
0.000397786
0.00193778
0.000777948
0.00176231
0.0011611
0.00116319
0.00134169
0.00171042
0.00175819
0.00136088
0.00257553
0.000427679
0.00157091
0.0014706
0.00132548
0.00116459
0.000942065
0.00146514
0.00304086
0.000796561
0.00128297
0.00100734
0.00117889
0.000554761
0.00231569
0.00122506
0.00121948
0.00105625
0.000850945
0.000578837
0.00108251
0.000452644
0.00149949
0.00048543
0.000155651
0.000747049
0.000545346
0.000831386
0.000948663
0.000862586
0.00159475
0.00100218
0.000715348
0.00246573
0.000970012
0.0016221
0.00082874
0.000551861
0.000839244
0.000674793
0.00123233
0.00146502
0.000888052
0.00082989
0.00593013
0.000278639
0.000603271
0.00104777
0.000442596
0.00179575
0.00125883
0.00223124
0.000667927
0.000516783
0.00066737
0.00079482
0.00160945
0.00203904
0.00158533
0.000993954
0.00115511
0.000726375
0.000873768
0.00374884
0.00104691
0.000882645
0.00140294
0.00154497
0.00141227
0.00110374
0.000481498
0.000311949
0.00201741
0.000354755
0.000775231
0.000913745
0.00119804
0.00105341
0.000744626
0.000767068
0.000290945
0.00113095
0.00132349
0.00121127
0.00205008
0.00104916
0.00137343
0.000866064
0.00360509
0.00185387
0.000879815
0.000907248
0.00199723
0.000487529
0.000960104
0.00142113
0.00154768
0.00106819
0.00140804
0.00257564
0.000449469
0.00148863
0.00054256
0.000830266
0.00472572
0.00283507
0.00120953
0.00474973
0.00148932
0.000670373
0.00178995
0.000872431
0.00125458
0.00121054
0.0006546
0.00139285
0.000844563
0.00071315
0.00180465
0.000901698
0.00208296
0.00126947
0.00148181
0.00399445
0.000255567
0.00158723
0.000707856
0.00160901
0.00197258
0.00079574
0.000409909
0.00774862
0.000642472
0.000608581
0.00106145
0.00039451
0.00089854
0.00203289
0.0113016
0.000809088
0.00117652
0.000149228
0.00169418
0.00238859
0.0012652
0.000346349
0.000811329
0.00116267
0.00164104
0.000894438
0.00107919
0.000443956
0.000782365
0.00216656
0.000531781
0.000992122
0.000233834
0.00101236
0.000556317
0.0027049
0.00118145
0.00158214
0.00153636
0.000551564
0.000390695
0.000799853
0.000924807
0.00102969
0.0012351
0.00237066
0.00244292
0.00208041
0.000594987
0.00132358
0.00121067
0.00138157
0.00193402
0.00247864
0.00041841
0.00199941
0.00108357
0.000794566
0.000917787
0.000686798
0.00233593
0.000304595
0.00232023
0.000727208
0.00308709
0.000873284
0.00375082
0.000682715
0.00133419
0.00116398
0.00136105
0.00098094
0.00134733
0.00126259
0.000888494
0.000890148
0.00120459
0.00140697
0.00152688
0.00235633
0.000693351
0.000308291
0.00149041
0.00158472
0.00171571
0.0018067
0.00160266
0.00113449
0.0034471
0.00151213
0.00107533
0.00120099
0.00152099
0.000821306
0.000659222
0.00136249
0.00242671
0.000256207
0.0014249
0.00100131
0.00114625
0.00025053
0.00043288
0.00067809
0.000785638
0.00155577
0.00273298
0.00167779
0.00237487
0.000508659
0.00106804
0.00121011
0.00143449
0.00266174
0.000759973
0.00660739
0.000923614
0.00127557
0.00162264
0.00108329
0.00193155
0.00059201
0.00293234
0.000855509
0.00132845
0.000869709
0.000746318
0.000749586
0.000945721
0.0011539
0.000564058
0.00147428
0.00170987
0.00081754
0.000850962
0.000665468
0.000644868
0.000813725
0.000782745
0.00107498
0.00213407
0.0010859
0.00112394
0.00129132
0.00102724
0.000629047
0.000575037
0.000727267
0.000747725
0.0014031
0.00379937
0.00100079
0.00129421
0.00156775
0.000458788
0.00034952
0.00140025
0.00105531
0.000810021
0.00134054
0.000686637
0.00380721
0.000402714
0.00195734
0.0014491
0.00147574
0.00341433
0.00106652
0.000309987
0.000788248
0.000889415
0.00147849
0.0021544
0.00015055
0.00111229
0.000693725
0.00118131
0.00134867
0.00955373
0.00116996
0.000702378
0.00053893
0.000771854
0.00291964
0.00130581
0.000293263
0.00148939
0.00154689
0.000807502
0.00176269
0.000677184
0.00143281
0.000777295
0.000960957
0.00241302
0.000999425
0.00143187
0.000533911
0.00155072
0.000740435
0.00076397
0.00108133
0.00211488
0.00128604
0.000190531
0.00074844
0.000689636
0.00121073
0.00112413
0.000956782
0.00203467
0.00133098
0.00102139
0.00122056
0.00106367
0.00139411
0.00169331
0.000982931
0.00114134
0.0010497
0.000939627
0.000869201
0.00157118
0.00132843
0.000427979
0.00186974
0.00100422
0.00121699
0.000949994
0.000514925
0.00172798
0.00112451
0.00148927
0.000317143
0.000828925
0.00136256
0.000990103
0.000827121
0.00117688
0.00157166
0.000392668
0.00100259
0.00320032
0.00702924
0.000707498
0.000668223
0.00143101
0.000818734
0.00108743
0.00112169
0.000933933
0.00153445
0.000354414
0.000606784
0.0017777
0.00307706
0.00263265
0.0015623
0.000958513
0.000871178
0.00134591
0.00141543
0.000287312
0.00103498
0.000353528
0.00130151
0.000718458
0.000140858
0.00170504
0.000972303
0.000327089
0.00171959
0.0015589
0.001332
0.00351094
0.00136803
0.000581288
0.00257254
0.00128303
0.0015806
0.0015642
0.000695048
0.00296025
0.00108387
0.00197689
0.000643086
0.000664504
0.00141609
0.00156628
0.00140367
0.000947615
0.00218622
0.000986763
0.00131149
0.0013834
0.00231002
0.00223951
0.000769508
0.000939509
0.000569711
0.00292527
0.00076426
0.00121612
0.000796997
0.000386633
0.00113503
0.000582605
0.000584954
0.00100825
0.00155685
0.000146888
0.00128118
0.00162384
0.00142557
0.00124756
0.000732295
0.000149624
0.00152323
0.00159148
0.000528254
0.000373729
0.000508779
0.00120927
0.000699834
0.00198599
0.00061472
0.00103707
0.00253905
0.001501
0.00106924
0.00109276
0.00164392
0.000265527
0.00232442
0.00128246
0.000802963
0.000227104
0.00185398
0.00137214
0.00111322
0.00102206
0.0061627
0.000697945
0.000671587
0.00127908
0.000914751
0.00130168
0.00164978
0.000255945
0.000661269
0.00140256
0.00144948
0.000249337
0.00105301
0.000864667
0.000487924
0.00075964
0.000825313
0.00212215
0.00139609
0.00231268
0.00180367
0.000754372
0.00112005
0.000911341
0.000866504
0.000767297
0.00202088
0.000951335
0.00163445
0.00158665
0.000432983
0.000768053
0.000904503
0.00176868
0.00113358
0.00103801
0.000609015
0.0019815
0.00254703
0.00280014
0.00153213
0.000141904
0.000735878
0.000739911
0.000590344
0.000939855
0.00139007
0.000774413
0.00116317
0.000968721
0.00157654
0.000426121
0.000810317
0.000196705
0.00100881
0.000961627
0.00323904
0.00471501
0.000969877
0.000779645
0.00124834
0.00253757
0.000788802
0.00162906
0.00165016
0.000185826
0.00164062
0.00122365
0.0013361
0.00049672
0.000955611
0.000979885
0.000722539
0.00185598
0.000601513
0.00113265
0.00121303
0.00109715
0.00187647
0.00232034
0.00112614
0.000500109
0.000951498
0.00101935
0.00109085
0.00175813
0.000534724
0.00138338
0.00105714
0.000236443
0.000262813
0.000926
0.00182378
0.00140301
0.000141494
0.00218214
0.00189947
0.000685544
0.00279416
0.00115887
0.00717055
0.00092486
0.00239551
0.000489912
0.000149485
0.00130805
0.00116713
0.00055843
0.000941875
0.00105537
0.00109225
0.00138389
0.0013206
0.000423458
0.000449366
0.000781426
0.000830414
0.000203153
0.000181112
0.000996515
0.00108983
0.000645178
0.00108945
0.00145465
0.000848599
0.00145733
0.000507164
0.00144447
0.00114095
0.000474064
0.00118797
0.000386701
0.000259403
0.00178812
0.00162842
0.000242755
0.00185863
0.000907351
0.000629953
0.00107378
0.00391138
0.00141103
0.000780964
0.000814472
0.00434816
0.00102573
0.00136044
0.00039817
0.000473332
0.00160504
0.00146295
0.000720514
0.00086993
0.000554075
0.00153415
0.0014119
0.00146535
0.000512965
0.000924589
0.000630294
0.00116483
0.00173028
0.00114109
0.00101016
0.00173312
0.00172843
0.000626418
0.0027123
0.000691524
0.000595421
0.0020785
0.00130066
0.000284956
0.00126422
0.00139598
0.000273859
0.000182191
0.000653319
0.000396416
0.000707469
0.000845863
0.000140688
0.00108554
0.00177339
0.000327489
0.000683084
0.00128456
0.00199098
0.000297427
0.00162777
0.000800849
0.0021652
0.00115984
0.000927306
0.00126754
0.00321655
0.00114129
0.000884242
0.00180648
0.00130091
0.000775037
0.000907284
0.000163869
0.00236689
0.000696499
0.00140267
0.00115989
0.000985603
0.000338422
0.00123555
0.00105912
0.00147392
0.000423958
0.000386378
0.000557426
0.0018361
0.00204982
0.00123692
0.0016414
0.00090154
0.000766935
0.000502439
0.00103561
0.00124501
0.00162234
0.000744876
0.000947704
0.00230908
0.00106166
0.00143897
0.00105775
0.0037144
0.00118418
0.00148936
0.00112845
0.000909869
0.00102442
0.000798204
0.00145868
0.000999732
0.000625136
0.00117165
0.000408001
0.000627053
0.0011614
0.000375763
0.00116866
0.00144981
0.021147
0.00123146
0.00132262
0.001763
0.00121206
0.00182716
0.000825201
0.000756706
0.000809042
0.000343096
0.000709258
0.00401859
0.000215123
0.000583729
0.00114647
0.0014136
0.00149227
0.000419631
0.00191893
0.00166649
0.000441786
0.000643609
0.00135562
0.00104568
0.00172599
0.00144944
0.000819916
0.00155187
0.000859725
0.00090714
0.00337181
0.000562956
0.00121174
0.000592834
0.000790103
0.00126032
0.00272366
0.00100263
0.00284125
0.000850217
0.00213204
0.00168559
0.00119268
0.00108368
0.00180964
0.000671987
0.00216266
0.00106534
0.0026507
0.00118074
0.00151445
0.00144342
0.00101563
0.000741163
0.00203951
0.00159108
0.00236368
0.000750208
0.00140953
0.00132456
0.000466917
0.00143897
0.000284263
0.000982217
0.00176344
0.000811269
0.000788193
0.00121395
0.00112326
0.000694596
0.00118576
0.000903985
0.000251044
0.00101687
0.00168797
0.000680861
0.000864821
0.000912989
0.00340625
0.00172992
0.00124865
0.0024089
0.00278204
0.000765683
0.000797498
0.00104208
0.00302886
0.00246314
0.000856465
0.00105641
0.00344332
0.000549828
0.00106643
0.00111824
0.00125603
0.000658995
0.00112845
0.000705842
0.00138316
0.000744009
0.000770889
0.000886267
0.00279761
0.00182457
0.00065138
0.00116145
0.000654547
0.00208149
0.000654434
0.000466128
0.00107397
0.000318857
0.000324105
0.0029189
0.00225207
0.000714106
0.00176123
0.00114338
0.00132356
0.00110154
0.000318801
0.000727338
0.000560657
0.000753123
0.00123627
0.000515468
0.00121561
0.00172988
0.000866109
0.00128781
0.0015932
0.00155189
0.00139602
0.00436669
0.000747628
0.000755044
0.00129473
0.0014526
0.00141303
0.00069656
0.00181883
0.00144005
0.000857884
0.000485325
0.00162192
0.00133366
0.000739403
0.00222942
0.00052855
0.000928701
0.000863163
0.000485794
0.00110766
0.00105348
0.000650252
0.000179783
0.00102266
0.000543271
0.000564025
0.0012247
0.000957367
0.00126677
0.00154585
0.00059661
0.0025948
0.00160818
0.000287124
0.00263543
0.000140652
0.00127707
0.000840955
0.00101401
0.000234506
0.00150334
0.00207672
0.00131805
0.00133385
0.00165033
0.00230694
0.00193693
0.000603319
0.00129029
0.00344996
0.00144873
0.00200971
0.00143642
0.001578
0.00143463
0.00154333
0.000295761
0.00129982
0.00148894
0.000930893
0.000175479
0.00046055
0.000985455
0.000801534
0.00157072
0.000883739
0.00178614
0.000226213
0.000565134
0.0015356
0.00294655
0.00147938
0.00139115
0.000618012
0.000329965
0.001585
0.00123497
0.00290191
0.000720944
0.00113987
0.00059648
0.00172169
0.000610691
0.00298943
0.00100568
0.00067502
0.0016022
0.000809317
0.00039285
0.000711818
0.00131513
0.00147634
0.000658885
0.00167432
0.00177336
0.0014885
0.00331491
0.000681365
0.00107819
0.000843856
0.00167479
0.000336869
0.000167678
0.00130547
0.000793833
0.000228744
0.00132011
0.000354105
0.00088375
0.00319671
0.00106295
0.000308592
0.0015558
0.000143558
0.000546779
0.00145125
0.00126873
0.00169084
0.000805489
0.00077712
0.00100376
0.000978365
0.00189334
0.00108219
0.000877528
0.00157599
0.00106249
0.00170198
0.00100504
0.00141347
0.0011589
0.00204797
0.000640577
0.00090448
0.000812321
0.00209535
0.000709749
0.00025601
0.00109891
0.000284102
0.00118083
0.00148553
0.000692494
0.000963893
0.00158567
0.00101547
0.00130874
0.00122617
0.00168697
0.000546059
0.00098601
0.00175284
0.00136634
0.000786012
0.00097194
0.00142614
0.00235662
0.00250982
0.00245271
0.000808604
0.000601922
0.000618301
0.00190433
0.00166653
0.0069603
0.0012354
0.00164417
0.000511675
0.00181148
0.000303385
0.00233847
0.00124293
0.00120537
0.00165293
0.0010557
0.00075269
0.00128932
0.000713526
0.000725492
0.00130763
0.0015427
0.000620335
0.000755505
0.000388547
0.00104345
0.000676236
0.000974654
0.000852754
0.000677056
0.00386236
0.00132241
0.00120598
0.00271535
0.000848814
0.0014004
0.00320136
0.000565057
0.000291872
0.000826805
0.00201304
0.000866185
0.00126973
0.000366045
0.00139553
0.0030529
0.00103282
0.00144062
0.000698689
0.000957685
0.00129241
0.00109462
0.00279197
0.000309787
0.0010293
0.00388679
0.000684922
0.00159436
0.000950706
0.00139669
0.00194436
0.000830469
0.00121918
0.000476285
0.00109638
0.00185137
0.00100133
0.000637082
0.000246129
0.00149214
0.000242043
0.00106154
0.0013153
0.00115726
0.000852556
0.00103055
0.000205657
0.000953458
0.00135272
0.00181085
0.000287605
0.00352631
0.00250205
0.0016131
0.00167737
0.00137243
0.000518822
0.000961971
0.00119893
0.00122207
0.00162098
0.0012669
0.000557714
0.000473118
0.00126156
0.00326195
0.00246183
0.00111304
0.000278037
0.000919828
0.00326289
0.000793769
0.00133008
0.00055009
0.00128068
0.001052
0.000628997
0.000832893
0.00064075
0.000969183
0.00218894
0.00170577
0.000277761
0.00149175
0.00104197
0.00104149
0.000276997
0.0014938
0.00111573
0.00133687
0.0010125
0.000717432
0.0015692
0.001012
0.000950339
0.00147638
0.00609299
0.00123378
0.000261128
0.000412182
0.000786675
0.00227515
0.00119347
0.00155687
0.00178382
0.00133566
0.00144952
0.000467878
0.00159485
0.0003548
0.00380381
0.00361657
0.00158488
0.000787215
0.000946234
0.00155292
0.00190962
0.00142995
0.00114187
0.00126549
0.000543178
0.00129894
0.00139335
0.000341503
0.00123296
0.00159213
0.000880478
0.00123557
0.00113945
0.000682076
0.00149122
0.000953579
0.00169052
0.00055959
0.000896887
0.0016975
0.000308529
0.000642663
0.00134699
0.00128582
0.00167802
0.00205996
0.00178752
0.00156814
0.000365443
0.00149963
0.00116862
0.0028665
0.00122007
0.00126342
0.00140539
0.00130727
0.000637353
0.000744336
0.0014332
0.000230581
0.000166143
0.00173454
0.00117293
0.000286242
0.0009496
0.000578414
0.00170831
0.0017745
0.00157296
0.000826418
0.0019409
0.00239132
0.00015221
0.000313258
0.000282064
0.000601748
0.00120647
0.00114106
0.00125854
0.00157372
0.00115108
0.000714849
0.000486262
0.000617169
0.0055819
0.00159483
0.00119637
0.000615261
0.000325454
0.00163621
0.00108534
0.000735294
0.00108758
0.00125998
0.000803972
0.000146067
0.00109518
0.000676005
0.000589713
0.000849166
0.000462387
0.000668465
0.00243057
0.00151398
0.00325891
0.00138919
0.00139957
0.000941351
0.000946528
0.00149455
0.000985944
0.00117508
0.00184348
0.00155092
0.00062886
0.00160264
0.000697222
0.00184054
0.00116531
0.00126113
0.000725822
0.00208742
0.000548318
0.000824867
0.00059704
0.00154825
0.000794878
0.000808813
0.00117128
0.000794216
0.000489653
0.000325873
0.0018403
0.0025717
0.000527827
0.00108311
0.00101656
0.000266693
0.00205679
0.000709503
0.000583593
0.000709764
0.00481895
0.00129515
0.000609409
0.000816518
0.00127081
0.000784108
0.0020487
0.000951068
0.00201465
0.000160687
0.00141766
0.00147928
0.00131538
0.00117523
0.00100631
0.00280079
0.00129671
0.000486392
0.00314083
0.00151711
0.000876456
0.00109959
0.000285053
0.00177105
0.000944977
0.000703408
0.00142261
0.000983084
0.0016645
0.000142085
0.00109057
0.000277768
0.000953736
0.000728152
0.00120074
0.000545483
0.00196236
0.00136656
0.00157928
0.00131597
0.000935369
0.000609092
0.00232581
0.00158035
0.000217507
0.000798993
0.00289289
0.00111032
0.000737333
0.00147623
0.000949354
0.00259773
0.00173655
0.0012831
0.00144229
0.00072464
0.00196959
0.000780877
0.00150923
0.0021385
0.002634
0.00289948
0.000426115
0.00254423
0.00156701
0.0012243
0.000569405
0.00113549
0.000916063
0.00104519
0.00158056
0.000507363
0.00151634
0.000213478
0.000588331
0.000268212
0.00313388
0.00119917
0.000908213
0.00118003
0.00172991
0.000998876
0.00106971
0.00145133
0.00170982
0.000926121
0.00169953
0.00149089
0.00559832
0.000274018
0.00078448
0.000489739
0.00118517
0.000710354
0.000397683
0.00158503
0.000869668
0.000967564
0.00300366
0.00440096
0.00225944
0.000149162
0.000444586
0.00281706
0.00224293
0.000665715
0.00122857
0.000142183
0.00207078
0.00115809
0.00132331
0.00142574
0.000573888
0.000491845
0.00107439
0.000734403
0.00127855
0.0023628
0.00113088
0.00113304
0.0011008
0.00108586
0.00124967
0.00150591
0.00130827
0.00153121
0.000717218
0.00119351
0.000201382
0.000571286
0.0010741
0.0013998
0.0011572
0.0028961
0.000565341
0.00138446
0.00149924
0.00132028
0.000862542
0.00159738
0.00110542
0.0022643
0.00119807
0.000902205
0.00112545
0.00204757
0.00101964
0.000440236
0.00147587
0.00121799
0.000429721
0.000457505
0.0018472
0.000545625
0.00118015
0.00148373
0.000624432
0.00124911
0.00181754
0.00318985
0.000179377
0.00120206
0.00200351
0.00150349
0.000918235
0.00103196
0.00139959
0.00114193
0.000972962
0.00205753
0.000973125
0.00138474
0.000299907
0.00153537
0.000850358
0.00131764
0.00160645
0.00435157
0.000795671
0.000761126
0.00130249
0.00120644
0.00204562
0.00157138
0.00170078
0.00111705
0.000477348
0.00149544
0.00172394
0.0045422
0.00115826
0.00205272
0.00053244
0.00117737
0.00192827
0.00116988
0.000177371
0.000897495
0.000848148
0.00125003
0.000945552
0.000541202
0.00101087
0.00125076
0.00096319
0.000753765
0.00119085
0.00110081
0.00108174
0.00151509
0.000815449
0.000968703
0.00104269
0.000935339
0.0015419
0.000432749
0.000791546
0.00145184
0.00141067
0.0015876
0.00148767
0.00100872
0.00269342
0.00151902
0.00189637
0.00144435
0.000992605
0.000482875
0.00171741
0.000353739
0.00293854
0.00226667
0.00136074
0.000821131
0.000485426
0.00137196
0.00382581
0.000700475
0.000971451
0.000687346
0.000909109
0.00116357
0.00090243
0.00141973
0.00052478
0.00262068
0.000239455
0.000588472
0.00223989
0.000791766
0.00034363
0.0018358
0.00254526
