0.125933
0.00116366
0.0247053
0.126688
0.217465
0.0360186
0.0216545
0.0246405
0.0290881
0.1593
0.00871517
0.0155026
0.0171131
0.0149334
0.0359938
0.000793176
0.00570998
0.0116471
0.0243591
0.0117549
0.0142156
0.00751291
0.00858717
0.0555632
0.0252724
0.0170415
0.0701202
0.012446
0.00308282
0.0156941
0.0403408
0.0373589
0.069372
0.0189038
0.021155
0.0304645
0.0052516
0.00701838
0.0296239
0.00469448
0.0123189
0.0279745
0.0127225
0.0304574
0.00454632
0.000446925
0.066669
0.00567246
0.0584972
0.00686681
0.0238299
0.00386901
0.0544096
0.0150071
0.0252751
0.0106158
0.0322507
0.0905534
0.0430978
0.0246062
0.0255043
0.0124922
0.155554
0.00693443
0.00190521
0.00863264
0.0128941
0.0491109
0.0154066
0.0625585
0.00784472
0.0177864
0.00667538
0.00244764
0.0348471
0.0125369
0.00835722
0.00950081
0.0297015
0.0102243
0.0492844
0.0166488
0.0111778
0.0131261
0.00330342
0.00630305
0.0379439
0.0155212
0.0146387
0.0211277
0.0312675
0.0398836
0.0103018
0.00219804
0.000400137
0.0210248
0.0407532
0.0471622
0.0080684
0.105988
0.00128025
0.0076363
0.0128412
0.0252658
0.160258
0.169277
0.0135785
0.00237841
0.00923151
0.0709837
0.0113668
0.00772806
0.0127451
0.0395485
0.0165532
0.00823047
0.00819072
0.030181
0.0482247
0.00863045
0.0441795
0.0211095
0.105038
0.103942
0.0230154
0.00373318
0.0352014
0.0580156
0.0564911
0.0455677
0.0152188
0.00585125
0.0216045
0.00319488
0.00991785
0.00925075
0.0592889
0.108681
0.00924333
0.061007
0.00522715
0.0432551
0.0185213
0.000503286
0.0564061
0.0115708
0.00792176
0.0868276
0.0145549
0.00716582
0.0318011
0.0114679
0.0631976
0.0135238
0.0105722
0.0135591
0.0108596
0.00506152
0.0175409
0.0029588
0.00529913
0.0198732
0.0693472
0.0532416
0.104277
0.0238852
0.015196
0.016014
0.00683212
0.0344583
0.00311786
0.187019
0.0117645
0.000967063
0.0625092
0.0261685
0.0209286
0.0102543
0.0237957
0.00188773
0.0061912
0.0109775
0.00541566
0.0165489
0.00589371
0.0180533
0.00952571
0.0168272
0.0421281
0.0788364
0.00883296
0.0237431
0.00780067
0.00306395
0.0189758
0.00622079
0.0267619
0.0750094
0.0239103
0.0676728
0.0104961
0.0122367
0.0435086
0.00608008
0.012767
0.0150614
0.0270706
0.0174263
0.00638473
0.00311696
0.0967917
0.0538799
0.00843442
0.00131216
0.011186
0.077091
0.00321031
0.0138026
0.0556819
0.0221698
0.0222441
0.0139047
0.00858546
0.00798825
0.0468214
0.0132732
0.00901308
0.0106647
0.00539424
0.0241071
0.00760141
0.0195739
0.0444903
0.011674
0.124471
0.016779
0.0888431
0.0146014
0.0106482
0.00697621
0.0660289
0.0710082
0.00565302
0.00722165
0.0101894
0.0421348
0.0290559
0.0312894
0.0154032
0.000775381
0.0107354
0.052791
0.017988
0.0109651
0.0325174
0.02185
0.0090866
0.00803949
0.0035454
0.0184653
0.0141162
0.0156395
0.0062852
0.01042
0.0111255
0.00369883
0.018619
0.0232361
0.0118423
0.0151168
0.0770451
0.0122517
0.0108182
0.0270294
0.00657996
0.0168736
0.0128597
0.021193
0.0165824
0.0261633
0.0234532
0.0190541
0.00798609
0.015367
0.0219172
0.0103104
0.0210064
0.0178494
0.0194308
0.00798931
0.0273992
0.0439293
0.00783067
0.0286617
0.045837
0.000527017
0.0107253
0.0112611
0.0664108
0.0129379
0.109054
0.0231253
0.0290327
0.0121434
0.015358
0.0281376
0.00568778
0.00185243
0.0147986
0.012135
0.00862955
0.00237437
0.00706345
0.0283279
0.0150432
0.00504708
0.00785843
0.0233981
0.0200813
0.0271938
0.0139602
0.0294601
0.0369428
0.000351148
0.051787
0.00352361
0.0259945
0.0398254
0.00706736
0.030271
0.00493398
0.0114874
0.0298999
0.0140464
0.0165438
0.0140929
0.00100863
0.015425
0.0263135
0.0125475
0.0340341
0.00761819
0.11815
0.0208117
0.0687292
0.0262011
0.0123984
0.036197
0.0178377
0.00679343
0.00975787
0.18398
0.00702984
0.0011663
0.0226259
0.00832125
0.012481
0.181323
0.0221791
0.0119634
0.025485
0.0290494
0.0368903
0.00690909
0.015984
0.0399161
0.0983864
0.0584228
0.00765062
0.0075191
0.00887449
0.0266707
0.0159596
0.0568473
0.0342129
0.0130661
0.00110645
0.013895
0.021148
0.00993108
0.0128039
0.0436785
0.0243704
0.00518493
0.0155058
0.00191645
0.00400893
0.0279644
0.0171388
0.0935212
0.0151381
0.00876104
0.00896308
0.035006
0.0119855
0.0137578
0.0135257
0.0404776
0.00484185
0.0211332
0.0547694
0.0144927
0.00149034
0.0119511
0.107175
0.0137224
0.0294942
0.0173708
0.0234636
0.000448328
0.0213012
0.033783
0.0856367
0.0193483
0.00408864
0.0132536
0.0173581
0.00269897
0.0492142
0.028791
0.0929313
0.00688576
0.0291802
0.0259758
0.00556436
0.0116456
0.0169522
0.0312465
0.00969681
0.025473
0.0115261
0.0262084
0.026965
0.0115531
0.20322
0.0191569
0.0851155
0.10735
0.0899293
0.0119958
0.0232543
0.0172721
0.0133344
0.0374893
0.0111163
0.00141638
0.009642
0.0379808
0.062736
0.0264082
0.0370183
0.0305524
0.0229139
0.0476502
0.0388724
0.0121211
0.00406996
0.00772017
0.00566386
0.00887449
0.0830774
0.0203802
0.0423413
0.0204823
0.00842689
0.0212391
0.0437236
0.0239192
0.00124545
0.0511727
0.00221432
0.000706095
0.00339815
0.0378713
0.00110893
0.0216457
0.0166525
0.00876839
0.101601
0.0177029
0.119787
0.0093484
0.00903379
0.0414767
0.103266
0.0113034
0.0450157
0.0106923
0.108795
0.0125197
0.01732
0.134621
0.0167258
0.0392489
0.00758637
0.00351595
0.0348582
0.00977599
0.0746648
0.0127922
0.0393752
0.0233439
0.0087207
0.00444861
0.00577222
0.0118498
0.00824624
0.0247354
0.0123955
0.0289262
0.0167786
0.00841223
0.0765078
0.0369335
0.00816959
0.0129585
0.0221018
0.00721796
0.00781646
0.0252741
0.00408423
0.00600229
0.0092589
0.094009
0.0330482
0.00842183
0.0290648
0.00754069
0.0112223
0.0417848
0.0103779
0.022845
0.0217649
0.00999356
0.0166093
0.00925116
0.0228787
0.0321395
0.0467294
0.00110842
0.0134306
0.0181511
0.0181179
0.0157649
0.0143435
0.0134628
0.026861
0.107614
0.0208131
0.039902
0.0221766
0.0562423
0.000880984
0.0190507
0.0427716
0.0322114
0.0192623
0.00682067
0.0122833
0.0222932
0.0238614
0.024372
0.0146633
0.174753
0.0160077
0.165967
0.00129218
0.00746303
0.0115442
0.0228034
0.0529809
0.0167088
0.0248563
0.0116457
0.017375
0.00584658
0.0157627
0.0046655
0.0117715
0.0541309
0.0159655
0.00510775
0.0266319
0.00187086
0.00730189
0.0550705
0.0519905
0.00469513
0.00467945
0.0385015
0.0685131
0.0163934
0.00805185
0.0121339
0.00154524
0.0881239
0.191309
0.0211199
0.0295775
0.000795463
0.0534902
0.00465398
0.0859209
0.0113744
0.00310286
0.0126786
0.0104874
0.0525099
0.00933561
0.0195311
0.0107616
0.00452062
0.00881959
0.0128467
0.00727153
0.0260874
0.0227598
0.00625602
0.0755469
0.00106153
0.0230196
0.0831289
0.0643147
0.039685
0.00379549
0.0251021
0.0090752
0.05528
0.0490302
0.0100806
0.00611245
0.0103009
0.0274042
0.00462954
0.0116367
0.0128663
0.0231446
0.0673136
0.0453114
0.0516648
0.051563
0.0767257
0.0600803
0.00319929
0.0199523
0.0217091
0.0103422
0.0252398
0.0121046
0.0554022
0.00860072
0.0311262
0.124998
0.109697
0.0119422
0.0189337
0.0205063
0.0185455
0.0149966
0.0492937
0.0122294
0.209992
0.0178117
0.0254791
0.015256
0.0245194
0.0119793
0.0161293
0.0110709
0.0326073
0.0233599
0.0271864
0.0175349
0.0699267
0.0210399
0.0406482
0.0246295
0.0283811
0.0276726
0.0086193
0.0660072
0.00959439
0.00636285
0.0478376
0.139527
0.0237169
0.00411915
0.00424883
0.0215437
0.00466978
0.0418615
0.0305071
0.0234181
0.0664212
0.0391814
0.00941065
0.0626013
0.0346152
0.0251123
0.119955
0.00737902
0.0132942
0.0622554
0.0195033
0.0354197
0.0306239
0.00120417
0.060136
0.138936
0.0353819
0.016579
0.0767191
0.0255799
0.00557625
0.0916278
0.00826601
0.0427209
0.0207097
0.0476524
0.00474653
0.0225097
0.0556709
0.0134929
0.0205948
0.0306884
0.00914382
0.00474315
0.0405316
0.00354746
0.0141648
0.00620541
0.0628922
0.0783412
0.0471511
0.00681183
0.00459539
0.0225725
0.0199718
0.0356911
0.0399909
0.0236655
0.00741044
0.0328425
0.0195393
0.052206
0.0204517
0.0247013
0.00882413
0.00885012
0.00419826
0.0477281
0.0209249
0.0191823
0.0149809
0.00552202
0.0381989
0.2189
0.00772305
0.0129323
0.00866938
0.0564841
0.0149623
0.0539415
0.101266
0.0112145
0.0129825
0.0166747
0.00109536
0.0147978
0.00917516
0.0265825
0.00564067
0.0151278
0.0106222
0.0106459
0.00865166
0.0303564
0.00128335
0.0138436
0.145656
0.0965013
0.00287885
0.024248
0.0117601
0.0329778
0.029783
0.00831106
0.0407828
0.0187426
0.0179885
0.0131394
0.0878026
0.0181005
0.0136598
0.0743296
0.0377401
0.01353
0.0325997
0.0376012
0.0452818
0.0175304
0.00220941
0.111209
0.0102816
0.0746725
0.0118953
0.0477689
0.00999551
0.00452613
0.00908069
0.0665656
0.0140668
0.00979793
0.00251394
0.023388
0.0335447
0.0328843
0.00360271
0.0205758
0.0104857
0.0112413
0.0214814
0.0562076
0.0440874
0.0120924
0.012285
0.0324999
0.0249362
0.00439223
0.018795
0.0521879
0.0103166
0.0444134
0.0346179
0.0253612
0.00859039
0.00154429
0.0245739
0.00617625
0.0260714
0.0748232
0.000593057
0.0455166
0.00572981
0.00542739
0.0969556
0.013363
0.0125681
0.0146204
0.00145676
0.0219438
0.0547737
0.00183957
0.0285047
0.0160144
0.00223068
0.0161737
0.0840976
0.0167519
0.071759
0.0204961
0.115892
0.0317902
0.00727151
0.00723628
0.02491
0.0610055
0.0253873
0.0153169
0.0025301
0.0102457
0.145451
0.0685856
0.0142676
0.0215877
0.0849629
0.0334006
0.0125353
0.0437005
0.0207195
0.00907244
0.0360956
0.0208383
0.00933858
0.0323031
0.016932
0.0820442
0.00500807
0.0898748
0.0276065
0.0169567
0.0175483
0.0181515
0.019287
0.00137297
0.00926551
0.0477415
0.054607
0.0595035
0.0155475
0.0175049
0.00445825
0.0240153
0.00142523
0.00617856
0.010439
0.069499
0.129664
0.000734462
0.0142325
0.0280125
0.0187949
0.0146201
0.0332497
0.125322
0.0282363
0.00864306
0.0245851
0.00928287
0.0168402
0.000377438
0.0300371
0.0364897
0.0298548
0.00811001
0.025756
0.010087
0.0465694
0.0104341
0.00968748
0.0042969
0.0282817
0.00363481
0.0326743
0.00459901
0.0980463
0.06234
0.0356661
0.0549377
0.0154467
0.0864186
0.000782383
0.0374695
0.0122491
0.00885864
0.0113525
0.0185064
0.024074
0.00699212
0.0331716
0.00726772
0.00849785
0.025264
0.218237
0.0356792
0.0104376
0.106907
0.00937377
0.100643
0.00456105
0.0175477
0.0201854
0.0227492
0.00635767
0.00451262
0.0445568
0.0108716
0.00542513
0.0129728
0.029758
0.00629087
0.00128194
0.00841431
0.00847695
0.0257255
0.0247127
0.0324956
0.0188089
0.0148305
0.0904575
0.0329953
0.0511283
0.054269
0.0314579
0.0180701
0.00142961
0.0172869
0.00522745
0.00873545
0.132693
0.0265821
0.0158567
0.0243357
0.0105263
0.0178408
0.0190522
0.050285
0.0316128
0.00309145
0.0188938
0.00913325
0.0163017
0.0354554
0.0298156
0.027966
0.0217849
0.0102825
0.0124447
0.00348574
0.00301641
0.0252094
0.013436
0.0252886
0.0185842
0.0300878
0.00118821
0.00663112
0.0141934
0.0463117
0.0128112
0.0551902
0.00393937
0.0360177
0.00488054
0.0791598
0.03437
0.0127617
0.0275552
0.00121088
0.0133812
0.0244156
0.0365767
0.00434482
0.00513238
0.0369098
0.00597575
0.000706335
0.0188608
0.0510551
0.0340919
0.0165375
0.0143555
0.0271915
0.0197994
0.019852
0.038456
0.0194316
0.0231778
0.0342327
0.0253219
0.00893319
0.0145506
0.0273727
0.0121745
0.0566578
0.100014
0.0234906
0.0106687
0.0265942
0.0119353
0.0173228
0.0876431
0.0802358
0.0081612
0.048269
0.00895458
0.08746
0.038867
0.0104478
0.0117235
0.0210178
0.0254394
0.00705959
0.0098984
0.00168026
0.0202687
0.0863492
0.00174023
0.0153664
0.0140711
0.0223988
0.0460904
0.010896
0.0697899
0.0219134
0.0361486
0.00383918
0.0141658
0.0282462
0.00688894
0.0153087
0.105452
0.0149501
0.0173057
0.0143084
0.0255457
0.0106749
0.0075206
0.0014974
0.030828
0.0082628
0.016752
0.0848499
0.0197971
0.00502463
0.0284017
0.0021975
0.0156763
0.0256611
0.0196277
0.00532861
0.00379483
0.00645771
0.0184203
0.00502547
0.0128511
0.0593163
0.0149383
0.0168061
0.0094943
0.0116541
0.0491751
0.0596391
0.00676565
0.0100535
0.00536033
0.0120058
0.044003
0.0010496
0.0570668
0.00368834
0.00551835
0.0222199
0.0269436
0.0112494
0.0212561
0.0206128
0.0106878
0.020983
0.0369952
0.0628328
0.00783943
0.00853922
0.0286044
0.0146091
0.00726796
0.0076633
0.0376029
0.000849706
0.00608087
0.0109546
0.0796725
0.130908
0.0274337
0.0274528
0.020641
0.0136306
0.0262466
0.0688094
0.0207273
0.166518
0.0391706
0.00734769
0.0505037
0.0263063
0.0120292
0.00675978
0.00801167
0.0139266
0.0163213
0.0128058
0.0204075
0.0369352
0.0146446
0.00774962
0.0198902
0.00980292
0.00123985
0.0141886
0.0300908
0.0561974
0.00556387
0.0386822
0.0880291
0.0224219
0.0213172
0.0357275
0.0278164
0.0246275
0.00682772
0.0153239
0.154282
0.000851349
0.0144033
0.0448309
0.0574699
0.0128009
0.0358433
0.0136539
0.0371932
0.023571
0.0454494
0.179266
0.0570259
0.0166562
0.00580198
0.0243318
0.0738683
0.0392089
0.10114
0.0357963
0.0066295
0.0736107
0.00112932
0.0449048
0.00778953
0.0265284
0.00857528
0.0164374
0.0368011
0.00650114
0.0152693
0.0169028
0.0210988
0.06101
0.048659
0.0178966
0.0120711
0.0156765
0.0459161
0.00551609
0.012813
0.00128435
0.101578
0.0383231
0.009271
0.0801539
0.0090578
0.0147103
0.00670391
0.0186762
0.00104762
0.0353906
0.0227412
0.0177059
0.10012
0.0209565
0.0100673
0.000836651
0.0225417
0.0860119
0.0181487
0.061162
0.0274494
0.00145505
0.0238374
0.0439388
0.0866053
0.00253075
0.00983244
0.0413708
0.0501303
0.0113417
0.0275564
0.0207455
0.105143
0.0192001
0.0115704
0.00888374
0.0457428
0.0130348
0.0227629
0.0202379
0.0233799
0.0173862
0.0787521
0.0194134
0.0566821
0.0654298
0.0118471
0.00787902
0.00759611
0.00450397
0.0248342
0.0195315
0.0318542
0.0112149
0.00475009
0.0359778
0.0118949
0.0125501
0.00776396
0.00842719
0.0404543
0.0510622
0.0157044
0.0106746
0.018973
0.00598343
0.00784654
0.0321797
0.0662056
0.0898906
0.000834474
0.0244136
0.0444413
0.0147467
0.07035
0.0191026
0.00608872
0.0086271
0.0294596
0.0308188
0.0252497
0.0613352
0.0144546
0.015373
0.000913726
0.0106763
0.0391809
0.0515174
0.0225328
0.042782
0.0160367
0.000499424
0.0156464
0.0191621
0.00272714
0.0298081
0.01705
0.00822378
0.184548
0.00675855
0.0206009
0.012532
0.0620613
0.0120566
0.0699926
0.018079
0.00757367
0.0562088
0.0131998
0.0784306
0.0182828
0.0280368
0.13857
0.0167366
0.0136459
0.0126922
0.00537733
0.0136713
0.0113325
0.0080392
0.0228192
0.0156774
0.0272017
0.0331814
0.0427605
0.00406165
0.0762885
0.0205809
0.0182618
0.00478276
0.0162617
0.00796956
0.0509992
0.00480399
0.00631065
0.018078
0.00955562
0.059043
0.00379068
0.0211905
0.00365258
0.013414
0.0291035
0.0950437
0.0174066
0.0198475
0.0522631
0.00127524
0.0111779
0.0456359
0.0232969
0.0138298
0.00944284
0.0547473
0.0491341
0.0142272
0.000580178
0.102805
0.104924
0.0432628
0.0688684
0.011722
0.00784239
0.0293699
0.0219869
0.015607
0.00120385
0.0102846
0.00888185
0.0715798
0.0145184
0.00368004
0.000551413
0.0381296
0.0126002
0.0254399
0.0153289
0.00329687
0.0110263
0.0123936
0.0172603
0.0180569
0.0200656
0.0443441
0.0445747
0.0141961
0.0173594
0.0280504
0.00867628
0.00606712
0.0224011
0.00438094
0.0977452
0.0382215
0.10026
0.011838
0.0317633
0.0234857
0.0194114
0.111829
0.0197158
0.0200252
0.0142095
0.0725323
0.0124208
0.0410608
0.0199505
0.0129819
0.000860311
0.028249
0.00442827
0.013203
0.00640793
0.0525002
0.0150816
0.100536
0.00344586
0.00955341
0.0107678
0.0117406
0.0424792
0.0184698
0.0112116
0.0271195
0.0199542
0.00408125
0.00551293
0.0149603
0.0091913
0.0174159
0.0228963
0.0242309
0.112575
0.0561839
0.00717671
0.0434991
0.00922081
0.00938352
0.00641623
0.0312126
0.032152
0.0270595
0.00950813
0.00463548
0.0183823
0.0125666
0.0344071
0.000711907
0.00847915
0.0155832
0.0232075
0.0207024
0.0250578
0.110498
0.0288145
0.00695437
0.0481449
0.0107895
0.0265859
0.0145647
0.00495306
0.0270697
0.0377008
0.00649462
0.0239144
0.0341387
0.0456361
0.0704502
0.0113905
0.024849
0.0570612
0.0267033
0.0498613
0.0257772
0.027905
0.01744
0.185262
0.0706645
0.00533585
0.00948477
0.100292
0.0414204
0.0733881
0.00518494
0.0130496
0.0189637
0.00811233
0.00652604
0.054073
0.0746375
0.00740851
0.0123975
0.0048325
0.0600491
0.0226253
0.0276631
0.0237366
0.0143354
0.0135521
0.0619018
0.0155827
0.00746384
0.042927
0.0308747
0.00504496
0.0287699
0.0286215
0.0642931
0.0459394
0.00613092
0.00695475
0.0357691
0.0183938
0.00896044
0.0157744
0.0165268
0.0707866
0.00323699
0.0122401
0.0221863
0.0600724
0.0064392
0.0123126
0.00160591
0.00833842
0.00212185
0.0370953
0.00782097
0.0131483
0.0197069
0.00585703
0.0328999
0.00447951
0.0191947
0.0247516
0.0174949
0.00871771
0.0100977
0.0593168
0.0191424
0.00909548
0.0255977
0.0100307
0.0148627
0.0178258
0.0358276
0.0101063
0.0166918
0.199972
0.0591816
0.0193562
0.00951293
0.0127439
0.0084038
0.0347923
0.000484893
0.00775106
0.0204662
0.0117681
0.020808
0.00252995
0.00453182
0.0135289
0.00996314
0.0222499
0.0429416
0.0194293
0.0643034
0.0505462
0.0461913
0.0185353
0.162872
0.00575511
0.017152
0.00848828
0.134877
0.0259836
0.0632413
0.0126641
0.181528
0.0168104
0.113634
0.0117925
0.00961755
0.034686
0.00376941
0.0175843
0.0989694
0.0224869
0.0228299
0.00557752
0.0705551
0.074216
0.0176589
0.0145272
0.00894988
0.002228
0.00543526
0.014812
0.0125634
0.0199707
0.094732
0.025948
0.00548253
0.00771773
0.00589469
0.0148754
0.0142346
0.0123597
0.0436743
0.0394722
0.012665
0.00309987
0.0421071
0.00341447
0.00906743
0.0289384
0.00452421
0.0166763
0.00538777
0.0193411
0.00857174
0.00764083
0.0228216
0.0277344
0.013989
0.0128009
0.02225
0.0560049
0.0138645
0.0170192
0.00938543
0.00874247
0.18443
0.0647476
0.00616685
0.0613482
0.0239498
0.0207812
0.000738026
0.00736009
0.0133985
0.00561681
0.0194669
0.0124438
0.00275381
0.0174503
0.026402
0.0605223
0.0102774
0.114351
0.00611566
0.02324
0.128074
0.00236824
0.0410514
0.0433838
0.0111648
0.00829477
0.0119461
0.00947754
0.0163767
0.0129449
0.113198
0.0185971
0.0298499
0.00522844
0.0422663
0.0155991
0.0779576
0.0434301
0.0131431
0.026291
0.00867569
0.0307294
0.0157095
0.00104385
0.00056295
0.00965026
0.0325337
0.015457
0.0131682
0.0184187
0.0516314
0.0155317
0.0222923
0.01507
0.00973316
0.0116013
0.00412635
0.017215
0.0398001
0.0259986
0.072208
0.00999648
0.0119706
0.00656885
0.0186017
0.0966601
0.0456237
0.0133316
0.0125999
0.00394321
0.00884725
0.00208102
0.0401393
0.0130258
0.0241052
0.113564
0.0190681
0.00592625
0.0474831
0.000921424
0.0183445
0.0169931
0.0851317
0.0189022
0.0421279
0.0323857
0.0108905
0.0159189
0.0500002
0.0244512
0.0280782
0.00805632
0.0400382
0.0160141
0.0299037
0.00860391
0.0406988
0.0158802
0.0247912
0.0172581
0.0805743
0.0302179
0.0586026
0.0344243
0.00991693
0.00931925
0.00171883
0.0473118
0.0621797
0.0847544
0.00817454
0.0100016
0.0107141
0.0215341
0.00517292
0.0719179
0.00702597
0.0244494
0.014022
0.0388514
0.0154687
0.00772057
0.0142901
0.00576687
0.00563213
0.0159575
0.0273228
0.0257172
0.000876116
0.0862738
0.0344786
0.0636988
0.0176042
0.0108341
0.0859799
0.0101801
0.00177331
0.0114453
0.0547976
0.017879
0.0176512
0.0136152
0.00361323
0.0164495
0.0131865
0.00171959
0.0238918
0.031587
0.0577965
0.0161436
0.0546361
0.00686181
0.125288
0.0475166
0.0484394
0.022287
0.00901174
0.00149243
0.0774733
0.0186739
0.00845749
0.0144418
0.0150052
0.0209902
0.11642
0.0184531
0.0145159
0.0022653
0.0796494
0.0242255
0.0116106
0.0141857
0.00712536
0.0222192
0.0229102
0.0142233
0.0215835
0.0240367
0.00310634
0.0466929
0.0599042
0.0130078
0.0153235
0.0316886
0.0329807
0.0403485
0.0247734
0.101146
0.0114097
0.040404
0.0127661
0.00516086
0.00322613
0.0667316
0.0189014
0.00386593
0.013381
0.0387394
0.0063493
0.0913381
0.0123082
0.0089148
0.0700571
0.0445619
0.0449933
0.0167762
0.0234334
0.0618033
0.0450653
0.015964
0.0224539
0.00543019
0.0167687
0.0553437
0.0158387
0.0292665
0.0226156
0.00960809
0.0837776
0.0306807
0.0256694
0.044047
0.0105703
0.0130176
0.0111637
0.0115308
0.0156992
0.00656825
0.0191003
0.0199571
0.00635452
0.0126369
0.0287547
0.0685948
0.0247022
0.0214921
0.0294737
0.0400174
0.00928242
0.02209
0.000869985
0.0129824
0.0306407
0.0599203
0.0405551
0.011864
0.015571
0.0107693
0.00577941
0.0388104
0.00625
0.0858638
0.0366867
0.00572244
0.000767952
0.0198162
0.00501827
0.0292882
0.0251734
0.0232158
0.0178283
0.01345
0.0980872
0.0168837
0.0666496
0.0955698
0.0247475
0.0263126
0.064433
0.00258954
0.0114305
0.00993682
0.00301521
0.0197948
0.00586079
0.0161683
0.0318718
0.00388948
0.0125562
0.0026083
0.00558796
0.0136681
0.00816607
0.000901741
0.00476846
0.0219154
0.0054046
0.00842934
0.0356139
0.0071959
0.0124835
0.00290675
0.00276133
0.0073024
0.0418773
0.0665403
0.00962625
0.0175807
0.00848233
0.00957613
0.0227038
0.0163883
0.0256641
0.00518793
0.0136741
0.0157394
0.0492153
0.0879642
0.0150881
0.0250641
0.00873517
0.00594719
0.00509733
0.0408602
0.02664
0.0481897
0.00513079
0.019243
0.00592356
0.0320394
0.150206
0.00924023
0.00950199
0.104201
0.013512
0.00862569
0.0212236
0.0333983
0.0250231
0.00437157
0.0259568
0.040741
0.0301808
0.0217152
0.011237
0.00995949
0.0158828
0.00591425
0.193134
0.0156398
0.0261305
0.0471658
0.00471236
0.020547
0.00745911
0.0085954
0.0132247
0.00886723
0.0467312
0.0134431
0.0157903
0.0133465
0.0284051
0.122368
0.0131359
0.0217647
0.00530838
0.027864
0.00971122
0.010134
0.0168218
0.0891881
0.0120398
0.155752
0.0228114
0.0177508
0.0263262
0.025206
0.0133224
0.00749565
0.0161993
0.228608
0.0361251
0.0247551
0.0203352
0.00832774
0.017094
0.0833225
0.00418278
0.00374238
0.00575988
0.00869345
0.0297461
0.01474
0.034591
0.01586
0.00643347
0.00953206
0.0517625
0.145973
0.150928
0.00100932
0.00737231
0.0404495
0.00911473
0.070646
0.0201525
0.0140647
0.0519321
0.0216406
0.00986564
0.0278134
0.0132033
0.00689867
0.0158064
0.0153323
0.053034
0.00815669
0.0264863
0.12218
0.00786473
0.026893
0.0163009
0.0655692
0.0201979
0.0876479
0.0230529
0.034855
0.0123168
0.0325118
0.0140964
0.0518119
0.0900987
0.0914177
0.0291197
0.110357
0.000386373
0.0204008
0.0186122
0.065235
0.0343664
0.0194516
0.0124437
0.0201704
0.0132974
0.0175169
0.00598762
0.0051216
0.0120083
0.00601721
0.00893922
0.0405849
0.0136824
0.0210495
0.0738399
0.0873117
0.0131017
0.0147746
0.0126154
0.0189724
0.0278444
0.0405751
0.0334331
0.0140498
0.00254242
0.0025925
0.0776762
0.0148305
0.0506586
0.0451986
0.00944676
0.026001
0.0106574
0.0266283
0.0163707
0.00558272
0.0181255
0.0017338
0.0135775
0.0193379
0.0158956
0.0752846
0.00896203
0.0242808
0.0117509
0.0492883
0.0193241
0.0125031
0.00865617
0.0152011
0.0210549
0.0179549
0.0113207
0.0381839
0.0346502
0.00654153
0.0438422
0.0186038
0.0132383
0.0163734
0.0120047
0.0142653
0.0308039
0.0223391
0.0146935
0.052367
0.00334047
0.0236875
0.0477282
0.0074252
0.0659164
0.0383272
0.0136643
0.020617
0.00667313
0.00489817
0.00410741
0.00189971
0.00783679
0.0111068
0.0151128
0.0184621
0.0141944
0.0366332
0.0232871
0.0308773
0.0918642
0.0127565
0.0105855
0.0223332
0.0210052
0.0268407
0.084939
0.0204623
0.0136996
0.018085
0.0011097
0.103324
0.161008
0.0324302
0.00796831
0.0746955
0.0256175
0.101325
0.0238391
0.0698724
0.0125546
0.0112831
0.00601303
0.0228784
0.00103006
0.0799836
0.0179399
0.0146919
0.0147279
0.00873
0.0229193
0.0213105
0.0155992
0.0295095
0.0274904
0.0296204
0.00310837
0.0246714
0.0280602
0.00523224
0.0898866
0.0122126
0.0246108
0.0422838
0.0104638
0.0363113
0.0413028
0.0644763
0.0374388
0.0335926
0.0322879
0.00964307
0.00915342
0.0712736
0.0563817
0.0147716
0.00832745
0.0171609
0.0925296
0.00848826
0.0286263
0.0228225
0.015245
0.00778228
0.0132758
0.0268711
0.000870645
0.00453587
0.0195386
0.00756056
0.0208767
0.00151549
0.0346833
0.0140782
0.0270031
0.0019315
0.0127286
0.01072
0.0506756
0.0473082
0.0485846
0.00855757
0.00267424
0.0163854
0.00690514
0.0105259
0.000939271
0.0227593
0.0101113
0.00229943
0.00557425
0.00442634
0.0167748
0.00903969
0.0127435
0.0428397
0.0305691
0.0336396
0.0081456
0.0283305
0.0360202
0.00520707
0.0183126
0.0165772
0.0246648
0.0359198
0.0375269
0.0122111
0.0841639
0.0635919
0.00093808
0.00116421
0.0146052
0.0860828
0.00397694
0.0168458
0.0048301
0.0107442
0.0126312
0.0427136
0.012398
0.0198375
0.0144694
0.001127
0.0174664
0.0585565
0.00715748
0.00624162
0.00918566
0.0251742
0.00389131
0.0084594
0.0167084
0.00898004
0.0243979
0.0127474
0.00297773
0.00380527
0.0102643
0.00424598
0.0354284
0.0162005
0.0095188
0.0549229
0.0128192
0.0687449
0.0268295
0.0230213
0.0334384
0.0267396
0.00080119
0.00937866
0.00517475
0.0128114
0.00598074
0.00901143
0.0247005
0.0187378
0.0201683
0.0158873
0.0264945
0.0152355
0.0276882
0.0264291
0.00758279
0.0176629
0.0487043
0.0142762
0.0636872
0.0145341
0.0105485
0.0108394
0.0113043
0.0659816
0.0639871
0.177485
0.0202843
0.030633
0.0335194
0.0217292
0.0173554
0.00686482
0.0193901
0.0312604
0.0138127
0.0447149
0.0725549
0.0555822
0.00459571
0.0746421
0.00559844
0.0352948
0.0311739
0.03612
0.0381966
0.00546643
0.00574556
0.106651
0.0370181
0.00602018
0.0453316
0.00578434
0.0557742
0.0160763
0.033693
0.0246172
0.00207245
0.0432591
0.033435
0.0542587
0.00837355
0.139067
0.0199008
0.0242801
0.0241822
0.0744035
0.0638746
0.033885
0.0714107
0.0452242
0.0101125
0.0523666
0.0104937
0.0380475
0.0604843
0.0142893
0.00859553
0.0616579
0.0103018
0.0204055
0.0581373
0.00930105
0.0283973
0.0210587
0.00603494
0.012412
0.0086082
0.0371543
0.063393
0.0146232
0.0394926
0.0653439
0.0376881
0.0111035
0.0115589
0.0287823
0.0598829
0.0262812
0.0138631
0.177472
0.0375951
0.0180263
0.0221317
0.054731
0.0094835
0.0205268
0.0659174
0.0220417
0.0449921
0.00670759
0.00851611
0.0153279
0.00759536
0.0122241
0.0177201
0.0245776
0.0286338
0.03534
0.00150672
0.062953
0.0222241
0.0397196
0.0352884
0.0137634
0.041598
0.00858454
0.00719464
0.0190623
0.00783252
0.0134431
0.0612771
0.00138433
0.0243248
0.00145045
0.0728729
0.0890903
0.0403519
0.023353
0.144343
0.0445863
0.0326099
0.034619
0.00888758
0.0177282
0.00826281
0.0109873
0.0293937
0.0065033
0.0180373
0.0117408
0.00413341
0.0347877
0.0107001
0.0110402
0.0130977
0.0114592
0.00345733
0.0267852
0.0136176
0.0269464
0.0070409
0.00359138
0.0163127
0.0259732
0.0145891
0.0526693
0.0118567
0.0139554
0.0103138
0.0153284
0.0691431
0.0602489
0.0195236
0.136596
0.00168516
0.00190848
0.00631811
0.00758153
0.0451572
0.0333404
0.0296224
0.0575393
0.023291
0.0125814
0.0559586
0.0213269
0.0108252
0.0185864
0.0068695
0.0168824
0.0550303
0.0273942
0.0541796
0.00824774
0.0143004
0.0225724
0.0415965
0.00714868
0.00634416
0.0317805
0.0936726
0.00504212
0.0096094
0.00620934
0.0116872
0.0533173
0.00828308
0.0654526
0.0303572
0.00110546
0.00116601
0.00164227
0.0316309
0.000179416
0.0201515
0.0226703
0.024226
0.0337484
0.0182639
0.0100523
0.00498753
0.0590546
0.0245853
0.0332173
0.0257611
0.0265283
0.0132786
0.0382981
0.0238466
0.00777845
0.0471615
0.00590803
0.0328017
0.0268593
0.020322
0.124337
0.0138313
0.0029325
0.047313
0.00259628
0.0361059
0.0360441
0.00797647
0.0269371
0.00802266
0.0219846
0.015996
0.0798193
0.000240124
0.0285212
0.0320538
0.0336975
0.0124055
0.0232759
0.00583411
0.0320396
0.0173178
0.0130548
0.0192834
0.00521141
0.0188202
0.208711
0.05386
0.0240841
0.00929762
0.0306383
0.0401163
0.0194228
0.059982
0.00141419
0.150665
0.017196
0.0279348
0.00905778
0.124653
0.005718
0.0322036
0.056643
0.0159284
0.00733945
0.114991
0.00966935
0.0131096
0.00431325
0.0425296
0.0449173
0.0630343
0.0113594
0.00786315
0.0117198
0.0600102
0.0127339
0.00115424
0.00107221
0.0609728
0.0230717
0.023471
0.117499
0.0376759
0.0168831
0.0248688
0.0104297
0.0286705
0.032174
0.0388366
0.016807
0.0137992
0.0799796
0.0205871
0.0333631
0.059134
0.00281491
0.0453079
0.00781278
0.00582846
0.0293046
0.0397795
0.0119734
0.0165248
0.129116
0.0098264
0.301323
0.00883143
0.0217651
0.0149724
0.01211
0.00686154
0.025883
0.0128367
0.00980348
0.00596498
0.000472154
0.0108891
0.00867961
0.0105984
0.0165078
0.0217547
0.0113314
0.0212264
0.0106833
0.0139422
0.037663
0.0154945
0.0469248
0.0472094
0.0961435
0.0145301
0.0170455
0.0186256
0.0159071
0.0284852
0.00261278
0.011251
0.00101079
0.0138382
0.0154713
0.00620196
0.0325591
0.000222725
0.149403
0.0044503
0.041068
0.0116244
0.0356085
0.076707
0.00806049
0.0158701
0.00719129
0.0144497
0.0609229
0.0232268
0.0381231
0.0759389
0.00434368
0.00220475
0.00868842
0.00925223
0.0596368
0.0946127
0.0202602
0.0410942
0.014086
0.0804739
0.113418
0.0282359
0.0151843
0.0100173
0.013679
0.00795576
0.0328066
0.0360223
0.0175576
0.0166957
0.068227
0.0357628
0.0253607
0.0186888
0.0506332
0.0223433
0.015641
0.0131012
0.0144075
0.0117962
0.00820796
0.0674418
0.00120652
0.00894946
0.0463797
0.0274096
0.00152366
0.00227566
0.0379838
0.00499857
0.0151133
0.0804422
0.0210812
0.00788612
0.00137771
0.041218
0.0282094
0.0150646
0.162001
0.0136892
0.028476
0.0104551
0.00825492
0.0134249
0.00529111
0.000706384
0.00889478
0.0645989
0.0811357
0.0106656
0.0228321
0.0137161
0.00637509
0.00894497
0.00774604
0.00914511
0.0108017
0.0196249
0.0457439
0.00102765
0.0874917
0.0877305
0.0292771
0.0158619
0.078246
0.0114759
0.0222931
0.0334721
0.106935
0.0147244
0.0277325
0.0157864
0.00182692
0.0136613
0.0188375
0.00134406
0.000398915
0.0155644
0.0668236
0.00438483
0.00989635
0.00814666
0.0296632
0.0201748
0.0669324
0.00928078
0.0216702
0.0186934
0.00342633
0.00985906
0.020714
0.0749379
0.00422117
0.0255925
0.0175606
0.00937651
0.0140179
0.0010317
0.015455
0.00580367
0.00353425
0.00108646
0.0116184
0.0359122
0.0447695
0.00384437
0.0216949
0.0219798
0.0492418
0.0204746
0.01137
0.0014142
0.00847399
0.00112254
0.0576747
0.0187373
0.0481063
0.0213002
0.00932395
0.0207693
0.0808518
0.0500106
0.00814154
0.0210787
0.00625233
0.10344
0.0799938
0.0894668
0.0731228
0.0309363
0.0106356
0.00361287
0.0392865
0.0561729
0.013418
0.0154449
0.0112856
0.0139152
0.0561413
0.054201
0.0143146
0.0170448
0.00644972
0.0650268
0.0709377
0.0119708
0.00717356
0.0173422
0.122885
0.0167723
0.0272909
0.00856994
0.00263202
0.0274691
0.0258393
0.0161607
0.0688143
0.0626525
0.00206646
0.348438
0.00060105
0.0093711
0.0307082
0.00914154
0.00621271
0.0161822
0.00885791
0.021218
0.011896
0.00910431
0.0204098
0.067791
0.0223605
0.0240587
0.0844301
0.0214103
0.0130233
0.0590211
0.0244698
0.0125215
0.106329
0.0102385
0.0100287
0.0045686
0.00690902
0.0253053
0.00126001
0.019943
0.0112209
0.00215445
0.0257915
0.0138145
0.025014
0.0249724
0.015601
0.00191124
0.027985
0.0118263
0.00409131
0.0333002
0.0284124
0.0466646
0.0279382
0.00647673
0.0263719
0.00126699
0.0114472
0.020737
0.0161738
0.0433438
0.0188641
0.0302642
0.015129
0.0315865
0.0176844
0.00453336
0.0117383
0.28064
0.0349866
0.00516229
0.0180969
0.00838511
0.00535154
0.0102238
0.0347715
0.00205682
0.0451262
0.0144184
0.00605773
0.0102931
0.0179959
0.0125246
0.0205482
0.034674
0.0103772
0.0054039
0.00711615
0.0242931
0.00804186
0.00976656
0.0621736
0.0216479
0.0337896
0.0745996
0.0170088
0.000370072
0.0187679
0.0123226
0.0525012
0.0014637
0.0128369
0.0587093
0.008095
0.0146137
0.0790385
0.142528
0.0137695
0.00803023
0.0988486
0.00979267
0.0165485
0.0265248
0.0112028
0.0398441
0.0066726
0.0174778
0.0194853
0.0285998
0.0446679
0.0933228
0.0462776
0.044019
0.018675
0.151011
0.0307633
0.0268094
0.0778892
0.0102704
0.0452003
0.0447452
0.0186498
0.0177575
0.032713
0.133383
0.176052
0.000907178
0.00401393
0.0303695
0.0282746
0.013196
0.0113642
0.080381
0.0240195
0.00724516
0.016114
0.0174861
0.0105368
0.00768148
0.0134288
0.0178478
0.00669099
0.0376164
0.000931121
0.0327081
0.00993829
0.0219634
0.00949692
0.152023
0.00871925
0.0108119
0.0224494
0.0234635
0.0090134
0.0324064
0.0176525
0.0139723
0.0380863
0.0110131
0.0395243
0.00624044
0.0837172
0.045061
0.00535276
0.0171685
0.0193224
0.0259707
0.0121967
0.0174914
0.00670281
0.024192
0.0112023
0.00842213
0.021388
0.00273083
0.0688345
0.00438775
0.0221088
0.00315095
0.0168194
0.00889887
0.0475074
0.12134
0.0149256
0.0105254
0.0933884
0.0355679
0.05728
0.0122121
0.0310468
0.00845079
0.0109442
0.0698947
0.0683549
0.025264
0.207584
0.0112256
0.0450996
0.0117002
0.0199213
0.017506
0.000874062
0.0259398
0.0156012
0.0174138
0.049415
0.00790402
0.0189087
0.0257312
0.064113
0.013406
0.0316076
0.0544329
0.0166127
0.0131351
0.0105665
0.0130447
0.00347486
0.0495816
0.0128483
0.00928171
0.000711535
0.0390517
0.0583756
0.0139051
0.00125987
0.00793346
0.0161874
0.0610586
0.0101885
0.00936595
0.0163279
0.00962384
0.00119846
0.0133484
0.0351659
0.0328173
0.00953301
0.0134767
0.00666652
0.0148801
0.0193425
0.0191396
0.000642613
0.0949456
0.0128923
0.0202896
0.0167683
0.00195695
0.0590817
0.0484302
0.0730465
0.00272929
0.0249059
0.00578569
0.0658415
0.00793861
0.0123924
0.00500101
0.0225963
0.0417769
0.00269324
0.0371499
0.0240349
0.0425112
0.0294802
0.0475706
0.0094885
0.00993625
0.016362
0.115276
0.00475635
0.0207365
0.011296
0.0043346
0.0131159
0.0767359
0.0108717
0.0225955
0.0301661
0.065525
0.0017163
0.0134634
0.00874828
0.0621182
0.0110123
0.00828041
0.052753
0.0333845
0.0298108
0.01351
0.0835967
0.0132827
0.0128339
0.0166174
