0.124284
0.00727195
0.00964079
0.0730234
0.00769048
0.0152941
0.00743103
0.0154292
0.0188845
0.000338794
0.0125745
0.00925605
0.0130062
0.0225549
0.0210384
0.00111543
0.00912629
0.0139815
0.0339691
0.0163363
0.0275668
0.00939765
0.0339859
0.0226582
0.0218168
0.0175949
0.0494381
0.013331
0.0204159
0.0251405
0.0127946
0.0118095
0.0388819
0.0179956
0.0162917
0.0146505
0.00517302
0.00274082
0.0216477
0.0222086
0.0219888
0.0224427
0.00185385
0.0651126
0.0447367
0.0266063
0.0442005
0.0277533
0.0331598
0.0250129
0.0133064
0.00915343
0.00493284
0.0428132
0.0509167
0.00719296
0.0198094
0.00578304
0.00451341
0.0431914
0.0297442
0.0139583
0.0024496
0.00564664
0.0706362
0.0222801
0.0127114
0.0239093
0.0109446
0.0495705
0.00622623
0.0470694
0.0196874
0.00150452
0.0129386
0.132462
0.00934106
0.00839968
0.0370796
0.0256502
0.079417
0.0518537
0.00733291
0.0146976
0.00127775
0.011023
0.0375753
0.0116421
0.0200863
0.0209007
0.0089129
0.0126147
0.00233576
0.028808
0.00856619
0.160473
0.00181999
0.0686265
0.0152637
0.0256325
0.0133971
0.0573471
0.0105489
0.0453953
0.0457627
0.0389618
0.00973887
0.034835
0.0239951
0.0117474
0.0123713
0.0212385
0.022792
0.0245218
0.0319324
0.0206498
0.00170871
0.0201607
0.0703544
0.0403771
0.0218806
0.0319172
0.0197723
0.0537096
0.0574416
0.0196592
0.00204934
0.0225175
0.00245984
0.012895
0.00337226
0.0349095
0.00959483
0.00661422
0.0410654
0.0241256
0.0165534
0.0416853
0.0395143
0.0223112
0.0583292
0.0365723
0.0178114
0.0336623
0.0475766
0.181231
0.0125802
0.00754008
0.041628
0.00428564
0.0179739
0.123995
0.0378228
0.0183472
0.0353856
0.0204956
0.00709417
0.0693468
0.0382368
0.00896379
0.0143428
0.0136053
0.0114222
0.0246574
0.0143002
0.0295601
0.00640722
0.00107736
0.0265105
0.0377309
0.00134906
0.0931169
0.0137335
0.038521
0.00741221
0.00226606
0.00886257
0.0356584
0.0186634
0.0754753
0.0607605
0.0320717
0.00237884
0.0113279
0.00995213
0.00771637
0.016711
0.0302041
0.0118435
0.0582064
0.0167205
0.0687451
0.00876075
0.0332027
0.0204637
0.013128
0.0262122
0.0314347
0.0362885
0.0118595
0.00180188
0.045833
0.00751591
0.0452307
0.0115026
0.00549271
0.166172
0.0185614
0.0541935
0.020884
0.00968273
0.0308366
0.0610401
0.019583
0.0110334
0.000812235
0.0117551
0.0430832
0.0239505
0.00230283
0.0323677
0.0428692
0.0528891
0.0108612
0.0136406
0.043578
0.062505
0.0037183
0.0259094
0.0124141
0.0233019
0.0658873
0.0307309
0.0233113
0.00689357
0.00190534
0.0359786
0.0191372
0.01097
0.017887
0.0148412
0.0297783
0.0272419
0.0126762
0.0425549
0.0148672
0.0264549
0.0053677
0.0103247
0.0187838
0.0280016
0.0179288
0.0133241
0.0595183
0.137334
0.0306748
0.00595985
0.00192639
0.0102323
0.0177942
0.0390985
0.0288986
0.0126702
0.0124635
0.0135413
0.0130756
0.0142263
0.000981221
0.0488258
0.0378885
0.0220487
0.0286112
0.0131266
0.035271
0.0334897
0.0130465
0.0101029
0.02427
0.0146605
0.0456713
0.112713
0.011576
0.0104946
0.0170369
0.0282643
0.00801095
0.0135613
0.00589435
0.00192748
0.0378529
0.115521
0.0541194
0.010664
0.021819
0.00557407
0.0229289
0.0493653
0.00886292
0.0254952
0.0380336
0.038316
0.0309886
0.014779
0.0466402
0.215122
0.0241111
0.00566275
0.00704699
0.0355857
0.0290396
0.018835
0.0100568
0.0724144
0.00667204
0.0214608
0.017907
0.0677506
0.0633635
0.0238609
0.00615383
0.0104601
0.00951636
0.0261132
0.0356671
0.0323287
0.0126989
0.00825144
0.0715484
0.0283877
0.0321492
0.0117324
0.00392666
0.0400007
0.0188592
0.0443753
0.0209004
0.0212139
0.0199499
0.154406
0.00990949
0.0402797
0.0223635
0.00214147
0.0138593
0.00437013
0.0465422
0.00145577
0.123325
0.024504
0.0394134
0.011413
0.00135957
0.0103643
0.108522
0.00595815
0.0261451
0.0218764
0.0204435
0.0366177
0.0916314
0.00217655
0.0132818
0.0319429
0.0148344
0.0401078
0.0133568
0.00275923
0.0336106
0.00627952
0.0236285
0.0127419
0.0138055
0.0241352
0.0409877
0.0264992
0.0129279
0.0151641
0.0365662
0.00250349
0.0407408
0.0116158
0.00287888
0.009311
0.0465181
0.0289658
0.0302611
0.0131333
0.0172188
0.0142514
0.000655123
0.00717802
0.00208198
0.012256
0.0313495
0.0290381
0.0570606
0.0105413
0.0184262
0.0485203
0.0365878
0.0318266
0.0108833
0.0124686
0.00299612
0.0153012
0.0033766
0.0633403
0.0441827
0.0131018
0.0345644
0.0329328
0.0169031
0.0258133
0.190643
0.0016324
0.0290062
0.0750879
0.0060995
0.0132776
0.0566432
0.0138037
0.0527055
0.0449238
0.0100001
0.0961582
0.0289124
0.0183251
0.0169322
0.00827237
0.00743364
0.0172784
0.00880701
0.0182147
0.000997258
0.0333472
0.0446911
0.0127349
0.0256894
0.0125638
0.02083
0.033384
0.0120424
0.0104271
0.010972
0.0172457
0.0113122
0.00201065
0.0333155
0.0164856
0.0275048
0.0188492
0.0134229
0.0212607
0.0392992
0.00825843
0.0188827
0.00939956
0.0208435
0.00123285
0.0559825
0.0121343
0.0270997
0.00230831
0.0456117
0.0239348
0.0261576
0.00666979
0.0110874
0.0221986
0.012183
0.0197468
0.0605577
0.0031257
0.0250584
0.0154408
0.0264228
0.0250347
0.00584774
0.034467
0.0104788
0.00700276
0.0483958
0.0330864
0.0169511
0.00877178
0.0270788
0.0456326
0.00166549
0.0150781
0.00613977
0.0962304
0.0321407
0.0113701
0.0158906
0.0453689
0.0117687
0.075804
0.00964298
0.0170631
0.0411223
0.0104107
0.0548885
0.00294508
0.0367551
0.0257188
0.0213531
0.0131749
0.0695902
0.00872636
0.0130833
0.0374527
0.0111827
0.0476079
0.0570239
0.0677887
0.0373378
0.0387815
0.00879112
0.01267
0.021378
0.0413314
0.05451
0.00524123
0.014283
0.0317001
0.00462842
0.00865155
0.0316971
0.0212261
0.049332
0.00580518
0.00264675
0.0106999
0.0109017
0.0245219
0.0197074
0.0388458
0.0204372
0.0291332
0.00144773
0.0303345
0.0467777
0.0510367
0.029265
0.0130629
0.048985
0.128243
0.00939587
0.0119361
0.0115255
0.00965386
0.0339325
0.0407225
0.00257128
0.0153316
0.0238206
0.0209496
0.0803579
0.0723262
0.00300352
0.0623809
0.0241107
0.00815088
0.0660426
0.040041
0.0104247
0.0212128
0.0443083
0.0377369
0.00845149
0.0243687
0.0320348
0.0209166
0.115359
0.0275113
0.0389909
0.0104781
0.00205931
0.0035717
0.0101567
0.0200185
0.019068
0.00589022
0.0637831
0.00243043
0.0156066
0.00961449
0.00197274
0.0146421
0.0262138
0.0447322
0.00951361
0.0175315
0.0263853
0.000858382
0.0163435
0.00999092
0.0345223
0.00758573
0.0424609
0.018002
0.0207921
0.00564889
0.0174507
0.0317839
0.0169531
0.0434019
0.00467016
0.0107153
0.0308856
0.00971221
0.00458102
0.00611752
0.0143427
0.0968936
0.1394
0.0213975
0.018824
0.0153728
0.0227424
0.0101061
0.00882491
0.0204789
0.00177477
0.0245772
0.0719117
0.0276508
0.0216098
0.0945287
0.00286372
0.0136845
0.0394934
0.0133853
0.00112518
0.0139462
0.0205711
0.0126447
0.0365932
0.0226476
0.0260661
0.0146022
0.0101882
0.0213198
0.0208203
0.00990568
0.0671041
0.00579116
0.076297
0.0123117
0.0569621
0.0273233
0.00251402
0.0625028
0.0371958
0.0541515
0.0293302
0.0153414
0.046183
0.0189619
0.0146656
0.0252609
0.0209035
0.0189137
0.0315812
0.0185739
0.00924851
0.0476408
0.0309719
0.0124137
0.0744953
0.0254415
0.0328721
0.000545596
0.0607061
0.00313942
0.0232296
0.00085213
0.0117735
0.0482729
0.0651082
0.0230198
0.0870377
0.00326378
0.000866222
0.0169407
0.015267
0.0110566
0.00118359
0.00846307
0.0311944
0.0175105
0.025947
0.0147487
0.0597867
0.0139123
0.00666133
0.00784708
0.0445079
0.0116967
0.00908086
0.0376634
0.0319267
0.0438656
0.0588832
0.0440811
0.0089338
0.0246953
0.0550803
0.0932219
0.0219667
0.000491197
0.0210741
0.0323645
0.011091
0.0455854
0.0229514
0.0308822
0.0184765
0.0335353
0.0338388
0.00716981
0.0135038
0.0507984
0.013848
0.0199639
0.0506661
0.0530044
0.0415883
0.0149649
0.0669749
0.00316683
0.0497188
0.054981
0.0127892
0.0171348
0.0139921
0.00184698
0.0156745
0.0142645
0.0176742
0.00148563
0.00317543
0.0292971
0.00455713
0.0477473
0.0148448
0.0230163
0.0122846
0.00853521
0.0163307
0.00800583
0.0127215
0.0479211
0.0208804
0.0782255
0.0126759
0.0118443
0.0149794
0.00210378
0.0118802
0.0313349
0.071902
0.019985
0.0508706
0.00985751
0.00857419
0.0173328
0.0162789
0.0535315
0.00623785
0.0120632
0.0186702
0.0202507
0.028676
0.00830023
0.00729332
0.00947555
0.00358316
0.0346488
0.00597717
0.0367964
0.0194599
0.0394415
0.0376511
0.0617527
0.0271464
0.0137783
0.0389298
0.0111511
0.0510639
0.00601267
0.0137563
0.0065555
0.0332127
0.018009
0.0639923
0.0124895
0.0305372
0.0012732
0.00123575
0.0353415
0.0330779
0.000768419
0.0124879
0.053427
0.0188014
0.0161787
0.0175052
0.0119304
0.0127412
0.0414302
0.0172097
0.109184
0.024635
0.00206058
0.0446876
0.0299799
0.00423774
0.0551323
0.0480955
0.000845276
0.0059528
0.0329549
0.0505538
0.0161582
0.0851024
0.0199692
0.0288834
0.000737184
0.00864639
0.00630179
0.0584598
0.0365826
0.0151295
0.00258567
0.0204671
0.00271238
0.0489455
0.0483129
0.0271418
0.0308717
0.0347335
0.0111796
0.0509515
0.000488832
0.0098481
0.0504227
0.0254075
0.027141
0.0686784
0.0100865
0.0356726
0.0587557
0.0172331
0.0129984
0.134674
0.0199823
0.00309483
0.0049679
0.0465515
0.0616162
0.0137849
0.0557316
0.029207
0.0110366
0.0135626
0.00642898
0.0191682
0.0259782
0.0518444
0.0219118
0.0700048
0.0454831
0.00530448
0.00114021
0.0154912
0.0197431
0.0330018
0.0341181
0.00158713
0.0130534
0.01918
0.00930072
0.102
0.01925
0.0190441
0.0887473
0.0245402
0.0582203
0.0947946
0.00876325
0.019787
0.00270842
0.0252081
0.00711127
0.0232579
0.0382266
0.0127704
0.0266753
0.0324904
0.00683037
0.0141023
0.0347916
0.0488973
0.0332461
0.0395792
0.0555789
0.0108087
0.0236796
0.122093
0.0442145
0.00707623
0.0208783
0.0223655
0.00753305
0.00852032
0.0109376
0.00159482
0.00316136
0.00168067
0.0173782
0.0131495
0.04052
0.0271482
0.016636
0.0166519
0.0220038
0.0112886
0.0209942
0.0178293
0.0221137
0.00129761
0.0158508
0.0135748
0.0304816
0.034637
0.0823276
0.0128091
0.0307094
0.0175142
0.0522483
0.0455054
0.0541159
0.00706688
0.0292407
0.0538221
0.0212703
0.0145966
0.0079677
0.0436999
0.0234316
0.0160048
0.0168939
0.00715919
0.0519575
0.0170754
0.0499985
0.0178867
0.0231453
0.0133454
0.0131085
0.00667591
0.0282335
0.00160963
0.0809498
0.012921
0.0162865
0.00214444
0.0130531
0.0390285
0.00782621
0.00437517
0.00481376
0.0560315
0.0131216
0.0303501
0.0203515
0.0159618
0.0016559
0.00214172
0.00274588
0.0308032
0.0764916
0.0188956
0.0292191
0.0180687
0.0200194
0.0264298
0.0234003
0.0184117
0.00991048
0.0228358
0.0166136
0.0229402
0.0220911
0.0200236
0.0257257
0.012634
0.00166618
0.0246931
0.014273
0.0926511
0.00100076
0.0225248
0.0105254
0.00683919
0.0456626
0.0272696
0.0229432
0.010369
0.0521856
0.027467
0.0253679
0.0110479
0.0231702
0.0108796
0.0016678
0.00507054
0.00602469
0.0118694
0.0176837
0.0845242
0.0478656
0.00585388
0.0161442
0.109073
0.0656688
0.0429133
0.0367033
0.0234227
0.00141111
0.0121845
0.0514068
0.0291478
0.0238069
0.00511464
0.0302471
0.0067565
0.0144352
0.0074969
0.0386566
0.0227009
0.0346618
0.0269966
0.0466695
0.0508975
0.0359818
0.0210951
0.0251002
0.0181894
0.088703
0.0171799
0.0223527
0.0363818
0.0148012
0.0331621
0.0413636
0.0101267
0.0205534
0.033839
0.00499706
0.00473237
0.00850788
0.01556
0.0467656
0.0129272
0.02822
0.0676138
0.00938413
0.00303911
0.0419495
0.0629179
0.0548439
0.00393246
0.00820896
0.0135258
0.0137899
0.0224935
0.0199463
0.0108908
0.0114806
0.0171216
0.00961945
0.00843441
0.0210371
0.0176895
0.00865199
0.0269276
0.0413704
0.00887936
0.0535011
0.0132717
0.0674759
0.0553138
0.0262978
0.0515401
0.0139445
0.0386164
0.0101838
0.00719398
0.016455
0.0257507
0.0384755
0.125245
0.0199929
0.0272317
0.0323229
0.00412099
0.0216489
0.0693621
0.0178383
0.038647
0.0102133
0.00406017
0.0612746
0.0077661
0.0138302
0.0307125
0.0165647
0.0207988
0.0191244
0.00827269
0.00692442
0.0447655
0.01104
0.00625536
0.00657437
0.0156892
0.0113377
0.0109051
0.0474468
0.0157003
0.0114597
0.0881766
0.0190912
0.00550598
0.013921
0.0212972
0.0185341
0.0148624
0.0308877
0.0277774
0.0341278
0.0087045
0.0122562
0.0486414
0.139784
0.0226567
0.00578881
0.0190902
0.00802128
0.018113
0.0583874
0.0591174
0.0194133
0.0281734
0.0258053
0.00809882
0.0391894
0.00730342
0.00107742
0.0152063
0.0378555
0.0313468
0.00179835
0.029245
0.0126249
0.00813449
0.0251978
0.0241608
0.00713061
0.0455241
0.0283197
0.0411946
0.00688018
0.00350557
0.0194975
0.00166815
0.0223077
0.0255162
0.0051479
0.00348115
0.0182911
0.0151446
0.00885762
0.0318608
0.0631476
0.0557795
0.0442471
0.033525
0.00198017
0.0105821
0.0152745
0.00897974
0.020135
0.000971559
0.0377637
0.0253167
0.00532205
0.0505046
0.00820403
0.0506671
0.00975123
0.0342528
0.0830276
0.00707522
0.0449017
0.0121677
0.0253105
0.00148218
0.0343921
0.0153574
0.0117899
0.0116342
0.0246427
0.00640806
0.0299685
0.0080964
0.0641536
0.0158161
0.0130792
0.00568936
0.00766795
0.00562604
0.0192087
0.0568078
0.0451527
0.0158874
0.00145424
0.0163115
0.0149134
0.022857
0.0339128
0.0572622
0.0394334
0.0166803
0.00709307
0.0239713
0.0532302
0.0444767
0.0487573
0.0349835
0.0101122
0.0242146
0.0107124
0.0324126
0.0204304
0.0306178
0.0132984
0.00833283
0.00268488
0.0356938
0.0182897
0.0106858
0.00749998
0.0345296
0.0129466
0.0560808
0.0184917
0.000960133
0.0245619
0.0447845
0.000764464
0.0798505
0.0154499
0.0242734
0.0108008
0.0291942
0.0254379
0.00341422
0.020784
0.0233119
0.0181243
0.0382715
0.0470027
0.0209288
0.000626721
0.0141136
0.043284
0.115981
0.0142111
0.0130982
0.0352895
0.0081945
0.0278774
0.00682767
0.0319144
0.139766
0.0253564
0.00970379
0.0477782
0.013089
0.00634799
0.04974
0.00271241
0.00633786
0.018959
0.0141792
0.0297314
0.0556487
0.0107024
0.0284189
0.0083173
0.00201237
0.018672
0.00277521
0.0378245
0.0119479
0.0184634
0.0134658
0.0415161
0.0368755
0.00824694
0.000577956
0.0654971
0.047938
0.026728
0.00211285
0.0297398
0.0048609
0.014493
0.0181491
0.0721544
0.00837338
0.0299433
0.0249016
0.0170542
0.0194668
0.0280633
0.0283912
0.0141703
0.017626
0.0153356
0.0108997
0.00288333
0.0218214
0.0333401
0.0154952
0.00893294
0.057895
0.0108299
0.00541095
0.0987048
0.0113853
0.0170465
0.0162025
0.0156255
0.000575112
0.0305927
0.00974169
0.0266406
0.0573742
0.0307029
0.0283979
0.0508019
0.0180489
0.0200851
0.00252579
0.00522061
0.0468533
0.0165919
0.0270549
0.0258314
0.0143737
0.00739288
0.0362694
0.0112354
0.00682818
0.0547226
0.037079
0.0262122
0.0439721
0.0215242
0.069073
0.00881004
0.0234905
0.016964
0.0359598
0.0239728
0.00711842
0.0170031
0.0230048
0.00202977
0.00170066
0.00759327
0.00521225
0.0180854
0.0134092
0.00289082
0.0511557
0.0256647
0.0552581
0.000738616
0.0308284
0.025487
0.0228722
0.0134942
0.0061748
0.0419363
0.0195359
0.0296343
0.00296655
0.00698995
0.0321985
0.00586788
0.00471698
0.0177731
0.0125496
0.014056
0.0130069
0.00109194
0.0109032
0.0108586
0.0268589
0.0320702
0.0299777
0.0655024
0.0266534
0.0124919
0.0105476
0.0208658
0.0296625
0.00491083
0.0264029
0.00477176
0.0543265
0.00778743
0.0449293
0.0288615
0.00619405
0.0204685
0.0594106
0.0417343
0.105429
0.0264589
0.103487
0.0362096
0.0185294
0.075178
0.0413155
0.00209238
0.00207887
0.00326744
0.0123226
0.0305298
0.00913049
0.00994449
0.0304071
0.0688299
0.0425383
0.00999016
0.0149626
0.0306235
0.040204
0.0168753
0.00612135
0.0843808
0.0334418
0.0262838
0.00673796
0.0422591
0.011031
0.0107302
0.0216611
0.015889
0.0406843
0.0275051
0.0463298
0.0215378
0.0472511
0.0176121
0.0299103
0.00736518
0.0415307
0.0276604
0.0031165
0.0203466
0.00719136
0.00259596
0.0130959
0.0328508
0.00144942
0.026211
0.0139888
0.00224147
0.00110194
0.0018478
0.0141014
0.0445334
0.042245
0.0500631
0.00586082
0.0472566
0.0286458
0.00763221
0.00814418
0.0431599
0.0194881
0.0281173
0.0157368
0.036301
0.0043099
0.00722585
0.0195878
0.0216457
0.0107981
0.00928388
0.0335632
0.0178777
0.0413253
0.0198974
0.0296535
0.0185793
0.0415275
0.0217976
0.00932722
0.0377341
0.00242444
0.00932384
0.0302185
0.0663555
0.0126539
0.0623981
0.002649
0.010266
0.0439608
0.00311273
0.0506233
0.038485
0.000979502
0.01227
0.0236557
0.00664578
0.026696
0.0222542
0.0317604
0.00346584
0.00378376
0.0135527
0.0144207
0.038402
0.0130061
0.0254189
0.0459597
0.00478716
0.0626847
0.0272941
0.0224433
0.0208592
0.0232782
0.0123031
0.0188871
0.00194908
0.0679342
0.0580131
0.10964
0.0091786
0.0109864
0.0929923
0.0036371
0.0752195
0.0176337
0.0543897
0.0241899
0.015712
0.011882
0.0110651
0.0615767
0.0135487
0.00225198
0.0131389
0.0347882
0.0049907
0.0735284
0.032314
0.0538
0.0442488
0.111668
0.00138738
0.0149964
0.0202078
0.0155479
0.023268
0.00900821
0.0281551
0.112293
0.0286676
0.115922
0.0176086
0.0984197
0.0468177
0.0558933
0.0153139
0.0236317
0.0106331
0.0503718
0.0599395
0.00213059
0.0456843
0.00258212
0.0525588
0.00474952
0.00830842
0.0159885
0.0271467
0.00323046
0.0264583
0.0224966
0.0234882
0.0516274
0.0102788
0.0104645
0.0729405
0.0131757
0.0140872
0.00711187
0.0933925
0.0368332
0.00236152
0.0440435
0.0152731
0.0583052
0.0252301
0.0200126
0.0178422
0.0195827
0.0225799
0.0571247
0.0211295
0.0131048
0.020117
0.00667907
0.179695
0.00356264
0.0126569
0.0655072
0.00642371
0.0118853
0.00674524
0.0125351
0.0595038
0.0212947
0.0227749
0.00671988
0.0428984
0.0135591
0.0530209
0.0235592
0.00376925
0.0359348
0.00316296
0.039698
0.0388901
0.0203418
0.006299
0.00142419
0.079336
0.0204438
0.0204672
0.0345467
0.0147452
0.01908
0.048622
0.0258903
0.0167102
0.0159484
0.0104425
0.0251876
0.044915
0.0296417
0.0251861
0.00155177
0.00340757
0.0258115
0.0666015
0.00863613
0.0158642
0.00118065
0.0246165
0.0117947
0.140284
0.00945008
0.0537207
0.0067619
0.00378093
0.113852
0.0046835
0.018126
0.0154743
0.00636412
0.0412075
0.0321581
0.000874934
0.0200029
0.0110799
0.00711165
0.0748498
0.00363997
0.00949452
0.016467
0.0300497
0.00785837
0.0155269
0.00532304
0.0264724
0.00657637
0.00572702
0.0285079
0.000900139
0.022625
0.0294526
0.0275081
0.0245524
0.0198633
0.0643905
0.0622935
0.0128957
0.017367
0.0501648
0.0178777
0.00222313
0.0334133
0.00261169
0.0225373
0.0335016
0.0392944
0.0647136
0.0357289
0.0323456
0.011108
0.0198224
0.0210299
0.0114113
0.0156342
0.0239374
0.0113713
0.0123585
0.0854855
0.0406068
0.0797108
0.00342805
0.0299673
0.039533
0.0393596
0.00158167
0.0148803
0.0382932
0.0613192
0.0827107
0.0130081
0.0188179
0.0170796
0.0208337
0.0441028
0.019965
0.00140474
0.0445358
0.00499419
0.0327247
0.0125131
0.0101984
0.0217195
0.0230083
0.00209676
0.0072097
0.0271237
0.00658516
0.0134271
0.00178017
0.0651009
0.00820076
0.00424553
0.0121155
0.0135144
0.0379977
0.00227307
0.0276819
0.00139059
0.0228986
0.0363001
0.0201568
0.0143362
0.0344603
0.0113987
0.0295817
0.0325377
0.0202306
0.0481876
0.0120279
0.0138025
0.0579704
0.0130813
0.00947683
0.0271444
0.0218297
0.015167
0.0228813
0.0408066
0.0108449
0.00139857
0.0308665
0.00815306
0.0221876
0.0314192
0.0173104
0.0081243
0.0011944
0.0120617
0.0318375
0.0663387
0.0211664
0.016143
0.00251944
0.0185941
0.0891169
0.0311468
0.0230381
0.00203626
0.132003
0.00730059
0.0188465
0.00738777
0.015525
0.0158424
0.00626317
0.033566
0.0206231
0.018288
0.00117452
0.00627175
0.063285
0.0443893
0.0419758
0.0481134
0.00688462
0.00798073
0.022536
0.00792337
0.0105136
0.0492944
0.0379782
0.0466587
0.0543679
0.0166526
0.0175737
0.0515637
0.00607873
0.0140028
0.0283131
0.0408796
0.03474
0.0123024
0.0523491
0.0947173
0.0173487
0.00803845
0.0315286
0.0421259
0.00251909
0.0179747
0.0111324
0.021095
0.031096
0.00139862
0.0141531
0.0174417
0.0305333
0.00439157
0.0321895
0.0142705
0.0287546
0.0145322
0.0236513
0.0241124
0.0185326
0.0455517
0.0112426
0.0373254
0.0151967
0.0474785
0.107704
0.0176035
0.00345759
0.0010494
0.00296916
0.0179879
0.00747083
0.0191789
0.000347441
0.0163516
0.0119081
0.0325088
0.020365
0.0311095
0.0217253
0.0187816
0.0116413
0.00099828
0.0531386
0.0209335
0.132478
0.0292729
0.165166
0.128273
0.0383942
0.0159599
0.000492279
0.000589332
0.00673862
0.00868241
0.0204881
0.0424727
0.0224504
0.0170178
0.0120042
0.0122865
0.00896359
0.00415346
0.0923261
0.00133378
0.019373
0.00177158
0.0210618
0.0136684
0.0278922
0.0153354
0.028041
0.00285695
0.00340956
0.0796389
0.0026849
0.0332479
0.0160637
0.0188406
0.0168669
0.0294231
0.0368473
0.0133684
0.014261
0.00406359
0.00927013
0.0138314
0.0355328
0.0125318
0.0118853
0.011562
0.0178687
0.0168469
0.0455312
0.0303399
0.00599796
0.0256363
0.00290543
0.0157161
0.0184204
0.0456447
0.0174826
0.0123677
0.0255123
0.0747503
0.0121382
0.097631
0.0109645
0.0433375
0.104598
0.00927639
0.0462572
0.0399523
0.00996513
0.0614119
0.0170527
0.0195454
0.083444
0.00990215
0.0183049
0.00319436
0.0454317
0.0162404
0.0182266
0.0432088
0.00685018
0.0181814
0.0185681
0.0200776
0.00200797
0.0223223
0.0162423
0.018312
0.00315355
0.0312475
0.0372729
0.00106117
0.143759
0.0492844
0.0205045
0.00919916
0.036755
0.00842354
0.0321864
0.0459464
0.00672865
0.0669712
0.0287973
0.00684087
0.015677
0.0392259
0.0482392
0.00157029
0.0405776
0.00892257
0.137491
0.0623374
0.00477395
0.00780894
0.0125292
0.0148636
0.0324926
0.0777339
0.0130241
0.151721
0.0363479
0.068656
0.0464611
0.0217656
0.00610863
0.0191757
0.0157733
0.00769526
0.0105235
0.0186961
0.0236716
0.0127758
0.00366203
0.0214426
0.0686901
0.0179023
0.031986
0.00868079
0.0135279
0.158329
0.0278418
0.0247499
0.0265166
0.0138512
0.0212164
0.0226276
0.0774834
0.0392752
0.000615892
0.0199107
0.022029
0.000758425
0.0490503
0.00263474
0.00131388
0.0268779
0.00147183
0.00813895
0.00422672
0.0438748
0.0137525
0.0119083
0.0482072
0.0286052
0.014374
0.068589
0.00460323
0.0103896
0.0195028
0.0144185
0.0788591
0.0582296
0.0264299
0.020281
0.014307
0.0169127
0.010541
0.0272782
0.00895831
0.030835
0.0581574
0.013704
0.0399354
0.01376
0.0138818
0.00777435
0.0215244
0.118254
0.00996426
0.0448676
0.0769001
0.0154174
0.0212652
0.0542641
0.0118143
0.0163012
0.0236447
0.00560705
0.0101387
0.0439318
0.0165242
0.0406965
0.00507855
0.00495084
0.0279067
0.00360431
0.030736
0.00189746
0.00496774
0.0145115
0.0577857
0.0146639
0.0398399
0.00986019
0.0283513
0.0195469
0.0103649
0.010063
0.0201618
0.00985071
0.0193507
0.0360942
0.008321
0.00087533
0.138946
0.00744857
0.0282445
0.00492288
0.0121009
0.0251842
0.00191998
0.0135892
0.0140961
0.0502379
0.124881
0.0279276
0.016794
0.0476755
0.0116172
0.0137478
0.0206999
0.00633102
0.016861
0.000952884
0.0117694
0.0353434
0.0513358
0.0213511
0.0357569
0.0141027
0.0103817
0.0322224
0.0413263
0.0246215
0.0184341
0.0491961
0.00268966
0.0303655
0.00253428
0.0127907
0.0108745
0.0131312
0.0443165
0.0242468
0.0528342
0.0767065
0.0124179
0.0217198
0.00144762
0.0424684
0.02418
0.0340213
0.0423705
0.0289771
0.0435838
0.0242109
0.016313
0.0222362
0.0102317
0.0510896
0.0868657
0.0369159
0.031154
0.0461582
0.00137893
0.0454826
0.00978254
0.013215
0.00557968
0.0147352
0.0235234
0.107027
0.0031923
0.00875348
0.00320804
0.00324193
0.00655318
0.0237642
0.0593274
0.0532843
0.0262182
0.0301375
0.0384756
0.0136376
0.00208341
0.0269551
0.00126257
0.00352514
0.0282554
0.0418831
0.0446761
0.0109436
0.00630846
0.00340267
0.0344775
0.0155173
0.0215434
0.00970523
0.0222454
0.00747992
0.0801479
0.0137162
0.0137432
0.0363056
0.0178176
0.0316241
0.02037
0.0401593
0.0517835
0.0172216
0.010641
0.00141706
0.00923102
0.0493815
0.00234131
0.00299009
0.00304619
0.0392771
0.129721
0.0477485
0.0281218
0.0249724
0.02901
0.0178533
0.0320657
0.0528319
0.0102005
0.0245526
0.00311941
0.0197871
0.0110353
0.0194204
0.0248881
0.0502892
0.0213519
0.0355618
0.0118247
0.024219
0.00862805
0.0237149
0.00794936
0.0138634
0.0112439
0.0264714
0.0238276
0.0183216
0.0715665
0.0918849
0.0215222
0.00826463
0.030358
0.0126502
0.0035466
0.0255173
0.0224224
0.0253414
0.00846016
0.00927113
0.0133228
0.010586
0.00945366
0.0764183
0.0169356
0.0328975
0.0247098
0.016225
0.00755829
0.00588326
0.0230121
0.00857616
0.00136404
0.0370715
0.0363087
0.064577
0.0559459
0.0233345
0.0111388
0.0166677
0.0072372
0.0288342
0.00846335
0.111047
0.0193229
0.000696181
0.089714
0.0027029
0.0199253
0.00948368
0.0102978
0.0199928
0.00231817
0.0119593
0.0190951
0.0133656
0.00172848
0.0215533
0.108795
0.0717955
0.014882
0.0300976
0.00869371
0.0244767
0.0138168
0.0561648
0.0322663
0.0131179
0.0111625
0.0389976
0.0518004
0.0255332
0.0257682
0.00493549
0.0554181
0.00443637
0.00971427
0.0181544
0.0222795
0.0244669
0.0137943
0.0363386
0.0325299
0.0154075
0.0487529
0.000989378
0.0287995
0.011103
0.0229047
0.0351324
0.168264
0.00914052
0.0128083
0.00995257
0.0179216
0.00333657
0.0165471
0.0354076
0.00192871
0.00957485
0.0319384
0.0276059
0.118079
0.0357219
0.0238646
0.017996
0.0409726
0.0145939
0.00737851
0.014291
0.0198888
0.0268842
0.0272617
0.0463572
0.0115272
0.00305033
0.15306
0.00179463
0.013408
0.0377311
0.0292124
0.045547
0.00691806
0.0142289
0.0200527
0.0130164
0.0137054
0.0183655
0.0127606
0.0439257
0.0460921
0.0319006
0.0373557
0.0308088
0.085649
0.0092564
0.0756583
0.0389062
0.0319836
0.0137159
0.0464155
0.0315652
0.0165952
0.0176128
0.063521
0.0254724
0.0355995
0.0212465
0.0187418
0.0427092
0.0117935
0.0433263
0.0442532
0.0114914
0.00776841
0.0451639
0.000852234
0.00121397
0.0377503
0.0153315
0.00664389
0.0466467
0.0630173
0.0209925
0.00824565
0.037518
0.0241563
0.0132795
0.129653
0.042076
0.0129793
0.0358918
0.00294939
0.0543149
0.0022432
0.00992352
0.0261436
0.00394923
0.0656033
0.0524407
0.0125157
0.0197949
0.0146565
0.0380471
0.0151485
0.0335901
0.0488692
0.0220173
0.0938851
0.00224701
0.00290264
0.0160668
0.0660483
0.00756443
0.0478903
0.157435
0.0443869
0.00832387
0.00942249
0.0231168
0.0208538
0.0141884
0.092268
0.0287914
0.0107127
0.0233056
0.026118
0.0218403
0.025261
0.017841
0.0273702
0.0059325
0.0401239
0.00590741
0.0103325
0.0123232
0.0483058
0.0140923
0.0348735
0.0096316
0.0126892
0.0274241
0.0131306
0.0560761
0.0323324
0.0299249
0.0031548
0.00557352
0.0223206
0.0111873
0.0167726
0.0245279
0.00802443
0.00692359
0.00792754
0.0290487
0.0493861
0.0165334
0.0506667
0.0111673
0.0350303
0.0734311
0.0108552
0.0137745
0.159063
0.0434462
0.0315489
0.0346488
0.0181881
0.0129929
0.013793
0.0163211
0.026697
0.043672
0.010246
0.0223492
0.0173795
0.0343607
0.000889607
0.0205084
0.047051
0.0061454
0.0291358
0.0241229
0.0198961
0.0881134
0.0292553
0.0027057
0.0833085
0.0200418
0.0238297
0.0361481
0.0525539
0.0433492
0.00336974
0.0370207
0.082785
0.0154411
0.0104344
0.00702049
0.0338936
0.0125454
0.0301204
0.0512172
0.0220245
0.0992334
0.0335235
0.0387198
0.00238011
0.0539194
0.0306811
0.00925514
0.00798562
0.0209159
0.00133614
0.0392309
0.0380548
0.0258982
0.0411312
0.0105264
0.0161228
0.0263313
0.0564634
0.00105346
0.0044229
0.00962564
0.0426396
0.120783
0.00824771
0.046443
0.0209745
0.0251555
0.0869567
0.0116694
0.034029
0.032254
0.0951953
0.0248622
0.0128719
0.0108567
0.0752131
0.0598754
0.0011037
0.0131586
0.0359516
0.0197671
0.0135501
0.0241833
0.0114862
0.0168481
0.0491436
0.00607838
0.0129332
0.0470145
0.108785
0.00634659
0.0279325
0.0559752
0.0173886
0.0124412
0.0510975
0.0391576
0.0163346
0.0858608
0.00936261
0.00728746
0.0471905
0.00497398
0.0194673
0.00761229
0.0138667
0.0262227
0.016837
0.0526057
0.0196725
0.00953583
0.0317497
0.0107002
0.0126587
0.0259857
0.0108916
0.0221264
0.0115607
0.00927043
0.0189991
0.0126536
0.0230951
0.0376973
0.0195999
0.0397923
0.0173347
0.0318092
0.00432437
0.0536797
0.0163503
0.0582147
0.0150722
0.0663439
0.0707318
0.0415102
0.0239
0.0115478
0.0388461
0.00780793
0.0217253
0.0489752
0.00498311
0.0227846
0.0591651
0.0161385
0.160649
0.0500134
0.0574024
0.0233838
0.0167414
0.0108383
0.00258183
0.00407294
0.0847578
0.0419725
0.0746149
0.0100592
0.0111154
0.0112356
0.0594562
0.0212206
0.0450083
0.000408691
0.0472668
0.0366841
0.0398718
0.0122206
0.111058
0.00991575
0.0409798
0.00192133
0.0119279
0.0394709
0.0241543
0.00333169
0.00788948
0.027165
0.00537638
0.0138003
0.000841436
0.011814
0.0395158
0.0369376
0.0383069
0.0226172
0.0128554
0.0227336
0.0254614
0.0728748
0.00254676
0.0189477
0.0278449
0.0243067
0.0121613
0.00251546
0.00138714
0.0482168
0.038852
0.0760484
0.0707697
0.0857341
0.0362362
0.00783666
0.0163839
0.0695588
0.00260334
0.118407
0.0131283
0.05982
0.038185
0.0224723
0.0580251
0.0548101
0.00824389
0.0154111
0.00632795
0.0249772
0.0281452
0.0399737
0.0409607
0.0325868
0.0180499
0.0164052
0.0121852
0.0159394
0.00310498
0.0103129
0.0133216
0.0376376
0.0130213
0.0633118
0.0201153
0.00146836
0.0228592
0.00691278
0.00654993
0.00606768
0.0195713
0.00386131
0.0966279
0.019557
0.0271736
0.116665
0.0402156
0.0794554
0.0296555
0.0254255
0.0476898
0.0157414
0.0313223
0.0181205
0.0214547
0.0300725
0.00637171
0.0425209
0.0156259
0.0104024
0.0021047
0.00723654
0.00330474
0.0655928
0.0686416
0.0469341
0.0102756
0.0108737
0.00142962
0.0270348
0.0409502
0.00247266
0.0268067
0.0775362
0.033083
0.0256175
0.00222895
0.00526673
0.0200998
0.0282759
0.0234615
0.00122296
0.0200469
0.0163795
0.0146964
0.01369
0.00347291
0.0138917
0.00127833
0.00649265
0.0256725
0.0160327
0.0164008
0.00662076
0.0181213
0.0482871
0.00602831
0.0108844
0.0295736
0.0320186
0.0356018
0.0667675
0.0135982
0.0153758
0.0160561
0.0599287
0.044924
0.0180132
0.0165709
0.00718567
0.0161796
0.0161369
0.01504
0.032275
0.0176029
0.00693891
0.0805272
0.00288874
0.0216808
0.000754598
0.0250453
0.0347885
0.0250368
0.0164544
0.00697158
0.0175346
0.0186554
0.0400752
0.0368858
0.0301511
0.03652
0.0668988
0.0323237
0.0206305
0.0111577
0.0115743
0.0674063
0.02618
0.0178848
0.0131791
0.0061277
0.00706777
0.0971934
0.0142375
0.0310048
0.0178386
0.0609738
0.0308735
0.00753232
0.0309868
0.0266834
0.0198187
0.0106086
0.0141329
0.0252662
0.0129517
0.0787545
0.0325603
0.0229988
0.0524282
0.0184142
0.00308885
0.0181007
0.0748624
0.0459186
0.0188382
0.0728923
0.0368074
0.00355698
0.0312635
0.00521461
0.0229925
0.0228527
0.0228231
0.0145472
0.0331055
0.0235554
0.11393
0.0133623
0.0378518
0.000751575
0.0220287
0.0103917
0.0217291
0.0346879
0.00646284
0.0100316
0.0234684
0.0445021
0.0232695
0.026314
0.0627009
0.0569151
0.0323429
0.00145081
0.0246977
0.0307771
0.00929146
0.013764
0.0481785
0.0249868
0.0135926
0.00693769
0.0189049
0.0247298
0.0145706
0.0187555
0.0152357
0.0161717
0.0334389
0.0272309
0.0937199
0.0556909
0.0552942
0.0171846
0.0163581
0.0485115
0.00699093
0.0105003
0.0951051
0.0164987
0.0304953
0.0201317
0.0154088
0.00877251
0.00446374
0.065546
0.0386426
0.0228163
0.0327477
0.121722
0.0092349
0.0062505
0.0256008
0.00646378
0.0132478
0.00164426
0.012367
0.0205605
0.0713055
0.0354901
0.0699073
0.0212069
0.0215288
0.00545498
0.0379276
0.0071123
0.0143234
0.0478491
0.0125423
0.014507
0.0311615
0.011777
0.00410124
0.0167206
0.00890815
0.0128093
0.0112821
0.0387427
0.0301558
0.00359669
0.0470351
0.00329381
0.00316122
0.00888195
0.016976
0.0343131
0.0162586
0.0106564
0.0452601
0.0646891
0.0344562
0.0108301
0.0468909
0.0652469
0.0172348
0.00220435
0.00143107
0.0599744
0.0118477
0.00492837
0.0276166
0.00309429
0.0370637
0.0638603
0.00252448
0.00252439
0.005798
0.0125345
0.0220686
0.0108388
0.0412566
0.0180279
0.0122154
0.0177896
0.0311873
0.0054532
0.000988767
0.0218325
0.0308097
0.0859415
0.00563826
0.0514343
0.0186432
0.00447501
0.0092495
0.0248719
0.0122361
0.00634895
0.0554902
0.00861414
0.120137
0.0236614
0.0208315
0.0111587
0.0204206
0.0157176
0.00644962
0.0388404
0.0142307
0.000828549
0.0147871
0.0304643
0.030967
0.0181256
0.0491853
0.0484842
0.0290324
0.0316536
0.0734519
0.00303016
0.0162756
0.0103575
0.0367793
0.0204076
0.0158469
0.0642775
0.0367335
0.0288271
0.0479649
0.0340318
0.0164664
0.0181859
0.0227324
0.0208807
0.0525296
0.148382
0.0190351
0.00187447
0.018589
0.00190583
0.0109992
0.011056
0.0262098
0.013166
0.00821757
0.00855129
