0.00693894
0.241567
0.0629107
0.00860665
0.0469819
0.000908734
0.0530093
0.0116124
0.0495101
0.0450819
0.00211666
0.0044206
0.0103941
0.0121506
0.0091827
0.0232831
0.00611968
0.0589833
0.0124595
0.0714347
0.0307344
0.0239354
0.0293252
0.0281365
0.00726383
0.0371571
0.00524829
0.00821087
0.064979
0.0108417
0.0392028
0.00614175
0.00984563
0.0103926
0.000627738
0.00124866
0.0094114
0.131822
0.00691215
0.0226583
0.0108875
0.0281945
0.018351
0.0114359
0.0203826
0.0127204
0.00912623
0.00947146
0.0143189
0.0301006
0.0182035
0.0309258
0.00755743
0.0184423
0.0105525
0.0104904
0.00994431
0.00491909
0.00346213
0.108135
0.0383136
0.00307276
0.0186034
0.00446001
0.0632223
0.0106447
0.0155526
0.221789
0.0197072
0.0817938
0.0287556
0.00328861
0.00230231
0.00446026
0.0337754
0.0296213
0.00546901
0.00618355
0.000681304
0.00932694
0.0428922
0.0207788
0.00874932
0.00315713
0.00112223
0.00302738
0.0257359
0.0223575
0.137332
0.0179558
0.00546488
0.0116328
0.00770411
0.0723513
0.0287218
0.0180439
0.00561527
0.0382989
0.0134038
0.0106494
0.0339049
0.0117114
0.0306015
0.0496309
0.019981
0.00781555
0.0225838
0.0284764
0.0242991
0.00714868
0.00428211
0.00849571
0.00156735
0.00556838
0.0373639
0.0216343
0.011278
0.018602
0.000953009
0.00130852
0.0189022
0.00184645
0.106184
0.000910614
0.00626561
0.0184452
0.00955194
0.0229323
0.00489635
0.00969804
0.0046029
0.0119821
0.00799212
0.0103011
0.00315752
0.00136439
0.00764334
0.0179326
0.0126133
0.00657309
0.0096903
0.032581
0.0201602
0.0789985
0.150062
0.0104276
0.00899079
0.0219849
0.0705641
0.0198868
0.00708806
0.000856395
0.00940066
0.00236731
0.00836578
0.0141074
0.00731838
0.00463274
0.027796
0.017563
0.00976953
0.0101514
0.0295697
0.049881
0.00623167
0.00458793
0.0212558
0.00985129
0.0121759
0.00973887
0.0179628
0.0171309
0.011108
0.0396901
0.0298436
0.0187754
0.00324698
0.0117909
0.00322142
0.000986058
0.0394488
0.0311797
0.0132997
0.0120441
0.0139409
0.00770626
0.0106352
0.124633
0.00970833
0.0298389
0.00366586
0.0035525
0.0343835
0.0174755
0.039385
0.00141962
0.00836777
0.00123702
0.00459265
0.0169781
0.00772783
0.0290817
0.00649206
0.0168046
0.041041
0.00868321
0.00783646
0.0176738
0.00194196
0.0333199
0.0261597
0.0339689
0.0100678
0.00718754
0.000183105
0.0277473
0.0121316
0.00172153
0.0129924
0.023019
0.0143682
0.0102621
0.013109
0.00930958
0.00935455
0.00557633
0.0152025
0.00527921
0.0266148
0.0384812
0.044264
0.00175652
0.00896914
0.0221986
0.0365088
0.0101274
0.00790019
0.0196864
0.0434607
0.0017604
0.142336
0.0449958
0.0566103
0.00140944
0.0170956
0.0127927
0.00585602
0.0176865
0.0353735
0.0115766
0.00339875
0.0342453
0.011479
0.00592477
0.010536
0.00946945
0.0121296
0.0159836
0.0380538
0.00369633
0.00825579
0.0230079
0.00223642
0.014651
0.0130116
0.0196753
0.0209437
0.00917586
0.0110873
0.0235936
0.029816
0.00269414
0.0158434
0.000290478
0.000615204
0.0269314
0.00267525
0.00164057
0.00874506
0.00395667
0.0153943
0.0244289
0.0090814
0.00703592
0.00985398
0.00626483
0.0343163
0.0330561
0.0160122
0.0158994
0.00951245
0.00229615
0.0101221
0.0216623
0.0105937
0.0230437
0.031074
0.0153527
0.0375654
0.0423739
0.0240529
0.0731095
0.010254
0.0180009
0.0219875
0.0308702
0.00878959
0.000765643
0.023117
0.0119761
0.0265068
0.00142263
0.0548007
0.0468258
0.0026402
0.0996182
0.00981331
0.018559
0.0746494
0.020967
0.00999576
0.0017029
0.00822002
0.0110879
0.0131489
0.00145843
0.0144985
0.000386795
0.00559724
0.0158892
0.0379614
0.00978963
0.00750752
0.0113362
0.00237932
0.0313501
0.00390873
0.0132572
0.00805401
0.0128314
0.00406469
0.040471
0.0384067
0.00869566
0.176507
0.00528245
0.0297574
0.0128053
0.0507475
0.011425
0.000327303
0.00375751
0.00184113
0.0199456
0.00456487
0.0301889
0.0109208
0.0166245
0.0143514
0.0488296
0.189918
0.0143585
0.0329596
0.0105661
0.0257534
0.00828122
0.00437793
0.034835
0.0174896
0.0141429
0.0730167
0.00173921
0.00562984
0.0204463
0.0644142
0.00504044
0.000279258
0.00314779
0.0225126
0.083506
0.0682663
0.0420181
0.00917736
0.00176946
0.00242037
0.0108253
0.0155311
0.0296462
0.0152044
0.0100878
0.0742482
0.0505875
0.0300023
0.0163184
0.070043
0.0448961
0.0107245
0.0353988
0.00253733
0.0314124
0.0837929
0.0101882
0.0633617
0.00987258
0.0196352
0.0285547
0.03201
0.00926286
0.00321254
0.00975618
0.0129334
0.000959512
0.010049
0.066803
0.009262
0.00738239
0.0358533
0.0168172
0.00585372
0.010201
0.0641131
0.0162006
0.0950298
0.0124328
0.0154247
0.0638833
0.00123838
0.00962284
0.0224184
0.00546941
0.00645696
0.034218
0.0273089
0.0117129
0.0431102
0.0140289
0.0174885
0.0292385
0.00548424
0.00979008
0.0178745
0.0155839
0.0102587
0.0242338
0.00885071
0.0283506
0.00852044
0.00551932
0.0633307
0.00478068
0.0145692
0.0174839
0.0133956
0.00509457
0.063549
0.0112652
0.0241944
0.0151264
0.0064161
0.16718
0.0231724
0.00853956
0.0249778
0.0345451
0.00575655
0.168833
0.00426497
0.0683824
0.0136804
0.0376013
0.00951349
0.0291205
0.00371291
0.00534233
0.00401643
0.00668627
0.00632856
0.00980031
0.000819344
0.00304714
0.00497296
0.0504675
0.00925477
0.0441887
0.0799574
0.0337466
0.0280254
0.0196995
0.00741561
0.0366412
0.0283149
0.0644279
0.00061752
0.00702001
0.0220443
0.0384457
0.0119136
0.0257696
0.0599351
0.0125037
0.00734875
0.0114707
0.00744415
0.00733615
0.0119504
0.00267146
0.0161404
0.022874
0.0121474
0.000920336
0.00453446
0.0124396
0.0217607
0.0158124
0.000907185
0.0163665
0.0141038
0.0013962
0.000780385
0.00903802
0.114164
0.00803949
0.0248907
0.0136255
0.015016
0.00445482
0.0691984
0.00602963
0.0143462
0.0204278
0.00489904
0.00180394
0.0500218
0.0142938
0.0225856
0.0139205
0.0336385
0.0116246
0.0239386
0.0562019
0.0184945
0.00984936
0.0162248
0.00719579
0.036386
0.00282736
0.0199774
0.00310216
0.00597275
0.00790639
0.0336345
0.00690872
0.0375753
0.0158894
0.0086936
0.0341774
0.0380073
0.00901925
0.0071799
0.0182795
0.000820448
0.03921
0.00791055
0.0217589
0.0250934
0.0111903
0.0624058
0.005432
0.00569595
0.0476546
0.0100279
0.00647129
0.0664152
0.0108944
0.00488013
0.0301161
0.0160783
0.0288868
0.0137445
0.00889302
0.00826188
0.0115854
0.00851228
0.0129269
0.00180297
0.036906
0.0718164
0.00761328
0.0148833
0.00829062
0.0677341
0.00358382
0.0295586
0.00556213
0.00720019
0.0222761
0.00179076
0.00753736
0.0427433
0.000601644
0.0220776
0.0328089
0.0305793
0.0106947
0.0132618
0.00117801
0.0276472
0.00268193
0.00231675
0.0127085
0.0181081
0.0287178
0.0105565
0.00379463
0.0309588
0.00648018
0.00679592
0.03196
0.00973351
0.00476902
0.0257181
0.00321635
0.043602
0.020034
0.0233265
0.0291647
0.0324639
0.0167623
0.0167172
0.00150074
0.0121418
0.0112463
0.0264673
0.0283592
0.022177
0.0194886
0.0583863
0.0177482
0.0148902
0.041495
0.029406
0.01574
0.0131641
0.00514799
0.0133875
0.00202377
0.0255888
0.0204832
0.0290268
0.022226
0.0116812
0.12905
0.0983101
0.001782
0.0073601
0.00183146
0.00385522
0.00699092
0.0153134
0.152656
0.0569173
0.0145222
0.00478378
0.0139784
0.000809285
0.0145851
0.0605294
0.0226163
0.00591098
0.0110277
0.00518579
0.0102342
0.0327719
0.01003
0.0164167
0.10682
0.17834
0.0336916
0.00483218
0.00732218
0.0117311
0.0516387
0.00686708
0.0854379
0.0119488
0.0199427
0.00350809
0.0864806
0.0133612
0.000516413
0.0274171
0.01977
0.0161906
0.0238
0.00202772
0.00929599
0.00102852
0.00282045
0.000643505
0.0617738
0.0123202
0.00948667
0.013117
0.0150293
0.011084
0.0212272
0.00243118
0.00615459
0.0111236
0.00332833
0.0141153
0.0115771
0.00139139
0.00582015
0.010642
0.0111012
0.00781122
0.00757593
0.00922448
0.0718173
0.00624225
0.00574265
0.000582018
0.00467174
0.00353496
0.0150089
0.0561131
0.0100052
0.019173
0.123092
0.00997324
0.0157841
0.00820099
0.00230362
0.0775501
0.0203506
0.0353974
0.00582537
0.0278398
0.0199616
0.035009
0.0197704
0.0114374
0.0148086
0.0194439
0.0144182
0.0370014
0.0316987
0.001357
0.0206753
0.0246825
0.0282058
0.0281575
0.00944777
0.044564
0.00514757
0.0672599
0.00835131
0.0259796
0.00697899
0.0127397
0.0116943
0.0231865
0.0326148
0.0120593
0.0137342
0.0681252
0.0520161
0.0605664
0.0104792
0.0173015
0.000492828
0.000286685
0.0340901
0.00745492
0.0605752
0.00991708
0.0101631
0.0040103
0.0268824
0.0162582
0.00249243
0.00362271
0.00101967
0.00113881
0.0228605
0.0242428
0.035466
0.00908598
0.0066241
0.0122396
0.00064801
0.00394382
0.0096942
0.0272123
0.0222145
0.0135566
0.00632756
0.0335602
0.00594917
0.0243917
0.0133794
0.00659369
0.0213791
0.0107204
0.00432369
0.00265362
0.0378279
0.00533387
0.00975744
0.00396381
0.0211675
0.0353787
0.00486384
0.0432732
0.0170089
0.0327749
0.0173185
0.0136117
0.0202997
0.0417249
0.0254077
0.0181894
0.0361583
0.0833129
0.00114672
0.0210855
0.0131247
0.0461856
0.00522978
0.00751662
0.0375851
0.0197926
0.0163209
0.0185832
0.0980049
0.00520603
0.0134637
0.0144481
0.0442297
0.0498578
0.0420068
0.00894898
0.0309839
0.0158257
0.0103058
0.00352767
0.0539599
0.0180212
0.0107934
0.00559808
0.00552817
0.00892916
0.0202166
0.00952512
0.0306439
0.0185739
0.00524142
0.00643563
0.00602844
0.0562534
0.0373875
0.0134882
0.0113039
0.0102952
0.0378892
0.0113153
0.014856
0.0323517
0.0146224
0.0509744
0.0064
0.0120479
0.0376171
0.0101196
0.00398576
0.0126867
0.0382075
0.0282015
0.00701071
0.0623188
0.00333728
0.0809681
0.0140638
0.0717363
0.0307922
0.0130467
0.0126375
0.0136115
0.0112255
0.0124062
0.0212693
0.0190902
0.00475975
0.0138299
0.00618772
0.0134959
0.00105542
0.00400746
0.00966596
0.0113957
0.0040525
0.00532669
0.151782
0.0828827
0.0252792
0.00214657
0.0067138
0.00899897
0.00732371
0.00243105
0.000928173
0.0103898
0.0330175
0.0784162
0.00929144
0.0209611
0.000823483
0.0144142
0.00468986
0.0168369
0.0172774
0.0350403
0.00751493
0.0126918
0.00788354
0.0182681
0.0198604
0.0161103
0.0017848
0.00616583
0.0109891
0.00388341
0.0081075
0.00627272
0.011222
0.0242249
0.0335785
0.00120416
0.00521847
0.0134697
0.0264396
0.00489036
0.0386495
0.00785621
0.00882809
0.00300015
0.0268901
0.0720975
0.00980308
0.00760796
0.0311378
0.0346866
0.0122136
0.00567717
0.0076826
0.00699518
0.0223273
0.00141238
0.0162959
0.0310954
0.0129417
0.0149429
0.0174707
0.00674006
0.00156845
0.0206981
0.0108788
0.062476
0.00843157
0.00198358
0.00249922
0.000446658
0.0209078
0.000940954
0.0103062
0.00100603
0.0436955
0.0640371
0.0242867
0.00874504
0.0275293
0.00967741
0.120812
0.0110922
0.0160094
0.0194422
0.00501394
0.0326481
0.00125514
0.00595003
0.029674
0.00683195
0.0198883
0.00893378
0.00887538
0.0241921
0.0282698
0.00796871
0.0191872
0.0490038
0.0235349
0.0440292
0.0068633
0.00697191
0.0350402
0.0058873
0.0196868
0.0243956
0.0507687
0.0125211
0.00873573
0.0064186
0.0107503
0.00905097
0.0339131
0.0474597
0.108512
0.001875
0.0199863
0.026113
0.010418
0.00763976
0.0754291
0.0334359
0.011965
0.000522241
0.000808483
0.0146713
0.00890942
0.0395756
0.030896
0.00937974
0.00370636
0.0210224
0.0497771
0.0103552
0.00815421
0.0184157
0.0108982
0.00811282
0.0166939
0.0184277
0.00702652
0.0112548
0.0034757
0.0142612
0.007791
0.00821212
0.178486
0.0115083
0.00370255
0.16002
0.00315013
0.0134153
0.00442981
0.0148006
0.00103692
0.037255
0.0176985
0.0136948
0.0459816
0.00872701
0.201283
0.0144167
0.0223665
0.0401621
0.0110437
0.00713464
0.0467807
0.0168059
0.0586545
0.0074854
0.0165215
0.0807526
0.0113624
0.0269366
0.0645512
0.0198747
0.000277842
0.0527163
0.0535987
0.0185353
0.00288271
0.0273848
0.022949
0.105819
0.00458463
0.00366768
0.001033
0.0175602
0.0168718
0.0187342
0.0229357
0.0116372
0.014185
0.0653761
0.0412643
0.0269169
0.00675948
0.0492247
0.0363378
0.00894979
0.0123813
0.0290107
0.0191046
0.00563992
0.0329741
0.00639024
0.0359104
0.0010816
0.00782912
0.181704
0.00940961
0.00628317
0.00219468
0.144819
0.0167499
0.12492
0.0350875
0.0867043
0.0183881
0.0119497
0.133809
0.0481561
0.00305623
0.0060442
0.0184375
0.00158324
0.00526328
0.00332824
0.0115812
0.0391836
0.0143238
0.0102409
0.000550249
0.0213067
0.0296187
0.0186842
0.0689985
0.0030983
0.00146824
0.0215989
0.00484437
0.0132461
0.0073259
0.00387371
0.0106222
0.0206606
0.00159943
0.0210204
0.00484469
0.00635173
0.00799909
0.0154942
0.00740368
0.0360846
0.0175859
0.00124513
0.00694957
0.0119533
0.0484843
0.0153369
0.0483772
0.00659059
0.0196353
0.0097296
0.00066748
0.0141684
0.00944673
0.00625658
0.0246978
0.000913367
0.0054669
0.0449631
0.0139113
0.0372884
0.0453176
0.0509566
0.00125962
0.00942221
0.0850077
0.0152518
0.0160167
0.0100717
0.0106634
0.0642896
0.0011897
0.00915255
0.00123402
0.00784095
0.00493496
0.00903416
0.0124495
0.00643728
0.0249631
0.00162042
0.00471005
0.0195647
0.0217981
0.00427226
0.00353562
0.0068719
0.00995408
0.0428473
0.00904534
0.00584799
0.00289463
0.00538219
0.0372752
0.0143025
0.0239459
0.016399
0.0146887
0.00413808
0.0145786
0.0552229
0.0188095
0.00115596
0.0178034
0.013381
0.00470209
0.0068097
0.000718947
0.017919
0.0341285
0.0104574
0.0180698
0.0280658
0.0485511
0.00793653
0.044587
0.013289
0.0330194
0.0120116
0.0100823
0.0428239
0.0257648
0.0285245
0.00466234
0.0497556
0.0208081
0.0251501
0.0305679
0.0176148
0.0518751
0.0643789
0.0544435
0.00980932
0.00666624
0.0192974
0.00677377
0.0108857
0.0150246
0.00213682
0.032969
0.0624265
0.000680436
0.0251652
0.0187749
0.00116937
0.000509108
0.00844391
0.0211595
0.00134597
0.000910351
0.189598
0.00542734
0.0041409
0.111389
0.0199063
0.0257002
0.000823705
0.028494
0.100989
0.000742505
0.0110639
0.0173528
0.00189886
0.00725825
0.0263348
0.00843521
0.0808885
0.0073084
0.0680106
0.0231115
0.0163299
0.000737565
0.0115764
0.00628016
0.0122445
0.0979988
0.00893865
0.0034129
0.00102733
0.00923521
0.0148065
0.0165919
0.0124273
0.00905667
0.0410646
0.0147199
0.0931648
0.0675574
0.0408516
0.0425894
0.0236858
0.0555457
0.0163335
0.00120121
0.0121655
0.017995
0.0139428
0.00782001
0.0736028
0.163565
0.00198514
0.00837953
0.0536822
0.0444922
0.0134558
0.0152949
0.0220634
0.00165648
0.0171772
0.00629992
0.0077958
0.0210205
0.00749492
0.0489098
0.00658533
0.0450557
0.0236134
0.00188799
0.00405627
0.025766
0.00939037
0.0226295
0.0319929
0.0108959
0.00213628
0.00210342
0.00930585
0.000699546
0.019234
0.00565432
0.0730903
0.0556126
0.00355543
0.00585788
0.0168965
0.0109428
0.00523892
0.00535995
0.0278192
0.0194694
0.0023026
0.0170582
0.00902606
0.0450609
0.00849143
0.00968482
0.00260466
0.0471271
0.00410685
0.00190948
0.026108
0.000431166
0.0226517
0.00838136
0.000335688
0.054091
0.0181417
0.0291969
0.00357475
0.213785
0.0177193
0.0640034
0.00314698
0.11536
0.0651694
0.011708
0.0172096
0.0181284
0.00290011
0.0626966
0.0565512
0.0255882
0.00414208
0.0132497
0.00990669
0.0459542
0.00994473
0.00336376
0.027564
0.00742549
0.008746
0.00426191
0.00215277
0.017811
0.00550451
0.0186413
0.0221579
0.014108
0.0243582
0.0538456
0.00774237
0.0390722
0.0517838
0.00537601
0.00791705
0.0273041
0.0114219
0.00622248
0.017522
0.00540747
0.0120503
0.0100307
0.0103913
0.00483677
0.0129029
0.0242541
0.023607
0.0194194
0.00592093
0.00917165
0.00575014
0.00263414
0.0434738
0.00956332
0.0108306
0.039504
0.0166355
0.0135236
0.00669232
0.00749921
0.0012526
0.0053953
0.00241359
0.00762971
0.0108676
0.0438844
0.0735602
0.0607277
0.018689
0.000885976
0.0971975
0.0612256
0.00657437
0.00581647
0.0132813
0.00415118
0.00335579
0.00941664
0.0161363
0.0481426
0.00861408
0.0170135
0.0131913
0.0618607
0.0126617
0.00843001
0.0630592
0.0152333
0.0295126
0.000789687
0.00136369
0.0118343
0.00900703
0.0302959
0.0401485
0.0136749
0.00464553
0.00429429
0.0128136
0.0127634
0.0240083
0.0249669
0.0181848
0.0143531
0.0518331
0.0226308
0.0102574
0.0377078
0.00554835
0.0116286
0.010685
0.0131001
0.024437
0.0141568
0.0245715
0.0640702
0.00376317
0.0204587
0.00956411
0.00260713
0.00292903
0.000834971
0.00597583
0.0978659
0.00737002
0.00211986
0.0190192
0.0242408
0.0466214
0.0092471
0.0203326
0.080264
0.0240188
0.00353618
0.0878167
0.00523196
0.00143164
0.0093046
0.0246987
0.0711341
0.0085474
0.010205
0.0505825
0.00389308
0.00151054
0.00216532
0.00582596
0.055423
0.00189584
0.0219952
0.0758896
0.0317549
0.00125161
0.195998
0.0156132
0.0501261
0.00980252
0.012947
0.0184586
0.0151195
0.0237601
0.0025176
0.0125013
0.019047
0.00565635
0.0537882
0.00870119
0.0252164
0.19713
0.0170836
0.00600876
0.0203325
0.00325464
0.00342532
0.00307363
0.0208388
0.0178326
0.0252848
0.00496201
0.0182995
0.0254059
0.0199192
0.021731
0.0106764
0.0200245
0.00284168
0.0273778
0.00857697
0.0325835
0.016457
0.038781
0.0225158
0.172012
0.00186949
0.0201041
0.0550517
0.00361937
0.0300729
0.0291733
0.0161615
0.032283
0.0129841
0.0105501
0.0155377
0.0167218
0.00529876
0.0145793
0.015549
0.0179474
0.00308202
0.0242618
0.0145834
0.0132694
0.0522629
0.0317574
0.0322118
0.00528673
0.00392017
0.0115376
0.00113223
0.00960895
0.00748303
0.00411005
0.0108096
0.0115046
0.0167623
0.00613063
0.0193277
0.0182061
0.0252746
0.00650481
0.00186976
0.02998
0.052147
0.0187966
0.0350335
0.00144494
0.0409865
0.00557677
0.020963
0.0164074
0.00393432
0.00087349
0.0570342
0.0023592
0.059075
0.0510456
0.0172294
0.00412808
0.0692274
0.0149435
0.0617139
0.00815083
0.013168
0.0626715
0.0114438
0.00545178
0.0183394
0.0946879
0.0220137
0.0371858
0.0263713
0.0119929
0.0446671
0.00255657
0.0119366
0.0187647
0.0119844
0.0391884
0.00395522
0.00230515
0.0282101
0.0206167
0.00747305
0.00490611
0.0123748
0.022065
0.0032865
0.0465853
0.0118858
0.00372123
0.00559006
0.0429792
0.0106985
0.00869718
0.00715755
0.0232442
0.0145247
0.0133201
0.0385787
0.0230171
0.0143229
0.00659146
0.0248043
0.00976463
0.0806609
0.0296973
0.00190864
0.0253892
0.058789
0.00664971
0.00421388
0.00329445
0.0134832
0.0194843
0.0379451
0.0404055
0.00952912
0.0330215
0.00603346
0.000580427
0.0149855
0.00616772
0.0021069
0.00222036
0.0104818
0.052246
0.00981319
0.0119203
0.0179942
0.00490207
0.0790354
0.00768935
0.00129376
0.0386959
0.00418496
0.0003922
0.0902984
0.00352494
0.00709774
0.0586406
0.0674945
0.0541471
0.00498538
0.00832896
0.00653316
0.0168673
0.0339169
0.00796467
0.0535392
0.000377529
0.00425858
0.00854603
0.00635941
0.0367491
0.0103136
0.00169189
0.0141284
0.101863
0.00686131
0.010352
0.00510146
0.00196481
0.00980422
0.0881546
0.0031847
0.0104139
0.0103144
0.00574514
0.0512089
0.0176466
0.030034
0.0415371
0.00130727
0.016612
0.00934083
0.0087694
0.0195376
0.0105446
0.0173023
0.0176213
0.0426719
0.0317898
0.0158713
0.000693991
0.0148714
0.00324384
0.0248811
0.114511
0.029711
0.0357338
0.00611833
0.00997534
0.00333297
0.0315182
0.0113326
0.0371789
0.0129961
0.0378339
0.0014922
0.00681816
0.0111162
0.00106855
0.0134874
0.0131428
0.00957322
0.0132215
0.0134557
0.00714967
0.00523679
0.0112635
0.0103853
0.00312642
0.0397235
0.0496213
0.0382973
0.0175123
0.0632951
0.0158035
0.0129692
0.00601194
0.000706909
0.0125583
0.0228885
0.0121819
0.0390529
0.0109899
0.00470759
0.00682218
0.009597
0.0168216
0.0254849
0.00907662
0.00394462
0.00797538
0.00491457
0.0756622
0.0329719
0.0012727
0.0482817
0.00964941
0.0277949
0.0165107
0.00519662
0.00308723
0.0319036
0.0098653
0.0294719
0.0606548
0.00779142
0.029002
0.00181277
0.0220318
0.0216598
0.00876675
0.00982544
0.00852626
0.00913184
0.00383108
0.0299541
0.0024381
0.0125195
0.0229545
0.00494369
0.00295727
0.00753866
0.0228321
0.0192011
0.00603442
0.00160897
0.0144859
0.00992022
0.0242803
0.0349914
0.0111147
0.00968418
0.0100955
0.00694026
0.0409052
0.00225574
0.00622346
0.00708426
0.0717254
0.0115095
0.113255
0.0222527
0.0328658
0.00641032
0.0239728
0.00224774
0.00919267
0.0996454
0.0316683
0.0012026
0.00933076
0.0506951
0.00500744
0.00679315
0.0162687
0.0175766
0.0185966
0.0653723
0.0618284
0.00666032
0.0085244
0.0679754
0.0164578
0.00742587
0.09254
0.0103726
0.00396099
0.0065625
0.00137922
0.117803
0.00428069
0.057016
0.0167017
0.0592497
0.0494307
0.00935308
0.053795
0.010753
0.0667731
0.00870931
0.138459
0.011789
0.00161988
0.0869163
0.0279827
0.00548519
0.0204604
0.0935333
0.00198096
0.0179982
0.0468286
0.0290756
0.0362406
0.00961951
0.00424887
0.0170149
0.0189948
0.00736961
0.014106
0.0267851
0.00516486
0.0166749
0.0206411
0.0418294
0.0240685
0.00775294
0.0489517
0.0668441
0.0404732
0.0102305
0.00496091
0.0516253
0.00496022
0.00526742
0.00347267
0.00598359
0.0317434
0.0284739
0.00887958
0.00792774
0.00607415
0.0317952
0.00939095
0.0932304
0.00912814
0.000922927
0.00106297
0.00258831
0.0100738
0.0170477
0.0282763
0.0644886
0.00681678
0.163398
0.0108862
0.0100158
0.0272207
0.00347872
0.0357282
0.0174624
0.021683
0.000590376
0.0103643
0.00685317
0.00304587
0.00247496
0.00852946
0.010557
0.100816
0.00775901
0.0789315
0.00223101
0.00770499
0.140383
0.0019668
0.00832532
0.0691128
0.098256
0.0119881
0.01271
0.0317306
0.125353
0.00452261
0.00883423
0.0113308
0.00422781
0.0240631
0.00145487
0.0235444
0.0124849
0.00297316
0.0279664
0.0237982
0.0016464
0.0629768
0.00123291
0.0293926
0.00761477
0.0253249
0.00411198
0.0168168
0.0199854
0.00786941
0.00844353
0.00454034
0.0891197
0.0143055
0.0388556
0.0251052
0.0114068
0.00587753
0.0012485
0.0681846
0.00575227
0.0013193
0.0475218
0.0209712
0.0254168
0.0188296
0.00466945
0.0123408
0.0101849
0.154003
0.037598
0.000486313
0.0639397
0.018724
0.0281588
0.000709729
0.00941617
0.00353621
0.0171364
0.0324268
0.0264095
0.0101045
0.0246234
0.00531481
0.0645988
0.0108046
0.0295717
0.0279835
0.00927939
0.00075247
0.011188
0.00779348
0.0122021
0.0169437
0.0139208
0.00708058
0.0057098
0.00103483
0.0674161
0.0170735
0.0226524
0.053211
0.00957334
0.00629536
0.0201682
0.0103825
0.00202617
0.0143259
0.019044
0.00419812
0.0138762
0.022967
0.00461763
0.0107758
0.0993892
0.00928916
0.00629299
0.0160144
0.0124305
0.0106409
0.0014348
0.047912
0.0239631
0.0201109
0.0519846
0.0229108
0.0172632
0.000598989
0.000824636
0.0356335
0.0161341
0.0045165
0.00652219
0.00747684
0.0248065
0.0360005
0.0300972
0.0158371
0.0309283
0.0219001
0.00905859
0.00352187
0.00991185
0.0122111
0.0083594
0.0238236
0.0164795
0.00466704
0.0334785
0.00637804
0.00885085
0.00749235
0.00897925
0.00838545
0.0340411
0.0308278
0.00800358
0.0226534
0.00249766
0.0508886
0.0294016
0.00804232
0.0169938
0.00725463
0.00530624
0.0288975
0.0229885
0.00221321
0.00307057
0.0116016
0.00852951
0.0194713
0.0124383
0.00775006
0.0102989
0.0139166
0.00767535
0.000960713
0.0056245
0.0118163
0.0146819
0.0160978
0.016804
0.00134845
0.010991
0.0169188
0.00803819
0.0113239
0.0589311
0.0336079
0.0786095
0.011018
0.00941693
0.0336308
0.0264011
0.0109292
0.00801711
0.00447495
0.0547256
0.0103528
0.0165794
0.0468722
0.0165123
0.0665626
0.0106086
0.00164222
0.00489139
0.0598941
0.00661101
0.0145813
0.0228331
0.00610754
0.00749572
0.000643144
0.000772084
0.0131271
0.0168785
0.119884
0.131164
0.00994599
0.0104928
0.0216763
0.020831
0.0358041
0.0485907
0.00542028
0.00118351
0.00590269
0.00717329
0.00588076
0.0069935
0.047134
0.0171854
0.00169053
0.00355653
0.00400382
0.035472
0.00772719
0.00747851
0.0286922
0.0021019
0.0214683
0.0700274
0.0423061
0.0955583
0.00309831
0.0573797
0.0188922
0.0200665
0.0224896
0.00755121
0.0119264
0.0189358
0.0218578
0.0596526
0.0232926
0.00569466
0.0269339
0.00586799
0.0292748
0.00273218
0.00170927
0.0139882
0.0237061
0.0126662
0.0432876
0.0094422
0.0934566
0.00894524
0.00798992
0.00959761
0.029635
0.00977573
0.0122508
0.00348618
0.00882367
0.0034091
0.0180882
0.00982705
0.00759794
0.00178673
0.00325435
0.0154783
0.00690487
0.0172736
0.0121079
0.00400121
0.00371686
0.0409629
0.00248549
0.00824018
0.0289521
0.00537759
0.0376418
0.0288147
0.00564997
0.000350763
0.00930929
0.00312691
0.000579791
0.0329864
0.0148485
0.00212829
0.0109938
0.0124533
0.00312177
0.0316207
0.0178659
0.00957351
0.0670072
0.0165654
0.0372311
0.0400505
0.00626786
0.0171588
0.00379157
0.0438727
0.0133737
0.00921069
0.0157971
0.00364789
0.00904664
0.0479632
0.0145256
0.0402217
0.0161213
0.0155951
0.0208901
0.0158048
0.00355337
0.00478405
0.0500906
0.0209221
0.0203497
0.00196287
0.0114539
0.0155483
0.0405922
0.00900587
0.000850399
0.0166385
0.0204144
0.0296064
0.0015145
0.00864371
0.033802
0.0698032
0.000726054
0.0493321
0.00695369
0.0233769
0.00315427
0.00776072
0.0188689
0.00637128
0.010622
0.021118
0.00708806
0.0085846
0.0228495
0.00249375
0.00708633
0.00642863
0.0386873
0.019729
0.0234417
0.0182568
0.00431345
0.00575968
0.0222671
0.0114353
0.00923661
0.0058959
0.00437068
0.0112203
0.0115437
0.0164468
0.0687075
0.00848406
0.00758951
0.00337921
0.0244202
0.0443635
0.00265612
0.0186716
0.00527171
0.200597
0.022984
0.00373162
0.00539111
0.0084321
0.00566162
0.0222416
0.0287182
0.0767452
0.00984272
0.0132571
0.00166546
0.0422134
0.0073355
0.0675162
0.0315872
0.0162192
0.00501899
0.0065046
0.00559862
0.0021543
0.000977869
0.0115201
0.0169363
0.0132253
0.00382113
0.0048664
0.00520911
0.0809706
0.0105769
0.00609965
0.00549365
0.00544533
0.0179563
0.00734127
0.0187956
0.0916651
0.00795687
0.00842044
0.0132661
0.00056728
0.149937
0.0358762
0.0864191
0.0168982
0.0623922
0.017947
0.0279089
0.000907135
0.00878289
0.0108341
0.074374
0.0388562
0.0175732
0.218951
0.00878646
0.106203
0.0147864
0.00225752
0.0202498
0.00125991
0.0425352
0.019498
0.00651806
0.0467368
0.0051073
0.0200231
0.0592758
0.00280297
0.0503823
0.00947297
0.00703674
0.0153613
0.152413
0.00543527
0.0235569
0.0777562
0.0321229
0.0283575
0.0320043
0.00731709
0.00282298
0.0460513
0.00905397
0.0393014
0.00154279
0.00822256
0.00719947
0.0539606
0.134861
0.0225564
0.0212442
0.00563363
0.0268701
0.0119035
0.00142686
0.0113452
0.0394833
0.0129236
0.00146632
0.0166242
0.0121901
0.00268137
0.00518892
0.0048389
0.0208363
0.0128587
0.000927757
0.00238644
0.0257398
0.0129565
0.0262728
0.0244855
0.0203426
0.0105545
0.0103537
0.0030286
0.00574021
0.0245615
0.00250097
0.00633243
0.0363171
0.00784288
0.0171112
0.00510437
0.0293699
0.00603124
0.00492265
0.00488361
0.0216115
0.0345768
0.00771203
0.00400947
0.0241195
0.00945387
0.013402
0.0124464
0.0132503
0.00521675
0.137468
0.0145886
0.00439907
0.0284553
0.0057242
0.00698466
0.00447401
0.0117051
0.00875618
0.0504566
0.00229675
0.00886746
0.0158776
0.0185791
0.0688281
0.000838456
0.036324
0.00166088
0.0126766
0.014451
0.0221817
0.0417478
0.010071
0.0241475
0.0482798
0.0285813
0.0181253
0.00692819
0.0705202
0.0384755
0.0340788
0.0591547
0.00295535
0.0631106
0.00969071
0.0367355
0.00540799
0.00561582
0.00280169
0.0163551
0.100505
0.0109004
0.0119705
0.00900726
0.00486357
0.00407242
0.00157086
0.0193038
0.00997613
0.0341803
0.0186679
0.0127722
0.00452818
0.00819247
0.0410217
0.0244811
0.0056368
0.00657007
0.0400131
0.0191709
0.0358649
0.0750823
0.00196515
0.0354265
0.0131321
0.00219227
0.00178601
0.00147514
0.0121048
0.0252729
0.00816201
0.00120029
0.0144857
0.0263515
0.0420955
0.00383572
0.0160643
0.0109143
0.00485573
0.00936983
0.0134471
0.00560769
0.0144856
0.0139294
0.0480244
0.00262604
0.0112663
0.0107167
0.036424
0.0956056
0.0276782
0.0705805
0.058621
0.0112151
0.0436735
0.0330161
0.00782594
0.0128443
0.00679509
0.0203342
0.0134927
0.00679151
0.00489819
0.00561976
0.00687035
0.00423653
0.0216341
0.00502106
0.0080504
0.0129845
0.0159073
0.0010919
0.0111498
0.067433
0.00737701
0.00373658
0.00258666
0.00993107
0.0240409
0.0121823
0.00519054
0.00949571
0.0120394
0.0073121
0.0156509
0.0163003
0.0547327
0.114673
0.0641439
0.047322
0.0151642
0.0218192
0.0196675
0.00267583
0.00633431
0.0112246
0.0302964
0.032098
0.0139825
0.0229992
0.0120654
0.0142527
0.0472041
0.00750221
0.00226749
0.00344895
0.0150048
0.0068165
0.0272742
0.00627592
0.0282504
0.0138088
0.0263553
0.00705474
0.0220909
0.00372852
0.010188
0.0183344
0.00644439
0.0051119
0.0284501
0.0543789
0.108101
0.011362
0.00583222
0.0118906
0.0346353
0.00165255
0.0488749
0.0026902
0.0059882
0.0117363
0.00563412
0.0158815
0.00509613
0.0322986
0.0627088
0.00418277
0.0154704
0.00436806
0.00496893
0.0476657
0.0104654
0.0134996
0.0149242
0.00415119
0.0837837
0.00632765
0.0446991
0.0262766
0.0104079
0.00751288
0.0057493
0.0144032
0.0355566
0.047703
0.030416
0.00458801
0.0362762
0.00778316
0.0147891
0.00367667
0.00605202
0.010164
0.0434341
0.0098428
0.0353228
0.0160571
0.0420909
0.00405195
0.0115355
0.0046027
0.0115306
0.0394777
0.0144031
0.00197861
0.00420073
0.119749
0.013704
0.0105683
0.0158637
0.00671236
0.0238923
0.0651067
0.0605141
0.00545846
0.00462057
0.0119104
0.00787314
0.0107349
0.0484951
0.0247029
0.00596763
0.0108912
0.00894511
0.00473583
0.097667
0.0107441
0.00923389
0.00883675
0.00367601
0.00842389
0.00831503
0.0281912
0.00374852
0.00842477
0.0039278
0.016803
0.00719011
0.0262805
0.0325661
0.0108279
0.093574
0.034314
0.000622285
0.00114044
0.000802134
0.0271676
0.00597992
0.0216439
0.0210259
0.0069536
0.0697278
0.00884668
0.0378233
0.0114758
0.00532915
0.0149536
0.00504597
0.0110224
0.0283704
0.0158182
0.0132681
0.0433511
0.0081872
0.0237192
0.0117578
0.010794
0.00124847
0.0287713
0.0152376
0.0328661
0.00250148
0.0236657
0.00875663
0.00964779
0.020328
0.00319064
0.0260118
0.000551957
0.0101582
0.0414403
0.0468675
0.0108386
0.000670721
0.0362555
0.00406872
0.0279711
0.00475999
0.0194133
0.0229991
0.00699839
0.0136247
0.0160643
0.0262458
0.0108814
0.00684888
0.00920998
0.0404525
0.0196628
0.000962925
0.165143
0.0385739
0.00666479
0.0226596
0.0257054
0.0183612
0.0168197
0.044548
0.00740848
0.0112586
0.00098298
0.025679
0.0100144
0.00283221
0.0492807
0.012518
0.0056341
0.00779124
0.00365262
0.00379615
0.0121379
0.0248523
0.0199681
0.00992965
0.0152237
0.0173611
0.00448384
0.00377927
0.00729063
0.0109088
0.0148067
0.00763133
0.0126739
0.0199636
0.0160593
0.000265151
0.0033085
0.0434288
0.0150052
0.0373887
0.00552305
0.0733812
0.072931
0.0107785
0.0229102
0.0168737
0.0146301
0.00497802
0.0015446
0.0460507
0.0143202
0.0279049
0.0494721
0.0633284
0.0454908
0.0104661
0.0141223
0.0924803
0.000622506
0.0198965
0.0104311
0.0178797
0.00259675
0.0219766
0.0156996
0.128208
0.0157867
0.00993492
0.0210577
0.0617188
0.00157321
0.0348582
0.00598256
0.219334
0.0671994
0.0295879
0.0150987
0.00177488
0.00381352
0.033985
0.00123244
0.157006
0.0068369
0.101515
0.000756028
0.0222518
0.0301662
0.0146017
0.0210682
0.077187
0.006146
0.0037676
0.0208238
0.00418285
0.00458049
0.00502609
0.00524863
0.0221402
0.0184501
0.0380789
0.00842215
0.0374061
0.00100705
0.000488756
0.00858235
0.00570821
0.00784054
0.0385488
0.00821089
0.0117311
0.00538826
0.0305269
0.00141896
0.0180726
0.0341241
0.00671446
0.0592459
0.00602546
0.0135993
0.0143227
0.00168928
0.0263596
0.00127592
0.0504529
0.0354873
0.00531518
0.00113043
0.0038925
0.0410465
0.0397078
0.0128552
0.000402994
0.0610096
0.0105814
0.015433
0.0300617
0.0119783
0.00627101
0.0154639
0.0371438
0.0081278
0.0163509
0.0328457
0.0209295
0.00274413
0.0770413
0.00943036
0.00311602
0.00758646
0.00640431
0.0637941
0.00714326
0.00843751
0.00590137
0.0134392
0.00665202
0.0327854
0.0185612
0.00729573
0.00881258
0.0157958
0.00453266
0.00919072
0.0796981
0.0142872
0.043784
0.0155803
0.0237682
0.0108956
0.0167946
0.0397277
0.00859313
0.000922774
0.0817607
0.0185838
0.157775
0.00389744
0.0161193
0.0016676
0.0463669
0.0293936
0.00301084
0.00890301
0.0202481
0.0142291
0.0322543
0.00322232
0.0175374
0.0166706
0.00920668
0.0278425
0.00422701
0.0085618
0.0681729
0.00885656
0.00988821
0.0231491
0.00853444
0.0590973
0.0123527
0.036898
0.0765188
0.0140252
0.00417853
0.0176661
0.00070614
0.00942033
0.0565957
0.0301686
0.0259085
0.0806698
0.0103733
0.0193843
0.0104429
0.008442
0.0116597
0.0516167
0.00621504
0.00120548
0.0158753
0.0356475
0.0252312
0.0106001
0.00663344
0.03236
0.00791053
0.0313205
0.0105494
0.00711923
0.00521763
0.0233036
0.00109562
0.0146755
0.0113306
0.144213
0.0112952
0.00407424
0.0150545
0.0671574
0.0174597
0.00654438
0.0198303
0.0154842
0.0279358
0.00154159
0.00988588
0.0182932
0.0648671
0.00728179
0.02022
0.0275762
0.146387
0.0177151
0.0472949
0.0311103
0.0133166
0.017931
0.0112243
0.00956563
0.00157295
0.0400951
0.0105699
0.015975
0.0216722
0.00697184
0.00989024
0.00321707
0.0499421
0.060469
0.0520859
0.0257287
0.177634
0.00914838
0.16087
0.0405633
0.0357807
0.0105489
0.0102147
0.0348163
0.0127625
0.0226522
0.00683592
0.0324567
0.0442287
0.00824616
0.00896324
0.00722148
0.00830288
0.0206786
0.00376683
0.0659226
0.0145931
0.0667739
0.0186273
0.0070608
0.0182885
0.00203061
0.014359
0.0220635
0.00802642
0.0272691
0.0609011
0.00800319
0.0128318
0.0129876
0.0132256
0.00901083
0.00299811
0.00599392
0.0473479
0.0215283
0.0144379
0.0648384
0.00289568
0.0231662
0.0186012
0.0107109
0.0150963
0.0346502
0.0350239
0.0124833
0.00752637
0.00425709
0.0139669
0.0221645
0.0447905
0.0185375
0.0392363
0.00543814
0.0123993
0.0120006
0.0255037
0.0108372
0.0038442
0.0473104
0.00278502
0.0161488
0.00904167
0.0428059
0.0233375
0.00512234
0.0615506
0.0110485
0.00440876
0.0111694
0.01098
0.0126912
0.00810007
0.0173556
0.00414699
0.00986855
0.174386
0.0223731
0.162261
0.0668817
0.0211933
0.0150363
0.019426
0.00993088
0.0161227
0.0702387
0.000538555
0.00709861
0.0364675
0.00844052
0.0305498
0.0273526
0.0199508
0.043801
0.00864052
0.00465215
0.0168554
0.00387902
0.00951792
0.00662593
0.0203953
0.0102469
0.00983248
0.0111946
0.0161099
0.134079
0.0995826
0.107777
0.169958
0.00797795
0.00571215
0.0411464
0.00607853
0.0127047
0.0129625
0.0428548
0.0247419
0.0143022
0.0103035
0.00230585
0.0498009
0.00134529
0.00294994
0.00701909
0.0169567
0.104743
0.0104993
0.0597061
0.000940563
0.0225077
0.00973822
0.00243144
0.000561448
0.00579357
0.032131
0.0387729
0.0156826
0.00562981
0.0117537
0.0290962
0.0277988
0.013248
0.00928354
0.0115649
0.000842835
0.000727864
0.0225944
0.0165679
0.080165
0.0244991
0.0321676
0.0221452
0.00251116
0.0236441
0.00243911
0.0752081
0.0052765
0.178006
0.0153886
0.0109777
0.0606358
0.0221643
0.010982
0.0270625
0.00569732
0.00365199
0.010524
0.0426321
0.00241505
0.0258012
0.0112787
0.017467
0.0720329
0.000696807
0.00324786
0.0125987
0.0104442
0.021267
0.0144084
0.0119555
0.0417419
0.0206585
0.0310589
0.0240598
0.00324117
0.00663473
0.0228946
0.014193
0.0145751
0.0113946
0.00745946
0.0200159
0.0453827
0.0204232
0.0105169
0.0100582
0.0300732
0.0108908
0.017438
0.0139099
0.0412768
0.0359681
0.0131564
0.0231779
0.0164015
0.00234137
0.120043
0.00306707
0.00614762
0.0174439
0.103866
0.00393993
0.00493737
0.0400223
0.0111174
0.00470183
0.0604608
0.013523
0.0257388
0.10801
0.0159172
0.00968042
0.0328499
0.0031593
0.0638741
0.0103279
0.0360153
0.00585944
0.0423253
0.000651972
0.0212324
0.0278644
0.0278811
0.023063
0.00599281
0.0299836
0.0113632
0.0143165
0.0305045
0.00297262
0.00549419
0.00400172
0.0195494
0.00304107
0.000877122
0.00789186
0.00253536
0.0208961
0.0179597
0.00597152
0.0157266
0.0103917
0.00107726
0.00558421
0.0151871
0.0123678
0.00142229
0.0556811
0.00996757
0.00511054
0.00651837
0.00075718
0.0745901
0.000266098
0.183502
0.0269831
0.0107173
0.0275224
0.0541044
0.0116434
0.00266426
0.249607
0.0233702
0.0188099
0.00528985
0.072203
0.0118636
0.0383131
0.0149984
0.0308455
0.0639322
0.0057618
0.00770802
0.00474821
0.017187
0.0203622
0.0129163
0.00893593
0.00360529
0.0113021
0.000915558
0.040324
0.00147279
0.0098176
0.0287903
0.017258
0.00527648
0.0117213
0.0016353
0.000996115
0.00407935
0.00482742
0.0256439
0.012504
0.0108723
0.0450585
0.00189775
0.00524536
0.0244935
0.00623757
0.00923893
0.0303386
0.00912119
0.00494395
0.0291535
0.0287115
0.0122161
0.00466907
0.0505976
0.0831138
0.0486539
0.00760183
0.00529725
0.0134645
0.0425836
0.0131343
0.00630991
0.00361952
0.00925168
0.024186
0.0483927
0.0108594
0.0095865
0.0079044
0.00128854
0.0368828
0.00167164
0.0109095
0.0757305
0.117689
0.0277232
0.00375462
0.133902
0.0644615
0.0077006
0.0689768
0.010425
0.0324193
0.0177273
0.00510276
0.0147599
0.0105696
0.009425
0.015989
0.0126867
0.00279366
0.00605322
0.00531018
0.000931703
0.0101454
0.0652069
0.00245892
0.00876228
0.0682371
0.0143117
0.0158103
0.0311989
0.00983521
0.0177855
0.0561027
0.0359622
0.00394827
0.0535547
0.0115081
0.0136021
0.00418284
0.0158976
0.0445492
0.00330882
0.0082981
0.0347569
0.00905363
0.0152187
0.0211117
0.00201656
0.0197648
0.00268286
0.00887453
0.0170092
0.00918356
0.00672185
0.0076268
0.00992161
0.012572
0.0105854
0.00750449
0.00430134
0.0217192
0.0117146
0.00735377
0.0227108
0.00474949
0.0178721
0.035018
0.00609842
0.00898479
0.00438671
0.00386588
0.0096726
0.0123215
0.0110658
0.0391323
0.0020733
0.0780574
0.00110645
0.0373524
0.00937242
0.00176474
0.000760025
0.0113822
0.00692608
0.00263602
0.0158507
0.0201415
0.0136751
0.0160408
0.00504695
0.0348307
0.0960067
0.0134964
0.00183966
0.00257648
0.0117865
0.0088127
0.00373337
0.0273237
0.00534576
0.0158455
0.0330428
0.0217745
0.00573877
0.00633166
0.00857445
0.0260073
0.00750208
0.0447557
0.0250179
0.00175641
0.0141576
0.000757829
0.0122106
0.00948787
0.0263031
0.041202
0.00618153
0.00332994
0.0165934
0.00946299
0.0178753
0.0320255
0.00467513
0.0160831
0.00806757
0.0367297
0.0205573
0.00377579
0.00306357
0.0180052
0.0362466
0.0174751
0.00318732
0.0161298
0.0353585
0.0133993
0.00187407
0.0865775
0.0554485
0.00636271
0.00242904
0.014384
0.00430576
0.0108259
0.00788571
0.007546
0.0376497
0.00802605
0.0112125
0.0123043
0.0280995
0.0166297
0.00998225
0.00549544
0.00029646
0.0302943
0.00508296
0.00851007
0.00444795
0.0108374
0.00104742
0.00195077
0.0208644
0.0301759
0.0236309
0.0049248
0.0246756
0.0431265
0.0444186
0.0144868
0.0650828
0.00549437
0.113475
0.0241622
0.0181662
0.0100445
0.0373835
0.00947498
0.032549
0.0108539
0.0205708
0.0149165
0.00668747
0.0708955
0.0370215
0.00357919
0.0138796
0.00663807
0.0345299
0.0138378
0.0338211
0.0684046
0.0115115
0.0182953
0.00928969
0.0180105
0.0130668
