0.003073
0.00289739
0.00179904
0.00100251
0.00490065
0.0113122
0.000667546
0.00445822
0.0129349
0.000763422
0.00341648
0.0301432
0.00206549
0.00262956
0.00204748
0.00236179
0.00273983
0.00221773
0.00086563
0.00100445
0.00716552
0.0325907
0.00810416
0.00181884
0.000938326
0.00881676
0.00521611
0.00153889
0.0128423
0.0168413
0.00270175
0.057667
0.00312572
0.0125084
0.00481762
0.00117226
0.00072578
0.00250845
0.0222345
0.00210615
0.00203159
0.00215293
0.0258153
0.0026412
0.0012411
0.00152832
0.00480006
0.00103378
0.000788335
0.00277844
0.0158996
0.0017335
0.000721459
0.0295542
0.00875297
0.000759703
0.00332325
0.000954182
0.0108347
0.00161608
0.00053269
0.00717848
0.0114926
0.010991
0.00481372
0.00171774
0.00328777
0.00789943
0.00111906
0.00135093
0.000514023
0.00354851
0.00236959
0.00254995
0.00229164
0.00291464
0.00389266
0.0187315
0.000342545
0.000605194
0.00125832
0.0274387
0.00196586
0.00325764
0.00115865
0.000874588
0.00141094
0.000792659
0.00258819
0.00144509
0.0147911
0.00380982
0.00282275
0.000944351
0.00123657
0.00102864
0.00406564
0.00144935
0.00448096
0.000736631
0.00102425
0.0011326
0.00465077
0.00281501
0.00298242
0.00253145
0.0514973
0.00408383
0.000959795
0.018194
0.0029442
0.00119887
0.00131561
0.00320514
0.00253583
0.00437868
0.00151544
0.00185661
0.00359543
0.00186856
0.00313944
0.0291985
0.0140831
0.00220213
0.000502289
0.000519815
0.1229
0.00470664
0.00496587
0.000487623
0.0106517
0.00376532
0.0040342
0.00281347
0.00300402
0.000879897
0.00113765
0.016527
0.00343429
0.000829276
0.00138863
0.00337217
0.0112208
0.0023506
0.00154758
0.00164403
0.0226071
0.00152693
0.0028392
0.000792806
0.00391043
0.00133508
0.000325628
0.00324901
0.0074873
0.00976
0.0623056
0.00298451
0.00172229
0.00188156
0.0400573
0.00462741
0.00236019
0.0426224
0.0117387
0.00687472
0.00116113
0.000362514
0.00484488
0.00227354
0.00201397
0.0067029
0.00265648
0.0029006
0.00246232
0.0104572
0.0106203
0.00425056
0.00124453
0.0151848
0.00327325
0.00136282
0.00832582
0.0184941
0.0109508
0.00286238
0.00287504
0.00313843
0.00264631
0.0054997
0.00253648
0.000617141
0.00205808
0.00241914
0.00254519
0.000509521
0.000755819
0.0016356
0.0273796
0.00239744
0.00498845
0.00210234
0.00533696
0.0350202
0.0124299
0.00492438
0.00281156
0.00342584
0.00191247
0.00749872
0.0141202
0.00220891
0.00179007
0.00564777
0.00194584
0.00157983
0.00268254
0.00160887
0.0016428
0.00264332
0.00371501
0.00195143
0.0168549
0.0123854
0.00249043
0.00250248
0.00259275
0.0118666
0.00753935
0.00966846
0.00112141
0.00197548
0.0017764
0.0050989
0.00712428
0.00237697
0.00363676
0.00171853
0.00137377
0.006918
0.00222551
0.00765424
0.0022527
0.00229649
0.00240955
0.00297398
0.000496278
0.0140564
0.00262891
0.00274603
0.00228511
0.00164464
0.000710418
0.00157745
0.0091164
0.0228725
0.00084736
0.00238292
0.0687655
0.0297599
0.00273534
0.00192516
0.00220095
0.00223821
0.00144586
0.000478338
0.00900985
0.00217176
0.000761007
0.0159547
0.00273036
0.0206915
0.00879208
0.00151596
0.0373927
0.00437185
0.00341745
0.00438636
0.00627587
0.00877376
0.00454849
0.00245617
0.00893214
0.00602434
0.00511673
0.0410782
0.0118664
0.0102273
0.00220618
0.00103233
0.00561427
0.00211302
0.00184911
0.00198823
0.00835635
0.000397908
0.00353811
0.00348604
0.010921
0.000449761
0.0118829
0.00164375
0.00368213
0.00188529
0.0134016
0.00222204
0.0017868
0.00469487
0.00188208
0.00290321
0.00522217
0.00680405
0.0022317
0.00160896
0.00257494
0.0011277
0.0445881
0.00133519
0.00129733
0.00240948
0.00159194
0.00184681
0.00582554
0.0157587
0.00262666
0.00258288
0.00285586
0.0041757
0.00409575
0.00205168
0.00140887
0.0192697
0.00291512
0.00380431
0.00190739
0.000192469
0.013759
0.00795694
0.00642623
0.00885013
0.00600248
0.00122988
0.00114519
0.0222488
0.00215941
0.00143922
0.00358854
0.00241154
0.00121041
0.00240532
0.00549146
0.00410862
0.000927111
0.00300332
0.00583508
0.0399176
0.00392612
0.0264952
0.00976538
0.00395755
0.00236256
0.00225062
0.00118502
0.00228568
0.0523075
0.0031016
0.0113195
0.00482111
0.00549646
0.0112116
0.00583608
0.00304875
0.00644695
0.0152245
0.00148906
0.0029664
0.00514255
0.00626759
0.00180825
0.00158872
0.00649178
0.00247083
0.00802898
0.00208274
0.00171436
0.00151792
0.00232378
0.0129474
0.00215815
0.000511516
0.00345677
0.0131858
0.00611027
0.00419552
0.00953612
0.00306636
0.00233654
0.00576281
0.00367889
0.00108207
0.00182379
0.0189583
0.0160431
0.00948692
0.00113103
0.00172968
0.0423477
0.0404271
0.0163259
0.00139395
0.000659674
0.00264545
0.00367724
0.0044329
0.0121305
0.00193585
0.00180668
0.00177118
0.000233828
0.00468118
0.0146177
0.00430415
0.00406821
0.0855261
0.000574843
0.00341039
0.000849023
0.00646309
0.00382034
0.00574801
0.00148948
0.00202918
0.0199078
0.00148538
0.0070377
0.00281078
0.00486868
0.0108472
0.00148492
0.0179114
0.00179703
0.0033857
0.00299536
0.00406529
0.00185334
0.00369099
0.00186864
0.00165985
0.00232696
0.00449577
0.0318316
0.00886978
0.00165909
0.003374
0.00223855
0.0173776
0.00139279
0.00138716
0.00182461
0.00192208
0.00339494
0.000580619
0.00694857
0.0033666
0.0509131
0.00335674
0.000337005
0.00419343
0.0045977
0.0011566
0.0194593
0.00225489
0.00116548
0.00370865
0.00251111
0.00289635
0.00055659
0.00129318
0.00737317
0.00340676
0.00120679
0.00221132
0.000920854
0.00142576
0.00187746
0.00788497
0.00492407
0.0295691
0.00244327
0.00151596
0.00187405
0.00344735
0.00144654
0.000927368
0.00038063
0.000440602
0.0150841
0.063093
0.00867678
0.00592438
0.00885144
0.00708669
0.00845424
0.007875
0.00233532
0.00300578
0.00212288
0.00297715
0.00207197
0.00599402
0.00996776
0.00550572
0.00141206
0.00475566
0.00941399
0.00123311
0.000740982
0.00136998
0.00336069
0.00115206
0.00212902
0.00543802
0.00509707
0.00211632
0.00785506
0.00138233
0.000394655
0.00205044
0.00580119
0.000438783
0.0011828
0.00132287
0.0310707
0.00133809
0.0226575
0.00133091
0.00818566
0.00497995
0.000980407
0.0106558
0.0797512
0.00108878
0.00287128
0.0127244
0.00119867
0.00260915
0.00238555
0.00475528
0.00200352
0.00152411
0.0020192
0.0204236
0.000529956
0.00180367
0.0102409
0.00857509
0.00514214
0.0138406
0.00337541
0.00189973
0.000508237
0.0210218
0.00448431
0.000802717
0.00495915
0.0136363
0.00286519
0.000241351
0.00214538
0.000199278
0.00496053
0.00192425
0.0107911
0.00196886
0.0195673
0.00306152
0.0187562
0.00415695
0.0142073
0.00224459
0.00613259
0.0118204
0.00322991
0.00267595
0.00774083
0.00303079
0.00853812
0.000985136
0.0017741
0.00163159
0.0158871
0.00196491
0.00282868
0.0106343
0.00163915
0.0021475
0.00239123
0.00719504
0.00256108
0.000635701
0.00197932
0.000770213
0.0175633
0.000995612
0.00403208
0.0021979
0.021426
0.00331992
0.00128834
0.0169145
0.00206447
0.0139626
0.00213525
0.00708495
0.00240983
0.000729391
0.00121115
0.00477865
0.00641361
0.00421563
0.0138703
0.00158445
0.00325334
0.00444155
0.00357347
0.00402658
0.00315182
0.00748011
0.0127219
0.00452229
0.00349602
0.00756287
0.00176886
0.00104194
0.00814229
0.0180409
0.00419007
0.00993071
0.0114666
0.00207424
0.00157461
0.00102433
0.00253051
0.00533579
0.00145091
0.00387315
0.00292084
0.00307287
0.00104034
0.000339274
0.00230635
0.00512008
0.0283432
0.000807979
0.00118419
0.0284156
0.00292198
0.00746687
0.00525165
0.0187053
0.00118013
0.0171003
0.0178591
0.00384306
0.00153565
0.000788639
0.000955093
0.00553639
0.00561877
0.00122796
0.0030916
0.00773652
0.00331969
0.00127725
0.00187203
0.00168047
0.00633749
0.019371
0.000757251
0.00227129
0.0033836
0.0143758
0.00780636
0.00310922
0.00722346
0.00204384
0.00941534
0.0520661
0.00281696
0.00185281
0.0103362
0.00137832
0.00629219
0.00326812
0.0199706
0.00419485
0.00165574
0.00859857
0.0019589
0.00263693
0.00253431
0.00329727
0.010765
0.00111374
0.00107672
0.00149424
0.00954483
0.00420078
0.00161435
0.0102606
0.00175584
0.0075013
0.0274132
0.00328954
0.000407265
0.0054643
0.0325168
0.00304819
0.00220058
0.00320289
0.00386789
0.00367398
0.0150431
0.00151549
0.00544278
0.00208804
0.000693415
0.00110851
0.0141891
0.00114525
0.00176973
0.00190017
0.0102599
0.0199572
0.00757357
0.0012773
0.000252857
0.0010894
0.0032636
0.00668822
0.00168223
0.00113372
0.00294645
0.000905618
0.00257034
0.00215378
0.000900742
0.00968177
0.00514706
0.00325576
0.00304537
0.000402964
0.000484107
0.00201856
0.0393779
0.00409594
0.00196549
0.00879331
0.00211629
0.00163916
0.000640989
0.00116917
0.00314788
0.000914396
0.00525633
0.00310071
0.000739646
0.000977705
0.00245557
0.00215633
0.00305213
0.0029996
0.00505432
0.00166177
0.00925453
0.00301025
0.00173646
0.00773646
0.00137794
0.00148541
0.0021307
0.0023406
0.011339
0.00253872
0.00526795
0.00446541
0.00200865
0.00429127
0.0030362
0.00694096
0.00259583
0.010775
0.00237165
0.00192436
0.00158559
0.00208204
0.00105691
0.00085504
0.00473059
0.00253785
0.00386566
0.00113474
0.0197566
0.00170762
0.00203629
0.00113298
0.00636172
0.00160131
0.00138201
0.00103286
0.00157676
0.0065514
0.000479101
0.0264442
0.000711518
0.00110411
0.0205262
0.0248607
0.00178366
0.00171267
0.000775269
0.00637083
0.00578777
0.00819811
0.0133159
0.0204837
0.000677638
0.00181095
0.000792203
0.00147003
0.00197332
0.00281667
0.00162349
0.00195896
0.00506245
0.00443402
0.0182461
0.00928595
0.00252518
0.0178476
0.00520384
0.00190722
0.00448446
0.00438114
0.000962025
0.00168865
0.00101379
0.0010375
0.00695242
0.0011998
0.00518518
0.0248942
0.00141132
0.00431922
0.0371518
0.00314728
0.00260463
0.00124855
0.00266857
0.00282457
0.0206311
0.00155901
0.00225702
0.0197756
0.00282603
0.0125409
0.00245135
0.00127285
0.00119941
0.0219386
0.00375519
0.0100895
0.00966643
0.0090679
0.0277325
0.00929667
0.00432072
0.00141507
0.0487489
0.0155217
0.000820808
0.00123377
0.000206277
0.00236729
0.00740197
0.00241312
0.00146339
0.00278639
0.00836321
0.00317496
0.0141709
0.00446907
0.0034894
0.00463659
0.00178112
0.00050077
0.000971989
0.00126947
0.00200977
0.00587063
0.00302037
0.00162
0.0054993
0.0128701
0.0168931
0.00169852
0.00148276
0.000658114
0.00375633
0.00113404
0.0050153
0.00308073
0.0678272
0.00375109
0.011426
0.00607475
0.00330305
0.00253192
0.00084388
0.00274677
0.00112634
0.00163097
0.00636739
0.0070215
0.00795464
0.0032785
0.00272128
0.00121614
0.0022965
0.0117871
0.00161668
0.00193703
0.00144151
0.0384738
0.00156926
0.00852304
0.0100215
0.00236279
0.00211559
0.00138812
0.00280688
0.00570304
0.00214721
0.00444146
0.0057458
0.00326639
0.00211559
0.0127989
0.00366186
0.015102
0.0170205
0.0045122
0.000906018
0.00114397
0.0011468
0.0012479
0.00058311
0.000704102
0.0178055
0.00210635
0.00106204
0.00200516
0.00584762
0.00161127
0.00483374
0.00473538
0.00144472
0.0198716
0.00153411
0.00283146
0.00950189
0.00679141
0.0287373
0.00187091
0.00246057
0.00144751
0.0163647
0.00691191
0.00203717
0.00335532
0.00188002
0.00215662
0.000758518
0.00114409
0.0079156
0.00521856
0.0105356
0.00679965
0.00351664
0.00295329
0.0020644
0.0014133
0.00645054
0.00249299
0.00606982
0.00278899
0.00987959
0.0013278
0.00224005
0.0177107
0.00450374
0.00253241
0.0102423
0.00436774
0.00392037
0.00739793
0.00143936
0.00149442
0.0128027
0.0101354
0.00288487
0.00123885
0.000875422
0.00322701
0.00158233
0.013682
0.00520905
0.00336185
0.00539101
0.0028277
0.0116831
0.00080274
0.00231455
0.00147215
0.0107959
0.00340334
0.0148985
0.00122755
0.00128577
0.0094856
0.000925605
0.00119182
0.00258748
0.00120804
0.0175931
0.00552333
0.000868488
0.00196828
0.00263399
0.00115556
0.00114037
0.00430743
0.00284112
0.00386374
0.00165242
0.00819447
0.0192339
0.000933134
0.00603322
0.00296676
0.0156034
0.00496968
0.00136615
0.0049212
0.00152914
0.0240928
0.0525168
0.00449154
0.0260593
0.00328457
0.00191847
0.0010647
0.00117665
0.000581684
0.0197761
0.00349532
0.00796029
0.00707853
0.00281247
0.00168298
0.010613
0.000937703
0.00141063
0.0027723
0.00750601
0.00514978
0.00193419
0.00106189
0.00627155
0.00550996
0.00282789
0.0050818
0.00227858
0.00173053
0.0114436
0.00922056
0.000838455
0.00123974
0.0171567
0.0313426
0.00467555
0.000679794
0.00083736
0.003369
0.0115159
0.00241416
0.058091
0.00118762
0.00165698
0.00391031
0.00203438
0.00193794
0.000674567
0.00177628
0.0843075
0.0167345
0.00131067
0.00791052
0.0200548
0.00523353
0.00219108
0.00172105
0.00200562
0.0027545
0.00122446
0.00293565
0.00217532
0.00390732
0.0146873
0.00106298
0.00577311
0.0231448
0.00198797
0.0676841
0.00745334
0.00272802
0.000635472
0.00200391
0.00215372
0.0014369
0.0010371
0.00186533
0.00131254
0.00402248
0.000577347
0.000799739
0.00629165
0.00242291
0.00124932
0.0237522
0.000286038
0.0187115
0.0074984
0.0284538
0.00194063
0.0017046
0.00171595
0.00554395
0.00108431
0.00296341
0.0102638
0.0196561
0.00122762
0.0141201
0.00890363
0.00521471
0.0222362
0.00781978
0.00205909
0.00213428
0.00528639
0.00161358
0.0131305
0.0171879
0.00503378
0.0599895
0.00158166
0.00392861
0.00325011
0.00246305
0.0104042
0.00791149
0.0019315
0.000878682
0.00201939
0.00300332
0.00163658
0.000969271
0.00165921
0.00818201
0.0222013
0.00530392
0.00155885
0.00153577
0.00238962
0.00914106
0.00180681
0.00314243
0.00145469
0.0334559
0.0102035
0.0202777
0.00220962
0.00347738
0.0219445
0.00122388
0.0106946
0.00155609
0.00144664
0.021004
0.00136357
0.00107331
0.00218864
0.00297003
0.00333529
0.00698329
0.00133993
0.00282024
0.002971
0.0444022
0.0018
0.0163043
0.00914274
0.000947975
0.00102773
0.00240227
0.00279077
0.00279676
0.0174338
0.00315215
0.00513581
0.00114477
0.00228847
0.000493468
0.0110551
0.00649705
0.0029494
0.0061677
0.000561549
0.00243697
0.0203755
0.00258195
0.0116333
0.00533616
0.000779959
0.00293638
0.000486654
0.00292631
0.00311213
0.00796322
0.000453581
0.00389611
0.0899398
0.00207235
0.00807599
0.00118523
0.00516165
0.0140659
0.00375177
0.000146658
0.00355701
0.00608427
0.00295461
0.030101
0.00133404
0.00135144
0.00288045
0.000905919
0.0026925
0.00500144
0.0018866
0.00446414
0.005896
0.00323752
0.00126604
0.00174486
0.00263343
0.00296528
0.00158863
0.000867229
0.00368528
0.0178668
0.013952
0.002185
0.00098609
0.00262129
0.00312955
0.0012555
0.00293379
0.00351301
0.00363818
0.0019796
0.00156893
0.00185528
0.00178665
0.00056175
0.0292326
0.00219148
0.00244047
0.00105029
0.00335085
0.00191985
0.0028638
0.0050858
0.00361389
0.0012218
0.00382582
0.00599483
0.0030835
0.0092688
0.00454383
0.00580995
0.00525796
0.00181534
0.00281548
0.000642939
0.000703598
0.00183822
0.000976874
0.0026285
0.00882259
0.0426365
0.00198012
0.00116926
0.00240286
0.000624726
0.0230272
0.00129471
0.00995095
0.0022982
0.00993679
0.00648322
0.00183785
0.00164217
0.00363215
0.000638241
0.00426309
0.0097129
0.00198692
0.00373774
0.00225306
0.00263303
0.00459595
0.0018757
0.00207345
0.00382246
0.0015278
0.00296944
0.00205855
0.00266186
0.000994582
0.0020743
0.00198775
0.00180865
0.00211817
0.0279255
0.00280678
0.00348765
0.00300495
0.00159054
0.00334848
0.00310277
0.00451661
0.00186025
0.00283274
0.000549023
0.00245761
0.00101644
0.0271272
0.000614309
0.00117516
0.0286198
0.00808177
0.0340826
0.00785812
0.00358034
0.000581897
0.00318243
0.0364054
0.000890329
0.000265056
0.0019175
0.00166532
0.0237914
0.0019154
0.00327792
0.00113687
0.00361905
0.000679447
0.00591668
0.00161553
0.00481707
0.00875441
0.0237664
0.00262626
0.00169202
0.0161421
0.00392329
0.00134643
0.00446774
0.0130583
0.00123634
0.00143421
0.00514321
0.00173828
0.0140439
0.00214108
0.0135098
0.00218329
0.000424848
0.00588197
0.00147258
0.000763684
0.00387486
0.0036724
0.00712693
0.00240744
0.00166701
0.0132158
0.00269182
0.0072259
0.00185207
0.0105213
0.00238397
0.00199889
0.0051309
0.00177414
0.00312491
0.0180097
0.0412105
0.0122721
0.00331731
0.0124187
0.0130291
0.119456
0.0023005
0.0228044
0.00462363
0.000824023
0.0018071
0.00206746
0.00440633
0.00350338
0.00132876
0.0016323
0.00230011
0.00406169
0.0151804
0.0384065
0.0380784
0.00482761
0.0089637
0.00244173
0.00126948
0.000723245
0.00383099
0.0315458
0.00658412
0.00406944
0.0534827
0.000491942
0.0236397
0.00188348
0.00152526
0.000600838
0.00270078
0.00246676
0.0084074
0.00420775
0.0075571
0.00129134
0.00121409
0.00170409
0.00237111
0.00747774
0.00254718
0.00112286
0.0158875
0.00203442
0.00255291
0.00127079
0.00266468
0.000921474
0.00115948
0.00210215
0.00189857
0.00440615
0.00185402
0.0104781
0.0125332
0.000919666
0.00165084
0.000848291
0.00300877
0.00265843
0.0152356
0.00105776
0.0168884
0.0326606
0.00517769
0.000949694
0.00216741
0.0115287
0.00109205
0.00381652
0.00437826
0.00457193
0.000977748
0.00258464
0.0040895
0.0230466
0.00406841
0.00347794
0.00100592
0.00311243
0.00905476
0.00340033
0.00111612
0.00265908
0.00473657
0.00242539
0.00275701
0.0018514
0.00411886
0.00798673
0.00248531
0.00197055
0.0146034
0.000955174
0.0929408
0.00585017
0.00154561
0.0209348
0.00396832
0.00348112
0.0285626
0.00161767
0.00721509
0.0017514
0.0290217
0.00203238
0.00883071
0.000510211
0.00248394
0.00383485
0.00809201
0.00276049
0.00361529
0.00154507
0.000354339
0.00381703
0.00459646
0.00265887
0.00149269
0.00533027
0.00115441
0.000947042
0.0239108
0.00398972
0.00232462
0.00227342
0.00254357
0.0025472
0.000458667
0.0119851
0.0074143
0.00475399
0.0106546
0.0029952
0.0151391
0.00194513
0.00350938
0.00168663
0.00832389
0.00117144
0.00283297
0.00238532
0.00305722
0.0017353
0.0188322
0.0457548
0.00166081
0.00283298
0.00705211
0.0432385
0.00250933
0.0019728
0.0129288
0.0210363
0.00506129
0.00531169
0.00765592
0.00660371
0.00091513
0.000996945
0.000929956
0.00226606
0.00331296
0.0202252
0.00496932
0.00465707
0.0037902
0.000584502
0.00188968
0.00231543
0.00092028
0.00165523
0.00108282
0.00155493
0.00337692
0.0119477
0.00225936
0.00102256
0.0027138
0.00472134
0.00147469
0.00861207
0.00071534
0.0458641
0.0449294
0.0590892
0.0113921
0.00265102
0.00240592
0.00268699
0.0114886
0.00288072
0.00551271
0.00213097
0.000447801
0.00211593
0.00153993
0.00206649
0.00831305
0.000438971
0.010355
0.000957171
0.0118216
0.00192544
0.00118283
0.000648502
0.0105137
0.00149306
0.00632283
0.0163068
0.0178353
0.00880622
0.00161917
0.00977582
0.000370024
0.0175666
0.0121551
0.00313994
0.00870772
0.00211858
0.00312057
0.00341462
0.00120747
0.00246083
0.00262257
0.00167117
0.00131545
0.00370667
0.00100547
0.0125895
0.00222806
0.0060431
0.000672379
0.00118102
0.0300771
0.00205268
0.00206884
0.0135828
0.00199673
0.00360442
0.00521879
0.00145595
0.00448572
0.00248308
0.0046241
0.00314676
0.00249208
0.00392689
0.00108752
0.00328349
0.00278266
0.00210433
0.000636983
0.00108662
0.00443842
0.00220484
0.00789232
0.00692332
0.0188593
0.0140035
0.000412204
0.0266596
0.00136253
0.000881387
0.00195249
0.00955913
0.028732
0.00202349
0.00256634
0.00203204
0.000646683
0.0145333
0.00238874
0.00545194
0.00562966
0.00217538
0.000383604
0.00922264
0.000722254
0.00496014
0.00120509
0.00206918
0.00819177
0.00515493
0.0299764
0.00321548
0.00433676
0.0100145
0.00150073
0.00608608
0.00291869
0.00382673
0.00127598
0.00308399
0.00385812
0.00526699
0.00250667
0.0134594
0.00334518
0.00119763
0.00214214
0.00182446
0.00391361
0.00196306
0.000566396
0.00237088
0.00158349
0.000679869
0.00356502
0.00843126
0.00221676
0.00648451
0.000867263
0.0026024
0.00182599
0.00402301
0.000838713
0.0121545
0.00812437
0.000573728
0.00203354
0.00246601
0.00901079
0.00248912
0.00272786
0.00300007
0.00204578
0.00295091
0.00519292
0.00169824
0.00524207
0.000816015
0.00345133
0.0349288
0.00104997
0.00141604
0.00449245
0.000861641
0.00134518
0.0215249
0.0115868
0.00206002
0.0342739
0.000636261
0.00149032
0.00322837
0.00291349
0.00223716
0.00146302
0.00218822
0.0017475
0.00330856
0.0187296
0.00197403
0.00803007
0.00300875
0.00401134
0.0034952
0.00107028
0.0108513
0.0120909
0.0033294
0.000586655
0.0527594
0.000526469
0.00299848
0.0038766
0.00307113
0.00103474
0.00128596
0.00325572
0.00292893
0.0110935
0.000919396
0.0016945
0.00545542
0.00707653
0.00216477
0.00852745
0.0255116
0.00720105
0.00445384
0.00250931
0.001269
0.0172479
0.00151566
0.00800346
0.00322546
0.00406522
0.00473147
0.00393693
0.00235884
0.000148701
0.00337669
0.000920953
0.0116044
0.00477586
0.00138627
0.00115187
0.0087458
0.00725518
0.00283698
0.000844741
0.000313723
0.00249474
0.00915882
0.0021123
0.0111395
0.00443237
0.00862307
0.00084635
0.00109911
0.00146987
0.00350821
0.00202512
0.00183119
0.000696403
0.00149258
0.00987142
0.00961434
0.00487937
0.00108639
0.00423076
0.00569738
0.00965455
0.0137073
0.00197181
0.0447597
0.0122212
0.0171035
0.0113059
0.00274082
0.00181128
0.00160209
0.00227465
0.00126319
0.00353993
0.00196285
0.00211809
0.00166758
0.00226199
0.00555925
0.00114575
0.00539739
0.0022305
0.02349
0.00417913
0.000942431
0.00724774
0.00081504
0.00116013
0.0032349
0.00193536
0.00112058
0.00209094
0.00915024
0.0160332
0.00347129
0.00371003
0.00203757
0.00297639
0.00637237
0.00144817
0.00373177
0.00193956
0.00263267
0.00497741
0.00664797
0.0071643
0.00290394
0.00295641
0.00309586
0.00255533
0.00186907
0.0144695
0.00114575
0.00181408
0.00100599
0.00333664
0.000859891
0.000744365
0.000439318
0.00147598
0.00277456
0.0091449
0.00741083
0.00136351
0.0576112
0.00112893
0.00481503
0.00526257
0.00457975
0.00353467
0.00182285
0.00452232
0.00255365
0.00115869
0.0062683
0.00594741
0.00240743
0.00602162
0.0023972
0.00182145
0.0019894
0.00464291
0.00106349
0.000864592
0.00113551
0.00642764
0.00341123
0.0538053
0.00250506
0.0158963
0.00137537
0.00269319
0.000929447
0.00316777
0.0264349
0.0804117
0.00703995
0.00248822
0.00315168
0.00182216
0.00574
0.00547377
0.00712051
0.00568685
0.00246664
0.00582057
0.00168711
0.0019406
0.00177526
0.00101547
0.00675458
0.00585609
0.00163768
0.00120059
0.00161528
0.00203615
0.0281212
0.00404043
0.00405015
0.00227554
0.0108529
0.00772992
0.000894504
0.000514453
0.00144649
0.00309182
0.000593673
0.00193738
0.00161961
0.00182077
0.00135629
0.00162841
0.019785
0.00146327
0.00122787
0.00458012
0.00133563
0.00112955
0.00179504
0.00176438
0.00189894
0.000377762
0.0159684
0.00310126
0.000854451
0.00150796
0.00293783
0.00306082
0.00297818
0.001279
0.00431761
0.00211219
0.0156531
0.00432356
0.00281726
0.0022318
0.00183488
0.00365384
0.00128869
0.00229062
0.00191935
0.00233378
0.0105667
0.00229922
0.00132507
0.0139937
0.00780189
0.00122171
0.0490947
0.00487367
0.00868758
0.00195783
0.00375302
0.00554424
0.000526192
0.000626376
0.00144853
0.000613212
0.00136117
0.0131812
0.00464157
0.00392879
0.00585407
0.00536115
0.000428298
0.00555278
0.00603372
0.00473988
0.00162959
0.0176756
0.0178616
0.0024477
0.00220592
0.0013699
0.00183276
0.00257136
0.00306596
0.00213863
0.0018303
0.00297611
0.00310033
0.0023984
0.00173597
0.0114554
0.00157678
0.00254892
0.000752494
0.00702424
0.0113129
0.0077502
0.0030609
0.0131286
0.00094999
0.00268914
0.00127192
0.000496567
0.005639
0.0024578
0.00218811
0.00168583
0.00174751
0.00583887
0.0036831
0.002428
0.0124412
0.014062
0.00336803
0.0198805
0.00150406
0.0019307
0.000396757
0.00412163
0.00100896
0.00243696
0.00228651
0.00194066
0.00248005
0.00134809
0.00201343
0.0034258
0.00119094
0.0181486
0.00296574
0.000452907
0.00342421
0.00256485
0.00118069
0.00133826
0.000914624
0.00197185
0.00665665
0.00352915
0.00552208
0.00158845
0.00214614
0.00119708
0.0750395
0.00149173
0.00189486
0.00134996
0.00435313
0.00164647
0.00223119
0.00490246
0.00600628
0.00153377
0.00850909
0.00194064
0.00406774
0.0015986
0.00351754
0.0028425
0.00201361
0.0033576
0.00159805
0.00581143
0.00135757
0.00249476
0.016567
0.00214725
0.0142808
0.00181956
0.0199395
0.0026605
0.000674809
0.00363038
0.0192774
0.00405932
0.00416322
0.00601879
0.00578535
0.0405806
0.00503356
0.0921579
0.00296191
0.0174399
0.0025523
0.00564321
0.00472722
0.00441152
0.00271396
0.00198496
0.00355576
0.00100379
0.0006909
0.00175843
0.00192646
0.00179875
0.00849581
0.00739787
0.00171353
0.0174231
0.00396748
0.0128479
0.0126475
0.0040642
0.00175566
0.00131524
0.00440706
0.000922323
0.00092447
0.00260731
0.00973505
0.00920591
0.0247811
0.0061733
0.0274871
0.00744651
0.00270891
0.00205105
0.0134613
0.0316737
0.010281
0.00326372
0.00151365
0.00578657
0.0119195
0.000769229
0.0218202
0.00389571
0.00395719
0.000735211
0.00579537
0.00969298
0.00103439
0.00302516
0.00276805
0.0046837
0.00195844
0.0060296
0.00463167
0.00398578
0.0168558
0.00284839
0.000448872
0.00245358
0.00240538
0.00272016
0.0340063
0.000649779
0.00935254
0.00419443
0.0200302
0.000566372
0.0174143
0.00126686
0.010331
0.00202502
0.00209554
0.00100645
0.00131655
0.00267868
0.00177986
0.00235518
0.00344995
0.00129073
0.000537782
0.00197504
0.0279109
0.0158762
0.0315511
0.0156095
0.00234689
0.00246089
0.0139662
0.00275216
0.051299
0.0034889
0.00313315
0.0056011
0.00854098
0.0178141
0.00350443
0.000797941
0.0309321
0.00187817
0.0346847
0.00103376
0.00168741
0.000389722
0.00233832
0.00287705
0.00911271
0.00122863
0.00359799
0.00517916
0.00910082
0.0281005
0.00113496
0.00549341
0.00581648
0.0025373
0.0638871
0.0362746
0.00391053
0.017092
0.00227434
0.00530803
0.00940112
0.00815052
0.00245069
0.0013104
0.00565093
0.00235908
0.000656628
0.00218703
0.00396983
0.0508438
0.000696193
0.00129449
0.00287624
0.00152949
0.00293655
0.00161426
0.00142189
0.00283738
0.00479624
0.00199928
0.00434857
0.00309579
0.00222551
0.00103855
0.00222541
0.0678347
0.0017702
0.00160076
0.00340147
0.00478154
0.00156056
0.0166997
0.0089561
0.00165864
0.0032052
0.0234117
0.00165571
0.00162975
0.00240234
0.0041212
0.0013486
0.00294799
0.00792722
0.0127084
0.00788658
0.0157972
0.00613769
0.00268911
0.00285747
0.00289792
0.00531933
0.00285272
0.00324658
0.000420224
0.00183148
0.00867584
0.0014464
0.00295995
0.00242379
0.000821965
0.000930027
0.00116096
0.00155872
0.00192846
0.00387267
0.00758551
0.00285117
0.00165355
0.00493882
0.0104193
0.00221883
0.00503562
0.0081655
0.0176163
0.00112412
0.000881491
0.00161221
0.000990948
0.00277763
0.00218711
0.00344819
0.0099894
0.0039895
0.00415563
0.00841182
0.001287
0.000879319
0.000862722
0.00142318
0.00183471
0.00131101
0.00234112
0.00221278
0.00509495
0.00226886
0.00667697
0.00149412
0.000860136
0.023846
0.00313757
0.00398155
0.0067765
0.00587719
0.00307123
0.0522001
0.00107614
0.00158433
0.000888116
0.00249728
0.00998235
0.00289651
0.00931362
0.000547306
0.000956144
0.00464098
0.00117979
0.00239018
0.00196201
0.00148783
0.000946675
0.00121696
0.00354856
0.0118615
0.0254536
0.00650225
0.0344338
0.000849312
0.00699886
0.00132538
0.00136606
0.00778659
0.0025647
0.000928329
0.00771433
0.00182402
0.00143437
0.00138786
0.00126774
0.00254553
0.0243565
0.00310575
0.00133197
0.00287328
0.0048425
0.000938154
0.00140245
0.00283972
0.0180206
0.00389391
0.000256377
0.00272164
0.00949869
0.00202573
0.0133307
0.00136304
0.00331654
0.00087504
0.00548226
0.00284806
0.000595554
0.00538691
0.0142441
0.0335355
0.0020448
0.00952384
0.00354378
0.0034548
0.00222932
0.00185875
0.00117079
0.000955772
0.00119673
0.00213376
0.00190325
0.0081887
0.00231771
0.00120337
0.00484059
0.00645974
0.0581515
0.00221808
