0.00545754
0.00152718
0.000611567
0.0012222
0.00276265
0.00230337
0.00245091
0.00272097
0.00212116
0.00450041
0.00631554
0.000745057
0.00142003
0.00204664
0.00345569
0.00381796
0.00747112
0.00119271
0.00174112
0.00633678
0.00261569
0.00508188
0.00120011
0.00470344
0.00417723
0.00399855
0.00245915
0.000355761
0.00102464
0.00259764
0.00753421
0.000279288
0.00154677
0.0033601
0.000956541
0.00101001
0.00130721
0.00656933
0.00304024
0.00279443
0.00782055
0.00124756
0.00133259
0.000572203
0.00184227
0.000500099
0.00288651
0.00176726
0.00286623
0.00144918
0.0140184
0.000975671
0.00148526
0.00402944
0.00197776
0.0059681
0.000167013
0.00261515
0.00284814
0.00214321
0.00107383
0.00283262
0.00125055
0.00725724
0.00179111
0.000892265
0.00696278
0.00132365
0.00147721
0.00105244
0.00225693
0.00350558
0.00043221
0.00518305
0.0024853
0.00324309
0.00288956
0.000718678
0.00241411
0.00146291
0.00147325
0.00259471
0.00355565
0.00652151
0.00297677
0.000675981
0.00244514
0.00301708
0.0011685
0.000523902
0.00237299
0.00330335
0.00491262
0.00161004
0.00647339
0.00252565
0.00184198
0.00210029
0.00453008
0.00352834
0.0011055
0.00287184
0.00219529
0.00120559
0.00523649
0.000306212
0.00427185
0.00565879
0.00501797
0.00083721
0.00317446
0.000940037
0.00355775
0.00128115
0.00214919
0.003734
0.00469611
0.00353999
0.00314012
0.00470759
0.00422105
0.000301264
0.00082393
0.00801935
0.00180008
0.0020643
0.00550228
0.00179794
0.00737015
0.00262927
0.00417104
0.0013608
0.0048126
0.00250772
0.000455676
0.00312158
0.00324357
0.0043355
0.00143754
0.00712842
0.000247119
0.00502959
0.00234837
0.00516995
0.000550443
0.00452524
0.00494673
0.00313899
0.00115272
0.00124543
0.00256122
0.00099748
0.00144952
0.0011544
0.00352851
0.00073468
0.00421073
0.00727073
0.00150525
0.00362044
0.00183548
0.00254352
0.00275246
0.00686549
0.00185714
0.00948633
0.00264358
0.00265023
0.00141403
0.00185832
0.00661364
0.00137794
0.00138921
0.00580594
0.0056543
0.0103715
0.00646801
0.0023164
0.00375845
0.00410723
0.0017195
0.000404803
0.00196436
0.00116145
0.00305565
0.00106046
0.000924109
0.0027661
0.0123966
0.000668708
0.00449528
0.000541225
0.0019905
0.00299313
0.00154338
0.000519569
0.000850764
0.00499049
0.00286463
0.00294268
0.00348991
0.00157381
0.00294949
0.00080122
0.00172571
0.00677241
0.000663527
0.00349567
0.00310107
0.00867846
0.0014659
0.00935458
0.0105566
0.00292845
0.00336526
0.00188135
0.00183014
0.00334154
0.00156981
0.00206268
0.00181253
0.00675548
0.000340364
0.0022717
0.00261502
0.00912475
0.00304893
0.00115799
0.00315986
0.000423505
0.00170927
0.0017152
0.00200712
0.00361596
0.00350736
0.00128169
0.00362548
0.00242599
0.000369588
0.00380127
0.003479
0.00264121
0.00184518
0.00109125
0.00161438
0.00341463
0.00439746
0.00617975
0.00759639
0.00431257
0.00338766
0.00163574
0.0121229
0.00222773
0.00103009
0.00405834
0.0259547
0.00443992
0.00224483
0.0015235
0.00308345
0.00461955
0.00237612
0.00288198
0.00351441
0.00223567
0.00136246
0.00923665
0.00155288
0.00392977
0.00125304
0.00121394
0.00191761
0.00743219
0.00163221
0.00396196
0.000958196
0.00231265
0.000641333
0.00354947
0.00412245
0.00784594
0.00256975
0.00990852
0.000746289
0.00156811
0.00231591
0.00759926
0.0046342
0.00162122
0.00153013
0.0140555
0.00187175
0.00307975
0.00545719
0.00313955
0.00228629
0.00356217
0.00742683
0.00340411
0.000904185
0.00264169
0.00264581
0.00148
0.00347287
0.00138813
0.00286055
0.0013963
0.00955927
0.000263899
0.00398462
0.00832336
0.00239042
0.00258351
0.000908622
0.00143311
0.00305247
0.00149398
0.0012197
0.00417173
0.00332378
0.000385491
0.00528578
0.00149271
0.00251631
0.00759523
0.00531401
0.0025702
0.00587945
0.0039018
0.00513031
0.00127993
0.000892304
0.00198803
0.00140048
0.0021166
0.00427094
0.00708577
0.00836447
0.00520209
0.000984211
0.00208026
0.00174406
0.00108979
0.00664077
0.00284995
0.00111592
0.00323731
0.00346792
0.00585475
0.00225023
0.00175
0.00283366
0.0017479
0.00688655
0.00409131
0.00182466
0.00210899
0.00109226
0.00358685
0.00272677
0.00238625
0.00294304
0.00229405
0.00102699
0.000765842
0.00242166
0.000936084
0.0105236
0.00315116
0.00287801
0.00553508
0.00141471
0.00257325
0.00224797
0.0014675
0.00691993
0.00058576
0.00107099
0.00129217
0.00369421
0.00290225
0.00267949
0.000792164
0.00210878
0.00395353
0.00265276
0.000446968
0.00705989
0.00199925
0.00188428
0.00125144
0.00232504
0.000557119
0.00110592
0.00184989
0.00750708
0.00292244
0.00287809
0.000827322
0.0014681
0.00187545
0.00365801
0.00234469
0.00323742
0.000771588
0.00311653
0.000487382
0.00234326
0.00370738
0.00431417
0.000518477
0.00184915
0.00668587
0.00438988
0.00196449
0.00493971
0.00269086
0.00594112
0.00196089
0.000442613
0.000625123
0.00262289
0.000849528
0.00362233
0.0015953
0.00509065
0.00107916
0.00225495
0.00405469
0.000932945
0.00576251
0.00545401
0.00953136
0.000594831
0.00120192
0.00141536
0.00145088
0.00149215
0.00528715
0.00240568
0.00219065
0.00167193
0.00277618
0.00165431
0.00204525
0.00276838
0.00237463
0.00205137
0.00303913
0.00242893
0.00290507
0.00203779
0.00224656
0.00200585
0.00409341
0.000512655
0.0008799
0.00312429
0.00354495
0.00487232
0.00225386
0.00265843
0.000944853
0.00150042
0.00196763
0.00526984
0.000871045
0.00333939
0.00208979
0.00565283
0.000622366
0.00153441
0.00626796
0.00154863
0.00357561
0.0017652
0.00778591
0.000981706
0.00307033
0.00186331
0.00174817
0.00205692
0.00321368
0.00247547
0.00178088
0.00197811
0.00642506
0.0014507
0.00179467
0.00657248
0.000781367
0.00658437
0.00285019
0.00283256
0.00196718
0.00536254
0.00213696
0.00166308
0.00152703
0.00236659
0.00137998
0.00182149
0.00158067
0.00379622
0.00899341
0.00510224
0.00176538
0.00105887
0.0069115
0.00440216
0.00572671
0.00231151
0.00119806
0.0027575
0.00251934
0.00199499
0.00286214
0.00858672
0.00214738
0.00892307
0.00281783
0.0014356
0.00145596
0.00671143
0.00139644
0.00158247
0.00666044
0.00216471
0.00293209
0.0022107
0.0036852
0.0124245
0.00298727
0.0032857
0.00161861
0.000848764
0.000487859
0.00503477
0.00368785
0.00494727
0.00317195
0.000196853
0.000692121
0.00510597
0.00360388
0.000672407
0.00406276
0.0015094
0.00329065
0.00293364
0.00165448
0.00166775
0.0028824
0.00260441
0.00208072
0.00498027
0.00128668
0.00513524
0.00141234
0.00496679
0.00966883
0.00112127
0.00372093
0.00416594
0.00167943
0.00874362
0.000850644
0.00618575
0.00486786
0.00141335
0.00156921
0.00458266
0.00193007
0.00221357
0.00206166
0.0015844
0.00209633
0.00221445
0.00102625
0.00326083
0.00599755
0.00389082
0.00173026
0.00246808
0.00272445
0.00102284
0.00326182
0.00267173
0.00629375
0.00143132
0.0107745
0.00176573
0.00513899
0.0117107
0.00877448
0.00104727
0.000328707
0.00161457
0.00157333
0.00274282
0.00183217
0.0025139
0.00215233
0.00217702
0.0053935
0.00102515
0.00212407
0.00242827
0.00159177
0.00398346
0.00107012
0.0014195
0.00792959
0.00570913
0.000578346
0.00106719
0.00536866
0.00247459
0.00400893
0.00619536
0.00888604
0.00313862
0.00173051
0.00091513
0.00203069
0.00302172
0.00218132
0.00262148
0.00141183
0.00826482
0.000681832
0.00135313
0.00214569
0.00223694
0.00550219
0.00430399
0.00122634
0.000555061
0.000671861
0.00167316
0.0014673
0.000982492
0.00380361
0.00160824
0.00328787
0.00213965
0.00252908
0.0027547
0.00243847
0.00245116
0.00223306
0.00621595
0.00357537
0.00189324
0.00338547
0.00828926
0.00264013
0.00392803
0.00264377
0.00865179
0.00456223
0.00185658
0.0035678
0.00529163
0.0113317
0.00200702
0.00397049
0.00321623
0.000695541
0.00187235
0.00159743
0.00538175
0.003427
0.000479952
0.00195108
0.00467813
0.00126121
0.00238049
0.00136701
0.00135022
0.00425075
0.00186997
0.00405263
0.00432066
0.00471215
0.0037789
0.00750542
0.0011992
0.00652421
0.00247442
0.00249016
0.00414539
0.00214667
0.00210175
0.00329957
0.00351016
0.00422598
0.00418389
0.00203559
0.00219064
0.0033322
0.00363105
0.000715153
0.00293392
0.00261443
0.00248788
0.000949314
0.00303236
0.00265059
0.000152126
0.00460408
0.00514956
0.00187203
0.00315693
0.00412962
0.00190694
0.00132411
0.00156863
0.00201045
0.00169947
0.0013537
0.00353139
0.000920429
0.00171949
0.00407421
0.00587758
0.0121399
0.00202085
0.00731494
0.00552349
0.00146211
0.0025363
0.00461405
0.00134351
0.0016946
0.000820956
0.00071594
0.00278345
0.00257021
0.00166633
0.00384899
0.0021767
0.00111147
0.00467977
0.00386815
0.00254339
0.00467116
0.0101235
0.00452925
0.00199856
0.000776084
0.00487204
0.00183346
0.0104567
0.00623241
0.00412526
0.000510521
0.00212951
0.0019302
0.0053272
0.0012776
0.00500727
0.00445847
0.00123636
0.00165713
0.00366356
0.00400807
0.000647923
0.00113528
0.00291164
0.00155812
0.00126543
0.00562558
0.000432497
0.00224828
0.00422002
0.00405264
0.00410908
0.00228821
0.00122697
0.0046912
0.00355832
0.0023547
0.00318445
0.00106767
0.000429933
0.00159669
0.00340847
0.00438447
0.00111809
0.0110242
0.00274018
0.0004958
0.0100499
0.00257997
0.00318148
0.00109766
0.00150874
0.0192226
0.00118489
0.00121781
0.00248592
0.00191647
0.000337354
0.00355462
0.00490223
0.00236534
0.00157584
0.00084511
0.00371315
0.00192074
0.000774746
0.0011104
0.00128974
0.00550713
0.000903346
0.00181272
0.0010225
0.000847889
0.00151378
0.00163277
0.00186385
0.00134293
0.00368166
0.00768655
0.00480186
0.00161259
0.00245726
0.00165655
0.00258536
0.00344813
0.00645446
0.00166737
0.00669775
0.00116983
0.0015288
0.00260882
0.00171599
0.00376426
0.000536767
0.00703894
0.00110442
0.00209253
0.00521536
0.00149974
0.00232049
0.000871937
0.00250468
0.00141379
0.0133517
0.00524294
0.00298452
0.00258684
0.00720115
0.00145798
0.00542893
0.00551952
0.00593943
0.003145
0.00559102
0.00219848
0.000398688
0.00428872
0.00307652
0.00469651
0.00587394
0.00185496
0.00835912
0.00162532
0.00188569
0.00295286
0.0054484
0.000602011
0.00354745
0.00163049
0.00710896
0.0101267
0.00464718
0.00357357
0.00210529
0.00269347
0.00398133
0.000482176
0.00106591
0.00104019
0.00322869
0.00713521
0.00160298
0.00347216
0.004098
0.0072596
0.00197062
0.0009192
0.00234678
0.0017497
0.000878081
0.00119232
0.0025513
0.00276014
0.00636232
0.00472399
0.00341376
0.000962688
0.00147965
0.00297089
0.00742666
0.00164849
0.00968718
0.00179983
0.0047067
0.0040872
0.00270649
0.00236134
0.00306839
0.000299648
0.00339243
0.000810812
0.00428884
0.0012642
0.00427778
0.00242161
0.000386056
0.000770003
0.00280788
0.00130788
0.00349425
0.00608227
0.00245043
0.00191355
0.00800619
0.0108932
0.00502276
0.00142462
0.00383364
0.000337217
0.00346184
0.0008456
0.00387199
0.00369533
0.00130147
0.00791795
0.00383603
0.00622286
0.00299165
0.00122336
0.00286281
0.00235798
0.00229074
0.00416766
0.00344137
0.00110849
0.000678374
0.00502636
0.00452908
0.00312358
0.00584186
0.00433798
0.00305277
0.00154807
0.00151536
0.00846623
0.00310356
0.00339577
0.00255952
0.00327246
0.00142543
0.00494277
0.00124353
0.00558811
0.00139841
0.00136301
0.00110101
0.00220592
0.00140179
0.000974588
0.00117638
0.00351942
0.00259703
0.00861339
0.00396723
0.00275974
0.00481371
0.00677886
0.00466455
0.00648534
0.0014906
0.00125724
0.00429029
0.00433338
0.00115038
0.0028323
0.00235628
0.0023376
0.000457715
0.00794201
0.00386552
0.00362644
0.00435934
0.00241673
0.00266554
0.00158515
0.00159837
0.0178762
0.000782886
0.00494305
0.0013298
0.00497962
0.00111918
0.000906653
0.00170097
0.00302551
0.00256425
0.0025166
0.00489844
0.000598611
0.00182764
0.000573193
0.00189601
0.0046136
0.00181719
0.0026044
0.00223176
0.00280532
0.00914156
0.00149659
0.00346156
0.00112984
0.00189855
0.00110323
0.000737976
0.00469214
0.00132964
0.00234411
0.00145644
0.0038112
0.00146123
0.00067153
0.00420965
0.00728865
0.00940783
0.00749132
0.000249811
0.0105959
0.00072784
0.00155163
0.00227487
0.00229023
0.00168871
0.00381117
0.00167199
0.0032024
0.00278443
0.00329864
0.00448661
0.00489294
0.00274827
0.00290127
0.00830153
0.00410469
0.00417763
0.000737915
0.00113373
0.00379787
0.00502638
0.00170747
0.00367741
0.00113242
0.00112872
0.00505824
0.00581355
0.00281121
0.00326396
0.0104791
0.00427159
0.00436456
0.00735619
0.00339044
0.00205327
0.00248138
0.00398391
0.00171003
0.000851755
0.00254157
0.00165057
0.00322358
0.00421563
0.00143494
0.00469783
0.000367202
0.00115554
0.0011393
0.0039686
0.00191619
0.00176111
0.00626017
0.00485941
0.00174923
0.00247453
0.00218596
0.00407654
0.00145214
0.00473687
0.00197294
0.00541025
0.00129846
0.00772838
0.00138433
0.0024825
0.00518397
0.0103868
0.000757389
0.00170395
0.00138997
0.00233928
0.0056267
0.00374607
0.000198716
0.00890472
0.000565312
0.00319251
0.00679896
0.00892167
0.0032606
0.00219958
0.00199677
0.00144084
0.00213462
0.00212785
0.0027232
0.00227371
0.0022769
0.00138622
0.00795159
0.00295727
0.00126103
0.00511784
0.00295815
0.0043911
0.00227544
0.00344449
0.00288563
0.0030077
0.000960628
0.000832269
0.00262435
0.00710076
0.00474135
0.00213087
0.000880895
0.00114407
0.00184567
0.000538729
0.000404873
0.001001
0.00638361
0.00270383
0.000730628
0.000339928
0.00337646
0.00564603
0.00230587
0.0025332
0.00616244
0.00337633
0.000719529
0.00262276
0.00202246
0.00609963
0.00869496
0.00317398
0.00399714
0.00407932
0.000803605
0.00108256
0.00160729
0.00172712
0.0031905
0.00115611
0.00152782
0.0021491
0.00230857
0.00221548
0.00276919
0.00249621
0.00170491
0.00302194
0.00152934
0.00324343
0.00372369
0.00616284
0.00259143
0.00304765
0.000336411
0.00231349
0.00252867
0.00408121
0.00289311
0.00337304
0.00282204
0.000872295
0.00139411
0.00286823
0.00305192
0.00051937
0.00298721
0.00118716
0.000913385
0.00158752
0.0021686
0.00188972
0.00200357
0.00374187
0.00339518
0.00173684
0.00473333
0.00126321
0.00194174
0.0018614
0.0041943
0.000240317
0.00315564
0.00211601
0.00168394
0.00328449
0.00232665
0.00164457
0.0030598
0.000897686
0.00874908
0.00558951
0.00086488
0.00124581
0.00204632
0.00160477
0.000193101
0.00165941
0.00255177
0.0012959
0.00354231
0.00182956
0.000909452
0.00353034
0.002975
0.00172526
0.00128371
0.00916242
0.00273875
0.00181876
0.00109004
0.00377669
0.00689733
0.00540071
0.00201321
0.00282359
0.00108226
0.00123951
0.00255148
0.00129682
0.00125094
0.00419922
0.00117966
0.00288891
0.00218922
0.00349185
0.00101641
0.000676951
0.000697129
0.00659625
0.00220037
0.00261116
0.0027473
0.00360133
0.00247575
0.00451437
0.00213381
0.00101964
0.00424709
0.00264925
0.00384566
0.00404662
0.00153531
0.00825433
0.00166757
0.00375225
0.000954447
0.00273474
0.00136943
0.00124647
0.00433249
0.00248646
0.00099321
0.000421056
0.00212154
0.00550247
0.000699084
0.00182302
0.00661814
0.00277793
0.00208715
0.00607571
0.000240617
0.00375361
0.00114082
0.00378151
0.00469829
0.00715435
0.00272744
0.00443924
0.00149718
0.00144145
0.00222486
0.00441545
0.00193658
0.000740783
0.00121024
0.00687882
0.00186976
0.00513883
0.0026696
0.0100109
0.00263518
0.00145455
0.00271474
0.00590716
0.000669418
0.0041451
0.000968165
0.000777133
0.00140773
0.00108827
0.00548535
0.000344175
0.0027581
0.00263795
0.00141221
0.00294958
0.00321367
0.00168626
0.00193893
0.00406676
0.00377423
0.00520012
0.00254932
0.000430855
0.00282764
0.000296914
0.00309683
0.00556499
0.00136812
0.00393944
0.00221011
0.00648727
0.00215564
0.00258126
0.00188569
0.00125774
0.00299609
0.00767139
0.00970888
0.00752572
0.0036059
0.000452987
0.00144376
0.000431087
0.00145291
0.00483276
0.00485283
0.000947553
0.00881872
0.000430198
0.00183464
0.00257493
0.000303366
0.00190474
0.00416633
0.00416046
0.00166526
0.000944158
0.00335612
0.00234332
0.00903221
0.00170903
0.00539948
0.00692609
0.0104203
0.00145773
0.000403428
0.0023373
0.00559597
0.00202988
0.00378847
0.00112862
0.00196992
0.00173925
0.00184645
0.00584619
0.00417977
0.0068637
0.00253828
0.005221
0.00505917
0.00353449
0.00795833
0.00201082
0.00450293
0.00387719
0.00589527
0.00244787
0.00060868
0.000730273
0.00171783
0.00513442
0.00193929
0.00533027
0.00361037
0.0061593
0.000753473
0.00398904
0.00828318
0.00349704
0.00702199
0.00133275
0.000521741
0.00461749
0.00193523
0.00141809
0.00316608
0.00314126
0.000765958
0.00499758
0.0092387
0.00131121
0.00376596
0.00208007
0.00478234
0.00441708
0.0027639
0.0023763
0.00314921
0.00173997
0.00318102
0.000926674
0.000931872
0.00322402
0.00366468
0.00313505
0.00542139
0.00273633
0.00692148
0.000693147
0.000864133
0.00257119
0.000697809
0.00199164
0.00359237
0.00174223
0.00832797
0.0067384
0.00234279
0.00330999
0.00214612
0.00446153
0.00379725
0.00431115
0.00376699
0.00166137
0.00228871
0.00239758
0.00215914
0.00238686
0.00343885
0.00214875
0.00174751
0.00142567
0.00166062
0.00849283
0.00159486
0.00224291
0.000931246
0.000674613
0.00187398
0.00289731
0.00164806
0.00214555
0.00176215
0.0074957
0.000438916
0.00340582
0.00552364
0.00238089
0.0078528
0.00321576
0.00259451
0.00153401
0.000756014
0.000916382
0.0041637
0.003154
0.00249641
0.00434215
0.00614929
0.00231482
0.00241786
0.00421909
0.00292601
0.00928982
0.00374
0.00200802
0.00515571
0.0143628
0.00287029
0.000471172
0.004898
0.00108365
0.00255992
0.00191268
0.0042454
0.00137437
0.00113557
0.00489346
0.00423326
0.00468811
0.00134843
0.00727464
0.00437239
0.00149263
0.000357893
0.00369542
0.00347353
0.000788726
0.00295436
0.000611478
0.00320952
0.00174786
0.0026585
0.00181298
0.0022227
0.00277225
0.00215845
0.00139103
0.00143869
0.00624663
0.00249807
0.00107288
0.00257422
0.0146936
0.00196307
0.00208813
0.00125305
0.0057571
0.00355786
0.0057292
0.00366819
0.00558948
0.00359556
0.0124007
0.00181648
0.00114251
0.0022809
0.0046061
0.00148332
0.00516685
0.00121115
0.00148129
0.00222266
0.00369125
0.00293744
0.00695578
0.00125877
0.000715292
0.00102272
0.0017601
0.00298047
0.00620081
0.000958415
0.00672452
0.00338248
0.00296468
0.00772612
0.00139641
0.00137834
0.00491238
0.00149896
0.00343513
0.00240219
0.00127162
0.00180387
0.00625085
0.00484215
0.00288191
0.000379902
0.00690315
0.00204209
0.000931985
0.00501165
0.00275106
0.0100472
0.00236557
0.00227788
0.0118693
0.000939631
0.00276966
0.00185351
0.00212838
0.00759965
0.00130177
0.000799176
0.00450574
0.00211095
0.00678065
0.00144447
0.00393535
0.0011366
0.00336867
0.0112861
0.0130424
0.00267356
0.000488125
0.00136633
0.00469532
0.00115634
0.00503342
0.00315458
0.00144123
0.0017306
0.00167616
0.00159045
0.0046532
0.00100922
0.00331654
0.00138354
0.00307966
0.00148066
0.000604213
0.00167495
0.00096086
0.0013956
0.00464233
0.00133436
0.0038415
0.000807553
0.00248437
0.00276888
0.00749711
0.00068344
0.00415354
0.00215027
0.002
0.00132031
0.00488741
0.00323985
0.0114263
0.00867427
0.000717519
0.0039314
0.000777381
0.000635987
0.00130751
0.00149712
0.00463996
0.00522332
0.000893488
0.00229789
0.00634442
0.00348473
0.00249892
0.00100469
0.00288124
0.00169809
0.000669634
0.0028374
0.00697113
0.00364715
0.00238735
0.00725851
0.0013545
0.00166102
0.0057961
0.000584215
0.00573174
0.00233023
0.0046473
0.000724875
0.00404204
0.00186463
0.000706536
0.000376036
0.00663926
0.0008524
0.00377616
0.00338189
0.00247428
0.00088643
0.00018084
0.00416294
0.0032791
0.0133008
0.00279087
0.00198898
0.00153061
0.00505237
0.00135649
0.00841691
0.00118548
0.00168327
0.00121891
0.00286047
0.00309942
0.00186068
0.00481378
0.00249548
0.00180085
0.00167049
0.000597836
0.00136364
0.0110935
0.0079709
0.00437906
0.00111092
0.00217653
0.00854141
0.00766984
0.00527275
0.00186832
0.00614286
0.00115535
0.0019064
0.00541553
0.00178669
0.000910795
0.00215814
0.00128189
0.00176376
0.00619851
0.00252954
0.00216945
0.00500729
0.00224284
0.00207579
0.0025684
0.0044638
0.00214699
0.000761903
0.0063446
0.000697154
0.00138479
0.00150084
0.000206776
0.00235423
0.000578732
0.00348502
0.00304033
0.00602738
0.00240536
0.00860079
0.00113956
0.00385061
0.00132483
0.00240343
0.00111873
0.00344729
0.00193927
0.00778437
0.00149888
0.0037384
0.00158319
0.00133813
0.00239172
0.00102374
0.00284107
0.00803425
0.00199618
0.000787817
0.00681251
0.0011859
0.00190917
0.000988951
0.00318783
0.00420404
0.00549979
0.000850354
0.00550515
0.00391292
0.00154812
0.00332135
0.000800894
0.00212668
0.00422798
0.00123042
0.00131135
0.00143395
0.0026634
0.00149951
0.00234919
0.000787347
0.00141482
0.00111913
0.00776457
0.00237334
0.00478312
0.00297379
0.00461777
0.00407722
0.00296033
0.00555706
0.00267827
0.00293599
0.00249069
0.00949354
0.00177711
0.00236237
0.00267185
0.005852
0.00130449
0.00346326
0.00183785
0.000497637
0.00205543
0.000530331
0.00188528
0.0016814
0.00273469
0.00261051
0.0116355
0.00215266
0.00448073
0.00810694
0.00157044
0.00820941
0.00185586
0.00517304
0.00340662
0.00125545
0.000696185
0.00136881
0.00319047
0.00104897
0.00154125
0.00145268
0.00225515
0.00767808
0.00363995
0.00216596
0.00316315
0.00266815
0.0029622
0.00581572
0.00413533
0.00271344
0.00307709
0.00286059
0.0013883
0.00294448
0.00125766
0.00164351
0.00178502
0.00337128
0.000592579
0.00706683
0.00087206
0.00114938
0.000828866
0.00430442
0.0022112
0.00515378
0.00533169
0.000858732
0.000548118
0.0016089
0.00249951
0.00197722
0.00400706
0.00315865
0.000692592
0.00178146
0.00576436
0.00496021
0.00136762
0.00881875
0.00144186
0.000654218
0.000916641
0.00134828
0.00112302
0.015739
0.00266552
0.00145731
0.00843542
0.00137142
0.00267706
0.00105837
0.00364497
0.00195028
0.00523823
0.00523733
0.0024372
0.00468208
0.00106331
0.00141374
0.00260947
0.00417729
0.00494871
0.00333633
0.00210596
0.0037506
0.00289578
0.0065837
0.00390857
0.00395498
0.00425997
0.000254404
0.00150318
0.00715568
0.00297358
0.000210932
0.00153783
0.00516356
0.00210946
0.0020454
0.00488848
0.00364183
0.00485093
0.00215733
0.00477935
0.00174956
0.00148867
0.00159983
0.00192428
0.00455442
0.00368286
0.00376875
0.00654725
0.00133987
0.0020094
0.0013375
0.00530891
0.00107075
0.00351512
0.00183342
0.00116283
0.00264215
0.000959435
0.00194022
0.0061591
0.00477941
0.00121011
0.00114322
0.000693046
0.00128791
0.00524645
0.00310998
0.00210446
0.00456743
0.00221709
0.00190906
0.00205318
0.00142657
0.0013058
0.00267742
0.00422232
0.000669636
0.00220955
0.00368473
0.00134636
0.00256799
0.000412078
0.00095946
0.00094089
0.0036973
0.00467979
0.0104164
0.00052552
0.00115385
0.00135884
0.0194798
0.00460268
0.0101264
0.00168651
0.0020895
0.00754042
0.00728895
0.00223636
0.00957658
0.00804282
0.0109693
0.00446318
0.00114147
0.00181855
0.000805921
0.00298157
0.00248795
0.00463497
0.00259203
0.00641375
0.000518606
0.00197138
0.00222401
0.00521128
0.00155447
0.00118016
0.00231252
0.00582825
0.00828039
0.00133791
0.00968042
0.00299009
0.00504223
0.00704757
0.00545153
0.00467589
0.00443809
0.00165756
0.0048122
0.00344778
0.00248696
0.0111117
0.00148887
0.00484522
0.00099066
0.00354685
0.00171139
0.0055794
0.0115017
0.00149363
0.00549422
0.000916764
0.00341611
0.00647667
0.00400046
0.000715211
0.00138293
0.00503363
0.000526094
0.00576349
0.00186966
0.0104565
0.00344861
0.0111799
0.00289244
0.0006595
0.00751424
0.00194319
0.00237987
0.00332138
0.00266244
0.00953967
0.00145683
0.00826032
0.00352433
0.00127628
0.00200983
0.00168276
0.00490454
0.00266056
0.00455096
0.00646719
0.00487956
0.00477903
0.00613564
0.00229616
0.00475774
0.00568859
0.00412462
0.0024047
0.0014775
0.000319522
0.00273365
0.00516912
0.000943326
0.00612865
0.00154095
0.000297766
0.0021076
0.00189431
0.00282337
0.00568517
0.000666207
0.00260204
0.00128264
0.0121243
0.000376946
0.00402814
0.00278024
0.00595567
0.0020059
0.00163804
0.01036
0.00257229
0.00367092
0.00143118
0.00552685
0.0010672
0.000573084
0.00469458
0.00493056
0.00379788
0.00564476
0.0191359
0.00159194
0.00163439
0.0026006
0.00484115
0.00259429
0.00126769
0.00118427
0.00199227
0.00232317
0.00143936
0.00164716
0.00352035
0.000850528
0.00432774
0.00665622
0.00184818
0.00126091
0.000737052
0.00429246
0.000871341
0.00116673
0.000955338
0.0026951
0.00243694
0.00100497
0.00112995
0.00407489
0.00360893
0.0041063
0.00128606
0.00177334
0.00299446
0.000678684
0.0119431
0.00123736
0.00482551
0.00266403
0.00639303
0.00122454
0.00158211
0.000953796
0.00100702
0.00123044
0.00184547
0.00120661
0.00214694
0.00246692
0.000786202
0.00586501
0.0019274
0.00401324
0.00196542
0.00276588
0.00278955
0.0064673
0.0013992
0.00215697
0.000867341
0.00272772
0.00237139
0.00194652
0.00178926
0.00113546
0.00297163
0.00102039
0.00580948
0.00126338
0.00337388
0.00450964
0.000553151
0.00215649
0.00156446
0.00183976
0.0027399
0.000639495
0.00378025
0.0030684
0.00105447
0.0032092
0.00405045
0.000773546
0.00336022
0.00322638
0.00064769
0.00272848
0.00567995
0.00147837
0.0078199
0.00646536
0.00646056
0.00298555
0.00140865
0.00332874
0.000752266
0.00127353
0.00281667
0.00197857
0.00202151
0.0036028
0.00378538
0.000955446
0.0019177
0.00493125
0.00135872
0.00158941
0.00804963
0.00363519
0.00974947
0.0017909
0.00470168
0.00163526
0.00263319
0.000434767
0.00287016
0.00303335
0.00158696
0.00151929
0.00196584
0.00491432
0.0051304
0.00295796
0.00276823
0.00189148
0.00364632
0.00214582
0.00971378
0.00685928
0.00628619
0.00691507
0.00561038
0.00502104
0.00529231
0.00251044
0.0010342
0.00176792
0.00695081
0.00158846
0.00142256
0.00872919
0.00207813
0.00517833
0.00169214
0.0024831
0.00130882
0.000880992
0.00198339
0.00493953
0.00195797
0.00256956
0.00299391
0.0030795
0.00121541
0.00392305
0.00123826
0.00347994
0.00119266
0.000637729
0.000798847
0.00113958
0.00308083
0.00228686
0.00210235
0.00451807
0.00316678
0.0034098
0.00680084
0.0105576
0.00431412
0.00239887
0.00255421
0.00218739
0.00552205
0.00174641
0.00224452
0.00390397
0.0037098
0.00132285
0.00328788
0.00315532
0.00407816
0.00606893
0.00237062
0.0014797
0.001011
0.00853066
0.00033755
0.00132331
0.00419283
0.00376694
0.00217541
0.000784436
0.00127128
0.00111406
0.00237066
0.000764924
0.00509049
0.00773856
0.00207713
0.00169229
0.000621749
0.00199414
0.000868298
0.00831297
0.000411368
0.00102818
0.00376476
0.00151245
0.00143875
0.0064139
0.000591747
0.0073739
0.00144173
0.00208376
0.00160991
0.00483849
0.00116758
0.00465921
0.00200259
0.000856947
0.00228013
0.00339832
0.00372372
0.0017869
0.00202133
0.00380952
0.000740593
0.00367258
0.00655449
0.00109555
0.0029816
0.00145787
0.00295124
0.00124779
0.00150085
0.00107965
0.00194982
0.000939207
0.000898267
0.0053629
0.00130761
0.00137994
0.00129148
0.00477146
0.00091689
0.00225593
0.00268592
0.000788053
0.00313313
0.00178147
0.00240439
0.00178867
0.0047492
0.00214081
0.0116381
0.000930861
0.00303737
0.00334078
0.00129158
0.00556995
0.000729257
0.00407041
0.00243739
0.000899785
0.00280577
0.00221184
0.00360257
0.00410681
0.00422138
0.00416934
0.00283247
0.00422139
0.00209367
0.00153253
0.00614803
0.00601013
0.0013314
0.00169692
0.00236017
0.00160953
0.00254429
0.00146614
0.00283011
0.00560227
0.00302236
0.00448222
0.000409374
0.00117707
0.00445595
0.000951781
0.00364434
0.00158239
0.00389872
0.00244521
0.0044326
0.000762253
0.00351363
0.00770687
0.00308128
0.00185545
0.00242263
0.00186902
0.00152092
0.00647266
0.00208146
0.00122216
0.00194788
0.00251214
0.00249486
0.00547626
0.00517508
0.000978162
0.00388568
0.00431863
0.00220095
0.0032977
0.00130187
0.000823487
0.00795329
0.001485
0.00128809
0.00206668
0.00488426
0.00394409
0.00434487
0.0010092
0.000403956
0.00292123
0.00488537
0.00112241
0.00499856
0.00206752
0.00377651
0.00113541
0.00186095
0.00144517
0.00334267
0.0026898
0.000923828
0.00109659
0.00198622
0.00160745
0.00204274
0.00512765
0.00451089
0.00712647
0.00084842
0.00137014
0.00168776
0.00476975
0.00122517
0.00313687
0.00177949
0.00313983
0.00901993
0.00116158
0.00307252
0.00737315
0.00481114
0.00323741
0.00210308
0.00135391
0.0021151
0.00258133
0.00657374
0.00446415
0.00548866
0.00446086
0.00112197
0.00257161
0.00164658
0.000914626
0.000208779
0.000643374
0.00264043
0.00264069
0.0141471
0.00616664
0.00154938
0.00141093
0.00134099
0.00156436
0.00251166
0.00642998
0.00557701
0.0021396
0.00404699
0.00360427
0.0015855
0.00320505
0.00473844
0.00106889
0.0158996
0.00894998
0.00506089
0.000704541
0.000168461
0.0038394
0.00212831
0.00179309
0.00206263
0.00545845
0.00283369
0.00106072
0.00735423
0.000341144
0.00033448
0.00207147
0.0018531
0.0011499
0.00153514
0.00116266
0.00367686
0.00154689
0.00388258
0.000967382
0.00173903
0.00157416
0.00239557
0.00262814
0.000860718
0.000781058
0.00204599
0.00946483
0.000821672
0.00395434
0.00105078
0.00838839
0.00235578
0.00495549
0.00337899
0.00376669
0.00233663
0.00569495
0.00354486
0.00286229
0.000715198
0.0013557
0.00374829
0.00255686
0.0011699
0.010408
0.00233548
0.00393354
0.00088609
0.00399296
0.00310476
0.00786307
0.00275999
0.0010997
0.00497038
0.00902098
0.00649951
0.00222582
0.00090738
0.00534603
0.0048154
0.00479804
0.00146364
0.00110071
0.00175262
0.00317929
0.00120247
0.0020385
0.0110271
0.0038987
0.00249667
0.00220195
0.00746131
0.00559678
0.0072177
0.00785991
0.0019418
0.00226519
0.00761137
0.00185144
0.00423936
0.00558176
0.0023716
0.00847768
0.000845661
0.00120786
0.00337567
0.00473923
0.00282312
0.00150424
0.00128862
0.00251452
0.00103634
0.0078068
0.00345499
0.0112587
0.000297844
0.00580173
0.000569874
0.00552274
0.00567744
0.00307743
0.0016079
0.000576433
0.00583766
0.00311972
0.000953573
0.00196916
0.00144413
0.00257277
0.00784867
0.00363546
0.00326584
0.00505029
0.00112964
0.00109987
0.00506773
0.00154893
0.00222089
0.00177087
0.0010896
0.00394627
0.00099944
0.00375471
0.00126576
0.00164579
0.00461323
0.00452086
0.00235378
0.00474856
0.00479013
0.00277321
0.00311292
0.00272157
0.00211364
0.00445033
0.00455676
0.00103167
0.0059639
0.00160972
0.00121433
0.00116489
0.00138813
0.00244473
0.00122608
0.00487562
0.0022317
0.00174867
0.00304779
0.00935292
0.00246412
0.00143072
0.000662893
0.000181475
0.00224834
0.00167028
0.00208631
0.0018931
0.0039237
0.00152143
0.00211755
0.00298282
0.00135753
0.00229913
0.00227489
0.00594409
0.000756249
0.00181763
0.00378236
0.00227575
0.00758626
0.0028294
0.00269989
0.00188767
0.00121875
0.00134185
0.00603375
0.00339725
0.000783814
0.00153189
0.00296819
0.00741202
0.00184707
0.0137603
0.00796913
0.00111341
0.00488165
0.00285757
0.000534556
0.00176432
0.00204595
0.00586687
0.00212716
0.00316326
0.00438072
0.00180645
0.00220082
0.0032326
0.00124605
0.00242537
0.0102119
0.00455868
0.00231327
0.0015433
0.00149515
0.00105997
0.00171097
0.00157484
0.00118536
0.00507129
0.00241351
0.00247357
0.00106406
0.00138609
0.00190877
0.00225529
0.000244352
0.00129587
0.00261791
0.00107547
0.00640805
0.00224409
0.00431577
0.000358809
0.0019238
0.00139514
0.00091943
0.00190015
0.000425837
0.00166157
0.00833793
0.00148647
0.00696171
0.00140729
0.00168928
0.00127265
0.00153257
0.00124547
0.00538322
0.00190201
0.00870003
