0.000973704
0.000234519
0.000593643
0.00131546
0.00160061
0.00115288
0.000451027
0.0033821
0.00040876
0.00213194
0.00145471
0.000778186
0.00185908
0.00186623
0.00240737
0.00216409
0.00501916
0.00827014
0.00147188
0.00506147
0.00548495
0.00175812
0.000992871
0.00623287
0.00221293
0.000645716
0.00166418
0.00120166
0.00666645
0.00205646
0.00144982
0.00104475
0.00304573
0.00649734
0.00181692
0.00449763
0.0113678
0.0128544
0.00295608
0.00191034
0.000375835
0.00220284
0.00134583
0.00846852
0.00220318
0.00561051
0.0028307
0.00317152
0.00302004
0.00118788
0.000632923
0.00319899
0.00197813
0.00872288
0.00179594
0.000580427
0.00222761
0.00273996
0.00266375
0.0011757
0.00374394
0.000803757
0.00115255
0.00795096
0.00274377
0.00164804
0.00209377
0.00296507
0.00130236
0.00145372
0.00275608
0.00119038
0.000755018
0.00846729
0.00339689
0.00465374
0.00156884
0.00604007
0.00134768
0.00865472
0.00222043
0.00601973
0.00663162
0.00532941
0.00171622
0.00749273
0.00288299
0.00805302
0.000898839
0.00145634
0.00184742
0.00314658
0.00136456
0.00241957
0.00231205
0.00399227
0.00118833
0.000723099
0.00600546
0.00269427
0.00707118
0.00392243
0.000613221
0.00067855
0.00237206
0.0150758
0.00502371
0.00450636
0.00250692
0.00114208
0.00662546
0.00269381
0.0027242
0.00125463
0.00133157
0.00420777
0.0044352
0.00502334
0.00189156
0.0023752
0.00764184
0.00956749
0.00423277
0.00244041
0.000658911
0.00268986
0.000867905
0.00291073
0.00164277
0.0133152
0.0051956
0.00201416
0.00386194
0.00207669
0.00295469
0.00351301
0.00345956
0.0027513
0.00360753
0.00686192
0.00423955
0.00487595
0.00182271
0.00138907
0.00501539
0.00190344
0.00628125
0.00473429
0.00224974
0.00268337
0.0015473
0.00124637
0.00162509
0.0013057
0.00937289
0.00142408
0.00558552
0.00171817
0.0087999
0.00249579
0.00459111
0.00144801
0.00169746
0.00521718
0.00311952
0.00109586
0.000849931
0.00213573
0.00208785
0.000475719
0.00166692
0.00138155
0.00394254
0.000631063
0.00228096
0.000949462
0.000714797
0.00159014
0.00572771
0.00172058
0.00503232
0.00278713
0.00124275
0.00259854
0.000738319
0.00141154
0.00203562
0.00228079
0.00420115
0.0113698
0.00165571
0.00512275
0.00194299
0.000282673
0.00414663
0.00229932
0.00528018
0.00113546
0.00209723
0.0012494
0.00298735
0.00251425
0.0017817
0.00285718
0.00217335
0.00523849
0.000626092
0.00231415
0.00351806
0.00161897
0.0127209
0.00149938
0.00277264
0.00307477
0.00498428
0.00679751
0.000542764
0.00554865
0.00125321
0.00586581
0.00046044
0.00414391
0.00234163
0.0038245
0.00656657
0.00282208
0.00231374
0.00106291
0.0036834
0.00876652
0.00184839
0.0016868
0.000512077
0.00130093
0.000772969
0.00331825
0.00308408
0.0020075
0.00149425
0.00195442
0.0226717
0.000533219
0.000427812
0.00232518
0.00153261
0.00165135
0.000860379
0.000520819
0.00130445
0.00528008
0.00208425
0.000789539
0.00115304
0.00222442
0.000631621
0.00477646
0.00170432
0.000798802
0.0023482
0.00163502
0.0014781
0.00292586
0.00619189
0.00221838
0.00834647
0.00136644
0.00142934
0.00565904
0.00258368
0.0146288
0.0197703
0.000789412
0.00173203
0.0021132
0.00134775
0.00149156
0.000454973
0.00202032
0.00132112
0.00216403
0.00164479
0.00197302
0.000514821
0.00111484
0.00697609
0.0015695
0.0045463
0.000219298
0.00535913
0.00644893
0.00128876
0.00612166
0.00393286
0.00335911
0.00248403
0.000917998
0.000909757
0.00595938
0.00293007
0.00252672
0.00110557
0.00112296
0.00197834
0.00227534
0.00104614
0.00276925
0.00112491
0.00409803
0.00160305
0.00169898
0.0104772
0.00525068
0.00319749
0.00187973
0.00171625
0.000823201
0.00349154
0.00184945
0.00207902
0.0073209
0.00662431
0.00270826
0.00269691
0.00231863
0.00251535
0.00269253
0.0077831
0.00164221
0.00401546
0.000817095
0.00159157
0.00139236
0.00148707
0.00716102
0.000660656
0.000764896
0.00556219
0.00303288
0.00221599
0.00251966
0.00187631
0.00163112
0.00288907
0.0014443
0.0039388
0.00121635
0.00282331
0.00227658
0.0012204
0.00117606
0.00659554
0.00723776
0.00171482
0.000614365
0.00235852
0.00577779
0.00492511
0.00198478
0.000480726
0.00267142
0.00192191
0.00149277
0.00439119
0.000869292
0.00478514
0.00118348
0.00152294
0.0011223
0.00127599
0.00269018
0.00109347
0.00433326
0.00427719
0.00187884
0.00203065
0.0009202
0.0014364
0.00791134
0.0020779
0.0054745
0.00402839
0.00113858
0.0016225
0.00273891
0.00306778
0.00291587
0.00932968
0.00174868
0.00248305
0.00389816
0.0020693
0.0061967
0.000984243
0.00325261
0.0153765
0.000901604
0.00266916
0.000863805
0.000741936
0.00220105
0.00100448
0.00479049
0.00304542
0.00245104
0.000725885
0.00376755
0.00155821
0.00340625
0.0020686
0.00236463
0.000461274
0.00187275
0.00199747
0.000996559
0.00253264
0.00610539
0.00102584
0.00218379
0.00135681
0.00159721
0.00350706
0.000770424
0.00434691
0.00109306
0.00240819
0.00148538
0.00209126
0.000777994
0.000883585
0.00271881
0.00756603
0.0022253
0.00279292
0.00702519
0.00284789
0.000709686
0.00112392
0.00500021
0.00224389
0.00235327
0.00195856
0.00115954
0.00339086
0.000550361
0.00342131
0.00394267
0.00431011
0.00232353
0.00308904
0.00325242
0.00273625
0.00480295
0.00386209
0.00148404
0.00292304
0.00132989
0.000716708
0.00163334
0.00109121
0.00216526
0.00189926
0.000890278
0.0144279
0.00665976
0.00135451
0.00450359
0.00263047
0.00232103
0.0023674
0.000816121
0.00400978
0.00239674
0.00873924
0.00341275
0.00110344
0.00459659
0.00501788
0.00478951
0.00248639
0.00314543
0.00387648
0.00152682
0.00245553
0.00190892
0.00403566
0.00308788
0.0012843
0.0037222
0.0033902
0.000639151
0.000797947
0.00211503
0.00120169
0.00196824
0.00327005
0.0032575
0.00257975
0.0038422
0.00502588
0.00318488
0.00326079
0.00166958
0.00125208
0.00346635
0.00171082
0.00176125
0.00147056
0.00248726
0.00151048
0.00175491
0.00745726
0.00586089
0.00835064
0.000520312
0.00262188
0.00146434
0.000364736
0.00383504
0.00339492
0.00332147
0.00142637
0.00166258
0.00256433
0.00156106
0.000623563
0.00450405
0.00248666
0.00081542
0.00241999
0.00253116
0.00667236
0.00367632
0.00663443
0.00432152
0.00102927
0.00275725
0.00183591
0.000518798
0.00298667
0.00370713
0.0042077
0.00441221
0.0028047
0.003153
0.00459249
0.000910507
0.00155822
0.00283671
0.000763693
0.000684288
0.000735982
0.0131282
0.00255484
0.00555037
0.0043087
0.008506
0.0022946
0.00126729
0.00119069
0.00201138
0.00554597
0.00318041
0.00662034
0.0026044
0.00217145
0.00173669
0.00209827
0.00204487
0.00215062
0.00191815
0.00177883
0.00232335
0.000841043
0.000943888
0.001391
0.00136984
0.00176873
0.00198171
0.000486527
0.00128122
0.00104813
0.00243183
0.000969428
0.00119138
0.00423627
0.0094073
0.00125328
0.000668172
0.00663097
0.00115374
0.00186926
0.00169347
0.00130541
0.00109321
0.00379934
0.00385034
0.000838782
0.000975484
0.00617573
0.00453709
0.00422769
0.00186534
0.000426088
0.00197307
0.000671202
0.000687763
0.00181045
0.0105779
0.00604001
0.000878502
0.00164475
0.00330913
0.00194947
0.00178384
0.0007141
0.00232332
0.00567971
0.00426773
0.00199154
0.00217791
0.00380604
0.00582735
0.00279782
0.0061472
0.00428056
0.000539909
0.00200912
0.00182563
0.00338385
0.00186792
0.00175197
0.00179258
0.00209209
0.00216797
0.0100056
0.00146143
0.00209203
0.0127577
0.000429791
0.00189971
0.00288581
0.00144889
0.00481392
0.00351352
0.00173432
0.00108932
0.00322556
0.000616193
0.0018467
0.00331037
0.000846339
0.00866873
0.00104136
0.00286411
0.00627454
0.000720359
0.00342297
0.0022255
0.00408649
0.00297537
0.00171224
0.00359331
0.00772608
0.00315467
0.00169442
0.00338321
0.000880729
0.0056065
0.00375931
0.00206914
0.0018057
0.0018659
0.00142182
0.00195264
0.0011384
0.00486163
0.00188908
0.000460517
0.0018774
0.00442107
0.00277112
0.00592474
0.0016879
0.00447449
0.00133623
0.000881159
0.00106011
0.00413561
0.00207104
0.0021486
0.00574861
0.000952787
0.00257492
0.00234118
0.000574464
0.00255601
0.00348603
0.000504065
0.00337558
0.00116425
0.00159016
0.00127194
0.00241147
0.00725539
0.00138478
0.00550365
0.00114553
0.0011306
0.00383396
0.00143727
0.00277037
0.000693076
0.00196006
0.00613542
0.00214414
0.00501214
0.00108174
0.00168082
0.00198275
0.00211696
0.0122925
0.00260041
0.00468817
0.00119099
0.00152057
0.000906794
0.00087423
0.000435269
0.00109994
0.00264156
0.00238657
0.000604464
0.00466828
0.00195563
0.000914408
0.00110872
0.000740817
0.001609
0.00110943
0.00282326
0.00156872
0.00139121
0.0030627
0.0016208
0.0112935
0.00358266
0.00143773
0.00112616
0.00194086
0.00199473
0.00280585
0.00340127
0.00179109
0.00572239
0.00528181
0.00411736
0.00153906
0.00181301
0.00242408
0.00159892
0.0016585
0.00210148
0.00173424
0.00340133
0.00328502
0.00185992
0.0101342
0.00301996
0.00221801
0.00279347
0.00454012
0.000875671
0.00124448
0.0015262
0.0015705
0.0015283
0.00325413
0.00173175
0.00102664
0.00828864
0.00114406
0.00183763
0.00322418
0.00280571
0.00390951
0.0017094
0.00889977
0.000854997
0.000950997
0.00116493
0.00114719
0.00148897
0.0025729
0.00245883
0.000934825
0.00266624
0.00345723
0.000642648
0.00132991
0.000354825
0.00511473
0.00145369
0.00663881
0.00300534
0.00143212
0.00298695
0.00100676
0.00673053
0.000829046
0.00289615
0.00262921
0.00116789
0.00098092
0.0033742
0.00109775
0.00425049
0.00385785
0.00742623
0.00486261
0.00325661
0.0023618
0.000731498
0.00186393
0.00451199
0.00943728
0.00618265
0.00267116
0.00471111
0.000830054
0.00169765
0.00203712
0.000922511
0.00220607
0.00074118
0.000945508
0.00399916
0.00151144
0.0054046
0.00234589
0.00683955
0.00259333
0.00184603
0.00206291
0.00460937
0.00185611
0.0029307
0.00245573
0.00150455
0.000930478
0.00196868
0.00525281
0.00502102
0.00144674
0.00328946
0.00592302
0.00584678
0.00336481
0.00128952
0.00140155
0.00116284
0.0015702
0.0033874
0.00182268
0.00180856
0.000728498
0.00275264
0.00168644
0.00332968
0.00351453
0.00817933
0.00372477
0.00487015
0.00462339
0.00208277
0.000866126
0.00141925
0.000294378
0.00347263
0.00341213
0.00192966
0.00136762
0.00347374
0.00231021
0.00283148
0.00539679
0.00205493
0.000642307
0.00155778
0.00362121
0.00211801
0.000757481
0.00162568
0.00395999
0.00293726
0.00068756
0.00894101
0.0122545
0.000764111
0.00327903
0.00612486
0.00156249
0.0038707
0.00174738
0.00195757
0.00105493
0.00191656
0.0011144
0.00531139
0.00123343
0.00109144
0.000698859
0.00186263
0.000644171
0.00678296
0.00505603
0.0066079
0.00121391
0.00334422
0.00464983
0.00175734
0.00760784
0.00247268
0.0012348
0.00171621
0.00161639
0.0019417
0.00174766
0.000332532
0.00119078
0.00163861
0.00104807
0.014897
0.00305775
0.00190117
0.00642684
0.00237
0.00175367
0.0010508
0.00185541
0.00188656
0.00609654
0.00208901
0.00163225
0.00608718
0.0034946
0.00101649
0.0011501
0.00665909
0.00100709
0.000761104
0.00131389
0.00355731
0.000661273
0.00117397
0.00425611
0.00266414
0.00244396
0.00186719
0.00220848
0.00161759
0.0033824
0.000756596
0.000684051
0.000940501
0.00408174
0.00362156
0.00215819
0.00499076
0.00257448
0.00223114
0.00413004
0.00286287
0.00215349
0.00119072
0.00167199
0.00241471
0.0061463
0.00176867
0.00151707
0.000870793
0.0017356
0.00510475
0.00125663
0.00263403
0.00185461
0.00225794
0.00184514
0.00452556
0.00918218
0.00239063
0.00167344
0.00222792
0.00361578
0.0030083
0.00137154
0.0012891
0.00142884
0.00297262
0.0029306
0.00160387
0.00144422
0.00228704
0.00284501
0.00167614
0.000466454
0.00353383
0.000959607
0.00805398
0.00204341
0.0013311
0.00284417
0.00425665
0.00183935
0.00284177
0.00155036
0.00218347
0.00849003
0.00364121
0.00471499
0.00177615
0.00244632
0.00107448
0.00173872
0.00136306
0.000459305
0.00117237
0.00198377
0.00162759
0.00275806
0.000815
0.00721315
0.00377845
0.00343863
0.000808483
0.00337162
0.0020866
0.00474706
0.00176216
0.00119853
0.000971532
0.000559366
0.00189523
0.00305311
0.00128348
0.00556836
0.00171306
0.000707373
0.00233844
0.00474958
0.00106124
0.00183079
0.00115362
0.00106164
0.00129805
0.00443748
0.00215741
0.00164669
0.00383275
0.00192778
0.000444859
0.000812423
0.00165278
0.00130006
0.00123928
0.000908009
0.00271258
0.00335852
0.00560192
0.00153353
0.003101
0.00245435
0.00266874
0.00378808
0.00288971
0.00094864
0.00239157
0.000675932
0.00162621
0.0013931
0.00131044
0.00254867
0.00129678
0.00434828
0.00655828
0.00178934
0.00193441
0.00117371
0.00175295
0.00404694
0.00206958
0.00104718
0.00273903
0.000473612
0.00304029
0.00409225
0.00119169
0.0031807
0.00227769
0.00115731
0.00114252
0.000455846
0.00362901
0.00450565
0.00383193
0.00364634
0.00294814
0.00290015
0.00122592
0.000662862
0.00266277
0.00274488
0.00164499
0.00689993
0.00194826
0.00112309
0.00186472
0.00304946
0.000751697
0.000976341
0.00113455
0.00148348
0.0010907
0.000698551
0.00193141
0.00218389
0.0054919
0.00352443
0.00972675
0.00159365
0.00125624
0.00305987
0.0027461
0.00351217
0.00416813
0.00194469
0.00945454
0.00442451
0.00302126
0.00214064
0.00257812
0.00324308
0.00355455
0.000675861
0.00563944
0.00586804
0.000871884
0.00714337
0.000752838
0.00365117
0.00660974
0.0017222
0.00106341
0.00381805
0.00190258
0.00190968
0.00137456
0.00602639
0.000759943
0.0045484
0.00420719
0.00224587
0.00311227
0.0105245
0.00322778
0.00179171
0.00142109
0.00576501
0.00395076
0.000706872
0.00239003
0.00301745
0.00381674
0.00206418
0.00112081
0.00339084
0.00142297
0.00174386
0.00120539
0.00141826
0.00195747
0.00125205
0.00163496
0.00248197
0.00246764
0.00200189
0.00198505
0.0135085
0.00890654
0.00243355
0.0026034
0.00121253
0.00227155
0.00111292
0.0083656
0.000935145
0.00511423
0.0016717
0.00214467
0.00365887
0.00293807
0.0021246
0.000363858
0.000907367
0.000391849
0.00173247
0.00110258
0.00120754
0.00190008
0.00117141
0.00213566
0.00340534
0.00130766
0.00617586
0.0023347
0.00396717
0.00638801
0.00386459
0.00135605
0.00257657
0.00410525
0.00104039
0.00370569
0.00128382
0.00254324
0.00234058
0.00496175
0.00148063
0.00413163
0.00148022
0.00187228
0.000878682
0.00332065
0.000852332
0.00275377
0.000791222
0.00111635
0.00363691
0.00400658
0.00317399
0.00484606
0.00190389
0.00219244
0.0008671
0.0133487
0.00409306
0.00333142
0.00131592
0.00258594
0.00929064
0.00389787
0.000649406
0.00224958
0.00228393
0.00392555
0.000819876
0.00219598
0.00188851
0.00159451
0.00631316
0.00364097
0.00223751
0.00541156
0.00393618
0.00384847
0.00419531
0.00138733
0.00159986
0.00183408
0.00270149
0.00116314
0.00189768
0.00209363
0.000580092
0.00243917
0.0010152
0.00199069
0.0029448
0.00401104
0.00150538
0.0014525
0.00145609
0.0031461
0.00238442
0.00106438
0.00225338
0.0013543
0.00313995
0.000937999
0.00513833
0.0015953
0.00197819
0.00181338
0.00663174
0.00311799
0.000383044
0.00251277
0.00233738
0.00196041
0.0014184
0.00281724
0.00250826
0.00026362
0.00208128
0.00317011
0.00560604
0.00499687
0.00075029
0.00160802
0.00229261
0.000617223
0.000302884
0.00306227
0.00304458
0.00106095
0.00146325
0.00049223
0.0108287
0.000658322
0.00570806
0.00146072
0.0085663
0.000884568
0.00190805
0.00155037
0.00202955
0.00199703
0.00298931
0.000325757
0.00347522
0.00430516
0.0014728
0.000956233
0.00313165
0.00224004
0.00251569
0.00180886
0.000368499
0.0026394
0.000827287
0.00202412
0.0024542
0.0101459
0.00199312
0.00565053
0.00400136
0.00121957
0.00261601
0.00177006
0.0065429
0.000165057
0.00378348
0.00735165
0.00174618
0.00206779
0.00226257
0.00300833
0.002765
0.00370653
0.00319276
0.00118019
0.00199242
0.00589127
0.00141038
0.00282882
0.0022799
0.00139191
0.000436012
0.000596254
0.000413806
0.00114822
0.00465275
0.00224451
0.00214043
0.00193929
0.00283227
0.00255627
0.0032462
0.0011424
0.00206706
0.00384028
0.0029905
0.001475
0.00414978
0.00700831
0.000915555
0.00298632
0.00175168
0.00175293
0.0138106
0.00146767
0.000772421
0.0033382
0.0041103
0.00175203
0.00779201
0.00152973
0.00201874
0.00038893
0.00393401
0.00418119
0.00135498
0.00448031
0.0014552
0.00742398
0.00443443
0.000614328
0.00133938
0.00201625
0.00110124
0.000869133
0.00158799
0.000399469
0.00206607
0.00134126
0.00118165
0.000627825
0.00476903
0.00133968
0.00208008
0.00171531
0.00217786
0.00117648
0.00331957
0.00225381
0.00276458
0.00264692
0.000942803
0.000987701
0.0027186
0.000560659
0.00512899
0.00351583
0.00245124
0.00863825
0.00585165
0.00127272
0.00197301
0.00418031
0.000570494
0.00410171
0.00313799
0.00250327
0.00142055
0.00159988
0.00439866
0.00129409
0.00071973
0.00236613
0.00141868
0.00697223
0.00228327
0.0110563
0.00788927
0.00235047
0.0244389
0.00184143
0.00158076
0.00156248
0.0029616
0.002801
0.00148192
0.000722521
0.00128548
0.00237695
0.00609891
0.00289396
0.00172479
0.00475647
0.00209692
0.00796411
0.00235899
0.00186501
0.000205905
0.00350421
0.00805689
0.00179118
0.00880933
0.00196054
0.00160569
0.000295354
0.0029782
0.00252803
0.00504265
0.00170501
0.00352536
0.00569433
0.000835317
0.00446701
0.00459995
0.00201241
0.000970687
0.00117834
0.00132538
0.000740683
0.0049645
0.00202128
0.00423455
0.0062699
0.00132078
0.000399482
0.00176483
0.00184739
0.00342565
0.00593395
0.00157223
0.0010461
0.00093323
0.00277755
0.00252678
0.00147023
0.00348014
0.0080601
0.00211379
0.00141222
0.00131501
0.00773326
0.0031053
0.00717069
0.00106799
0.00194168
0.00297663
0.00429403
0.00478289
0.00330773
0.00352061
0.00641778
0.00130747
0.00282506
0.00114714
0.00152399
0.00403788
0.00478144
0.00361043
0.000872857
0.00691408
0.00145086
0.000954729
0.000943339
0.000963976
0.0012609
0.00360731
0.00554757
0.0025374
0.00138609
0.0193022
0.000794497
0.00359839
0.00093935
0.00419116
0.00148975
0.00418052
0.00461767
0.00391876
0.00127785
0.00233367
0.00240654
0.00223133
0.00177391
0.00355126
0.00447244
0.00276499
0.000236536
0.00129881
0.00221375
0.00152646
0.00235441
0.00194881
0.0128124
0.00250211
0.000490583
0.00155824
0.00159697
0.0013874
0.0031825
0.00289398
0.00100419
0.00217267
0.00316141
0.000885671
0.00204143
0.00112504
0.00145196
0.00360462
0.00158493
0.00151739
0.00234437
0.00464269
0.00232511
0.0025997
0.00183158
0.00135616
0.0016828
0.00226769
0.00434153
0.00223268
0.00298124
0.000863647
0.0025701
0.000673624
0.0019621
0.00200696
0.000880573
0.00410725
0.000437674
0.000541627
0.00204407
0.00182533
0.00359191
0.00151872
0.00156838
0.00166367
0.00370756
0.00572542
0.00636159
0.00224528
0.00408996
0.00191875
0.00362742
0.00240733
0.00309305
0.0161026
0.00146793
0.00113867
0.0074341
0.00182079
0.0129371
0.00107705
0.00030007
0.00302526
0.00293908
0.00540308
0.00106203
0.0025074
0.004069
0.00782819
0.00244058
0.00185661
0.00224676
0.00362784
0.00263822
0.000744893
0.00132029
0.00028529
0.0018299
0.00251068
0.00156428
0.00249602
0.00424489
0.00498774
0.00439627
0.000422968
0.0013115
0.00515063
0.00148509
0.00137564
0.00314011
0.00147277
0.00296265
0.00488515
0.00369839
0.00116239
0.00354284
0.003292
0.000649568
0.00377152
0.00059929
0.00336646
0.00256477
0.00203953
0.00249496
0.000576051
0.00197615
0.00354579
0.00434046
0.000923089
0.00209113
0.00130065
0.00432397
0.00416743
0.00413893
0.00153853
0.000672397
0.000849602
0.00259904
0.00253556
0.00040243
0.000974866
0.00417179
0.00277581
0.00911262
0.00273108
0.00135879
0.00452627
0.0024221
0.00378923
0.000925484
0.00252306
0.00227918
0.000261861
0.00271969
0.000593874
0.00212463
0.00983265
0.00790008
0.00217822
0.00177023
0.00215733
0.00104737
0.00498864
0.00233765
0.00254276
0.00523208
0.00031952
0.00203888
0.00123029
0.0128866
0.0017754
0.00134672
0.00117247
0.00155293
0.000832365
0.00305916
0.00334601
0.000326258
0.00153683
0.00335608
0.00202408
0.00281976
0.00213928
0.0016742
0.00330818
0.00238595
0.00176417
0.0018847
0.00150718
0.00555314
0.00261342
0.000910057
0.00253021
0.00291961
0.00141327
0.00145023
0.00138316
0.00573505
0.00665861
0.00247316
0.00349439
0.00467034
0.00187915
0.00401717
0.00142683
0.0031963
0.00118118
0.00318915
0.00174918
0.00204089
0.00315427
0.00143592
0.00118974
0.00183628
0.00468357
0.00175981
0.0130258
0.00606875
0.00204679
0.00437084
0.00320168
0.00157777
0.00437443
0.00551561
0.00956788
0.00275113
0.00146392
0.00155343
0.00178951
0.000790015
0.00134644
0.00121219
0.000540824
0.0017699
0.00222591
0.00816378
0.00118541
0.00324445
0.00333648
0.00140164
0.00318675
0.000798532
0.001351
0.0030829
0.00133751
0.00315252
0.000300946
0.00149146
0.00124822
0.000776665
0.00181825
0.00198841
0.0037596
0.003443
0.000602032
0.0043781
0.00212536
0.0048486
0.00115363
0.00266344
0.00178826
0.0124534
0.000990616
0.00277451
0.00242751
0.00349871
0.000876946
0.00813581
0.00266378
0.00700246
0.00249831
0.00370245
0.00100899
0.00173646
0.00352899
0.00163924
0.00236467
0.00455013
0.00504496
0.00135255
0.00250334
0.00103909
0.00286216
0.00258514
0.00220258
0.00143783
0.0036564
0.00243716
0.00380447
0.00217176
0.00147144
0.00152014
0.00458024
0.00102185
0.00281079
0.000447307
0.00453223
0.000881463
0.000780818
0.000750661
0.00120495
0.00123995
0.00397621
0.00117944
0.00159729
0.00123187
0.00132322
0.000580312
0.00257573
0.00154111
0.0021455
0.00369411
0.00211037
0.00973916
0.00173592
0.0014009
0.00118085
0.00202782
0.00583325
0.00164509
0.00363159
0.00254143
0.00166967
0.000799795
0.000576543
0.0012108
0.00134147
0.00251839
0.00272265
0.0054815
0.00152207
0.000610965
0.00128089
0.000644702
0.00760995
0.00472468
0.00698618
0.00119041
0.000761171
0.00162591
0.0044624
0.000955908
0.0016427
0.00127042
0.00224556
0.000979303
0.00257336
0.00114457
0.00262106
0.00216
0.0029366
0.00496267
0.0018063
0.000986853
0.00576322
0.0112545
0.00485745
0.00333763
0.00627319
0.00348933
0.00318099
0.00270882
0.00303901
0.00125553
0.00254826
0.00190828
0.00316591
0.00328939
0.00358605
0.00300375
0.00205944
0.00326406
0.00133008
0.00424544
0.0011337
0.00110472
0.00317231
0.00275067
0.00856771
0.00109133
0.00674177
0.00231363
0.00475133
0.00414845
0.00243734
0.000293975
0.00359026
0.00911273
0.00314185
0.00426607
0.00714175
0.00292579
0.00534175
0.00170042
0.00138965
0.00248428
0.00119917
0.00184137
0.00143778
0.00149785
0.00151211
0.000955013
0.00157959
0.00834239
0.0026943
0.00130394
0.00225022
0.00308069
0.000918015
0.00154673
0.000695506
0.00382293
0.00198994
0.000733266
0.00130011
0.00885284
0.000432147
0.0044017
0.00386624
0.00167371
0.00135822
0.00225631
0.000748172
0.000833867
0.00184237
0.000976785
0.00496932
0.00305562
0.00174357
0.00165683
0.00313276
0.000989818
0.00218523
0.00103347
0.00185941
0.000850119
0.00487918
0.00159939
0.00549177
0.00232313
0.000755862
0.00466665
0.00138808
0.00175524
0.00100624
0.00218189
0.000747724
0.00540269
0.00399442
0.00452954
0.00335414
0.000962683
0.00139378
0.00252181
0.00172479
0.00113969
0.000345419
0.00155611
0.00293851
0.00313382
0.00353856
0.00749387
0.00490577
0.00135504
0.00330526
0.00215075
0.00122788
0.00149354
0.000946014
0.00109755
0.00678843
0.00601721
0.00239156
0.00102794
0.00195899
0.00516078
0.00189989
0.00207989
0.0021897
0.00143809
0.00339018
0.00322711
0.00131777
0.00150863
0.00333892
0.000642884
0.00201058
0.00130503
0.0101903
0.00476081
0.00275595
0.0012092
0.00139105
0.00130355
0.00247431
0.000991911
0.00137128
0.00168065
0.0108902
0.00400414
0.00532751
0.00336992
0.00136078
0.00445458
0.000520481
0.00213728
0.00191263
0.00253545
0.00338644
0.000810475
0.0028963
0.00430645
0.00242818
0.0012742
0.00334696
0.00207185
0.00168842
0.00631978
0.000897106
0.00668532
0.00142776
0.00477614
0.00197443
0.00075788
0.00192462
0.00220531
0.00104787
0.00342253
0.00893848
0.0025355
0.000925826
0.00212312
0.0041637
0.000835961
0.000851395
0.00167247
0.00387403
0.00084955
0.00124898
0.000275785
0.00157581
0.00288369
0.00168851
0.00195598
0.00186736
0.00147274
0.00286875
0.00185324
0.0041677
0.000472839
0.00170511
0.00216945
0.00409405
0.00656633
0.00135681
0.00539409
0.000721334
0.00148343
0.00363525
0.00145064
0.00249399
0.000841313
0.00122542
0.000950868
0.00176853
0.00166546
0.00952785
0.000577612
0.00162169
0.00103912
0.00424598
0.00313932
0.0012591
0.00102361
0.00486652
0.00103271
0.000397103
0.0029817
0.00175288
0.00422638
0.00062457
0.00149681
0.00077567
0.00194595
0.00334337
0.00318424
0.00136641
0.000903691
0.00053889
0.00331306
0.00408275
0.00129014
0.00444645
0.00763684
0.00605423
0.00501744
0.00528478
0.00243584
0.00463669
0.0011649
0.00201011
0.00131425
0.00155931
0.000402706
0.00253525
0.018644
0.00382846
0.00160563
0.00181474
0.00297159
0.000649415
0.000604046
0.00209365
0.00159624
0.00243331
0.00116103
0.000942553
0.00214832
0.00155028
0.00318064
0.000872472
0.000406184
0.00271515
0.00663842
0.00356324
0.00120478
0.00517987
0.00434188
0.00359537
0.00134126
0.0037538
0.00412815
0.00152419
0.00245741
0.00112731
0.00112304
0.00130226
0.0018252
0.00142917
0.0021774
0.00747154
0.00298518
0.0010906
0.00676147
0.00398678
0.00179818
0.000898619
0.000703455
0.00642354
0.00220511
0.00261661
0.00134122
0.00349413
0.00174145
0.00380774
0.00105775
0.00275727
0.00332333
0.00136332
0.0047489
0.0033142
0.00134024
0.000862383
0.00237016
0.00166634
0.00366645
0.000448081
0.00183835
0.00325578
0.00239198
0.00332407
0.00554335
0.00256833
0.00357605
0.00108361
0.0017813
0.00102021
0.0012034
0.000714798
0.00265188
0.00126944
0.000707109
0.00526589
0.00110423
0.00585502
0.000523703
0.0041176
0.00168906
0.00461098
0.00175077
0.0010205
0.00115786
0.0013208
0.00201681
0.000391208
0.00215032
0.000314624
0.00366398
0.000495748
0.00391497
0.00454194
0.00183582
0.00201334
0.0011708
0.00122102
0.000577092
0.00445841
0.00147331
0.00115012
0.00228435
0.00563675
0.00101889
0.00279485
0.00188478
0.00138378
0.00108293
0.00257528
0.00107593
0.000808737
0.00279823
0.00152166
0.00637677
0.00119292
0.00153057
0.0042895
0.000470273
0.00151242
0.00848913
0.000218287
0.000768985
0.00129209
0.00438133
0.00143422
0.00436776
0.000808667
0.00271973
0.0091372
0.00185599
0.00059413
0.00332521
0.0017673
0.00265309
0.000748438
0.00200728
0.000634673
0.00365761
0.00356224
0.00130966
0.00756898
0.00217377
0.00349895
0.00256752
0.000530631
0.00211223
0.00173367
0.00283099
0.0014995
0.00246362
0.00154395
0.000950506
0.000751794
0.00528907
0.00365107
0.000435548
0.00287002
0.000235178
0.0011435
0.00538332
0.00148947
0.00260032
0.00285198
0.00289199
0.00146872
0.00344171
0.00514727
0.00161366
0.00128659
0.00367274
0.00148237
0.00328277
0.00404381
0.00111892
0.00249789
0.00187623
0.000939109
0.00597851
0.00193367
0.0045993
0.000417585
0.00901991
0.00545583
0.00094164
0.0049304
0.00219738
0.00179967
0.000854098
0.000845615
0.000187055
0.00319073
0.00160999
0.00352655
0.000846301
0.00226479
0.000519166
0.00102957
0.0062625
0.00142149
0.00147114
0.00348075
0.00146495
0.00430363
0.00481739
0.00104797
0.00244557
0.00112325
0.00252699
0.00121811
0.000270454
0.00207763
0.000426252
0.00247534
0.00155781
0.00177668
0.00434176
0.000486097
0.00220815
0.00140015
0.00143227
0.00190679
0.00206369
0.0013405
0.00270596
0.0014264
0.00390605
0.00112022
0.00259023
0.00178107
0.000977895
0.00293345
0.00365299
0.001752
0.00290732
0.00107664
0.00235474
0.00119364
0.00152555
0.000876079
0.00220823
0.000829371
0.00191578
0.00319042
0.00408883
0.00108325
0.0139154
0.00333374
0.000805276
0.000431072
0.0032395
0.00331439
0.00180712
0.00136498
0.00190251
0.00251512
0.00210655
0.00178678
0.00105065
0.00152352
0.000528035
0.00204269
0.00274106
0.00269752
0.00376591
0.00102555
0.00501255
0.0012592
0.00406666
0.00304415
0.00169479
0.00100106
0.00661652
0.0020244
0.00462895
0.00202425
0.00107027
0.0134116
0.00182645
0.00355373
0.00234393
0.000998734
0.00353661
0.0007804
0.00179031
0.00197261
0.00254718
0.00390698
0.0025928
0.00112654
0.00352277
0.00221108
0.00317636
0.00101889
0.00594128
0.00173207
0.00227451
0.00309156
0.00175548
0.00252505
0.00597274
0.00346786
0.00164396
0.00219579
0.00145242
0.00449005
0.00298321
0.00289209
0.00253305
0.00187395
0.00190604
0.0196657
0.000541539
0.00840213
0.0022974
0.0025908
0.00824732
0.00244495
0.00201507
0.00224138
0.0013507
0.00253204
0.00353817
0.00127629
0.00475761
0.000627633
0.00238939
0.00797596
0.00108129
0.00202514
0.00103708
0.00671629
0.00462897
0.000481426
0.00177575
0.00374969
0.000970745
0.00154874
0.00315793
0.00479722
0.00153312
0.00349095
0.000899182
0.0102605
0.00137259
0.00428414
0.00700032
0.000516643
0.00639376
0.00367045
0.00133088
0.00294969
0.00277929
0.0052247
0.00960587
0.00441616
0.00117908
0.00285831
0.00112271
0.00442116
0.00406379
0.00547891
0.00186418
0.00215703
0.0054998
0.00276969
0.00201669
0.00538992
0.00279475
0.00469471
0.0039819
0.000867458
0.00466274
0.00509429
0.00186738
0.000567782
0.00559218
0.00484269
0.00335824
0.00038364
0.002031
0.000971286
0.000529762
0.0019387
0.00326438
0.00192399
0.00239439
0.00202401
0.0024449
0.00166198
0.00278413
0.00656543
0.00157841
0.00122546
0.00238304
0.00097614
0.00169198
0.000915061
0.000432974
0.00641185
0.00307344
0.00241599
0.00111978
0.000767098
0.00180539
0.00240633
0.0034286
0.00103201
0.00168142
0.00325251
0.00119746
0.0143121
0.00294391
0.00224512
0.00133685
0.00287405
0.00100109
0.00327763
0.00185019
0.00247745
0.00128919
0.00248811
0.00355842
0.000642867
0.00166192
0.000849072
0.00400903
0.000382646
0.00462128
0.00128342
0.00221855
0.00301672
0.00255975
0.00768294
0.00387828
0.00290851
0.00488317
0.00126195
0.00553749
0.00219515
0.00607237
0.00136867
0.00630429
0.000823629
0.00580705
0.00128526
0.00261754
0.00125784
0.00904912
0.00485624
0.00213496
0.00489902
0.00107059
0.00372656
0.00166817
0.00221958
0.0024133
0.00322524
0.00481014
0.00152974
0.00265234
0.00135776
0.00668365
0.00385073
0.00103651
0.00171072
0.0102902
0.000356558
0.0010734
0.00653893
0.00312522
0.00678768
0.00583139
0.00507673
0.00694786
0.00630491
0.00065533
0.00125185
0.00128932
0.00435806
0.000653879
0.00250818
0.00338837
0.004329
0.00320885
0.000981754
0.00802884
0.000791577
0.00234057
0.0030644
0.00120078
0.00222828
0.00195067
0.00248548
0.00290878
0.00322798
0.00115505
0.00560452
0.00152825
0.00132371
0.00117479
0.00460766
0.000514144
0.00234611
0.00258072
0.00100756
0.00418261
0.0021563
0.000961009
0.00117746
0.0013622
0.00545243
0.00287377
0.00155806
0.00044813
0.00100668
0.0062645
0.00497878
0.00362196
0.000802724
0.00154731
0.00147567
0.0020033
0.00551763
0.00380644
0.00397763
0.00614308
0.00237916
0.00124115
0.000328645
0.00101656
0.000875492
0.00274864
0.000959982
0.00207201
0.00100871
0.000523007
0.00548881
0.00438693
0.00148302
0.00390162
0.00134009
0.000743073
0.000954413
0.000198326
0.00242535
0.00160818
0.00476621
0.00328735
0.000637109
0.00439817
0.0106736
0.00232053
0.00245543
0.00269468
0.00176591
0.00328682
0.000834855
0.00258558
0.0027031
0.00463643
0.00172392
0.0023226
0.00143807
0.00194558
0.00437995
0.00123981
0.00746193
0.0021854
0.00432163
0.00265662
0.00355329
0.00154073
0.00492787
0.00135715
0.00208493
0.00338015
0.00116824
0.000609572
0.00227009
0.000950891
0.00327764
0.00204723
0.000510044
0.00133933
0.00378941
0.00094586
0.00210492
0.00122426
0.00292322
0.00324993
0.00383338
0.00132604
0.00158085
0.00245766
0.00190265
0.00093969
0.00450439
0.00939695
0.00124929
0.00325203
0.00458685
0.000700923
0.00176106
0.00153992
0.000942422
0.0057669
0.000799099
0.00113155
0.00382993
0.00220731
0.00274819
0.00389704
0.0025016
0.00349732
0.00203934
0.00097491
0.000668698
0.00269735
0.000755434
0.000548819
0.00836482
0.0050126
0.00175099
0.0014456
0.00199982
0.00268242
0.00166049
0.00243684
0.00236076
0.00226371
0.00325744
0.00109358
0.00023292
0.000822881
0.000220404
0.00167222
0.00107869
0.00144592
0.00364102
0.00031913
0.00306414
0.000506328
0.0014272
0.00123154
0.00197258
0.00178361
0.00100863
0.00139048
0.000704022
0.0012949
0.00135266
0.0016509
0.00240524
0.00272632
0.00035652
0.00489728
0.00316877
0.00295674
0.00323738
0.000693401
0.00276795
0.00219596
0.00190501
0.00121775
0.00670369
0.000932973
0.00127528
0.00477739
0.00303052
0.000891094
0.00175936
0.00211621
0.000595492
0.00311762
0.00107504
0.00175502
0.00105656
0.00324934
0.00154912
0.00210531
0.00149527
0.00258589
0.00414591
0.00157728
0.00347966
0.000952274
0.00378816
0.00138801
0.0055981
0.00278598
0.00267023
0.0114539
0.00115579
0.000571129
0.00084857
0.00234314
0.000597139
0.0132094
0.00794554
0.00100579
0.00333237
0.000761671
0.001071
0.003343
0.00521533
0.000141506
0.00201895
0.00202594
0.0010003
0.00602846
0.00232765
0.00178349
0.00203256
0.00133095
0.00140331
0.000707863
0.00138615
0.00673854
0.00261201
0.00316001
0.00411755
0.00132947
0.002632
0.00296372
0.00139212
0.00162378
0.00208332
0.000940276
0.00209042
0.00315145
0.000874213
0.00462124
0.00350724
0.00192582
0.00364377
0.00172231
0.00108626
0.000563078
0.00317658
0.00354916
0.00571303
0.00237178
0.00282037
0.00195461
0.00172626
0.00110879
0.00140528
0.0140083
0.0019167
0.00135285
0.00226988
0.00169349
0.000327556
0.00292264
0.00256662
0.00346634
0.00103295
0.0025453
0.0115724
0.00334617
0.00215044
0.000992697
0.013243
0.00558735
0.00180648
0.00193821
0.00421249
0.00526661
0.00264208
0.00146759
0.00406163
0.00134623
0.0121857
0.00375655
0.00425978
0.00377416
0.00130159
0.00570486
0.00299771
0.0013364
0.0039856
0.0023834
0.00254805
0.00125327
0.00296158
0.000378128
0.00146291
0.00256583
0.00536661
0.00136486
0.00110139
0.00128366
0.00218281
0.00220687
0.00668987
0.0037291
0.00205831
0.00130854
0.00615697
0.00392533
0.00400817
0.00206206
0.00101392
0.00146428
0.0017705
0.0019011
0.00578962
0.000397303
0.00325945
0.00109282
0.00160259
0.00104632
0.0022268
0.000789792
0.00169468
0.000384692
0.00354362
0.00639164
0.00344716
0.000882336
0.00157291
0.00197092
0.00151611
0.00104132
0.00371051
0.00266229
0.00911142
0.0052088
0.00599852
0.0016599
0.00140722
0.0178372
0.000817169
0.00385529
0.00140585
0.00429746
0.0032261
0.00435046
0.00122154
0.0040113
0.00289522
0.00667073
0.00690765
0.00652487
0.00314663
0.00239934
0.00448993
0.00266413
0.00527924
0.000985955
0.00312056
0.000615939
0.00295291
0.00360534
0.00158157
0.00213974
0.00187665
0.0056328
0.00238297
0.00337926
0.00072225
0.00429238
0.00269968
0.00158477
0.00242636
0.00112721
0.00300642
0.00511247
0.00234384
0.00202538
0.000329885
0.00264939
0.00219356
0.00283044
0.00191017
0.00351066
0.000829812
0.016468
0.00160787
0.00495458
0.000847701
0.00388102
0.000460304
0.00410032
0.00559648
0.00339315
0.00227013
0.00366432
0.00269743
0.00123473
0.00167054
0.00262313
0.00661972
0.00338714
0.00258347
0.00318237
0.0037665
0.00321413
0.000997505
0.00239607
0.00199893
0.000609429
0.0024485
0.00324482
0.000939569
0.000620413
0.00188745
0.00170341
0.000990161
0.000683176
0.000514241
0.000872009
0.00152657
0.00191189
0.000614664
0.00326539
0.00485718
0.00690106
0.00129981
0.00275
0.00411337
0.0024557
0.00703816
0.000842656
0.00821888
0.00253521
0.0037625
0.00199953
0.00249476
0.00233855
0.0071752
0.0012744
0.00128224
0.00124019
0.00293797
0.000883151
0.00147261
0.00094132
0.00510828
0.00068313
0.00102473
0.00597909
0.00214269
0.011153
0.00322034
0.00323664
0.000977986
0.00148857
0.00384546
0.00305423
0.00152851
0.00778576
0.00511538
0.00283977
0.00249979
0.00252092
0.00269739
0.0022896
0.00149177
0.00292466
0.00313386
0.00158106
0.00152414
0.00204888
0.00493393
0.00237611
0.00324343
0.00230321
0.0026927
0.00131155
0.00239999
0.000743337
0.00377847
0.00140808
0.00055244
0.00250069
0.00737664
0.000894358
0.00643767
0.00179676
0.00581191
0.00229549
0.00121601
0.00541782
0.000480865
0.00102445
0.00230216
0.00250443
0.00293055
0.00151948
0.00146199
0.00102262
0.000810656
0.00115174
0.00443009
0.00347587
0.0012427
0.00130644
0.000782063
0.00169423
0.00107398
0.00458402
0.00202298
0.00122426
0.00388531
0.00137257
0.00186183
0.00445524
0.00148519
0.00464512
0.00409823
0.00628079
0.000590924
0.00391333
0.0041202
0.00091681
0.00285866
0.00594696
0.0051078
0.00148798
0.00133941
0.0025755
0.00233538
0.00204731
0.00289382
0.00162097
0.000929844
0.000804139
0.00506844
0.00189703
0.00108045
0.00360859
0.00158782
0.00512261
0.00487536
0.00101241
0.00164046
0.00731903
0.00412712
0.0115971
0.00438156
0.00038923
0.00100979
0.00172289
0.00111737
0.000381394
0.000864104
0.00466878
0.00821105
0.00232727
0.0026572
0.00253985
0.00655365
0.00225488
0.000988279
0.00171262
0.00296372
0.00395509
0.0033973
0.00238709
0.00282027
0.00795923
0.00293612
0.00797492
0.0019031
0.00166244
0.00127757
0.0015175
0.00276136
0.00470052
0.00143196
0.00267419
0.00499407
0.00268674
0.00445234
0.00247693
0.00173041
0.00254895
0.000303965
0.00208256
0.00100999
0.00250456
0.000937697
0.000251851
0.00151611
0.00316034
0.00692065
