0.000880322
0.00140554
0.00266144
0.00426139
0.00746113
0.0324905
0.00204662
0.00179785
0.0268158
0.00289289
0.00964891
0.00414159
0.00367055
0.00270748
0.014278
0.00466373
0.00101579
0.00195962
0.00559725
0.00294055
0.000682995
0.00123853
0.00232789
0.0132292
0.00470391
0.00983349
0.00585725
0.0387383
0.00799457
0.00139223
0.00310791
0.0051131
0.00890025
0.00348961
0.00760738
0.0034627
0.00202247
0.00342705
0.00302544
0.00181615
0.00357555
0.0108434
0.00188422
0.00273669
0.00187379
0.00502009
0.00275291
0.00786199
0.00288627
0.000575957
0.0177597
0.00381824
0.00828423
0.0128336
0.008058
0.00180935
0.045627
0.00364126
0.00378016
0.00407022
0.00168308
0.0371606
0.00243429
0.02914
0.000775971
0.000404199
0.0128822
0.0034939
0.00318496
0.00399998
0.012085
0.00387759
0.00159024
0.0051438
0.00294546
0.00291517
0.00349778
0.00141924
0.0011572
0.00116868
0.00940361
0.00851957
0.00312475
0.00179801
0.00213861
0.00186449
0.00298601
0.00243996
0.00287184
0.045768
0.000464156
0.00148766
0.0108469
0.00365475
0.0366763
0.00288385
0.00586844
0.00125835
0.00225942
0.00273882
0.00416944
0.0257346
0.00148585
0.00900436
0.00516553
0.00245139
0.00612867
0.00168443
0.00176233
0.0272347
0.00188553
0.0128198
0.00375923
0.00199788
0.0116402
0.00285518
0.00377073
0.00321451
0.0019423
0.000929851
0.00143484
0.038989
0.00173116
0.00312249
0.0028245
0.0167985
0.0056219
0.0185236
0.00137541
0.00267888
0.000890012
0.011381
0.00222228
0.00121299
0.00303602
0.0119947
0.00152309
0.0012929
0.0159638
0.00367871
0.00127939
0.00259081
0.00492875
0.00572309
0.00311406
0.00140023
0.00248818
0.00156745
0.00218306
0.00500773
0.00217943
0.00273369
0.00501794
0.0135881
0.00423872
0.00153091
0.00680993
0.00242691
0.00253238
0.0416448
0.0263002
0.00117888
0.00273038
0.00213943
0.00621865
0.00245258
0.00119139
0.0119662
0.000670805
0.00597741
0.00133581
0.0476126
0.000529243
0.000329424
0.00145885
0.0484232
0.00161192
0.0159061
0.00142175
0.000201925
0.00199604
0.00320221
0.00577813
0.00369832
0.00178885
0.020179
0.012757
0.00136945
0.00250193
0.015535
0.00163112
0.0119964
0.0223518
0.0206661
0.00611983
0.0013358
0.0196075
0.0122112
0.0134557
0.00063934
0.00280851
0.00399722
0.0158939
0.00121969
0.00502179
0.00474077
0.00603269
0.000725818
0.0100452
0.0014604
0.00354291
0.00327643
0.00398675
0.00577796
0.00135716
0.00103928
0.0194588
0.00123399
0.0174231
0.00153193
0.033115
0.000898444
0.00290176
0.00236989
0.00907313
0.00275361
0.00160047
0.00120921
0.00213913
0.000385198
0.00218931
0.00319514
0.0112994
0.000560254
0.00155679
0.00583749
0.00169661
0.0199541
0.0212905
0.00121639
0.0337931
0.0150255
0.00199574
0.0066674
0.0029855
0.00454777
0.0029234
0.00459191
0.00524221
0.00304178
0.00471758
0.00130426
0.00137185
0.000413795
0.0281175
0.0024998
0.0282839
0.0072383
0.00195913
0.00439391
0.00483244
0.00120599
0.00210666
0.00163374
0.00849845
0.0128264
0.00695536
0.00396835
0.00319615
0.00108272
0.0667357
0.00159538
0.00347824
0.00149531
0.00258892
0.0035708
0.000562542
0.00349737
0.00215928
0.00902331
0.0223644
0.000683796
0.00549942
0.00307944
0.0035841
0.00120146
0.000547944
0.00105902
0.00310196
0.00446645
0.00223164
0.00212585
0.00264341
0.0157966
0.000688049
0.0042956
0.0132573
0.00440929
0.0629464
0.00148125
0.00115457
0.00109931
0.0107475
0.0008386
0.0031837
0.0102592
0.016958
0.00335138
0.0313482
0.0066653
0.00182406
0.00122601
0.00555346
0.0434999
0.00184438
0.00306135
0.00284116
0.00318119
0.000594859
0.0050263
0.00231146
0.00348084
0.000781459
0.0216629
0.00637189
0.00346834
0.00474238
0.00360758
0.010667
0.00895334
0.00132157
0.00521468
0.0012694
0.00051914
0.00265703
0.00342655
0.0108002
0.0188721
0.00536071
0.00141744
0.000786844
0.00325299
0.00410153
0.0118987
0.00228146
0.00259497
0.0427157
0.00547916
0.0127147
0.00295671
0.0336959
0.00126246
0.00493137
0.0175354
0.00268732
0.00400698
0.000446488
0.00356334
0.00178145
0.00100014
0.0148303
0.00262819
0.0445
0.00264834
0.034715
0.00336596
0.0198633
0.00399672
0.00908959
0.00323239
0.00394366
0.00203324
0.000623102
0.00195092
0.00148738
0.00305643
0.00245755
0.017271
0.000955067
0.00234314
0.0202108
0.00110268
0.00104983
0.00128536
0.011101
0.000346256
0.00752562
0.00107634
0.0116592
0.00391169
0.0311768
0.00183074
0.0085311
0.00125883
0.0012967
0.00165435
0.00140218
0.00121639
0.0149578
0.00919684
0.0488737
0.0340428
0.0399924
0.00601422
0.00860935
0.00271093
0.00782361
0.00433022
0.00917731
0.00252798
0.0048559
0.00239351
0.00378248
0.0028907
0.004383
0.00200425
0.00273411
0.00573134
0.00207661
0.0102217
0.00962035
0.0113047
0.0196852
0.00314679
0.0215163
0.0138156
0.03335
0.00985458
0.019287
0.00227296
0.00166298
0.0014292
0.00394626
0.000204461
0.00104343
0.00408053
0.0109771
0.010331
0.0156808
0.0289268
0.00173896
0.00237543
0.00147428
0.0070187
0.00191701
0.00192026
0.0107077
0.0375696
0.00098132
0.00431917
0.00060854
0.0402033
0.000756977
0.00887656
0.00684946
0.00358098
0.00208489
0.0199968
0.0495191
0.0102942
0.00953519
0.00101186
0.0163742
0.00871973
0.00115659
0.00241335
0.00017833
0.0161188
0.00386055
0.000647685
0.00512475
0.0180584
0.00253119
0.000529266
0.00636815
0.0034801
0.00266579
0.0296584
0.0116576
0.0113039
0.00862531
0.00181525
0.00219617
0.00288853
0.00475018
0.00527943
0.00153682
0.00200038
0.00534655
0.00199048
0.00351269
0.00200131
0.0104403
0.0253765
0.0021805
0.00325572
0.00569686
0.000979041
0.0022915
0.000605142
0.0010624
0.00414467
0.0128462
0.00419425
0.00183586
0.00422204
0.00210775
0.00255827
0.00237285
0.00254621
0.0018103
0.00393563
0.00129435
0.0647531
0.0258372
0.00428286
0.0200134
0.000837191
0.0137685
0.00952789
0.00126185
0.00531842
0.00371549
0.00531697
0.000422364
0.00307349
0.00175561
0.018659
0.00758136
0.00177129
0.00229
0.0165206
0.00127743
0.00250854
0.00944173
0.00147187
0.0135486
0.00153384
0.00136056
0.00538082
0.00283143
0.0581248
0.00267597
0.00195172
0.00606955
0.00690973
0.0040577
0.0142602
0.00268852
0.00133026
0.000930355
0.0057811
0.00528864
0.000730889
0.00561444
0.00195777
0.00225289
0.00293094
0.00217388
0.00262514
0.0191594
0.00249896
0.000741532
0.0244797
0.00541696
0.00128073
0.00817181
0.000957815
0.00118549
0.00346475
0.0196293
0.0436785
0.00298774
0.00354172
0.00121421
0.0540017
0.005734
0.00161027
0.00998881
0.00527467
0.0124457
0.000319625
0.0147989
0.00158898
0.0078851
0.000320049
0.00181823
0.0029147
0.00308953
0.00168708
0.00240428
0.0219563
0.0203867
0.0189035
0.00161786
0.00254922
0.0279707
0.043537
0.000702935
0.0297106
0.00104109
0.00267333
0.00330793
0.00453352
0.000810744
0.00224837
0.0046635
0.00728121
0.0107814
0.00129798
0.00250921
0.000759989
0.00264549
0.00191095
0.00294355
0.00234338
0.0172242
0.00316952
0.00678013
0.00249528
0.0100929
0.00270343
0.00380102
0.00306148
0.00529271
0.000823165
0.00286953
0.00503616
0.0206592
0.0358747
0.00547675
0.000591789
0.000313453
0.00490209
0.000160273
0.004086
0.00265721
0.00210054
0.00179666
0.0013842
0.00138807
0.0178973
0.00135225
0.00565145
0.00962751
0.0122776
0.00285466
0.00717042
0.0176058
0.012335
0.0149059
0.00407984
0.0010974
0.00351425
0.00180957
0.00232047
0.00159611
0.000982282
0.0011415
0.00713487
0.00151728
0.00450455
0.00069759
0.00575847
0.00519785
0.00507266
0.0012067
0.00398105
0.00131707
0.00254939
0.00210891
0.00168953
0.0274805
0.00419804
0.00502305
0.00180659
0.00235109
0.00916663
0.0067059
0.00657438
0.0018997
0.0167577
0.0123022
0.00330924
0.00199961
0.023675
0.000628414
0.00474644
0.00122625
0.00407214
0.00141959
0.00157284
0.00854657
0.00285471
0.0301841
0.00334069
0.0025589
0.00622741
0.00761856
0.00220413
0.00185345
0.00164707
0.0011306
0.010064
0.00172128
0.00152442
0.00173492
0.00305973
0.0935304
0.0694544
0.0172938
0.00255031
0.00349799
0.00231245
0.0029425
0.00216762
0.00213265
0.0023952
0.000573089
0.00164227
0.00229223
0.00356737
0.00430947
0.00413846
0.00322876
0.01875
0.00171396
0.00335396
0.00286741
0.00877727
0.00272914
0.00119696
0.0100603
0.00371377
0.00259348
0.00201937
0.00258092
0.00157485
0.000626748
0.00186796
0.00349077
0.0127773
0.00184536
0.00157961
0.00271892
0.000640536
0.00163504
0.0247661
0.00244305
0.00164656
0.00944536
0.0138193
0.00095174
0.00468133
0.00263493
0.00117109
0.00205174
0.00132931
0.0253418
0.00398919
0.00779995
0.0116762
0.00284717
0.00193263
0.00274867
0.0130181
0.00377692
0.00142519
0.00350326
0.00245941
0.00856881
0.000573651
0.00585487
0.00508089
0.02145
0.0099399
0.00570914
0.000858854
0.00392869
0.000937902
0.00251432
0.00629684
0.00140474
0.0017395
0.00869295
0.00391232
0.000849753
0.00238787
0.00248087
0.00962819
0.00260265
0.0047967
0.0106351
0.0430764
0.00395085
0.00542955
0.0138386
0.00290758
0.0037063
0.010862
0.00707247
0.0198643
0.00248143
0.00389576
0.00836264
0.000769457
0.000632864
0.00558188
0.0647624
0.0305126
0.0104778
0.00387915
0.00119664
0.00379968
0.000900757
0.00357924
0.0169779
0.00494512
0.00111609
0.00118288
0.00709405
0.00309627
0.004702
0.017091
0.00347458
0.000840333
0.00203141
0.00315867
0.00285508
0.00107993
0.00262785
0.0198631
0.021715
0.0020647
0.00500121
0.00477815
0.00298463
0.00316749
0.00569041
0.00127805
0.012344
0.0143857
0.00277534
0.00282831
0.00561412
0.0920552
0.00336013
0.00226022
0.00252017
0.0395079
0.0510051
0.00150153
0.00118287
0.0354446
0.00193975
0.00798706
0.00216775
0.00219771
0.00225719
0.0155751
0.00204418
0.0197007
0.0131425
0.000750957
0.000424709
0.0238073
0.00928211
0.00689459
0.0123863
0.00383397
0.00656837
0.000820864
0.00416706
0.00125171
0.00773794
0.00233629
0.00389834
0.00158256
0.00752863
0.00226493
0.00708962
0.00228033
0.00477434
0.00445911
0.00243678
0.0210979
0.00357814
0.0027358
0.00117531
0.0040738
0.00759934
0.00125586
0.00664628
0.00415916
0.00996025
0.00102616
0.000689454
0.00402353
0.00593483
0.00270078
0.00223763
0.00235209
0.00204938
0.0229345
0.0312931
0.00737546
0.000846549
0.00295874
0.00374261
0.00176677
0.00110232
0.00306262
0.000626259
0.0179967
0.00194293
0.00237064
0.00111062
0.000783179
0.0134676
0.00280272
0.00236034
0.00232749
0.00227438
0.00124515
0.00537352
0.00385307
0.00228296
0.00420004
0.00927435
0.000980784
0.0042049
0.0597861
0.00161551
0.00150849
0.00570024
0.00356636
0.00447348
0.00236952
0.00231962
0.00814121
0.00356431
0.0027166
0.00422625
0.000337182
0.00396255
0.000966791
0.0105222
0.00175064
0.000508837
0.00222823
0.0318584
0.00481043
0.00115451
0.00246757
0.00153496
0.00691549
0.0106093
0.00790061
0.00391958
0.00278337
0.00244018
0.00269841
0.0225712
0.00408933
0.00164035
0.00153571
0.0021936
0.00197389
0.000918152
0.0221047
0.00325884
0.00178879
0.00101487
0.00518296
0.0154826
0.000730129
0.00329496
0.00168797
0.00620987
0.00143838
0.001843
0.00758741
0.00419851
0.00303219
0.00342187
0.00087005
0.00230106
0.00760416
0.00214599
0.00647626
0.00517998
0.00426003
0.00262693
0.00214953
0.00229021
0.0118595
0.0041131
0.00316388
0.00197103
0.0143686
0.00159787
0.00477378
0.00744154
0.00236306
0.000834697
0.00501712
0.00178294
0.00382029
0.00801456
0.00309074
0.01014
0.00165664
0.00342291
0.000714513
0.00251677
0.00075814
0.00553845
0.00183651
0.00642131
0.0437141
0.0245818
0.0110551
0.00244496
0.00107163
0.00443445
0.00173087
0.00227185
0.00483966
0.00103096
0.000234784
0.00482545
0.00130215
0.00779442
0.00902315
0.000595229
0.00480642
0.0118621
0.00828653
0.0113405
0.00160624
0.00210706
0.000534295
0.00240412
0.00905153
0.00783018
0.0230604
0.00243559
0.00587816
0.00201211
0.00512174
0.00451633
0.00155118
0.00362173
0.0128802
0.0026384
0.00344528
0.00356383
0.00216612
0.00329354
0.0107485
0.000728923
0.000679796
0.0020167
0.00239037
0.0183597
0.00677302
0.0234781
0.00326191
0.00415838
0.0114001
0.0177385
0.00281173
0.00555143
0.00451371
0.00108552
0.000344822
0.0159928
0.00320081
0.00718538
0.0182886
0.031066
0.012696
0.00204099
0.00660898
0.00315309
0.00133988
0.00963405
0.0117535
0.000881184
0.00113081
0.00947183
0.00262703
0.00536977
0.00115802
0.000656096
0.00981742
0.0011721
0.00590679
0.00132153
0.00345643
0.00510742
0.000917457
0.00203319
0.00192316
0.00286359
0.00201646
0.00429703
0.00224595
0.00477033
0.00622643
0.00377961
0.00612996
0.00131334
0.0137984
0.0316906
0.00414855
0.0117574
0.00268711
0.00204091
0.00224977
0.00385546
0.000939584
0.00160834
0.00221366
0.000859983
0.0021476
0.00427269
0.00102759
0.00903252
0.00164869
0.000906947
0.0020505
0.00913414
0.00839713
0.00137697
0.00717909
0.0584299
0.00694187
0.00210446
0.0026614
0.00181069
0.0138741
0.0265742
0.00421463
0.0233698
0.0115634
0.0411964
0.00158236
0.00187575
0.00153178
0.00333312
0.00110797
0.00349012
0.00207027
0.00255569
0.00415372
0.000883837
0.00225109
0.00204742
0.00656723
0.00102027
0.00301026
0.00104066
0.00082336
0.00137079
0.0235345
0.00559328
0.0587036
0.00329707
0.00781571
0.00104563
0.0153979
0.00130579
0.00113386
0.00336042
0.0263828
0.00112619
0.0025986
0.010539
0.00116747
0.0112222
0.00213758
0.00826087
0.0226961
0.0122724
0.00228149
0.0403437
0.00268621
0.00437886
0.00269579
0.012061
0.00487993
0.00457704
0.00506372
0.0024155
0.000960481
0.00123133
0.00534214
0.00177189
0.00147934
0.0167012
0.019222
0.00232319
0.00437216
0.0025782
0.0212156
0.0112048
0.00266366
0.00403529
0.00679533
0.00362677
0.00172869
0.00483743
0.0157636
0.0024186
0.0108302
0.00163381
0.00248139
0.00421835
0.00388003
0.00214884
0.00153976
0.0402806
0.00401764
0.0032766
0.00136402
0.00375699
0.0161886
0.00186909
0.00209915
0.00143018
0.00264475
0.00355175
0.00595516
0.00418962
0.0121018
0.00370171
0.00301345
0.00552373
0.00118678
0.012575
0.0018755
0.00635162
0.00159257
0.0385887
0.0289361
0.01489
0.00208576
0.00197399
0.00309374
0.00264892
0.00482794
0.00270083
0.00464944
0.0065291
0.00178354
0.00772653
0.00565969
0.0039723
0.00474451
0.000941479
0.00125678
0.0012962
0.013213
0.00142156
0.00233647
0.00382709
0.000939305
0.00147794
0.0231152
0.00193738
0.00678109
0.00401095
0.00236567
0.00314694
0.000469959
0.00208156
0.0106422
0.00237428
0.00620936
0.0113643
0.00187063
0.0020147
0.0185247
0.00589931
0.00254903
0.00368301
0.00195886
0.00284008
0.00120651
0.00204169
0.00114845
0.00364882
0.00238574
0.0271155
0.0156249
0.00563879
0.000388531
0.00254065
0.00301287
0.0146435
0.0215729
0.00159316
0.00936575
0.00405229
0.00206144
0.00222409
0.0267022
0.00623266
0.0396076
0.0017699
0.00222244
0.00493282
0.0013104
0.000261399
0.0121321
0.00050214
0.00422355
0.00743872
0.00256091
0.00455242
0.000865717
0.00244554
0.00225198
0.00904822
0.0137821
0.00326249
0.00339774
0.00121919
0.00355348
0.00170709
0.0058886
0.00738003
0.000353078
0.00739212
0.0200457
0.00229542
0.0060357
0.00380905
0.00302509
0.0146591
0.000964694
0.00635859
0.00634117
0.00399482
0.00250227
0.000966399
0.00141225
0.00219576
0.012914
0.0212246
0.00258201
0.00217785
0.000724515
0.00169857
0.00573808
0.00188508
0.00667572
0.001947
0.00408096
0.00785514
0.00402743
0.00222777
0.00113085
0.000803186
0.00136848
0.00263569
0.00884665
0.0152895
0.00279429
0.00943645
0.000858601
0.000671154
0.0246364
0.0127575
0.0013861
0.0262691
0.00276874
0.00264608
0.00840041
0.00129612
0.00569858
0.000300623
0.00389692
0.00163366
0.00201429
0.00284553
0.0180368
0.0021648
0.0185747
0.00260212
0.00224223
0.0140845
0.00332255
0.00668752
0.00549828
0.00294203
0.00371786
0.00223331
0.00284838
0.00266884
0.00501267
0.00083203
0.00665759
0.00274444
0.0108882
0.00211817
0.00335753
0.00134713
0.00225164
0.00576865
0.00176757
0.00256535
0.00599715
0.0010829
0.000887384
0.000767743
0.00231417
0.0113072
0.00340016
0.00109891
0.00513794
0.00402388
0.00114478
0.0148364
0.00259474
0.000949064
0.00481987
0.0039766
0.00706144
0.00166891
0.00296335
0.0127514
0.00975497
0.000834333
0.00586841
0.0254061
0.0110536
0.00143015
0.00629692
0.00472934
0.00295694
0.00247783
0.00241991
0.0108056
0.00169694
0.00183999
0.00264567
0.00121985
0.0013489
0.00413612
0.0067705
0.000483121
0.00141127
0.0566216
0.0261047
0.00481735
0.00153711
0.0193943
0.00323452
0.00336424
0.00888752
0.00386307
0.00279833
0.00115163
0.000964142
0.00044316
0.00214542
0.00508919
0.015274
0.00673037
0.00319146
0.000450463
0.00233964
0.027788
0.00203845
0.00275404
0.00193099
0.00116895
0.00371373
0.000785528
0.00269947
0.0200256
0.00260612
0.0204834
0.000998155
0.00128971
0.0207434
0.00149175
0.00379662
0.0446491
0.000720395
0.0145376
0.0131363
0.00133961
0.00272644
0.00199112
0.00224788
0.00294623
0.00138787
0.0252527
0.00335998
0.00199
0.00333817
0.00159509
0.00595709
0.000708227
0.000168832
0.00304216
0.00488829
0.00953862
0.00147404
0.00125125
0.0188323
0.00802019
0.0023283
0.0246291
0.00626097
0.000844007
0.00239045
0.00234015
0.00150133
0.00351254
0.0102119
0.0269912
0.0242574
0.032834
0.00126113
0.000917263
0.000319377
0.00686943
0.00501034
0.00405651
0.00536227
0.004253
0.00113495
0.000852575
0.00110103
0.00498663
0.0204475
0.00175818
0.00814765
0.00767409
0.00194074
0.00248543
0.00216751
0.00851955
0.00521208
0.00209446
0.00134908
0.012587
0.00112036
0.00281583
0.0013625
0.00345995
0.00320219
0.00266493
0.000535591
0.0197758
0.00232394
0.00224473
0.0079444
0.00258846
0.00108363
0.0388856
0.00204872
0.00180519
0.00184459
0.00229525
0.00926707
0.00191093
0.00172323
0.0131315
0.00531061
0.0178271
0.000934339
0.0113278
0.0084461
0.00450945
0.029008
0.00207856
0.0253934
0.00263205
0.00239901
0.00203431
0.0197685
0.00199523
0.00564947
0.00443682
0.00135151
0.00175592
0.00160253
0.00820424
0.00249804
0.00977635
0.00164118
0.00401617
0.0422772
0.00232287
0.00276558
0.00336369
0.00204065
0.00241038
0.00933369
0.000990342
0.00905977
0.00163678
0.000475291
0.00179247
0.000789866
0.00135978
0.0134314
0.0151002
0.00983293
0.00600908
0.00140098
0.00136512
0.0028629
0.0177503
0.0102474
0.00595369
0.00358217
0.0527109
0.0170375
0.00173606
0.00182142
0.00636159
0.00234299
0.00323261
0.018352
0.00279978
0.00431592
0.00339407
0.00233007
0.0175522
0.0117969
0.000812977
0.00160167
0.00139453
0.00923021
0.00154944
0.00181367
0.00158431
0.00242887
0.00154968
0.00552058
0.0016623
0.00907347
0.0181514
0.00195215
0.0261841
0.00315517
0.00209026
0.00421122
0.000922005
0.00501132
0.0101267
0.0521048
0.00695414
0.00428121
0.00254453
0.00305524
0.00111796
0.00739404
0.00351811
0.00194385
0.010303
0.0143209
0.0196788
0.00600976
0.000432991
0.00135601
0.00561155
0.0222896
0.00193866
0.00089663
0.0322738
0.0101947
0.00169376
0.00186433
0.0087257
0.000684416
0.044768
0.0018115
0.00439411
0.00793574
0.00562054
0.00415494
0.00694673
0.00180385
0.0143133
0.00122948
0.00175708
0.00321294
0.00276357
0.00143109
0.0100763
0.00554633
0.000641466
0.0015493
0.00727221
0.00117592
0.00113889
0.00172185
0.00247933
0.00159768
0.000529818
0.00305986
0.00141209
0.00175031
0.00273582
0.0058784
0.000287778
0.00852864
0.00192223
0.00283155
0.00268326
0.00291874
0.00167423
0.00834182
0.0036901
0.000883982
0.0234253
0.00368135
0.00301129
0.00272345
0.00023762
0.00341863
0.012941
0.00290896
0.00343956
0.00125281
0.0231975
0.00899899
0.000745098
0.00684026
0.007512
0.00268512
0.00118049
0.00291749
0.0053499
0.0031752
0.000824252
0.00513031
0.00815118
0.00373624
0.000270958
0.00409057
0.0017715
0.00401065
0.00913995
0.00145598
0.013109
0.00751385
0.00727155
0.00500798
0.0146386
0.000890729
0.00210872
0.000816042
0.0142619
0.019848
0.00413307
0.0352166
0.00333777
0.000919654
0.0101308
0.0210135
0.00518039
0.00224563
0.00796827
0.00216276
0.00128292
0.0147763
0.00687119
0.00395749
0.00190839
0.00347085
0.00206697
0.000448285
0.00255647
0.00978407
0.0018754
0.00718211
0.0181807
0.0018643
0.00306752
0.00193926
0.00155517
0.00194064
0.0248837
0.0021962
0.00246427
0.041981
0.0104549
0.0351425
0.00303571
0.0108997
0.00137434
0.00383762
0.00284457
0.00113013
0.00673483
0.00268261
0.00221729
0.00241513
0.00127679
0.00152727
0.00316569
0.00317505
0.00194772
0.00382846
0.00236922
0.00603426
0.00404804
0.000473167
0.00434101
0.00312865
0.00311857
0.00137076
0.00298785
0.0242824
0.00753416
0.00119206
0.00322218
0.00513493
0.0187366
0.025726
0.00221646
0.00109721
0.000863451
0.0026246
0.0142328
0.00664322
0.00779768
0.00175755
0.002581
0.00155632
0.00269342
0.00979047
0.000476879
0.00231762
0.00236694
0.0085245
0.00134145
0.00150717
0.00620191
0.00737171
0.00601595
0.031435
0.00392511
0.00369054
0.0083002
0.00314083
0.00134747
0.000338357
0.00269613
0.00191502
0.00935631
0.0215688
0.000148149
0.0065757
0.00292093
0.0052398
0.0102862
0.00149071
0.000459765
0.00318221
0.000944961
0.00251675
0.00719087
0.00192701
0.00348662
0.00151866
0.00041072
0.0139613
0.00554278
0.00231651
0.00251212
0.00634693
0.00657809
0.00458369
0.00268123
0.00151197
0.000575127
0.00540982
0.00131131
0.0239076
0.000238904
0.00325859
0.00354944
0.00924425
0.00370444
0.00435675
0.00175176
0.000913111
0.00695404
0.00129078
0.0324423
0.0023879
0.00184062
0.00149108
0.00053523
0.00206073
0.00223375
0.00126543
0.00207766
0.00184621
0.00939058
0.00195642
0.0225511
0.00101448
0.0336545
0.00334047
0.00326682
0.0207571
0.0398092
0.00340192
0.00554975
0.0026582
0.00267059
0.00319424
0.00212549
0.00269264
0.0018799
0.0149668
0.00202694
0.0145949
0.00815899
0.0015798
0.0011906
0.0013963
0.0244995
0.00101859
0.00411372
0.00496614
0.001303
0.00392854
0.00236735
0.00184247
0.00351249
0.00168577
0.0022238
0.00116204
0.00172257
0.000891503
0.00282734
0.00625603
0.0315535
0.00279956
0.00449615
0.0247285
0.00532593
0.0234165
0.0126987
0.00355538
0.00824014
0.0155387
0.00674937
0.0193778
0.0135033
0.0013122
0.00165945
0.00110984
0.0161209
0.00218581
0.00283828
0.0015028
0.0039874
0.00170937
0.00115309
0.00190079
0.0143081
0.000682888
0.00143335
0.0335015
0.000957214
0.00385825
0.00189106
0.00188513
0.00118694
0.0134653
0.00875657
0.00334963
0.000361488
0.00157105
0.00924315
0.00357983
0.00154128
0.00404237
0.000791064
0.00155254
0.00109155
0.000912136
0.0142796
0.000842584
0.00134104
0.000337204
0.00658115
0.000984299
0.004289
0.00265494
0.00270006
0.00596517
0.00088448
0.00165513
0.00197818
0.00770547
0.00353384
0.00100938
0.00107887
0.00234052
0.00633171
0.00134384
0.00705924
0.00217219
0.00402813
0.0833887
0.0194628
0.0086379
0.00181593
0.00246042
0.0322615
0.0105872
0.000731952
0.0385714
0.00692384
0.00507225
0.00467218
0.00633655
0.00156477
0.0037677
0.00204596
0.00518212
0.00296555
0.00429199
0.000938058
0.00693952
0.0148232
0.00118987
0.00188283
0.0336948
0.00209391
0.00254173
0.00310288
0.00340932
0.00059884
0.00313783
0.0120681
0.0043208
0.00162279
0.00202599
0.00788228
0.00216743
0.0158252
0.0020523
0.00913303
0.0319997
0.00175096
0.001605
0.0115751
0.0171664
0.00441799
0.00439581
0.00155281
0.00111904
0.00357603
0.00175725
0.00100418
0.00132965
0.0010331
0.00227335
0.00266751
0.00267107
0.00487575
0.00149017
0.00225045
0.00105047
0.0021944
0.00342958
0.00206499
0.00161536
0.000795496
0.00180467
0.0152599
0.00616491
0.00132672
0.0019302
0.00131019
0.0551476
0.0009242
0.00566798
0.00293765
0.00173465
0.00166518
0.00181278
0.0213019
0.00180783
0.00162029
0.00189939
0.00346291
0.00213136
0.00199516
0.000638509
0.000948338
0.00148815
0.000735445
0.00732156
0.00632733
0.00268315
0.000595672
0.0233058
0.0016842
0.00154905
0.00151623
0.0111895
0.00168064
0.00043746
0.00250304
0.00183723
0.00287436
0.00212707
0.00142159
0.0290603
0.00175731
0.0041058
0.00199658
0.00108628
0.00116348
0.00562858
0.00421758
0.00238496
0.000570083
0.00116067
0.00181722
0.00454352
0.0036411
0.00111383
0.00134331
0.00242759
0.00465409
0.00203842
0.0188897
