0.00310224
0.00124111
0.00536366
0.00341262
0.03217
0.00418787
0.000847689
0.00482167
0.000650622
0.0156931
0.0114229
0.00194274
0.00113732
0.00796757
0.0192413
0.00701707
0.00315226
0.00179978
0.0149488
0.00993474
0.0189421
0.00364652
0.0145863
0.00460558
0.0843753
0.00882106
0.0131882
0.000853888
0.015439
0.0159667
0.00678366
0.0358679
0.00599652
0.00369894
0.00413406
0.000950147
0.00485937
0.00823043
0.000760819
0.030103
0.00531713
0.00876134
0.0293004
0.0349523
0.00905182
0.00991612
0.0176229
0.00624189
0.0126843
0.0235622
0.00789255
0.0264474
0.00461458
0.0131659
0.00154294
0.0106937
0.00498415
0.000584377
0.0115338
0.000874242
0.0106325
0.0132186
0.00378439
0.00468271
0.0607314
0.000606207
0.00559359
0.0171682
0.00458634
0.00843135
0.0131981
0.00302798
0.00656772
0.0502082
0.0178302
0.0054846
0.0142462
0.0273904
0.00609215
0.00168408
0.00896218
0.020319
0.00351099
0.0111726
0.00170206
0.00544432
0.00617262
0.00277026
0.0108549
0.135706
0.0131528
0.0255212
0.000329692
0.0114529
0.0140179
0.000923811
0.0238596
0.0120029
0.00633018
0.0418616
0.0179264
0.0180115
0.00512453
0.0148846
0.000175099
0.0139075
0.00599103
0.00563363
0.00700317
0.0283901
0.00772231
0.00120138
0.0343083
0.00941928
0.0964834
0.0133477
0.033213
0.0118657
0.0095201
0.00853665
0.014259
0.00557831
0.00225023
0.00337037
0.00876555
0.00749188
0.0046064
0.00115951
0.00237971
0.000201667
0.00268413
0.0011927
0.00338656
0.0820079
0.0065936
0.00319376
0.00127595
0.00984768
0.0174648
0.0300491
0.00775123
0.0074518
0.00222988
0.0401242
0.000906376
0.00338944
0.0519739
0.000993079
0.0109079
0.00167306
0.0113122
0.000842213
0.00663515
0.00317662
0.0010349
0.0176516
0.00913667
0.0380976
0.00155794
0.0224167
0.0166423
0.0082988
0.000595723
0.000752102
0.0106406
0.0528615
0.00693865
0.00183698
0.00146662
0.00172347
0.00621135
0.016582
0.00500183
0.0354722
0.000497338
0.00395361
0.00697605
0.00839553
0.0356529
0.0230001
0.000855742
0.00882944
0.0190371
0.0110496
0.00665917
0.0234599
0.00153672
0.00144725
0.00261063
0.00170631
0.00774264
0.0257028
0.00131663
0.0123401
0.00299851
0.00710168
0.0189281
0.0638683
0.0242864
0.00765199
0.00817317
0.015281
0.00117261
0.000333648
0.0106443
0.00534753
0.0108777
0.0140421
0.00935651
0.0107322
0.0309308
0.00553839
0.0103923
0.000335953
0.00621301
0.00538631
0.00849268
0.0194581
0.0073139
0.00223831
0.019111
0.00163748
0.00641463
0.0323759
0.0321257
0.0156871
0.0103375
0.0313234
0.00432233
0.0115722
0.0305056
0.00506275
0.00932465
0.00627166
0.00209489
0.00193201
0.00612427
0.00597595
0.005316
0.000780578
0.000586536
0.0427575
0.0187386
0.0117752
0.00411567
0.0101501
0.0077019
0.00963554
0.00196491
0.00575137
0.00426139
0.0163248
0.00564533
0.00940291
0.00321174
0.00593348
0.00620349
0.00156965
0.00345649
0.00744344
0.0310596
0.00115
0.0017542
0.00322335
0.0260407
0.00199458
0.0738598
0.0048379
0.0034722
0.0031732
0.00375708
0.000496891
0.00642004
0.00645468
0.002864
0.0209486
0.0114416
0.00546615
0.0095809
0.00473685
0.0114928
0.00251629
0.0207549
0.0226684
0.00975433
0.00874876
0.00471029
0.0194368
0.0478309
0.0257712
0.0135093
0.00683537
0.041314
0.00270203
0.00399612
0.0119256
0.0186617
0.000449648
0.00226153
0.0169085
0.00141525
0.00252684
0.00413135
0.00314945
0.00467303
0.00344522
0.00907247
0.00202359
0.0011209
0.00492827
0.0354031
0.00282683
0.00372829
0.00188447
0.00148937
0.00358205
0.0114171
0.0648701
0.0125012
0.00720095
0.0200756
0.00566868
0.00233851
0.0146731
0.013486
0.00127175
0.00706528
0.00319122
0.00667616
0.00564495
0.0224044
0.00241098
0.00102068
0.000759401
0.000953
0.00110532
0.00573556
0.00279002
0.00311803
0.0053025
0.00423139
0.0271468
0.00162134
0.0575164
0.0111755
0.00243203
0.00478761
0.0353221
0.0114723
0.000593912
0.000842204
0.0194714
0.00101377
0.00154407
0.00624092
0.00587162
0.00845262
0.0220227
0.00537625
0.00519268
0.0256868
0.0104279
0.00332372
0.017695
0.012355
0.0150965
0.00465956
0.0150338
0.00606808
0.00450359
0.00380565
0.0372922
0.00252152
0.0195721
0.00413494
0.00570266
0.00510912
0.00140712
0.00535026
0.00399646
0.0419489
0.0335625
0.0584227
0.00747751
0.0183434
0.00445741
0.0444329
0.00124367
0.00427679
0.000866678
0.00801094
0.000535698
0.00874346
0.0023584
0.00786372
0.0211759
0.00155639
0.0279553
0.0185803
0.00485434
0.0119408
0.0104381
0.000854923
0.0187459
0.00266974
0.00518603
0.00832796
0.00806865
0.000221759
0.00982901
0.00793074
0.00670238
0.00813622
0.00486155
0.00542539
0.013209
0.046512
0.00162914
0.0205363
0.0225754
0.0237481
0.00676449
0.0281699
0.00614406
0.0154719
0.0103134
0.00449777
0.00482846
0.0498493
0.0120863
0.00513745
0.00327009
0.00204158
0.0136398
0.0180073
0.00632109
0.0544871
0.00654316
0.000868955
0.00379491
0.0205902
0.00435586
0.0220251
0.00322635
0.0115265
0.0125583
0.0164671
0.00753432
0.0137453
0.0026087
0.0153789
0.011984
0.0161764
0.0460343
0.0355177
0.00568355
0.000742376
0.00795667
0.00365483
0.00276279
0.00168593
0.00372214
0.0049495
0.0463566
0.00241056
0.00734033
0.0211871
0.0015969
0.00324657
0.00748996
0.00936048
0.0135899
0.00829565
0.00469982
0.0167283
0.0224094
0.0216763
0.00451735
0.00713366
0.00842605
0.00719193
0.00704138
0.0211022
0.004794
0.0118948
0.00556547
0.0013058
0.00532084
0.00614458
0.00549542
0.00728618
0.00301958
0.00538068
0.0146575
0.00459618
0.00266323
0.0058591
0.00441256
0.0188838
0.0115129
0.0221592
0.00836809
0.00120145
0.00341206
0.0105241
0.0123696
0.0580072
0.00208817
0.0108098
0.00752393
0.0168787
0.011425
0.00350333
0.00888524
0.00628062
0.00301266
0.00689391
0.00499444
0.00602389
0.0166121
0.0184965
0.00462698
0.00575518
0.00271206
0.00383599
0.0283273
0.00150667
0.000610083
0.00257829
0.00676852
0.00846868
0.000926978
0.00574245
0.00355351
0.020336
0.0352399
0.00141528
0.00665981
0.0170905
0.0128425
0.00422769
0.00777494
0.00297067
0.0018773
0.0312257
0.014478
0.0101904
0.0126489
0.0143288
0.00278482
0.00438552
0.036008
0.00463493
0.0309671
0.0492988
0.0314919
0.00254838
0.0190686
0.0243504
0.0282499
0.0201897
0.0017651
0.0129488
0.00990746
0.00731288
0.0298086
0.00108726
0.0573614
0.00283416
0.0207915
0.0016137
0.000658922
0.00470822
0.000888929
0.0125161
0.000497371
0.00424491
0.00695204
0.0405912
0.00359648
0.0445204
0.00337701
0.0187719
0.0325586
0.0315408
0.0262253
0.0160407
0.00633444
0.0050457
0.00378453
0.000399986
0.00340118
0.00614728
0.0323312
0.00141198
0.0291688
0.00410522
0.00912799
0.0085295
0.00764763
0.00453883
0.0082911
0.0110108
0.000964248
0.0111645
0.0164527
0.00883186
0.0628319
0.00700585
0.00526133
0.00434379
0.0323954
0.0211748
0.000258386
0.020888
0.00624405
0.0105267
0.00279069
0.00682394
0.0091174
0.00486312
0.00575571
0.00611633
0.00104596
0.00812303
0.00363196
0.0245119
0.0335698
0.0130977
0.00466504
0.00694934
0.00270661
0.00704755
0.0381527
0.00426478
0.00841943
0.0171215
0.00127614
0.0139177
0.00233529
0.0109485
0.00618208
0.00441797
0.00538173
0.0135585
0.00147266
0.00796004
0.0152894
0.0112548
0.00765634
0.0167607
0.00538247
0.00129366
0.0118802
0.00539719
0.0137043
0.00541136
0.0108386
0.00282636
0.00140291
0.00248477
0.00954069
0.00819438
0.00197093
0.0102198
0.00206702
0.00870476
0.00670239
0.00233835
0.0256201
0.00283931
0.0131546
0.122017
0.00828814
0.00517605
0.00123041
0.00788162
0.0151372
0.0126733
0.00278471
0.012008
0.00287866
0.000975733
0.0192382
0.0119238
0.0478407
0.00676042
0.0154376
0.00552277
0.00991365
0.0806408
0.0197888
0.0116788
0.00524965
0.0107949
0.012837
0.0123436
0.00120993
0.0115396
0.00719192
0.0039673
0.0211826
0.0120568
0.00144137
0.000487275
0.050273
0.0159492
0.0075614
0.00656085
0.00777754
0.0258956
0.00689564
0.000846822
0.000694286
0.0158656
0.0032834
0.00435748
0.0239676
0.0201822
0.00714732
0.00177666
0.000827127
0.0021752
0.000769819
0.023554
0.00334446
0.0225559
0.0104971
0.00959292
0.00221958
0.00280573
0.00343426
0.00536791
0.0102171
0.00663287
0.0173252
0.0280748
0.0192206
0.0120323
0.00308747
0.0635728
0.000944571
0.0163612
0.0237705
0.0141397
0.0139049
0.022392
0.0147003
0.0162335
0.00485933
0.0024146
0.00949265
0.0445795
0.00508425
0.0326849
0.00538631
0.00365476
0.00412515
0.0104747
0.00789096
0.00540316
0.0086566
0.000954127
0.0252206
0.00895542
0.000567882
0.00760335
0.00872104
0.0187606
0.0146078
0.00954676
0.0064603
0.0081401
0.00145955
0.00168512
0.0243347
0.00327499
0.0140683
0.0221704
0.00444331
0.00799357
0.00320783
0.00262564
0.00142543
0.00882733
0.000896596
0.0133237
0.0124669
0.0520348
0.00675478
0.012971
0.00618832
0.000919755
0.00359124
0.00681737
0.0230525
0.00385082
0.0077885
0.00145502
0.00844582
0.00436865
0.00829234
0.0110201
0.0365613
0.027452
0.0159887
0.00575498
0.00569333
0.125637
0.0129352
0.0049373
0.00310276
0.00195415
0.055152
0.00140025
0.01351
0.0294961
0.00553445
0.0181613
0.0167176
0.0114451
0.00424971
0.000844142
0.0168485
0.00342466
0.00618903
0.007138
0.00502194
0.0095686
0.0527889
0.0022689
0.0327425
0.0369778
0.0148127
0.00310049
0.021209
0.0122627
0.0156324
0.00302495
0.0133447
0.00113778
0.0147169
0.00341036
0.00172693
0.036625
0.022885
0.0132912
0.000685261
0.00692836
0.0161289
0.00434485
0.0016227
0.0914211
0.00591751
0.00608117
0.00764094
0.00856376
0.0135991
0.026886
0.0228921
0.00813994
0.00256503
0.0191375
0.0149425
0.00863617
0.000594861
0.0101329
0.00131135
0.00540035
0.00545475
0.00124776
0.0102999
0.0175535
0.0148544
0.00518613
0.0194967
0.00516727
0.0103877
0.058985
0.00857208
0.00442178
0.00100899
0.0102609
0.0150441
0.00720598
0.00959383
0.000944271
0.00368119
0.00369626
0.00696244
0.0271227
0.00477031
0.0103629
0.0218002
0.0045641
0.0186322
0.00485055
0.00250184
0.0174348
0.0256998
0.0113762
0.00282646
0.00641457
0.00993849
0.00951017
0.00262699
0.017995
0.00521823
0.0125966
0.00897492
0.0111103
0.0255529
0.0193876
0.00669174
0.00363856
0.00666821
0.00044451
0.0325962
0.00900876
0.0027386
0.0153286
0.00873711
0.0110235
0.00709938
0.0151442
0.0119412
0.00347235
0.0199644
0.0164125
0.0205808
0.0377785
0.0142429
0.00191831
0.0290806
0.0058478
0.010421
0.00655088
0.00600335
0.00582229
0.0531962
0.0348461
0.00720677
0.00579454
0.0185398
0.00105466
0.0250547
0.0175793
0.00511943
0.0275681
0.00356246
0.0219329
0.0023522
0.016235
0.00107703
0.000982414
0.0477198
0.00402493
0.00463262
0.00218029
0.0255268
0.015497
0.0109209
0.00441309
0.00395455
0.00643558
0.0174764
0.0125272
0.0269345
0.01029
0.0440477
0.00335253
0.0105565
0.00837552
0.0047116
0.000950656
0.00291885
0.00544207
0.0106067
0.00235209
0.0124231
0.00428616
0.0126131
0.0100591
0.00489214
0.00194283
0.0278013
0.003471
0.0210552
0.024575
0.0036746
0.00645402
0.0036371
0.00606696
0.0338076
0.00130482
0.0374406
0.0148307
0.000386346
0.00367705
0.00377284
0.00650054
0.00524537
0.0199149
0.00133151
0.00955224
0.0151444
0.00622681
0.0103442
0.0043163
0.0111994
0.00110012
0.00912385
0.00375137
0.0107668
0.00111605
0.00584316
0.0031743
0.0158747
0.0106453
0.0286372
0.0229718
0.000856357
0.0139958
0.115021
0.0078845
0.00499118
0.00508427
0.0242319
0.00640999
0.00701511
0.00512766
0.00924052
0.00445635
0.0185622
0.00126472
0.00966597
0.000366878
0.0796478
0.00687796
0.0332052
0.0298435
0.00931896
0.00989338
0.00799394
0.000848211
0.00920282
0.0126285
0.00212496
0.00096568
0.00112608
0.0634659
0.00313041
0.0295864
0.00643327
0.00428023
0.000444975
0.0134784
0.00657491
0.00102477
0.00997091
0.00287739
0.0265324
0.0587869
0.0112189
0.0023543
0.0109145
0.00637948
0.00674075
0.00490533
0.00511711
0.00753899
0.0365014
0.0317019
0.00529273
0.03237
0.00468942
0.0549696
0.0122814
0.00100234
0.0123462
0.00135818
0.000257147
0.00847767
0.0111723
0.00401022
0.0141262
0.0279609
0.0188265
0.00415896
0.00396633
0.0566665
0.105004
0.00130524
0.014918
0.0027321
0.0048357
0.000861199
0.040258
0.0124915
0.00845504
0.000894427
0.0252642
0.00450646
0.0248164
0.00300283
0.00384487
0.0108485
0.00120743
0.00373298
0.00470449
0.0473788
0.0118424
0.0198315
0.0020379
0.00763461
0.00344983
0.00103287
0.00226516
0.0019671
0.0120446
0.0106971
0.00998502
0.131443
0.0634048
0.0172221
0.0375432
0.0222587
0.0502992
0.00957545
0.00698651
0.0573178
0.00527612
0.0150041
0.00106463
0.0151867
0.00223196
0.00412542
0.00279573
0.0105207
0.0345355
0.0232947
0.0047121
0.0323063
0.005319
0.00366786
0.00758059
0.0260522
0.0657226
0.0142486
0.0151654
0.00827739
0.0088458
0.0137308
0.0104623
0.00998267
0.00821818
0.00722105
0.00255557
0.040945
0.00612155
0.00833935
0.0157778
0.00135967
0.019057
0.0212322
0.00406966
0.0200961
0.00596612
0.00971927
0.0137363
0.0255556
0.00925405
0.00223444
0.00777534
0.00457275
0.0163047
0.00545205
0.0308436
0.0011846
0.0172751
0.00309768
0.0119086
0.0185777
0.0155517
0.00201648
0.00863061
0.0153888
0.00645169
0.0147669
0.0268436
0.00156641
0.0142331
0.00141553
0.00134289
0.0263452
0.00281891
0.00467828
0.0167767
0.000313814
0.00518816
0.000556992
0.00509281
0.00117327
0.0135056
0.00810373
0.000558454
0.0282378
0.000748256
0.00769677
0.00414692
0.0158498
0.00611335
0.0133429
0.00668683
0.0262244
0.00193816
0.00126739
0.0163031
0.0262976
0.0197153
0.00487929
0.000488493
0.0089273
0.0274518
0.0113541
0.00118172
0.00408095
0.00173822
0.00891088
0.0268133
0.0216747
0.00814486
0.0341861
0.000988487
0.00388334
0.0153578
0.00460667
0.00195607
0.00338287
0.003547
0.00635119
0.0119961
0.00435347
0.00224995
0.00871386
0.0144707
0.0178122
0.00320431
0.0901611
0.0066405
0.0222574
0.00809952
0.0181968
0.00549961
0.00520767
0.00159333
0.00669093
0.033078
0.0199431
0.0164606
0.000452455
0.00799212
0.0209918
0.0110959
0.000162177
0.0272884
0.00423888
0.00939941
0.00447425
0.012464
0.00494865
0.0242335
0.0252707
0.00184639
0.00265367
0.00911368
0.000449111
0.0162783
0.00452843
0.00639269
0.00722122
0.00966792
0.00112921
0.00349319
0.00979064
0.0276471
0.00975125
0.00218861
0.000632297
0.0128982
0.00454468
0.00402053
0.0136706
0.00585156
0.0102447
0.0263395
0.0125934
0.0337433
0.00170736
0.0204847
0.0170195
0.00469672
0.00152479
0.00781251
0.000356374
0.0110501
0.00569982
0.00496165
0.011973
0.0325036
0.00640534
0.00608193
0.00940801
0.0100194
0.0105972
0.0170079
0.00111035
0.00226477
0.0350498
0.0255278
0.0110928
0.00716466
0.0117817
0.00519813
0.0196451
0.0128922
0.00560216
0.0003936
0.00458966
0.00230824
0.0171205
0.0102623
0.0048674
0.00216671
0.00295931
0.00868754
0.0287827
0.000983534
0.00327045
0.00111678
0.00691255
0.00208602
0.00973047
0.000873557
0.000328612
0.00382478
0.00254317
0.0267833
0.00711258
0.0158159
0.0184818
0.00780816
0.00922416
0.0734031
0.0138271
0.0211995
0.00406061
0.0152322
0.00917583
0.00615294
0.000322604
0.0281708
0.0143703
0.0140395
0.0192023
0.00670178
0.000716212
0.010238
0.0107543
0.00453521
0.00390694
0.0028089
0.00780174
0.0064608
0.00497681
0.0103267
0.000897831
0.0752287
0.00560895
0.00820677
0.00465124
0.0056807
0.00267074
0.00981818
0.0060452
0.0596097
0.00619297
0.00116608
0.0126059
0.0609753
0.00209534
0.025883
0.00151148
0.00386954
0.00859758
0.0074716
0.00630162
0.0176725
0.0601425
0.00143394
0.00107288
0.0082124
0.00149275
0.01663
0.00422538
0.0132764
0.00367858
0.0136508
0.00734112
0.00834718
0.00593104
0.0160718
0.0177359
0.00113194
0.00647317
0.0392361
0.00132962
0.00571258
0.0036882
0.0187764
0.0321516
0.00319768
0.00231761
0.00687889
0.0454541
0.00572106
0.00107051
0.00137793
0.00700831
0.00422948
0.00863882
0.0161787
0.00254945
0.00476397
0.00340536
0.00516955
0.036458
0.00290557
0.00904539
0.00808673
0.00229489
0.01118
0.00209302
0.0732908
0.00330717
0.00151778
0.0406576
0.000798781
0.008636
0.00165041
0.00301751
0.00313335
0.0059454
0.0134336
0.0112672
0.0222277
0.0053746
0.00219856
0.00166891
0.00472027
0.00110683
0.00498456
0.0376646
0.00130581
0.00598195
0.00680582
0.0117311
0.00264924
0.00212634
0.00124909
0.00526269
0.0122474
0.00251182
0.0171188
0.0081221
0.0510414
0.000993735
0.0121065
0.0171578
0.0118117
0.0211161
0.0145781
0.0144294
0.0187693
0.00505269
0.00272282
0.0100946
0.00471008
0.000416988
0.00285205
0.00406575
0.00615119
0.00700456
0.0114572
0.00391448
0.0202307
0.00507704
0.00659991
0.028407
0.0123603
0.00308856
0.0029385
0.0944594
0.0334148
0.0296805
0.00118037
0.00376902
0.00130936
0.0365187
0.00363161
0.00701503
0.00643601
0.000918641
0.00957939
0.0027787
0.00133719
0.0118722
0.000775674
0.00561017
0.00866179
0.00856008
0.0149839
0.0185882
0.00406797
0.0457236
0.019479
0.00519521
0.0304237
0.00213705
0.0106573
0.00106814
0.00388679
0.0304731
0.00270874
0.00657458
0.00627893
0.0118508
0.00143872
0.013098
0.012056
0.0134095
0.00213932
0.0112602
0.0281593
0.00152324
0.00649804
0.0280985
0.00528001
0.00823222
0.0107809
0.0127398
0.0063596
0.00438936
0.00292364
0.000535763
0.00550066
0.00922676
0.00439172
0.0201983
0.00831187
0.00980476
0.00212688
0.00235651
0.00145865
0.00819578
0.00989602
0.00234307
0.00244559
0.0210424
0.00286509
0.0445263
0.00832078
0.00315656
0.00884908
0.00532563
0.0022687
0.00291588
0.0283066
0.0116274
0.013119
0.00617459
0.0413797
0.0443764
0.00978081
0.00775265
0.0029516
0.0119872
0.00596186
0.00894409
0.00762
0.0211743
0.000622822
0.00547925
0.0555202
0.000912086
0.0297815
0.00979373
0.0131547
0.00102877
0.0076659
0.000761316
0.000853553
0.0119304
0.00102613
0.000887085
0.00107038
0.0160793
0.00100989
0.000648907
0.00916387
0.00214202
0.0143826
0.00379547
0.00929912
0.00108423
0.00511665
0.0117826
0.00867488
0.0178726
0.00392815
0.00398668
0.0491615
0.0395855
0.00345907
0.00549181
0.00777041
0.00475395
0.024191
0.0173777
0.0176479
0.00170482
0.0162036
0.00450557
0.00690754
0.0246239
0.00260149
0.00206084
0.0151113
0.00250005
0.00465509
0.0112164
0.00185669
0.00389162
0.00813495
0.00592629
0.00843467
0.00471198
0.0319669
0.00161869
0.00278741
0.00613758
0.00673645
0.0641067
0.0171651
0.00347702
0.0334091
0.0114073
0.00650276
0.011171
0.00379444
0.0694938
0.0159628
0.0154631
0.010431
0.00924872
0.0036268
0.0115286
0.00895552
0.00171275
0.00166946
0.00191825
0.0142757
0.0177477
0.0192356
0.014271
0.0103246
0.0105219
0.0120036
0.0865296
0.00405893
0.00276448
0.0110938
0.0509452
0.0110947
0.0101904
0.00911308
0.046492
0.00380859
0.0282273
0.0197667
0.00453791
0.00314275
0.00867575
0.0311345
0.0273677
0.0131223
0.00690432
0.00091751
0.00590835
0.00136476
0.00416774
0.00309644
0.0104208
0.00511789
0.00848016
0.00464246
0.00116317
0.0225947
0.016004
0.01429
0.0313422
0.00915755
0.00598734
0.00823465
0.00484892
0.0212332
0.0161689
0.0014258
0.00965929
0.0932429
0.0133338
0.0043805
0.00456168
0.00460348
0.000968878
0.00117476
0.00216992
0.0033571
0.00752812
0.00491074
0.00809751
0.0138796
0.0109611
0.00510652
0.00479035
0.0111714
0.00552347
0.0284993
0.013214
0.0200563
0.0041175
0.00810162
0.0119417
0.00166931
0.012316
0.0591999
0.00910547
0.0484852
0.0420972
0.0136306
0.00356964
0.00902747
0.00758764
0.00170773
0.0268511
0.00365826
0.0281612
0.00553785
0.0210377
0.000754412
0.00349086
0.00122222
0.0122132
0.00107633
0.0124485
0.00421549
0.0129587
0.00365082
0.00664952
0.0686791
0.00754441
0.00575805
0.017586
0.0108076
0.00386687
0.00340733
0.00723186
0.0656547
0.00351971
0.0171713
0.00133315
0.00101417
0.00537973
0.00840468
0.00397231
0.00845249
0.00201833
0.00254753
0.079632
0.00902773
0.0144716
0.028704
0.00334646
0.0215746
0.0371086
0.000870267
0.0488142
0.00107298
0.00111651
0.105975
0.00308821
0.0039237
0.0040174
0.00190232
0.00747212
0.0132859
0.0276192
0.00715441
0.0114816
0.00622906
0.00571925
0.0155103
0.00341772
0.00431094
0.01292
0.0535682
0.00382355
0.0268303
0.0393339
0.00139082
0.00188895
0.0114363
0.0503157
0.0024972
0.00534267
0.00312576
0.0167422
0.00712324
0.00794499
0.0013182
0.0133034
0.0186182
0.00560927
0.00356922
0.00339872
0.00429952
0.0240433
0.0282088
0.00680863
0.00413356
0.015114
0.00550875
0.00732515
0.013386
0.015848
0.0115557
0.000163879
0.00590522
0.0150778
0.0208804
0.0153496
0.00407606
0.0140298
0.00163742
0.00458262
0.00933568
0.0691434
0.0465956
0.00791189
0.00717951
0.00235378
0.00620014
0.00427994
0.00114927
0.00206664
0.00334043
0.0136872
0.0232349
0.00678886
0.00211438
0.00242104
0.00822314
0.00279856
0.00773757
0.00453064
0.00274424
0.00369835
0.00153846
0.00195576
0.00440294
0.00603029
0.00107729
0.0148777
0.00418883
0.00294144
0.0138483
0.00620874
0.00140652
0.000925701
0.00388535
0.01355
0.026482
0.0108401
0.00513747
0.00155745
0.0275832
0.00464154
0.00545826
0.0158163
0.00997829
0.0143807
0.00372714
0.0913549
0.0036657
0.00243215
0.0320204
0.00297263
0.0177514
0.0223834
0.00493256
0.0145598
0.00188135
0.0118829
0.00864682
0.00972913
0.0085975
0.00258356
0.0275328
0.00473995
0.00127507
0.0233718
0.0157333
0.0258879
0.0252471
0.00333047
0.0102106
0.0158689
0.0291982
0.0167955
0.0198186
0.0138011
0.0149258
0.00127714
0.0013849
0.00726926
0.023969
0.00136143
0.0024478
0.0195773
0.00640437
0.00179311
0.0352395
0.0101631
0.0203725
0.0037253
0.0107635
0.0120601
0.0163813
0.00319671
0.00461409
0.0164139
0.000730557
0.00620365
0.00594437
0.00315133
0.000964635
0.0119519
0.00783783
0.00844893
0.0151596
0.0126405
0.0406413
0.00624255
0.00422409
0.0015292
0.00384289
0.00317973
0.00151618
0.0119239
0.0127809
0.0103342
0.0104404
0.0182712
0.0216312
0.00892565
0.0197054
0.00585774
0.00354592
0.0025736
0.0218522
0.00978149
0.0035427
0.0038566
0.00622368
0.00645391
0.00821516
0.0404657
0.00433099
0.00915114
0.000993905
0.0189037
0.00157249
0.0054451
0.00687547
0.0909098
0.0100231
0.00710097
0.0165873
0.00678249
0.00257433
0.0062568
0.00720876
0.00607086
0.000663186
0.00570159
0.00897394
0.00224568
0.00605565
0.00998125
0.00724676
0.00402217
0.00212472
0.00138312
0.0118989
0.00100943
0.0589941
0.00386976
0.00784206
0.0012001
0.00687615
0.0469236
0.0142479
0.00869881
0.00214703
0.00662516
0.0175323
0.00138762
0.0175866
0.00583337
0.00581793
0.033171
0.082839
0.0143342
0.000293034
0.00259537
0.00467421
0.00457843
0.00491793
0.003496
0.00605333
0.00326122
0.00155258
0.000745463
0.01087
0.0177716
0.0179249
0.0042933
0.00464517
0.00173957
0.0095867
0.00750788
0.0155971
0.00822593
0.00832435
0.0343256
0.00375708
0.00376961
0.0109632
0.00152316
0.004217
0.0400844
0.0126439
0.00924539
0.0063164
0.000703404
0.0254544
0.0112166
0.00410562
0.00739014
0.0668384
0.000689571
0.0053421
0.0275869
0.00141396
0.00750151
0.0103727
0.0282342
0.00230906
0.0093096
0.00912486
0.0377317
0.0296689
0.0191535
0.00360728
0.00165616
0.0126094
0.00767593
0.0178281
0.00483625
0.00472071
0.00205182
0.0048914
0.00606222
0.0124589
0.00206512
0.0173784
0.00560552
0.0109182
0.0167795
0.0114233
0.00415708
0.109683
0.023494
0.00185732
0.00338104
0.0101381
0.0131259
0.00814821
0.00457058
0.00977218
0.0186415
0.000858324
0.0119286
0.0039597
0.0479971
0.00307448
0.00263738
0.00999201
0.0324882
0.00791253
0.000620272
0.0091702
0.0102558
0.0140774
0.0267648
0.00451436
0.022246
0.00528677
0.00464447
0.00907857
0.00243466
0.00721714
0.00087756
0.00809023
0.00999911
0.0063412
0.00994449
0.00467457
0.00156099
0.00109402
0.00489126
0.00217551
0.0110626
0.00124618
0.00475728
0.0272858
0.00398506
0.0049114
0.0167653
0.0151526
0.0303854
0.0051457
0.00119533
0.00506406
0.00629179
0.00830453
0.021646
0.00141915
0.0167222
0.00402088
0.00983719
0.00684331
0.0144788
0.00459383
0.0214261
0.0106193
0.00448854
0.00317768
0.00905687
0.0101993
0.0146063
0.00075457
0.00172981
0.00432248
0.00615894
0.0112838
0.00452364
0.00702873
0.00333856
0.0311268
0.0477492
0.00891615
0.00591336
0.0119308
0.0615998
0.0305671
0.00599282
0.0140876
0.0038302
0.0176619
0.00951209
0.000878454
0.000638391
0.00131432
0.0093013
0.0149493
0.0147976
0.04541
0.00624365
0.0251361
0.028474
0.00497953
0.000789193
0.00546074
0.0125876
0.0015396
0.0248364
0.00939426
0.00492989
0.00794375
0.00149052
0.0253651
0.030167
0.0309901
0.00188663
0.00336914
0.0595531
0.00216687
0.00111967
0.00149409
0.00632257
0.00825646
0.00107118
0.00661616
0.00233231
0.0131571
0.0328105
0.00511848
0.0062715
0.00210128
0.0261818
0.00443316
0.00321283
0.00200005
0.00611358
0.00565168
0.0342207
0.0137949
0.0133201
0.00351946
0.00698979
0.077834
0.00437795
0.0543002
0.0161771
0.0272113
0.0070554
0.00425409
0.00525843
0.00300527
0.00159039
0.0231902
0.00247333
0.0173218
0.0203925
0.0121696
0.00690073
0.00530468
0.00352669
0.00132807
0.0130184
0.0181633
0.000708513
0.00129404
0.0102438
0.00794252
0.0172486
0.00499389
0.00587522
0.0014184
0.0037365
0.0115574
0.00577087
0.00278802
0.00500725
0.00119414
0.00591336
0.012998
0.00769695
0.0791124
0.0156788
0.0472188
0.00201169
0.0591321
0.0167876
0.00108666
0.0206826
0.000609582
0.00357399
0.0048477
0.00113568
0.0084843
0.00266688
0.00528845
0.00664819
0.0065553
0.00198166
0.00852444
0.00608869
0.0129663
0.00789842
0.00343867
0.0102497
0.00258353
0.0154392
0.0610188
0.00978989
0.00724558
0.033009
0.0105168
0.00393236
0.0077746
0.00458609
0.0118126
0.0121887
0.00731778
0.0569019
0.000333737
0.0167651
0.0348743
0.00154111
0.00134618
0.048596
0.00635811
0.00562275
0.00907716
0.00715432
0.0215999
0.032426
0.0209339
0.00615743
0.00682711
0.00409861
0.00899181
0.00773618
0.00107264
0.00283275
0.0252256
0.00578954
0.00313813
0.00169232
0.00945247
0.0860603
0.00152213
0.00951674
0.00720049
0.00538011
0.0062631
0.00477939
0.0045108
0.00901588
0.00146379
0.00148299
0.00417458
0.00557233
0.0117444
0.00332433
0.00590143
0.00285698
0.00366023
0.00918472
0.00229622
0.00229519
0.00743074
0.0288834
0.00803555
0.00740378
0.00233933
0.00330354
0.0116551
0.0053705
0.000332853
0.0289979
0.00171304
0.015634
0.024439
0.0017072
0.0182367
0.00348
0.0141639
0.00387663
0.0164467
0.000747144
0.0245623
0.0130185
0.0195466
0.0194444
0.0136815
0.006402
0.0199767
0.0500921
0.00862761
0.000949827
0.0166931
0.0160501
0.00435775
0.00868017
0.00554357
0.0330625
0.00781223
0.00787747
0.0043261
0.0636786
0.0012662
0.0144833
0.0299793
0.0116631
0.00289283
0.00411883
0.00436501
0.0504138
0.00852546
0.0145786
0.00335704
0.00480083
0.030111
0.0228702
0.00635511
0.00116993
0.0203605
0.0233749
0.00369477
0.0185945
0.000418935
0.00601741
0.0331749
0.00324022
0.00446978
0.0143641
0.0330492
0.0153496
0.0054711
0.0327619
0.0160354
0.00407835
0.00321637
0.0082803
0.000648022
0.00573111
0.00318568
0.0114082
0.0171991
0.004017
0.000912022
0.00382711
0.019336
0.00251102
0.018162
0.0148804
0.0128174
0.0120985
0.013142
0.00211431
0.0034112
0.0172542
0.00338019
0.0162699
0.0219879
0.0860382
0.00733124
0.0134301
0.00560995
0.00060379
0.0114655
0.00347924
0.0148727
0.0102472
0.00516711
0.00347741
0.0012273
0.0128369
0.020993
0.00585909
0.0134659
0.00504075
0.00161778
0.0191351
0.0434463
0.00705835
0.0117228
0.0177033
0.0059809
0.0019786
0.00458676
0.0137392
0.00973093
0.0667543
0.0131454
0.0135996
0.00407357
0.000548108
0.00797912
0.0307385
0.00759151
0.0512453
0.00792454
0.0131787
0.00123685
0.00251492
0.00427807
0.00218861
0.00649467
0.00605536
0.0045334
0.00827622
0.0257956
0.00660927
0.0237651
0.0154693
0.015128
0.00759735
0.0165144
0.0184451
0.0271415
0.00759561
0.00556858
0.0151966
0.00168333
0.00453276
0.0142242
0.0137321
0.0129888
0.00838316
0.00228654
0.00819734
0.0248916
0.0103202
0.00375653
0.0156565
0.00438188
0.0273334
0.0197345
0.00143621
0.0121707
0.00901065
0.0528468
0.00936953
0.000275789
0.023924
0.00157468
0.0227363
0.010214
0.0302115
0.00155029
0.0407095
0.0236039
0.00584117
0.0038966
0.00979586
0.0364785
0.00289673
0.0143814
0.000764995
0.00258557
0.00475404
0.00132518
0.0203872
0.00135908
0.0115308
0.00744222
0.0170547
0.00563606
0.0153928
0.00539588
0.0127006
0.0150481
0.00142116
0.00289509
0.0118712
0.00135973
0.000228514
0.00996111
0.00439619
0.0207124
0.00949506
0.00310425
0.000874371
0.0789137
0.00399238
0.00694228
0.00937759
0.00219971
0.00073925
0.0284905
0.0139214
0.00359512
0.00349836
0.00973553
0.00311664
0.0107139
0.00717165
0.0221052
0.00135641
0.00295371
0.00467929
0.00157461
0.00208021
0.00298553
0.010234
0.00889078
0.0113542
0.0240497
0.00234829
0.015929
0.00298558
0.0176857
0.00630349
0.00370953
0.00289398
0.00300684
0.0527995
0.00168341
0.0422137
0.0163062
0.0250497
0.00731747
0.00239908
0.00731672
0.00976222
0.0137867
0.00379586
0.00117128
0.00555961
0.00393278
0.0164934
0.00708998
0.000287538
0.00468427
0.0131224
0.00779855
0.00833592
0.00547678
0.00136032
0.016661
0.0119339
0.0483857
0.00398066
0.00303252
0.00510702
0.00121324
0.00693063
0.00405146
0.00422767
0.00716969
0.0447846
0.00454244
0.062116
0.0389913
0.00481837
0.0111771
0.0497385
0.0172301
0.00783347
0.00448412
0.00191465
0.0122051
0.00488001
0.00630887
0.00527985
0.0107661
0.000719976
0.011684
0.00562466
0.00116286
0.024064
0.00657234
0.0012457
0.04821
0.00707908
0.00196713
0.00242743
0.0103997
0.00228588
0.00133851
0.0237226
0.0501292
0.0195528
0.00392016
0.00715734
0.0127015
0.0155452
0.00536502
0.0174543
0.0176185
0.00357353
0.00533298
0.00554524
0.0219859
0.00296818
0.000640002
0.059761
0.017425
0.00533417
0.000903879
0.00130324
0.0837434
0.00180072
0.0206663
0.00798526
0.00384117
0.0017054
0.017513
0.018901
0.00262928
0.00999212
0.0161762
0.0118455
0.0055994
0.0170426
0.00854779
0.00447287
0.00469968
0.00943338
0.00755836
0.0102602
0.01457
0.0417796
0.0138755
0.00566689
0.00119118
0.0105223
0.0368062
0.00988333
0.00355446
0.0038348
0.0040998
0.00361132
0.0128148
0.00888581
0.0045211
0.0293316
0.00722658
0.0153152
0.00448426
0.00853379
0.00329369
0.000586581
0.0209507
0.0216116
0.00498777
0.00495329
0.0265261
0.0101396
0.00995265
0.00273054
0.0315746
0.00416123
0.00276554
0.019484
0.00824311
0.0137905
0.00278345
0.0179761
0.0336282
0.0203055
0.00308116
0.00982002
0.0153438
0.0149574
0.00781333
0.0159685
0.0477161
0.0066505
0.00110218
0.0277207
0.00137402
0.00140717
0.0130272
0.00192738
0.0190368
0.0455084
0.00885644
0.0291287
0.00492197
0.00586539
0.00100261
0.0338253
0.000663554
0.000342467
0.00179097
0.00831085
0.0907883
0.00128964
0.0105787
