0.00134759
0.00482699
0.00532998
0.0014721
0.0027997
0.00106368
0.000578013
0.000680566
0.000969868
0.000959442
0.00239685
0.00109205
0.00660213
0.00192048
0.00281399
0.000221303
0.0020251
0.00126108
0.00320242
0.000517367
0.0018841
0.00145293
0.000799862
0.00133026
0.0019389
0.00160012
0.000544924
0.00118508
0.0013363
0.00219412
0.000929604
0.000921355
0.000412127
0.00113884
0.00169882
0.000562529
0.00159132
0.00262651
0.00238682
0.0013895
0.00146635
0.00232176
0.0022674
0.00175251
0.00103266
0.00107414
0.00130822
0.00156779
0.000466021
0.00175668
0.000974017
0.000935822
0.0033089
0.00134197
0.00117767
0.00144762
0.000470732
0.000516164
0.00200538
0.00114174
0.00156382
0.00060035
0.00158697
0.000178157
0.000992596
0.00197187
0.00253809
0.0028539
0.00117589
0.00186609
0.00263964
0.00187348
0.00289246
0.00150784
0.00171196
0.000929045
0.00139343
0.00111722
0.00192683
0.00243883
0.00257136
0.00128229
0.00134855
0.00190954
0.000562427
0.00618837
0.00159306
0.00235041
0.00362551
0.00228291
0.000777655
0.00101706
0.00117319
0.000343328
0.00120153
0.00149503
0.00329584
0.00273837
0.000404407
0.0029104
0.00106295
0.000651786
0.00194381
0.000943778
0.00102017
0.001918
0.00654822
0.000543307
0.00338508
0.0010451
0.00165052
0.000793329
0.00230706
0.000939931
0.00176156
0.00207553
0.00103349
0.000615939
0.00177028
0.00160339
0.00126703
0.00155623
0.000833674
0.000760397
0.00301944
0.00170248
0.00126267
0.000606036
0.000856071
0.00188333
0.00167832
0.00144876
0.000307865
0.0024944
0.000407021
0.00278291
0.00105769
0.00217215
0.00136936
0.00105494
0.000847339
0.00202918
0.00167715
0.00122664
0.00112495
0.000334866
0.00285874
0.00210761
0.00369181
0.00124497
0.00616796
0.001918
0.00220612
0.000584142
0.00150295
0.00102471
0.000575004
0.000580503
0.00432336
0.00198495
0.00112694
0.000593047
0.00129922
0.00108434
0.00164774
0.00443427
0.0106433
0.00317814
0.00129404
0.00152036
0.00172084
0.00100783
0.00139484
0.00193982
0.00162847
0.000991724
0.000713699
0.00123776
0.0017223
0.00160423
0.00189991
0.00145655
0.00205183
0.00192382
0.00295019
0.00472897
0.00185684
0.00079639
0.00168306
0.0032588
0.000488184
0.000930391
0.000983375
0.00637432
0.00309106
0.000534724
0.0105038
0.000974521
0.00114745
0.00160216
0.00155626
0.000911079
0.000673801
0.00452112
0.000852012
0.00157809
0.00167695
0.00139156
0.00224709
0.00475976
0.000484192
0.00151772
0.000964483
0.00293174
0.00343154
0.000491978
0.00168284
0.00122423
0.00112548
0.00173224
0.000464214
0.000922555
0.000795141
0.000335707
0.00154399
0.00239517
0.0010478
0.000820732
0.00145297
0.00241809
0.00532707
0.0016855
0.000871573
0.00343627
0.0020329
0.00138121
0.00305904
0.00109962
0.00115609
0.00687268
0.00057408
0.00145862
0.0018133
0.00258183
0.00123683
0.00478164
0.00156137
0.00148228
0.00183254
0.00199055
0.00397785
0.0015557
0.000483668
0.00215883
0.00302932
0.00173133
0.00237527
0.00239253
0.00396201
0.00174546
0.000483705
0.00270405
0.00146324
0.000599358
0.000555909
0.00316116
0.00117425
0.00133857
0.00188162
0.00195235
0.00186565
0.00102978
0.00192836
0.00355517
0.00357448
0.00124902
0.0011932
0.00283535
0.00374089
0.00279517
0.0124692
0.00028747
0.000821309
0.00116855
0.00163721
0.00131596
0.000580828
0.00158343
0.00082578
0.00265258
0.00115068
0.000716824
0.000436522
0.0019583
0.000547582
0.00240289
0.00156005
0.00301284
0.00229061
0.00266295
0.0013117
0.000310858
0.00201322
0.000721763
0.00177666
0.00234137
0.00131583
0.000712938
0.00151614
0.001408
0.00207239
0.00195174
0.00186036
0.00161486
0.00163113
0.00243477
0.00134841
0.003083
0.00225871
0.000684086
0.00342087
0.00178515
0.00244684
0.00339112
0.00248425
0.000945519
0.00410344
0.00230764
0.000952773
0.00130696
0.00060266
0.00122289
0.00289366
0.00210526
0.00207736
0.00179304
0.00545451
0.0058584
0.00071209
0.00111613
0.000390105
0.00604765
0.00161916
0.0027273
0.00122006
0.00131737
0.00274084
0.00392393
0.00230836
0.00366487
0.00141699
0.000723693
0.00136407
0.000950603
0.00150059
0.00247136
0.00141727
0.00120217
0.00400642
0.000411608
0.00370155
0.00141588
0.0017771
0.000800641
0.00198807
0.00137175
0.00182388
0.00138235
0.000567211
0.00094024
0.000507577
0.00128072
0.00149181
0.000433049
0.00159592
0.00144836
0.000147463
0.00131668
0.000172241
0.00271832
0.000267211
0.000519141
0.000676827
0.00230832
0.00439359
0.00114564
0.000731037
0.000906085
0.00336467
0.00299089
0.000190307
0.00219847
0.0031371
0.00193974
0.00312002
0.000383729
0.00529773
0.0052608
0.00165778
0.00204781
0.00150658
0.000154586
0.00217424
0.00169833
0.00249925
0.00221167
0.00108572
0.00148363
0.00196229
0.00156388
0.00123083
0.00095462
0.0028044
0.00241952
0.0013774
0.000935085
0.00100369
0.000970311
0.00304723
0.00106161
0.000598257
0.000527356
0.00101438
0.00203449
0.00106779
0.00190704
0.00125814
0.00214245
0.000773011
0.00321193
0.000784465
0.000834029
0.00193568
0.00167787
0.000785404
0.00434354
0.000974294
0.00205477
0.00176264
0.00125969
0.00103555
0.000311835
0.00231531
0.000859964
0.00936046
0.00223204
0.000939635
0.00268128
0.000789761
0.000699594
0.00186462
0.00203592
0.00180387
0.000629818
0.000957098
0.000690692
0.000873262
0.00255094
0.000528058
0.000477615
0.000793813
0.00124732
0.000965802
0.0116362
0.00537002
0.000852029
0.00400085
0.000681721
0.00141158
0.00127418
0.00300111
0.000826019
0.00883335
0.00264766
0.00120782
0.00122249
0.000589185
0.00179206
0.000392621
0.000549543
0.00128924
0.000943733
0.00130266
0.00132812
0.00265625
0.00152621
0.000973772
0.00442844
0.00145758
0.000978221
0.00406237
0.00521104
0.00205894
0.000410892
0.00143406
0.00386099
0.00141854
0.000265699
0.00246876
0.00121024
0.00149642
0.00305769
0.000608331
0.00252631
0.00326165
0.000759827
0.00149724
0.00167363
0.000786109
0.00515724
0.00250573
0.000987729
0.00065198
0.00117916
0.00172386
0.0010974
0.00109822
0.00179432
0.00140735
0.0021478
0.000779719
0.00223351
0.00250203
0.0016961
0.000844698
0.000883499
0.00101546
0.00204828
0.00421851
0.000423813
0.00118628
0.00167719
0.00293023
0.00111623
0.000781915
0.00179156
0.00142427
0.00212358
0.00186942
0.00208386
0.000927871
0.00187209
0.00111625
0.00128768
0.000966859
0.00420659
0.00277314
0.000844468
0.000185373
0.000941609
0.00195515
0.0013031
0.00105038
0.00165105
0.00162816
0.00306414
0.00220359
0.00309941
0.00157247
0.00369608
0.0015219
0.00106426
0.00182171
0.0139565
0.00155792
0.000685873
0.000351646
0.00395015
0.00199429
0.0021594
0.00133916
0.00180833
0.0121482
0.000559752
0.0025663
0.00240955
0.00146347
0.000644314
0.00135418
0.00226497
0.00195903
0.00115166
0.00153528
0.000411
0.00158749
0.0011234
0.000901369
0.00214703
0.00180808
0.00097645
0.00506419
0.000854593
0.00062834
0.00109242
0.00357447
0.00812988
0.00112515
0.000879953
0.00109036
0.00283818
0.00105712
0.00214635
0.00215078
0.00147674
0.00100461
0.00086487
0.001637
0.00252555
0.0020387
0.0164555
0.0013507
0.00124906
0.00126071
0.000879796
0.00193973
0.00167137
0.00141502
0.00172592
0.00288344
0.00388733
0.000605802
0.00178729
0.00217236
0.000438734
0.00172354
0.00264725
0.00429763
0.000213695
0.00220662
0.000784472
0.00454921
0.00143202
0.00126862
0.00135717
0.00113625
0.00116497
0.00099412
0.00145776
0.000782654
0.00144751
0.00483615
0.00072508
0.00250719
0.00140399
0.000518388
0.00312047
0.00217894
0.00336514
0.000503876
0.00445582
0.00118076
0.000671321
0.000912419
0.00448053
0.00216558
0.0022937
0.000978954
0.00134929
0.000825249
0.00118391
0.00338395
0.00189159
0.000967567
0.00181266
0.00149638
0.0020469
0.00101446
0.0018266
0.00133361
0.00331347
0.00150996
0.00104689
0.00108173
0.000883626
0.00574344
0.000821375
0.00231624
0.00105962
0.00133614
0.00345982
0.00149663
0.0020592
0.00581258
0.00259927
0.000968143
0.000442528
0.00147114
0.00141746
0.000388779
0.000636168
0.00157902
0.00059064
0.00109161
0.00165943
0.000453
0.0016499
0.000404222
0.00191071
0.00609483
0.00315717
0.00247666
0.000996407
0.00317676
0.00168726
0.00802563
0.00145619
0.000404131
0.000517688
0.000420622
0.00131251
0.000803733
0.00193903
0.00161923
0.00158407
0.000775669
0.00141367
0.000957793
0.000763197
0.00136344
0.00602545
0.00180109
0.000629957
0.0024253
0.00157681
0.00116875
0.00334363
0.00137464
0.00181465
0.00375226
0.00117038
0.000979806
0.00122047
0.0024215
0.00154538
0.00148407
0.0023118
0.00136318
0.00117931
0.00161443
0.0018138
0.00103958
0.0014584
0.00122434
0.000877407
0.00220141
0.000880598
0.00110218
0.00138792
0.00150301
0.00181138
0.000995181
0.000511799
0.00257738
0.00042437
0.00263243
0.00227964
0.00242018
0.00235605
0.000961643
0.000945329
0.00141523
0.000201264
0.00131759
0.00172844
0.0010884
0.00107439
0.00082973
0.00448368
0.00425133
0.00175424
0.00182378
0.00146732
0.00223614
0.00122185
0.00177657
0.00185229
0.00752855
0.00019829
0.000565825
0.00172449
0.00276961
0.00302148
0.00168925
0.00147396
0.000223112
0.00211239
0.00186406
0.000967965
0.00178788
0.000980868
0.000968515
0.000167333
0.00087165
0.00177043
0.000420787
0.00084642
0.00559258
0.0014384
0.00193374
0.000678684
0.00109358
0.00705662
0.000732728
0.000663061
0.00358728
0.00295757
0.00126548
0.00070872
0.00244956
0.000860166
0.0014799
0.0021739
0.00151566
0.0023162
0.00301189
0.00179973
0.000783186
0.00102193
0.00148896
0.000874075
0.00156298
0.00121187
0.000685647
0.0113332
0.00512401
0.00946584
0.00272474
0.00129047
0.000867446
0.00189251
0.00132736
0.00133374
0.000698998
0.00137844
0.00179902
0.00153093
0.00229516
0.000692015
0.000808062
0.000488478
0.00110947
0.000889625
0.00347403
0.00128675
0.00153442
0.00240346
0.0023028
0.00317168
0.00152208
0.00164843
0.0010241
0.000243754
0.000754349
0.00124624
0.00093414
0.00178173
0.000825692
0.00116533
0.00224767
0.000897033
0.00115636
0.00120023
0.00176229
0.00183337
0.0004847
0.00244549
0.00183651
0.00103395
0.000866209
0.0014115
0.000379282
0.000913499
0.000226553
0.00132036
0.00287446
0.00117367
0.000606853
0.00114645
0.00162845
0.00154681
0.00356071
0.00283272
0.00132472
0.00158237
0.00190247
0.00230898
0.00128021
0.000866778
0.00144953
0.00479114
0.00125883
0.00157758
0.000367568
0.000362154
0.00198207
0.000496446
0.00139839
0.00043598
0.000854204
0.00252546
0.000575698
0.000602118
0.00216298
0.00181068
0.000617709
0.000713607
0.000673957
0.0027847
0.00190931
0.00367425
0.00109708
0.00164948
0.00100615
0.00368826
0.000936341
0.00167132
0.00075008
0.0010598
0.000783292
0.000359108
0.00384723
0.0015683
0.00249302
0.00299963
0.002605
0.00210048
0.00104855
0.0015503
0.000745673
0.00122531
0.00220836
0.00150184
0.00154607
0.000534637
0.00128982
0.00346176
0.00462434
0.0016071
0.00153942
0.00216081
0.0176864
0.00390459
0.00181486
0.00307457
0.0015072
0.0010202
0.00345191
0.000846411
0.000982226
0.0022064
0.00212254
0.000430503
0.000890402
0.00213773
0.000609059
0.00095912
0.00126435
0.000525203
0.00182225
0.00125875
0.00376262
0.00124759
0.0024448
0.00185889
0.00194041
0.00183536
0.000617887
0.00245376
0.00122861
0.00320345
0.00147342
0.0013269
0.000940802
0.000672568
0.00105204
0.00204887
0.00442834
0.00130175
0.00176147
0.00105145
0.00176456
0.000153686
0.00158267
0.0019583
0.00091836
0.00222575
0.0013594
0.00127794
0.000225121
0.0016746
0.001713
0.00124555
0.000296927
0.00230685
0.0091865
0.000738776
0.00184334
0.000957503
0.00253037
0.00884267
0.00207745
0.000686646
0.0019205
0.00169371
0.00314616
0.000640073
0.00181899
0.00200802
0.000753549
0.000775758
0.0015624
0.00168544
0.00274894
0.00203336
0.00113935
0.000813858
0.00155404
0.00216144
0.00247003
0.00131887
0.00497332
0.000684453
0.00326386
0.00617187
0.00221346
0.00100923
0.000740217
0.00173698
0.000643124
0.000906421
0.000357894
0.00255615
0.00128294
0.00243852
0.00138936
0.00273031
0.0037201
0.00146493
0.00122921
0.00321222
0.00883084
0.00174822
0.00103299
0.00161667
0.00190906
0.000764087
0.00173168
0.000636215
0.00170491
0.000543273
0.000901472
0.00118765
0.00117138
0.00180267
0.000393113
0.00121492
0.000332797
0.00333668
0.00367981
0.00262081
0.000562532
0.00320229
0.0013246
0.00324587
0.00195947
0.00144058
0.000940423
0.00206633
0.00224219
0.000906335
0.00187323
0.00193089
0.00143778
0.00231324
0.00329444
0.00100924
0.00194568
0.00236341
0.00176511
0.00348939
0.000931299
0.000346436
0.00173348
0.00267778
0.00256746
0.00231372
0.00172185
0.00248498
0.00196742
0.00279454
0.00263565
0.000963957
0.00177773
0.00185289
0.00114902
0.00217833
0.00225081
0.000915337
0.00077087
0.00154376
0.00179563
0.000801654
0.00181688
0.00164377
0.000858434
0.00156234
0.00165943
0.00369057
0.0013164
0.00394358
0.000508319
0.00173645
0.00103878
0.00487131
0.00168322
0.00128901
0.00122799
0.00205862
0.000733038
0.00322708
0.00200478
0.00157673
0.00113096
0.00146804
0.0016695
0.00105206
0.00088185
0.00132025
0.00162133
0.000946658
0.000393123
0.0021667
0.00160066
0.00244083
0.00323598
0.00369969
0.00116928
0.00333801
0.00182454
0.00125403
0.00281504
0.00082865
0.001694
0.00199833
0.0015182
0.00267365
0.00196513
0.00206064
0.00463718
0.000543824
0.00391547
0.00127007
0.000294672
0.00272504
0.00141429
0.000993921
0.00250124
0.00434674
0.00175624
0.00287153
0.0015704
0.00266244
0.00126868
0.00143016
0.00189909
0.00255678
0.00173722
0.00128534
0.000810948
0.00280737
0.00176321
0.00169911
0.00303665
0.00124732
0.00172347
0.00146355
0.00085283
0.00435925
0.0015361
0.00501997
0.00125947
0.0014706
0.00159187
0.00159911
0.0010284
0.0010934
0.00265597
0.0126079
0.00259398
0.000741779
0.000761559
0.00282727
0.0018618
0.000807379
0.00269304
0.00353424
0.00241651
0.000624494
0.00458235
0.0034648
0.00214563
0.00106067
0.00202248
0.00226758
0.0028501
0.00143772
0.00222683
0.00280322
0.00191706
0.00198368
0.00410004
0.000748773
0.00264957
0.000505377
0.000934868
0.000830514
0.000357071
0.000725071
0.00052651
0.00625253
0.00125854
0.00163058
0.000506553
0.00134899
0.00114253
0.00654535
0.00208006
0.00124406
0.00187543
0.00137095
0.00220536
0.00057632
0.00813325
0.00116494
0.0033003
0.000348773
0.00138021
0.00122794
0.00200414
0.000413235
0.00633377
0.000455298
0.00162096
0.00147578
0.0133357
0.0116448
0.0108942
0.0014105
0.00137867
0.00150436
0.00146718
0.00129274
0.00023994
0.00319405
0.00832286
0.0041262
0.00168676
0.0030448
0.00196065
0.00151339
0.00514404
0.00198305
0.00127545
0.00200506
0.0025512
0.00085279
0.0013678
0.00212974
0.00216723
0.000732674
0.00178794
0.00216299
0.00152659
0.00106521
0.00447671
0.00268714
0.00149478
0.00150508
0.00131298
0.00127482
0.00109863
0.000973655
0.000923762
0.00131774
0.00053354
0.00153809
0.000843489
0.00136743
0.00187855
0.000703323
0.00180943
0.000709282
0.00264449
0.000473517
0.000736378
0.00358997
0.00168725
0.000733135
0.00106795
0.00117403
0.0020285
0.00141525
0.00213886
0.00166279
0.00140496
0.000715264
0.00152291
0.000751216
0.0011726
0.00103739
0.000714732
0.00339234
0.0018846
0.00128279
0.00825413
0.00025218
0.00128388
0.000926397
0.000765373
0.000422017
0.0015939
0.00673951
0.00158353
0.0020308
0.00166379
0.00147371
0.00030049
0.00153822
0.00113791
0.000592243
0.00474269
0.00668041
0.00220137
0.0073327
0.00471756
0.00284672
0.00130806
0.00114383
0.0018274
0.00185036
0.000768396
0.00418772
0.00638176
0.00144397
0.00200043
0.000788787
0.000825695
0.00570949
0.000500712
0.000388342
0.000388768
0.000978763
0.00303384
0.00199309
0.00206194
0.00091029
0.00693237
0.00132951
0.00104079
0.00355874
0.00238906
0.000733016
0.00135149
0.00159406
0.000267649
0.00143598
0.000364703
0.000575056
0.00080638
0.00195629
0.00101179
0.00170106
0.00191798
0.0019828
0.000751156
0.00164335
0.0011438
0.00129751
0.00121677
0.000171681
0.00286837
0.00258362
0.00101153
0.00175145
0.00150457
0.00143827
0.00191092
0.0018943
0.000958656
0.00109485
0.000596834
0.00209218
0.0043654
0.005329
0.00117881
0.00124151
0.00116935
0.00223097
0.00211534
0.000672586
0.000755014
0.00067342
0.00353125
0.00447252
0.00144092
0.00115651
0.00285419
0.000844294
0.0034037
0.00261258
0.00400303
0.00102583
0.00283215
0.00342565
0.00125712
0.00308703
0.00137569
0.00119615
0.00305725
0.000933966
0.000507165
0.000583952
0.0018333
0.00147358
0.0013343
0.00175535
0.00135913
0.00209809
0.000962084
0.00114565
0.00161468
0.00126107
0.000405449
0.00141338
0.000907194
0.00154114
0.00119136
0.00262359
0.00212536
0.00048805
0.00456145
0.00120295
0.00439723
0.0037371
0.000894861
0.00496895
0.00111323
0.00147693
0.00088682
0.00100305
0.000938717
0.000596294
0.00165416
0.0038865
0.00112166
0.00211168
0.000472936
0.00413743
0.00222109
0.00106415
0.00419581
0.000612724
0.000899514
0.00208477
0.000415264
0.00125185
0.000884028
0.00191298
0.00175473
0.00213538
0.00261266
0.00373526
0.000407286
0.000722201
0.00084209
0.00318062
0.00256328
0.0048695
0.00164055
0.00416923
0.0024695
0.00153216
0.00155676
0.000577984
0.0011177
0.000840513
0.00128049
0.00308451
0.00525445
0.00171225
0.00159466
0.00362564
0.00206837
0.00266993
0.000628543
0.000558081
0.000709077
0.000826294
0.00129079
0.00237162
0.00145925
0.000839539
0.00120273
0.00850327
0.000967228
0.000995733
0.000800323
0.00133769
0.00131227
0.00205977
0.00405518
0.00148747
0.00255263
0.00148934
0.00104891
0.00278101
0.00218647
0.000466282
0.00625578
0.00294098
0.00129021
0.00232816
0.00381821
0.00269051
0.00181892
0.00317174
0.00293354
0.00191242
0.00328062
0.000829719
0.00172586
0.0010848
0.000731052
0.0046528
0.00131039
0.00182095
0.00187367
0.0022398
0.00101088
0.00216552
0.00101553
0.00127233
0.00230028
0.000835596
0.000904157
0.000745319
0.00142525
0.00183861
0.00233455
0.000720918
0.00891632
0.000345361
0.0123394
0.00244559
0.000904006
0.00126297
0.00511171
0.000968334
0.00317345
0.00205153
0.00206311
0.00119446
0.00132746
0.00163443
0.00184867
0.000571078
0.00191687
0.00249757
0.00238976
0.0012064
0.00112088
0.000990497
0.00117198
0.00361508
0.000877738
0.00278956
0.00255782
0.000638352
0.00126937
0.00113864
0.000149272
0.00448201
0.0049265
0.00161354
0.00103311
0.00230213
0.000758927
0.00137463
0.000457335
0.00151503
0.0018853
0.000894891
0.00250533
0.00207062
0.00270244
0.00274921
0.00245247
0.00201006
0.000845473
0.00127881
0.00222713
0.00393632
0.00110582
0.00176931
0.00220573
0.00216126
0.00139771
0.00260626
0.002614
0.000628103
0.000618028
0.00183996
0.00277468
0.00168457
0.00843913
0.00193032
0.000599819
0.00108178
0.000515054
0.00162887
0.00166415
0.000520772
0.000377989
0.0016043
0.00207241
0.000770906
0.00481806
0.00087012
0.00142388
0.00141399
0.00445156
0.00127785
0.00193345
0.00128443
0.000791626
0.000577573
0.0011279
0.0021564
0.00352287
0.00122933
0.000531599
0.00189619
0.00131906
0.00249669
0.00122098
0.000479295
0.000806845
0.00417169
0.00148971
0.00109642
0.00196173
0.00121661
0.00154965
0.000664055
0.000507147
0.00155085
0.00201805
0.00178512
0.00282242
0.00194
0.0025176
0.000333185
0.00162154
0.00257577
0.00155274
0.0111257
0.00173492
0.00139064
0.000952779
0.00766029
0.000816848
0.000770475
0.000506943
0.00161098
0.00517627
0.00111196
0.00143983
0.00303601
0.00274059
0.000803225
0.0010202
0.00132776
0.00233429
0.00245938
0.000699913
0.00101555
0.00205555
0.000360577
0.000592781
0.001056
0.0020522
0.00111537
0.001199
0.000298725
0.00217087
0.00107585
0.000952174
0.0016617
0.00226942
0.00318264
0.00179119
0.00246127
0.00171109
0.00443766
0.00564524
0.00123054
0.00208381
0.00228871
0.00137571
0.000734466
0.00280859
0.0019586
0.0026228
0.00360523
0.00112061
0.00109688
0.000928075
0.00305768
0.000773631
0.00195897
0.000509196
0.00218226
0.00169243
0.00973079
0.0042699
0.00520153
0.00135295
0.00650029
0.00429475
0.00192876
0.00236939
0.00237498
0.000731417
0.00307962
0.00077701
0.000525664
0.00137681
0.00201979
0.00161499
0.00127328
0.00497267
0.00513319
0.000465854
0.00127276
0.00337797
0.00336341
0.000683044
0.000202476
0.000834164
0.00273407
0.00266733
0.00134129
0.000708727
0.00587256
0.00208845
0.00216978
0.000162853
0.000785519
0.00198043
0.00129834
0.000666134
0.00183975
0.000634898
0.00116167
0.00123298
0.00288706
0.000948769
0.000981845
0.00109198
0.0015586
0.00167253
0.000624412
0.00324107
0.0023426
0.00233756
0.00227246
0.00248994
0.00272902
0.00189126
0.00124377
0.0008016
0.00181141
0.00159649
0.000478578
0.00175203
0.00181662
0.00335589
0.0010988
0.00156801
0.00180118
0.00119464
0.00272095
0.00131038
0.000818564
0.0013638
0.00102617
0.00164046
0.00134424
0.000303346
0.00103089
0.00766299
0.00059776
0.0010243
0.000558096
0.00479382
0.000234573
0.00451405
0.00185818
0.00116684
0.00115888
0.00632418
0.00183367
0.00167893
0.00182433
0.00251027
0.00375303
0.00209121
0.00175289
0.00144857
0.00384624
0.000967743
0.000876752
0.00212553
0.000868885
0.00448425
0.000326681
0.00344909
0.00282885
0.00137431
0.00104957
0.003562
0.000937508
0.000476094
0.00305479
0.00403743
0.00185328
0.00381693
0.00109186
0.00121409
0.00510771
0.0131669
0.00137303
0.00189723
0.00140305
0.00364836
0.000780761
0.00138147
0.0011016
0.00141925
0.00610139
0.00140006
0.00122567
0.000655281
0.000811607
0.00111268
0.00111791
0.00152864
0.0015946
0.0011301
0.00145446
0.00124897
0.00145785
0.000921101
0.00129459
0.000887182
0.00551909
0.00143142
0.000808103
0.00222802
0.0017089
0.00239227
0.00154304
0.0021582
0.00124955
0.00125464
0.00110148
0.00168741
0.00152131
0.00103334
0.00353491
0.00327262
0.0047205
0.00210671
0.00172464
0.00167697
0.00889079
0.00288909
0.00161495
0.000455223
0.00230082
0.0014388
0.00156643
0.00792356
0.00119621
0.000749326
0.000851949
0.00171489
0.00073197
0.00269899
0.00165521
0.00138455
0.00140158
0.00132143
0.00444335
0.00266986
0.000741482
0.00182753
0.000844076
0.00134731
0.000849249
0.00106551
0.00161585
0.0101482
0.00260121
0.000838195
0.0017652
0.0014214
0.00261023
0.00182312
0.00146712
0.000260569
0.00115123
0.00190918
0.0113038
0.000594177
0.00130054
0.00125224
0.00113032
0.00301746
0.000788761
0.00136879
0.00058678
0.00122841
0.00107594
0.00291206
0.000885965
0.000493779
0.0010221
0.00111687
0.000961561
0.00427736
0.00421921
0.00405219
0.0032459
0.00145986
0.00546954
0.000902193
0.00249121
0.00154332
0.000962053
0.000537832
0.0011787
0.000659931
0.00626272
0.00144459
0.00181202
0.00148325
0.000637546
0.00129929
0.0014728
0.000531466
0.00427385
0.00208373
0.00191915
0.00262914
0.00356331
0.00170757
0.00158375
0.00133173
0.00213105
0.000200366
0.00170793
0.00113625
0.00333863
0.00209043
0.00196602
0.000292487
0.00298947
0.00182778
0.00162701
0.00459651
0.00226014
0.000809125
0.00150766
0.00182298
0.0012932
0.00160419
0.00165738
0.00170269
0.00215966
0.000928101
0.000920314
0.000856294
0.00429165
0.00211781
0.00114966
0.00322685
0.00118041
0.00153236
0.00135027
0.000328357
0.00413723
0.00293981
0.00118983
0.00319303
0.000960137
0.00184413
0.0010365
0.00152193
0.00654853
0.00263452
0.00125774
0.00019831
0.00763758
0.000825886
0.00128032
0.00190863
0.00246567
0.00204644
0.00285714
0.00173236
0.00454642
0.00141041
0.000930408
0.0032858
0.00128699
0.00259487
0.00611966
0.00372896
0.00098556
0.000709137
0.000462957
0.000655187
0.000403246
0.0016599
0.00108291
0.000350843
0.00239107
0.00164586
0.00527933
0.00320156
0.000510604
0.00303424
0.00133653
0.00689931
0.00518671
0.000824292
0.00128061
0.00164251
0.00205288
0.00385753
0.00074119
0.00264266
0.00158351
0.00036649
0.00093093
0.00160359
0.000910179
0.00226768
0.00135
0.00465186
0.0213516
0.00101395
0.00125959
0.000314939
0.00170156
0.00101046
0.00178057
0.0022078
0.00158765
0.0021364
0.00156113
0.00111808
0.00253378
0.00207939
0.00162009
0.00880366
0.000797415
0.00103957
0.000969411
0.00197109
0.00142517
0.00241639
0.000951458
0.00223753
0.00215461
0.00129656
0.00067182
0.000904828
0.000824066
0.00104026
0.00209304
0.000732602
0.000656965
0.000979012
0.00154742
0.00323324
0.00110291
0.00169632
0.000353012
0.00385977
0.00219813
0.00204894
0.00140693
0.000820654
0.00138405
0.00178846
0.00110197
0.000648297
0.00169201
0.00092321
0.00190252
0.000804058
0.003427
0.000951546
0.000803029
0.00108725
0.00259875
0.000692453
0.00174119
0.00234507
0.000189727
0.00186888
0.00065956
0.00391309
0.000493384
0.00142507
0.000342039
0.00251336
0.00169689
0.000759613
0.0015027
0.0010896
0.000541565
0.00108691
0.00133207
0.00200176
0.00324523
0.0015165
0.0092692
0.00366998
0.00158166
0.00141617
0.00172157
0.00281793
0.00202421
0.00205973
0.00205963
0.0021996
0.0027975
0.011386
0.00225433
0.00150194
0.00262614
0.000864246
0.00316306
0.00118202
0.000812632
0.00213824
0.002668
0.00171521
0.000569115
0.000894245
0.000589186
0.00178211
0.00136634
0.00440447
0.001746
0.000730686
0.000402068
0.00334657
0.00184365
0.00227079
0.00264277
0.00106656
0.000493198
0.00311804
0.00138782
0.0033015
0.00143928
0.00207984
0.00237831
0.000578306
0.0012139
0.00495037
0.00633929
0.00121077
0.00301176
0.00170286
0.00131526
0.00155459
0.00213648
0.00143598
0.000739259
0.00284264
0.00100725
0.00141778
0.00207443
0.00214385
0.00159308
0.001184
0.000697605
0.00126426
0.00060314
0.0031534
0.000834007
0.00155233
0.00209044
0.00195604
0.00105277
0.00128226
0.00140908
0.000748824
0.000509099
0.0010794
0.00898949
0.000883522
0.0048231
0.00233532
0.0022659
0.0021336
0.00491991
0.00155935
0.00181702
0.00120489
0.000500363
0.000826396
0.00367694
0.00177062
0.0021393
0.00146904
0.00113371
0.00129378
0.0013077
0.00150291
0.00180724
0.00117441
0.000617034
0.00229406
0.00157298
0.00198824
0.00147416
0.0020295
0.00123383
0.000501834
0.000834404
0.00131167
0.00183516
0.00265207
0.00163132
0.000892229
0.00196227
0.00264042
0.00111702
0.0023554
0.00111405
0.00121956
0.0015282
0.00208635
0.00202946
0.0008406
0.00205616
0.000696533
0.00161718
0.00144367
0.0012306
0.00160478
0.00782168
0.00255446
0.00216338
0.000763053
0.00219567
0.000866611
0.000501975
0.00221999
0.000784416
0.00162295
0.0018045
0.000298797
0.000705882
0.00135292
0.00534245
0.00165529
0.00250168
0.00111432
0.00296272
0.00117654
0.00203857
0.00283866
0.00267586
0.00245994
0.00167916
0.00457204
0.00203372
0.00122689
0.00126676
0.00511424
0.0010279
0.000314588
0.00685046
0.00102034
0.00399796
0.00169074
0.000585956
0.00298997
0.0024774
0.000510382
0.000989199
0.00159057
0.00240482
0.001024
0.0015735
0.00474729
0.00350886
0.00117458
0.00296304
0.00566317
0.00267985
0.000778027
0.0016795
0.00732674
0.002613
0.0013344
0.000858109
0.00110058
0.00261839
0.00453102
0.00123496
0.00080424
0.030011
0.0040801
0.00123731
0.00174202
0.00197795
0.000292249
0.00196762
0.00103469
0.00155014
0.00141332
0.000543949
0.00276122
0.00189402
0.00193426
0.0024076
0.000951805
0.000210876
0.00158112
0.000840245
0.000856102
0.000855207
0.00185633
0.0029107
0.00168045
0.00275548
0.00422614
0.00443388
0.00315842
0.00203444
0.00108088
0.000855655
0.00211866
0.000714685
0.00192841
0.00515751
0.00145372
0.00455161
0.00250833
0.0011275
0.00206225
0.000992701
0.0027131
0.00192296
0.00123016
0.00355485
0.00749265
0.00216748
0.00467058
0.00239685
0.000931228
0.000753076
0.00158297
0.0011234
0.000829585
0.00832117
0.00325644
0.00282632
0.00753449
0.00100365
0.00238336
0.00134093
0.00126141
0.00116461
0.0012177
0.00150155
0.000419499
0.0013227
0.00153251
0.00229584
0.00135402
0.00163001
0.00311238
0.00190399
0.00137096
0.00189741
0.00245455
0.0046526
0.000863267
0.000651672
0.011508
0.000249427
0.00172392
0.00530686
0.00237507
0.0040989
0.00306241
0.00153875
0.00203941
0.0013306
0.00179125
0.00105942
0.00990688
0.00096454
0.00110197
0.00179701
0.00203025
0.00155318
0.000879812
0.00145031
0.00259085
0.00328297
0.00054517
0.00168623
0.0163535
0.00105095
0.000983873
0.00124082
0.00172561
0.00112504
0.00178062
0.000770785
0.0022346
0.0016523
0.000831683
0.00165309
0.000775504
0.00301735
0.00325047
0.000628783
0.00113357
0.00392158
0.000301235
0.000657456
0.00511328
0.0222106
0.000388935
0.00606679
0.00142953
0.00194096
0.00181402
0.0019135
0.00129785
0.000921932
0.000672765
0.00296366
0.000628979
0.000669851
0.00151227
0.00118935
0.00220123
0.000545658
0.0019437
0.000717882
0.000907897
0.000881227
0.00492817
0.00297289
0.00126347
0.00207794
0.00180247
0.000703216
0.000971298
0.00361016
0.00279214
0.0020002
0.000728003
0.00224802
0.00210547
0.000959158
0.00131749
0.00206009
0.00274296
0.0024145
0.00164898
0.00250834
0.0014902
0.000750853
0.00198223
0.00258572
0.000661948
0.000861353
0.00186094
0.00306671
0.023321
0.00118557
0.00101981
0.00100931
0.000910635
0.00629825
0.000940467
0.0066745
0.00289276
0.000757425
0.00379894
0.00152425
0.00253022
0.00138091
0.00276754
0.00286161
0.00184405
0.00147521
0.00187278
0.000582123
0.00222626
0.00251544
0.00388728
0.0012211
0.00232633
0.0011193
0.00119581
0.00120916
0.000860297
0.00132031
0.000732553
0.00319738
0.00502551
0.00282944
0.000804286
0.000808168
0.00102722
0.00198523
0.00108083
0.00798916
0.00555796
0.0031463
0.00332681
0.00365272
0.00135508
0.00084105
0.00103558
0.000577154
0.00277479
0.000589588
0.000635258
0.00376386
0.00213051
0.00149611
0.00750025
0.0022492
0.000839175
0.00401227
0.00134277
0.00277518
0.000985626
0.000365964
0.000670589
0.00128551
0.00106194
0.00188144
0.00762933
0.00165802
0.000521623
0.000952907
0.00256504
0.000507962
0.00432618
0.000457632
0.00178443
0.00262905
0.000723696
0.000449349
0.00197336
0.00105719
0.00185157
0.00098464
0.0062864
0.000704468
0.0029609
0.000813525
0.000842529
0.00331277
0.000825434
0.000342143
0.00124674
0.00218548
0.0057458
0.00102391
0.00288938
0.0021051
0.00210982
0.0143874
0.000440286
0.00055808
0.00260773
0.00140717
0.000864789
0.00153193
0.00220718
0.000787432
0.00161974
0.00451023
0.00088237
0.00131458
0.00122256
0.00203781
0.000378851
0.00110485
0.000605512
0.0039957
0.00203091
0.0035471
0.00152235
0.00342256
0.00211685
0.000576514
0.000715636
0.00137664
0.000929879
0.000566862
0.00265511
0.00114661
0.000814152
0.00552414
0.00107224
0.00194771
0.00095835
0.00102515
0.00155299
0.00356788
0.000915
0.00359241
0.00184562
0.00168348
0.000508539
0.00247459
0.00394646
0.00182989
0.00259673
0.00222013
0.002099
0.00286217
0.00085629
0.000954918
0.00156439
0.00203013
0.000592737
0.00125474
0.00143214
0.00102112
0.000960661
0.00305781
0.000493592
0.00187603
0.00219159
0.00166474
0.0019261
0.0013175
0.00145147
0.000354361
0.00125013
0.000886843
0.00748088
0.00172256
0.00236408
0.00324198
0.00118984
0.00162452
0.00171521
0.00245521
0.000302574
0.00182545
0.000711687
0.000804976
0.000278162
0.00341934
0.00152796
0.00105042
0.00122699
0.000459892
0.00172733
0.00137217
0.000382149
0.000816128
0.00209772
0.00175621
0.00255478
0.00345875
0.000800109
0.000811507
0.00222547
0.00396617
0.00142269
0.00493568
0.00239987
0.00107928
0.00233034
0.00123792
0.000955048
0.00709039
0.00119094
0.00334945
0.00098241
0.000643276
0.00207143
0.0025053
0.00610462
0.00217089
0.00398981
0.00133716
0.00121795
0.00145869
0.000570491
0.000481561
0.0037849
0.00359362
0.00113508
0.000801536
0.000496161
0.00289178
0.000749631
0.00209652
0.00389353
0.000906776
0.00194276
0.000749225
0.00265172
0.00111213
0.00120475
0.000587141
0.00320216
0.000969911
0.00138103
0.00166174
0.00196806
0.00146794
0.000950958
0.00110883
0.00144103
0.00384736
0.00213223
0.000605093
0.00258977
0.0015059
0.00117997
0.00334453
0.00103932
0.00436722
0.00419767
0.00173694
0.00105443
0.00126772
0.00210096
0.000706556
0.00504474
0.000714299
0.00113274
0.001569
0.000304531
0.00150026
0.00275045
0.00341322
0.00174197
0.000936941
0.00317724
0.001213
0.00087827
0.000811416
0.00848592
0.00345024
0.000537468
0.00434304
0.0023794
0.00302712
0.00132081
0.000802026
0.000729903
0.000863738
0.000792935
0.00717184
0.0026643
0.000921899
0.00534703
0.000836765
0.00103293
0.00153931
0.000559829
0.00102626
0.00216509
0.0023953
0.00299257
0.000606262
0.00216836
0.000843008
0.00220076
0.000939056
0.000983941
0.00199909
0.000239341
0.000784156
0.00104614
0.00227151
0.000721953
0.000402177
0.0012697
0.00191678
0.00240177
0.0047419
0.000756425
0.00163202
0.00119528
0.00186334
0.00163572
0.000820328
0.00179771
0.0012772
0.0033846
0.000181096
0.00285772
0.000768364
0.00307758
0.00162562
0.00107746
0.000190367
0.00313402
0.00134255
0.00130893
0.00157097
0.00359702
0.00360505
0.00234338
0.00401495
0.00141611
0.00185245
0.00346325
0.000977976
0.00185948
0.00141354
0.00286899
0.00196922
0.00118286
0.00424179
0.00113482
0.00237545
0.00338034
0.00141658
0.00129129
0.00180559
0.0038517
0.00130967
0.00098704
0.00126903
0.00198078
0.00163142
0.00111694
0.0011892
0.00120222
0.00339414
0.00346992
0.00160306
0.000539083
0.000607378
0.000991912
0.00428942
0.00146367
0.00433101
0.00273421
0.00118055
0.000827844
0.0013428
0.00147813
0.00213997
0.00289297
0.00155356
0.00455709
0.00173943
0.00345697
0.00193754
0.000704555
0.00216261
0.00126877
0.000891672
0.00141139
0.00153849
0.00351168
0.00414242
0.00111825
0.000954853
0.00172741
0.00230279
0.00261532
0.00131444
0.00428052
0.000703343
0.00147731
0.00322069
0.00232939
0.00028968
0.000718416
0.00134473
0.00125113
0.00342509
0.00105422
0.00145747
0.00220162
0.000759462
0.000386549
0.00442967
0.00156672
0.0026132
0.00191539
0.0020633
0.00126372
0.00185205
0.000954491
0.00198941
0.0023562
0.00165892
0.00186188
0.00417253
0.000782984
0.0022922
0.00316815
0.000665408
0.00177974
0.00165478
0.00285352
0.00287254
0.00329406
0.00118865
0.00168922
0.0010588
0.00056775
0.00113914
0.00088661
0.00074621
0.00254887
0.00381471
0.00067462
0.00240916
0.00126435
0.00065693
0.000944051
0.00145329
0.00090537
0.00604314
0.00120153
0.00181595
0.00357412
0.00249966
0.00264173
0.00101807
0.00309201
0.00177192
0.00114461
0.00133634
0.000503244
0.000859065
0.00156729
0.00164702
0.00337265
0.0112942
0.00053942
0.00137753
0.00150054
0.000988519
0.00122949
0.00418359
0.000969884
0.000802037
0.00129969
0.00376869
0.0010476
0.00141867
0.00102762
0.00432014
0.00122544
0.00211897
0.00193205
0.00531822
0.0013709
0.00181469
0.00345506
0.000899127
0.00178182
0.00302289
0.00188987
0.00153064
0.00178861
0.00100662
0.00107555
0.00221245
0.00338102
0.00192647
0.00330302
0.00294257
0.00107642
0.00108406
0.00112649
0.00168562
0.00180211
0.00274924
0.00160128
0.00127664
0.00034377
0.00228288
0.00207019
0.0121218
0.0020662
0.00153362
0.00325809
0.00147379
0.00359511
0.00194765
0.000553022
0.00211364
0.0022068
0.0011954
0.000596927
0.00121265
0.000564441
0.00191792
0.000878073
0.00210274
0.00104988
0.00308506
0.0032089
0.000617056
0.00147114
0.000670949
0.000733681
0.00132664
0.00379487
0.000321685
0.00159515
0.00135036
0.00141571
0.003321
0.00143602
0.00124628
0.00253726
0.00164922
0.00215988
0.000835819
0.00385427
0.00348152
0.00119348
0.00164153
0.000709068
0.000991262
0.0107087
0.00290398
0.000913751
0.00125972
0.00148725
