0.126872
0.0124531
0.0100345
0.0529929
0.0439471
0.0288703
0.0013049
0.0135376
0.0153356
0.0219574
0.0229008
0.0149634
0.0102896
0.0589349
0.0212468
0.00111297
0.00826597
0.0135478
0.0310052
0.0199458
0.0117686
0.0162881
0.0344182
0.0202016
0.022095
0.035904
0.00864373
0.0100936
0.0358664
0.016774
0.166488
0.0033477
0.0187267
0.0297995
0.0148585
0.0146346
0.0255918
0.0137658
0.0126201
0.0253201
0.0283849
0.0206864
0.0332171
0.00868577
0.0126651
0.0543442
0.027488
0.0112793
0.0617851
0.0265488
0.134335
0.0151876
0.0163024
0.0510144
0.0181489
0.152139
0.0351632
0.0086562
0.148913
0.0629503
0.0184883
0.0435313
0.0372364
0.0453358
0.0554386
0.0140838
0.0298408
0.0180541
0.0165388
0.044105
0.0064608
0.0150192
0.00859565
0.00147596
0.087185
0.0232434
0.00920944
0.05899
0.0115343
0.0336414
0.0580073
0.0850936
0.0244527
0.00147436
0.0207438
0.0160117
0.00179005
0.0978407
0.0138945
0.0283966
0.0479954
0.0496157
0.0129019
0.0146642
0.00689858
0.0593335
0.0273855
0.00413405
0.069766
0.0471124
0.00129356
0.0244519
0.0521033
0.0264575
0.0412995
0.0279247
0.018568
0.0117235
0.0287486
0.0106812
0.0564002
0.0299819
0.0716516
0.00240092
0.0224809
0.00752004
0.0425272
0.0423768
0.0460963
0.0128133
0.0218312
0.0287868
0.0430164
0.0480813
0.0633506
0.0134537
0.0208879
0.0122073
0.037391
0.00803326
0.0311192
0.0330621
0.0131575
0.0282247
0.0219511
0.0167464
0.0265473
0.012307
0.0200449
0.0042147
0.0433506
0.0115729
0.0567397
0.0493302
0.0102506
0.0181928
0.0518202
0.0297899
0.0120792
0.0485147
0.0278311
0.0382434
0.0266051
0.0265004
0.048908
0.0398525
0.0472213
0.0542918
0.0825748
0.0297764
0.0242398
0.0473917
0.0435733
0.0482597
0.0166043
0.0285557
0.019275
0.0393255
0.0530335
0.0111889
0.00915111
0.0223746
0.020194
0.0129265
0.0329226
0.0211124
0.026968
0.0321563
0.0273867
0.0123787
0.039606
0.0440861
0.0191993
0.00913085
0.0109329
0.00145482
0.0379078
0.0341562
0.00364748
0.0669527
0.0114255
0.023448
0.0302606
0.0635815
0.019338
0.0449362
0.00976776
0.0367595
0.0223226
0.0589784
0.00636532
0.0209545
0.0276519
0.0145956
0.0203955
0.00847559
0.0151169
0.0231366
0.157692
0.0390764
0.0212763
0.0147657
0.0392117
0.0166242
0.00118339
0.0428991
0.00446642
0.0015281
0.0332737
0.0590777
0.00318587
0.0175162
0.0311947
0.0403092
0.0256874
0.117137
0.0425616
0.00601411
0.0206213
0.0779229
0.0182711
0.0380344
0.0295906
0.0404094
0.0283685
0.0351816
0.0274783
0.158697
0.0324365
0.0228121
0.0193928
0.0109573
0.0194555
0.0139872
0.0615347
0.0424708
0.0174912
0.00127465
0.0340039
0.0164921
0.0126702
0.000860597
0.0326547
0.015687
0.0447433
0.0270283
0.0281285
0.0160506
0.0215958
0.013675
0.0350562
0.0315663
0.0351976
0.0193816
0.0144121
0.0293919
0.0761323
0.0354592
0.0128764
0.00115756
0.0146979
0.0232464
0.0423805
0.0132238
0.0295185
0.0214847
0.0262518
0.0265047
0.0862905
0.022452
0.015124
0.053218
0.0279728
0.00947661
0.0326778
0.0111321
0.00302697
0.0213044
0.018962
0.0141749
0.00135069
0.018992
0.0426829
0.0273134
0.165083
0.0125596
0.00819645
0.0330861
0.0347985
0.0120138
0.053987
0.0193576
0.0261687
0.0318048
0.0674948
0.0348061
0.0284354
0.0217672
0.0350797
0.0213545
0.0144419
0.0104131
0.033848
0.0496056
0.0371677
0.0144464
0.0728896
0.00798847
0.0222852
0.0249556
0.0376023
0.035572
0.00729649
0.0169134
0.0600342
0.046176
0.0411799
0.00801019
0.0364436
0.060781
0.00172657
0.00301152
0.00912227
0.0313087
0.0189658
0.0453948
0.0240425
0.0334169
0.0185797
0.0707903
0.0303845
0.0415036
0.00683114
0.0384075
0.0165248
0.0634312
0.0217731
0.048638
0.0304013
0.0796641
0.016634
0.0101744
0.0283625
0.0435109
0.0534741
0.103827
0.0690585
0.0232679
0.0210388
0.0169082
0.074571
0.0380068
0.0382341
0.147386
0.0426063
0.0370088
0.0725832
0.0285586
0.0149449
0.0693853
0.0242436
0.0119525
0.0246709
0.0124795
0.00423797
0.0290255
0.0115852
0.0532626
0.0642165
0.0128756
0.0101475
0.0600585
0.0146503
0.0486631
0.013197
0.00135074
0.14364
0.0394957
0.0936308
0.0328027
0.0280284
0.0279592
0.00240012
0.000786749
0.0331791
0.00699486
0.0178692
0.0433978
0.0438838
0.00173924
0.00765911
0.0274027
0.0460064
0.06852
0.0263378
0.0417034
0.0689509
0.0109832
0.0548701
0.0228022
0.0263452
0.0234994
0.0328058
0.0144131
0.0119196
0.0269126
0.0350088
0.0195545
0.146827
0.0362549
0.020429
0.00555298
0.0478133
0.0158303
0.0165664
0.0192965
0.0291463
0.0293113
0.00540637
0.0250836
0.00565366
0.0334187
0.0182325
0.00783498
0.0171578
0.028575
0.0330878
0.0367665
0.0535998
0.0444179
0.0249885
0.0193287
0.0151301
0.0872655
0.0187107
0.0204139
0.00813886
0.0708427
0.0412025
0.0366194
0.0080043
0.0365497
0.0580274
0.0282145
0.00994802
0.0156043
0.00819836
0.0203269
0.0547989
0.0147891
0.0349748
0.0345408
0.0157747
0.00944468
0.0280554
0.0264724
0.0389153
0.0271909
0.0279922
0.00866821
0.047764
0.0161308
0.0168099
0.0183106
0.0056395
0.00760777
0.0156813
0.019499
0.0248519
0.0202813
0.0234913
0.0188918
0.0212041
0.0232848
0.0199891
0.0142616
0.0263325
0.0107193
0.0265975
0.0614444
0.0405379
0.0811656
0.0308838
0.0382674
0.0788507
0.0493241
0.0137425
0.0251238
0.0263607
0.0198066
0.0225569
0.0246238
0.0419621
0.0227525
0.0409109
0.0203802
0.0125569
0.0298994
0.0211116
0.0500591
0.0149103
0.0262321
0.00360679
0.00901038
0.0171297
0.0238057
0.0133306
0.0162758
0.0195265
0.0531908
0.0643503
0.025694
0.0246944
0.044798
0.0163761
0.0731714
0.0315554
0.0238471
0.0180579
0.0253889
0.0297045
0.0351353
0.188113
0.0427657
0.0680612
0.0283833
0.0071415
0.00764339
0.0139978
0.115348
0.0130092
0.0388276
0.024337
0.0322674
0.0189172
0.0143434
0.0235655
0.0157015
0.0322897
0.00868438
0.0106224
0.026514
0.00989281
0.0211267
0.0259597
0.0580799
0.00988076
0.0343324
0.0275443
0.0478736
0.0309463
0.0320744
0.0441114
0.0364655
0.0266243
0.0559071
0.0633102
0.0155015
0.00771978
0.0633521
0.0561846
0.0949776
0.0417105
0.0127183
0.0210643
0.00986071
0.0141467
0.0432895
0.050628
0.0409674
0.0151771
0.0398712
0.0770522
0.017603
0.0124832
0.0223859
0.0222426
0.0179214
0.0274508
0.019914
0.0434733
0.0301887
0.0875971
0.0181066
0.0352808
0.0109523
0.00438641
0.0456384
0.0779927
0.0345646
0.0132651
0.0221957
0.0584282
0.0509316
0.0119269
0.101127
0.0269244
0.0218539
0.000725661
0.0932069
0.00650951
0.010457
0.0197769
0.130303
0.167703
0.00118792
0.0119994
0.015645
0.0342142
0.0323017
0.0348795
0.0251516
0.020623
0.0653156
0.0027204
0.0127274
0.00536352
0.0211956
0.0191248
0.0470163
0.0288823
0.0406537
0.0162637
0.00573525
0.0419601
0.0207888
0.0423706
0.0212204
0.02062
0.049629
0.0508608
0.0367211
0.00198359
0.0177667
0.0575531
0.0157725
0.00619554
0.0267343
0.0198514
0.0132124
0.0159638
0.0189812
0.0241504
0.0504533
0.0315936
0.0132868
0.0254478
0.0240036
0.0182498
0.0134863
0.0267112
0.0152677
0.0351245
0.0400372
0.0199754
0.0328094
0.014348
0.0305966
0.0798849
0.0213788
0.0290392
0.0130794
0.0529719
0.0511505
0.0283044
0.00245485
0.0184586
0.0329885
0.0428507
0.026553
0.028077
0.0436703
0.0186241
0.0134725
0.0230262
0.0497183
0.0212639
0.167462
0.0122702
0.0347058
0.00080572
0.0245035
0.0535101
0.0161858
0.0167722
0.0374488
0.0666749
0.0386903
0.0229762
0.0204743
0.0296958
0.0155311
0.0161464
0.00957664
0.0133221
0.0639545
0.0174443
0.0163227
0.02337
0.00460279
0.0169712
0.0495579
0.00598843
0.00759823
0.0121722
0.000967917
0.00970495
0.019532
0.0401542
0.0406379
0.027254
0.0344762
0.0289619
0.0354148
0.112535
0.0260586
0.015128
0.0278131
0.0579984
0.0175688
0.0121025
0.0909928
0.0217737
0.014489
0.0260625
0.0230654
0.0448156
0.0599522
0.02738
0.0283171
0.00890477
0.0299344
0.0220827
0.0295978
0.0235616
0.0284048
0.0107904
0.00901001
0.0267458
0.0603182
0.0804455
0.0208792
0.0204649
0.00885553
0.021544
0.00333553
0.01465
0.0339467
0.00494423
0.0234507
0.016124
0.0544848
0.0309094
0.0320752
0.068036
0.0228696
0.0314878
0.0233732
0.0529392
0.0162695
0.047905
0.0150012
0.00936335
0.0717307
0.0131443
0.0260055
0.0992856
0.050888
0.0208639
0.0245154
0.0257415
0.0187402
0.0301397
0.0206315
0.0467212
0.0714546
0.0166027
0.00735742
0.0531883
0.00246057
0.0133536
0.0259666
0.0368593
0.0315439
0.0143756
0.0473353
0.0478127
0.0928603
0.00990021
0.0278834
0.00380961
0.0410425
0.0891933
0.0193816
0.0357066
0.0210556
0.00465809
0.034218
0.0266834
0.0149172
0.0358767
0.0601394
0.0562148
0.0448648
0.0351154
0.0116666
0.00168956
0.0440933
0.021183
0.0181889
0.0315899
0.0198605
0.00929223
0.0209463
0.00635079
0.0375103
0.0201324
0.149727
0.0126682
0.103195
0.0223393
0.015281
0.0161223
0.00650166
0.00907508
0.0250888
0.0239985
0.0261845
0.049237
0.0153005
0.0111883
0.0175272
0.0423986
0.0707824
0.0337506
0.0334773
0.0386607
0.0851832
0.0255529
0.0154703
0.0239413
0.0189623
0.0195067
0.00208483
0.0236191
0.00408185
0.0426459
0.0137064
0.0219569
0.0290852
0.0315625
0.00124818
0.0531781
0.0327474
0.0135378
0.0750612
0.0240543
0.0185951
0.0338949
0.0287763
0.105171
0.0138798
0.00632734
0.00239037
0.0324404
0.0587072
0.123529
0.0440596
0.0143922
0.0160346
0.000777118
0.0464663
0.021607
0.0250645
0.0248232
0.0127003
0.0592291
0.0643168
0.0192472
0.0108464
0.00167891
0.010736
0.0430574
0.0196654
0.0394642
0.00767214
0.042917
0.0102573
0.00361897
0.0398929
0.0291095
0.0493056
0.0199222
0.00934657
0.0192098
0.0402165
0.0284046
0.0215366
0.0174092
0.0152619
0.0291846
0.026803
0.015292
0.0319077
0.0159912
0.0318182
0.0234018
0.00637813
0.0118978
0.0158463
0.0255026
0.0234245
0.00144326
0.0486016
0.0987592
0.00436125
0.0449182
0.0196947
0.0143227
0.0196288
0.0136748
0.0487569
0.0274012
0.0099466
0.0140772
0.0143148
0.0396953
0.0259198
0.0483811
0.0581893
0.0478172
0.00598818
0.0442002
0.0539273
0.0169491
0.0183465
0.0507839
0.0385691
0.0331888
0.0209484
0.0134721
0.019729
0.0250726
0.0342847
0.0106865
0.0247282
0.0380208
0.0218251
0.0188321
0.0888437
0.0155284
0.0018782
0.0176722
0.0183408
0.0205222
0.0167822
0.0250542
0.00206237
0.164103
0.00144641
0.0248078
0.0607358
0.0187067
0.0317385
0.0139641
0.0615428
0.0291071
0.0375087
0.080215
0.0272764
0.00991651
0.0386563
0.0316859
0.0110175
0.124075
0.0430052
0.00340845
0.021068
0.01592
0.00923483
0.0773947
0.00817297
0.0216901
0.0180311
0.00983492
0.0242124
0.0159757
0.012562
0.0194278
0.00968601
0.0785724
0.0151898
0.0236524
0.0789238
0.00484144
0.00857683
0.00220629
0.014796
0.0240799
0.0336258
0.0241857
0.0122831
0.0190196
0.0576243
0.0347793
0.00130249
0.00539051
0.0363788
0.0219422
0.0398905
0.0266326
0.015188
0.00810634
0.0270416
0.0183294
0.00548811
0.0575308
0.00114634
0.0950711
0.110491
0.0230522
0.0188698
0.00462688
0.046127
0.0767913
0.014035
0.0276064
0.0147739
0.0225672
0.0198223
0.0171211
0.0276675
0.0554802
0.022352
0.0440248
0.010201
0.0151541
0.0259223
0.0116158
0.0360322
0.00783394
0.0311332
0.0212052
0.0389063
0.0154829
0.078258
0.0182752
0.0115012
0.0303333
0.0146567
0.0344228
0.0414035
0.02275
0.0282757
0.0246987
0.0376865
0.0506584
0.0101986
0.00682566
0.0100807
0.0482
0.0574066
0.0316164
0.0122498
0.00733839
0.0249929
0.0427115
0.00580804
0.021639
0.0194603
0.0589754
0.0413512
0.0114539
0.0238767
0.0107081
0.0326872
0.0230657
0.0112237
0.0189209
0.00763995
0.00528287
0.0128082
0.0475515
0.033365
0.0252635
0.0177964
0.0352126
0.00845438
0.011225
0.00956652
0.0136785
0.0296827
0.0190481
0.0168999
0.0354238
0.0411141
0.018666
0.00544707
0.038559
0.0384542
0.0201673
0.0860858
0.0317287
0.0278188
0.00731671
0.0108558
0.0229554
0.04297
0.0432857
0.0351086
0.0211923
0.0437573
0.020362
0.0182078
0.000988769
0.0143681
0.0289897
0.0299192
0.0141712
0.0307557
0.0166049
0.0113378
0.0630495
0.0275091
0.00438416
0.0497198
0.015749
0.00864709
0.0587469
0.021351
0.0461342
0.0395052
0.0171231
0.0178003
0.0453699
0.0403095
0.0146719
0.0383048
0.0166759
0.00132873
0.0136418
0.0347178
0.0554015
0.024305
0.00788226
0.00061089
0.00119617
0.0536605
0.036883
0.0359712
0.0215501
0.0407104
0.0153878
0.0440739
0.0449492
0.0458923
0.0232846
0.0705547
0.0164996
0.0207278
0.016692
0.0141983
0.00209792
0.0549648
0.0243056
0.0384069
0.0379041
0.0283958
0.0674656
0.01638
0.046955
0.0354126
0.00680253
0.0150385
0.0589964
0.0389352
0.00783959
0.0281714
0.0130737
0.0180809
0.012826
0.0838963
0.0313676
0.0922776
0.00111018
0.0271875
0.0472856
0.0291
0.0127327
0.00275051
0.0460779
0.00758299
0.0392834
0.0268069
0.023519
0.0134353
0.0178689
0.0203118
0.0522924
0.041766
0.0215301
0.0279246
0.0198573
0.0167873
0.0141031
0.0503948
0.0277527
0.0410984
0.00800968
0.039478
0.0231516
0.00255009
0.0255115
0.0114544
0.01101
0.0101771
0.00385149
0.0250998
0.0525707
0.0191778
0.0309217
0.0432919
0.0259371
0.0212461
0.0147313
0.0394304
0.0209186
0.0164509
0.00429599
0.0494068
0.0067604
0.0458869
0.0264229
0.0109517
0.0199754
0.0431309
0.0180247
0.01684
0.0275433
0.0342387
0.0718613
0.047784
0.0295742
0.026326
0.013483
0.020877
0.010042
0.0180826
0.0195463
0.035445
0.0213411
0.00702502
0.0159328
0.00805966
0.0249286
0.00177778
0.0245831
0.022092
0.021851
0.0139089
0.0305421
0.0452255
0.0948757
0.0162439
0.0603761
0.0271016
0.000520269
0.00705818
0.0610748
0.0476496
0.0369074
0.0324393
0.0729447
0.0864276
0.028389
0.0302699
0.0159055
0.0193757
0.0179611
0.0329326
0.0424904
0.0334049
0.0202375
0.0180608
0.0221308
0.0333832
0.0472132
0.0370101
0.136624
0.0627723
0.025315
0.0512334
0.00916224
0.0465827
0.016274
0.0250331
0.0342349
0.00585272
0.0680286
0.00767938
0.037696
0.0018071
0.0136485
0.0288213
0.0854178
0.0355708
0.00351788
0.0250513
0.0378793
0.0132736
0.0523366
0.0210935
0.0189592
0.0210568
0.0799154
0.0391804
0.0218396
0.14783
0.0249447
0.0153375
0.00663535
0.130489
0.0191572
0.0244851
0.0321132
0.0458141
0.126342
0.0147728
0.02286
0.0242578
0.0361631
0.0232369
0.0519745
0.0244256
0.0151351
0.0286185
0.0134066
0.135395
0.0219079
0.0335026
0.0503487
0.0231924
0.0283498
0.0148846
0.0682505
0.0405479
0.0856589
0.0251406
0.0239565
0.0232668
0.0185824
0.0421344
0.0247257
0.0104971
0.0155145
0.0257811
0.030322
0.0205331
0.0348986
0.00362433
0.0164317
0.0149853
0.0319216
0.00549833
0.0123355
0.029469
0.0442067
0.0342186
0.0265282
0.0671618
0.0242596
0.0181891
0.0158114
0.0247325
0.0367001
0.0344178
0.0614784
0.0238803
0.0224739
0.0372176
0.050255
0.0133634
0.0182097
0.0076872
0.0684156
0.0210696
0.0972819
0.0300313
0.0434286
0.0233318
0.0281973
0.082282
0.0214351
0.044929
0.0416557
0.0143692
0.0197129
0.0367791
0.00249067
0.119158
0.0493998
0.013865
0.0247373
0.0715594
0.0354535
0.046322
0.00723763
0.0293932
0.0805781
0.00159843
0.0490551
0.0239117
0.0457802
0.0384037
0.00379633
0.00549727
0.00289219
0.0117937
0.0197427
0.0457511
0.0448576
0.0700817
0.0234781
0.013532
0.073293
0.0284491
0.0236651
0.0182147
0.00403088
0.0275111
0.0618961
0.0117791
0.00943516
0.0115901
0.0217433
0.0570831
0.0337066
0.00164101
0.0409922
0.00093763
0.00327699
0.0250896
0.0122975
0.023722
0.0178015
0.031035
0.0147493
0.0281316
0.0346735
0.0452444
0.0264948
0.0405728
0.112379
0.000696447
0.14465
0.0278314
0.0490233
0.0136073
0.0159941
0.0236992
0.0129424
0.0247934
0.0367369
0.0199986
0.0122826
0.022054
0.0371046
0.0230355
0.0398838
0.0175679
0.0229412
0.0123593
0.0848793
0.00948545
0.0259632
0.0184111
0.0126767
0.0346143
0.0168402
0.0223463
0.0146534
0.0395192
0.0359695
0.038158
0.00761356
0.0154918
0.0694358
0.0763843
0.0316311
0.0438408
0.0422812
0.0627156
0.0282828
0.00271244
0.00680808
0.0260918
0.0106635
0.0267258
0.0410526
0.0190202
0.0439216
0.00822287
0.0575875
0.0174766
0.032188
0.0016786
0.0133528
0.0312291
0.0243423
0.00183465
0.0228426
0.00461715
0.0775045
0.026445
0.000476176
0.0216656
0.0265778
0.0281216
0.0560516
0.03134
0.0568128
0.0614201
0.0575892
0.0143629
0.0338531
0.00507264
0.0200914
0.0220831
0.043404
0.0184131
0.0170714
0.0112321
0.0160039
0.0510407
0.020678
0.0263229
0.01299
0.0114706
0.0180144
0.000914763
0.00594978
0.0181673
0.0107804
0.0324077
0.0212051
0.0282784
0.0174266
0.0621076
0.0252674
0.0196926
0.0144713
0.0212895
0.0280963
0.0224947
0.0336422
0.0496987
0.153941
0.0204963
0.000842521
0.0436231
0.0509591
0.0163963
0.017005
0.0285903
0.0320729
0.0473248
0.027815
0.0187585
0.0105432
0.0202052
0.0254203
0.0476078
0.0274805
0.0440681
0.0250909
0.0198709
0.0336805
0.0261191
0.0300807
0.0435151
0.0187245
0.0276908
0.0159919
0.069519
0.0228151
0.0208782
0.0268103
0.0170137
0.0113619
0.0293074
0.0164638
0.0214758
0.00542952
0.0589839
0.0218903
0.0468428
0.00889928
0.0107308
0.0163275
0.0160171
0.0254287
0.0391909
0.0205043
0.0178701
0.0113428
0.0298978
0.016735
0.0228354
0.0800095
0.0357728
0.030312
0.0170466
0.00782044
0.0462841
0.0152185
0.0601514
0.0165978
0.0121473
0.0162014
0.00906706
0.0045938
0.0361471
0.0895738
0.0386904
0.0475819
0.0147866
0.0127694
0.0141596
0.0374069
0.0275107
0.0202773
0.0228888
0.148776
0.00202736
0.028943
0.0346362
0.0460331
0.0183447
0.0179851
0.0280773
0.0435202
0.00120439
0.0359681
0.0138183
0.00726079
0.0177642
0.0135653
0.0113082
0.0234166
0.0018326
0.0144735
0.0194454
0.0315435
0.129508
0.0191426
0.0120818
0.0574242
0.0238195
0.1035
0.0305528
0.0133373
0.0263628
0.00622785
0.0605658
0.127137
0.0527538
0.0221274
0.0395507
0.039896
0.0128559
0.0222539
0.0380649
0.00697266
0.045833
0.00924369
0.0350624
0.0103491
0.0557639
0.0313314
0.0386233
0.016336
0.118249
0.0154882
0.0511186
0.0412178
0.00833647
0.0147224
0.0328449
0.0345888
0.0183433
0.0153787
0.00522809
0.0267794
0.0250952
0.0576545
0.00141113
0.0191092
0.0151633
0.0288085
0.0437626
0.0161367
0.0156684
0.0162175
0.0184366
0.00732638
0.0333394
0.0381428
0.00699249
0.016088
0.0179674
0.0499703
0.0276034
0.0270031
0.0183591
0.00918256
0.0191358
0.0228087
0.0328208
0.0426102
0.0389702
0.0225058
0.0345661
0.0234808
0.0276243
0.0453744
0.0805103
0.0346458
0.00734807
0.0243667
0.0147251
0.0154175
0.0179045
0.0208457
0.00216951
0.0213175
0.00608574
0.04745
0.000961071
0.014818
0.0218114
0.0156049
0.0396542
0.0113091
0.0290134
0.049226
0.0397649
0.025229
0.0197035
0.0613438
0.00130709
0.00630056
0.00930034
0.0202764
0.03774
0.000997853
0.0200109
0.0426995
0.0543274
0.0280486
0.0185802
0.0194113
0.0735516
0.0710666
0.0112854
0.00945954
0.000313003
0.0292817
0.0129709
0.0237792
0.0606223
0.0198134
0.0375238
0.0385495
0.00638473
0.0427978
0.0120969
0.0241869
0.0143937
0.0128519
0.0286101
0.0119674
0.00942268
0.112602
0.0602096
0.0220383
0.0330575
0.042163
0.0444202
0.00992302
0.0147917
0.0324628
0.00560156
0.0205834
0.00974249
0.0370263
0.0332409
0.0208314
0.0512259
0.022233
0.136576
0.0225684
0.0246982
0.0378529
0.00312196
0.00349752
0.0113129
0.00428434
0.0367267
0.0289706
0.0195304
0.138032
0.0269314
0.0149361
0.0111011
0.0540632
0.04788
0.0177736
0.0391656
0.0192779
0.0423922
0.041924
0.0870681
0.0247818
0.0712346
0.0460066
0.0288311
0.0299735
0.0103079
0.00873404
0.0553282
0.0263014
0.0201617
0.0185055
0.0207881
0.0145725
0.0348618
0.0157495
0.0220996
0.0172062
0.0244223
0.0116908
0.0318737
0.0645247
0.00981404
0.0166923
0.0318117
0.02638
0.0411115
0.0245804
0.00899918
0.0485282
0.0428817
0.0183005
0.0157656
0.0414766
0.0130313
0.0152831
0.0951701
0.0220928
0.0291356
0.0251928
0.0189127
0.0170224
0.0222026
0.0224294
0.0125352
0.023407
0.0245758
0.00350153
0.0263652
0.0637397
0.00528605
0.0279346
0.0203049
0.0234052
0.027864
0.0724717
0.0107626
0.019178
0.0157434
0.0464283
0.0469566
0.0167231
0.0659153
0.0791386
0.014466
0.00834856
0.0240489
0.0061389
0.0422706
0.0299988
0.00408038
0.0679147
0.0141428
0.028805
0.0539115
0.0104681
0.0521436
0.047953
0.0221878
0.0115215
0.0266576
0.0688952
0.0540149
0.0949223
0.0428665
0.0209165
0.0135521
0.00185241
0.0305366
0.0121437
0.0109611
0.0193481
0.0350597
0.0148809
0.0239846
0.02729
0.0188558
0.00322322
0.0118618
0.0166895
0.0722869
0.0342058
0.042452
0.0269742
0.018543
0.0249296
0.0198487
0.0212489
0.0158889
0.101381
0.0139951
0.100766
0.00106562
0.0643581
0.0198363
0.00105015
0.0231602
0.0626294
0.0115942
0.047443
0.0131354
0.0266517
0.0544375
0.0106188
0.0360591
0.0140213
0.0519097
0.0306467
0.0152419
0.0224873
0.0130163
0.0283107
0.036552
0.0360314
0.0366552
0.0126512
0.0200641
0.00591152
0.00887694
0.018507
0.00487018
0.0204957
0.00776509
0.0201539
0.0452694
0.00586033
0.000970569
0.0127666
0.0153072
0.0112631
0.00519783
0.00733886
0.0774755
0.0748258
0.0552721
0.0110241
0.0165113
0.029092
0.00565229
0.0144642
0.0314924
0.0735609
0.0200793
0.0120946
0.111078
0.00899212
0.0496311
0.0159819
0.0222727
0.00765816
0.0450106
0.0607079
0.0186815
0.0533295
0.0363348
0.052679
0.0360192
0.0596762
0.127713
0.115899
0.0107863
0.0437789
0.12608
0.0262215
0.00996292
0.0161326
0.0308699
0.0277211
0.024652
0.0198421
0.0346008
0.0191032
0.0191227
0.011526
0.0106307
0.0553702
0.0202576
0.00832008
0.0131909
0.000572475
0.022139
0.010339
0.0702293
0.0372059
0.0104776
0.0594544
0.143318
0.0555893
0.0580952
0.0338818
0.0246489
0.00318193
0.0201175
0.0506861
0.0137867
0.0600021
0.0338751
0.0145994
0.0403268
0.0510109
0.0359981
0.0490928
0.0129847
0.0219696
0.032954
0.0135585
0.0255736
0.0320036
0.031444
0.0781019
0.0311629
0.00773634
0.0322479
0.031922
0.0506132
0.0212596
0.0214289
0.0247336
0.0418997
0.00848228
0.0335231
0.0103982
0.0286324
0.00136939
0.0166009
0.0545032
0.050422
0.0202251
0.0312245
0.0264511
0.0393686
0.0384119
0.0254322
0.0593154
0.035334
0.0434054
0.028203
0.019727
0.0198181
0.0124974
0.0294136
0.0140782
0.180095
0.0139195
0.0139796
0.0300221
0.033634
0.0420492
0.0124191
0.0182802
0.0368396
0.0214126
0.0240761
0.0146777
0.0311119
0.00785411
0.00914967
0.00969856
0.0266561
0.0516912
0.0151625
0.0257803
0.0249014
0.020141
0.0777562
0.0827917
0.0366275
0.127434
0.0268895
0.031738
0.0175085
0.0342874
0.0151877
0.0385615
0.0336907
0.017678
0.0475284
0.013664
0.0369388
0.010368
0.0142811
0.068235
0.0314961
0.00678967
0.0301711
0.0050642
0.000926124
0.0446009
0.164029
0.0190583
0.0324045
0.0163617
0.00770156
0.0317352
0.0340642
0.0167532
0.0279186
0.0212864
0.0401083
0.0175295
0.00205838
0.00911741
0.0383803
0.0284033
0.0303916
0.0221337
0.0252782
0.0442984
0.0740804
0.0644257
0.0183972
0.0078025
0.0306112
0.0214582
0.0425031
0.0303083
0.0200684
0.0749126
0.00175636
0.020857
0.0232595
0.0223598
0.0175977
0.0146825
0.00300873
0.0201334
0.00869528
0.0226156
0.0109108
0.0181943
0.0215528
0.0342697
0.00162041
0.041931
0.022147
0.0543623
0.0111384
0.0118277
0.012189
0.124294
0.0234668
0.0241902
0.113598
0.0449692
0.0234821
0.0713229
0.0327881
0.0107194
0.0224846
0.0329869
0.00384529
0.0841504
0.0516044
0.0295649
0.0147035
0.0245621
0.0137733
0.0428417
0.0985456
0.0277034
0.00692371
0.020864
0.012057
0.0541707
0.0591644
0.0200202
0.0576137
0.0279575
0.0238151
0.0450595
0.0657384
0.0739527
0.016162
0.00313253
0.028582
0.0251307
0.0167243
0.0267134
0.104755
0.0506134
0.159214
0.0203675
0.0399178
0.0211227
0.0683271
0.0210584
0.164764
0.010081
0.0617471
0.0219332
0.0260413
0.0570646
0.00212561
0.0258218
0.0168908
0.0115634
0.0106471
0.0112806
0.0300737
0.0211066
0.00185439
0.0201579
0.0177634
0.0108799
0.0258163
0.0478444
0.0194522
0.0277061
0.0364508
0.0807487
0.00713946
0.037365
0.0124334
0.0279014
0.0466719
0.1018
0.0288788
0.0330745
0.154762
0.0300368
0.0334611
0.0711753
0.0176731
0.00804682
0.0328553
0.0461191
0.0242582
0.0889739
0.0160922
0.0187567
0.0176337
0.0354265
0.0172832
0.0240005
0.00498417
0.0161457
0.00858667
0.0203732
0.00483891
0.0600801
0.02532
0.0614107
0.117313
0.0337725
0.0324913
0.0487668
0.0668873
0.0102498
0.0159687
0.0331838
0.11313
0.0682707
0.00474702
0.0406264
0.0390424
0.0290705
0.0244692
0.0124222
0.0461809
0.0208186
0.0499048
0.0370307
0.0199042
0.030223
0.024358
0.0175026
0.0191431
0.0486778
0.0463332
0.0145133
0.017521
0.0230574
0.0149963
0.100883
0.037654
0.0140177
0.0253531
0.0115508
0.0215178
0.0728597
0.0198264
0.0326569
0.041289
0.00835401
0.0502815
0.0121971
0.0107995
0.0214415
0.0509621
0.0333327
0.0603402
0.0538011
0.14772
0.0112491
0.017974
0.0629199
0.00845589
0.0158874
0.0335248
0.0122193
0.0226848
0.0433656
0.00307175
0.000866297
0.00139115
0.0201181
0.0153384
0.0175773
0.0321487
0.055946
0.0690086
0.0398779
0.00942412
0.0729758
0.0290091
0.101791
0.00202269
0.010772
0.0225493
0.00996717
0.0331919
0.0144947
0.060051
0.00200506
0.15111
0.0206353
0.0298104
0.0550299
0.0302694
0.0266077
0.0347124
0.0213456
0.0194201
0.0208553
0.0195333
0.0114244
0.0338994
0.0263835
0.0223724
0.07857
0.0308923
0.0273232
0.0173705
0.0147884
0.00211624
0.00819978
0.0661263
0.0418629
0.0692816
0.0505144
0.0378599
0.0197851
0.0703614
0.0333122
0.0129133
0.0216859
0.0195373
0.00125264
0.0223452
0.115188
0.134784
0.0322188
0.020956
0.0182464
0.0230435
0.0806359
0.0186931
0.0354566
0.0403986
0.0393857
0.0258947
0.00562046
0.0890744
0.0362348
0.0524485
0.0515912
0.0253241
0.0197201
0.00700635
0.0571401
0.00280438
0.0173097
0.0235301
0.0437748
0.0398646
0.22081
0.0164934
0.00440934
0.00180272
0.0324523
0.0683535
0.0171032
0.0222651
0.0145295
0.00546352
0.0194163
0.0185149
0.0554324
0.0369776
0.032254
0.0915221
0.0359408
0.0177945
0.0352952
0.050096
0.0283425
0.0262985
0.0348146
0.0182031
0.0338956
0.0315589
0.00890009
0.115305
0.0743392
0.0243308
0.0301811
0.0137055
0.0304934
0.0157951
0.0600938
0.0122416
0.0323268
0.0384887
0.0350811
0.0329394
0.0467421
0.0106068
0.00930163
0.0325197
0.0276154
0.0167565
0.0133551
0.0198501
0.0290867
0.00853933
0.02045
0.0294837
0.0363755
0.0941229
0.0140287
0.00702632
0.0333368
0.0499235
0.0285028
0.031161
0.0287914
0.0602595
0.0771888
0.017567
0.0925222
0.0483365
0.0175579
0.0564579
0.024263
0.0258143
0.023998
0.0141921
0.124447
0.0744252
0.0474055
0.0780652
0.267426
0.0474785
0.0351545
0.0284352
0.0389888
0.0172784
0.0206965
0.0349942
0.0271109
0.0205795
0.0158293
0.0186627
0.0246611
0.0136445
0.0225361
0.0282795
0.0151448
0.00950009
0.0175465
0.0255988
0.0534347
0.018218
0.0654959
0.134338
0.0165358
0.0248205
0.00432583
0.0174505
0.0325188
0.0144639
0.0532186
0.0194444
0.0196626
0.0167834
0.013468
0.0168503
0.0187721
0.0303609
0.0186572
0.00194981
0.0247637
0.0393874
0.0397919
0.0296229
0.00976143
0.0263257
0.0149764
0.250867
0.0277216
0.0265273
0.0988589
0.0408959
0.0327612
0.0209454
0.0264407
0.0575023
0.0405016
0.0135168
0.0228598
0.0101843
0.0124381
0.0443487
0.0157981
0.0218185
0.0377276
0.154867
0.0313897
0.0230444
0.0300854
0.016217
0.0124287
0.0742888
0.125401
0.0145413
0.0196461
0.0279678
0.0069109
0.0274998
0.0151616
0.00933029
0.0146944
0.070675
0.0217399
0.0186239
0.015903
0.0253499
0.00711789
0.00894312
0.0164102
0.021628
0.0543781
0.0262606
0.0283595
0.00100932
0.0442442
0.0348074
0.020766
0.0283828
0.110976
0.0674177
0.0244656
0.0122697
0.0400267
0.0183875
0.0378603
0.0622353
0.0600455
0.0246893
0.0260859
0.0377348
0.0352895
0.0140838
0.0131663
0.0372174
0.0194232
0.0191268
0.0231182
0.00177745
0.0103566
0.00430425
0.0152757
0.0284822
0.00840427
0.0140291
0.0212926
0.0174486
0.0119446
0.0308115
0.0055631
0.0519591
0.0132357
0.0189398
0.0529857
0.0156452
0.00126129
0.0270486
0.00687858
0.0238901
0.0201915
0.0244233
0.0162117
0.00901367
0.0276974
0.0431982
0.0346189
0.0065586
0.0308074
0.0386445
0.0278921
0.00892212
0.0133938
0.0818051
0.0306348
0.0936577
0.0391287
0.141792
0.0216558
0.0183816
0.0143596
0.0129951
0.0130972
0.0554851
0.0190712
0.044792
0.0321059
0.0443943
0.0382336
0.081608
0.0358196
0.0769366
0.0117841
0.0326934
0.054125
0.0251786
0.0168362
0.0252318
0.00999441
0.0116146
0.0307374
0.0435135
0.01546
0.0063504
0.0519215
0.0474942
0.0102652
0.0433918
0.0286008
0.0141392
0.0399633
0.0103291
0.0270813
0.0564494
0.0509618
0.00515211
0.00981415
0.0415368
0.0759941
0.0264705
0.0113308
0.0592491
0.0580234
0.0241907
0.0224374
0.0140855
0.0374463
0.0274122
0.0162526
0.0244821
0.0161601
0.000916127
0.00605591
0.0424704
0.0152436
0.043325
0.00180682
0.0210572
0.09067
0.0185992
0.0348139
0.0163525
0.0184662
0.128082
0.0117378
