0.00358761
0.0274974
0.00750024
0.0429645
0.0244334
0.0264175
0.00202723
0.00241556
0.00384638
0.0125144
0.0632283
0.00644908
0.0270829
0.0440394
0.0517754
0.0444071
0.0299127
0.0169153
0.000696742
0.0141035
0.00371852
0.0210469
0.00160815
0.0142511
0.00573737
0.00742051
0.00932297
0.030354
0.03986
0.00187809
0.00259492
0.0116848
0.0188972
0.0154676
0.0192175
0.00278841
0.00315482
0.0104049
0.0101088
0.00792222
0.00143399
0.0164933
0.0257648
0.0204881
0.00130143
0.00979072
0.0138284
0.00826019
0.00832111
0.00273137
0.0507296
0.0473123
0.0145843
0.00793187
0.0257759
0.0134597
0.0145929
0.0185163
0.0184557
0.00787685
0.0108004
0.0332957
0.0176518
0.0156137
0.00302394
0.0211003
0.115731
0.0104115
0.0137239
0.0202126
0.0161858
0.0186941
0.0172636
0.00404629
0.0101299
0.0706881
0.0214182
0.0110772
0.000317955
0.0338045
0.0110441
0.00501851
0.0432027
0.00238224
0.0250384
0.013547
0.00609277
0.0218231
0.00147002
0.0111719
0.00101511
0.0215962
0.0438146
0.00930881
0.0204819
0.00914658
0.0325168
0.00320388
0.00278909
0.0137642
0.0105296
0.00768433
0.0280813
0.141145
0.00760518
0.0344836
0.0138104
0.0176332
0.00608079
0.0212019
0.0516337
0.00159351
0.0149453
0.0393203
0.00349255
0.0174658
0.019092
0.0221795
0.0121142
0.0190013
0.00245041
0.0187768
0.00278499
0.06168
0.0193907
0.0659829
0.0141482
0.0162042
0.00104465
0.0484274
0.00827053
0.0021178
0.00391115
0.0121392
0.00296618
0.000222644
0.00884228
0.0254911
0.0659644
0.00633102
0.00402723
0.00363158
0.00683227
0.00421506
0.00202729
0.00207329
0.0512743
0.027545
0.0356534
0.00595583
0.0128585
0.0225403
0.00576241
0.00270915
0.0135479
0.02544
0.00827165
0.0476247
0.0183834
0.0656611
0.00325754
0.0240472
0.0956071
0.0355997
0.019923
0.0260341
0.0124789
0.0251801
0.018358
0.00225126
0.0353466
0.0113763
0.0127906
0.0100841
0.0141572
0.0128259
0.00893244
0.0131672
0.00605331
0.0107653
0.00109422
0.00455275
0.0101773
0.00844834
0.0260643
0.0277873
0.026481
0.0234899
0.0187404
0.0189269
0.0922064
0.0192359
0.0135492
0.0405279
0.018893
0.0169235
0.00137821
0.0126375
0.0110184
0.00148593
0.0158941
0.0117138
0.0192426
0.00816052
0.0474744
0.0329676
0.0627539
0.0189306
0.00140918
0.00420212
0.0101147
0.00382509
0.0146346
0.0847491
0.00929533
0.0675706
0.0306356
0.0067113
0.0201416
0.00214218
0.0959986
0.0447492
0.0937486
0.000667166
0.0169844
0.032417
0.00261673
0.0427432
0.0408703
0.00329741
0.016936
0.00600006
0.00787376
0.00325062
0.03956
0.00824695
0.00513757
0.0136988
0.00330957
0.0028852
0.00136914
0.00669142
0.0109384
0.139458
0.0248866
0.00328134
0.00172017
0.0686198
0.0519697
0.0167391
0.0322366
0.019748
0.0110715
0.0397941
0.039801
0.0256716
0.0108782
0.0919726
0.00995104
0.00161406
0.00308194
0.00988704
0.020158
0.0498419
0.0160152
0.00818529
0.000363291
0.0445304
0.0195227
0.0185793
0.0235358
0.0698951
0.0544417
0.00185364
0.00107213
0.0197528
0.0144766
0.00831745
0.00243638
0.0512603
0.00152712
0.0178723
0.00338249
0.0382855
0.0135515
0.00772233
0.00975387
0.00312813
0.0121818
0.0119328
0.0230398
0.00773786
0.000939981
0.0147655
0.049166
0.0352737
0.00195505
0.00132632
0.00475034
0.00350315
0.0430469
0.00300292
0.0146617
0.00415052
0.00173092
0.00326038
0.00541892
0.00902796
0.00358379
0.0292643
0.0254937
0.00208044
0.017041
0.0348123
0.00325621
0.00275666
0.00603985
0.00162365
0.0183361
0.0293626
0.00747384
0.0680334
0.0155327
0.00324675
0.0023406
0.0305569
0.0417798
0.00992912
0.0871288
0.00134544
0.0189431
0.0129009
0.0265541
0.00216676
0.0150168
0.0425
0.0135206
0.0183569
0.0181011
0.00678796
0.00327421
0.0121555
0.00401731
0.0136775
0.0217882
0.0296431
0.0124129
0.00633762
0.00822593
0.0471813
0.0187766
0.0301032
0.0141002
0.00178749
0.00587552
0.0279925
0.00194593
0.012738
0.00290698
0.0195073
0.0716165
0.0715309
0.111769
0.00210878
0.0123084
0.0234728
0.0234076
0.0117022
0.0500998
0.0121398
0.0115787
0.0131723
0.0451568
0.0221092
0.0142387
0.021304
0.0784139
0.00237234
0.0803521
0.0696844
0.00165122
0.0246696
0.0741246
0.023871
0.0227254
0.00534232
0.0194943
0.0167103
0.0154709
0.0388133
0.0196336
0.00367673
0.0724765
0.00318074
0.0276766
0.0116092
0.00427397
0.0628204
0.0119947
0.00488922
0.00163162
0.0162678
0.0154272
0.0143166
0.00208996
0.0229817
0.0146914
0.00814767
0.00494002
0.00251129
0.00282328
0.0139201
0.0591854
0.00338559
0.0539902
0.0146555
0.0338159
0.030665
0.0162191
0.0195996
0.106971
0.0118234
0.0320885
0.00182213
0.0185337
0.0061499
0.0193827
0.00220647
0.116299
0.00286749
0.0411112
0.000691257
0.0259789
0.0111224
0.0142749
0.00059906
0.002354
0.0012629
0.0202316
0.00150945
0.0114592
0.00975351
0.00129625
0.0136051
0.0240135
0.0198313
0.00671648
0.00544845
0.0343324
0.00197434
0.0386942
0.00740183
0.0256952
0.00146626
0.00336497
0.0201492
0.0464588
0.00097955
0.0213633
0.0172336
0.00280486
0.0447698
0.00168292
0.0624261
0.00148996
0.030437
0.00321922
0.0162727
0.0202848
0.0267239
0.0156333
0.030006
0.0022561
0.00349906
0.0129671
0.00430722
0.000550326
0.0129509
0.0261438
0.0605415
0.00181171
0.0212819
0.0173188
0.00187143
0.013957
0.00238211
0.0171617
0.0472338
0.00278511
0.0160849
0.0139253
0.0162343
0.00565925
0.0229275
0.12791
0.00922559
0.0136928
0.00367582
0.00256477
0.0030115
0.0108561
0.0209049
0.0306954
0.0100919
0.0082794
0.00248527
0.00821
0.179013
0.0027097
0.0990613
0.0262456
0.00244215
0.0122126
0.0115182
0.0656153
0.0120702
0.00921952
0.00986445
0.0445634
0.00323695
0.00912599
0.00926733
0.00180074
0.0473289
0.0298335
0.0416007
0.0046319
0.00337453
0.0241962
0.00373533
0.00170207
0.0121265
0.0411225
0.0179402
0.0212659
0.0088931
0.0700011
0.0450013
0.0273246
0.0697328
0.00465825
0.0124388
0.0136423
0.0443001
0.00307697
0.0141197
0.00231855
0.0247489
0.0159114
0.0019944
0.0562248
0.031075
0.00188967
0.00811
0.0355825
0.0138785
0.0189306
0.00127961
0.0152409
0.00319528
0.00190416
0.0350699
0.00173862
0.0113627
0.0229733
0.0237965
0.0168538
0.000731315
0.0472442
0.00925525
0.00506375
0.0388315
0.00454768
0.0063394
0.025395
0.00306966
0.013104
0.010185
0.0491913
0.0124536
0.00522089
0.0384495
0.0470786
0.058654
0.015483
0.00418757
0.00232806
0.0416236
0.00302235
0.00998104
0.0180294
0.0158837
0.0201566
0.0120568
0.00149674
0.00216351
0.0424907
0.00301171
0.0021266
0.0455907
0.00306062
0.0225367
0.0457048
0.00143365
0.00293853
0.00208682
0.0196684
0.00137663
0.00972614
0.00643387
0.00786611
0.0199068
0.0244906
0.0269186
0.00309615
0.00154783
0.0125789
0.0294618
0.00362577
0.0477534
0.0170121
0.023156
0.0175901
0.015639
0.0016251
0.0130821
0.0010278
0.0302901
0.00331349
0.0105015
0.00795255
0.0107636
0.0234714
0.000619231
0.0223724
0.0353561
0.0281924
0.00270796
0.026781
0.0178626
0.0407552
0.00515578
0.0105829
0.016285
0.00133825
0.0273108
0.0302799
0.0813531
0.00878942
0.0258424
0.0971836
0.000463061
0.0303611
0.00927899
0.0154829
0.0023587
0.00788824
0.058775
0.00824257
0.00208697
0.00308321
0.0791839
0.0175887
0.00371767
0.00274692
0.0408224
0.0162357
0.0122082
0.0133558
0.0149342
0.0125759
0.0198875
0.0325427
0.0173207
0.00107447
0.00438379
0.125521
0.000648549
0.0189874
0.00958909
0.0127663
0.0144359
0.0243874
0.0104969
0.0563667
0.00812476
0.0141043
0.0842615
0.020688
0.0237223
0.0162782
0.0225522
0.0127577
0.0031305
0.0164002
0.014106
0.020597
0.00884618
0.0202814
0.00155339
0.00122478
0.00151579
0.00146243
0.00245123
0.186179
0.0144843
0.00159299
0.0020922
0.0379493
0.0250744
0.0376614
0.00173377
0.00178554
0.0084665
0.00249422
0.0171619
0.0134636
0.0100529
0.0127209
0.00173446
0.0137525
0.047126
0.0474018
0.00190144
0.0293796
0.0231889
0.0243666
0.0195583
0.0321234
0.0130672
0.0159116
0.0142418
0.0282586
0.00302494
0.00799626
0.00823213
0.0365697
0.00333515
0.00066534
0.012228
0.00908532
0.00263033
0.0293836
0.00419525
0.0171469
0.00972786
0.0102514
0.00360942
0.0029229
0.0128655
0.0209227
0.00110679
0.0545066
0.00171452
0.00795359
0.0206522
0.0174383
0.0153972
0.0292746
0.0748836
0.00736973
0.05484
0.0593332
0.028279
0.00892861
0.0200622
0.0163884
0.00348211
0.0281052
0.0357859
0.000785721
0.0550404
0.0128336
0.0273043
0.00190652
0.0154059
0.0325327
0.00909304
0.0468754
0.00564052
0.0435949
0.000945258
0.000810132
0.00458443
0.0184206
0.0357432
0.00485485
0.0177393
0.0250537
0.0112309
0.0344506
0.00162421
0.0411754
0.00606091
0.0397615
0.00870671
0.0128013
0.0103746
0.030208
0.00149268
0.00307271
0.0125982
0.00203479
0.0186471
0.0410097
0.0153235
0.0283698
0.0170493
0.0532524
0.0122022
0.0303275
0.00602594
0.0703388
0.0151522
0.0133095
0.00989785
0.0655756
0.0402788
0.023572
0.0481632
0.0174147
0.00476784
0.0186377
0.0488187
0.00347883
0.00175086
0.00899104
0.0268926
0.0132878
0.0370725
0.0156133
0.00280378
0.0312465
0.0175734
0.0370277
0.067627
0.0201843
0.0402388
0.00244519
0.015943
0.0130167
0.0179541
0.00159455
0.0151012
0.00292025
0.00927417
0.0146993
0.017582
0.0112236
0.00189498
0.0228725
0.00225783
0.0182377
0.00760393
0.0129293
0.00825723
0.00793067
0.0116557
0.0368023
0.0106851
0.0284358
0.0373019
0.00921971
0.0353005
0.0188368
0.0252585
0.0789347
0.0709385
0.0129157
0.000998065
0.00711826
0.00265855
0.0183816
0.011221
0.00113201
0.00833459
0.0140681
0.00189034
0.129491
0.011311
0.0300617
0.0594434
0.00146051
0.0110884
0.000773207
0.0337646
0.0128323
0.0151917
0.0239907
0.000482858
0.0137285
0.0337926
0.021451
0.0381524
0.00603228
0.00320529
0.0285187
0.0160889
0.0428067
0.00177592
0.0426695
0.0289822
0.00390592
0.00152253
0.00846575
0.00247652
0.0401543
0.0170574
0.00182143
0.0347614
0.0274038
0.00650135
0.0147339
0.0213158
0.0084044
0.00204894
0.0332659
0.00853678
0.00608578
0.0227607
0.0168451
0.00289711
0.00176201
0.010592
0.00327619
0.00665993
0.0536248
0.0592624
0.00851974
0.0147605
0.0923534
0.00131115
0.00220027
0.051552
0.012517
0.0150743
0.00286879
0.000793422
0.0120786
0.0146742
0.0156986
0.0338502
0.0687511
0.00354621
0.00781726
0.00126738
0.051695
0.0130093
0.00940164
0.09131
0.00174776
0.0155505
0.00311925
0.021359
0.00220649
0.0171402
0.0012812
0.0459942
0.0128228
0.00243087
0.0285916
0.0296403
0.015785
0.024854
0.0123694
0.114798
0.0022554
0.0289207
0.000677904
0.00264765
0.00305603
0.0490098
0.0204725
0.0253098
0.019603
0.0227931
0.0501519
0.0186991
0.0100431
0.0142705
0.00589798
0.0308677
0.000987068
0.0170835
0.0227155
0.0305496
0.0157496
0.0144223
0.0265578
0.0650541
0.0271526
0.102567
0.00109972
0.0329494
0.0941936
0.00242747
0.022098
0.0100142
0.0322699
0.00203182
0.00767221
0.0121388
0.0804637
0.000842808
0.012025
0.00456389
0.00953822
0.0552451
0.0311329
0.0265353
0.0092495
0.0447137
0.0529647
0.00462007
0.00113449
0.0329711
0.0372107
0.0335802
0.00541392
0.0501823
0.00298935
0.0155432
0.0349812
0.0159019
0.00198319
0.0363637
0.00398222
0.00909004
0.00356435
0.00081897
0.019727
0.00188853
0.0111887
0.00262591
0.004961
0.00233538
0.0973351
0.023301
0.0115207
0.0120919
0.000499904
0.0497309
0.0619154
0.0501213
0.024429
0.0266989
0.0340738
0.0150757
0.0111256
0.060396
0.0100156
0.00246931
0.00173723
0.0167241
0.00129481
0.0417734
0.0144379
0.0245362
0.0905637
0.0108978
0.00764642
0.00431776
0.00705806
0.001519
0.0106145
0.00183796
0.00663235
0.00459117
0.00844353
0.00766173
0.0421551
0.0045594
0.0417601
0.00869717
0.00124434
0.00432768
0.0216118
0.00278939
0.0208933
0.0431484
0.0431635
0.0110247
0.03481
0.0118036
0.015365
0.0204559
0.00251313
0.0113577
0.132194
0.0157104
0.000594229
0.0163565
0.0189353
0.0490864
0.0972078
0.00510876
0.028446
0.0112858
0.0061524
0.00739343
0.000784748
0.00157441
0.0182153
0.00209594
0.016569
0.00487829
0.0278275
0.0142722
0.0398267
0.0261509
0.00967518
0.0105397
0.0261187
0.0101495
0.0405153
0.0192352
0.000959255
0.0198441
0.0431235
0.0186167
0.0342454
0.00119923
0.020732
0.0131115
0.0151267
0.0219144
0.0633106
0.00322843
0.0246982
0.0016475
0.0184023
0.0503807
0.0152732
0.0262874
0.025628
0.00364506
0.0422122
0.0344712
0.0047438
0.016726
0.00265327
0.00286012
0.06483
0.0187163
0.00256637
0.00051261
0.0509616
0.00187695
0.00327199
0.0340729
0.00518955
0.0142054
0.0603574
0.00235047
0.0105023
0.0410091
0.0482164
0.0310856
0.0328271
0.0033811
0.00354089
0.026952
0.00968852
0.015099
0.00265322
0.00147892
0.00297897
0.0116452
0.0238834
0.0182107
0.00581812
0.0026459
0.0278068
0.00760387
0.0425416
0.112548
0.0628678
0.031796
0.0033612
0.0212691
0.00503548
0.0213552
0.020843
0.0104303
0.00673441
0.00652046
0.00527157
0.0817883
0.00277899
0.0206949
0.0101448
0.00198869
0.0211825
0.0545189
0.00801565
0.106643
0.0209521
0.0243146
0.00649623
0.0429191
0.00716942
0.0113945
0.0159933
0.00255473
0.0482337
0.0818154
0.0151176
0.0464732
0.00261431
0.00852909
0.00140854
0.0101343
0.0291266
0.0172733
0.03191
0.096139
0.00192665
0.0309839
0.00610222
0.0351032
0.0271969
0.0246256
0.0157305
0.00431798
0.00487459
0.0371478
0.0139667
0.000778921
0.023884
0.023527
0.00442198
0.0192774
0.00901495
0.0062681
0.000715313
0.00697491
0.00332961
0.0276869
0.0154221
0.0145052
0.0286696
0.0230724
0.00771129
0.00481062
0.00878876
0.00561195
0.0247011
0.013695
0.0309481
0.024056
0.0127908
0.015744
0.0155558
0.0564084
0.00982002
0.00697381
0.000617844
0.0388341
0.0653612
0.00926999
0.0155276
0.0318264
0.0143746
0.00198321
0.0106502
0.0120977
0.00241447
0.0170607
0.00084563
0.0192322
0.00265987
0.00360768
0.00129469
0.0382795
0.064694
0.00247134
0.0176028
0.00222166
0.00642559
0.00926778
0.118811
0.0098394
0.00667122
0.076859
0.00221231
0.00283075
0.0143908
0.00150499
0.0424244
0.00166802
0.00269843
0.00524906
0.0827404
0.054183
0.0141685
0.030534
0.0119644
0.00750227
0.0464563
0.0201502
0.0270878
0.0112782
0.00132567
0.00279809
0.00181433
0.00720429
0.0122842
0.00147153
0.021978
0.0046968
0.0145294
0.00404814
0.00916766
0.023831
0.0109385
0.000355246
0.00226978
0.0126973
0.0924331
0.00562536
0.00323908
0.00336513
0.0407885
0.114564
0.00240181
0.0178443
0.00163182
0.0725856
0.032927
0.0559013
0.0123605
0.0177546
0.0331372
0.0148801
0.00629174
0.00304429
0.0184201
0.0147826
0.0478907
0.0848263
0.0453585
0.014609
0.0185536
0.0228512
0.0425275
0.0393052
0.00622645
0.0997556
0.00988254
0.0115054
0.0479913
0.0173744
0.00861913
0.00342901
0.00683268
0.0623243
0.0196825
0.0124298
0.00170948
0.0159968
0.000879268
0.0712527
0.0163046
0.023105
0.0121719
0.0142218
0.00109893
0.011073
0.052374
0.0243028
0.109675
0.00389224
0.0563327
0.034912
0.00122964
0.00840296
0.0491138
0.00221073
0.0124884
0.00570541
0.00473473
0.0021526
0.0190168
0.0104714
0.00137268
0.0202625
0.0439617
0.100332
0.00613747
0.0451882
0.00328004
0.019519
0.0195201
0.013698
0.0109207
0.010181
0.0178425
0.0327505
0.00199692
0.0226566
0.00383728
0.00316622
0.00197586
0.0290849
0.00873194
0.0527568
0.0176711
0.0121226
0.0736863
0.0224478
0.0655954
0.0870528
0.036961
0.0314189
0.0168036
0.0168976
0.0122935
0.0013934
0.0315978
0.130176
0.0184497
0.025578
0.00213974
0.0188413
0.00197215
0.0405652
0.00329772
0.0420692
0.012124
0.0552208
0.00925764
0.00175727
0.0182219
0.00642554
0.00474031
0.0166514
0.00354327
0.00470911
0.0048845
0.00467482
0.0120514
0.0120605
0.0205195
0.017975
0.0715857
0.0141645
0.0206249
0.0147053
0.0739112
0.00068457
0.00195902
0.009754
0.0257876
0.0148463
0.00463469
0.00283687
0.00938724
0.0155529
0.00438266
0.0369166
0.017676
0.00391649
0.0307701
0.0138171
0.0156006
0.0116909
0.00236773
0.0181282
0.00163781
0.0383969
0.0129731
0.0568777
0.0031307
0.00848533
0.0376393
0.0049441
0.0118841
0.148265
0.0119963
0.00510952
0.0131635
0.000855517
0.000834803
0.0228826
0.00983663
0.007138
0.0106461
0.00747031
0.0188856
0.0565525
0.0019017
0.0168032
0.00115919
0.00215682
0.0528482
0.0137558
0.0057644
0.0122945
0.0388974
0.0402006
0.0232832
0.00247306
0.0113049
0.00580225
0.0188001
0.00529777
0.0112134
0.00313641
0.0416061
0.0240112
0.00688666
0.00709361
0.0313991
0.00278384
0.00505597
0.00171466
0.00593445
0.0393528
0.00130218
0.0148435
0.0614575
0.0132868
0.00151518
0.00187215
0.0198319
0.0355734
0.0202379
0.00181934
0.0215715
0.0110743
0.0301079
0.0181316
0.00508495
0.0111186
0.0238951
0.0232079
0.0166315
0.0321992
0.0796359
0.0395511
0.00904958
0.0478609
0.0193011
0.0128008
0.00584345
0.050314
0.00791798
0.0255086
0.0576609
0.00182098
0.0331696
0.00511731
0.000661959
0.00603639
0.0813523
0.0477595
0.0233494
0.0142113
0.0227329
0.00255767
0.0591421
0.0384858
0.0029939
0.00661678
0.0115505
0.0541095
0.0388701
0.0220485
0.0263439
0.00401442
0.0349939
0.0186279
0.0413619
0.00702686
0.0951743
0.00229456
0.000490298
0.0174992
0.00196832
0.0144466
0.00524751
0.00809296
0.0464017
0.00338988
0.0211876
0.0207262
0.00849861
0.00291195
0.0243265
0.0247525
0.00308661
0.00256653
0.040939
0.0533442
0.00687511
0.0107001
0.0169133
0.00423393
0.0101821
0.0643858
0.00369863
0.0153914
0.0532305
0.0370988
0.0316096
0.00283031
0.0136839
0.0150143
0.00647145
0.163843
0.047353
0.0206709
0.00888052
0.0294584
0.0168889
0.0105782
0.0361724
0.0656712
0.0047206
0.0488489
0.0160549
0.0096884
0.121304
0.0123141
0.00122545
0.0396358
0.034165
0.00267786
0.00786802
0.0410902
0.0141231
0.00260563
0.0110598
0.0295478
0.0576423
0.0173439
0.00412672
0.0141839
0.0226369
0.00191924
0.00486614
0.0131339
0.0190615
0.0297128
0.00173057
0.023754
0.0158284
0.000962833
0.0183439
0.0131176
0.0361208
0.0139214
0.0045075
0.00961527
0.0125243
0.00215592
0.0114281
0.0174543
0.0126281
0.0024954
0.0153919
0.00123986
0.0109214
0.0177656
0.00988792
0.018732
0.0115212
0.00665058
0.0233628
0.00333558
0.0385998
0.0280309
0.0196925
0.00721658
0.0891774
0.0313237
0.0281518
0.0104465
0.0243924
0.01238
0.0150366
0.0453362
0.00113125
0.0147438
0.0241291
0.0205988
0.0118008
0.00256312
0.0575182
0.0090079
0.0160215
0.0290365
0.00171537
0.00384784
0.00838223
0.0600054
0.0276018
0.0138266
0.0573863
0.00104034
0.022951
0.0096348
0.0104016
0.0222681
0.0461875
0.0450044
0.00982452
0.00145804
0.0113509
0.00221691
0.0294419
0.0216596
0.00814964
0.00426156
0.0384141
0.0693147
0.0180026
0.00579279
0.0130999
0.0456314
0.0130373
0.00119989
0.0104745
0.00768699
0.11542
0.0117476
0.00115223
0.00895358
0.00612481
0.124216
0.0240351
0.0058531
0.00739583
0.0119405
0.00285316
0.013887
0.0023366
0.0149583
0.010499
0.0290051
0.0214073
0.0043343
0.0109893
0.0571727
0.00933516
0.00815526
0.034356
0.0593023
0.0108616
0.0136891
0.00283693
0.00891437
0.0162909
0.0021585
0.00146838
0.0439162
0.0367114
0.00192585
0.00168196
0.000428912
0.0065996
0.00780326
0.0717972
0.00322239
0.0405254
0.0216766
0.00100974
0.0140623
0.0403356
0.00204813
0.0086468
0.0197027
0.0345174
0.152953
0.0264813
0.00159763
0.008839
0.114683
0.00676776
0.0132367
0.00526631
0.010533
0.00681064
0.00106257
0.00503543
0.00685141
0.011144
0.0100013
0.0182581
0.0470222
0.00249319
0.0114209
0.031955
0.00656399
0.00474319
0.0102892
0.0374292
0.121144
0.0099127
0.0132542
0.0422035
0.0106547
0.0250168
0.00358194
0.0137893
0.00171834
0.0190068
0.00962417
0.00173179
0.0116071
0.0138459
0.0105964
0.0697206
0.00483701
0.00342573
0.0267118
0.00381467
0.00661429
0.0118636
0.00259373
0.00225231
0.016256
0.00806291
0.0175637
0.0326346
0.0014551
0.0148866
0.00114382
0.0112387
0.0257606
0.00383818
0.00676334
0.0282771
0.0769419
0.0245414
0.0396019
0.00959669
0.0443947
0.0111405
0.0912213
0.0641778
0.00422729
0.0122978
0.0148748
0.00167521
0.0131737
0.0123535
0.0236721
0.0183077
0.00125631
0.165085
0.00790171
0.02784
0.00331687
0.00101285
0.0102328
0.0123695
0.0279479
0.00953882
0.0163912
0.0284033
0.0286724
0.00712135
0.0182849
0.00918957
0.0353739
0.0150863
0.0015627
0.00134995
0.0169111
0.0678234
0.0187202
0.0076862
0.0152613
0.0200133
0.021611
0.0222813
0.0016959
0.0266544
0.0461952
0.0227483
0.0479969
0.00307134
0.0126607
0.0305267
0.0436242
0.0477476
0.00627689
0.0435626
0.0116473
0.00277594
0.00433422
0.022702
0.0385948
0.0303366
0.0676392
0.0213629
0.0052936
0.093398
0.00796823
0.0277669
0.0901716
0.000906039
0.0132155
0.073021
0.000147182
0.0382351
0.0172045
0.0157159
0.00625199
0.00110561
0.0153286
0.0228413
0.000446404
0.00124692
0.0193067
0.00584044
0.0288195
0.0194531
0.00342563
0.00631072
0.010473
0.0391587
0.0300177
0.0399811
0.00417997
0.0128221
0.00771431
0.0258791
0.00646806
0.0112608
0.0644017
0.0100419
0.00251549
0.0174876
0.0276654
0.0140509
0.00166837
0.00282171
0.00464458
0.0529539
0.010912
0.0512203
0.0222423
0.00173957
0.00726969
0.00785448
0.00201094
0.0151394
0.0051572
0.0284626
0.0280477
0.00504424
0.00339564
0.0211879
0.0273982
0.004043
0.0430367
0.0278147
0.00939665
0.00328485
0.0027388
0.0180643
0.011792
0.0378671
0.0511641
0.00268334
0.00962
0.002173
0.0110366
0.00242648
0.0249358
0.0114892
0.0217025
0.0886442
0.0637605
0.00829753
0.029742
0.00602949
0.016511
0.00681546
0.00142003
0.00158827
0.0125853
0.0167559
0.0316979
0.0265391
0.010102
0.0193803
0.0398948
0.00733572
0.0127979
0.000408361
0.022592
0.032331
0.0106283
0.00847537
0.0188076
0.00131333
0.0419914
0.0268645
0.00149714
0.0188643
0.0535414
0.0460722
0.00325703
0.0124387
0.015794
0.0188553
0.0912324
0.0133016
0.00756517
0.00164183
0.000914148
0.00710845
0.000704973
0.00886546
0.0268802
0.00324668
0.0170123
0.000574204
0.0230096
0.0153415
0.0289051
0.00317905
0.00700492
0.0339844
0.0776537
0.00781418
0.00278667
0.0287339
0.00171513
0.00498478
0.0342391
0.00874119
0.101793
0.016625
0.0143046
0.00527753
0.0292136
0.00201987
0.0312211
0.0256084
0.00539867
0.0205672
0.038506
0.0600476
0.0152508
0.0164758
0.0565607
0.00208468
0.0121832
0.000396219
0.00627352
0.0210325
0.00957893
0.00105746
0.00341623
0.0110183
0.000968808
0.00211474
0.00323482
0.00856519
0.00664835
0.0355457
0.0258086
0.00122475
0.0353421
0.00398859
0.0252514
0.00877597
0.0101159
0.0211156
0.0112146
0.0169956
0.00407013
0.0216556
0.0427008
0.00924241
0.00181083
0.025333
0.0190839
0.0428236
0.00832118
0.0129827
0.00185565
0.00334105
0.000763919
0.0493158
0.00080942
0.0540241
0.00357513
0.00974102
0.0105488
0.0194093
0.00845252
0.0253256
0.0075773
0.00525001
0.0661427
0.0482771
0.0187472
0.0178019
0.00878009
0.0512783
0.0094723
0.0471896
0.00187362
0.0295929
0.00221062
0.0308953
0.00673452
0.0405578
0.0176084
0.0109455
0.00130068
0.00173255
0.0111629
0.00767914
0.0185582
0.0151753
0.0231505
0.0396975
0.000396131
0.0353637
0.00510439
0.0537495
0.0371148
0.00313726
0.0957864
0.00412128
0.00684049
0.086006
0.0167022
0.0293112
0.0178026
0.0234486
0.00127709
0.143957
0.043201
0.00292151
0.0367438
0.00201742
0.00938585
0.0131344
0.000647057
0.00208238
0.00534428
0.0123579
0.00495991
0.0118302
0.00908867
0.0102751
0.00844085
0.00954446
0.00291467
0.109929
0.00130278
0.0213579
0.044169
0.00225685
0.00381693
0.0310062
0.00323952
0.00436801
0.00270994
0.0223992
0.00903768
0.0491931
0.0154502
0.0887278
0.0154323
0.047385
0.00416702
0.00988672
0.0142322
0.00362854
0.0302054
0.0537904
0.00855906
0.0958247
0.0230439
0.00167757
0.00120307
0.00384415
0.0134281
0.0260837
0.00340907
0.0924214
0.011423
0.00151224
0.0295209
0.016054
0.0362532
0.011089
0.0231092
0.00403683
0.00199461
0.00182468
0.0274444
0.020868
0.0163086
0.00942875
0.00254446
0.00197422
0.00489797
0.0148215
0.0389621
0.0108181
0.0147705
0.00381993
0.0283673
0.0342316
0.0243396
0.00103822
0.00283717
0.00283185
0.0479
0.000316563
0.00420199
0.00651929
0.0232638
0.00182434
0.00768097
0.0326044
0.0136346
0.0242368
0.0354406
0.0234021
0.00161054
0.0209372
0.0177306
0.00340389
0.0108189
0.00349864
0.117121
0.029206
0.0105579
0.0397036
0.00881879
0.002029
0.00670332
0.0266274
0.0348965
0.00674351
0.00840187
0.00877282
0.000930436
0.0295615
0.00427555
0.0136099
0.0176521
0.0386314
0.0253389
0.0289359
0.0556167
0.0156328
0.0171576
0.0139546
0.0132705
0.0396987
0.0163662
0.0155909
0.0100709
0.0340916
0.0302061
0.00193699
0.0490547
0.0162303
0.00676311
0.00831467
0.0169083
0.0289475
0.0625814
0.00938496
0.00762191
0.00798609
0.017891
0.0218928
0.00103638
0.0234318
0.0015156
0.0257759
0.0627976
0.0331046
0.0104354
0.00488096
0.012579
0.00119838
0.0244549
0.000522215
0.0722089
0.156494
0.00273634
0.0576046
0.0187172
0.0115342
0.034055
0.00104329
0.019921
0.0111154
0.0178948
0.0192612
0.00121371
0.00107788
0.0209999
0.0354611
0.00299101
0.0269604
0.00961979
0.033754
0.0190889
0.00621548
0.00112807
0.0414987
0.00920419
0.010679
0.0166579
0.0458787
0.0155155
0.0293519
0.0332246
0.00458931
0.0363228
0.0125887
0.00528958
0.00337924
0.0159715
0.0275863
0.0523261
0.0304164
0.0027355
0.00130942
0.00942613
0.00700999
