0.00298964
0.0102573
0.00353835
0.00123073
0.00917709
0.00090721
0.00806088
0.0043397
0.00205967
0.011292
0.00509712
0.000941512
0.00143221
0.000470351
0.00417442
0.00148334
0.00312702
0.000536287
0.0130719
0.00482907
0.00272336
0.0108084
0.000213603
0.00524515
0.00864322
0.00527622
0.00166819
0.0082417
0.0116942
0.000999725
0.000389847
0.00676923
0.00162214
0.00327543
0.00185007
0.00270431
0.00527044
0.00160481
0.00197081
0.00396237
0.00323518
0.00113241
0.00280235
0.00327775
0.0018937
0.00193317
0.00203784
0.00229389
0.000727492
0.00245511
0.00217879
0.00480244
0.0147426
0.00138872
0.00564792
0.00199546
0.00204014
0.00915071
0.00478202
0.00390328
0.000805016
0.00223252
0.00282006
0.00148535
0.00328085
0.00423712
0.00246324
0.00450238
0.00200848
0.0107891
0.00146367
0.00327049
0.00211943
0.00149112
0.00160155
0.013299
0.0031457
0.00470096
0.00250076
0.00159654
0.00082767
0.00580367
0.00208984
0.00221423
0.00168964
0.00161733
0.00112919
0.00300245
0.00743084
0.00404118
0.00065031
0.00132453
0.003228
0.00333889
0.00136003
0.0042219
0.00217016
0.000769645
0.00246704
0.00195469
0.00455364
0.00216944
0.00370804
0.00541366
0.00386166
0.0033077
0.00255127
0.00799401
0.00165383
0.0010737
0.00190864
0.00388833
0.0086834
0.00165274
0.0024537
0.00639579
0.00232114
0.0066364
0.00395719
0.0030414
0.00244065
0.00165754
0.0018076
0.00354289
0.00183588
0.00287515
0.00563858
0.00137818
0.00314001
0.00413084
0.0016419
0.00219661
0.00217402
0.00484793
0.004468
0.0169492
0.00201283
0.00306825
0.000521588
0.00309352
0.00621262
0.00171309
0.00509001
0.00261197
0.00311821
0.00514073
0.00478952
0.00223577
0.00184038
0.00105558
0.00348548
0.00573575
0.00529811
0.00337511
0.00218359
0.0014797
0.00122783
0.001699
0.0100318
0.00269637
0.00172983
0.00169233
0.00365792
0.00425558
0.00170735
0.00102862
0.00128214
0.00363957
0.00243732
0.000806918
0.00868093
0.00392815
0.00796455
0.00272723
0.00594291
0.00436205
0.00239738
0.00543653
0.0032868
0.00564069
0.00281691
0.00563222
0.00175093
0.00158183
0.00509749
0.000349541
0.000945243
0.0033955
0.0014763
0.000701538
0.00261329
0.00379937
0.00319469
0.00222614
0.00683307
0.00134813
0.00280424
0.00254462
0.00602588
0.00364663
0.006324
0.00576472
0.00131604
0.00150981
0.000618458
0.00396465
0.00207568
0.00341113
0.00159756
0.000217679
0.00239683
0.000208324
0.00111046
0.00128012
0.0109923
0.00532444
0.00646184
0.00436186
0.00642622
0.00502146
0.00177332
0.00179774
0.00132142
0.00278387
0.00284843
0.0125216
0.0063288
0.00465906
0.00568857
0.00217065
0.00482415
0.00213585
0.000874809
0.00727981
0.00258809
0.00682242
0.00523574
0.00347072
0.00323133
0.00503614
0.00416185
0.00465416
0.00335722
0.00696485
0.00216776
0.00379467
0.00237883
0.00213611
0.00102998
0.0020398
0.000926453
0.00449995
0.00663859
0.000787374
0.00198797
0.00134317
0.00199235
0.00521109
0.000319078
0.00834116
0.00378627
0.00487482
0.00363356
0.00391948
0.00401769
0.00110927
0.00167639
0.0043021
0.00129709
0.00648894
0.00665513
0.00360975
0.00686336
0.00196889
0.00259835
0.000718508
0.00622689
0.00106198
0.00843933
0.00445274
0.00511395
0.000826704
0.00370956
0.00689554
0.0038404
0.000207436
0.000975206
0.00567519
0.00160516
0.00386329
0.00215604
0.00495146
0.0130497
0.00188559
0.00268668
0.00195459
0.00483469
0.000867472
0.00309707
0.00680566
0.00112861
0.0146106
0.00257626
0.00221598
0.00504951
0.00369747
0.000551377
0.00119918
0.00378966
0.0116446
0.00527723
0.00611776
0.00241588
0.00111193
0.00143599
0.00133742
0.00093425
0.000777715
0.00262983
0.00194398
0.00176473
0.00256824
0.00403146
0.00428208
0.00603823
0.0209164
0.0016214
0.00668154
0.0030839
0.00118686
0.00154996
0.00109293
0.00216961
0.00317556
0.00187791
0.00370864
0.0049912
0.00758352
0.00126271
0.00134442
0.00240829
0.00294724
0.000427694
0.00164491
0.00210544
0.00491381
0.00269052
0.0281247
0.0016274
0.0075318
0.00475765
0.00299445
0.00608548
0.00154266
0.00168303
0.00208493
0.00200827
0.00631938
0.0019762
0.00122419
0.00537624
0.00301612
0.00514061
0.00122331
0.00731188
0.00488945
0.0021612
0.00398583
0.00150591
0.00255759
0.00202593
0.00142506
0.00410147
0.00213288
0.00394242
0.001175
0.00201278
0.0068768
0.000873427
0.00303177
0.0029276
0.00239198
0.000273955
0.00164239
0.00128703
0.0114058
0.00571192
0.00639897
0.00336131
0.00467215
0.00471948
0.0130881
0.000408247
0.00539827
0.00106463
0.0024723
0.000366919
0.00160573
0.000426079
0.00100027
0.00257062
0.00236028
0.00567854
0.00735286
0.00128087
0.00472786
0.00263453
0.00195203
0.00270923
0.00539446
0.00109836
0.00367247
0.00216769
0.00514566
0.00284878
0.00104314
0.00308007
0.00450749
0.0037547
0.0119955
0.00135597
0.000640065
0.00405652
0.00114921
0.00234243
0.00357748
0.00762923
0.000886698
0.00500765
0.00124549
0.0013461
0.00357321
0.00317647
0.000254744
0.00213973
0.000414153
0.00417271
0.00463471
0.012835
0.00172078
0.00134871
0.00107253
0.0016704
0.00566293
0.0042963
0.00798648
0.0010383
0.00254838
0.0063011
0.00308704
0.00190096
0.00526388
0.00140874
0.00582585
0.0026905
0.00275424
0.00119741
0.0038451
0.00388305
0.0104647
0.00297509
0.00129849
0.00423915
0.00553553
0.00251907
0.00209978
0.00122507
0.00122019
0.00192641
0.00229772
0.00483016
0.00339021
0.00744384
0.00617256
0.00217956
0.00281489
0.00235122
0.00431717
0.00865852
0.00106772
0.00682162
0.00851158
0.00471826
0.000666712
0.00477453
0.00621223
0.0111577
0.000967357
0.00145689
0.00158592
0.00532369
0.00173783
0.00235104
0.00406494
0.00940941
0.00335476
0.00264301
0.00153856
0.0121804
0.000478409
0.00306078
0.00246481
0.00317868
0.00408085
0.00749213
0.00332245
0.00287194
0.00872924
0.00170571
0.00647689
0.00429921
0.00267033
0.0026839
0.000651957
0.00384883
0.00676515
0.00213274
0.00302727
0.00262435
0.000470599
0.00412107
0.00641152
0.00249714
0.0101511
0.0169088
0.0018581
0.00143196
0.00203455
0.000458505
0.00236722
0.00335761
0.00645451
0.00132449
0.00145595
0.00158353
0.00498981
0.000982009
0.00192088
0.00207693
0.00320967
0.00382883
0.00335829
0.00359189
0.010151
0.00304048
0.00204689
0.00279499
0.000638862
0.0035202
0.00232337
0.0026963
0.00111559
0.00278501
0.0039446
0.0060368
0.00345931
0.00438065
0.00713498
0.00156394
0.00248937
0.000291687
0.000857934
0.00807328
0.00255213
0.00119654
0.00186903
0.00192513
0.0012208
0.00604846
0.00216213
0.00288353
0.0100075
0.00146494
0.0010598
0.00291543
0.000953403
0.00218341
0.00506861
0.00423379
0.00990317
0.00156589
0.00560493
0.00139796
0.00517268
0.00559056
0.00106264
0.00673782
0.00131375
0.00434824
0.002245
0.00250892
0.00130581
0.00408339
0.00144386
0.00559545
0.00256098
0.00139061
0.00267499
0.00624444
0.00800927
0.000621338
0.00424394
0.00895889
0.00131752
0.00128876
0.00193302
0.00529249
0.00187135
0.00504126
0.00248282
0.00360061
0.00592217
0.0047089
0.0059547
0.00401862
0.00592122
0.00308963
0.0081706
0.0059125
0.00144868
0.00550019
0.00254565
0.00606529
0.00325502
0.00197953
0.00527541
0.00181484
0.00475436
0.00277299
0.00127081
0.00295738
0.00571108
0.00892998
0.0034556
0.00207487
0.000562801
0.00409269
0.00149744
0.00286295
0.000689634
0.00214982
0.00136995
0.00166291
0.00214511
0.00760032
0.0016856
0.00179748
0.00350813
0.00580278
0.000219861
0.0061604
0.00411569
0.00237372
0.00181546
0.000833992
0.01725
0.00186436
0.00421475
0.00264545
0.00276504
0.000957278
0.00387312
0.00255873
0.00485341
0.000949315
0.00357554
0.0162081
0.00167356
0.000914796
0.00195094
0.00280212
0.00187879
0.00127445
0.00708881
0.00107154
0.00198377
0.00225969
0.00526649
0.00594469
0.00407287
0.00257147
0.000851449
0.0168211
0.00214289
0.00205863
0.0100517
0.00464552
0.00226925
0.00134565
0.00206613
0.00181671
0.0050854
0.0122087
0.00466911
0.00182191
0.00121955
0.00558228
0.00716818
0.0230755
0.00224067
0.0152183
0.00529434
0.00549675
0.0143525
0.00136721
0.00343519
0.0013457
0.000595508
0.0122773
0.00933767
0.00254102
0.00387911
0.0056859
0.00274312
0.00160797
0.000784992
0.00189749
0.000491083
0.00205139
0.00104277
0.00316587
0.00522731
0.00341829
0.00579192
0.00224826
0.0014439
0.00352743
0.00133097
0.00158974
0.000911503
0.00269591
0.00161497
0.00183736
0.000815227
0.00410861
0.00154271
0.00310046
0.00081692
0.00378518
0.00260576
0.00257186
0.0027569
0.00390571
0.00123384
0.00137742
0.00396155
0.00429066
0.00191274
0.00393485
0.00848766
0.00194361
0.00306996
0.00373101
0.00221127
0.000381577
0.00213086
0.0014869
0.00306786
0.000926466
0.00106866
0.00216801
0.00859056
0.00608658
0.00388627
0.00118943
0.00177099
0.00531366
0.00349761
0.00555235
0.00157051
0.00270675
0.00264528
0.00172259
0.00808405
0.00479873
0.00185821
0.00447241
0.0024351
0.00537108
0.00252369
0.00190076
0.00264869
0.0012514
0.000710814
0.00197292
0.00054073
0.000423654
0.000558726
0.0071784
0.00124737
0.00775699
0.00938859
0.00457167
0.00284538
0.00666999
0.00151096
0.000251695
0.00243819
0.00067618
0.00244258
0.00176919
0.00414031
0.000912751
0.000617528
0.00538278
0.00881664
0.00066152
0.00298206
0.00127442
0.000166576
0.00592078
0.0192024
0.00192658
0.00087871
0.00563777
0.00134066
0.00492372
0.00287678
0.00394209
0.00162486
0.0018369
0.000953131
0.00130179
0.000869389
0.00485841
0.00560792
0.00287286
0.00220399
0.00270193
0.00131499
0.00144852
0.0055891
0.00107511
0.00561732
0.00184114
0.000691313
0.0053667
0.00170628
0.00377239
0.00357034
0.00460556
0.00182212
0.000831713
0.00440364
0.00127807
0.00393051
0.00115614
0.00398741
0.00235547
0.0037649
0.000930915
0.00103719
0.000225068
0.00746339
0.000902858
0.00196877
0.00165673
0.0013756
0.000822335
0.00140421
0.00469882
0.002382
0.000656019
0.00123539
0.00302338
0.0012161
0.00260822
0.00115311
0.00681146
0.00135827
0.00419697
0.0011033
0.00528295
0.00179173
0.00243317
0.00183819
0.00175122
0.00218493
0.00188006
0.00745733
0.00143146
0.00337423
0.000890906
0.00414388
0.00335855
0.00104305
0.00556345
0.00178319
0.00214255
0.00686477
0.00259729
0.000850022
0.00427101
0.00302707
0.00138718
0.00235007
0.00181562
0.00462591
0.000475442
0.00105056
0.00417689
0.000961667
0.00507191
0.00353897
0.00201561
0.000703134
0.0142848
0.00119753
0.0048226
0.000779254
0.0039973
0.000835966
0.00348
0.00193798
0.00127861
0.00171113
0.00255064
0.0121577
0.00434657
0.000925493
0.00181237
0.00174505
0.00380663
0.00202723
0.00352339
0.00311116
0.00157554
0.000629182
0.00145877
0.00155984
0.00190828
0.00463526
0.00127479
0.00531231
0.00257074
0.00133385
0.00658253
0.00334068
0.000777191
0.0101809
0.00108737
0.00284843
0.00174373
0.00697438
0.00224833
0.00232908
0.000979685
0.0018377
0.000220341
0.00228613
0.000572266
0.00150963
0.000794154
0.00373954
0.00357611
0.00121261
0.011906
0.00545645
0.00406793
0.00172888
0.00475172
0.0016953
0.00166163
0.00258393
0.00252015
0.00120796
0.00840935
0.00221208
0.00285112
0.0015633
0.00490987
0.00220925
0.000251109
0.00120082
0.00252651
0.00125578
0.00305859
0.00653897
0.00423361
0.00115359
0.00477818
0.0040421
0.00371766
0.00246096
0.00128928
0.00201606
0.0048472
0.0042685
0.000511996
0.00111529
0.00302306
0.00525064
0.000768456
0.00392081
0.00113462
0.00614732
0.00306583
0.00261911
0.00361545
0.00255434
0.00289698
0.00360461
0.00144073
0.0059423
0.00299471
0.00264342
0.0118832
0.00348783
0.00123581
0.00396999
0.00228215
0.00130164
0.00286305
0.0041141
0.00277931
0.00252985
0.00221868
0.00594094
0.00135463
0.00405041
0.00152144
0.00267432
0.013545
0.00251891
0.00814909
0.00525069
0.00214981
0.00447435
0.00113763
0.00249367
0.00550481
0.00110146
0.00125016
0.0037653
0.00214801
0.000718834
0.00140335
0.0139367
0.000915087
0.00339475
0.00318429
0.00137865
0.00200197
0.00202132
0.00208461
0.0033421
0.000578562
0.0041743
0.00129203
0.00463824
0.0146874
0.00229725
0.00371265
0.000585815
0.00613776
0.00144987
0.00627355
0.0031015
0.00291305
0.00449952
0.00738012
0.00214314
0.00252386
0.00281465
0.000825478
0.00253049
0.00122676
0.00054035
0.00277583
0.00639927
0.00277303
0.000703487
0.000983508
0.00384806
0.00234612
0.0053249
0.00923081
0.00463558
0.000944864
0.000734553
0.00254261
0.00628713
0.00340304
0.00151922
0.000816834
0.00110265
0.000391611
0.0101341
0.00115645
0.00378875
0.00398864
0.00533715
0.00554827
0.00168678
0.00564992
0.00389985
0.0121191
0.00426813
0.0029031
0.00402754
0.00260091
0.00226473
0.0110123
0.00470529
0.00250262
0.00136675
0.00518768
0.00474903
0.00512273
0.0024401
0.00292344
0.00464321
0.00250712
0.00229264
0.00927967
0.00148922
0.000280853
0.00465981
0.00113247
0.000896535
0.000844014
0.00823223
0.00181912
0.00380927
0.000341037
0.00158228
0.0214609
0.00236508
0.000940188
0.00175765
0.00171152
0.00234479
0.00511649
0.00583002
0.00223552
0.00304998
0.00393698
0.00109032
0.00166649
0.00117186
0.00046723
0.00225873
0.0038826
0.00232391
0.0106848
0.000329152
0.00236142
0.001927
0.0013203
0.000793418
0.00602791
0.00263543
0.00772201
0.000230632
0.000552392
0.00193436
0.00752015
0.0035335
0.001413
0.00206705
0.0052717
0.00378994
0.00446219
0.00280049
0.00260669
0.00264618
0.00327113
0.00479353
0.00386046
0.000237884
0.00275135
0.00401037
0.000856766
0.00304316
0.00191763
0.00130903
0.00881634
0.00277074
0.00301459
0.000937592
0.00283036
0.000950952
0.00337356
0.00308506
0.00824798
0.00344827
0.00477421
0.00207313
0.00220724
0.00456072
0.000919244
0.00342074
0.00416425
0.00505357
0.000862805
0.00353707
0.00554368
0.00420054
0.00270089
0.00168966
0.00750451
0.00233364
0.00176377
0.0106374
0.00242914
0.000511834
0.00151472
0.00118917
0.00155571
0.00595045
0.00359785
0.00290228
0.00470845
0.00191535
0.00261483
0.0019378
0.00195901
0.00126173
0.00280567
0.0157384
0.000989135
0.00469255
0.00251882
0.00407756
0.00278474
0.00334149
0.00378641
0.00956804
0.00656121
0.0197945
0.00188109
0.000152789
0.00157482
0.00391013
0.00895956
0.00459481
0.00709547
0.00574016
0.00148565
0.000789907
0.00485903
0.00573468
0.00366751
0.0019923
0.00909675
0.00075987
0.000523592
0.00135107
0.00154819
0.00904313
0.0031834
0.00100316
0.000586976
0.00378881
0.00228263
0.00200755
0.00218505
0.00146606
0.00568712
0.00554842
0.00110869
0.00494475
0.0122151
0.00380199
0.00681963
0.00138377
0.00993709
0.00132075
0.00408155
0.00258106
0.00219875
0.00127695
0.00370545
0.00484403
0.0102115
0.00251766
0.00211512
0.00256145
0.00225446
0.00224892
0.00191637
0.0023538
0.000336539
0.00239886
0.00597925
0.00447782
0.00678245
0.00431745
0.00247039
0.00127085
0.00748886
0.00207085
0.00146314
0.0018503
0.00257358
0.00361962
0.00153548
0.00154106
0.00254805
0.00110733
0.00386869
0.00377827
0.00199973
0.00180259
0.00100223
0.00158174
0.00325971
0.00628643
0.00925439
0.00244099
0.00123311
0.00323736
0.00140552
0.00699595
0.00230011
0.00243535
0.00387717
0.00441814
0.00663481
0.000694857
0.00331129
0.000870245
0.00642628
0.00516881
0.000221559
0.00103861
0.00309404
0.00125984
0.0010352
0.01009
0.00231467
0.00418305
0.000480652
0.00204742
0.00523332
0.000778378
0.00418569
0.00530406
0.00285761
0.00499785
0.0017312
0.00268168
0.00142108
0.000607128
0.00224806
0.00329639
0.00304215
0.00734038
0.00101409
0.00152676
0.0035629
0.000785687
0.00151555
0.000682813
0.00269197
0.0073727
0.00163567
0.00153906
0.00102687
0.00428228
0.00216204
0.000474968
0.00263334
0.00523885
0.000905773
0.00285611
0.00206463
0.00204385
0.00371911
0.00588639
0.00181432
0.00798128
0.0157762
0.00526892
0.00384258
0.00315776
0.0247151
0.0138571
0.00141117
0.000836655
0.00582017
0.00190522
0.00576953
0.00369779
0.000772659
0.00197416
0.001476
0.00250812
0.0116609
0.000758973
0.00477249
0.00234893
0.00260979
0.00168095
0.00599059
0.000945152
0.00594539
0.002648
0.00394876
0.00206719
0.00406323
0.0125127
0.00206108
0.0172245
0.00342596
0.00334495
0.00353924
0.00360051
0.000649432
0.00731847
0.000199748
0.00365644
0.00188628
0.00388509
0.0227497
0.000914643
0.00521448
0.0124881
0.00216672
0.00038472
0.00223101
0.009993
0.00792829
0.00559589
0.00200512
0.00291957
0.00639181
0.00311754
0.00289816
0.00287902
0.000755628
0.0041188
0.00466673
0.00450287
0.00314036
0.00238042
0.00639174
0.00337048
0.00235401
0.00122746
0.00124135
0.0076053
0.0050107
0.00217963
0.00386301
0.00337315
0.00562238
0.00173535
0.000691114
0.00376449
0.010361
0.000367452
0.000721469
0.00502687
0.00136274
0.00126771
0.0030942
0.000988365
0.0029016
0.00187875
0.00519323
0.0016068
0.0109177
0.00370957
0.00167805
0.000544834
0.00246138
0.00519955
0.0067575
0.000953646
0.000545156
0.00206197
0.0015337
0.00324969
0.00179468
0.00804033
0.00234734
0.00117204
0.00179691
0.00372232
0.0077644
0.00532756
0.00104469
0.000629077
0.0031993
0.000454284
0.00489254
0.00196597
0.00210751
0.00793536
0.000622429
0.00220385
0.00187399
0.0020485
0.00139142
0.0127879
0.00665337
0.00387989
0.00261222
0.00385069
0.0015533
0.0011579
0.00267066
0.0014171
0.00298108
0.00572922
0.00336553
0.00479404
0.00283149
0.0037044
0.00731776
0.00353738
0.00233422
0.000821281
0.00337078
0.001256
0.00308914
0.00458944
0.00321027
0.00246942
0.00072712
0.00498658
0.00191579
0.0031811
0.000429579
0.00176686
0.00449693
0.00254526
0.00667067
0.00220009
0.00603568
0.00156313
0.000942131
0.00473266
0.000863027
0.0050399
0.0127352
0.000671446
0.00298229
0.00477999
0.000982604
0.00203339
0.00192368
0.00171693
0.00405341
0.0111718
0.00243636
0.00092085
0.000756072
0.00190604
0.00102756
0.00115697
0.00330426
0.0080199
0.00201781
0.00676065
0.00162811
0.000453797
0.00139599
0.00351602
0.000968395
0.00288078
0.00715575
0.00686582
0.0016553
0.00337704
0.00242502
0.00374194
0.00670843
0.00614483
0.0111486
0.0014077
0.00323378
0.0015059
0.00416337
0.00324529
0.00687839
0.00206391
0.000517694
0.00395918
0.00491852
0.00594284
0.00259588
0.00194928
0.00219983
0.00273384
0.0134308
0.001339
0.00795024
0.00122038
0.00230131
0.00400521
0.00988398
0.00352666
0.0147422
0.00191623
0.00186124
0.00670036
0.00264575
0.00322383
0.000628403
0.000952366
0.00179988
0.00547238
0.00115805
0.0034696
0.00388517
0.0146655
0.0134347
0.00483693
0.00252816
0.00194759
0.00346502
0.00615773
0.0016996
0.00526702
0.000902107
0.008206
0.00614031
0.00740686
0.00153818
0.00166776
0.00368211
0.00362942
0.00296344
0.0045466
0.0026372
0.00280237
0.00147114
0.0130818
0.00475164
0.0219307
0.000859386
0.00378259
0.00200447
0.00615437
0.000568743
0.00264808
0.0153296
0.00132366
0.00255023
0.0156661
0.00202531
0.00276361
0.00409325
0.00669655
0.000276993
0.00336384
0.00448795
0.00172318
0.00242554
0.00223047
0.00340073
0.00305841
0.00338945
0.00418943
0.00927142
0.00306499
0.00131701
0.00188635
0.0011481
0.0026787
0.00150335
0.00213964
0.00865872
0.00285992
0.00311109
0.00162016
0.0109251
0.00691678
0.00858193
0.00419421
0.00547621
0.000340173
0.00228456
0.00094507
0.00199975
0.00450905
0.00203538
0.000887298
0.00139895
0.00289516
0.00377135
0.00136562
0.00232451
0.00168722
0.000925248
0.00445196
0.00635893
0.00213678
0.0024097
0.0112681
0.00274094
0.0038536
0.0025723
0.000811273
0.00473195
0.00479065
0.00161746
0.00372377
0.00195421
0.00246211
0.00842544
0.00335822
0.00641105
0.000694104
0.00581666
0.00330832
0.00356301
0.00886315
0.00266507
0.00079787
0.00554227
0.00505398
0.00268157
0.00311504
0.000952099
0.00609242
0.00385646
0.000661476
0.00319932
0.00833189
0.00056531
0.0029683
0.00831694
0.0037469
0.00290784
0.00293026
0.00585176
0.00478217
0.00360111
0.0029245
0.00286718
0.00295985
0.00121652
0.000769897
0.000683819
0.00155407
0.000427945
0.00238609
0.0227586
0.0043652
0.000939797
0.00212402
0.00307392
0.00790462
0.0168765
0.00631828
0.0024068
0.000926774
0.00221266
0.00181454
0.00200767
0.0018611
0.00416235
0.00111353
0.00260275
0.00119977
0.000867792
0.00971256
0.00208557
0.000490263
0.00280588
0.0029626
0.00219099
0.00239194
0.00738257
0.00276463
0.00310238
0.00143369
0.00233579
0.00455097
0.00143395
0.00174746
0.00173118
0.00484641
0.00550947
0.00571883
0.00750916
0.00960382
0.0049421
0.0028942
0.00478062
0.00261072
0.000973169
0.00202615
0.00246765
0.00264406
0.00222589
0.000783918
0.00180927
0.00470468
0.00131079
0.00312073
0.0021819
0.00461397
0.0105843
0.00981209
0.00139889
0.00114023
0.0074982
0.00597872
0.00748815
0.00159543
0.00328867
0.00633357
0.00305181
0.00329523
0.00223001
0.00141298
0.00339332
0.00322727
0.000592612
0.000318477
0.00374626
0.00190527
0.000977629
0.00411359
0.0019401
0.00183353
0.000515082
0.0012681
0.00210266
0.00413827
0.0014203
0.00260901
0.000774628
0.00239192
0.00258861
0.00527047
0.000929114
0.00244128
0.00492385
0.00114871
0.00340223
0.00481097
0.000756218
0.00148135
0.00743804
0.00158478
0.00176514
0.00122535
0.00565049
0.00406759
0.00149408
0.00259246
0.00289076
0.00344413
0.0110994
0.00274747
0.00210885
0.00401493
0.00053176
0.0010916
0.00207539
0.00301134
0.00213875
0.00206472
0.00160759
0.000498334
0.000718127
0.0155255
0.00259619
0.00309277
0.00241352
0.000430147
0.000808112
0.00480998
0.008534
0.00106777
0.0045068
0.00316246
0.00183895
0.00304187
0.00182329
0.00193517
0.00235523
0.00163532
0.00190681
0.00373712
0.00525137
0.0204755
0.00992919
0.00315296
0.00349154
0.00096346
0.00397897
0.00236402
0.00178881
0.00422241
0.00258411
0.00291599
0.00132974
0.00566751
0.000829769
0.00665244
0.00540505
0.0200724
0.00162799
0.00726169
0.000906647
0.00162461
0.00369953
0.00296803
0.00137997
0.00357811
0.00125075
0.00556291
0.00345675
0.00230761
0.000757595
0.0040282
0.00343007
0.00459395
0.00115295
0.00222531
0.00382396
0.00731505
0.00126123
0.00547253
0.00719855
0.00265505
0.00502295
0.00237876
0.00317879
0.00078361
0.00185603
0.00171535
0.000805248
0.000919067
0.00329971
0.00229436
0.00375927
0.00361394
0.00485437
0.000851661
0.00156415
0.00665755
0.00121943
0.00379127
0.00278475
0.00203384
0.000884154
0.00451843
0.00766396
0.00151933
0.00635145
0.00447314
0.000744477
0.0041032
0.00217427
0.00341993
0.0041852
0.00134783
0.00029662
0.00078555
0.00316248
0.00912594
0.00095129
0.00397004
0.000541881
0.00162651
0.00512555
0.00224057
0.000798606
0.0109999
0.00230763
0.00653277
0.00308175
0.0167387
0.000522418
0.00294984
0.00312634
0.0034269
0.000736567
0.00414754
0.00387927
0.00227784
0.00191431
0.00196445
0.0123217
0.00368726
0.00367903
0.00462263
0.00413628
0.00135367
0.00515169
0.00117036
0.0119751
0.00171932
0.000549556
0.0038811
0.00260377
0.00402013
0.00168381
0.00297444
0.000448244
0.000637436
0.00496483
0.00971221
0.00267741
0.00159903
0.00802188
0.00601091
0.00107021
0.00189204
0.00438129
0.000895392
0.00583185
0.00791112
0.00128088
0.00139135
0.00172809
0.00910606
0.0014369
0.00107897
0.00383619
0.00348812
0.00364932
0.00217916
0.00802213
0.00160672
0.00235571
0.000406018
0.00437202
0.00136868
0.005567
0.00202762
0.00111037
0.00615755
0.00387535
0.00296744
0.00434446
0.00168715
0.00878287
0.00517219
0.00271474
0.00423493
0.00439385
0.00889884
0.000377039
0.000619438
0.00674635
0.010357
0.0030516
0.00286447
0.00102436
0.000610341
0.00364862
0.006615
0.00259193
0.00649137
0.00097556
0.00257365
0.0041858
0.00511553
0.00427442
0.00133967
0.00177351
0.00101471
0.000863573
0.000280481
0.00226812
0.00120538
0.00151027
0.00528626
0.00437246
0.002127
0.00281086
0.00219909
0.0041464
0.00223902
0.00197499
0.00310349
0.00174542
0.00171164
0.00275788
0.00571275
0.0198968
0.000640111
0.00189323
0.000815706
0.00079069
0.00210354
0.010249
0.00398796
0.00420581
0.00644635
0.00349376
0.00808755
0.00211763
0.00372709
0.00633828
0.00140519
0.00435637
0.00132417
0.00174806
0.00962682
0.00116145
0.00305315
0.00886308
0.000543399
0.000365391
0.00402111
0.0015542
0.00369691
0.0179888
0.00305613
0.00135864
0.000694415
0.00144371
0.00527229
0.00525557
0.00411202
0.00358425
0.00310965
0.00273515
0.00083508
0.00454224
0.00750547
0.00941522
0.00244375
0.0019742
0.00281656
0.00292797
0.00273435
0.00318705
0.00212635
0.00207878
0.00201509
0.00155774
0.00266213
0.0118859
0.000905041
0.00867581
0.0101531
0.001919
0.00514022
0.00101925
0.0116005
0.000758588
0.00170074
0.000775548
0.00234825
0.0054214
0.0195023
0.000750978
0.00144663
0.00984504
0.00230432
0.0221796
0.0031659
0.00401888
0.000412043
0.0067121
0.000760673
0.00252918
0.000657185
0.00568199
0.00630454
0.00088035
0.00100009
0.00317247
0.00064445
0.000426591
0.00830503
0.00356983
0.00390329
0.00129233
0.0027648
0.00210507
0.00155266
0.00456295
0.00293762
0.0020242
0.0013839
0.003278
0.00192308
0.00439966
0.00193134
0.00400274
0.00634268
0.00146014
0.0156936
0.0020805
0.00399235
0.00265047
0.0018376
0.00708538
0.000613191
0.00270222
0.00464637
0.00420427
0.00234741
0.001621
0.00195186
0.00187091
0.00823501
0.00151293
0.00219089
0.00229575
0.00333405
0.00109997
0.0018819
0.0196976
0.00233697
0.0135187
0.00259072
0.00616009
0.00660282
0.00252286
0.00573971
0.00191356
0.00222495
0.0102645
0.00259798
0.000681449
0.00252784
0.000721839
0.00106036
0.00677136
0.00258866
0.00410714
0.00057779
0.000985283
0.00138103
0.00155112
0.00419266
0.00227163
0.00283868
0.000697398
0.00138486
0.000351709
0.00295161
0.00137775
0.00683064
0.00361227
0.00372251
0.00203169
0.00175146
0.00150739
0.00366207
0.000524489
0.0015372
0.00476604
0.00218491
0.00234562
0.00497235
0.00269604
0.000852981
0.00195636
0.00506403
0.00173973
0.00105233
0.003552
0.00239188
0.0016166
0.000708508
0.00177813
0.00335707
0.00139252
0.0025142
0.00201338
0.0044318
0.00057352
0.00912403
0.00299442
0.00301736
0.00432908
0.00225831
0.00121988
0.00143206
0.00840782
0.00221815
0.00237391
0.00309963
0.000902921
0.0029019
0.00523729
0.0159575
0.00143513
0.00181894
0.00116021
0.0138112
0.00208582
0.00199263
0.0110728
0.00173321
0.00295225
0.00283719
0.00113629
0.00452693
0.00400504
0.0103546
0.00296858
0.00347218
0.00049381
0.000848232
0.00425445
0.00757271
0.000864004
0.000700051
0.0041562
0.00385701
0.00181237
0.00209159
0.00216711
0.00118919
0.00906308
0.00147591
0.0014722
0.00657356
0.0010909
0.00749931
0.00475915
0.00128171
0.00237045
0.00215732
0.00945395
0.0038468
0.0102076
0.00328961
0.0023515
0.00345169
0.00194101
0.00167667
0.00161389
0.00520036
0.00911388
0.00117432
0.00523034
0.00176367
0.00413631
0.00156618
0.0135215
0.000182608
0.00237648
0.014524
0.00212313
0.00120087
0.00619637
0.00691834
0.00588045
0.00576617
0.00683721
0.000522187
0.00250296
0.0021684
0.000195904
0.00561535
0.00132353
0.00441007
0.0019731
0.00207204
0.00387791
0.00391971
0.00132522
0.00405758
0.00191608
0.0102217
0.00649988
0.00314991
0.00239462
0.010926
0.00574627
0.00460375
0.00284301
0.00273179
0.00598017
0.00155548
0.00253141
0.00176227
0.00179942
0.00197794
0.00426791
0.00174796
0.00105053
0.00245022
0.00254088
0.0174279
0.0016761
0.0030075
0.00103072
0.00105981
0.00769582
0.00440777
0.00408091
0.0033283
0.00375963
0.00262318
0.00133375
0.003065
0.0055373
0.011221
0.0036098
0.000583114
0.00454902
0.00344778
0.0056826
0.00833542
0.000419361
0.00167281
0.00712473
0.0013381
0.000796996
0.00570326
0.00229916
0.00121184
0.00366196
0.00142166
0.00119038
0.000607555
0.00267112
0.00141148
0.00529524
0.00880941
0.000865237
0.00505563
0.00171847
0.00322478
0.00124019
0.00147838
0.00250823
0.00740144
0.00575577
0.0125488
0.00233528
0.00160344
0.00521763
0.000397133
0.00200745
0.000988519
0.003267
0.0022808
0.00213955
0.00489234
0.00803833
0.0035156
0.00945458
0.00225017
0.00473211
0.000994065
0.00192717
0.00290547
0.00153829
0.00247606
0.0040625
0.00299262
0.00358303
0.00495899
0.00117808
0.00717527
0.00242319
0.0200194
0.00291709
0.00470729
0.00101334
0.00229421
0.001415
0.000919866
0.00462342
0.00264449
0.0013631
0.00296317
0.00295509
0.00430586
0.0119852
0.00258518
0.000966769
0.00329163
0.00180457
0.0084818
0.00242488
0.00401931
0.00211536
0.00239011
0.00373409
0.00555371
0.00251181
0.00313749
0.0054128
0.00147256
0.00400422
0.000772605
0.00476982
0.00658053
0.000641853
0.00173638
0.00121732
0.00549668
0.00123524
0.000679698
0.00582525
0.00629365
0.00391457
0.016137
0.00160827
0.0047087
0.00197347
0.00601273
0.00136851
0.00176821
0.00206472
0.0035821
0.000512911
0.0031087
0.0017852
0.00257673
0.000986403
0.00200281
0.00759797
0.00476794
0.000941444
0.000869539
0.000930684
0.00155512
0.00333108
0.00356762
0.00932005
0.00220499
0.0146671
0.00316899
0.0122481
0.00297807
0.00988295
0.00153025
0.00535798
0.00287498
0.00118541
0.0159696
0.00435525
0.00309311
0.00255986
0.00550143
0.00697692
0.00357215
0.00321301
0.00091441
0.00238711
0.00263763
0.0031574
0.00268996
0.0017868
0.00575577
0.00334199
0.00179917
0.00248374
0.00206523
0.0018116
0.00358072
0.00423634
0.00913428
0.0013654
0.00708966
0.00120807
0.000580798
0.00136494
0.00318782
0.00429755
0.00247574
0.00445417
0.00151293
0.00278693
0.000666188
0.00336249
0.00210346
0.000854638
0.000849594
0.00215984
0.00578646
0.000894959
0.00580205
0.00591356
0.00197022
0.00549791
0.00110632
0.00191843
0.000828972
0.00372927
0.00051226
0.00357837
0.00181405
0.00358967
0.000852373
0.000636699
0.0028335
0.001734
0.00177738
0.00259888
0.0024059
0.00260785
0.00816408
0.00194632
0.00146402
0.00128877
0.00297651
0.00257824
0.00153202
0.0039796
0.00054342
0.00513785
0.00197842
0.00166284
0.00607697
0.000712107
0.0096973
0.00135983
0.00448594
0.00113239
0.00337114
0.00237001
0.00120808
0.00297298
0.0145432
0.00355466
0.00259356
0.00214024
0.00017955
0.00314351
0.00101813
0.00448385
0.00111043
0.00079613
0.00107809
0.00248445
0.00121844
0.0101637
0.00779324
0.0118137
0.0128897
0.0016968
0.00157246
0.000429177
0.00152382
0.0014354
0.00592283
0.00295508
0.00654323
0.00214755
0.00186785
0.00082247
0.00273703
0.00526457
0.00472593
0.00216177
0.00278462
0.000907948
0.000448918
0.00564337
0.00119485
0.00218596
0.00143618
0.00471433
0.00794202
0.00215063
0.00146631
0.00118694
0.0128433
0.00354237
0.0010267
0.00297609
0.0009727
0.00457557
0.0049609
0.00188135
0.00235023
0.00143007
0.00207295
0.00530189
0.00310188
0.00126318
0.00111547
0.00216154
0.00119161
0.00277566
0.00141977
0.00724129
0.0010915
0.000605386
0.0216543
0.00342178
0.00270075
0.00289819
0.00432647
0.00181019
0.0102934
0.00189019
0.00399133
0.0109668
0.00127199
0.00780861
0.00243367
0.00100322
0.0055746
0.0095337
0.00171458
0.000911554
0.000686397
0.00142896
0.00142628
0.00206942
0.0100442
0.00167311
0.00306365
0.00723307
0.00106351
0.00305296
0.0042069
0.00566277
0.00785376
0.0051483
0.00351629
0.000958019
0.00488534
0.00232281
0.00183684
0.000625904
0.00180396
0.00563609
0.000526658
0.00126946
0.00991142
0.00430173
0.00225403
0.00257187
0.00122744
0.00349701
0.00245158
0.00213266
0.00449594
0.000741001
0.00216156
0.00166368
0.00113596
0.00264305
0.000900717
0.00983511
0.00409553
0.00161318
0.00398016
0.00399748
0.0097987
0.00478284
0.00104343
0.0041941
0.0199356
0.00311775
0.000464167
0.00313141
0.00162756
0.000971084
0.00335866
0.00305048
0.00822853
0.00482732
0.00054693
0.000935997
0.00589673
0.00213393
0.00248531
0.00155288
0.00382205
0.00167682
0.00232024
0.00682055
0.00160196
0.00391716
0.0022222
0.00633248
0.0011651
0.00707505
0.00564901
0.0056591
0.00475856
0.00322259
0.00110336
0.0014591
0.00260857
0.00100366
0.000633824
0.00232837
0.00348963
0.00267214
0.00328126
0.00305169
0.00235839
0.00305086
0.00314983
0.00797845
0.000728906
0.00377369
0.00183369
0.0055053
0.00613727
0.00468815
0.00580914
0.00723537
0.00402532
0.000639129
0.00618337
0.00540448
0.00255991
0.00072542
0.00262027
0.000522874
0.00576901
0.000765289
0.00497751
0.00365731
0.00335844
0.0025013
0.00301128
0.00279091
0.000806626
0.001109
0.000816413
0.00520822
0.00582571
0.00248756
0.00196168
0.00194264
0.00116554
0.00236043
0.00148422
0.000484394
0.00195677
0.00901315
0.00353417
0.00112149
0.00142915
0.00215175
0.00542502
0.000589857
0.0105481
0.000214944
0.00118186
0.00247148
0.00084534
0.00456533
0.00441893
0.00384879
0.000971291
0.000336037
0.00135137
0.000915478
0.00211852
0.00785088
0.00188226
0.00104695
0.00211874
0.00634504
0.00785181
0.00250077
0.00446731
0.00154265
0.00438593
0.00528134
0.00122222
0.00232174
0.00256096
0.000440633
0.000475144
0.00211488
0.00406338
0.0347218
0.00132687
0.0177531
0.000840118
0.0073943
0.00365909
0.00289801
0.00200683
0.00170569
0.00196294
0.00310131
0.00252895
0.000895724
0.00960888
0.0163783
0.00174558
0.00418758
0.00107312
0.00336072
0.0043521
0.00235124
0.00130611
0.0021582
0.00253681
0.00328381
0.000404829
0.00740136
0.0053538
0.00142047
0.00156862
0.0028398
0.0016883
0.00466568
0.000830324
0.00323637
0.000910075
0.0023297
0.00149921
0.0065396
0.0041665
0.00249006
0.00387764
0.00281262
0.0071836
0.0181122
0.00597696
0.00222722
0.00069329
0.00045944
0.00471464
0.00126597
0.00256829
0.00235859
0.00050078
0.00419447
0.0120476
0.00106285
0.00882303
0.000644041
0.00124428
0.000906252
0.00121441
0.00129461
0.00306165
0.00247586
0.00130956
0.00231616
0.00150806
0.00100625
0.00169487
0.00199257
0.00212377
0.00423022
0.00350665
0.00344753
0.00765347
0.0012827
0.000901679
0.000580851
0.00193346
0.00209275
0.00245376
0.00225161
0.0113598
0.00297339
0.00664486
0.00379217
0.00772425
0.00174942
0.00127848
0.0130689
0.0020914
0.00420292
0.00329829
0.00255508
0.00841602
0.00227851
0.00425739
0.00185312
0.00645749
0.00234521
0.0040627
0.00678745
0.000823009
0.00389802
0.00238714
0.00168646
0.000337232
0.00581452
0.000503362
0.0116992
0.00298407
0.00512167
0.00021672
0.00403863
0.0044794
0.00277791
0.00770026
0.00217552
0.00258523
0.00417056
0.00255998
0.00167086
0.00239854
0.00117642
0.00422711
0.00159235
0.00584406
0.00104685
0.00472225
0.00201785
0.00219915
0.000726434
0.00442997
0.00170845
0.00232737
0.00341937
0.0025511
0.000886089
0.0012298
0.0015104
0.00367183
0.000937499
0.00733446
0.0086637
0.00354965
0.00154284
0.0128876
0.0121053
0.00428994
0.00370222
0.00918223
0.00246902
0.00103418
0.00381133
0.00146579
0.00163791
0.00517552
0.00161747
0.00261581
0.00360392
0.00602477
0.000370064
0.000817537
0.00452348
0.00364321
0.00142989
0.00296074
0.00729679
0.00121891
0.00341856
0.000899171
0.00126284
0.00568534
0.0018292
0.00222717
0.00844951
0.00233761
0.00264392
0.00364681
0.00475992
0.00576265
0.00774084
0.00296698
0.0047786
0.00424097
0.000740737
0.000975082
0.00215183
0.00357609
0.00164517
0.000229583
0.00186207
0.000950494
0.00275064
0.00255678
0.00111453
0.00717504
