0.00130076
0.00205529
0.00133971
0.00153971
0.000750043
0.00127503
0.000514947
0.00139467
0.000141168
0.000540174
0.00130969
0.000832113
0.00090772
0.000774874
0.00133755
0.00122821
0.00184305
0.00179242
0.00108101
0.00132778
0.00188073
0.000141769
0.00163512
0.00106583
0.00121905
0.00212172
0.000998585
0.00206558
0.000491224
0.000653201
0.00127414
0.0018341
0.000825089
0.000401204
0.00101952
0.00161556
0.00131074
0.000585029
0.000402949
0.000765809
0.00237091
0.00107305
0.00141244
0.00112018
0.000759616
0.000372758
0.000944069
0.0015733
0.00103291
0.0012556
0.000684313
0.000989613
0.000313592
0.00201107
0.00225909
0.00129008
0.000798266
0.00086102
0.00182666
0.00120412
0.000855737
0.00074019
0.000588127
0.000916892
0.00112104
0.000839651
0.00123509
0.000151445
0.0011491
0.00125608
0.00102322
0.000796591
0.00236213
0.0011024
0.00154168
0.00104754
0.00120031
0.000567463
0.000588556
0.00066562
0.00159431
0.000207318
0.000793973
0.000142071
0.00014464
0.00216453
0.000657618
0.000341274
0.00151169
0.00020647
0.000961806
0.00135898
0.000728728
0.00036809
0.00182917
0.00248795
0.000371605
0.00468475
0.000579747
0.00120012
0.00104311
0.00188581
0.00155288
0.000169192
0.000283907
0.00174677
0.00178023
0.000527644
0.000659492
0.00138171
0.000697236
0.000451752
0.000383051
0.000827003
0.000730821
0.00136872
0.000323233
0.000147089
0.000193761
0.00117827
0.00152701
0.000434319
0.000887056
0.00083824
0.0011988
0.000387693
0.000484927
0.00102525
0.000386275
0.000452276
0.000742735
0.000927831
0.00160771
0.000837323
0.00104587
0.000543674
0.000845714
0.000964488
0.00029622
0.000612495
0.000987113
0.00102025
0.000240719
0.000840024
0.000808877
0.000551563
0.000892975
0.000151598
0.0017685
0.0015769
0.0014162
0.000871663
0.000367689
0.000141089
0.000797738
0.00120501
0.000497962
0.00126485
0.000805936
0.00122758
0.000476932
0.000659619
0.000370984
0.00182629
0.000748248
0.000551994
0.00126815
0.00141996
0.00224883
0.00149735
0.00127205
0.000692318
0.0014304
0.00191243
0.000691557
0.000630449
0.00343382
0.000943526
0.00134621
0.00158634
0.00150778
0.000592143
0.00111684
0.00128103
0.000156417
0.000153024
0.000683132
0.000660539
0.000887285
0.000144161
0.00146605
0.000662037
0.000170711
0.000826018
0.00139116
0.00108983
0.00104629
0.00138319
0.000166724
0.000987681
0.00172935
0.00199029
0.00108594
0.000969464
0.000143065
0.00118368
0.00145097
0.000231041
0.00165525
0.000982129
0.000754464
0.00107984
0.00110893
0.000223923
0.000890281
0.00152452
0.00167122
0.000526149
0.000811297
0.000395645
0.00165065
0.00180672
0.00108708
0.000530069
0.000746715
0.0016341
0.000704786
0.00089693
0.0019336
0.00129534
0.000721927
0.000757244
0.00120788
0.001814
0.00125548
0.00161615
0.00111738
0.00155707
0.00160679
0.00102744
0.00117211
0.00098166
0.000381506
0.00129126
0.00069888
0.0011025
0.00129066
0.000879582
0.00147569
0.000407803
0.00094186
0.00051004
0.00110209
0.00107658
0.000154294
0.000806235
0.00119539
0.00105036
0.000624906
0.000628249
0.000381793
0.000141982
0.00113836
0.00147997
0.00069207
0.00135619
0.000769492
0.00194183
0.0012945
0.000698619
0.00181285
0.00145383
0.000171521
0.000825985
0.000283971
0.000247267
0.00060325
0.0011686
0.000618056
0.000764294
0.00176466
0.00104543
0.00129782
0.00104813
0.000142814
0.00166503
0.000262799
0.00174117
0.00173499
0.00131721
0.00153973
0.00031766
0.000140787
0.000144501
0.000152804
0.00150592
0.00133403
0.00055251
0.00154789
0.00165798
0.000673234
0.00138475
0.00125477
0.00174953
0.00110479
0.000497488
0.000686931
0.000316662
0.000360388
0.00115117
0.000564784
0.000787741
0.00130671
0.00104444
0.000836685
0.0010835
0.0002134
0.00122679
0.00128883
0.000538164
0.00146043
0.0021873
0.00109528
0.00151068
0.00100728
0.001268
0.00124564
0.000896119
0.00153834
0.000749757
0.000719394
0.00107002
0.000864065
0.000617291
0.00125398
0.00101428
0.00109564
0.000983852
0.00157342
0.00127955
0.00100539
0.000585082
0.000667751
0.000141023
0.000554381
0.000949454
0.000804488
0.000549432
0.00147361
0.00140849
0.000701094
0.000976538
0.00118722
0.000895589
0.00212313
0.000645781
0.000665406
0.00199863
0.000578144
0.00135912
0.00175009
0.000614884
0.00174606
0.00160238
0.000761883
0.0013023
0.000146956
0.000141944
0.001627
0.0010547
0.000664179
0.00140971
0.000147576
0.000987866
0.000689765
0.00397258
0.000144326
0.000680987
0.00100388
0.0019646
0.00176457
0.00271098
0.00154898
0.0022709
0.000525078
0.00252932
0.00133628
0.00085557
0.000153085
0.000578572
0.000176094
0.00180827
0.000794371
0.000599707
0.00118353
0.000546754
0.00202205
0.00139098
0.000156274
0.000396903
0.00138545
0.00132321
0.000810488
0.000245398
0.000573071
0.00145198
0.00152915
0.00109051
0.00114922
0.00254006
0.00198596
0.000482776
0.000870342
0.00135351
0.00187391
0.00212852
0.0018172
0.000905902
0.000411686
0.00208644
0.00115416
0.00519915
0.000748709
0.00402973
0.000877954
0.00128127
0.00183152
0.00106149
0.000812286
0.00210441
0.000891063
0.00199829
0.000141116
0.00181872
0.000176935
0.00148639
0.00120748
0.000428876
0.000696437
0.00145155
0.00153409
0.00052961
0.000919023
0.00115329
0.00066714
0.00117455
0.00176406
0.00160051
0.00120793
0.000591377
0.001599
0.0010775
0.000983567
0.000500485
0.00144725
0.000841859
0.000395646
0.00154234
0.00243785
0.00035569
0.00171897
0.000409705
0.00117875
0.00206461
0.000757883
0.000623709
0.00121996
0.00114767
0.00061847
0.000508021
0.000142313
0.00119717
0.000561785
0.000932773
0.000668903
0.00106008
0.000422547
0.00120517
0.000828944
0.0016081
0.00154101
0.00165025
0.000140803
0.00557451
0.00037508
0.00148603
0.000786573
0.000777225
0.0018074
0.000746089
0.00139086
0.000727105
0.00130331
0.000794138
0.00159784
0.00177936
0.000541128
0.00140565
0.000935808
0.0018896
0.00163715
0.000144287
0.00153914
0.000330413
0.00144125
0.00052644
0.00116122
0.00106402
0.000526137
0.000194149
0.00212461
0.000805551
0.000358397
0.000765813
0.0012738
0.000918935
0.00110408
0.00188284
0.000956846
0.000702993
0.00171924
0.000559864
0.00142968
0.00100446
0.000389387
0.00261728
0.000742911
0.000885073
0.000682401
0.00116906
0.00144084
0.000142313
0.00102742
0.000496435
0.000841671
0.000501417
0.00350737
0.000141405
0.00041431
0.00279173
0.00027525
0.000805123
0.000557187
0.00106062
0.0015141
0.000893268
0.00128323
0.0011645
0.000948133
0.00101802
0.000715528
0.00131915
0.000725941
0.000455428
0.00108055
0.000353487
0.00152504
0.00147083
0.000522156
0.000514581
0.00375981
0.00172982
0.00101433
0.000853991
0.00229941
0.00103748
0.000323333
0.000221818
0.00128359
0.0015591
0.00122804
0.00105884
0.00138883
0.00125055
0.00161796
0.00038924
0.000990473
0.00123156
0.00105363
0.000408132
0.0012205
0.000677267
0.00123158
0.00147081
0.00168218
0.000155303
0.000855155
0.00181139
0.00112573
0.000243984
0.00130851
0.000959472
0.00182631
0.00103915
0.00115766
0.00129934
0.000686622
0.00145182
0.00110346
0.00056555
0.00151665
0.00100122
0.000818321
0.00145525
0.00165795
0.00142288
0.000799637
0.000967976
0.00148649
0.000142069
0.00144432
0.00137013
0.000881033
0.00110385
0.000145497
0.00153471
0.000627907
0.000338977
0.00133957
0.00100899
0.000509599
0.00118531
0.000921413
0.000914137
0.000460412
0.000924821
0.00080233
0.00134769
0.00264484
0.00188587
0.00014647
0.00193266
0.00163027
0.00122505
0.00125983
0.00156587
0.000727416
0.00144203
0.000819071
0.00166384
0.00151466
0.000985568
0.000429419
0.00147237
0.00091391
0.000671136
0.000692942
0.00214924
0.000639675
0.00180024
0.000804135
0.000565222
0.000729142
0.00183675
0.00136704
0.000422231
0.0013997
0.0022563
0.000810725
0.00157938
0.000951149
0.00087
0.00125239
0.00176062
0.000729561
0.00231533
0.00105678
0.00115672
0.00158922
0.00129339
0.000747525
0.000824925
0.00120954
0.00147977
0.00126857
0.00102235
0.000824787
0.0014167
0.00132259
0.00362105
0.00126325
0.00236382
0.000884365
0.000530927
0.0018614
0.00092679
0.0011169
0.000735645
0.00247185
0.00135518
0.00121007
0.00077235
0.0015955
0.0017036
0.000175398
0.0014272
0.00204675
0.000772428
0.00115633
0.000901279
0.00116302
0.00103444
0.000725081
0.00066186
0.000820781
0.000904869
0.000891634
0.00101306
0.000844374
0.000566137
0.000151368
0.000980858
0.0010328
0.000646412
0.00117324
0.00125003
0.00259814
0.000143315
0.00100886
0.00188745
0.00285992
0.000528504
0.000141459
0.000669346
0.00128458
0.00112311
0.00112098
0.00148421
0.00120068
0.00073826
0.00117353
0.000270279
0.000894792
0.000320275
0.000613643
0.00121818
0.0010434
0.00132077
0.000628037
0.000888958
0.000403197
0.000693621
0.00158973
0.00199674
0.00127294
0.00128261
0.000862123
0.00202904
0.00170739
0.00161363
0.00118629
0.00132778
0.00165016
0.00134556
0.00105067
0.000174014
0.000813166
0.00090851
0.000646773
0.000685793
0.00142471
0.000581328
0.000956716
0.000698161
0.000596379
0.000144879
0.0072525
0.00219386
0.000808023
0.00041818
0.00108667
0.000497742
0.00102188
0.000459741
0.00161353
0.00145536
0.000318186
0.0015155
0.00150176
0.00125935
0.000759959
0.000141929
0.000979309
0.000651672
0.000871451
0.000657283
0.00260683
0.000732408
0.000982025
0.0012326
0.00039749
0.00100013
0.000422517
0.00178805
0.000510481
0.00203957
0.00206623
0.0012998
0.000141779
0.00184692
0.000890531
0.00103047
0.000348677
0.000588352
0.000974187
0.00165691
0.000939782
0.000493907
0.000942708
0.000819516
0.000954593
0.00109597
0.000442765
0.000772139
0.00176256
0.000748148
0.000962937
0.000946048
0.000548478
0.000903653
0.00124711
0.000828183
0.00138681
0.00132566
0.00139543
0.00221414
0.00513238
0.00118891
0.0011075
0.000820644
0.00124883
0.000197937
0.00183232
0.0007446
0.00161875
0.00178927
0.00143709
0.00252571
0.00071787
0.000448319
0.0007275
0.00118068
0.000158814
0.000487426
0.00182849
0.000518727
0.00148499
0.000774369
0.000938385
0.0016554
0.000160556
0.00115484
0.00126645
0.000578492
0.000142562
0.00127396
0.00142925
0.00182688
0.000312728
0.00203635
0.00106833
0.000991444
0.000779055
0.00088381
0.000898427
0.00119707
0.00151969
0.000148803
0.00165436
0.000845738
0.000406494
0.0012492
0.00100379
0.000816018
0.00048437
0.0013544
0.000985266
0.00132988
0.00165208
0.00180881
0.000585947
0.00014476
0.00125586
0.00146638
0.00155275
0.00153215
0.000413619
0.000738812
0.000460589
0.00139691
0.000475848
0.000141445
0.000140636
0.000172313
0.00170352
0.00119175
0.000142452
0.00070904
0.000665331
0.000764028
0.000416788
0.000859438
0.00110595
0.00101625
0.000977998
0.00093549
0.00084024
0.00147158
0.00157095
0.000309289
0.00222188
0.0024768
0.00125946
0.000912704
0.00110849
0.000176851
0.00014527
0.00157622
0.00060635
0.00062085
0.00170757
0.00126055
0.000999441
0.00192944
0.00142017
0.000867926
0.000524295
0.000146515
0.000568443
0.00128995
0.000632615
0.00155791
0.00194356
0.000616248
0.00106652
0.000775345
0.000459336
0.000674546
0.00104149
0.00078654
0.000722738
0.00149493
0.000586668
0.00104667
0.00104438
0.000937497
0.000911505
0.00120704
0.000585393
0.000950232
0.00120472
0.000957471
0.00136739
0.000720886
0.00121286
0.00255066
0.00140696
0.00160163
0.000375975
0.000937074
0.00149416
0.000972689
0.00114619
0.000142485
0.000461326
0.0013097
0.000653444
0.00198459
0.000512829
0.00144344
0.000468382
0.000946262
0.00112996
0.000141532
0.000862771
0.00128454
0.000742032
0.000461852
0.000142076
0.00030392
0.000788115
0.00120501
0.00116104
0.000142031
0.000146037
0.00118695
0.000568762
0.000347661
0.00070994
0.00136086
0.000879951
0.000435675
0.00175531
0.00157529
0.000677183
0.00114874
0.000192386
0.000909106
0.000395822
0.00133207
0.00129953
0.00206431
0.00134768
0.000271586
0.000165194
0.00151753
0.000715087
0.00127347
0.000980342
0.00233538
0.00146427
0.000914019
0.00193021
0.00235536
0.0013007
0.0014476
0.00164436
0.00232671
0.00226422
0.000850101
0.000913432
0.000568909
0.00131588
0.00180575
0.000439984
0.00124603
0.000211754
0.000479232
0.00259388
0.00186592
0.000555357
0.00161855
0.000892066
0.000518474
0.000315638
0.000906701
0.000167609
0.00123127
0.000508202
0.00350608
0.000892561
0.000815397
0.00212633
0.00148306
0.00126437
0.00033943
0.00114795
0.00149283
0.00109661
0.000740865
0.000849422
0.000773677
0.00177552
0.00014211
0.00116835
0.000314809
0.000640464
0.000393231
0.00113002
0.00150927
0.000937467
0.000674625
0.000836795
0.0020317
0.000987257
0.00175401
0.0010161
0.000948048
0.00189092
0.00153827
0.00151024
0.0010697
0.00117288
0.00385123
0.00150897
0.00134797
0.000855107
0.00137809
0.000203386
0.00185399
0.00186145
0.00107982
0.00100803
0.00167755
0.000722543
0.000146413
0.00202733
0.00136374
0.000267286
0.00117579
0.000148726
0.00146393
0.00114081
0.00120203
0.000948132
0.00117221
0.000682577
0.00116624
0.000446001
0.00138197
0.00199618
0.000705747
0.000822189
0.00114543
0.00138709
0.000534013
0.000750077
0.000689731
0.000301071
0.000738036
0.00159979
0.00143519
0.000778171
0.000957524
0.000964063
0.000456529
0.00145704
0.0035901
0.000970087
0.00132867
0.00077165
0.00176703
0.00138408
0.00146063
0.00179921
0.0002904
0.000781577
0.000894214
0.00137186
0.00136499
0.00212539
0.00102243
0.00108061
0.000286539
0.00175217
0.000847381
0.000762028
0.000385248
0.000683622
0.00108393
0.000869383
0.000900607
0.000623783
0.00174057
0.000177006
0.00175819
0.000236787
0.000141271
0.00134901
0.000607027
0.000601183
0.00132115
0.00140442
0.000183765
0.00120029
0.0019099
0.000725611
0.00190453
0.000728853
0.00129775
0.000151629
0.000193016
0.00118148
0.000483156
0.000561724
0.000534335
0.000150047
0.00178219
0.000773096
0.000846933
0.000276275
0.00150573
0.000953642
0.000668049
0.00152357
0.000232743
0.00155579
0.000145492
0.000798705
0.00102927
0.00145874
0.00159358
0.000157043
0.00143419
0.00164786
0.00136496
0.00134802
0.000731648
0.000367558
0.00105094
0.00107389
0.000861784
0.00156166
0.00102657
0.00150506
0.00185015
0.000960603
0.000144087
0.00143913
0.00205649
0.00114012
0.00172286
0.00364369
0.00172145
0.000810755
0.000535181
0.00142096
0.00125165
0.000513269
0.00118621
0.000177186
0.000950043
0.00177473
0.00155451
0.00197172
0.000373886
0.000498028
0.000962618
0.000685911
0.00159663
0.00224978
0.00109361
0.00014802
0.000831362
0.00102555
0.000553777
0.00134017
0.000377348
0.000910119
0.000226191
0.00101511
0.00110212
0.00120159
0.000143085
0.000477074
0.00115293
0.0025915
0.000692973
0.00103065
0.00304094
0.00128615
0.00190506
0.00112015
0.00155611
0.00143398
0.000598302
0.00124073
0.000693793
0.000240686
0.000143805
0.00177743
0.000504579
0.000700737
0.00171555
0.00223802
0.0012106
0.000888941
0.00170401
0.000180424
0.000613487
0.000147778
0.000682509
0.000938466
0.00116295
0.00119444
0.00170766
0.0015198
0.00151756
0.00112701
0.00100991
0.000342678
0.000548728
0.000374398
0.00158526
0.00182395
0.00116227
0.00164216
0.000166893
0.000898815
0.00098737
0.00121065
0.000544566
0.00074023
0.00282829
0.000795716
0.000929212
0.00199667
0.0001407
0.000672545
0.00140132
0.00183907
0.000775432
0.000906881
0.00104464
0.00197951
0.00370572
0.000892337
0.0017843
0.000653145
0.000846923
0.000641842
0.000345362
0.000809404
0.000645246
0.000764014
0.00125438
0.000143709
0.00194261
0.000986038
0.0012535
0.00100824
0.000483034
0.000272986
0.00255997
0.000905335
0.00108123
0.000858429
0.00085159
0.00142312
0.00111055
0.000722693
0.0013166
0.0013887
0.00165876
0.000663896
0.00180622
0.000332988
0.00124028
0.00159841
0.000745252
0.00197029
0.000704363
0.000207078
0.000270607
0.000799372
0.00111616
0.00164113
0.000837615
0.000142925
0.00164466
0.00160906
0.00129178
0.00168393
0.00106201
0.00139642
0.000851023
0.000995523
0.000469722
0.00137426
0.0012552
0.000473366
0.00265978
0.00055028
0.00209545
0.00101531
0.000622141
0.00137396
0.00116548
0.000990565
0.000597633
0.00171644
0.000622753
0.00182215
0.00068794
0.00256849
0.00120085
0.000540056
0.000640278
0.000846733
0.000766221
0.00132572
0.000142028
0.00175553
0.00201962
0.00148034
0.00194591
0.00156213
0.00182548
0.00149718
0.00055452
0.000504783
0.000807394
0.00133905
0.000686912
0.000913641
0.00157767
0.000840343
0.000552634
0.00167663
0.00156338
0.00121692
0.00171942
0.00040632
0.000909429
0.000975206
0.000846224
0.000641434
0.000929288
0.00175877
0.000802878
0.00135548
0.00128805
0.00135537
0.00310143
0.00138651
0.000629033
0.00218104
0.000697213
0.000149591
0.000899321
0.00108535
0.000719029
0.00147046
0.00177118
0.00014586
0.00103088
0.000151509
0.00192604
0.000424577
0.00246012
0.000382827
0.000880543
0.000140642
0.00137897
0.000665129
0.00154413
0.000794063
0.00160872
0.00177289
0.000870494
0.000778662
0.00146539
0.000939634
0.000538964
0.000395001
0.000613308
0.00123763
0.000522195
0.00275438
0.000715162
0.000501769
0.00161827
0.00208383
0.00126562
0.000712915
0.00104379
0.00129958
0.00108392
0.000840147
0.00110528
0.00161414
0.000860573
0.00121404
0.00173574
0.00038006
0.000461086
0.00138967
0.000626583
0.000943873
0.000470154
0.00155101
0.00122033
0.00171096
0.000733339
0.00067854
0.00108147
0.0015948
0.000695
0.00191634
0.000899701
0.00150928
0.00116212
0.000146409
0.000450049
0.000765956
0.000953342
0.00110412
0.000571021
0.000773996
0.000568338
0.000824727
0.000610662
0.000571906
0.000145935
0.000662882
0.00159622
0.000567003
0.00190024
0.0013295
0.000694839
0.00123971
0.000436408
0.000261035
0.000579384
0.00087365
0.00051361
0.0011333
0.000601328
0.000311789
0.000806719
0.00116531
0.000917919
0.00180782
0.00112191
0.00083559
0.000607166
0.000513281
0.00030448
0.00014831
0.000713531
0.000871507
0.00175617
0.00200029
0.000684525
0.00105177
0.0024695
0.00132023
0.00124294
0.00098309
0.00159547
0.000466844
0.000498992
0.000157626
0.00135726
0.00155023
0.000841646
0.000689903
0.00144561
0.000877085
0.00109778
0.000141372
0.000669085
0.00306629
0.000711073
0.00150389
0.000354198
0.000614348
0.00127936
0.00161005
0.00131801
0.000489875
0.00139215
0.000886019
0.00174311
0.00153457
0.00204598
0.00132289
0.000993912
0.00108342
0.000826001
0.00109972
0.00146472
0.00093174
0.00110604
0.00114523
0.000798208
0.000350358
0.00181095
0.0005015
0.00108072
0.000177422
0.00150274
0.000941322
0.000535631
0.00160879
0.00014958
0.00124828
0.00102508
0.00115301
0.00369731
0.00115189
0.000748818
0.00180009
0.00118258
0.001414
0.00104543
0.00131164
0.00111461
0.000370433
0.000141247
0.000679818
0.000538271
0.00060235
0.00123582
0.00176174
0.000811149
0.0004088
0.00145892
0.00024471
0.0012689
0.00196952
0.00159911
0.00067517
0.000606543
0.00116165
0.000203044
0.000875203
0.00159046
0.00179719
0.00178757
0.00045054
0.0007463
0.000148398
0.000833058
0.00205581
0.0012922
0.000981394
0.000302666
0.00210486
0.00143596
0.000952385
0.00227589
0.0010609
0.00135901
0.00149197
0.00116848
0.001194
0.000728373
0.000193788
0.00136055
0.000671071
0.000155889
0.00057415
0.00121333
0.00100661
0.00149448
0.00166244
0.00174644
0.00131937
0.000941042
0.00142429
0.000517074
0.000164841
0.00157281
0.000570015
0.00296328
0.001768
0.000506075
0.000642821
0.00142313
0.00139044
0.00323449
0.000317019
0.000514496
0.000469757
0.000151529
0.00439163
0.000157122
0.00136514
0.00196584
0.000850571
0.00168559
0.0025199
0.00107456
0.00230509
0.00126907
0.000779274
0.000751209
0.000590291
0.000948666
0.000762784
0.000515964
0.000560142
0.00178632
0.000958535
0.000974587
0.00101466
0.000652862
0.00160958
0.000428856
0.000779137
0.00125659
0.000749921
0.00193481
0.000487912
0.000846486
0.000824832
0.000140667
0.000890944
0.000277965
0.000682814
0.000157432
0.00170605
0.000798216
0.00116647
0.000751859
0.00122025
0.0014581
0.000175354
0.00186909
0.00216295
0.00141478
0.00226686
0.000859307
0.00152856
0.000457275
0.000956648
0.000738448
0.00172559
0.00053582
0.000495723
0.000869778
0.000170499
0.000141127
0.00157452
0.000776376
0.00119372
0.00158462
0.00191388
0.00311869
0.000600706
0.000401647
0.00036364
0.00160338
0.00125405
0.00137363
0.00149153
0.000141734
0.000835542
0.000637929
0.000694671
0.000142386
0.00137337
0.0015697
0.00137839
0.00106209
0.0017384
0.00119366
0.00197133
0.00114238
0.00103952
0.000214345
0.000559176
0.00175051
0.00060834
0.000229145
0.000522053
0.00128239
0.000919835
0.000954499
0.000379153
0.0016226
0.00161322
0.00161136
0.0016863
0.000992217
0.000727834
0.000479649
0.00064996
0.00101278
0.00180471
0.000436414
0.00124036
0.0010011
0.00227531
0.000604746
0.000143541
0.000638925
0.00163245
0.00139683
0.00108307
0.00224463
0.000886086
0.000141155
0.00143803
0.000426828
0.000963782
0.00169247
0.000187399
0.000996313
0.00115535
0.000775579
0.000849194
0.00145241
0.000829045
0.00161114
0.000681605
0.00118732
0.000539094
0.001551
0.00120434
0.00100075
0.00144728
0.00181797
0.00108179
0.000530733
0.00113404
0.00129975
0.000872502
0.000594707
0.00169632
0.000641408
0.00195521
0.0013197
0.00033535
0.000142943
0.000156916
0.00109814
0.00139334
0.00222944
0.000980923
0.00152381
0.00120048
0.000735646
0.00139667
0.00148686
0.0017471
0.000799595
0.00130418
0.000342818
0.0010381
0.000701461
0.000806375
0.000178129
0.00121033
0.00106749
0.00182064
0.00223342
0.00190442
0.000589357
0.000716181
0.00181688
0.000142645
0.00202459
0.00134841
0.00137282
0.00110758
0.00194828
0.00108191
0.00128923
0.000696163
0.000993997
0.000763769
0.000972986
0.001367
0.000906227
0.00110664
0.0014965
0.000605711
0.000478588
0.00145091
0.00144846
0.00116286
0.00231759
0.000720337
0.000360173
0.00142824
0.000612153
0.000508023
0.00101938
0.00132099
0.00228353
0.000604079
0.000855746
0.000315936
0.0011306
0.00140655
0.0010541
0.00058509
0.00065054
0.000752596
0.0010697
0.0010082
0.000401065
0.000723179
0.00182406
0.00111639
0.000419263
0.00162265
0.00170415
0.000648257
0.000546864
0.00192324
0.00139828
0.00079695
0.000939274
0.000643287
0.000600576
0.000140754
0.000669266
0.00128478
0.00016449
0.00179663
0.00177649
0.0014756
0.000996356
0.00113861
0.000900099
0.0013517
0.00048666
0.00119138
0.000792789
0.00153134
0.00100955
0.000849402
0.00218508
0.000582218
0.0020498
0.0021318
0.000418395
0.00314614
0.000454227
0.00133869
0.00115684
0.00137198
0.000826721
0.00159087
0.000786714
0.000710621
0.00130616
0.00113126
0.000894383
0.000986016
0.00162554
0.000810474
0.00167009
0.000759968
0.00153774
0.00183913
0.000146476
0.00110501
0.00107017
0.000275448
0.000552955
0.000867136
0.00100682
0.000787666
0.000903063
0.00116627
0.0011933
0.000836461
0.000986372
0.00124822
0.00114141
0.00098134
0.00154062
0.00214139
0.00126999
0.00111915
0.00127894
0.000944998
0.000494247
0.0014642
0.000632424
0.00082714
0.00154212
0.000947338
0.00108583
0.000196839
0.00144878
0.00108495
0.000478456
0.000140558
0.00120351
0.00145644
0.00085517
0.000151213
0.00194331
0.00185457
0.000939322
0.00170747
0.0010507
0.00122209
0.000942108
0.000761915
0.000781188
0.00132203
0.00106936
0.000756808
0.000144251
0.00101252
0.000739605
0.000494604
0.00100965
0.00146658
0.00146598
0.00112315
0.00134871
0.00142581
0.0010988
0.00191089
0.00128788
0.00142244
0.000671183
0.000590033
0.000819482
0.00192064
0.000144156
0.0021189
0.00159837
0.00172281
0.000950625
0.00166844
0.00129941
0.00130659
0.00127226
0.00175972
0.000947262
0.00101206
0.00150842
0.00163707
0.00124041
0.000848028
0.00170173
0.00145558
0.000533641
0.0011248
0.00142998
0.00189063
0.000871612
0.00136407
0.00216724
0.000813747
0.00221056
0.00208603
0.000856056
0.000961646
0.000250034
0.000618292
0.000874979
0.000598316
0.000834515
0.0015713
0.00270219
0.00103632
0.000538313
0.00100105
0.00205721
0.00186382
0.00123795
0.00103836
0.00162776
0.00043509
0.00119515
0.000169596
0.00111244
0.000786569
0.00252333
0.000802983
0.00169989
0.00145644
0.000141854
0.000818701
0.000927918
0.00263764
0.00216518
0.00111937
0.00185564
0.000345933
0.00194663
0.00110823
0.000652453
0.000539897
0.00109671
0.00169644
0.00093926
0.000143659
0.000183408
0.00121662
0.000997022
0.000856849
0.000146675
0.000777964
0.000508235
0.000305354
0.000848815
0.000242382
0.000311519
0.00111556
0.00102987
0.000779077
0.00078058
0.00141615
0.000964945
0.00019579
0.000482516
0.000898675
0.00071446
0.000157472
0.00190651
0.000141163
0.00055459
0.0011421
0.00165494
0.00109496
0.00164107
0.000970255
0.000268699
0.000660456
0.00161484
0.00161919
0.000147252
0.00302017
0.000997989
0.00214961
0.000704264
0.000686826
0.00082051
0.00126839
0.000649251
0.000984913
0.00106084
0.00047168
0.000814095
0.000451671
0.0011789
0.000912148
0.000935051
0.000759792
0.000574567
0.000728544
0.00082256
0.00148435
0.000677946
0.00120379
0.00015285
0.000795022
0.00186284
0.00123913
0.00117892
0.00061901
0.00121698
0.000140637
0.00239291
0.000249881
0.00133852
0.00109374
0.000680585
0.00079239
0.00158419
0.000156921
0.000930119
0.00193972
0.000676732
0.00180324
0.00107655
0.00037109
0.00135338
0.000977028
0.00102337
0.000871858
0.000726201
0.00109543
0.00154664
0.00395622
0.000800572
0.000652946
0.000559446
0.00164286
0.00133324
0.0014835
0.000140787
0.00112276
0.00139345
0.000571187
0.00158389
0.00030854
0.000994473
0.00104723
0.000466346
0.00180823
0.00120963
0.00107849
0.00132773
0.00150834
0.00121833
0.000392011
0.00137981
0.00122434
0.000776097
0.00127204
0.00086177
0.000145137
0.00138145
0.00121156
0.000675655
0.000750324
0.000146206
0.0015416
0.000934037
0.000950448
0.00106138
0.000656284
0.000144018
0.00110006
0.00146753
0.00032892
0.00047127
0.00153208
0.000579601
0.000641139
0.00113566
0.000929768
0.0019374
0.000342434
0.000404902
0.00100154
0.00160313
0.00340379
0.00173182
0.000820867
0.000615354
0.000322801
0.000652692
0.000900158
0.000780424
0.00104662
0.00125977
0.00102978
0.000314935
0.00161056
0.000145462
0.00182049
0.000355672
0.00057351
0.000728033
0.000949738
0.00208084
0.000948983
0.000993503
0.0018973
0.00250781
0.000959082
0.0010875
0.00623582
0.00107594
0.000997246
0.00154587
0.00195986
0.000964518
0.0013801
0.00163943
0.000646198
0.000876559
0.0018995
0.00104939
0.000808162
0.0012639
0.000898988
0.000633319
0.000827524
0.00141596
0.00152446
0.000799839
0.000503339
0.00142013
0.000732719
0.000143937
0.0011835
0.00128823
0.000914155
0.00120703
0.000918108
0.0020031
0.00112493
0.00111884
0.000935661
0.00137531
0.0017658
0.00107026
0.000468615
0.000545509
0.000716965
0.00109942
0.000934958
0.000747541
0.00102418
0.00146517
0.00113621
0.000988435
0.000664178
0.000153204
0.00203562
0.00120211
0.000843577
0.000668308
0.00175575
0.000770862
0.000553313
0.00101216
0.000762417
0.00149279
0.000305166
0.000991915
0.00134213
0.00139126
0.000798685
0.000889808
0.00165882
0.000821989
0.00107968
0.00395736
0.00153258
0.00121541
0.000156311
0.00178524
0.000859203
0.00138171
0.000884699
0.000671667
0.00116957
0.00103023
0.0015589
0.0012855
0.00152107
0.000723726
0.00071654
0.000846877
0.00136399
0.000142018
0.000825434
0.000555922
0.00126315
0.00169768
0.000863103
0.000449029
0.000956462
0.00220452
0.000796511
0.00151151
0.00136782
0.000565788
0.0011835
0.0011009
0.00119934
0.00161933
0.00068592
0.000521184
0.00102538
0.00125495
0.000862806
0.000144223
0.000642374
0.000949292
0.00100923
0.000973934
0.00167019
0.000708676
0.000315421
0.00219611
0.00154524
0.00203444
0.000144439
0.00112403
0.00175651
0.000655255
0.0011979
0.00142994
0.000256128
0.00214652
0.000867938
0.00078475
0.000862067
0.000582911
0.000378045
0.000273182
0.000587425
0.000675949
0.00135813
0.00014599
0.00118959
0.0019069
0.00266764
0.00124671
0.000366157
0.000816446
0.000546077
0.000991565
0.000857507
0.00032559
0.00101609
0.000544518
0.00102541
0.00112382
0.00110138
0.00117738
0.000738958
0.00204256
0.00163088
0.00136441
0.000925111
0.00115026
0.00103893
0.00243161
0.000868107
0.00126331
0.00167996
0.000690808
0.00136448
0.000142876
0.000606141
0.000366795
0.000217462
0.000140526
0.000889361
0.000713465
0.00529138
0.00182116
0.00144869
0.00148839
0.00168173
0.00117604
0.000540773
0.00073547
0.00234194
0.000335254
0.000563992
0.0016735
0.000402576
0.000915899
0.0011361
0.000949795
0.000898859
0.00183968
0.000520605
0.00145961
0.00314885
0.00141865
0.000913077
0.00077955
0.00198174
0.00076698
0.00125143
0.000717758
0.000721965
0.00125232
0.00130683
0.00169569
0.000712739
0.00105328
0.00109383
0.000790515
0.00105347
0.000254342
0.00158696
0.000140793
0.00114894
0.00134242
0.000831374
0.00168876
0.00224065
0.000140669
0.00151317
0.000284858
0.00279107
0.000946548
0.000922498
0.000335377
0.00132234
0.000669718
0.00153512
0.000919415
0.000658904
0.00232486
0.000911883
0.000391228
0.000966715
0.00122298
0.00147948
0.000147637
0.00064505
0.000221945
0.00126421
0.000520822
0.000903414
0.00260139
0.000717283
0.00101534
0.000336273
0.000772914
0.00151787
0.00113875
0.00555307
0.00118254
0.00115132
0.000211951
0.00104421
0.0010285
0.00123318
0.00101328
0.000676566
0.000922337
0.00081983
0.000521454
0.00105524
0.000145427
0.00103426
0.000829873
0.000348554
0.000674903
0.000682738
0.000855546
0.00135219
0.00116021
0.000891615
0.000973692
0.00122028
0.00044903
0.00111283
0.000793162
0.00111687
0.000496924
0.00122076
0.000745535
0.0011081
0.00252717
0.00146823
0.00200127
0.000409641
0.000156895
0.000899765
0.00107552
0.0012018
0.000898963
0.000979522
0.000652843
0.00119704
0.000543734
0.00030577
0.00235778
0.00121907
0.00156286
0.00147646
0.00125974
0.00116605
0.000151741
0.000447841
0.0006275
0.00144293
0.000547294
0.000519619
0.000365774
0.000816819
0.000567392
0.00080368
0.000140914
0.000825741
0.000286605
0.00383893
0.00113933
0.000261832
0.00143224
0.00189557
0.000807519
0.000687294
0.000507583
0.00155133
0.00147063
0.000776043
0.00174687
0.00203334
0.000816193
0.000947532
0.000386019
0.00146883
0.000585323
0.000995635
0.000968278
0.00111997
0.00102862
0.00107925
0.00131807
0.000696176
0.00139193
0.000674714
0.000594073
0.00109118
0.00111807
0.000590809
0.00140017
0.000518017
0.000167451
0.00053971
0.000824336
0.000862577
0.000617595
0.000311991
0.00172275
0.000745575
0.000623682
0.000470314
0.000300776
0.00130734
0.000141342
0.00202759
0.00128265
0.000632808
0.00311755
0.00132167
0.000732631
0.000776423
0.000145765
0.000320311
0.00128921
0.00153366
0.00180232
0.000674026
0.000143544
0.000538068
0.000937114
0.000659773
0.00138972
0.000539456
0.000865068
0.00098068
0.00147543
0.000954844
0.00160612
0.00103356
0.000634411
0.000877841
0.000563255
0.000904693
0.00105685
0.000155152
0.00142481
0.000142599
0.00102474
0.00107993
0.000158012
0.000153357
0.000750579
0.0011094
0.000423342
0.001805
0.00140938
0.0012568
0.000365021
0.00084039
0.00173535
0.000143802
0.000155185
0.00102401
0.000426591
0.000863533
0.00175539
0.00074752
0.00362823
0.000480979
0.000837853
0.00163162
0.00169658
0.00133058
0.000958809
0.00122723
0.000910173
0.000867053
0.00145329
0.000918317
0.00146485
0.00160982
0.0014944
0.00110004
0.00137491
0.000825525
0.000444645
0.0010596
0.000234641
0.000385389
0.000664008
0.00218145
0.00107132
0.000141369
0.00147054
0.000562485
0.00102476
0.00153972
0.00223438
0.00226937
0.0016528
0.000792977
0.000458289
0.00196131
0.000374398
0.000778205
0.00135914
0.000628429
0.000144923
0.00383272
0.00257236
0.000978906
0.000554417
0.00162878
0.000593919
0.0012496
0.00139363
0.00154694
0.000587232
0.00120066
0.000994666
0.00122722
0.00133461
0.00112107
0.000862277
0.00135393
0.000602942
0.000676219
0.000382925
0.00632476
0.00132113
0.00152552
0.00122807
0.000266844
0.00101078
0.000763236
0.000417846
0.00112173
0.000958018
0.00132374
0.00168234
0.000799859
0.0010881
0.00113243
0.00155498
0.00106058
0.000869302
0.000690042
0.000849637
0.00157393
0.00049894
0.00114173
0.00134959
0.00157758
0.00120852
0.00127965
0.00257088
0.00144696
0.00160156
0.000299618
0.000723109
0.00118137
0.0011279
0.00154932
0.000738356
0.00120091
0.000742242
0.00146571
0.000717063
0.00264672
0.000965589
0.000145206
0.000922248
0.00213951
0.00102571
0.000770208
0.00103295
0.000815838
0.000707006
0.000971468
0.000570179
0.00153865
0.00168238
0.00156788
0.00187498
0.00153243
0.0014595
0.000144409
0.0016954
0.00252246
0.000755341
0.00116384
0.000752993
0.00181313
0.000387498
0.00303463
0.00199727
0.000766274
0.00197088
0.00197943
0.00156558
0.000441978
0.0030899
0.00112905
0.000306143
0.00156747
0.002206
0.000564698
0.000335812
0.00105855
0.00223978
0.00117036
0.000670233
0.00100457
0.000723046
0.00101684
0.000808702
0.00151917
0.0009581
0.00198041
0.000774832
0.00108405
0.00158213
0.000782991
0.0013651
0.00127797
0.00107995
0.000734892
0.000789186
0.000735707
0.000609694
0.000677083
0.000734806
0.000891256
0.00044124
0.000486487
0.000168338
0.00147633
0.000819687
0.00101775
0.000796055
0.000810303
0.00130819
0.000878775
0.000691779
0.00163216
0.00097723
0.0011979
0.0019035
0.000908699
0.000663884
0.00147333
0.000142517
0.000742952
0.00147062
0.00104584
0.000588857
0.0010993
0.00161732
0.000142798
0.00145068
0.000142215
0.00170557
0.00129501
0.000903086
0.00134741
0.000589104
0.00111101
0.00128057
0.000667213
0.00246687
0.000963382
0.0014674
0.000966043
0.000140819
0.00112877
0.000595466
0.000987371
0.0012104
0.0008357
0.000760864
0.000838108
0.00225098
0.00138598
0.000987411
0.000763248
0.00125606
0.0010057
0.00151049
0.000707965
0.000624159
0.00116797
0.000550495
0.00122247
0.00127081
0.00135209
0.00141302
0.00131033
0.00148837
0.000997525
0.000140544
0.000144898
0.00104033
0.00172
0.00163519
0.000147054
0.00142047
0.00140956
0.00151938
0.000245228
0.00157515
0.00118935
0.00170093
0.00105335
0.00106209
0.00187359
0.000714931
0.000683575
0.000155522
0.00108915
0.000664137
0.000721792
0.000608002
0.00182851
0.000286994
0.00101972
0.00132669
0.0018816
0.000294449
0.000720129
0.00117845
0.00124483
0.000646295
0.000874567
0.000858304
0.00184194
0.000584592
0.00113055
0.000865308
0.000946179
0.00222258
0.00102356
0.000575939
0.00157678
0.00114393
0.000842584
0.000770412
0.00120101
0.000492302
0.000985224
0.000790833
0.00122351
0.00232812
0.00129314
0.000505109
0.000366556
0.000509237
0.00177889
0.000148598
0.00041233
0.00134992
0.00115526
0.00271143
0.000839486
0.00147192
0.000707269
0.00108558
0.00152825
0.00143164
0.000673858
0.00151169
0.000781168
0.000143269
0.00159136
0.00130702
0.00058873
0.00727229
0.00155833
0.00108847
0.00116543
0.000900877
0.00101866
0.000604533
0.00147904
0.00115759
0.00172571
0.00118083
0.00108
0.00130692
0.00119975
0.000366206
0.00164144
0.00113648
0.00324191
0.00171299
0.000576627
0.000160037
0.00107607
0.000142427
0.00190838
0.00139507
0.000521347
0.00154016
0.00106063
0.00044673
0.00125216
0.000140846
0.000853727
0.000478792
0.00139872
0.00193254
0.00135516
0.00358266
0.000401301
0.000773055
0.000645825
0.00155571
0.00666648
0.000535092
0.00125835
0.00117152
0.00239356
0.000947922
0.000654521
0.000782417
0.000152596
0.000780192
0.00159111
0.0020364
0.00234084
0.00116825
0.00105162
0.00137086
0.00143275
0.000143457
0.00202304
0.00143497
0.000396162
0.00118073
0.000691581
0.00117094
0.00120738
0.000659957
0.00127139
0.00154616
0.000579424
0.00147219
0.000656979
0.000927233
0.00111171
0.00101084
0.000148342
0.00049732
0.0011492
0.00014112
0.00105884
0.00113996
0.000454485
0.00195146
0.000714382
0.000515299
0.00105153
0.0011471
0.00103507
0.000912806
0.001147
0.000256914
0.000984238
0.000842531
0.00112748
0.000197999
0.0024164
0.00100544
0.000954855
0.00179525
0.00050173
0.000924775
0.00016828
0.00116115
0.00122093
0.00185891
0.00124692
0.00230183
0.00090475
0.00116112
0.00128616
0.000830932
0.00146377
0.000585332
0.000870139
0.00219228
0.000630358
0.000428404
0.000736095
0.00139604
0.00115167
0.00120997
0.00115386
0.00105246
0.00122049
0.000632543
0.00118284
0.00189614
0.00126445
0.000654147
0.00203629
0.00093616
0.000718104
0.00157707
0.0016598
0.00174905
0.000830922
0.000728765
0.00103206
0.0014312
0.000684444
0.00138196
0.000774326
0.000987939
0.00190361
0.000914421
0.00168904
0.00132188
0.000718031
0.000666432
0.00162552
0.00115392
0.00121361
0.000892717
0.000613634
0.000953051
0.00211009
0.000143024
0.00179682
0.00199524
0.000655523
0.00177064
0.000920752
0.000781202
0.000985909
0.000340108
0.00216965
0.000978346
0.000264556
0.00107435
0.00160447
0.00147032
0.000477367
0.000779579
0.00076079
0.00102178
0.000997941
0.00178927
0.000151886
0.000826639
0.000586695
0.000961772
0.00122204
0.000140639
0.00176162
0.00122673
0.000981581
0.00123568
0.00132706
0.00117341
0.000907122
0.00234127
0.000715682
0.000522989
0.000859895
0.000718394
0.000824976
0.00049979
0.000879018
0.00157359
0.00147407
0.000601297
0.00132992
0.00176216
0.0018703
0.000789805
0.000148426
0.00135124
0.00149553
0.00111323
0.00133915
0.000292792
0.00110474
0.00134596
0.000986098
0.000320498
0.00101086
0.000718086
0.000329408
0.000502496
0.000948349
0.000733715
0.000373671
0.000912342
0.000752264
0.000905011
0.000977809
0.000440478
0.00105619
0.000673281
0.00100602
0.000648415
0.00146857
0.00106165
0.000427456
0.0018802
0.0008459
0.00164813
0.000634942
0.0015618
0.00156232
0.000860009
0.000728513
0.00107865
0.00347275
0.000533629
0.00193417
0.0062662
0.000948824
0.00143479
0.000705938
0.000565305
0.000900158
0.00154677
0.00102543
0.00103829
0.000799226
0.00112727
0.000705926
0.0015493
0.000948687
0.000737968
0.0011063
0.00194142
0.000194241
0.00105165
0.00261082
0.000623898
0.000141015
0.00111503
0.000286511
0.00108927
0.000758972
0.000361996
0.000476919
0.00127997
0.000140545
0.000885441
0.00090215
0.00197286
0.00132581
0.00160439
0.00145496
0.000765407
0.000964618
0.000548862
0.000859675
0.000678059
0.000775976
0.00112395
0.00121373
0.000716207
0.000725569
0.0016166
0.00137812
0.000624793
0.00179927
0.000844887
0.00615813
0.00162594
0.000740026
0.00033589
0.00076764
0.00131492
0.00192725
0.000998691
0.00140659
0.00126385
0.000863273
0.00110269
0.00119912
0.00184137
0.000800582
0.00466614
0.00165888
0.00193907
0.000796996
0.00131662
0.000756253
0.000839879
0.00160994
0.00152188
0.00131328
0.000169494
0.000908097
0.00119659
0.000378527
0.00104708
0.00078183
0.00103751
0.00162813
0.000197619
0.000783635
0.000753421
0.00129508
0.000885346
0.00368225
0.000662679
0.000428488
0.00120361
0.000993436
0.00201751
0.000629477
0.000746223
0.00122747
0.000141853
0.00311198
0.00131782
0.0012038
0.00110658
0.00136087
0.000628022
0.000861522
0.0014744
0.00149678
0.000783651
0.00152508
0.000837281
0.000817411
0.00178082
0.00140663
0.000430504
0.00068113
0.000844362
0.000141123
0.000806959
0.000814739
0.000252318
0.00117466
0.0017317
0.000360012
0.000551975
0.000517457
0.00128467
0.000873619
0.000702824
0.000831815
0.00174365
0.00110663
0.000403226
0.000818861
0.00171813
0.000782551
0.00404578
0.00117755
0.00225817
0.00029347
0.000495632
0.000148789
0.00072896
0.00174483
0.000885731
0.00152862
0.000745872
0.0109386
0.00145834
0.000196864
0.000709423
0.00141953
0.000152653
0.00187401
0.00180738
0.000646393
0.000795186
0.00114332
0.000800509
0.00116419
0.000141132
0.00129025
0.000141071
0.00120339
0.00106686
0.000683373
0.000662896
0.00179615
0.000358539
0.0015612
0.000339048
0.00058349
0.00204574
0.000587676
0.000779904
0.00181995
0.00137578
0.00100073
0.000167687
0.000755135
0.000698302
0.000674356
0.00014092
0.00099254
0.000665452
0.000599743
0.000745168
0.000478779
0.000643249
0.000814495
0.00146091
0.000140645
0.00101271
0.000757597
0.00119019
0.000592116
0.00101323
0.00106181
0.000393588
0.00106604
0.00155506
0.00142454
0.000814672
0.00117001
0.00231038
0.000774165
0.000923964
0.00136639
0.000960778
0.000774165
0.000553992
0.000260049
0.000141141
0.000142364
0.000616739
0.00120445
0.00127208
0.00138548
0.00014054
0.00135468
0.000552888
0.00078278
0.000335867
0.000835222
0.00147118
0.00191505
0.0012435
0.000828886
0.000762166
0.00102104
0.000926278
0.000988103
0.00175717
0.00108026
0.00100725
0.00160586
0.000990444
0.000296733
0.000835904
0.00128692
0.00150281
0.000229123
0.00176968
0.00128463
0.00040958
0.00178972
0.000599519
0.00157949
0.00148434
0.00204875
0.00116219
0.00117109
0.000642404
0.00133826
0.000361384
0.000301633
0.000963256
0.00104215
0.00123588
0.0014721
0.000157564
0.00145686
0.000854716
0.0010403
0.00172172
0.000563202
0.00145292
0.00115666
0.00111474
0.000438008
0.000974211
0.00113943
0.000188463
0.00100518
0.000867492
0.000640034
0.000989386
0.000863095
0.00147142
0.000451043
0.0010489
0.000478752
0.00240248
0.00255135
0.00112138
0.000777651
0.00120344
0.0030354
0.000711192
0.000698123
0.00246168
0.000413445
0.0010972
0.00134902
0.00205713
0.00145807
0.000659141
0.000834207
0.000758713
0.00179713
0.00120739
0.000411305
0.000778122
0.000611372
0.00197702
0.000741896
0.00112521
0.00107038
0.00146899
0.0019471
0.000972167
0.00197916
0.00272351
0.00014451
0.000975376
0.000516675
0.00119194
0.000809743
0.000211725
0.00181527
0.00112931
0.00142929
0.00142282
0.000761456
0.00114414
0.00140821
0.00378767
0.000782942
0.000176415
0.000621966
0.000927673
0.00219991
0.0010634
0.00142727
0.00115124
0.000419348
0.00139639
0.00121913
0.00120619
0.00085936
0.000509721
0.000689139
0.000755645
0.000796445
0.000953522
0.00186134
0.000574085
0.000185905
0.00111318
0.000456389
0.00106161
0.0010842
0.00138761
0.000669512
0.000833593
0.000553763
0.00089736
0.000797852
0.00174764
0.0013478
0.00123051
0.00112885
0.000762792
0.000145163
0.000993688
0.000291156
0.00111118
0.000604886
0.00111071
0.00348857
0.00194566
0.000815468
0.000175368
0.000927596
0.00227148
0.00113372
0.000153426
0.00161317
0.00090712
0.000680231
0.00166146
0.00150454
0.000491533
0.000769362
0.000602328
0.00174865
0.00161526
0.00186615
0.00279257
0.00150202
0.00191359
0.000760245
0.000359116
0.000514783
0.00128466
0.000830554
0.000557925
0.000628496
0.00142441
0.00368931
0.00191369
0.00258744
0.000479187
0.00153594
0.00162204
0.00133688
0.00117777
0.000646442
0.000644013
0.000736701
0.00069638
0.00127001
0.00392004
0.000648562
0.000844341
0.0020114
0.00140309
0.00075881
0.0014094
0.00143019
0.000983817
0.000506618
0.000984163
0.00216883
0.000717754
0.000610487
0.00176737
0.00037165
0.00112216
0.000152395
0.000147323
0.000633554
0.000244519
0.000668924
0.000929099
0.00117025
0.000733727
0.00173232
0.000142839
0.00111547
0.00118538
0.00111032
0.000971806
0.000583969
0.000199663
0.00089365
0.00037172
0.000354968
0.000661077
0.00105015
0.000141368
0.00034568
0.00198585
0.00145587
0.00130844
0.00134107
0.000171619
0.00101895
0.0016686
0.000507894
0.00119985
0.000147954
0.00078748
0.00230837
0.000804386
0.00168754
0.00236756
0.00185702
0.000994121
0.00131063
0.000849703
0.000652349
0.00076233
0.000426395
0.000157452
0.00105116
0.000801577
0.00164227
0.000734341
0.00146661
0.000858083
0.00124013
0.000580871
0.000298826
0.00171932
0.000978178
0.00122254
0.00120248
0.00120351
0.000166723
0.00167055
0.00092262
0.00111598
0.000698257
0.000626505
0.00152239
0.00307771
0.00060136
0.00111187
0.000344744
0.00139132
0.000604534
0.00015204
0.000331703
0.000985971
0.000551886
0.00286989
0.000433136
0.000764824
0.00154318
0.00086497
0.000746048
0.000719814
0.00108944
0.00112446
0.000201531
0.00135186
0.00104445
0.000144711
0.00136027
0.000665646
0.000381803
0.000861165
0.00138441
0.000730965
0.00107545
0.00106529
0.000373139
0.00100089
0.00193137
0.000141233
0.000747846
0.0014902
0.000929381
0.000955284
0.00102462
0.000925632
0.000587729
0.000142281
0.000388662
0.00119501
0.000341372
0.000986023
0.00100926
0.00146991
0.00106084
0.00160545
0.0022566
0.00076863
0.000403501
0.00138416
0.00143024
0.00118299
0.0011971
0.000941837
0.000143241
0.000612154
0.000763682
0.000287977
0.00106789
0.00102447
0.000977679
0.000953433
0.00102062
0.000625815
0.00107723
0.00249181
0.00120762
0.000476865
0.000853161
0.00112497
0.00113539
0.000856717
0.00160391
0.00261193
0.000909033
0.00235279
0.0003243
0.000539795
0.000999075
0.000997692
0.000145751
0.00203871
0.00101252
0.001643
0.000306668
