0.0647038
0.023886
0.00584057
0.0203681
0.0133863
0.0399835
0.0204353
0.00291444
0.0132176
0.0309935
0.0144274
0.0111243
0.0187508
0.00874385
0.013256
0.0136254
0.0103334
0.00557232
0.0102036
0.0246192
0.00993002
0.0283905
0.0400652
0.0396849
0.00876255
0.0227553
0.00790392
0.00491566
0.00197359
0.0167492
0.00132906
0.0204981
0.000729842
0.0139943
0.0203717
0.00245847
0.0668992
0.00740787
0.0044314
0.0155983
0.00546666
0.0137165
0.00697771
0.0306107
0.0155169
0.00375689
0.00991111
0.0170954
0.0219644
0.0352787
0.00014631
0.000257689
0.00638243
0.0113428
0.00146943
0.0169103
0.0631604
0.0291855
0.00508512
0.0268931
0.00794089
0.033648
0.0971335
0.00800117
0.0243261
0.00969742
0.00942843
0.0257168
0.0018692
0.0592959
0.0390841
0.00779208
0.00783761
0.0109411
0.00910286
0.00651781
0.0558537
0.00571291
0.0067233
0.00105072
0.0373013
0.0194737
0.0298828
0.00406394
0.0146585
0.0152103
0.000871426
0.0367956
0.00448521
0.0168106
0.0125229
0.0392552
0.00184446
0.000308556
0.0761125
0.0123065
0.0193742
0.0109269
0.0301518
0.012342
0.00727639
0.0146595
0.000747104
0.0146951
0.0484335
0.00180053
0.0127278
0.0196865
0.00436648
0.058963
0.00189724
0.00108236
0.0181556
0.00069217
0.0112296
0.0560145
0.0112416
0.00296335
0.00116827
0.0124336
0.00524874
0.0135191
0.00878273
0.022128
0.00553141
0.0190078
0.0143688
0.000910145
0.00468362
0.00322148
0.058389
0.00199938
0.0226259
0.00212423
0.0081885
0.024027
0.0120074
0.0738919
0.0314821
0.0445497
0.0205813
0.0277365
0.0134156
0.0134873
0.0267386
0.0302102
0.0106593
0.00220274
0.00765958
0.0275241
0.0174032
0.0292842
0.011434
0.0200391
0.0120099
0.00227432
0.00876227
0.00252986
0.0425276
0.00502062
0.00839278
0.0162228
0.0258472
0.0021278
0.0119402
0.00952065
0.0617635
0.0257102
0.0128579
0.0545028
0.0239294
0.00726447
0.0125471
0.0139428
0.0094065
0.0194734
0.014874
0.0115579
0.0228976
0.0389622
0.0131631
0.0107679
0.0165313
0.00970654
0.015534
0.0179014
0.0123258
0.0041237
0.0327562
0.0080339
0.0151188
0.00394319
0.00704495
0.0236985
0.0171982
0.0176939
0.0049442
0.00979069
0.00628108
0.00992454
0.0116818
0.0465832
0.00844956
0.0163979
0.0175936
0.0162281
0.0577117
0.0129423
0.0138258
0.0187516
0.00263584
0.0286235
0.0220374
0.121573
0.0213636
0.0338697
0.0193699
0.0277483
0.00757708
0.0087234
0.000890687
0.0124044
0.0395411
0.0134426
0.0193505
0.0181313
0.0197856
0.0150757
0.00146403
0.0341314
0.0138776
0.0198889
0.064929
0.0120472
0.0126272
0.0162419
0.106313
0.000637391
0.00952409
0.0201638
0.0178947
0.00752056
0.0147328
0.000803003
0.0262609
0.0284026
0.00867303
0.0512093
0.0188122
0.0123069
0.00819729
0.0358827
0.0183388
0.00478902
0.0227017
0.0212748
0.0314581
0.00811735
0.0141692
0.000788908
0.00427726
0.042546
0.0431368
0.027024
0.0126782
0.00643369
0.00261785
0.0135846
0.0104271
0.00986429
0.0243203
0.0145264
0.021367
0.0130421
0.0106538
0.0242291
0.0163587
0.00192473
0.0292988
0.0113746
0.0354243
0.00515043
0.0135125
0.030656
0.00693636
0.0157541
0.0312085
0.0110667
0.00836244
0.0275872
0.0299728
0.00479999
0.00775843
0.0167793
0.0592892
0.0214471
0.0273148
0.0057104
0.0391872
0.0332636
0.005958
0.0139156
0.00902135
0.0209166
0.0353262
0.00534409
0.00347179
0.00542493
0.00890806
0.043031
0.0154827
0.0106303
0.00253123
0.040824
0.0594705
0.00495654
0.0135063
0.0268753
0.0165815
0.0362736
0.00759035
0.0251703
0.118621
0.0422518
0.00690039
0.00425317
0.0347719
0.042217
0.0117857
0.00440664
0.00984314
0.0179499
0.00166062
0.00106512
0.0227248
0.0357239
0.0145907
0.00686191
0.0206609
0.00912511
0.0110982
0.00932901
0.011775
0.00582834
0.0118765
0.0126363
0.00199108
0.00902381
0.00595116
0.00682451
0.00149658
0.00279623
0.0110536
0.00913644
0.0032502
0.0318359
0.0139764
0.00730324
0.0109307
0.016171
0.00930641
0.0111675
0.0116159
0.0625469
0.0118087
0.015783
0.00521764
0.0359725
0.0129014
0.0326006
0.0143133
0.000551846
0.0198551
0.00105351
0.0452468
0.0228135
0.00941557
0.0067383
0.0308984
0.0114075
0.0122163
0.0491551
0.00167707
0.0106215
0.0124127
0.0260548
0.00704213
0.0446864
0.011311
0.0272953
0.00226151
0.00446751
0.025696
0.0113625
0.0198932
0.0165811
0.00223316
0.0322099
0.0176057
0.0137143
0.00257514
0.0251887
0.01799
0.00818195
0.0214294
0.0148205
0.00251574
0.0122769
0.000919523
0.0161361
0.0135515
0.0112541
0.00108516
0.0204105
0.00452748
0.0652136
0.0413084
0.0210015
0.00396655
0.00818067
0.00791096
0.00102606
0.0357469
0.00936402
0.00486597
0.00343296
0.00347234
0.0158108
0.0165245
0.00943979
0.027747
0.0696349
0.00876176
0.0174306
0.00482169
0.0583036
0.0103469
0.00823502
0.00161438
0.0115739
0.0270481
0.0599678
0.0116881
0.00653775
0.0124078
0.00244911
0.00148035
0.0132892
0.00895171
0.0236023
0.0246758
0.00704713
0.0112332
0.00260253
0.00295222
0.0514157
0.027892
0.0365728
0.00363603
0.00661195
0.0110492
0.00243698
0.0203325
0.0195277
0.0107453
0.00850924
0.000832679
0.00414459
0.00374312
0.0054567
0.0375414
0.0282183
0.00987577
0.0224766
0.00749006
0.0188682
0.00573405
0.0174796
0.00849123
0.0422021
0.0184597
0.0141281
0.0036956
0.00206939
0.00768885
0.00622554
0.00465581
0.000551727
0.00397151
0.018977
0.0883023
0.015078
0.00830217
0.0184078
0.0482694
0.0117387
0.00512086
0.0350595
0.0141766
0.013515
0.00997135
0.0708948
0.0041867
0.0143189
0.0187818
0.0164798
0.00773805
0.0199186
0.00774226
0.00151871
0.0237191
0.00398187
0.0184278
0.000572821
0.042209
0.00296481
0.0724456
0.00187052
0.0106955
0.00957234
0.0116206
0.0325979
0.0243577
0.0208409
0.0304466
0.016105
0.00942529
0.00193409
0.00939974
0.00017155
0.00786469
0.0146249
0.00963234
0.0149701
0.010457
0.0150441
0.0131306
0.0275215
0.0100546
0.018031
0.0105454
0.0131267
0.00756087
0.0129935
0.010818
0.0174333
0.0218744
0.00269584
0.0437802
0.032593
0.108939
0.000862817
0.065634
0.0247842
0.00152949
0.0319889
0.00097241
0.0372343
0.0262081
0.00592085
0.0145422
0.0100119
0.02756
0.00726299
0.0266068
0.0878991
0.0178139
0.00144654
0.035398
0.000782122
0.0100265
0.000829868
0.009663
0.0402266
0.00191003
0.0159233
0.000682175
0.00164706
0.00189366
0.0062344
0.0117389
0.0335729
0.00860689
0.0106213
0.0136718
0.00975755
0.0217955
0.0157892
0.0143515
0.0236342
0.0112087
0.0367823
0.0518491
0.0375912
0.00165623
0.00673079
0.0132262
0.0281213
0.0427513
0.00170386
0.0247357
0.0090618
0.013082
0.00410196
0.0501857
0.00653325
0.00835265
0.00830747
0.00810493
0.025877
0.0163837
0.00142665
0.00153283
0.0277137
0.0167701
0.0184646
0.0176951
0.000941115
0.0189239
0.0203571
0.00959729
0.00211746
0.0103366
0.00466961
0.019184
0.0250469
0.0207391
0.00865813
0.0202791
0.0761694
0.00108646
0.0262293
0.025179
0.0291256
0.000746473
0.0162566
0.0169529
0.00264886
0.00759355
0.00790865
0.062659
0.0052113
0.0161782
0.002158
0.0105142
0.0195726
0.00110011
0.0076681
0.00151757
0.000470353
0.00349867
0.011461
0.0462644
0.0012224
0.0334819
0.00381703
0.0458477
0.0364752
0.018986
0.00669653
0.0156338
0.0363249
0.00244875
0.0585571
0.0124357
0.015642
0.0105819
0.00158016
0.0151291
0.0807208
0.0208852
0.013551
0.0369478
0.00439962
0.0195206
0.0136835
0.101957
0.00903982
0.00255024
0.0100755
0.00141279
0.0156772
0.0095856
0.0487224
0.0282351
0.0142577
0.00786425
0.00755252
0.0336162
0.0095152
0.00527984
0.00587747
0.00766324
0.0241899
0.00036753
0.0488301
0.00165275
0.00435401
0.00306171
0.0099434
0.0140208
0.049826
0.012856
0.0193353
0.0126632
0.00294195
0.00685119
0.00638012
0.0227232
0.00170148
0.0274589
0.00164551
0.0329348
0.00436587
0.00237029
0.011842
0.00200799
0.0208515
0.00518875
0.00660069
0.011548
0.0175194
0.016133
0.0342901
0.0153337
0.00352786
0.00587788
0.00788797
0.0298888
0.0316245
0.0114954
0.0211261
0.00138983
0.00630061
0.0263558
0.0218811
0.00852652
0.0258326
0.0458673
0.0107323
0.0174958
0.0110642
0.00658681
0.0136338
0.0339106
0.0159962
0.0420295
0.0087803
0.0113461
0.0130673
0.00142745
0.0602233
0.0174973
0.0161959
0.0084494
0.0274792
0.00741595
0.0141859
0.00196908
0.0228827
0.00241607
0.00942474
0.0189495
0.0143548
0.0159441
0.00442607
0.000948339
0.0130658
0.0342521
0.00127584
0.0148268
0.0104941
0.0180441
0.00710952
0.015224
0.0535422
0.00640506
0.00984357
0.0226418
0.0117106
0.0291744
0.082021
0.0172022
0.00724745
0.0506086
0.0142105
0.00912743
0.0172475
0.0335036
0.0526699
0.0085039
0.0110627
0.0148425
0.0239037
0.00539429
0.0177108
0.0144011
0.010286
0.0675002
0.00370901
0.0253578
0.0102094
0.0242523
0.0133921
0.00713394
0.00780588
0.0120415
0.0399823
0.0199915
0.0466301
0.020237
0.00836205
0.0118124
0.0100465
0.00840559
0.0159136
0.0224501
0.0195231
0.0143503
0.0011306
0.0490749
0.00889881
0.0614728
0.00722371
0.0216124
0.00631423
0.033787
0.027372
0.00705772
0.044815
0.0137423
0.0308363
0.0169249
0.03928
0.0236963
0.00153486
0.0149073
0.0314012
0.0203188
0.00538606
0.12682
0.0117112
0.0270963
0.0320323
0.00783056
0.0238136
0.0527579
0.0109051
0.0175981
0.015991
0.0120822
0.00599174
0.0366006
0.0322172
0.0033911
0.0310716
0.00338098
0.0798707
0.0097208
0.00298571
0.00501954
0.0106943
0.0176032
0.0241107
0.00827704
0.00532049
0.0150628
0.0102118
0.0351103
0.0353022
0.0182747
0.0171702
0.020926
0.00316818
0.00685231
0.00266229
0.0179387
0.0195681
0.00278388
0.00151087
0.00219629
0.0014258
0.0568822
0.0428819
0.00275283
0.0430331
0.0109844
0.0487182
0.0331866
0.00590999
0.00148437
0.00701062
0.00489992
0.0108093
0.0121759
0.015415
0.0602411
0.0157594
0.00290634
0.00492705
0.0105049
0.00642204
0.00949757
0.00911285
0.00876422
0.0240254
0.021325
0.00967274
0.00923721
0.0113605
0.064261
0.0223223
0.0225406
0.0184173
0.0138651
0.153765
0.00468942
0.0188555
0.0174057
0.0245374
0.0245931
0.0157596
0.0107084
0.0292101
0.016182
0.00419922
0.034868
0.00217624
0.0365095
0.00479585
0.0260153
0.0163609
0.00114577
0.00730792
0.00479362
0.0106728
0.0074054
0.0353515
0.0190349
0.0150509
0.0157943
0.00418296
0.00213941
0.00774534
0.0125423
0.0177981
0.006481
0.0559302
0.00932082
0.108095
0.0294331
0.0016514
0.000724492
0.014463
0.0126323
0.00422714
0.0159885
0.0118217
0.00538332
0.00804779
0.0015826
0.0301728
0.0164703
0.00405438
0.0147639
0.0135434
0.0190467
0.0115673
0.0166987
0.0702485
0.0104446
0.00138846
0.0194021
0.0118931
0.0102763
0.0162802
0.0114402
0.00445983
0.0155541
0.0186279
0.0309221
0.00596369
0.0208603
0.00562495
0.0105717
0.014701
0.0086336
0.01278
0.0169237
0.0119708
0.0342936
0.0165469
0.0107942
0.00324783
0.0384614
0.00603912
0.0189532
0.0124248
0.00303325
0.00723936
0.0138796
0.00102443
0.00653102
0.0194778
0.00660649
0.00195461
0.0256494
0.0269084
0.0287557
0.00544464
0.0211475
0.0012028
0.0223426
0.0197426
0.00288111
0.0053095
0.00600773
0.00158558
0.0134625
0.0147721
0.051602
0.00818241
0.0262625
0.0988271
0.0154012
0.0291541
0.0331186
0.00519346
0.0188461
0.0206008
0.0376614
0.0731334
0.0102606
0.0431124
0.0244804
0.0285518
0.00766663
0.0087146
0.0110649
0.0677337
0.0160823
0.00691078
0.00974751
0.0246268
0.0360394
0.0115237
0.0107219
0.00915887
0.0498657
0.00677403
0.0162615
0.00451577
0.000760414
0.0049125
0.0152689
0.0681518
0.00236073
0.0163208
0.0117704
0.0403623
0.0126867
0.00743178
0.00953659
0.00842422
0.0113514
0.0782349
0.0132195
0.0343157
0.00124474
0.00403946
0.0184428
0.00387749
0.0212097
0.0300481
0.0175837
0.0184322
0.009781
0.021605
0.00177288
0.00341175
0.0364324
0.0667389
0.0298901
0.0108769
0.0104324
0.0126824
0.0240695
0.0275528
0.00052968
0.0349289
0.0415836
0.00514288
0.00116995
0.0151748
0.0179007
0.00352215
0.0150188
0.00555892
0.0161019
0.0217705
0.0111904
0.00155276
0.0311791
0.00622221
0.0073954
0.0173204
0.0578039
0.01657
0.0384919
0.0319069
0.0295406
0.0444794
0.000718829
0.0134709
0.128909
0.013923
0.00418331
0.0138636
0.0359703
0.0011925
0.005647
0.00631138
0.000265412
0.0173255
0.00473824
0.0131417
0.016845
0.0619386
0.0143036
0.0253823
0.0141677
0.0125411
0.0166911
0.0114645
0.00678429
0.0198478
0.00137531
0.00791018
0.0014721
0.00174967
0.0295783
0.00872783
0.0125477
0.000844937
0.00250776
0.00232249
0.0145332
0.00119167
0.0118376
0.00302801
0.0276781
0.015754
0.00080201
0.00858158
0.00608496
0.0344251
0.0132859
0.0160037
0.024945
0.0271682
0.0051036
0.0183921
0.0721642
0.0205939
0.0390775
0.0180272
0.00562251
0.0185395
0.0175247
0.0141977
0.0107972
0.0265149
0.0238538
0.0127306
0.00558724
0.00804669
0.00371017
0.0107321
0.0196801
0.00164209
0.00973919
0.0214118
0.00943572
0.0306719
0.0801409
0.0102889
0.00743288
0.0577421
0.00406264
0.00640531
0.0105671
0.0157833
0.0123294
0.0318741
0.0239065
0.0133738
0.0426411
0.0017025
0.00962353
0.0501967
0.00282178
0.0177296
0.00721913
0.00163574
0.00426364
0.00410709
0.0113546
0.0248954
0.0205212
0.0128838
0.00700673
0.0227202
0.00106551
0.0199436
0.0113021
0.121109
0.0255854
0.00228227
0.0019101
0.0305739
0.00897128
0.0395169
0.0081333
0.0012867
0.016025
0.00783944
0.0196109
0.0171392
0.0178448
0.0256582
0.0272459
0.0178412
0.0046104
0.0682423
0.0887417
0.0203177
0.0123608
0.0180059
0.0241998
0.0105098
0.0337007
0.0142206
0.00539627
0.0258614
0.0129185
0.016826
0.0181389
0.0118623
0.0259478
0.00368605
0.0197483
0.00425313
0.00887641
0.122558
0.0194773
0.00439159
0.0165813
0.0543694
0.013423
0.0413247
0.0170416
0.0139597
0.0270255
0.0203325
0.0178477
0.029468
0.0363282
0.0549796
0.0239657
0.0403191
0.0435448
0.042703
0.0599792
0.0215611
0.0179538
0.00998253
0.0698851
0.0192695
0.0387047
0.0310547
0.0049786
0.0110846
0.0018011
0.0143141
0.00156261
0.0198576
0.0127051
0.0197506
0.0221146
0.0141231
0.0189493
0.0531739
0.0158464
0.0140546
0.0298164
0.0200575
0.00478367
0.00805683
0.0147663
0.0279579
0.000865667
0.0142087
0.0220036
0.00529696
0.0303983
0.00863219
0.0120717
0.0119507
0.00388938
0.0199428
0.0167855
0.00979544
0.0175047
0.00974548
0.0111529
0.0264763
0.00710596
0.0150429
0.0268167
0.0177964
0.0164306
0.0729967
0.0247709
0.0104722
0.0303507
0.0455083
0.0022131
0.00842856
0.0172559
0.0333585
0.00713974
0.0287681
0.0136845
0.0155013
0.012378
0.0735103
0.0124023
0.0183948
0.00936028
0.0159521
0.0315373
0.00218515
0.0151996
0.021066
0.0245618
0.0299896
0.00477273
0.00682554
0.00648866
0.00966263
0.0256129
0.0204167
0.0017376
0.0129592
0.00537069
0.0102955
0.017592
0.00720515
0.00286159
0.00331959
0.0264272
0.0219768
0.00626758
0.00175781
0.0449206
0.00437204
0.0195045
0.0219569
0.00621856
0.0128797
0.0314323
0.0136526
0.0377398
0.0209646
0.0530064
0.0462426
0.0215752
0.00489663
0.0126065
0.01123
0.000148303
0.0497532
0.0144419
0.0345282
0.00945066
0.0151635
0.0231942
0.000864313
0.000587336
0.030588
0.0077099
0.0113082
0.0402395
0.00881997
0.00900849
0.00903454
0.0297527
0.00696118
0.0173007
0.0411331
0.0175077
0.00262845
0.0112659
0.0285141
0.0125272
0.0144421
0.00124763
0.00420648
0.0181597
0.0279691
0.0169389
0.0122355
0.000828252
0.00223057
0.0531871
0.0516822
0.00930466
0.0858269
0.0310138
0.0551286
0.00283145
0.0242268
0.00802362
0.0117831
0.0184599
0.0381328
0.0084406
0.0156067
0.00270322
0.0374662
0.00203514
0.0144196
0.0135831
0.0103593
0.0248638
0.0349813
0.00409057
0.0461747
0.000593009
0.00125681
0.0090672
0.00158768
0.0203508
0.0382403
0.00698845
0.068381
0.00644468
0.0173075
0.00615794
0.00953206
0.0140147
0.0117563
0.00587963
0.01082
0.0102986
0.0163026
0.0152381
0.0432373
0.0349015
0.0729434
0.000833342
0.00948596
0.00559629
0.00569627
0.00748924
0.0220595
0.0271324
0.00907539
0.0145438
0.005843
0.0154245
0.00461944
0.0252825
0.0195157
0.0116029
0.0021439
0.00111651
0.00624168
0.0203534
0.0868925
0.00157396
0.0204779
0.04292
0.00915517
0.0394047
0.0178191
0.00455084
0.0106759
0.00502969
0.00188089
0.00447375
0.0241348
0.00867451
0.0141459
0.0525606
0.024751
0.0135658
0.00588417
0.0160047
0.00855146
0.0182241
0.0339034
0.0219578
0.00394158
0.00522253
0.0683875
0.00873781
0.0273898
0.04218
0.027435
0.0363945
0.0223236
0.0402857
0.0215023
0.00907864
0.0411997
0.0380473
0.0198691
0.0156441
0.0212372
0.00950876
0.0861766
0.017601
0.0108237
0.00120076
0.0232762
0.0259515
0.00916059
0.0176109
0.00761713
0.00680961
0.0173251
0.00549711
0.0184437
0.0107833
0.0555367
0.0214169
0.0174943
0.00789202
0.0104886
0.00716349
0.0470442
0.00932565
0.00318429
0.0149592
0.0249004
0.00374707
0.0206531
0.012592
0.0113031
0.0356973
0.00221438
0.0226523
0.00559624
0.00306728
0.0017144
0.0074063
0.00293681
0.00125321
0.0188508
0.0100016
0.0311522
0.0112917
0.0148126
0.0246412
0.0289015
0.0173501
0.00986965
0.0185052
0.00755205
0.0206449
0.0590969
0.0181389
0.121534
0.00112366
0.0104418
0.0107454
0.0372657
0.0176956
0.0347456
0.00766045
0.0238468
0.0112716
0.00868278
0.00629964
0.0114804
0.00286382
0.0169213
0.00315235
0.00829517
0.0170856
0.030693
0.0201869
0.00328507
0.0151079
0.00724995
0.0272711
0.0132973
0.0434711
0.0411147
0.00913358
0.00540624
0.00770805
0.0169306
0.0164554
0.017771
0.0378364
0.0411533
0.046698
0.0102155
0.00843763
0.0274502
0.00305821
0.0188493
0.00202014
0.0144384
0.0645455
0.0011662
0.0147973
0.00921007
0.00888171
0.00727735
0.0206186
0.00557208
0.0129681
0.0211693
0.00528797
0.0636874
0.0151937
0.00852959
0.00635657
0.0193523
0.00120137
0.0122746
0.0120557
0.0169233
0.00885113
0.00667301
0.0106045
0.0137641
0.00107108
0.0182719
0.0176061
0.00478838
0.00807539
0.0549873
0.00328129
0.010104
0.0376582
0.010382
0.0141628
0.0365933
0.0251948
0.0401555
0.0159684
0.0149531
0.0183164
0.049588
0.00929339
0.00448507
0.0261707
0.0211217
0.0127224
0.020442
0.00820343
0.0127045
0.011008
0.0924418
0.0220779
0.0178744
0.0272395
0.0119238
0.0417488
0.0209504
0.00663622
0.0374655
0.00635458
0.0152465
0.0127987
0.0152048
0.0137212
0.0134605
0.0220562
0.0104028
0.000754127
0.0171863
0.0136883
0.00745865
0.00873366
0.0206208
0.00677561
0.00367846
0.00812722
0.00887397
0.027077
0.00438073
0.0136182
0.0143704
0.00323737
0.0153385
0.00258202
0.00577959
0.00789866
0.0110365
0.0354552
0.00773831
0.011673
0.0486269
0.00422552
0.0288608
0.0174498
0.00262209
0.0117595
0.00158666
0.00499346
0.0381325
0.0348308
0.00232682
0.0194228
0.0478172
0.0102261
0.023972
0.0165844
0.0145923
0.00610438
0.00437155
0.0232991
0.0191739
0.00216061
0.0127372
0.0053801
0.0167804
0.010222
0.0511625
0.0166461
0.0125791
0.00750567
0.0204645
0.00174783
0.0102407
0.0117854
0.0182558
0.00879309
0.000708561
0.00882812
0.0184425
0.00757396
0.0252369
0.0345122
0.00843072
0.0148182
0.00620737
0.0408477
0.00964332
0.00170618
0.00728638
0.0237555
0.00416961
0.00381364
0.0167905
0.0212241
0.0325469
0.0168013
0.00756041
0.029778
0.0324817
0.0308318
0.0578638
0.00537302
0.0532214
0.0283272
0.0423383
0.0177554
0.0138555
0.037099
0.0149881
0.00796611
0.011658
0.0171813
0.00143411
0.00334478
0.0196041
0.000217872
0.00920471
0.00732996
0.000664026
0.0303426
0.0414423
0.0303464
0.0145394
0.00863915
0.00163479
0.00530491
0.00565907
0.00200367
0.00841969
0.0219441
0.0683221
0.0132459
0.0442619
0.0179701
0.0490013
0.00714719
0.00460114
0.0241349
0.0071513
0.0055292
0.0253365
0.0861969
0.00976417
0.0459841
0.0051813
0.00663015
0.00468887
0.00206864
0.0177734
0.0230237
0.00756051
0.0208581
0.00534229
0.00475831
0.0225663
0.0202617
0.0101332
0.0826527
0.032717
0.0270475
0.00483594
0.00232975
0.0018427
0.00990941
0.0137182
0.00841171
0.0104282
0.0173696
0.017077
0.00184484
0.00195223
0.00622482
0.00833818
0.0481566
0.0150012
0.0134209
0.00973719
0.0330581
0.0146047
0.0069254
0.00288769
0.0144931
0.00690132
0.0100939
0.0282301
0.00961078
0.0398134
0.00735511
0.0193757
0.0304639
0.0215412
0.00289709
0.0110247
0.0017436
0.00639058
0.0121569
0.0159609
0.00873675
0.0212107
0.0189709
0.0294631
0.0202031
0.0132845
0.0448678
0.0135873
0.0470311
0.0345701
0.00575024
0.00292698
0.00112369
0.0278858
0.00205779
0.0396666
0.00862077
0.00101702
0.00817284
0.0323274
0.03022
0.00914908
0.0285173
0.0145779
0.00143343
0.00511412
0.0116241
0.00639591
0.0137558
0.0211328
0.00904715
0.045107
0.0779862
0.0115744
0.0350454
0.0140462
0.0278963
0.0107831
0.0534712
0.0265028
0.00288481
0.00261231
0.027467
0.0290627
0.00177911
0.0024755
0.00668149
0.0242239
0.00130531
0.00907115
0.0249931
0.00582464
0.0024076
0.00191427
0.0102719
0.0196747
0.015299
0.00357897
0.00669887
0.0134899
0.0341738
0.0202418
0.00220087
0.0152063
0.0340208
0.0101831
0.0099184
0.0407392
0.00806863
0.0194698
0.009119
0.0162618
0.00503752
0.0279078
0.0356584
0.0231508
0.0327218
0.00905907
0.00158856
0.0100952
0.0206129
0.00871897
0.0201733
0.0119744
0.0233309
0.0382632
0.00544691
0.0311115
0.0172052
0.00421901
0.00940984
0.00817932
0.00685396
0.00742653
0.00106341
0.0101266
0.0278797
0.0179279
0.00756473
0.00206195
0.00640292
0.0175276
0.0614357
0.0166501
0.00649817
0.019386
0.00300809
0.0379545
0.0221506
0.00844717
0.00999641
0.0168845
0.00181041
0.074803
0.00783562
0.00120278
0.0110811
0.0245045
0.00160453
0.0212049
0.000431234
0.0718612
0.00725816
0.0127783
0.0135403
0.0117806
0.00381349
0.0135851
0.0199647
0.0222489
0.00236814
0.0233169
0.0204095
0.0068734
0.0171614
0.0087966
0.0309282
0.0289237
0.0259615
0.020045
0.00594668
0.0214045
0.0252563
0.0044998
0.0355649
0.0164293
0.0234696
0.0189885
0.00959032
0.0240793
0.00119662
0.000733604
0.020248
0.00147301
0.0167539
0.0321621
0.0158079
0.0483304
0.0176315
0.0356177
0.0876989
0.00678471
0.0265908
0.00471411
0.01698
0.0166555
0.0220086
0.0495224
0.0021791
0.0292931
0.0185314
0.00692955
0.0184504
0.015969
0.00129486
0.0248375
0.00833864
0.0233666
0.0224908
0.00913595
0.0165662
0.0131027
0.0224589
0.0038929
0.0268467
0.0112482
0.0302575
0.0138324
0.00809656
0.00966664
0.0092495
0.0222725
0.0221281
0.00557322
0.0144972
0.0124836
0.00198122
0.054974
0.0306273
0.0420578
0.00193342
0.00168802
0.0244882
0.00256565
0.0117883
0.00772641
0.00600394
0.00909115
0.00344707
0.0116783
0.00836834
0.010738
0.0136413
0.0439922
0.0366734
0.0130325
0.0265757
0.0400536
0.00968938
0.00296551
0.00983574
0.0161104
0.05177
0.0148389
0.0870734
0.0173681
0.0702924
0.00856989
0.0431464
0.0183752
0.0236692
0.00601516
0.0404452
0.0405197
0.0353585
0.000670391
0.00238692
0.0115318
0.00696611
0.0260399
0.0128928
0.00700721
0.0197249
0.0395918
0.0180916
0.00850033
0.0682195
0.0664159
0.0064856
0.0351595
0.00809173
0.0056265
0.0205275
0.0169728
0.0223602
0.0151489
0.0114524
0.00189662
0.0395914
0.0151044
0.000784557
0.000559626
0.00280666
0.0137016
0.0188706
0.0130603
0.0135144
0.020435
0.0126501
0.0664092
0.0104529
0.00757479
0.030199
0.0150629
0.0320799
0.0282705
0.0047275
0.00119779
0.0128623
0.0998754
0.0209485
0.076637
0.0259225
0.0093338
0.026765
0.0135571
0.0165851
0.00996745
0.00213731
0.0443131
0.0244063
0.00895011
0.0158891
0.0236812
0.00564813
0.00724871
0.0345473
0.0324608
0.0245632
0.0217882
0.0333971
0.0219919
0.00918843
0.00158253
0.026417
0.0184699
0.0591674
0.0146901
0.00359924
0.0206228
0.0392486
0.0161885
0.0153939
0.161462
0.000929479
0.0221078
0.00111405
0.0179983
0.0164077
0.00777421
0.00433418
0.0408922
0.0130959
0.0223904
0.0316273
0.0487478
0.012052
0.0071875
0.0190997
0.00238211
0.0483268
0.0281258
0.0546048
0.0308096
0.00614964
0.000822721
0.0144222
0.0417648
0.00169396
0.00235609
0.0325844
0.0136373
0.0152536
0.0403033
0.0346449
0.0927477
0.0114953
0.0208604
0.0176313
0.00229756
0.00187925
0.0781254
0.0282904
0.00676297
0.0216925
0.0070133
0.00446469
0.0152458
0.0202089
0.0111583
0.0827765
0.0170782
0.0224859
0.0550879
0.0212381
0.0129612
0.00380745
0.0167726
0.0251754
0.0334479
0.0107716
0.0108021
0.0214542
0.00865035
0.00904024
0.00455943
0.0156132
0.012348
0.00196127
0.00866243
0.00536543
0.00583529
0.0440889
0.000610804
0.0837002
0.00179488
0.0138297
0.00900545
0.0158257
0.0315801
0.0124629
0.0301025
0.0121522
0.0282932
0.0120741
0.050676
0.00795442
0.0172035
0.00172145
0.00133217
0.000910026
0.00628293
0.00155199
0.00103424
0.0028633
0.0157095
0.000728303
0.00167973
0.0117821
0.00121163
0.0322694
0.0438675
0.0238219
0.00466721
0.0320691
0.00792021
0.0019193
0.0146455
0.00111093
0.0238648
0.00591824
0.00272681
0.0115609
0.0222471
0.0412555
0.0140627
0.00142736
0.0166817
0.00144381
0.00128578
0.0249596
0.142294
0.0114892
0.0112126
0.00957778
0.0155246
0.00104643
0.00683673
0.00102614
0.00558292
0.0323928
0.0294229
0.0302386
0.0140014
0.0102083
0.0296459
0.00584261
0.0134649
0.000999208
0.0220544
0.0185803
0.00357233
0.0197218
0.0111218
0.0105144
0.0167338
0.0203113
0.0247451
0.0649494
0.0199584
0.026383
0.0132313
0.00480351
0.00446469
0.00504539
0.0175004
0.0310575
0.0313033
0.0109971
0.0352973
0.0114773
0.0359337
0.00330807
0.027771
0.0103197
0.0472454
0.00385913
0.0166856
0.004162
0.0145861
0.00880886
0.00687767
0.0324206
0.00770285
0.0062847
0.0107573
0.0207312
0.000413104
0.0242278
0.0149563
0.0199372
0.0450258
0.0206712
0.0169614
0.0287955
0.0189128
0.0153667
0.00799027
0.0132435
0.0131287
0.012479
0.00979285
0.0445441
0.01663
0.0103775
0.00664207
0.00836697
0.0196754
0.026568
0.00627713
0.0254849
0.110126
0.00612918
0.00597892
0.0123386
0.0280185
0.00970443
0.00624466
0.0137968
0.0102835
0.0120925
0.0421961
0.018127
0.00259938
0.00287009
0.00822258
0.00670255
0.00426127
0.00522086
0.0425185
0.0149655
0.0200435
0.018231
0.00588014
0.0134598
0.00729939
0.0239322
0.010998
0.0637985
0.00142029
0.00726796
0.00981516
0.0161716
0.0144635
0.00169431
0.0132619
0.0195027
0.0349133
0.00183082
0.0162824
0.0253821
0.00100145
0.0206713
0.00161764
0.0379532
0.0250569
0.0132949
0.000647165
0.0215262
0.0108498
0.0119912
0.0101255
0.011516
0.0349026
0.00902832
0.00784278
0.0180415
0.00711271
0.00580641
0.0126781
0.00692455
0.0204653
0.0271042
0.012078
0.0270696
0.0575306
0.0506544
0.0234554
0.010238
0.0900787
0.00122339
0.010537
0.0021656
0.001525
0.00777771
0.00369199
0.00596095
0.0210198
0.00744886
0.0083996
0.0263894
0.102165
0.00744723
0.0184595
0.00831211
0.00537308
0.0102407
0.0761137
0.00844406
0.0152534
0.0169359
0.0259023
0.0105833
0.0168293
0.0162354
0.013853
0.0145402
0.00737643
0.00127967
0.0210586
0.000559511
0.0212241
0.0498515
0.000151934
0.0015313
0.0420243
0.0146323
0.0151891
0.0317729
0.0143662
0.0216344
0.0085622
0.0157832
0.0130361
0.0523196
0.000964975
0.00992239
0.0190347
0.0135917
0.0163274
0.00295444
0.00866214
0.0621446
0.00707269
0.0200733
0.02829
0.045211
0.0259218
0.0120018
0.00228896
0.096589
0.0136492
0.00777241
0.0104172
0.0165276
0.0138622
0.00932311
0.0216787
0.0150833
0.00850176
0.0656693
0.0143904
0.0186002
0.013221
0.00513016
0.00334765
0.0063849
0.00560136
0.0568924
0.0234085
0.0288709
0.0316134
0.0233164
0.00705602
0.00816768
0.021724
0.00169674
0.0666548
0.00716333
0.0273338
0.00147132
0.00975505
0.00124037
0.020897
0.0351433
0.00710486
0.0141464
0.00517949
0.0111067
0.0121421
0.0320405
0.0407206
0.018326
0.0355947
0.0120241
0.0104688
0.00321747
0.0123191
0.0805487
0.0124271
0.0174628
0.00462242
0.00664678
0.00497489
0.0318534
0.0160708
0.00643648
0.0038314
0.00511015
0.00778552
0.00879494
0.00732473
0.00820495
0.00872457
0.020656
0.000819753
0.0228619
0.00151754
0.0148641
0.015515
0.0274879
0.0111283
0.0109836
0.0190351
0.0659548
0.0376995
0.0035533
0.0119075
0.0661824
0.0106527
0.0204564
0.00179312
0.00943264
0.021091
0.0185364
0.0201709
0.0578969
0.00882459
0.00754793
0.0163961
0.00871017
0.0122402
0.0013947
0.00957902
0.0901303
0.00749866
0.0155696
0.0105376
0.0210004
0.00821738
0.00101729
0.0255993
0.0360349
0.00515762
0.00811526
0.0254013
0.0109408
0.0150862
0.0267061
0.00145071
0.0206325
0.0139369
0.00665636
0.0119945
0.0774844
0.00575296
0.0188183
0.0227119
0.129049
0.0141095
0.00412526
0.0194309
0.0238614
0.0285421
0.00267735
0.0258023
0.00909668
0.0132772
0.0168371
0.046745
0.0109592
0.0281618
0.0684058
0.00605272
0.00696523
0.0208489
0.0911999
0.0334785
0.000294862
0.00637121
0.0176118
0.00681803
0.0584878
0.0213856
0.039508
0.0056338
0.00257745
0.00829169
0.0223822
0.0103747
0.00141712
0.0437316
0.00762491
0.0395584
0.0196314
0.0323877
0.0260267
0.00887679
0.0430952
0.00926508
0.028344
0.0134249
0.0101927
0.00444541
0.000834705
0.00282205
0.0593707
0.0264728
0.0466708
0.0290777
0.0134145
0.0271558
0.00148979
0.0136456
0.00570359
0.0881054
0.0108616
0.0190475
0.0130427
0.00195935
0.0252167
0.0115341
0.014495
0.0404612
0.0166987
0.0261067
0.0022365
0.0402622
0.00568751
0.00485661
0.0154957
0.0241278
0.000914212
0.0346854
0.022695
0.0651833
0.0122233
0.0362394
0.0148634
0.00193806
0.0210007
0.0163194
0.00253678
0.0137983
