0.0215837
0.0139089
0.0122979
0.00903342
0.00171934
0.00219528
0.00346518
0.0346264
0.00493632
0.00359699
0.00397886
0.0073796
0.00458512
0.00323231
0.0771207
0.0225993
0.00802453
0.13044
0.0110166
0.00403871
0.011901
0.0185659
0.0316886
0.015557
0.00410553
0.0234383
0.0272316
0.00252862
0.00114114
0.00170125
0.0154966
0.000704211
0.00564778
0.0250916
0.0134468
0.0015871
0.00238323
0.00668689
0.0154074
0.00104856
0.00202118
0.0119751
0.00040705
0.0521238
0.0120149
0.0100464
0.0142412
0.030976
0.00287484
0.00811577
0.0137385
0.0348369
0.00641847
0.00993629
0.0105165
0.0624285
0.00239832
0.0420261
0.0158198
0.0169683
0.00297096
0.00784863
0.0142962
0.00198664
0.00694662
0.0112557
0.0645764
0.00542292
0.00588996
0.0014126
0.0297493
0.00962989
0.00744484
0.0146728
0.00181889
0.00102225
0.0101944
0.00411971
0.0241159
0.00520999
0.040854
0.00346791
0.00638778
0.057219
0.0139082
0.00402797
0.00590936
0.0353642
0.000857362
0.0830871
0.0425194
0.00240263
0.00273939
0.0112
0.0142753
0.0100797
0.0453559
0.021487
0.000655077
0.000879183
0.00749909
0.0197567
0.045565
0.0806718
0.00760756
0.0300492
0.0190751
0.00143344
0.0320854
0.00455026
0.00188456
0.000629582
0.00691429
0.0374288
0.00315616
0.00328353
0.0697065
0.0251106
0.00226298
0.0157818
0.00162023
0.00851128
0.0158362
0.00328323
0.0190445
0.015157
0.0117013
0.0263494
0.0123967
0.00751571
0.0204899
0.0161763
0.0351435
0.0130753
0.0123472
0.00624504
0.000375496
0.0187104
0.0149946
0.0477704
0.0151235
0.00236154
0.130688
0.0337196
0.00282176
0.0430323
0.0149383
0.00997087
0.00367279
0.0185429
0.0228096
0.044309
0.0111455
0.0305245
0.00479384
0.00660899
0.0134053
0.0323375
0.00678286
0.0144891
0.0121677
0.00133785
0.0241073
0.0167479
0.0120089
0.0268944
0.0160141
0.0235657
0.0214939
0.00326078
0.00189123
0.0162027
0.0343885
0.0227246
0.030886
0.0122337
0.00209481
0.0386251
0.00934737
0.0206147
0.0116255
0.00306037
0.0295698
0.0015564
0.00402043
0.00144508
0.00219179
0.00139243
0.00276584
0.0263698
0.022177
0.00961957
0.0337928
0.03534
0.0034853
0.0336985
0.0127304
0.00790703
0.0105198
0.0408218
0.0103665
0.00570416
0.00600968
0.0161343
0.00323071
0.0315699
0.00670213
0.026989
0.00287877
0.00655428
0.0354577
0.00249269
0.0252143
0.00391026
0.00503885
0.128149
0.00757654
0.00591904
0.00942953
0.00209567
0.00297274
0.00128418
0.0214184
0.00279505
0.00155495
0.00167949
0.00887321
0.0574197
0.0194797
0.0030955
0.00891289
0.0375696
0.00208898
0.000376696
0.0986203
0.0401866
0.0242094
0.00456083
0.0160755
0.00384909
0.0209623
0.00269615
0.00375766
0.0142298
0.0015482
0.00796805
0.0108538
0.0165388
0.0243167
0.0871723
0.00166706
0.0283596
0.0263355
0.0148882
0.0143051
0.00871118
0.0132529
0.0211005
0.015552
0.00845129
0.0182497
0.00486814
0.00197893
0.0125269
0.00686965
0.00651547
0.00213426
0.0232135
0.102848
0.00450463
0.0178829
0.00933882
0.0129847
0.0416366
0.00971688
0.0358863
0.00117753
0.0145236
0.00502786
0.00208848
0.0419507
0.000980121
0.0352021
0.00896069
0.00248881
0.00153759
0.0164388
0.00368562
0.0260654
0.00187966
0.00647945
0.0105581
0.0195943
0.00720769
0.0401081
0.0162139
0.0025209
0.00166825
0.0051361
0.0232157
0.00509797
0.00165765
0.0290979
0.00194913
0.0024574
0.00249911
0.003889
0.000965133
0.013238
0.0109124
0.0145344
0.0170249
0.00866825
0.00814734
0.0158991
0.0301259
0.0334157
0.00148655
0.0176858
0.0083293
0.00657009
0.0526273
0.0107227
0.0197324
0.0247618
0.00174272
0.0376806
0.0316847
0.0314814
0.0556905
0.00215403
0.00319395
0.0301004
0.00777696
0.0339095
0.0182177
0.0145377
0.0500742
0.0169968
0.0293448
0.00773435
0.00178037
0.0200211
0.00133889
0.00991456
0.0102555
0.0408259
0.0420615
0.0169739
0.0134118
0.0115176
0.00279705
0.00613162
0.0517085
0.000839422
0.000926677
0.0257417
0.0188724
0.025883
0.00163413
0.0131627
0.0125283
0.0477573
0.00680414
0.00641426
0.00370751
0.0180485
0.0179213
0.00685592
0.060696
0.0205936
0.0467364
0.0034742
0.00558493
0.00262402
0.00470828
0.0138513
0.00741836
0.00324393
0.0124483
0.00521844
0.00593095
0.0272565
0.0125323
0.0280346
0.0217794
0.0105368
0.00645676
0.0236082
0.00379067
0.00425262
0.0598625
0.0891171
0.00208379
0.0124207
0.00229181
0.00236812
0.000581915
0.00199312
0.00650742
0.000922855
0.0875621
0.0123492
0.0147979
0.0512505
0.00929163
0.0219288
0.0510576
0.00307348
0.0228921
0.0558006
0.0179293
0.0212358
0.00560954
0.0316782
0.00158047
0.0218627
0.0156178
0.106135
0.0101345
0.00316604
0.0150381
0.00944388
0.00692761
0.00653183
0.00132722
0.0218886
0.0340544
0.0339102
0.00103344
0.000544605
0.00272239
0.00940659
0.00120511
0.0482509
0.000896532
0.00542532
0.00856093
0.00680891
0.068512
0.0178617
0.00352668
0.00205035
0.00240113
0.00921803
0.000349973
0.0113025
0.0069503
0.00929604
0.00177425
0.00177619
0.0063556
0.00668547
0.0142759
0.053031
0.073492
0.00611586
0.025565
0.00272188
0.0173028
0.032593
0.00972228
0.00615411
0.0174833
0.0647861
0.00980495
0.00558937
0.00493603
0.00386629
0.0251259
0.00598029
0.0445328
0.00256001
0.00708713
0.0128836
0.00468505
0.0957864
0.00272719
0.001581
0.039435
0.00292849
0.0860219
0.00488894
0.0109911
0.0116178
0.00806719
0.0101594
0.00147736
0.00265602
0.011051
0.0127585
0.015809
0.00504412
0.0316586
0.037804
0.00170083
0.0148165
0.00338201
0.000498081
0.00700609
0.0124598
0.0262635
0.00823066
0.0204282
0.00435565
0.00265513
0.0103103
0.00612281
0.0272722
0.00755965
0.0308203
0.00318336
0.00832047
0.0273023
0.0307242
0.0123577
0.0255867
0.0027855
0.00578243
0.0301863
0.00725262
0.00142338
0.0122358
0.0202753
0.00805294
0.0292522
0.00158826
0.003031
0.0076091
0.0224007
0.00215779
0.0573114
0.0043073
0.0288131
0.161915
0.030873
0.0801873
0.00261555
0.0261467
0.00818326
0.015832
0.0349696
0.0109825
0.0783256
0.00932634
0.00223639
0.00841996
0.0806992
0.0205213
0.0126775
0.00500281
0.00278924
0.00339891
0.0014313
0.00739833
0.0114857
0.0018125
0.0192663
0.0526377
0.0689473
0.00135763
0.0120338
0.00846785
0.00853519
0.00317352
0.0144472
0.00612226
0.00298011
0.0395685
0.0392936
0.0043511
0.00122178
0.013778
0.0296854
0.0359792
0.00305443
0.0303793
0.122463
0.0212002
0.00147281
0.0017935
0.0320109
0.0012603
0.00240756
0.00708813
0.0271542
0.040168
0.00174246
0.0067044
0.000747562
0.0257731
0.00430755
0.00164984
0.00460209
0.0157973
0.0129775
0.00627601
0.0279721
0.0123192
0.052537
0.0210755
0.00309336
0.0713031
0.0260875
0.00361613
0.0215031
0.0129349
0.0127639
0.0100929
0.00246221
0.00497862
0.0135109
0.0295955
0.000965111
0.0521704
0.00841443
0.0123867
0.00534159
0.0568087
0.010809
0.00152887
0.00222152
0.00536676
0.00860297
0.0100658
0.00285159
0.00415974
0.00513867
0.00253668
0.00313955
0.00408758
0.00593858
0.0611561
0.00215218
0.00257172
0.00686082
0.00556548
0.0101647
0.0128764
0.00720252
0.0571477
0.00912184
0.008475
0.0158249
0.0419926
0.0294487
0.0411742
0.020185
0.0188521
0.0145091
0.0181189
0.00719327
0.0165609
0.00533757
0.00487976
0.00361522
0.0691248
0.0154028
0.0218996
0.00868175
0.00397546
0.019054
0.0179302
0.0115412
0.00225189
0.001556
0.0354521
0.0090216
0.00861149
0.013487
0.0027042
0.0272375
0.0603579
0.00205174
0.00242288
0.0153409
0.00797569
0.00997801
0.0106701
0.00116648
0.0313821
0.0128008
0.00166945
0.00540848
0.00194716
0.00208915
0.00181547
0.00446325
0.00156063
0.00139715
0.0209829
0.0287215
0.00479264
0.0462
0.0383447
0.0322094
0.0204666
0.0149761
0.0619855
0.000210022
0.0147154
0.0113009
0.0252099
0.0039836
0.046802
0.103592
0.00988919
0.000391295
0.00813474
0.00249486
0.00367926
0.0026144
0.00872231
0.0223491
0.00190885
0.0380239
0.0162425
0.00323338
0.00634961
0.0143159
0.00268689
0.0109576
0.0163603
0.0128342
0.0501349
0.0141314
0.0207422
0.022403
0.0120502
0.00211598
0.00412533
0.0069323
0.00840646
0.00103228
0.0172452
0.00360429
0.0955227
0.0146395
0.00266015
0.0895363
0.0141397
0.0170856
0.0191578
0.00639051
0.00189094
0.00739424
0.0190078
0.00103835
0.0574582
0.00175668
0.0124728
0.000875735
0.00142254
0.0068481
0.0159183
0.0181479
0.00391979
0.00641466
0.00209343
0.00313844
0.0133454
0.0260266
0.0178501
0.0219264
0.0104629
0.0295891
0.00411885
0.0443346
0.00292105
0.0369444
0.0166864
0.0371867
0.010894
0.0371035
0.0111981
0.00873753
0.00401473
0.0357219
0.0108086
0.020425
0.0320639
0.0513895
0.00722126
0.00281655
0.0241711
0.0122173
0.00872428
0.00203004
0.00916205
0.00284835
0.00103357
0.0548633
0.0283527
0.00194666
0.00045403
0.0135316
0.0204788
0.00399212
0.101286
0.0366
0.00411104
0.00209992
0.0226896
0.0173251
0.00352141
0.00600468
0.0263558
0.0105315
0.0025876
0.0165646
0.018593
0.0243604
0.00513988
0.00174853
0.00860749
0.0181824
0.00215629
0.0183824
0.00545346
0.00820118
0.0153931
0.00989798
0.0290468
0.0182554
0.000970713
0.0699748
0.0107133
0.00607743
0.0244256
0.00091237
0.000696782
0.0384674
0.0208851
0.0146122
0.0169447
0.0227349
0.0269059
0.038702
0.03551
0.0785697
0.0337199
0.0242557
0.0195736
0.0656327
0.0389128
0.0429357
0.00723737
0.0309601
0.00986246
0.00749381
0.0100723
0.000551265
0.0097238
0.0118996
0.0108838
0.00228604
0.0322589
0.049935
0.00160468
0.00612972
0.00884051
0.0053947
0.0319888
0.012543
0.00227587
0.0225125
0.0327096
0.000321976
0.0172218
0.0169373
0.00865006
0.00569936
0.00624098
0.0329887
0.0161366
0.00891534
0.020125
0.00262299
0.115944
0.00926247
0.014359
0.0174432
0.00215576
0.00167669
0.00377173
0.00561495
0.169166
0.0153609
0.00307984
0.0363931
0.00280188
0.00149758
0.0250534
0.0291981
0.0219342
0.0210248
0.00264825
0.0244309
0.0019328
0.0628421
0.0454951
0.0152143
0.0137628
0.0116292
0.117873
0.0475566
0.00657426
0.116648
0.0288024
0.0132561
0.0137817
0.0193654
0.0119639
0.0068722
0.0360363
0.0236169
0.00393493
0.00515782
0.00775971
0.0387025
0.003638
0.00538512
0.00054683
0.00191778
0.0278671
0.0195427
0.0308789
0.0289533
0.000402635
0.0702167
0.00528583
0.0149156
0.0249097
0.0119337
0.0584044
0.0643475
0.031781
0.0375046
0.00083923
0.0033386
0.00287037
0.00200969
0.00664149
0.00756116
0.00649462
0.00211484
0.0536932
0.0111805
0.00278532
0.00227809
0.100081
0.092411
0.0172106
0.037287
0.00225807
0.00468117
0.0355606
0.0020623
0.00766236
0.0163221
0.00996276
0.00142777
0.00125583
0.0171404
0.011973
0.00185037
0.00464744
0.0263796
0.0279302
0.0292485
0.00994532
0.0171433
0.0151474
0.00285469
0.0166634
0.0698538
0.0379853
0.028734
0.0937893
0.085957
0.0181836
0.0593708
0.0266133
0.00525584
0.143292
0.00431459
0.0125989
0.00121558
0.0231137
0.0147107
0.0188153
0.0011863
0.00335212
0.0360459
0.0183085
0.00294093
0.0143326
0.0396502
0.00164082
0.00165086
0.0150213
0.00741729
0.0164628
0.0185181
0.00161021
0.012032
0.0705017
0.00995698
0.0140353
0.00160591
0.00330455
0.00283927
0.0205
0.00414418
0.0215813
0.0468976
0.00969547
0.0186561
0.00514986
0.0335037
0.0175607
0.00214699
0.0124698
0.0107092
0.0402407
0.0497033
0.00937408
0.024625
0.00297361
0.0220307
0.00818235
0.0569905
0.00152384
0.0218005
0.00276407
0.0176105
0.00134777
0.0269213
0.00313412
0.0312899
0.0383479
0.00158847
0.00169529
0.0201705
0.00143886
0.0259818
0.0177168
0.000835503
0.0497462
0.0176044
0.0102913
0.0200544
0.020134
0.0200113
0.00231921
0.0101785
0.0231228
0.0973165
0.0177281
0.017521
0.011541
0.124879
0.0134118
0.0306376
0.00383117
0.00997134
0.0339814
0.00448138
0.0197244
0.0209067
0.0408883
0.0020915
0.00589493
0.00237109
0.0171316
0.0145328
0.0465725
0.130299
0.0960143
0.0164068
0.00346031
0.00163319
0.0294696
0.010702
0.00218049
0.0224626
0.00867992
0.00865636
0.00219163
0.0410268
0.0256609
0.0188893
0.0117206
0.0917086
0.019721
0.00179938
0.00171606
0.00583618
0.00115266
0.0112864
0.00333501
0.0231129
0.0365273
0.0500175
0.00887809
0.0104341
0.0191364
0.0224188
0.00133048
0.018268
0.0161526
0.00243763
0.00271574
0.0466965
0.0239266
0.0261843
0.000943787
0.0677101
0.0486587
0.00229237
0.0461271
0.0136007
0.00486003
0.000147556
0.0888687
0.011106
0.0337007
0.0256278
0.00248891
0.0115984
0.00216828
0.00743175
0.023515
0.0126549
0.0920508
0.02074
0.0207198
0.0029937
0.00958488
0.00248021
0.00165646
0.000884164
0.0363616
0.00583776
0.0182468
0.00945631
0.0167109
0.0273809
0.0223572
0.0446342
0.00364111
0.00166017
0.0360452
0.00209598
0.00345249
0.00826734
0.0234269
0.00101087
0.00655558
0.0237037
0.0111266
0.00472321
0.0144929
0.0102203
0.0196915
0.0302061
0.00180022
0.0443724
0.0121814
0.0683889
0.019005
0.00614845
0.0323065
0.00153758
0.0241461
0.0810307
0.0731449
0.00766022
0.048421
0.0323737
0.031689
0.00744045
0.0150714
0.00501913
0.00393042
0.0319476
0.010472
0.0217008
0.109199
0.00277543
0.00691938
0.0531897
0.00260274
0.0197555
0.00584312
0.0214377
0.0145354
0.0325484
0.0309713
0.00562625
0.0038221
0.0036269
0.0106019
0.00221011
0.00498798
0.0248649
0.0192724
0.0321769
0.0160808
0.0158953
0.000572535
0.0262241
0.0105231
0.00423743
0.0156888
0.095877
0.0635548
0.0357837
0.00601702
0.0232672
0.050807
0.01634
0.0121183
0.00199751
0.00961497
0.0191444
0.00212171
0.0102724
0.00605828
0.0108097
0.015254
0.016061
0.078598
0.0193864
0.000524847
0.0018236
0.0127231
0.00185712
0.00085694
0.00864601
0.15164
0.0641575
0.00454905
0.00280848
0.0157991
0.00868139
0.00632816
0.019174
0.0160397
0.0381135
0.00311449
0.0107893
0.00768179
0.0197776
0.00205981
0.0207173
0.00210738
0.00744269
0.0529271
0.0242305
0.0282705
0.0720363
0.00458982
0.0135255
0.0111512
0.0175011
0.019559
0.0657984
0.0121017
0.00246833
0.00330031
0.0305527
0.0129637
0.00734598
0.0166564
0.0205192
0.0294234
0.0353021
0.00166991
0.00851544
0.16984
0.0221325
0.00109253
0.00554183
0.0224729
0.0190238
0.0197605
0.00206295
0.000276073
0.0204552
0.0265763
0.00200479
0.0161332
0.00455073
0.0607889
0.0144288
0.00388704
0.0128448
0.00788597
0.0036021
0.00248585
0.107728
0.0399313
0.00124729
0.00188617
0.00988635
0.0285362
0.0764715
0.000528478
0.0194288
0.0773294
0.0140341
0.01475
0.0027003
0.00542791
0.00860205
0.00117332
0.0285999
0.0287292
0.0162963
0.0308562
0.0356674
0.0198868
0.0103574
0.122992
0.018955
0.029147
0.00118716
0.0202158
0.00682688
0.0171242
0.00251368
0.00832586
0.0648054
0.0802465
0.0321892
0.00804568
0.000546083
0.00757192
0.0120838
0.10494
0.00708897
0.0126514
0.00953681
0.00440449
0.0911197
0.0491959
0.00182057
0.00492945
0.00847831
0.0508204
0.000489417
0.0115894
0.0142209
0.0238689
0.00496805
0.00345123
0.0015042
0.0245135
0.0103374
0.00360738
0.0260946
0.116245
0.0280648
0.0755192
0.00840326
0.0138822
0.00823423
0.0114047
0.043663
0.0481466
0.0119638
0.0113879
0.0184572
0.0464935
0.00247052
0.004046
0.00172485
0.00907479
0.00361589
0.0182306
0.018118
0.00193883
0.0158374
0.0197835
0.00650247
0.00193411
0.00126738
0.00245238
0.00213572
0.00125207
0.0048665
0.00861125
0.00132889
0.00383903
0.00207882
0.00215352
0.0143207
0.00263309
0.0120777
0.00146918
0.00198248
0.047309
0.00804015
0.0229047
0.0130187
0.00854609
0.019049
0.00189846
0.0339883
0.0106452
0.0128275
0.0452821
0.00499537
0.0355051
0.00768598
0.00765575
0.0167489
0.00823812
0.0189026
0.00834744
0.0129543
0.027559
0.0168699
0.0477878
0.00952295
0.0559163
0.0218088
0.00494898
0.0124748
0.0406929
0.00662468
0.0112306
0.00781565
0.0118984
0.00386024
0.0152794
0.0107226
0.00854923
0.0492788
0.00193476
0.0136481
0.0147087
0.00229169
0.00308631
0.0233042
0.0102512
0.0189462
0.00220829
0.00595991
0.0260258
0.061963
0.0645327
0.0298018
0.00707565
0.0179063
0.00839878
0.00234218
0.011908
0.0481107
0.00268727
0.0572142
0.0412478
0.000494451
0.00946423
0.0121115
0.00993468
0.0865586
0.119148
0.023938
0.0782994
0.00211145
0.0932144
0.0169925
0.0124782
0.00453926
0.0197465
0.0601292
0.0191082
0.024383
0.00819597
0.00316711
0.0131669
0.00197622
0.0106324
0.0373649
0.0259929
0.0354092
0.00108167
0.00149295
0.00521959
0.00249795
0.00691723
0.0568068
0.0116195
0.00383154
0.0142845
0.0145035
0.0425948
0.10388
0.00175031
0.00476145
0.0531876
0.00366761
0.0041127
0.0201788
0.0109058
0.130013
0.0792169
0.0773585
0.0170288
0.0184504
0.0101031
0.00519332
0.00348887
0.00539726
0.0146098
0.00165891
0.0256089
0.00878013
0.0167392
0.00243821
0.0127715
0.00725403
0.00231708
0.0193784
0.00061689
0.00530746
0.0539597
0.0206085
0.00861004
0.0160178
0.00839593
0.113632
0.0136304
0.0215881
0.022491
0.00474628
0.0366589
0.0020051
0.012444
0.00193839
0.0270016
0.0151536
0.0173581
0.0727606
0.00473002
0.0431294
0.00871843
0.00250996
0.0662782
0.00470808
0.00981942
0.0878543
0.0215969
0.0522689
0.0276337
0.00225619
0.0201136
0.00737931
0.00834305
0.0443493
0.0204758
0.0285444
0.0106112
0.00224344
0.0247996
0.00565178
0.0346444
0.029289
0.00579022
0.00592275
0.11255
0.0376488
0.0887917
0.00217892
0.0771362
0.00772812
0.0185285
0.00439698
0.00293613
0.0324278
0.0102133
0.00668569
0.002818
0.00333465
0.0111347
0.019628
0.0155697
0.00450008
0.00482225
0.0265941
0.0487148
0.00292489
0.00191269
0.0182927
0.00765862
0.00295912
0.0152214
0.011815
0.0010126
0.0213643
0.00836625
0.0291102
0.00288848
0.0356286
0.0201354
0.00167947
0.0679833
0.0248903
0.0292075
0.0135637
0.0050018
0.0113348
0.0326432
0.0650997
0.0490558
0.00248177
0.00302981
0.00729757
0.117659
0.00209279
0.00580716
0.0072759
0.0288169
0.0151042
0.0584794
0.0772798
0.0269455
0.0204662
0.0176614
0.00656161
0.017742
0.00438028
0.000421863
0.00675288
0.038612
0.0530324
0.0251099
0.00235821
0.00319189
0.0314776
0.0128598
0.00591446
0.00458937
0.0126359
0.0125914
0.000684474
0.0358223
0.00466286
0.0249525
0.018429
0.00667689
0.0351916
0.004951
0.00289542
0.00115432
0.0217271
0.000895435
0.00667705
0.0143006
0.00814428
0.0306764
0.0322843
0.0050039
0.0115508
0.00322328
0.00777741
0.0254998
0.0119713
0.0100222
0.0065109
0.00575103
0.0984132
0.0259114
0.0181363
0.0121111
0.025873
0.0016903
0.0023079
0.0138004
0.0176099
0.0134238
0.00101458
0.0182467
0.000377301
0.0187514
0.00483055
0.0860965
0.0235285
0.0120805
0.00237141
0.00211544
0.0165669
0.0286213
0.0326006
0.0357096
0.00905378
0.0360587
0.014466
0.0167959
0.0149188
0.0114397
0.016685
0.0119523
0.00309913
0.0184424
0.0106062
0.0064337
0.0137765
0.15986
0.00414947
0.0813714
0.0040251
0.0224584
0.00378597
0.0437813
0.0519053
0.0173847
0.0208644
0.00533207
0.0211735
0.0462933
0.00177827
0.0605651
0.00663978
0.001079
0.09279
0.0161523
0.00200331
0.0286232
0.00186578
0.0318356
0.0204959
0.0124471
0.00469141
0.027153
0.0226807
0.0115952
0.015683
0.0190926
0.0159547
0.00164321
0.00545319
0.0366826
0.0294412
0.0217987
0.00275082
0.0104343
0.0682823
0.00360302
0.0290127
0.015291
0.00178127
