0.000973201
0.000274042
0.000867655
0.00176162
0.00104051
0.00794563
0.00187146
0.00110642
0.00154403
0.000746525
0.00193984
0.00175777
0.00277199
0.00123685
0.000637738
0.00084671
0.0013104
0.00124067
0.00131443
0.00165157
0.00110433
0.000596979
0.000529935
0.000391248
0.00130692
0.00281896
0.000343686
0.00374761
0.00124188
0.000890495
0.0035147
0.00139094
0.00218058
0.0013266
0.00222877
0.00081682
0.000159525
0.000269666
0.000585286
0.000925239
0.00178993
0.00183946
0.000775578
0.000250505
0.000244198
0.00138418
0.0033461
0.00175565
0.00197054
0.00121131
0.00340238
0.00619463
0.00345855
0.00259411
0.00175006
0.0023295
0.000474065
0.00169
0.000798095
0.000801259
0.00131583
0.00101955
0.00153765
0.00260304
0.000996729
0.00185218
0.00108786
0.00118479
0.000327578
0.00148441
0.00206621
0.000173322
0.00135602
0.00263754
0.00195715
0.00137604
0.000841511
0.0011441
0.00295274
0.0010458
0.00111543
0.000629294
0.00129654
0.000745079
0.000389305
0.00151395
0.000410809
0.00159641
0.00049498
0.00126168
0.00200148
0.00163404
0.000363164
0.00228609
0.000309815
0.000957115
0.00015584
0.000894065
0.000321791
0.000915796
0.00190581
0.00204092
0.00336137
0.00149856
0.00226174
0.000308569
0.000890987
0.00106952
0.000998724
0.0007722
0.00228277
0.000557408
0.00365174
0.00118933
0.000906414
0.00155355
0.00143231
0.00143384
0.001114
0.00153632
0.000776735
0.000280179
0.00070162
0.00147551
0.000859825
0.00142129
0.0011952
0.00326867
0.00187531
0.000832714
0.00134602
0.000855227
0.00363359
0.000676249
0.00173212
0.00197762
0.0021502
0.000185081
0.00115225
0.00155047
0.00082749
0.000732131
0.000337988
0.00121916
0.000968868
0.00134908
0.000779068
0.000431528
0.000941951
0.00195103
0.000847502
0.00119376
0.000721519
0.000772557
0.000822021
0.000845534
0.00100838
0.00171168
0.0199956
0.00171157
0.00102551
0.000787255
0.00196422
0.000913296
0.000878519
0.000636122
0.00182075
0.000984486
0.0013016
0.00315864
0.000699621
0.000878723
0.000696489
0.00210461
0.00170051
0.00137709
0.000582436
0.000953004
0.000442544
0.00122243
0.00254173
0.0022163
0.00197725
0.00074287
0.000208284
0.00186666
0.00179503
0.000648404
0.000541376
0.00112685
0.00246659
0.00208358
0.0012914
0.000350304
0.000887747
0.0012349
0.00213906
0.00146278
0.00343259
0.00116446
0.0046492
0.0025309
0.00112192
0.000718539
0.00461063
0.00133218
0.00210963
0.000684558
0.000301547
0.00284089
0.00123998
0.000999604
0.00175146
0.0017946
0.00128385
0.00170695
0.0017115
0.00275889
0.00109604
0.00402741
0.000927873
0.00186245
0.00148724
0.00216542
0.000795227
0.00372337
0.0013653
0.000578238
0.000584873
0.00269825
0.000644375
0.00115408
0.00102079
0.00138808
0.00281317
0.000577762
0.00183791
0.00112417
0.00172236
0.00227936
0.001089
0.00222055
0.000894345
0.000975651
0.000822822
0.00143645
0.000804641
0.00146412
0.00106669
0.000257217
0.000152503
0.00132851
0.00141037
0.000960499
0.000331401
0.00173133
0.00137722
0.00171377
0.00174018
0.000672256
0.000770376
0.00119855
0.000237131
0.00124397
0.000175044
0.000422841
0.00144545
0.000534562
0.00178336
0.00160389
0.00281333
0.00143384
0.00100791
0.00111398
0.00130644
0.000729726
0.00218552
0.000818988
0.00140048
0.00107922
0.00079166
0.000883895
0.00105853
0.000968015
0.00149279
0.00124474
0.000189976
0.000923048
0.00196044
0.000805139
0.000274031
0.000523835
0.00142794
0.000954509
0.0010132
0.000687322
0.000874611
0.00145403
0.000704334
0.000299016
0.00115414
0.00101678
0.00101358
0.000586902
0.00579282
0.00187377
0.00260561
0.000568722
0.0031138
0.00407852
0.00148075
0.000827713
0.00237455
0.00065055
0.00129174
0.000874867
0.00250267
0.00102513
0.00123712
0.00220252
0.0023286
0.00399931
0.000761172
0.000933005
0.001223
0.000807508
0.0010751
0.000601655
0.000800894
0.00202477
0.000626582
0.00422471
0.00432877
0.00107462
0.00138904
0.00156426
0.000718066
0.00186379
0.000525562
0.0013804
0.00122092
0.000566749
0.00114171
0.000750038
0.00165739
0.00440065
0.000414373
0.000797238
0.00117799
0.000765482
0.000845611
0.000437185
0.00112843
0.00094939
0.001104
0.000892902
0.0010932
0.00236562
0.00158126
0.00152588
0.00086166
0.000671699
0.00168846
0.00260862
0.00113023
0.00089287
0.000818383
0.000461441
0.00121664
0.00123185
0.00276653
0.00109279
0.00115763
0.00134059
0.000841559
0.00156835
0.000930547
0.000994952
0.000466239
0.00073894
0.000274028
0.00155031
0.00168804
0.00289054
0.00125966
0.0011085
0.00320825
0.00329218
0.000357403
0.00386581
0.000467716
0.000687474
0.00209081
0.000245604
0.00219037
0.000276181
0.00142265
0.00180879
0.00113007
0.00243097
0.00193475
0.00082869
0.00118888
0.0020036
0.00124262
0.000585608
0.00192851
0.00325242
0.000955903
0.00175196
0.0013864
0.000876366
0.00166416
0.00159584
0.000328877
0.00120408
0.00072113
0.00117835
0.00214422
0.000810464
0.00105069
0.000700895
0.000716874
0.000824187
0.00441092
0.000185238
0.001381
0.00155097
0.00153456
0.000911567
0.0010557
0.00102379
0.00117684
0.00184074
0.0011871
0.000833256
0.00144896
0.00496578
0.00103642
0.00160013
0.00139304
0.000687748
0.00140458
0.00171513
0.00141517
0.000518291
0.00165588
0.000835623
0.00272019
0.0015059
0.000708521
0.00178024
0.00118465
0.00106483
0.00190242
0.000495744
0.000944599
0.000589705
0.00117998
0.00109725
0.00109561
0.00122418
0.000945289
0.00078195
0.000856025
0.00115046
0.00213791
0.00109991
0.000947115
0.000685611
0.00139341
0.000824924
0.0009357
0.000674659
0.00170943
0.00136365
0.00115172
0.00113452
0.00141909
0.00517325
0.00139853
0.00112949
0.00169501
0.000748346
0.000679153
0.000961107
0.00168967
0.00170394
0.000778683
0.00098231
0.00211379
0.00125712
0.00170958
0.0013137
0.00173696
0.000772287
0.00162559
0.00143299
0.00125676
0.00128035
0.000532269
0.00116919
0.000880103
0.00237785
0.00228921
0.000699851
0.000945515
0.00163579
0.00187982
0.000463186
0.00616596
0.000984571
0.00123392
0.000918118
0.000270536
0.000826234
0.00166284
0.000470409
0.000650064
0.00123531
0.00202669
0.000804771
0.000812338
0.00138645
0.00134069
0.00124684
0.00139719
0.000808188
0.000995612
0.0041825
0.00236119
0.000781526
0.00181671
0.000221555
0.000623524
0.00160817
0.000532918
0.00266365
0.00172156
0.00856249
0.00774431
0.000599062
0.00166093
0.00210042
0.00129963
0.000431018
0.000146076
0.00104426
0.00101544
0.00141492
0.00201603
0.000390178
0.00146885
0.00109948
0.0012582
0.00201442
0.000433367
0.00113958
0.00241836
0.000882166
0.00157567
0.000789363
0.00319114
0.00187242
0.00258386
0.000891561
0.00108772
0.000606494
0.000540771
0.00147766
0.00223043
0.00157316
0.00305259
0.00137516
0.000740772
0.000743505
0.00111554
0.00117035
0.000338905
0.00184974
0.00152173
0.00142114
0.000698333
0.000591305
0.000691666
0.0017865
0.00126784
0.000862734
0.00114532
0.000506499
0.00150496
0.00355021
0.00113526
0.000322966
0.00277893
0.00178718
0.00110517
0.00153131
0.00115742
0.00166616
0.00100966
0.000929007
0.000992978
0.00301242
0.00126356
0.00135991
0.000942948
0.0012404
0.0020044
0.00108729
0.000487165
0.00296532
0.000728476
0.00193408
0.000881296
0.00192511
0.00175164
0.000990384
0.000610956
0.00122103
0.00097612
0.00193547
0.000911876
0.000688562
0.000896334
0.00392857
0.00100065
0.000626887
0.000992498
0.00161991
0.00074717
0.00042278
0.00211844
0.00540337
0.00194537
0.0026908
0.00166906
0.00181161
0.000818447
0.00291527
0.00128298
0.00088083
0.000661484
0.00183606
0.000935525
0.00105628
0.0016038
0.000767341
0.00354993
0.00173366
0.000688822
0.000716903
0.00169678
0.00123904
0.0012024
0.00214684
0.000944731
0.00121113
0.00159177
0.000555107
0.00115049
0.00156563
0.00134053
0.00139965
0.00196246
0.000954753
0.000557532
0.00142008
0.00135582
0.00157726
0.00162764
0.000481583
0.000985922
0.0042739
0.00132736
0.0011903
0.00413978
0.000593754
0.00187531
0.00382145
0.00247138
0.00144869
0.00136009
0.00138784
0.00183327
0.000848914
0.000588942
0.000991647
0.000745436
0.00204062
0.000720095
0.0017415
0.00228662
0.00321144
0.00149224
0.00198163
0.00181468
0.00216294
0.0012822
0.000681212
0.00132271
0.00274243
0.000832993
0.00284182
0.000339168
0.00124431
0.0002969
0.00129884
0.000623945
0.00130032
0.000769609
0.00208324
0.000967854
0.000961728
0.0019534
0.00125639
0.000705641
0.00105651
0.00125279
0.000917667
0.0011808
0.000291433
0.000721658
0.00136601
0.00143235
0.00121008
0.000687597
0.00020576
0.00124687
0.000687063
0.000766229
0.000760056
0.00246959
0.00167822
0.000709443
0.00129139
0.000216478
0.0013079
0.00156216
0.000925938
0.000452198
0.0013683
0.000856458
0.00182657
0.00142369
0.000547035
0.000514589
0.00154774
0.00131055
0.000984548
0.000910339
0.000488942
0.00152808
0.00188392
0.000842297
0.000604889
0.000673442
0.000563049
0.00191339
0.000924646
0.002559
0.00112399
0.000748262
0.000417116
0.000496296
0.000824649
0.00102165
0.00212089
0.00186036
0.000918315
0.00202876
0.000814549
0.00221749
0.00124357
0.00104077
0.000382156
0.00077183
0.00093272
0.00538816
0.0016837
0.00304758
0.000937683
0.00184052
0.000703917
0.00130903
0.0011651
0.00149591
0.00159528
0.00140849
0.000491423
0.00297359
0.00109704
0.00235769
0.00195375
0.00133036
0.000635337
0.000701069
0.00122134
0.000842892
0.000611164
0.000940585
0.00120184
0.0016476
0.000803622
0.0010558
0.00182254
0.00159576
0.000191695
0.00115329
0.00129934
0.00317921
0.00253478
0.00118776
0.000652972
0.00101714
0.000890313
0.00194075
0.00104176
0.0015211
0.00338568
0.00103399
0.000834985
0.000492552
0.00157205
0.00090829
0.000452559
0.000845796
0.000943905
0.000636114
0.000851813
0.00175142
0.00123496
0.00143923
0.00118917
0.00239174
0.00294531
0.00179864
0.000662223
0.00304788
0.0014239
0.0006347
0.00031341
0.00389012
0.000865737
0.00712674
0.00143209
0.00268025
0.00269834
0.000455075
0.00104115
0.000947006
0.00110444
0.00204167
0.00162915
0.000705408
0.00192912
0.00934871
0.00121598
0.00182695
0.00100581
0.000896904
0.00041686
0.00123643
0.00136537
0.00134967
0.00119626
0.00142575
0.00296852
0.00146442
0.00101997
0.000664006
0.000379457
0.00115743
0.001699
0.00049997
0.000639742
0.00173224
0.00183463
0.00140043
0.00117233
0.00165194
0.00119302
0.00193554
0.00159901
0.00153578
0.00146434
0.00101821
0.00277766
0.00195785
0.00166443
0.00118191
0.000938485
0.000372941
0.000628217
0.00172026
0.00100233
0.00249102
0.00464504
0.001372
0.00137032
0.000453957
0.00178166
0.000932675
0.00135654
0.00373417
0.0045131
0.000725442
0.000842625
0.00145843
0.00244861
0.00112032
0.00119074
0.00129966
0.000590372
0.000993654
0.000281549
0.000393499
0.000443374
0.000853061
0.000729536
0.000252254
0.0013597
0.000589891
0.00100108
0.0010831
0.000695016
0.000932007
0.000518714
0.000829881
0.00307256
0.00148103
0.00132172
0.000930416
0.00115888
0.000638718
0.000914542
0.00203258
0.000914629
0.000686838
0.0018272
0.00129633
0.00139522
0.000986675
0.00144025
0.000156637
0.00263003
0.00140842
0.000744026
0.000744132
0.00298552
0.000393143
0.000456878
0.00171593
0.00140404
0.00163168
0.00111433
0.0026177
0.00222809
0.00131116
0.000184189
0.00887631
0.000549497
0.00107432
0.00320348
0.00079478
0.00070262
0.00273197
0.000847264
0.00626369
0.000553569
0.000946687
0.00284028
0.00142502
0.00203921
0.000770433
0.00115293
0.00395215
0.00143119
0.00127911
0.00055626
0.000787731
0.00130047
0.000895363
0.00175391
0.000184727
0.00204198
0.00126227
0.000471887
0.00228942
0.00222099
0.00190275
0.000146755
0.000987188
0.0010645
0.000526016
0.00115222
0.000820155
0.000755691
0.000611566
0.00360805
0.0054546
0.000741406
0.00178515
0.00216376
0.000648892
0.000941302
0.00191968
0.000566312
0.000577522
0.00236287
0.0013017
0.000453462
0.00102525
0.00023809
0.00127
0.000406194
0.00199154
0.000968767
0.0012436
0.00145741
0.000213636
0.00132651
0.000494034
0.000758608
0.000933959
0.00059345
0.000638478
0.0012906
0.00125645
0.00123347
0.000913083
0.0020214
0.00121977
0.00147545
0.000783528
0.00037456
0.00064588
0.00184402
0.00118216
0.00161548
0.00109814
0.00285059
0.00111954
0.00121947
0.000932321
0.000672149
0.00127617
0.00104913
0.000619391
0.000633791
0.000764486
0.00134765
0.000982352
0.00521285
0.00164611
0.000996685
0.00101466
0.00138035
0.00174757
0.000321498
0.000991587
0.00187594
0.00369846
0.000706242
0.00243345
0.00174863
0.00138226
0.000492829
0.00222532
0.00096584
0.00127733
0.00201872
0.00174346
0.000473022
0.00154575
0.000644329
0.00365169
0.0028273
0.00211019
0.00139837
0.00260296
0.00131096
0.000798131
0.000617438
0.00263777
0.00205181
0.00140159
0.00136644
0.00110095
0.00103244
0.00066941
0.00122659
0.00186658
0.00101432
0.00108427
0.000359631
0.00109418
0.000813864
0.00167981
0.00141927
0.00121271
0.00132472
0.00122137
0.0008848
0.00120064
0.00152997
0.00101681
0.00148599
0.00331484
0.0016242
0.00125398
0.000628731
0.00120445
0.00524147
0.000964812
0.00258062
0.00131103
0.000609817
0.000772882
0.00177306
0.00112139
0.000841558
0.0014431
0.00166006
0.0011567
0.00170668
0.00338478
0.00115613
0.000696341
0.00471796
0.00128787
0.00126545
0.00137928
0.000300063
0.00156319
0.00094201
0.00107536
0.00160425
0.00128984
0.000977173
0.000920451
0.000989584
0.00100452
0.00138632
0.00199477
0.00129604
0.00111585
0.00139485
0.00275217
0.00155614
0.00199321
0.000866003
0.00185399
0.000572081
0.00193347
0.00446761
0.00163309
0.000844542
0.000557498
0.000865209
0.000555322
0.00147429
0.000699695
0.000882616
0.00183093
0.000608978
0.00102038
0.00224929
0.000268171
0.0012576
0.00074231
0.00130623
0.0010474
0.000272587
0.00172745
0.000533934
0.00101243
0.000678411
0.00269309
0.00300385
0.00242701
0.001547
0.0013567
0.00119951
0.000856418
0.00106879
0.00141713
0.00187654
0.000812955
0.00121251
0.00114928
0.000847873
0.00107306
0.000765596
0.000951469
0.000286994
0.00247629
0.00607302
0.00139635
0.00155642
0.00103131
0.00142607
0.00124456
0.00116155
0.00125345
0.000646057
0.00192927
0.00099732
0.000962065
0.00446282
0.00130815
0.000188174
0.000276237
0.000472396
0.000419295
0.000933435
0.00144583
0.00102842
0.00157195
0.00216842
0.00135472
0.00126412
0.00124224
0.000471825
0.000785054
0.00149562
0.00113786
0.00125705
0.00110484
0.00210564
0.00374441
0.00095635
0.0012464
0.000175274
0.00105798
0.00136308
0.00145089
0.00284383
0.00118703
0.00163696
0.00192315
0.00143499
0.00098977
0.000884428
0.00409635
0.00186011
0.000578555
0.000989628
0.000371402
0.000739441
0.00160267
0.000629336
0.00101813
0.0022253
0.000971526
0.00101657
0.000982744
0.00072706
0.00199655
0.000774081
0.00077755
0.00151234
0.00204875
0.00129011
0.000437843
0.00172259
0.00157578
0.00171559
0.000872835
0.00115036
0.00416351
0.0027624
0.0020218
0.000900085
0.000945577
0.00355868
0.00176209
0.000893106
0.000702668
0.000749636
0.000880889
0.000632249
0.00130238
0.000632496
0.00117302
0.000835791
0.00155623
0.00177075
0.00142899
0.000832694
0.00164782
0.000457442
0.000485087
0.00244585
0.000990226
0.00165125
0.00237502
0.000384439
0.00152541
0.00106901
0.000599724
0.00122709
0.0013974
0.000898828
0.000563216
0.000748033
0.000993778
0.00149937
0.00137318
0.00100627
0.00168321
0.00141426
0.000514524
0.00264344
0.000796757
0.00197895
0.00129452
0.00181566
0.00129068
0.00179464
0.00213507
0.00117308
0.00171312
0.00160789
0.00130854
0.00879509
0.00642694
0.000590719
0.00118705
0.00242564
0.000438276
0.00149506
0.000477477
0.00205237
0.000757887
0.000706724
0.000737112
0.000567579
0.000716005
0.00437819
0.0011034
0.00103054
0.00163295
0.00194718
0.000891472
0.000228899
0.000667038
0.00158182
0.000602762
0.00110413
0.00106394
0.00196516
0.0017373
0.00136644
0.00169833
0.000553804
0.000592255
0.000617345
0.00552323
0.000400408
0.00105947
0.00148094
0.000716847
0.00248456
0.00100846
0.00072078
0.000453032
0.0012708
0.000991659
0.000842405
0.00148949
0.00292369
0.00159502
0.00122825
0.00253845
0.00113615
0.000988887
0.000384741
0.000429203
0.000403411
0.000639055
0.00102812
0.000741676
0.0010268
0.00148949
0.0002973
0.00176781
0.000590816
0.00129551
0.0034389
0.00131352
0.000524525
0.000694993
0.000880118
0.000407952
0.00165354
0.00438645
0.000813955
0.000871144
0.000816446
0.000323818
0.00403007
0.000305214
0.000513878
0.000471071
0.00657964
0.000740946
0.00109987
0.0033
0.00122373
0.000516131
0.0013137
0.00104645
0.003012
0.000477626
0.000469593
0.00119235
0.00135559
0.00187196
0.000835619
0.0017457
0.000749498
0.000931864
0.000632466
0.000839899
0.00441352
0.000804169
0.00112984
0.000259083
0.000503831
0.00130765
0.00299837
0.000515114
0.000933631
0.00054612
0.00261316
0.000909741
0.002785
0.00110566
0.000822124
0.00151207
0.00170532
0.00125908
0.00226661
0.00144905
0.0061688
0.00142021
0.00469278
0.0106009
0.000717381
0.000919005
0.00106581
0.00181503
0.000944413
0.00471665
0.000345471
0.00184225
0.000605898
0.000805833
0.000515807
0.000891922
0.00109897
0.000506355
0.000991056
0.00174341
0.005816
0.00171426
0.000665538
0.00152321
0.0034682
0.00121462
0.000960924
0.00178258
0.000335568
0.000565595
0.000896552
0.000148727
0.00219203
0.00397979
0.00101515
0.000361653
0.00178921
0.00145152
0.000874639
0.00113575
0.0015238
0.000606638
0.00280428
0.00137487
0.000335366
0.00100238
0.00221123
0.000717309
0.0014422
0.0134533
0.000593791
0.00292632
0.00315193
0.00203416
0.00116055
0.00119383
0.00139298
0.00116851
0.0010024
0.00116164
0.000684108
0.000924519
0.000319176
0.000879228
0.00654676
0.000422087
0.000673387
0.00139527
0.000610417
0.0011674
0.0017698
0.00126343
0.00107753
0.000971785
0.00112561
0.000603301
0.00070985
0.000969283
0.000895494
0.00330081
0.00665652
0.00153509
0.00160385
0.00109693
0.000975339
0.00666414
0.00157276
0.000809802
0.00111941
0.000715065
0.000551273
0.0016067
0.00560015
0.00368994
0.00133016
0.000937599
0.00192791
0.00262623
0.00231979
0.000688596
0.00164933
0.00147627
0.00151308
0.00104814
0.000511015
0.00440869
0.00105754
0.000629868
0.000952664
0.00148357
0.00549772
0.0012927
0.000849426
0.000150904
0.000719013
0.00288615
0.00254589
0.00114793
0.00274287
0.00340433
0.00066825
0.00556223
0.000525617
0.00196351
0.00082981
0.000977548
0.00112169
0.000361405
0.00191376
0.00146805
0.00088714
0.00184749
0.00237855
0.00147319
0.00105985
0.00198401
0.00140862
0.000816562
0.000850147
0.000557164
0.0011793
0.00443059
0.000870301
0.000242384
0.000877935
0.00203585
0.000821337
0.00114643
0.00111989
0.00165501
0.00107716
0.000579007
0.00106721
0.00113853
0.00107739
0.000463408
0.000915607
0.000918432
0.0011478
0.000564302
0.000958856
0.00146352
0.00179551
0.00125117
0.000667599
0.000588336
0.00244366
0.0021723
0.000177817
0.00126388
0.000323781
0.00153448
0.00184249
0.00149854
0.0016283
0.00124075
0.000244115
0.00483609
0.000937462
0.000425012
0.00297085
0.000206087
0.00125595
0.00152039
0.00129766
0.00169276
0.000745849
0.00134665
0.000718971
0.000181741
0.00147553
0.000893532
0.00213051
0.00244543
0.000350846
0.000875208
0.00150057
0.000292464
0.00072279
0.000817537
0.0018811
0.00207731
0.00139484
0.000499422
0.00168088
0.00126024
0.000662261
0.00361398
0.00085991
0.000170867
0.000657437
0.00162031
0.00173029
0.000647437
0.00100205
0.00135693
0.00189352
0.00147832
0.00192294
0.000913285
0.000193333
0.00295936
0.000413868
0.000515869
0.00204799
0.000927223
0.00121932
0.00133613
0.0017458
0.00113486
0.00136428
0.00159222
0.00264432
0.00117807
0.00107921
0.00208521
0.00119454
0.00105955
0.000883678
0.0010331
0.000915575
0.000650231
0.000428707
0.000310668
0.000457861
0.00156687
0.000541988
0.00166198
0.00163684
0.00234383
0.00170832
0.00209614
0.000634022
0.000449827
0.00171423
0.00146053
0.00500389
0.00184813
0.00170774
0.000642494
0.000824752
0.00230328
0.000537656
0.000866618
0.00117317
0.000647819
0.00293037
0.000814192
0.00113379
0.00234026
0.00199891
0.000684643
0.000411855
0.00101775
0.00306838
0.00159814
0.00152604
0.00149468
0.0008163
0.00140583
0.00134727
0.000367177
0.000655511
0.00137958
0.0025652
0.00195324
0.001766
0.00129571
0.00155946
0.00271371
0.00113786
0.000846501
0.000682019
0.000909686
0.00911714
0.00250401
0.00109774
0.00648108
0.0014371
0.000395499
0.00158952
0.00118681
0.000492943
0.000697542
0.00109385
0.000351404
0.00130788
0.00249795
0.0023545
0.00113567
0.00191839
0.00105972
0.00128668
0.000406903
0.00159365
0.00121035
0.000530901
0.00221414
0.00116613
0.00134189
0.00125989
0.00108535
0.00200671
0.00180805
0.000722058
0.00108517
0.00200521
0.00153925
0.000923526
0.00119928
0.00134108
0.000561704
0.00147742
0.0034399
0.0020606
0.00104389
0.00179271
0.0020015
0.00140202
0.0023509
0.000888487
0.00273271
0.0013867
0.000775095
0.000671178
0.00069112
0.00129915
0.00202622
0.00200201
0.000706845
0.000568161
0.000607354
0.00127645
0.00165509
0.00131138
0.00154374
0.00148575
0.000475191
0.00197088
0.000712997
0.000583191
0.000583691
0.000551545
0.00154595
0.00134348
0.000990886
0.000913604
0.00168878
0.00175618
0.000991606
0.000501493
0.00139815
0.00211364
0.0021198
0.002064
0.000757869
0.00101652
0.00164357
0.00113285
0.000875574
0.000710937
0.00224151
0.0015152
0.00176145
0.00132649
0.000744246
0.0033681
0.00114779
0.00164913
0.00167707
0.00110059
0.00144892
0.00152664
0.00163606
0.000339143
0.000995509
0.00118157
0.000300038
0.000477802
0.00142752
0.0017081
0.000908315
0.00121253
0.00182336
0.00201115
0.000396829
0.00101131
0.000959451
0.00248277
0.00168426
0.00081494
0.00116177
0.00265949
0.00144213
0.00178596
0.00242148
0.000978242
0.000824118
0.00134982
0.00106052
0.000482546
0.00177508
0.00294378
0.00134443
0.000778644
0.00100873
0.000290232
0.000361717
0.00195796
0.00100436
0.000779143
0.00358383
0.000855341
0.00332275
0.00127625
0.00062044
0.00151923
0.000790289
0.000887115
0.00248959
0.00119082
0.000502943
0.0010762
0.00214147
0.00107347
0.000874413
0.00137269
0.000841863
0.002075
0.00193667
0.00121188
0.00240861
0.000628668
0.00153128
0.001466
0.00103642
0.00111456
0.003487
0.000782139
0.00288905
0.00142276
0.00135736
0.00186124
0.00121274
0.000962949
0.0016713
0.000491935
0.000777001
0.000792223
0.00459954
0.0017112
0.00124414
0.00151627
0.001066
0.00173759
0.000646496
0.00174396
0.000890473
0.00173951
0.000708421
0.00149811
0.000724848
0.00145278
0.0021766
0.0011214
0.00148777
0.000433854
0.00130082
0.000656936
0.00227048
0.000781387
0.000416003
0.000934134
0.000757626
0.00165197
0.000980409
0.000464952
0.00201261
0.0031301
0.00137567
0.000661092
0.00291708
0.0013644
0.000350796
0.00150425
0.00142138
0.00225006
0.00166019
0.000297395
0.00226844
0.000996098
0.00135143
0.0011436
0.00211292
0.00140602
0.00248112
0.00121121
0.000777907
0.00125826
0.00231032
0.00121822
0.000610523
0.00066567
0.00189041
0.00103643
0.000804486
0.00133477
0.00189027
0.000475231
0.00153543
0.00129394
0.00174142
0.000689848
0.000173088
0.000945922
0.00118673
0.000913302
0.00105872
0.000732582
0.000368057
0.000854887
0.000627684
0.00159914
0.00144009
0.00026649
0.000652771
0.00146107
0.00116016
0.00163083
0.000473863
0.00159035
0.00149914
0.000263299
0.0013064
0.000679571
0.000885676
0.00106712
0.0014854
0.00125549
0.00138567
0.000610732
0.000666663
0.00043513
0.00240756
0.00249713
0.00091793
0.00153244
0.000777047
0.000682031
0.000943598
0.00062949
0.001504
0.00189333
0.000764115
0.00151489
0.000292004
0.00169553
0.00122338
0.00532255
0.000558876
0.0198131
0.00262689
0.00133767
0.00157837
0.00142994
0.0014145
0.00185501
0.000719494
0.000852766
0.000880297
0.000739084
0.000641578
0.00117037
0.00163122
0.00162866
0.00175663
0.000959819
0.000870677
0.0022219
0.000852863
0.000919564
0.0004098
0.00136395
0.0028976
0.00118517
0.00232663
0.000765435
0.000637982
0.00208143
0.000908324
0.000776887
0.000477012
0.00123736
0.000586075
0.00132336
0.000929716
0.00127485
0.00139087
0.000310636
0.00103998
0.00042628
0.00119073
0.000647315
0.00163906
0.0041903
0.000915538
0.00140442
0.000999434
0.00166127
0.000669878
0.00130774
0.00118614
0.00106957
0.00229891
0.000755606
0.00172608
0.00625757
0.000817893
0.00929664
0.00225276
0.00338792
0.000911101
0.00392449
0.00194517
0.00485269
0.000547578
0.000549705
0.00190349
0.00143279
0.00101883
0.00555226
0.000591771
0.000976337
0.00189358
0.000674045
0.000892229
0.000589376
0.000474955
0.00175841
0.000697514
0.0016606
0.000790402
0.00131635
0.00151073
0.00104621
0.000311347
0.00060427
0.00199159
0.00139007
0.00237305
0.000959005
0.00286871
0.000938685
0.000215619
0.000408443
0.00346295
0.00102897
0.00145789
0.000779544
0.0022278
0.00106534
0.000347507
0.00151373
0.00114888
0.000774717
0.000881489
0.00144698
0.000806746
0.000633774
0.00180663
0.00135988
0.00132092
0.000710403
0.000801508
0.00162189
0.00171012
0.00123887
0.00177014
0.00195734
0.00183993
0.000749884
0.00151564
0.00187908
0.00108773
0.00253903
0.0008195
0.00145986
0.000882964
0.00115971
0.000618165
0.00115446
0.00127792
0.00181824
0.00210179
0.0012691
0.00222188
0.00120507
0.000959749
0.000353141
0.00173068
0.000622545
0.0021746
0.000601468
0.000682884
0.00275357
0.00128464
0.00201493
0.00226107
0.000291326
0.00104877
0.00118057
0.00314331
0.00103153
0.00141819
0.0011613
0.00116826
0.00144811
0.00146496
0.00106547
0.000571125
0.00289101
0.00174733
0.00158091
0.00115716
0.000493285
0.000546034
0.000703085
0.00131285
0.0015437
0.00112797
0.000920478
0.000888226
0.00033852
0.00236913
0.00189228
0.000407255
0.00115332
0.000923787
0.00198203
0.00246964
0.00201855
0.00109473
0.00109635
0.000908748
0.00100633
0.00154094
0.0011234
0.00318429
0.00121385
0.00191155
0.00135206
0.000306918
0.0027495
0.00166456
0.00290551
0.0033634
0.00109648
0.00347449
0.00111173
0.00182193
0.000785537
0.00132072
0.00248636
0.0010828
0.0015753
0.00150916
0.00120631
0.00208267
0.00193764
0.00109081
0.00115567
0.000870374
0.000894322
0.000616988
0.00182587
0.00116295
0.00122958
0.00081847
0.00198168
0.000670072
0.00227062
0.00158631
0.000699996
0.00141347
0.000433151
0.00123415
0.00199855
0.00101011
0.00110756
0.000954569
0.000977631
0.00149087
0.000921588
0.000882718
0.00164023
0.00194693
0.000353669
0.000284562
0.000499147
0.00194388
0.000604154
0.00178576
0.0038058
0.00160287
0.00220863
0.000894479
0.00387023
0.000616819
0.000543352
0.00229439
0.00118446
0.000386023
0.00183659
0.00104667
0.000533371
0.000990288
0.00197862
0.000846608
0.000293378
0.000603993
0.00116305
0.000831191
0.000790569
0.00173264
0.00137719
0.000755522
0.0017721
0.00182612
0.00130943
0.000777395
0.00106983
0.000840119
0.00151915
0.000354808
0.00139061
0.00128735
0.000952525
0.00205614
0.000775809
0.000490894
0.00116949
0.000813695
0.00131266
0.00187264
0.00119813
0.00117926
0.00118684
0.00128151
0.00072329
0.00522753
0.00111707
0.00134635
0.000789515
0.00144451
0.00135819
0.00077184
0.00134613
0.000523302
0.0012336
0.00124206
0.00399934
0.00207773
0.00189925
0.000456513
0.0019408
0.0011693
0.00145687
0.000585304
0.000223152
0.00170134
0.000278953
0.00143213
0.000863383
0.000349281
0.00166488
0.00152396
0.00129086
0.00230536
0.00159069
0.000834604
0.00104549
0.00089062
0.00108479
0.000415677
0.00101945
0.000468861
0.0016095
0.000978594
0.00208163
0.000550135
0.000395369
0.00450195
0.000791496
0.00295282
0.00431912
0.0004033
0.00230026
0.00104913
0.00159157
0.000846183
0.00144274
0.00122575
0.00309097
0.00105466
0.00164418
0.0019034
0.00260597
0.000800008
0.00111288
0.00163456
0.00143287
0.00177824
0.00162502
0.00214234
0.00166227
0.000671076
0.00142977
0.00111911
0.000562478
0.0020765
0.000744831
0.000879727
0.000398688
0.0036497
0.0018311
0.000640357
0.0013522
0.000499237
0.00163881
0.000624274
0.00197769
0.00109354
0.00133838
0.000891463
0.00196396
0.00147293
0.0013739
0.00100462
0.0017445
0.000835679
0.000690128
0.00247689
0.00116046
0.00121019
0.0011759
0.0015238
0.00552895
0.00171019
0.00113182
0.00285866
0.00193931
0.00100578
0.000771776
0.000389811
0.00116248
0.00353381
0.00106247
0.0122645
0.00202809
0.00134923
0.000893192
0.0027346
0.0018016
0.000875531
0.00103553
0.00108664
0.000311202
0.00154881
0.00100214
0.00202049
0.0017589
0.00052621
0.002873
0.00140672
0.0030379
0.00144625
0.00197783
0.000785743
0.00124417
0.000746804
0.00286011
0.000817524
0.0015423
0.000832692
0.00107078
0.00183076
0.000317533
0.00053584
0.00554675
0.000849853
0.000491088
0.0058346
0.000537293
0.00153658
0.00250772
0.00231179
0.000969549
0.00192323
0.0011251
0.00138029
0.000925603
0.000675237
0.00117023
0.00271446
0.00114113
0.000906378
0.00131253
0.0019623
0.00113844
0.000601909
0.00194521
0.00300077
0.000750185
0.00119377
0.00187015
0.00151927
0.000817807
0.000859736
0.00203599
0.000846283
0.00122968
0.00175659
0.00353816
0.00222618
0.00303645
0.00146229
0.00108681
0.000302665
0.00190336
0.00876519
0.00150579
0.0128661
0.000421623
0.000471519
0.000923421
0.000762145
0.00151577
0.00147738
0.000363755
0.000350029
0.00040178
0.00104615
0.0014042
0.000553595
0.00040556
0.00168361
0.000824934
0.000404507
0.000562563
0.0021085
0.000952674
0.00110142
0.000766382
0.000689728
0.00166909
0.00164175
0.000764102
0.00123313
0.000846005
0.000817036
0.000579427
0.000916037
0.00233843
0.000697328
0.000551053
0.00167407
0.000983774
0.000587708
0.0013783
0.000151779
0.000403715
0.00050382
0.000572367
0.00318527
0.00270873
0.0025618
0.00249995
0.00131071
0.000621676
0.00131611
0.000506496
0.00169348
0.00105139
0.00115497
0.00130362
0.000689095
0.000777952
0.000837499
0.00164145
0.00065285
0.00104761
0.00100192
0.00194263
0.00153676
0.00089883
0.000986124
0.00280237
0.00103852
0.00156379
0.000857736
0.00115816
0.00123397
0.00174512
0.00100722
0.00163912
0.00116551
0.00109013
0.00133655
0.00177446
0.0012867
0.00128621
0.0025713
0.000309983
0.00138095
0.000279774
0.000789992
0.000993444
0.000591621
0.00171615
0.00225605
0.00168585
0.00125356
0.0013066
0.000612928
0.00109969
0.00179833
0.00171152
0.00205962
0.000741047
0.00139997
0.00123465
0.000225315
0.000728545
0.000412708
0.000361931
0.00106538
0.00047482
0.00159425
0.00375732
0.00155744
0.00131751
0.00141652
0.00123017
0.000859726
0.00116797
0.00168219
0.00207834
0.001162
0.0015449
0.000613535
0.000372177
0.00244467
0.00049122
0.00100909
0.00418106
0.00182998
0.00221937
0.000846004
0.0041035
0.00157542
0.00171578
0.00131829
0.000476755
0.000361668
0.000955226
0.000590721
0.000806924
0.000312934
0.000933848
0.00026673
0.00101234
0.000620226
0.000159754
0.00144593
0.00163538
0.0014959
0.00349628
0.00163519
0.000897363
0.00141957
0.00108962
0.00279073
0.00250322
0.00459201
0.00168022
0.00157449
0.000982034
0.00150493
0.00156527
0.000945297
0.00153189
0.00104609
0.00107614
0.000229778
0.000658459
0.0015342
0.00179007
0.00212614
0.00188713
0.000693906
0.00261444
0.000718809
0.000535634
0.000569743
0.000453809
0.00139006
0.00061246
0.000989209
0.000274906
0.00672908
0.00177856
0.000534002
0.000525775
0.00154168
0.000547088
0.00160628
0.000863937
0.00142645
0.000982578
0.00142427
0.00164169
0.00170454
0.000595308
0.00144189
0.00179483
0.000496129
0.000852622
0.00106687
0.000914215
0.000983849
0.00220279
0.00168718
0.000994697
0.000669595
0.00236654
0.00215175
0.00139059
0.00029405
0.0175674
0.000934909
0.000742403
0.00160557
0.00301927
0.000759909
0.00168433
0.000583965
0.000926331
0.00105659
0.00108943
0.00100959
0.00170354
0.000572736
0.00105053
0.000978673
0.00145658
0.00116015
0.000531134
0.000266143
0.00123947
0.00182927
0.00177565
0.00160154
0.000920831
0.00123737
0.00287712
0.000548483
0.000931244
0.00176303
0.00181374
0.00241849
0.000244426
0.00131334
0.00071175
0.00061685
0.00072479
0.00187523
0.00231593
0.00189814
0.00101084
0.000278122
0.00120023
0.0016475
0.0014951
0.000517266
0.00162957
0.000903287
0.0013176
0.000881543
0.00112348
0.00119014
0.00219078
0.000866699
0.000723061
0.00134869
0.000615342
0.00139167
0.000420037
0.00194392
0.00362903
0.00122933
0.0012094
0.000862381
0.00504299
0.00193392
0.00104404
0.00287033
0.000998026
0.00115796
0.00191188
0.00241345
0.00202967
0.00184644
0.00143316
0.00110938
0.0018101
0.000951597
0.0014587
0.00395378
0.00159427
0.000896022
0.00228484
0.00106836
0.00102984
0.00203905
0.000970153
0.000736224
0.00360267
0.00170031
0.00137936
0.000572866
0.00032762
0.00179479
0.00107312
0.00149481
0.000659119
0.000994392
0.00158127
0.00234361
0.000412944
0.000422816
0.000501498
0.00179159
0.00216201
0.00149642
0.000874987
0.000893461
0.001168
0.00275261
0.00150481
0.00291569
0.0011079
0.0035621
0.00221902
0.0041897
0.00278916
0.00114882
0.00123459
0.00195967
0.00167518
0.000972425
0.000857712
0.0014549
0.0010012
0.000805637
0.00346498
0.00109082
0.00578129
0.000662038
0.000280229
0.000976663
0.00364497
0.00181906
0.00223256
0.00108584
0.000722615
0.00228687
0.000619872
0.00102648
0.000929655
0.00858686
0.000919812
0.00146568
0.00170274
0.00149383
0.00192844
0.000373512
0.000578184
0.000822646
0.000545608
0.00137592
0.00122232
0.000817078
0.00103421
0.00180519
0.000783952
0.00159813
0.000491642
0.00107392
0.000632392
0.00122235
0.000744462
0.00107061
0.00112791
0.00164862
0.000971687
0.00230483
0.00169684
0.000499186
0.000417818
0.00127165
0.00110379
0.00113679
0.00155772
0.000892472
0.00109432
0.000891396
0.00441174
0.00197718
0.00168075
0.00104359
0.00100222
0.00184455
0.00191799
0.000979768
0.00233717
0.00187833
0.00138787
0.000538284
0.000683609
0.000998207
0.00164726
0.00146438
0.000817357
0.00295565
0.000755488
0.00103818
0.00088003
0.00185324
0.00289227
0.00124376
0.00196141
0.00041935
0.00149189
0.00117736
0.00241301
0.00116133
0.000652265
0.00232311
0.00256407
0.00214011
0.000703169
0.000480654
0.000983139
0.00184128
0.000654162
0.00187102
0.00222183
0.000595025
0.00153092
0.00327743
0.00100618
0.000616874
0.000990484
0.0014928
0.000211959
0.00155295
0.00222801
0.00104184
0.0014389
0.000971501
0.00133931
0.000705458
0.000471223
0.00252439
0.000836479
0.000309565
0.00219311
0.00364022
0.00132441
0.000416536
0.00117309
0.00172158
0.00197081
0.00110949
0.00382228
0.00140895
0.00030638
0.0012588
0.00354679
0.00207796
0.00142266
0.00129293
0.00223403
0.000955743
0.00183386
0.0028552
0.00180774
0.000175796
0.000552563
0.00124776
0.00218364
0.00102674
0.00133838
0.000774424
0.000757623
0.00122928
0.000220766
0.000539236
0.00101273
0.00123879
0.0010573
0.00122289
0.00188151
0.000802638
0.000481891
0.00272348
0.00237859
0.00163449
0.000826622
0.000565827
0.00017657
0.0017481
0.000399378
0.000440803
0.00189125
0.00133777
0.000649085
0.000736774
0.00167548
0.000919575
0.000655496
0.00087113
0.00123748
0.00221612
0.00119818
0.000841609
0.00225648
0.00119112
0.000929071
0.00147354
0.00128352
0.00233809
0.00194921
0.00233916
0.00114997
0.000541513
0.000871964
0.00229879
0.000875921
0.00215275
0.000705122
0.000373759
0.000245904
0.000975851
0.00200191
0.00169303
0.00231994
0.00132366
0.000485639
0.00128866
0.000716755
0.000956928
0.00118807
0.00113995
0.000653946
0.000583042
0.00140785
0.00101477
0.000318268
0.0016658
0.00378454
0.000569812
0.000845824
0.00126955
0.000818998
0.000819911
0.00124724
0.000674685
0.00168431
0.000242992
0.000824391
0.000420999
0.00200882
0.000644697
0.00191075
0.00186137
0.000636257
0.00105563
0.000910438
0.00197385
0.000906787
0.00019073
0.000910055
0.00207661
0.0020277
0.0022397
0.0013931
0.000928618
0.001365
0.000825382
0.0022086
0.000977312
0.000772102
0.000985897
0.000878528
0.000354326
0.000210297
0.0010561
0.000548571
0.00164975
0.00451651
0.00147249
0.00116292
0.000521905
0.000468906
0.000806225
0.000507693
0.00233622
0.000888802
0.000493625
0.000851765
0.000842313
0.00122273
0.00118512
0.00262812
0.00130184
0.00136372
0.00328767
0.00131927
0.000564114
0.000963481
0.000992028
0.00126193
0.000843706
0.00132936
0.000813157
0.00177175
0.000519693
0.000572134
0.000660422
0.00112495
0.00144538
0.000642862
0.00287067
0.000514288
0.000686839
0.00104905
0.000392893
0.00226494
0.00134653
0.00164075
0.000272585
0.000847179
0.000151349
0.000499838
0.00334965
0.0131526
0.00166779
0.00157397
0.00204387
0.00347558
0.000838951
0.00218149
0.000554375
0.00163813
0.00119078
0.000468523
0.00101359
0.00334984
0.000907676
0.00093588
0.00030777
0.000848504
0.00141065
0.0040865
0.00147056
0.00196988
0.00185185
0.00195656
0.00145389
0.000976491
0.00132644
0.00111679
0.000178998
0.000321069
0.00152493
0.00163203
0.00141157
0.000880027
0.00148118
0.00169691
0.00122853
0.000359903
0.000773874
0.00145169
0.000660435
0.00163082
0.00111589
0.0009183
0.000210667
0.00149807
0.000636441
0.000403527
0.00130428
0.00117092
0.00128859
0.00103332
0.00123568
0.0008352
0.000388359
0.00316689
0.00111361
0.00110296
0.00132105
0.00132502
0.00164602
0.0010119
0.000788629
0.00153887
0.000538284
0.000269387
0.00643416
0.000515555
0.00298911
0.00511523
0.000551273
0.00160664
0.00154661
0.00422677
0.00122419
0.000916233
0.00243388
0.00109737
0.00259257
0.00147793
0.000826907
0.0022577
0.00113956
0.00125613
0.000532914
0.000695265
0.000178427
0.00262491
0.00131854
0.000400327
0.00137912
0.00237238
0.00103859
0.000735249
0.00161615
0.00121748
0.00163518
0.00145316
0.00107446
0.00214272
0.000934537
0.00170919
0.0011076
0.000326485
0.000328483
0.00113662
0.00179776
0.000999062
0.000885764
0.000788868
0.00117507
0.000901279
0.00479608
0.00132044
0.00129175
0.00172186
0.00155727
0.00135832
0.00112423
0.000973828
0.00105751
0.00121653
0.00106689
0.000841494
0.00321874
0.000979436
0.000822222
0.00159414
0.00202594
0.00180105
0.00174064
0.00399049
0.00202696
0.00169661
0.00179443
0.000924357
0.000664107
0.00115695
0.00189484
0.000245205
0.00171199
0.0014855
0.00101026
0.00207413
0.00119319
0.00141579
0.00865542
0.000886675
0.00195105
0.00176264
0.00200168
0.0015758
0.00198358
0.00107548
0.000409229
0.00245585
0.00210215
0.000325522
0.000669133
0.000532856
0.000825538
0.000982628
0.00202603
0.00311263
0.000731142
0.00114302
0.000296206
0.000650348
0.000745482
0.000641277
0.00103001
0.0111445
0.000991189
0.0032574
0.000461437
0.00188927
0.00207613
0.0014121
0.00116929
0.00182355
0.000289195
0.000698207
0.00140125
0.00127091
0.00362217
0.000775955
0.00120251
0.00187478
0.00138527
0.00198106
0.00139681
0.00163643
0.00209413
0.00130647
0.00182594
0.00276439
0.000771241
0.00238053
0.00161417
0.00754001
0.00116477
0.00191751
0.00096735
0.00113383
0.000992265
0.000894488
0.000744034
0.00151732
0.00106814
0.00190555
0.00240493
0.00146149
0.00112288
0.00142165
0.000285789
0.00174623
0.0074123
0.000717583
0.00116293
0.0113137
0.00122784
0.000219932
0.00340396
0.00124957
0.00171432
0.00167809
0.00277288
0.000723758
0.0046195
0.00114914
0.000675102
0.00132178
0.000330816
0.000663745
0.000852557
0.00180851
0.000952296
0.00164619
0.00179135
0.000628831
0.000459498
0.00160591
0.00168733
0.000686358
0.00195077
0.00178743
0.0037676
0.00128785
0.00247004
0.0012223
0.00247017
0.000548474
0.00215021
0.00252582
0.000252666
0.00117046
0.0012926
0.00180404
0.00131087
0.00195589
0.0016585
0.00109183
0.000286217
0.000651637
0.00144704
0.00146202
0.00103227
0.00116986
0.00202604
0.00384018
0.00111835
0.00110153
0.000672124
0.00275478
0.00212715
0.000370005
0.00167146
0.000393631
0.000720363
0.00215528
0.000968555
0.00183051
0.000389039
0.000628797
0.000141163
0.00113099
0.000682245
0.000708593
0.00263283
0.00191061
0.000665703
0.000299261
0.000281623
0.00107467
0.00258843
0.00193016
0.000473336
0.000785561
0.00234156
0.00094548
0.00282855
0.00195481
0.000487051
0.00243269
0.0018732
0.00172775
0.0013146
0.00055601
0.0011491
0.00125173
0.00169405
0.000815851
0.000552081
0.00131065
0.00113859
0.00131014
0.000950954
0.00158295
0.00115625
0.00104795
0.000644375
0.00142883
0.000760183
0.00208104
0.00151819
0.00065452
0.00144274
0.00194529
0.00188344
0.00133814
0.000937587
0.00412139
0.00103696
0.00102003
0.00287369
0.00130255
0.000966443
0.00246785
0.000979221
0.00163399
0.00200617
0.000488835
0.00304664
0.00237984
0.000855077
0.000634751
0.00347637
0.00121843
0.000439819
0.00201333
0.000636536
0.00195696
0.00136369
0.00047746
0.00167777
0.00221391
0.00227107
0.00103368
0.0011113
0.00120636
0.000813706
0.000819537
0.000869991
0.00147502
0.00087645
0.00115148
0.000779801
0.00150685
0.00295859
0.000850212
0.000369697
0.000247594
0.000589528
0.00102701
0.00173462
0.00951866
0.0027547
0.000477697
0.00156104
0.000845402
0.000486813
0.00191876
0.00418691
0.000579887
0.0035758
0.000752761
0.000642471
0.00258338
0.00141055
0.000441356
0.000704961
0.0011438
0.00104642
0.00195566
0.00104175
0.00320771
0.000889981
0.000653231
0.00102354
0.0020998
0.00169136
0.00180277
0.000798123
0.000371228
0.000410156
0.00162764
0.00570047
0.000786546
0.00158059
0.000658708
0.000800777
0.00097268
0.00159243
0.00145297
0.00216794
0.000458823
0.00215762
0.00257142
0.00282426
0.00112377
0.00118645
0.00139686
0.000599951
0.00133732
0.000442143
0.000560029
0.00165532
0.00223279
0.00210178
0.000728577
0.000735799
0.00166546
0.000743609
0.00134841
0.000859106
0.000869768
0.00327579
0.0025353
0.000943585
0.00228713
0.000525143
0.0010256
0.000810864
0.00138171
0.000799004
0.000943605
0.000643457
0.00249429
0.000481745
0.00085764
0.0020203
0.00030518
0.00164076
0.00287205
0.00262648
0.00311928
0.000528989
0.00135666
0.00101627
0.00108939
0.00376527
0.000448615
0.000362478
0.00237757
0.000365821
0.00156336
0.00973573
0.00323106
0.0023793
0.000817295
0.000630855
0.00028256
0.00153137
0.000607663
0.000932361
0.00111106
0.00109956
0.00201458
0.000785085
0.00197069
0.00133142
0.00144566
0.000842511
0.000961158
0.000414195
0.00101142
0.00092763
0.00104763
0.00241529
0.00133816
0.0034904
0.000691703
0.00149555
0.000955045
0.00176123
0.00322575
0.000609458
0.00168526
0.000382358
0.00054576
0.00123861
0.000738083
0.00186536
0.00192503
0.00256991
0.00295847
0.00104446
0.00079662
0.000676962
0.00157521
0.00170099
0.0014708
0.00134196
0.000600445
0.000671922
0.00451957
0.00123134
0.00071324
0.00199314
0.0012611
0.00148423
0.00118225
0.00127661
0.000675473
0.000272695
0.000958931
0.000478711
0.0019814
0.00169797
0.000366949
0.00085991
0.0013014
0.000560912
0.000698373
0.00102493
0.00230476
0.000943743
0.00125425
0.00108602
0.000605739
0.00068568
0.00106834
0.000398909
0.00040747
0.00063183
0.000868132
0.00109908
0.00223742
0.000869074
0.000637655
0.00241939
0.00173211
0.00177269
0.00179459
0.000703914
0.00304565
0.000894183
0.00079726
0.000936201
0.00164626
0.000689804
0.000721219
0.0015595
0.00218771
0.00208183
0.000924984
0.0015114
0.000953659
0.00130766
0.00108597
0.000682952
0.000315875
0.000439173
0.00149838
0.000587698
0.000271184
0.00105947
0.00177819
0.00183377
0.000971869
0.00122066
0.000881163
0.000911332
0.00152605
0.000469594
0.0017538
0.000437785
0.00130546
0.0015539
0.00102307
0.00160108
0.00122758
0.00174242
0.000155163
0.000326142
0.00376918
0.00227476
0.00162433
0.00158363
0.00177948
0.00146753
0.00176728
0.00107398
0.000974986
0.000940659
0.000375785
0.000308004
0.000740386
0.00109202
0.00286928
0.000947695
0.000971197
0.00026806
0.000442242
0.00154295
0.000141829
0.000163177
0.00184114
0.00096547
0.00121102
0.00250564
0.000986455
0.00246777
0.00160143
0.000583082
0.000979503
0.00174226
0.000750401
0.00260339
0.0012962
0.000908465
0.000789668
0.00015172
0.000893161
0.000996664
0.00133365
0.00149395
0.00140204
0.00132454
0.0015608
0.00193523
0.00107892
0.00120271
0.00136694
0.000337048
0.00068188
0.00482945
0.00150623
0.000413081
0.00166936
0.000925697
0.00123999
0.0023537
0.000884933
0.00164298
0.00154515
0.0010714
0.00243264
0.00125304
0.000145292
0.00151228
0.0018589
0.00046639
0.000541945
0.000853632
0.00131017
0.000754171
0.00117721
0.00136821
0.00140051
0.00859278
0.00106764
0.00181034
0.00156229
0.000659789
0.00120983
0.00153984
0.000163309
0.00301003
0.000325324
0.001921
0.00108981
0.000474644
0.00167749
0.00541906
0.00154698
0.000446636
0.000468634
0.00149167
0.000740711
0.00121728
0.00100212
0.000733877
0.00114133
0.000858603
0.000730834
0.000603482
0.00095393
0.00298143
0.000579669
0.00181603
0.000248191
0.00360131
0.00143216
0.000905771
0.00160139
0.0016801
0.000700205
0.000953003
0.00183126
0.00195706
0.00101847
0.000926767
0.000732295
0.0015067
0.000173149
0.000272436
0.000399907
0.00106047
0.000850532
0.00149108
0.00158987
0.0011451
0.00128807
0.00209065
0.00146993
0.00162656
0.0012974
0.000469401
0.000636981
0.00135498
0.00024066
0.000953729
0.00121165
0.000495277
0.00101779
0.00176502
0.000434282
0.00228981
0.000670941
0.00088005
0.00125437
0.00156463
0.000865899
0.00163036
0.001117
0.000989219
0.00217107
0.00149282
0.0020202
0.00396494
0.00164281
0.00121692
0.00133777
0.00150051
0.000412155
0.00100261
0.00176877
0.00110797
0.00153171
0.000230776
0.000666064
0.00212959
0.000845267
0.000535773
0.0014806
0.000807766
0.00100419
0.00121237
0.00114509
0.00240716
0.000304897
0.000727242
0.00183442
0.000982362
0.000829368
0.00108364
0.00174952
0.00151934
0.00235859
0.0020131
0.00072393
0.000590663
0.00493683
0.00114738
0.000561764
0.000963045
0.000888333
0.00101574
0.0023527
0.00115008
0.000683702
0.00166743
0.00416207
0.00121521
0.000429984
0.00221995
0.00149364
0.00117078
0.00332281
0.00126732
0.000782848
0.00112797
0.00130427
0.00250274
0.00101165
0.000979113
0.00103006
0.00127206
0.000431115
0.00176968
0.00139838
0.00173088
0.0013371
0.00165867
0.00150249
0.000881879
0.00171628
0.000582161
0.00140425
0.00136615
0.00203183
0.00486162
0.00515311
0.00163466
0.000227842
0.000936344
0.00272919
0.00188797
0.00108524
0.0012581
0.00215103
0.0014912
0.00090085
0.00283989
0.000463221
0.00207636
0.000673257
0.000423874
0.00164871
0.000781244
0.000771104
0.00122173
0.000897017
0.00151532
0.000679062
0.000839541
0.000186893
0.00167327
0.00151674
0.00902649
0.000719314
0.000734655
0.000161273
0.00103407
0.000482257
0.000542463
0.000543954
0.00211558
0.000313721
0.000317454
0.00280321
0.0023945
0.00189987
0.0012712
0.00054476
0.000866024
0.000843655
0.00128239
0.00154196
0.000515503
0.00153451
0.000636752
0.001654
0.00115395
0.0019027
0.00218773
0.000262043
0.0010438
0.000661456
0.00083879
0.00179678
0.00111625
0.00134988
0.000926909
0.000449213
0.000897834
0.00140164
0.00122429
0.00183599
0.00150248
0.00137276
0.00159004
0.00110112
0.00161696
0.000775414
0.00147274
0.000944727
0.00258886
0.00217011
0.00105387
0.000932057
0.000399849
0.00312461
0.0014245
0.000527408
0.00096095
0.00329037
0.00387663
0.000575141
0.000774
0.00140267
0.00523608
0.00101716
0.00032895
0.00192774
0.000629671
0.00110873
0.00403835
0.00097175
0.000363838
0.00225245
0.00166151
0.00152325
0.00119814
0.000173464
0.000515778
0.000734467
0.001446
0.00214492
0.000304279
0.00149639
0.00438938
0.000883628
0.00166218
0.00183502
0.00129178
0.000290014
0.00226374
0.0011598
0.000819824
0.000293652
0.00143407
0.000416717
0.000544275
0.000794387
0.00156961
0.000381692
0.00076208
0.00177262
0.000969462
0.000704036
0.000941355
0.000683212
0.00226874
0.00213986
0.00157528
0.00171891
0.00110955
0.00067077
0.00267088
0.00190313
0.00152886
0.00179812
0.000746893
0.00136176
0.00111385
0.00244145
0.00132027
0.00120828
0.00198741
0.00233985
0.000322803
0.000569939
0.000409425
0.000868167
0.00047344
0.00156792
0.000853032
0.000440802
0.00106314
0.000528914
0.00344288
0.000656363
0.000645571
0.00140341
0.000468489
0.00151629
0.000980249
0.000691996
0.0019013
0.000617859
0.00135079
0.000914092
0.00105148
0.00129223
0.00118053
0.000582838
0.00550058
0.00108514
0.00155993
0.000923128
0.00376243
0.00149259
0.00128594
0.000577847
0.00102913
0.000586055
0.000606686
0.000471677
0.00205474
0.00297556
0.00104503
0.00141063
0.000430678
0.00149015
0.00068213
0.000502735
0.00124784
0.0022802
0.000716871
0.000412022
0.00208666
0.00106514
0.000213954
0.00168986
0.00202951
0.00147427
0.000245291
0.00551538
0.00107067
0.000187419
0.00147297
0.000920578
0.00107436
0.00140011
0.00110929
0.00103108
0.000999639
0.00225915
0.000600637
0.00081265
0.00111374
0.000443057
0.000779157
0.00234117
0.00128439
0.00116935
0.00215242
0.00128603
0.000670309
0.00113068
0.000920974
0.00111054
0.00104894
0.000538881
0.00107135
0.000920344
0.00199083
0.00251545
0.000885986
0.00108828
0.000704893
0.00177746
0.00196877
0.00174154
0.00236434
0.000755845
0.000872064
0.000375418
0.000695377
0.000972655
0.00101412
0.00271394
0.000184835
0.00122487
0.00131513
0.00229784
0.00114955
0.000376765
0.00119731
0.00218429
0.00162511
0.000957566
0.000823811
0.00171607
0.00199656
0.00017404
0.00314197
0.000426555
0.00151048
0.000894784
0.000827106
0.000945332
0.00130801
0.00206151
0.000721448
0.00213518
0.00259359
0.00124507
0.000452962
0.00076693
0.00119352
0.00161458
0.00218832
0.0012007
0.00119984
0.000206012
0.00143981
0.00134813
0.00108938
0.00560572
0.00167747
0.0036931
0.00411897
0.00135851
0.000822072
0.00175611
0.000615758
0.00152963
0.00703566
0.00276942
0.00217532
0.00217557
0.00130201
0.00217274
0.00133519
0.00164929
0.00351384
0.0019257
0.00108374
0.000356327
0.000475889
0.000660499
0.000960704
0.000849848
0.000555209
0.000787341
0.000736271
0.00202643
0.00199722
0.000337376
0.00149316
0.00192419
0.00145552
0.000585624
0.000985696
0.00172915
0.00228389
0.00179894
0.00109951
0.000766587
0.000377337
0.00279903
0.00100683
0.00122955
0.000723049
0.000989538
0.00292531
0.000897784
0.00148212
0.00154637
0.00324792
0.00158514
0.000791362
0.000882422
0.00282075
0.00400972
0.00154239
0.00105357
0.000979465
0.00181036
0.00156753
0.00215211
0.00126393
0.00465477
0.00119415
0.00575612
0.00147748
0.000821775
0.0018784
0.0011651
0.00156631
0.00156474
0.0028993
0.000619377
0.00216679
0.00187228
0.0013875
0.00295317
0.00138394
0.00154074
0.000955414
0.00112627
0.000841378
0.001172
0.00127934
0.00537517
0.000869271
0.00136476
0.00176056
0.00214316
0.000744051
0.000802417
0.00217201
0.0016061
0.00164981
0.00120345
0.00220848
0.00137706
0.00134425
0.00078695
0.00094914
0.000344503
0.00044118
0.000790407
0.000176967
0.000845105
0.00113331
0.00227318
0.000627779
0.00121017
0.00130277
0.00155669
0.000801986
0.0036168
0.000330929
0.00188384
0.000961851
0.00126192
0.00286262
0.000840522
0.00103309
0.0015901
0.0010211
0.00122159
0.00146027
0.000686639
0.00167881
0.000730197
0.00189261
0.00288002
0.00108495
0.00137459
0.00146905
0.00115344
0.00143352
0.000186162
0.00123967
0.000972943
0.00205556
0.00526139
0.00100284
0.000277909
0.000866583
0.000854848
0.0031133
0.000848959
0.000352052
0.000894501
0.000452931
0.00178689
0.00092985
0.000289956
0.000807931
0.0002931
0.00110156
0.00757924
0.002838
0.00247486
0.000267732
0.00154776
0.00171506
0.00101271
0.0023157
0.00315108
0.000860204
0.000463682
0.000712591
0.00103821
0.000549142
0.00221564
0.000821317
0.000858412
0.000672621
0.0020301
0.00101293
0.000845513
0.00163679
0.000447046
0.00156514
0.000311424
0.000860155
0.001562
0.000971577
0.000679806
0.0022505
0.00242247
0.00157853
0.00120521
0.000192181
0.00168563
0.00134784
0.00189253
0.000442257
0.00080482
0.00118
0.00153433
0.00122425
0.00199231
0.000869002
0.00114462
0.00159825
0.000800437
0.00195206
0.000673363
0.000183475
0.0007676
0.0012328
0.00194066
0.00119534
0.000483638
0.000352816
0.00161603
0.000421145
0.00113889
0.00141276
0.00220727
0.00321785
0.000769685
0.00137497
0.000906308
0.00141796
0.00116051
0.00137191
0.00269966
0.00136554
0.000951911
0.000422435
0.00116956
0.000653329
0.000781031
0.000683001
0.0026568
0.00125817
0.000748952
0.000973479
0.000908445
0.000225253
0.000716495
0.00226339
0.000558956
0.00111975
0.00162098
0.000377472
0.000879929
0.00172419
0.00121134
0.00255431
0.00288662
0.00112279
0.00194845
0.00140357
0.00142559
0.00159291
0.001501
0.000671315
0.000217296
0.000635707
0.00151385
0.00191831
0.000609422
0.000949551
0.00174636
0.00147749
0.000596691
0.00112419
0.00085547
0.0019049
0.000592981
0.00297961
0.00199865
0.000801019
0.00587142
0.00138947
0.00140345
0.00217981
0.000983315
0.00161985
0.000786351
0.00121747
0.000958033
0.00191294
0.000953137
0.00091287
0.000300698
0.00207918
0.00103622
0.000891401
0.000896684
0.00142647
0.00209606
0.000530422
0.000591782
0.000914432
0.000853741
0.00266067
0.00111446
0.00228382
0.00262006
0.00395709
0.00286354
0.000531086
0.000854864
0.00213874
0.000667032
0.00132618
0.00334233
0.00204973
0.00252799
0.000712339
0.00278549
0.000380064
0.00105786
0.00175642
0.00244359
0.00115927
0.00098117
0.00116107
0.00101552
0.000437943
0.00184919
0.00317101
0.0039443
0.00073687
0.000662298
0.000625647
0.00289414
0.00185716
0.00166785
0.0100737
0.00168025
0.00105258
0.000897121
0.00128843
0.00184963
0.000475184
0.00164651
0.00135383
0.0016271
0.000885768
0.00614353
0.000706595
0.00203966
0.000668775
0.000952784
0.000843544
0.00097805
0.00131776
0.000836902
0.000397865
0.0010311
0.0011038
0.00141624
0.00160453
0.0014343
0.000901707
0.00408985
0.000824072
0.000844091
0.000978758
0.000700559
0.0023465
0.00167017
0.00173849
0.00484512
0.000959088
0.00100644
0.00096469
0.00048083
0.00132315
0.000672793
0.00170244
0.00083382
0.00180165
0.000994438
0.00273474
0.00256013
0.00103937
0.000635165
0.000584619
0.00266183
0.00217561
0.00195086
0.000968482
0.000971018
0.00076147
0.000941762
0.000542236
0.00120903
0.000804751
0.000806091
0.00145442
0.00188985
0.00110145
0.00136496
0.00143326
0.000474464
0.00130251
0.00151896
0.00198614
0.00133516
0.000513453
0.00107723
0.00141333
0.000830786
0.00176718
0.00124103
0.00146697
0.0014919
0.000859021
0.00419391
0.00129306
0.00153752
0.00199303
0.00193162
0.00147001
0.000688841
0.000757307
0.00145776
0.000419784
