0.00138696
0.000153489
0.000155078
0.00193684
0.00108794
0.001404
0.00208589
0.000905412
0.00300083
0.00155828
0.000430281
0.00161164
0.000963295
0.0021265
0.00121696
0.0002161
0.0009064
0.00122547
0.000753996
0.000354981
0.00106028
0.000813929
0.00176196
0.000594341
0.00121992
0.000461845
0.00145227
0.00132408
0.000450394
0.00145885
0.00589243
0.00220905
0.00232109
0.00107798
0.00176909
0.000949181
0.000483957
0.00177154
0.00150829
0.000735781
0.00100698
0.0017228
0.000158068
0.000231923
0.00155979
0.00158313
0.00165731
0.000515485
0.00158245
0.000896793
0.000767332
0.00101959
0.00103151
0.00155506
0.000163689
0.00117278
0.00216082
0.000237036
0.000998279
0.000251823
0.000860432
0.000979707
0.00118247
0.000824745
0.00102292
0.000215754
0.00181609
0.000756403
0.000804618
0.00175305
0.000978631
0.000747398
0.00154116
0.00264238
0.000691976
0.000569383
0.00103879
0.00111501
0.00179968
0.000565068
0.000876729
0.000657209
0.00183502
0.00160932
0.00132972
0.00148104
0.000871508
0.00111332
0.00115588
0.000649231
0.001051
0.00118143
0.000248743
0.00156639
0.000810177
0.000516447
0.00149785
0.000638508
0.000756157
0.00124186
0.000913762
0.00154281
0.000499896
0.000284477
0.00156241
0.000410466
0.00232657
0.00128479
0.00148836
0.00279163
0.00102739
0.00250267
0.000150778
0.00130597
0.000207877
0.000475258
0.00206075
0.00104169
0.00190392
0.000149659
0.00142763
0.00100179
0.00106985
0.00127235
0.000472192
0.000146729
0.000151542
0.000696965
0.00109793
0.00121798
0.000936426
0.000457244
0.000670045
0.000212781
0.000449394
0.000812089
0.000155241
0.00348949
0.00105371
0.000534726
0.00100474
0.000778748
0.00124947
0.00119307
0.000148112
0.00102778
0.000833763
0.00159478
0.000812769
0.00125236
0.00167468
0.00139662
0.00126322
0.000143002
0.00190431
0.00159643
0.00201368
0.000486425
0.000300849
0.00108716
0.00254699
0.00156997
0.00130481
0.00148444
0.000533439
0.000801719
0.000940547
0.00103014
0.000852831
0.00190973
0.000698635
0.00110379
0.000765453
0.00235817
0.000720082
0.000586113
0.000943582
0.00140796
0.000849945
0.000696309
0.000149549
0.00077539
0.00163285
0.000775062
0.00231897
0.00336006
0.000283079
0.00107044
0.000141094
0.00169442
0.00113438
0.00266386
0.00216699
0.0010358
0.0014913
0.00106125
0.000410258
0.000155939
0.00163812
0.00117238
0.00263836
0.000806565
0.000428528
0.000587515
0.00239688
0.000940634
0.00091064
0.000383438
0.0013112
0.00014146
0.00157693
0.00311802
0.00156552
0.000991343
0.000614072
0.000140988
0.00197128
0.000152527
0.0124026
0.00114089
0.00130455
0.00101815
0.00129238
0.000539381
0.00173691
0.000536074
0.00113575
0.000144776
0.0015052
0.000916607
0.000903172
0.000311442
0.00134856
0.000455333
0.000905344
0.00131805
0.00165794
0.000521712
0.00460999
0.00126241
0.000983191
0.000325579
0.000455507
0.00128822
0.00092607
0.000513894
0.0016289
0.000656599
0.00146429
0.000144979
0.000943593
0.00104481
0.00193096
0.00413788
0.000690759
0.000986083
0.00118697
0.00126449
0.00146328
0.0014841
0.00256638
0.00126403
0.00130259
0.00114263
0.00434492
0.000170504
0.0036146
0.00110586
0.000475449
0.0018099
0.00204962
0.000958131
0.000870968
0.000621803
0.00101028
0.000299842
0.00014289
0.000716506
0.00151569
0.00191918
0.00224003
0.00153794
0.00014512
0.00337092
0.00144361
0.00104073
0.00014577
0.00128363
0.000141798
0.00070591
0.00127293
0.00171872
0.00193239
0.0012619
0.0034164
0.000145233
0.00206206
0.000757126
0.000141762
0.00164576
0.000874001
0.000504999
0.000590515
0.00133513
0.00182302
0.000786022
0.00157795
0.000246504
0.00147699
0.000156316
0.000886807
0.000618564
0.000941662
0.0015002
0.000925816
0.00107287
0.000493156
0.000670322
0.000634885
0.000982728
0.00123202
0.000358652
0.000984363
0.000914379
0.00155215
0.000836637
0.00165017
0.000144553
0.00204074
0.000840455
0.00148587
0.000787797
0.000434142
0.000568728
0.00219854
0.00391143
0.001614
0.00111189
0.0012249
0.000827674
0.00100538
0.000630819
0.00132969
0.000377028
0.00162678
0.00236158
0.000148924
0.00249959
0.00114074
0.000531063
0.00170243
0.0015763
0.00142257
0.00130739
0.000653537
0.000147864
0.000846056
0.00119409
0.00036334
0.000994595
0.00181859
0.00111951
0.00110924
0.00116298
0.00388741
0.000978822
0.00130866
0.00161877
0.000706724
0.00115572
0.00102192
0.00305823
0.000923635
0.00136338
0.000621112
0.0014245
0.00271796
0.00111185
0.000894538
0.00184354
0.00173573
0.00146473
0.000358496
0.000437672
0.00107374
0.00200687
0.000789148
0.00102561
0.00146375
0.00178967
0.00121193
0.000350621
0.00163872
0.0010539
0.00185647
0.00128158
0.000992436
0.00180164
0.000606684
0.000142479
0.00355814
0.00132338
0.00104348
0.0010052
0.000783333
0.00186856
0.000341341
0.000978849
0.00135047
0.000774812
0.000168609
0.0013641
0.000585939
0.00147224
0.00174761
0.00228868
0.00129883
0.000780891
0.00142649
0.00157581
0.0033165
0.00137802
0.000823801
0.00220064
0.00115058
0.000425593
0.000584413
0.000667909
0.00139612
0.00142432
0.00120801
0.00220347
0.00320487
0.000504115
0.000550513
0.00126606
0.00118154
0.00174219
0.0013725
0.00031623
0.00122767
0.00195763
0.00150001
0.00141468
0.00278618
0.0060336
0.00194729
0.000947363
0.000160442
0.00102708
0.000143676
0.00181571
0.000572163
0.000741574
0.00308524
0.000973149
0.000875436
0.00526339
0.00166156
0.00188396
0.00167975
0.000890908
0.000871549
0.0044252
0.000719065
0.00122855
0.000147329
0.000673249
0.00140666
0.00361906
0.000141138
0.000620399
0.000929555
0.00113534
0.00224409
0.000411325
0.00106926
0.00108116
0.001634
0.00218126
0.0015783
0.000947087
0.000855409
0.000820622
0.00144015
0.00114162
0.00379903
0.000404397
0.0005797
0.000948704
0.000733444
0.00015477
0.00075053
0.00346475
0.00104556
0.00233124
0.0017872
0.0011916
0.00109579
0.000738331
0.00145046
0.000796587
0.000746091
0.000146196
0.000286215
0.00159416
0.000407318
0.000332985
0.00210308
0.00102719
0.00209538
0.000897834
0.000355541
0.00137646
0.000141984
0.00116181
0.000690816
0.00221175
0.000494599
0.000848136
0.00219273
0.000794608
0.00289338
0.000720822
0.000230219
0.000703603
0.00193978
0.0019514
0.00191814
0.00121138
0.000812834
0.00178628
0.00119134
0.000183362
0.00158488
0.00145459
0.00139516
0.000893892
0.00164556
0.00121245
0.00280888
0.00139474
0.000153481
0.00148094
0.00164456
0.00127876
0.00121465
0.00125664
0.000152371
0.00103919
0.00113275
0.000141237
0.00302346
0.0023935
0.00185007
0.00133904
0.000368634
0.000646982
0.000737147
0.000874585
0.00303867
0.00291711
0.000869467
0.000406045
0.000410974
0.00142594
0.000453516
0.000705692
0.000947106
0.000621709
0.00104958
0.00116019
0.000933785
0.00131747
0.00154319
0.000859558
0.00159355
0.00117222
0.000589354
0.000586551
0.00185683
0.000146194
0.000291437
0.00102065
0.000799026
0.000682454
0.000858827
0.000777719
0.00055291
0.00156797
0.00259119
0.00160124
0.00126119
0.000826133
0.00014402
0.000904898
0.00130358
0.000497872
0.0029743
0.00243047
0.000965308
0.000477347
0.000479791
0.00132542
0.00139534
0.000799596
0.0014431
0.0014438
0.000370684
0.00295831
0.00102682
0.00110171
0.000516054
0.000686997
0.000780424
0.00167596
0.00087893
0.00137386
0.000526081
0.00103251
0.000844452
0.00129295
0.00372214
0.000989433
0.000392618
0.000519892
0.00130001
0.000147763
0.000621726
0.00128604
0.00143021
0.000952399
0.000441476
0.00102269
0.00060022
0.00162038
0.000504002
0.00124891
0.000719479
0.00108115
0.000911454
0.00158529
0.000453549
0.00112319
0.000141339
0.00172698
0.000817102
0.00201123
0.00146164
0.000545411
0.00738589
0.00106176
0.00383621
0.00153423
0.00163755
0.000827594
0.000616485
0.00212974
0.000600228
0.00134613
0.00110513
0.000765478
0.00142942
0.00253159
0.00180145
0.000604954
0.00233489
0.00131387
0.000718368
0.000561384
0.00134695
0.00118588
0.00284206
0.000771927
0.00603941
0.00141314
0.00153219
0.00186405
0.00268362
0.00144254
0.00109409
0.000142031
0.000922551
0.000782983
0.00102235
0.00114942
0.000140649
0.000899082
0.00057158
0.00105043
0.00100165
0.00141484
0.00170761
0.000667753
0.000670081
0.00105593
0.00162453
0.00090174
0.000630739
0.000666898
0.000594577
0.000407731
0.000940125
0.0016351
0.00161391
0.00143935
0.00296948
0.00164379
0.000643989
0.00243107
0.000536784
0.00156511
0.00272402
0.000592727
0.00192956
0.0012242
0.00246364
0.00222792
0.000865927
0.00333051
0.000811101
0.00130464
0.00026279
0.000488136
0.00124062
0.00186494
0.0014253
0.000982042
0.00128345
0.00119976
0.00085062
0.00133835
0.000459831
0.00140143
0.00141367
0.000941902
0.00188859
0.00115371
0.00015272
0.000143466
0.00155173
0.000955334
0.000536602
0.0018581
0.00101506
0.00183903
0.00145991
0.00147079
0.000616878
0.00141019
0.00102939
0.00283402
0.000716246
0.000303201
0.00178382
0.00197219
0.00083943
0.00136697
0.00111972
0.00066511
0.00423894
0.00049786
0.000732635
0.000255993
0.000797271
0.00181702
0.00320046
0.00125874
0.00142004
0.00107987
0.00111508
0.00114551
0.0030436
0.000144117
0.00288661
0.000143536
0.00126248
0.00108872
0.000668261
0.0008609
0.00212403
0.00132636
0.00161192
0.00124884
0.00162438
0.000171086
0.000796446
0.000154856
0.00158207
0.00177744
0.00307935
0.0019299
0.00138141
0.000297754
0.00105697
0.00114174
0.000518421
0.00260767
0.000535012
0.00127621
0.00126679
0.000614159
0.000827416
0.00113998
0.000977109
0.000974994
0.0018125
0.00125555
0.00132246
0.00107267
0.000712333
0.000600703
0.000683323
0.00110639
0.000141411
0.00159375
0.000829028
0.000723131
0.0015732
0.000590212
0.00242522
0.00140374
0.00145739
0.000954285
0.00179689
0.000897006
0.000143084
0.00165593
0.00172583
0.00066429
0.000335142
0.00114427
0.00153268
0.00176041
0.000664042
0.00205002
0.000889061
0.00106445
0.000318256
0.000815008
0.000385136
0.00103363
0.00295906
0.000841501
0.00132908
0.000766326
0.000647831
0.000573604
0.00187882
0.000833209
0.00331571
0.00137846
0.00378311
0.00149447
0.00127254
0.00140247
0.000720317
0.00125535
0.000761803
0.000706409
0.00241507
0.00291723
0.000141962
0.000547615
0.0011359
0.000378651
0.000356771
0.000584797
0.00200369
0.00107611
0.000801948
0.000680936
0.00332852
0.00104512
0.00246578
0.00118825
0.000766005
0.00114745
0.00132971
0.000966181
0.000537751
0.000754857
0.000147229
0.00116061
0.00188203
0.000394667
0.000957015
0.00092467
0.00126781
0.00163293
0.00128135
0.000599434
0.00189866
0.00114586
0.00220786
0.000619317
0.000946673
0.00118907
0.00056486
0.00115816
0.00116338
0.00014629
0.000517107
0.000591
0.00153505
0.000141642
0.000893577
0.00170997
0.0011154
0.000814219
0.000659442
0.00229427
0.000662404
0.0007445
0.000341131
0.000459023
0.00241924
0.000969413
0.000879691
0.000292856
0.000142276
0.000141918
0.00139651
0.000794822
0.00195254
0.000932128
0.000731232
0.000472309
0.000831046
0.00109015
0.0010872
0.000846682
0.00142321
0.000140671
0.00183016
0.00154161
0.00103746
0.00115992
0.00063954
0.000144798
0.00315675
0.00126582
0.00202085
0.00130373
0.00183167
0.0012362
0.000809625
0.00153373
0.00185286
0.000448363
0.00145875
0.0012048
0.00128126
0.000196342
0.000237105
0.00145379
0.00207078
0.00301948
0.00130274
0.000144984
0.000704716
0.000355301
0.00209466
0.000720726
0.00062505
0.000864596
0.00126044
0.000715527
0.00106969
0.000676972
0.00454392
0.00188157
0.000141351
0.00193368
0.00152246
0.000674064
0.00087689
0.00146703
0.00123308
0.00235523
0.000962321
0.00136459
0.00125169
0.00108909
0.000830873
0.000642198
0.000536051
0.00122911
0.00188389
0.000278266
0.00368819
0.00102703
0.000337104
0.00119371
0.000261886
0.00118199
0.00176067
0.000963898
0.00134456
0.000652034
0.000944293
0.00177113
0.00134098
0.000924642
0.000870975
0.00152972
0.00191944
0.000604434
0.000940832
0.000141174
0.00204919
0.000565288
0.00109576
0.00155876
0.00157143
0.000147538
0.00135438
