0.000220582
0.000734529
0.00140434
0.0016184
0.00127294
0.00196491
0.00168916
0.000984716
0.00446255
0.00135009
0.000379136
0.00047269
0.000783387
0.00170162
0.00262963
0.00111686
0.00106261
0.000845403
0.00120166
0.00109984
0.000261713
0.00309487
0.00121147
0.00274708
0.00231117
0.00385842
0.00373314
0.00106889
0.00255449
0.000594211
0.000667399
0.000459361
0.00110042
0.0015122
0.00230796
0.00116038
0.00108813
0.00119342
0.00248721
0.000469379
0.000366446
0.000646272
0.00247507
0.00133602
0.00117791
0.00191042
0.00185622
0.00355217
0.00193636
0.00131441
0.00166524
0.00102693
0.00162452
0.00385914
0.000929525
0.000247054
0.00178712
0.00188022
0.00129278
0.00182451
0.000889514
0.00134875
0.000293017
0.0034954
0.000933185
0.00268071
0.000777695
0.00161337
0.00227384
0.00333445
0.0011902
0.00552453
0.000535597
0.001398
0.00354273
0.00191369
0.00243261
0.00138301
0.000403976
0.00208019
0.00134623
0.000726058
0.00156945
0.00160415
0.00365714
0.00350547
0.000765466
0.0162968
0.00362148
0.00132018
0.000698457
0.00789515
0.00109391
0.00198911
0.000666793
0.00034534
0.000990585
0.000473211
0.00262262
0.00207599
0.000577036
0.00022493
0.0006677
0.000440392
0.00203295
0.0020318
0.0020615
0.000910901
0.00111409
0.00182252
0.00220141
0.000313606
0.00585419
0.000469886
0.0015269
0.000291826
0.00509425
0.00234409
0.00176418
0.00214825
0.00381829
0.00294306
0.00130063
0.00197769
0.00076067
0.00223061
0.00323904
0.00186658
0.00263113
0.00116482
0.00245527
0.00119326
0.00128309
0.00248022
0.00186488
0.00185829
0.000353582
0.000360989
0.00101871
0.00115022
0.00137073
0.00160192
0.00110118
0.00318854
0.00562907
0.00136799
0.00700245
0.000222353
0.000701589
0.00182236
0.000185804
0.00344768
0.00152258
0.000439389
0.0010265
0.000784174
0.000228341
0.00202942
0.000423304
0.0009751
0.00185918
0.000798448
0.00218161
0.000700766
0.00314833
0.00184822
0.000228361
0.0013761
0.00132406
0.00217587
0.00193938
0.00284942
0.000660648
0.0019126
0.0024855
0.00213042
0.00137309
0.000867947
0.00111252
0.00348416
0.000385712
0.00192322
0.00822322
0.00131876
0.00102327
0.000779472
0.000746601
0.000774065
0.000858312
0.00124152
0.00459701
0.00180735
0.00118129
0.000630442
0.00044921
0.00237146
0.00231512
0.00136206
0.00107932
0.0020864
0.00111285
0.00191173
0.000409019
0.00208225
0.000898602
0.000589178
0.0165333
0.000746239
0.0019352
0.00056808
0.00123493
0.00149579
0.0014919
0.00145437
0.00349027
0.000886908
0.000284476
0.00135586
0.000684927
0.000624716
0.000982516
0.000351493
0.000615985
0.000648301
0.00228338
0.00114826
0.00129872
0.00289174
0.00219953
0.00120976
0.000804272
0.00198715
0.00323714
0.00235965
0.00117741
0.00100272
0.00386821
0.00178371
0.0015062
0.00140442
0.00209608
0.0010686
0.0010862
0.00173374
0.000588065
0.000498638
0.000608072
0.00313678
0.000215101
0.00103389
0.00110492
0.0049654
0.000931827
0.00119435
0.000606436
0.00285287
0.000814913
0.000236026
0.000892021
0.00169505
0.00186287
0.00356545
0.00248958
0.00197269
0.00152912
0.000928121
0.000924202
0.00132163
0.00222111
0.0019524
0.00116393
0.000539418
0.000671661
0.000639237
0.00194496
0.000535297
0.00133163
0.00259089
0.00272062
0.00110079
0.00132132
0.000783786
0.00185917
0.00142624
0.0010059
0.00136253
0.00125166
0.00215314
0.000815658
0.00158606
0.00039681
0.00131665
0.00606928
0.0122324
0.0013799
0.000851742
0.0021243
0.00119614
0.000479215
0.00230953
0.00227573
0.00310749
0.00141778
0.000880391
0.000744564
0.00163995
0.00130262
0.000930934
0.000852981
0.000649236
0.00193541
0.00151142
0.00194511
0.00294327
0.00208341
0.00100846
0.0045286
0.00113343
0.00222759
0.000182573
0.001355
0.00127577
0.000736917
0.00233276
0.00114463
0.000684919
0.00134028
0.00230503
0.00134563
0.0010169
0.00138411
0.00217894
0.00115467
0.00103973
0.00080705
0.000207295
0.00308995
0.00606115
0.00208489
0.000981033
0.00056319
0.00351215
0.00169747
0.00218649
0.00116589
0.0013734
0.00937409
0.00242427
0.000926549
0.00134789
0.000606701
0.000291923
0.00117659
0.00105976
0.000326059
0.000761302
0.00157882
0.00221471
0.0075755
0.00120706
0.00145417
0.00288998
0.00313734
0.000728486
0.00076757
0.000728682
0.00249663
0.00142845
0.000879023
0.00173325
0.00478115
0.000699027
0.00104903
0.000420737
0.00107199
0.00148525
0.00217012
0.00172276
0.000161324
0.0012725
0.000570122
0.00269329
0.000783843
0.00159623
0.0023185
0.000410502
0.00152008
0.00110555
0.00828361
0.00206558
0.00674504
0.0015661
0.00159558
0.00318382
0.000302043
0.00067469
0.00228584
0.0014843
0.001531
0.00179826
0.00070992
0.00108956
0.00210909
0.00234329
0.000928895
0.00537589
0.00157908
0.000420338
0.0023306
0.00126224
0.000768043
0.00114674
0.000909284
0.000359008
0.000638958
0.000584545
0.00208676
0.000817792
0.00024812
0.00168535
0.00190572
0.00382132
0.00159364
0.00173897
0.00131406
0.00187622
0.00950635
0.000675698
0.0121318
0.00131123
0.00120465
0.000504413
0.000935299
0.00102263
0.00117547
0.00162095
0.00129076
0.000666886
0.001338
0.00256888
0.000425301
0.000856834
0.000740796
0.000784456
0.000973116
0.00177429
0.00122942
0.00161939
0.00159545
0.0016931
0.0011009
0.0015434
0.000818013
0.00114253
0.00381038
0.00129942
0.000441793
0.00170802
0.00179719
0.00105802
0.000984408
0.00111008
0.000977015
0.00229835
0.000978516
0.000697544
0.000702111
0.00144487
0.000340753
0.00118387
0.00201683
0.00242038
0.000556159
0.000604448
0.00170375
0.00134279
0.00177153
0.000781973
0.00417626
0.0014599
0.00114709
0.00227823
0.00134673
0.00175723
0.00123067
0.000899186
0.00158445
0.00141414
0.00408708
0.0018722
0.00183233
0.00130267
0.00393633
0.0032005
0.00183097
0.000974927
0.000684409
0.00152752
0.00123097
0.000919425
0.00132384
0.00109089
0.000491345
0.00140416
0.00284412
0.0015175
0.00246321
0.00338255
0.00089737
0.000881987
0.00103645
0.0017032
0.00168815
0.00186463
0.00101523
0.00129908
0.00137029
0.0041092
0.000665099
0.000792289
0.00137714
0.00143221
0.00137754
0.00277279
0.000924822
0.00471906
0.00189803
0.00301821
0.00185868
0.00275805
0.000735761
0.00161484
0.00036595
0.000263963
0.00240741
0.00049003
0.000819302
0.00110927
0.000830174
0.00263818
0.00147265
0.000894575
0.000740212
0.00137373
0.00384078
0.000457189
0.00115792
0.00106374
0.0010721
0.00448035
0.00168058
0.00593102
0.00148966
0.00146923
0.00154256
0.00317014
0.0014204
0.00128644
0.00111542
0.00222048
0.00111366
0.00265786
0.00169829
0.000347932
0.000763089
0.00417568
0.00499497
0.000239323
0.00383429
0.000729438
0.00311706
0.00169805
0.00250915
0.00259151
0.00132933
0.00123989
0.0019106
0.000758764
0.000316037
0.00107136
0.00146195
0.000933862
0.00120956
0.00213381
0.0030032
0.00131962
0.000684303
0.00180502
0.00135652
0.00479732
0.00108156
0.000761768
0.00328957
0.00265461
0.000751389
0.00144699
0.00289551
0.000983515
0.00185161
0.00227355
0.00127221
0.00133374
0.00233249
0.00150658
0.00263043
0.00239563
0.000462967
0.00135
0.00163913
0.00424812
0.00304197
0.00412245
0.0014598
0.0029974
0.000503899
0.00173071
0.00136979
0.000763159
0.000180363
0.000961858
0.00147901
0.000970378
0.00196711
0.00407218
0.000315128
0.00121843
0.0021457
0.00494074
0.0003218
0.000422478
0.00453884
0.00234184
0.00138175
0.000494971
0.000896978
0.00159808
0.00154382
0.00182446
0.00104911
0.00189916
0.0024727
0.00114652
0.000995189
0.000746256
0.00619213
0.00110057
0.00121222
0.0023527
0.00124089
0.000476608
0.000581879
0.000876324
0.000688977
0.00125941
0.000495959
0.000825536
0.00166922
0.00074802
0.00133123
0.00203645
0.000424674
0.00137619
0.00189766
0.00213752
0.0008275
0.00111833
0.000936976
0.000785101
0.00177735
0.00136895
0.00149262
0.00107981
0.00130306
0.0030589
0.000462259
0.00139323
0.000534514
0.00108516
0.000931109
0.00128058
0.00155869
0.00253364
0.0023581
0.00164771
0.00222995
0.00121523
0.0011505
0.00168135
0.00197682
0.00233975
0.00238248
0.00133649
0.000974626
0.00164509
0.000216341
0.00111284
0.00160653
0.00197232
0.0012489
0.00208037
0.000848692
0.000885992
0.00209266
0.00102751
0.00101561
0.00229739
0.00286812
0.00148809
0.00119604
0.000150482
0.00174976
0.003608
0.00128603
0.00296075
0.00526698
0.00128163
0.00118618
0.00168124
0.00135109
0.00330273
0.000611342
0.000750777
0.00112825
0.00123537
0.00134152
0.00204852
0.00048537
0.000383886
0.00191439
0.00209444
0.00172656
0.00157123
0.0011107
0.00101663
0.000641429
0.00162507
0.0032248
0.00129016
0.00160813
0.00324158
0.000600771
0.00312802
0.0013352
0.00222641
0.00137563
0.00103009
0.0011424
0.00164143
0.00139857
0.00253525
0.0025666
0.00230372
0.00061984
0.00194682
0.00115677
0.00144243
0.00106067
0.000972778
0.0013184
0.00326203
0.00127015
0.00675502
0.0028764
0.000876744
0.00312475
0.0195373
0.00104266
0.0036648
0.00187476
0.00168526
0.00131235
0.000876772
0.000772537
0.00251161
0.00139746
0.000964111
0.000935516
0.00215805
0.000187629
0.00653862
0.000291301
0.00139223
0.000714635
0.00130152
0.000849903
0.00167205
0.00141813
0.000748626
0.00242507
0.000813559
0.000269278
0.00276003
0.000621354
0.00398776
0.00292211
0.00127757
0.00226833
0.00160663
0.0019165
0.00128916
0.00147929
0.000767351
0.00155709
0.00178343
0.00202377
0.00156803
0.00197542
0.00220194
0.000388038
0.00126166
0.00142124
0.000584945
0.000879894
0.00282768
0.00152002
0.00134816
0.000686213
0.00141141
0.0028446
0.00418154
0.00164668
0.0127185
0.00134444
0.000667261
0.00231724
0.00123054
0.00170327
0.00122124
0.00134016
0.000733735
0.00137846
0.000933326
0.000909577
0.00110238
0.00079461
0.000367696
0.00089893
0.000709599
0.0008846
0.000528986
0.00153527
0.00214551
0.00179906
0.00206423
0.000902913
0.00102479
0.00219824
0.00121736
0.00224638
0.00117303
0.00353986
0.00221148
0.00170535
0.00221717
0.00152196
0.00218991
0.00129628
0.00176261
0.00275943
0.0013606
0.00267706
0.00239409
0.00218046
0.000207715
0.00192494
0.000392798
0.00172991
0.001724
0.000291894
0.00212962
0.00213586
0.00291348
0.00291613
0.00223122
0.00123563
0.000269883
0.00325053
0.00085699
0.00118032
0.00104855
0.000696232
0.00120687
0.00168717
0.00275382
0.00059394
0.00185536
0.000876977
0.000335634
0.00606997
0.000875883
0.00160905
0.00339246
0.00126119
0.00166993
0.00104739
0.00114805
0.000947093
0.00432208
0.00152094
0.0133105
0.000793049
0.000730834
0.00110392
0.00124728
0.00200185
0.00150786
0.00138634
0.00287413
0.00267806
0.00188724
0.00191817
0.00144251
0.00291466
0.00171669
0.00140822
0.000797216
0.000709825
0.00222997
0.0011124
0.00311251
0.00287604
0.00165825
0.00216664
0.00125576
0.00122213
0.00156892
0.000236548
0.000433628
0.000853616
0.00241729
0.00107724
0.000573476
0.000943135
0.000526385
0.00616935
0.000848572
0.00177413
0.00270699
0.000505757
0.00154082
0.00054412
0.000908986
0.000695729
0.00190055
0.00144191
0.00062061
0.00136658
0.00167739
0.00126445
0.00188206
0.00104376
0.00100732
0.000951162
0.00241831
0.000662355
0.00451751
0.00315757
0.0025071
0.000730821
0.00270597
0.00129857
0.00181756
0.00194813
0.00148127
0.0011669
0.00230954
0.000720928
0.0012934
0.00115388
0.00291397
0.00220533
0.0034101
0.00274534
0.00351791
0.00127818
0.00439922
0.00199051
0.000797165
0.00121744
0.00161919
0.00180436
0.000862859
0.00252733
0.00354131
0.00361224
0.0011168
0.00195994
0.000331152
0.000996106
0.00206688
0.00114802
0.000357948
0.00191818
0.00297809
0.00317113
0.00393914
0.00156215
0.00313145
0.00222938
0.000858508
0.00145715
0.00187213
0.000959879
0.00266265
0.000756161
0.00107489
0.000741483
0.000746351
0.000774765
0.000824573
0.000819902
0.00169917
0.000811341
0.00120033
0.000504403
0.00113573
0.000609745
0.00112715
0.00120302
0.00199162
0.00163092
0.00232298
0.00190094
0.000927813
0.00184804
0.000353482
0.00280722
0.0016338
0.00305554
0.000650432
0.00430836
0.00429369
0.00134891
0.00139713
0.000633079
0.00108901
0.00147225
0.00180538
0.000377087
0.00193637
0.00166918
0.00246581
0.00192459
0.000903196
0.00344987
0.00256061
0.00232446
0.000560482
0.00143655
0.000337378
0.00103487
0.00167005
0.00122335
0.00094623
0.00295984
0.00107011
0.00150637
0.00341199
0.000936111
0.000640223
0.00225556
0.00789971
0.00124196
0.00331908
0.00119133
0.00374429
0.00205895
0.000432003
0.00101939
0.00121635
0.000762406
0.00157885
0.00128969
0.00102819
0.00158935
0.001061
0.00192022
0.00141685
0.000561353
0.000892475
0.00172842
0.00140403
0.000807714
0.00105329
0.00093689
0.00174084
0.000765779
0.00110769
0.00210009
0.0012052
0.00242537
0.000427343
0.000963533
0.00153132
0.00109832
0.00291101
0.00146944
0.00124195
0.00142414
0.00144056
0.0042316
0.00192804
0.00207109
0.00182088
0.00161703
0.00302086
0.0011756
0.00378453
0.00775414
0.00125172
0.00132476
0.00121069
0.00123348
0.00165182
0.0030971
0.00120588
0.000939706
0.000199321
0.00446141
0.000892259
0.00151316
0.00129736
0.00151814
0.00679685
0.00108153
0.00175271
0.00227835
0.00249999
0.00302175
0.000298353
0.00124588
0.00044116
0.00081168
0.00196064
0.00113114
0.000300048
0.00121041
0.00102497
0.0200926
0.00116015
0.00326118
0.000199976
0.00162133
0.0011636
0.00195741
0.00153601
0.00189528
0.0010418
0.00670697
0.000811578
0.00256468
0.00416777
0.00119775
0.0006273
0.00087524
0.000763917
0.000687976
0.00181899
0.000702413
0.000447363
0.00121451
0.000894628
0.00144375
0.00181527
0.00129849
0.00162305
0.00353461
0.00170263
0.00192381
0.00157616
0.0008959
0.00090367
0.000586546
0.00139877
0.00194014
0.000867844
0.00134997
0.00111006
0.00156909
0.000985312
0.000540532
0.00123948
0.000829125
0.00254907
0.00150914
0.00126678
0.000456321
0.000808126
0.00108932
0.00128844
0.000411371
0.000719956
0.00414488
0.000612643
0.00221061
0.000382844
0.000836445
0.000486123
0.00131214
0.00112715
0.000987703
0.000661859
0.00122716
0.00524274
0.00187509
0.000724628
0.0019428
0.00117287
0.000865233
0.00189638
0.00109193
0.000922072
0.0019705
0.00159428
0.00247712
0.000875714
0.00272605
0.00110738
0.00045108
0.000867149
0.00179018
0.00310929
0.000587955
0.000463791
0.000455486
0.00117443
0.00423307
0.00210496
0.00107616
0.0023286
0.00168912
0.000163463
0.000621306
0.0013642
0.00014378
0.00471134
0.000753825
0.000429064
0.000944639
0.000782524
0.00250385
0.00153605
0.00288213
0.00343477
0.00140888
0.00209963
0.00196123
0.000710533
0.00132377
0.00148591
0.000876071
0.00303323
0.00745353
0.00150632
0.00133981
0.0027669
0.00736256
0.00162281
0.000365505
0.000735194
0.00255814
0.000754398
0.000980216
0.0016942
0.00244741
0.0010112
0.00918238
0.00140564
0.00214247
0.00119453
0.00150984
0.00199857
0.00362319
0.000830993
0.012118
0.00111644
0.00536776
0.000771604
0.00276766
0.000719598
0.00117913
0.000856061
0.00107554
0.00402723
0.000785672
0.00143455
0.00112854
0.000461041
0.00372482
0.00180717
0.00146155
0.00234523
0.000922968
0.000933121
0.000850998
0.000478961
0.00271036
0.000392653
0.00111704
0.00320769
0.00143791
0.00411527
0.00263632
0.00147883
0.000637275
0.00350135
0.0017537
0.000924641
0.00147867
0.00214709
0.0012031
0.00134597
0.00143016
0.00159104
0.00202252
0.000621418
0.00145558
0.00332599
0.00113586
0.000807796
0.000634237
0.00210871
0.00124287
0.000143015
0.0019534
0.00214735
0.00185553
0.00116758
0.000155654
0.000856908
0.00196424
0.00104347
0.000220487
0.00294976
0.0010807
0.000797477
0.00123677
0.0024302
0.00215626
0.00095791
0.00129419
0.00143625
0.00286669
0.00227539
0.00402428
0.00238718
0.00100945
0.00040227
0.000414671
0.00299885
0.00218419
0.00113994
0.00164706
0.00144799
0.00121801
0.000627755
0.00111596
0.00099168
0.000253947
0.000606179
0.000931287
0.00200618
0.000335622
0.000840767
0.00132966
0.0014683
0.000518589
0.00143327
0.00162105
0.00168007
0.00126296
0.00458842
0.0016791
0.00167943
0.00117896
0.000422908
0.00222048
0.00027325
0.00139303
0.00104396
0.000922111
0.00148557
0.00458786
0.00104072
0.00861247
0.000818551
0.00210899
0.00117161
0.000581155
0.000727745
0.00935536
0.00207305
0.00227956
0.00209415
0.000722933
0.00449358
0.00173839
0.00106837
0.000459937
0.002103
0.000467864
0.00132261
0.000931676
0.00117
0.000995248
0.00171244
0.00107808
0.00457358
0.00168617
0.00662696
0.00170942
0.00269379
0.000870935
0.0015803
0.000552959
0.000701916
0.000914923
0.00199551
0.000656069
0.000707287
0.00040899
0.00162457
0.00152473
0.000897178
0.0038826
0.00133152
0.00125847
0.00131296
0.000885794
0.00159379
0.0018502
0.00018352
0.000628558
0.00173991
0.00395158
0.00173355
0.00164451
0.00201386
0.00107508
0.00126168
0.00222514
0.000661069
0.00419198
0.005272
0.00101782
0.00159768
0.00251233
0.00113402
0.000982526
0.00133949
0.00167937
0.000581535
0.000680676
0.000235709
0.00380952
0.000932326
0.0161014
0.00128078
0.00350288
0.00114038
0.00246154
0.000656513
0.00169652
0.00843827
0.00237796
0.000946066
0.00229206
0.0016888
0.000568614
0.00403427
0.00319063
0.00143603
0.00137097
0.0132371
0.000875473
0.0017884
0.00459029
0.00289573
0.000744294
0.00217658
0.001078
0.000300799
0.000175863
0.00121826
0.0023002
0.000832192
0.000318406
0.0022215
0.00203235
0.000420826
0.000976908
0.00201758
0.00191192
0.000241459
0.000793878
0.00150173
0.000984979
0.00233543
0.00137745
0.000494554
0.000147819
0.00147302
0.000575965
0.0379401
0.00197433
0.00129016
0.00133518
0.00146543
0.00228012
0.00237474
0.00177981
0.0006701
0.000845488
0.00142932
0.00406616
0.00166552
0.0037734
0.00128064
0.0010705
0.00208732
0.000900497
0.000609915
0.00342499
0.00222541
0.00119833
0.00231682
0.00157257
0.00194216
0.00103172
0.00218891
0.000307314
0.0045634
0.0011437
0.000805081
0.00276582
0.000296434
0.00438158
0.00133973
0.000952487
0.00113386
0.00180025
0.0031745
0.00164865
0.00269511
0.00101384
0.00161259
0.0123526
0.00156777
0.00205012
0.00149045
0.00106731
0.00153477
0.00131472
0.000482973
0.00185744
0.00167808
0.00185814
0.00066659
0.00175225
0.00225334
0.00109246
0.0101721
0.00142187
0.000539454
0.000669216
0.00189926
0.00252404
0.000884551
0.00100114
0.000365037
0.00304033
0.00120832
0.00120333
0.000652307
0.00236196
0.00279878
0.000716995
0.0051107
0.00126312
0.00179119
0.000726754
0.00105731
0.00274273
0.000438301
0.00138846
0.000768546
0.000153734
0.00149615
0.00110049
0.00106253
0.000898233
0.000412464
0.00141939
0.00251046
0.00117787
0.00132621
0.00814422
0.000725423
0.00104671
0.00464209
0.00287556
0.00429067
0.000794128
0.00371434
0.00223856
0.00100143
0.000177725
0.00239549
0.000652198
0.00119506
0.00102122
0.0011105
0.00158281
0.000555194
0.000699131
0.00086013
0.00077646
0.000783629
0.00116749
0.00198006
0.00166985
0.00151673
0.000873011
0.00140969
0.000405127
0.000258506
0.00420511
0.00102027
0.00281868
0.0014258
0.000478062
0.00169672
0.0006623
0.00109135
0.00160899
0.000874201
0.000846396
0.00104183
0.00207746
0.00280322
0.000994416
0.00165639
0.00121627
0.00180659
0.00352026
0.000293883
0.000533511
0.00375611
0.00190093
0.00350566
0.00288611
0.00233985
0.00216844
0.0010397
0.00963236
0.00159097
0.00268237
0.00222115
0.000805214
0.000525886
0.000850607
0.000663508
0.000914345
0.0117063
0.00150788
0.00120828
0.0015536
0.00211327
0.000751208
0.00147145
0.00123192
0.00181454
0.00345053
0.00262212
0.00676666
0.0017817
0.000390022
0.000707347
0.00227353
0.0226929
0.00113138
0.00121977
0.00102247
0.00347035
0.00107205
0.00210511
0.00339448
0.000551572
0.0105218
0.00128713
0.00339787
0.00103104
0.00243253
0.000777918
0.00106201
0.00172037
0.000853423
0.000622307
0.00118553
0.00137822
0.00195117
0.00216965
0.00190397
0.000832248
0.00165682
0.00075387
0.00637281
0.00206698
0.000975249
0.00357496
0.00107621
0.000779404
0.00153606
0.000967159
0.000704946
0.000640557
0.00126286
0.000416363
0.00153163
0.000989729
0.000338555
0.00316233
0.00098709
0.000490031
0.000631017
0.00146757
0.00178166
0.000462001
0.00151592
0.00134862
0.000534665
0.00117438
0.000998097
0.00102856
0.00188755
0.000826506
0.00200249
0.0068248
0.00148379
0.0015637
0.00132696
0.00620592
0.000905468
0.00133732
0.000730681
0.00276743
0.00375495
0.00490399
0.00184845
0.000854081
0.00624546
0.00134732
0.00180584
0.00186017
0.00152119
0.000434579
0.00314436
0.0012878
0.000628423
0.000923939
0.000513817
0.00180458
0.00077922
0.00318206
0.000849215
0.00141864
0.000629135
0.0069013
0.0045827
0.00142846
0.00234385
0.00154317
0.00258965
0.0012105
0.000598827
0.00468127
0.00113607
0.00168958
0.000306874
0.00754478
0.000781936
0.0017195
0.0011119
0.00174012
0.00116438
0.00197643
0.000624426
0.00152214
0.00356156
0.00132867
0.00329232
0.000920554
0.00125795
0.000635074
0.00121873
0.00235066
0.00067063
0.00113823
0.00574246
0.000962228
0.00232454
0.00103442
0.0015416
0.00364065
0.00386212
0.000512379
0.00191922
0.000757696
0.00191341
0.000856299
0.000837787
0.00114004
0.00134577
0.00197189
0.00106
0.000834842
0.00058023
0.00139952
0.00098215
0.00170035
0.000537737
0.000781023
0.00177432
0.000914011
0.00114274
0.00168388
0.00135103
0.00351555
0.00212694
0.000285301
0.00135678
0.00185937
0.000646665
0.00142127
0.000953904
0.00148072
0.00104683
0.000493432
0.00311481
0.000967168
0.00078006
0.00104941
0.0011582
0.0012324
0.000235527
0.00300014
0.00150472
0.00250204
0.000632747
0.00120722
0.000799875
0.000151955
0.000786057
0.00620215
0.00329057
0.000972452
0.004611
0.001468
0.00121458
0.000608374
0.00363211
0.000170658
0.00118105
0.00185989
0.00134408
0.00182519
0.000837335
0.000656764
0.00137995
0.0029696
0.00193397
0.0012685
0.00299584
0.00157753
0.00103585
0.00413031
0.00337121
0.00185964
0.000562369
0.00422375
0.0011976
0.000768467
0.00115891
0.000680965
0.00181883
0.000932135
0.00807806
0.00107964
0.00111589
0.00154409
0.0023633
0.00453681
0.000429234
0.00147598
0.00180074
0.000579075
0.0017752
0.00198195
0.00140579
0.00168597
0.00184121
0.000520564
0.0017648
0.0124652
0.00315275
0.000935409
0.00058632
0.0011822
0.00199591
0.0020031
0.00191294
0.00188106
0.00186047
0.00050462
0.000992255
0.00138124
0.00500345
0.000552861
0.00288589
0.000480096
0.00356232
0.00050847
0.00104243
0.00059235
0.00186175
0.000990106
0.000533759
0.000415923
0.000630827
0.00144397
0.00150346
0.000717891
0.00190239
0.00336959
0.00155862
0.00360091
0.00147881
0.00129798
0.00173923
0.000606045
0.00173882
0.0013871
0.00341871
0.00102673
0.000853434
0.000345851
0.00158388
0.00151858
0.00262353
0.00079658
0.00189111
0.000825059
0.00104061
0.000633586
0.00159765
0.0109282
0.00356503
0.00109628
0.00115009
0.00172842
0.00213807
0.00118677
0.000710838
0.000952163
0.0023711
0.00093515
0.00302058
0.000583178
0.00177621
0.00065768
0.00141125
0.00126541
0.00046262
0.00161341
0.00225293
0.00170275
0.00109335
0.000591134
0.00155646
0.00543776
0.00123457
0.000838661
0.00196351
0.00177495
0.000799907
0.000444704
0.000378287
0.00115735
0.00110516
0.000946648
0.0025674
0.00172114
0.0016903
0.00111272
0.0014985
0.00225108
0.00179617
0.00511703
0.00133457
0.00171892
0.00103016
0.0006887
0.00236818
0.00145716
0.00190072
0.000789773
0.00693025
0.000808845
0.000460432
0.000632018
0.00121143
0.000299199
0.00269513
0.0012971
0.0026345
0.00141174
0.000970775
0.00119676
0.00115378
0.00176782
0.000774834
0.000986547
0.00351319
0.000621552
0.00131937
0.00228878
0.00198945
0.00268394
0.000883309
0.000632209
0.000723694
0.00231525
0.000428368
0.00196686
0.00187665
0.000480629
0.000636024
0.000772589
0.000537834
0.00104168
0.000140507
0.00198292
0.00178863
0.00232438
0.00094149
0.00392735
0.00117291
0.00191851
0.00139753
0.00121297
0.00217569
0.000827196
0.0145405
0.00106254
0.00135541
0.00166675
0.00118821
0.00178949
0.000953403
0.000346831
0.00270607
0.00153619
0.00121046
0.00112786
0.00206654
0.0010073
0.00104573
0.00125592
0.00219299
0.000957005
0.00170753
0.000712624
0.00104498
0.00157774
0.000557952
0.00131209
0.000856566
0.00103112
0.00138796
0.00617222
0.000995666
0.000807933
0.00293545
0.00222671
0.000569668
0.00161035
0.000857626
0.00293651
0.00127506
0.000547085
0.00201922
0.00302477
0.00174918
0.000906841
0.00209452
0.00992276
0.000637644
0.00143988
0.00116978
0.00183651
0.000456003
0.0017213
0.000478615
0.000750656
0.00310918
0.00113194
0.00142243
0.00220955
0.000957067
0.00152405
0.00392876
0.00106999
0.0020482
0.00121538
0.000395563
0.00178219
0.00294494
0.000611243
0.00102939
0.00127066
0.00241358
0.000542318
0.00181622
0.00126621
0.0058096
0.000665893
0.00227905
0.00128851
0.00107221
0.000571152
0.00256949
0.00229118
0.00123867
0.00100683
0.00798294
0.000458485
0.00214265
0.00164467
0.00172704
0.000905696
0.00177971
0.00115066
0.00137064
0.000257693
0.000402772
0.00290561
0.000762715
0.00217688
0.00086559
0.000777895
0.00269799
0.000621463
0.00275116
0.00208522
0.00145048
0.00135576
0.000983227
0.00232655
0.00110143
0.00110426
0.00230664
0.0064433
0.000558267
0.00130344
0.00195008
0.00197625
0.00137431
0.00132559
0.000557424
0.0140249
0.00036458
0.002012
0.000659083
0.00167964
0.000415826
0.000629707
0.00184897
0.00123065
0.00121089
0.000731388
0.000958344
0.00200053
0.0014537
0.00119457
0.000882516
0.000897981
0.00225418
0.00106743
0.00224108
0.000376522
0.00107929
0.000944131
0.00088679
0.00165302
0.000250184
0.000718964
0.00175322
0.00205038
0.00683001
0.00147138
0.00213983
0.00110054
0.00128063
0.00370845
0.00425703
0.000976715
0.00240075
0.00100534
0.0012643
0.0017573
0.00462237
0.00261212
0.00229595
0.00141278
0.000879761
0.00253628
0.00178093
0.00140863
0.00150534
0.00120222
0.00110382
0.00248408
0.00128844
0.000529853
0.00453539
0.00626022
0.00188469
0.00179751
0.000487481
0.000178508
0.00165385
0.00145543
0.00135591
0.00142641
0.00123411
0.00114881
0.00358906
0.00166557
0.000738293
0.00675607
0.00119334
0.00283922
0.005422
0.0013549
0.00145333
0.000720802
0.00101098
0.00169991
0.000735243
0.00128675
0.000303012
0.00102233
0.0012592
0.00280468
0.00196325
0.00188857
0.0021586
0.000942846
0.000346393
0.00163325
0.00407734
0.0011017
0.00224477
0.000408626
0.00140385
0.00170777
0.00155161
0.00155845
0.000955951
0.0033847
0.00379769
0.001462
0.0033743
0.00124477
0.0012104
0.00325913
0.00144005
0.00124928
0.00132421
0.00109117
0.00131906
0.00176258
0.000648284
0.00206378
0.000561839
0.000783802
0.00105129
0.00193254
0.000558069
0.00209241
0.00147527
0.000308386
0.000985213
0.0014055
0.00437137
0.00120892
0.00201126
0.00102512
0.00219824
0.000757981
0.00116102
0.000780962
0.00105664
0.000879406
0.00130829
0.00156363
0.000882558
0.000419571
0.000766395
0.00169334
0.000801704
0.00299579
0.0003475
0.00253556
0.00120718
0.000915029
0.00057316
0.00104936
0.00122405
0.00114333
0.000481409
0.00241263
0.00768127
0.00278048
0.00194854
0.00115967
0.00177507
0.00172829
0.0009653
0.00200855
0.00287785
0.00093592
0.000711772
0.000796442
0.00123098
0.00108798
0.000700529
0.000889184
0.00133962
0.000868489
0.00276057
0.011429
0.00106529
0.00152908
0.00199233
0.00262525
0.00116796
0.000797022
0.00079153
0.00109137
0.0018468
0.00108481
0.000673904
0.000625327
0.0011313
0.00315664
0.0021748
0.00157791
0.000363355
0.00210328
0.00108618
0.00405485
0.00384385
0.00634008
0.00106656
0.00169307
0.000796806
0.00178984
0.000805795
0.000594
0.00107847
0.00100325
0.00113404
0.00211869
0.000876945
0.00205022
0.00169349
0.00219847
0.00158273
0.00240752
0.00231933
0.000374748
0.000897242
0.000854075
0.00133984
0.00199888
0.00319579
0.00120054
0.0031655
0.00346016
0.000703021
0.00106141
0.00144545
0.00124668
0.00222267
0.00436409
0.000483505
0.00149004
0.0023844
0.00123669
0.000671037
0.00101269
0.000899084
0.00121232
0.00078835
0.00451625
0.000986745
0.00154221
0.0023234
0.00106939
0.000905624
0.00138966
0.00177066
0.00136254
0.00254102
0.004406
0.00103299
0.000252048
0.00143711
0.0016679
0.00276223
0.00116766
0.00104391
0.000807082
0.000884727
0.00179813
0.000996062
0.000832025
0.00423579
0.000964517
0.000955399
0.000771741
0.00172429
0.00126066
0.00129895
0.00295765
0.000520021
0.00179051
0.000714453
0.00625102
0.00194842
0.000160334
0.00302888
0.00229618
0.000898819
0.000920295
0.00156947
0.000892525
0.000528733
0.00120952
0.0067339
0.00202183
0.00118293
0.0126566
0.000195027
0.00234083
0.00206123
0.00197162
0.000496649
0.000544667
0.000580901
0.00140994
0.00211046
0.00177995
0.000852849
0.000470418
0.000810748
0.000397156
0.00112604
0.00151605
0.00222404
0.00278956
0.00151595
0.00154333
0.00106049
0.000731906
0.00111574
0.00102209
0.00111803
0.001155
0.000989188
0.00113993
0.000825725
0.0031353
0.000504097
0.00143171
0.00130225
0.00121587
0.0012237
0.000336181
0.00126322
0.00156298
0.00126967
0.00148405
0.00112969
0.00146239
0.00118764
0.0037602
0.00360272
0.000874975
0.0014476
0.0023525
0.00168595
0.00143285
0.00137974
0.00796826
0.00257857
0.00152205
0.00237547
0.00224043
0.00253752
0.00109467
0.000811062
0.00141986
0.00134264
0.000961376
0.00360764
0.00200366
0.000938221
0.0013684
0.00233812
0.000386407
0.00163875
0.00664015
0.000552336
0.00178044
0.00252681
0.000996472
0.000970426
0.0010651
0.00448333
0.00101697
0.00114308
0.00106099
0.00193769
0.00122494
0.00133459
0.00213857
0.00104989
0.000291876
0.00114286
0.00145656
0.000192154
0.000780863
0.00283703
0.00173024
0.00224855
0.00159895
0.00109901
0.00120922
0.00191988
0.00113911
0.00230509
0.001106
0.000956677
0.00200578
0.000991224
0.00101864
0.00161909
0.00261604
0.00271515
0.0015148
0.00129744
0.00184005
0.00284148
0.00110722
0.00141238
0.00106342
0.000266668
0.00171945
0.00116065
0.000973625
0.00212937
0.00161279
0.000928741
0.00220669
0.00149096
0.000679814
0.00118943
0.00114062
0.000591473
0.00108225
0.00167377
0.000756213
0.00173422
0.00124296
0.00180119
0.00114643
0.00101209
0.000416091
0.00172073
0.00191394
0.00174797
0.000755481
0.00183767
0.00118835
0.000456107
0.000891387
0.000663686
0.000265183
0.000674946
0.00133991
0.00152578
0.00199022
0.00138488
0.00130975
0.000588625
0.00112562
0.000593853
0.00249623
0.000448003
0.00230202
0.00283116
0.00109296
0.00149981
0.00149465
0.00355159
0.000539595
0.000808886
0.000802085
0.000938059
0.00105931
0.00105763
0.00419258
0.00123628
0.00301982
0.000320009
0.00159687
0.00155045
0.000337174
0.00131644
0.00129849
0.000941248
0.00100298
0.00126597
0.00147514
0.00140813
0.00356644
0.000965302
0.000783462
0.000511256
0.00101357
0.00167452
0.00143036
0.00129249
0.00256438
0.0011312
0.00262862
0.000971939
0.000916056
0.00125943
0.00122388
0.00280187
0.0013164
0.000782971
0.000445185
0.0014157
0.000798809
0.00145825
0.000606815
0.000594159
0.00115441
0.00175493
0.00131688
0.000438349
0.00132518
0.00101746
0.00030667
0.00150295
0.00143449
0.00180193
0.0114381
0.002113
0.000980187
0.00135425
0.00173561
0.00111357
0.00105958
0.00143858
0.00180064
0.000778133
0.000984371
0.00177072
0.00186646
0.000429967
0.000835451
0.00520658
0.000936505
0.00227675
0.00118392
0.000162629
0.00261892
0.00150756
0.00177817
0.000472891
0.00311029
0.000967486
0.0024525
0.00199633
0.000784126
0.00079697
0.000935577
0.000859684
0.00284615
0.000780086
0.00262338
0.000514876
0.000778376
0.00127945
0.00248726
0.00215982
0.00129702
0.000688645
0.00184052
0.00109295
0.00110128
0.00209117
0.00463099
0.000716432
0.00324942
0.00357895
0.00073762
0.00328533
0.0039115
0.000293354
0.00168825
0.00320287
0.00274858
0.00124355
0.000179879
0.00102288
0.00198183
0.00189349
0.00123747
0.00220283
0.000587674
0.00215993
0.002788
0.000335633
0.000379739
0.00156171
0.001177
0.000771745
0.0012245
0.00188218
0.00184669
0.0018389
0.00267679
0.000984105
0.000433589
0.00152633
0.000781614
0.000744101
0.00164838
0.00143621
0.00154111
0.00381084
0.000562764
0.00420046
0.000858622
0.0137395
0.000970115
0.00101062
0.00195268
0.0010681
0.00187784
0.000644294
0.00125408
0.000808636
0.00254776
0.00192035
0.00118432
0.00345376
0.000278407
0.000752685
0.0017589
0.0014793
0.000710137
0.000771271
0.00154408
0.00182717
0.000812273
0.000985933
0.00226314
0.000742871
0.00337514
0.00647467
0.00071472
0.00109676
0.000285909
0.003783
0.00168536
0.000736413
0.0007037
0.00121181
0.00126481
0.00113463
0.00059262
0.00155937
0.000960931
0.00044088
0.00295363
0.000586226
0.000705346
0.000789241
0.00499281
0.0017892
0.000973719
0.00150856
0.00174895
0.00124753
0.00219637
0.00456367
0.00168742
0.000930138
0.00187347
0.000680209
0.00182313
0.000792072
0.00166977
0.00156722
0.00146384
0.000418512
0.000954653
0.00207383
0.00206421
0.00327545
0.00144257
0.000606726
0.000647173
0.00173863
0.00171947
0.000765709
0.00207992
0.000479118
0.00146059
0.00189369
0.000210454
0.00600041
0.00175891
0.000372778
0.00157124
0.00133783
0.000312193
0.000765368
0.00652266
0.00110518
0.00197278
0.00185508
0.00241857
0.00112718
0.00229531
0.00182088
0.00389979
0.00169723
0.00219881
0.000508463
0.00141309
0.00149536
0.000787566
0.00162645
0.00118984
0.000362309
0.0030362
0.000978594
0.000590331
0.000635408
0.00113362
0.00130128
0.000888189
0.00105683
0.000420972
0.0010523
0.000657334
0.00136724
0.00113239
0.00119468
0.000283125
0.00141566
0.00139027
0.00767357
0.0012877
0.000969792
0.00221304
0.000375025
0.00107067
0.000349708
0.00301599
0.0001696
0.000793922
0.000338357
0.000637555
0.00261756
0.00143473
0.00288935
0.000527945
0.00110496
0.000441675
0.00100555
0.00207906
0.0025318
0.000914608
0.00231155
0.00203534
0.00130839
0.00103156
0.00144358
0.000449549
0.000660411
0.0014639
0.00117464
0.00176752
0.00169371
0.000264663
0.000439754
0.0038209
0.00219944
0.00273732
0.000484714
0.0038808
0.00227199
0.00125649
0.000836414
0.00171602
0.00147755
0.00203809
0.0005042
0.000742188
0.00634597
0.00131551
0.00175071
0.00198105
0.00182872
0.00145379
0.00164849
0.00114961
0.00181854
0.00142586
0.000559432
0.00141086
0.00174826
0.000828941
0.00196962
0.000556812
0.00155508
0.000817945
0.00123549
0.000351149
0.000558238
0.00327875
0.00105806
0.00450898
0.00128086
0.00187923
0.00253639
0.00143238
0.0013726
0.000824463
0.000840993
0.000768646
0.00245638
0.000300657
0.00150989
0.000682347
0.00415209
0.000840455
0.00094153
0.00149676
0.000191013
0.000776683
0.000777155
0.00115233
0.00127941
0.00141289
0.000623077
0.00106707
0.000813487
0.00213097
0.000731123
0.000769618
0.00129026
0.00157242
0.00107587
0.000591361
0.00185117
0.00113723
0.00112341
0.00105977
0.00190264
0.00157071
0.00185569
0.000536447
0.00363759
0.00354741
0.000582538
0.00118576
0.00148638
0.00382898
0.0019548
0.000482953
0.00169888
0.00172741
0.00078164
0.000683781
0.00145197
0.00364599
0.00130542
0.00776723
0.00203002
0.00132248
0.00125261
0.00127929
0.000765627
0.0012574
0.000829431
0.00132955
0.000953726
0.00137436
0.00484459
0.000609401
0.000735619
0.00131506
0.000937549
0.00187574
0.00152922
0.00143394
0.00229973
0.0109233
0.00148118
0.00239936
0.00243426
0.00111593
0.000663205
0.00220157
0.000238672
0.00146205
0.00240979
0.00138776
0.00117662
0.00179595
0.0016281
0.00266952
0.000939891
0.000692301
0.000437665
0.00419541
0.000900504
0.00130129
0.00091402
0.00168796
0.00261882
0.00162924
0.0017292
0.00419442
0.000427234
0.000754457
0.000755158
0.00137157
0.00171012
0.00157335
0.00326634
0.00117905
0.00400194
0.00221949
0.000235241
0.00093194
0.00220306
0.00114108
0.000919566
0.000891176
0.000673714
0.000607911
0.00255295
0.00128013
0.0017402
0.000840361
0.00208355
0.00210292
0.00145171
0.00116247
0.00133649
0.000821238
0.0021795
0.000808512
0.00162552
0.000434566
0.00138582
0.000898262
0.000919016
0.00146552
0.00113264
0.0016311
0.000511124
0.00104309
0.00304649
0.0033588
0.00206232
0.000963847
0.00204557
0.0010552
0.00184282
0.000883186
0.00081336
0.000909933
0.0020754
0.00110554
0.0018303
0.00303967
0.00139553
0.00285402
0.00111816
0.00154335
0.00164065
0.00133019
0.000616475
0.000882065
0.00691477
0.00136939
0.000933127
0.00345088
0.000463531
0.00150495
0.00354234
0.000266117
0.000593028
0.00113637
0.00210733
0.000788074
0.00123548
0.000638015
0.00230476
0.000980185
0.000293316
0.00195743
0.00134857
0.00122401
0.00994912
0.00138386
0.000803631
0.00474086
0.0012528
0.000961485
0.00118541
0.000879037
0.00461536
0.00146599
0.0013846
0.00100321
0.00279606
0.00206679
0.000843718
0.00227774
0.00259482
0.00310253
0.000264488
0.000912077
0.00127923
0.0013144
0.00137689
0.00307808
0.00223353
0.00172946
0.000810422
0.000544799
0.00216635
0.00247154
0.00183213
0.000800916
0.00105034
0.000857416
0.00503914
0.00171084
0.000649503
0.00131734
0.00177673
0.00118986
0.00140907
0.00134608
0.00221157
0.00129141
0.000869762
0.00420444
0.00078407
0.000642273
0.00168964
0.00132261
0.00409762
0.00155548
0.0011159
0.000964574
0.00368437
0.00029452
0.00283513
0.00138147
0.00155433
0.00220861
0.000553782
0.00128016
0.00147988
0.00770692
0.00059879
0.000432409
0.00109684
0.00132905
0.000856165
0.00142865
0.00102116
0.0018392
0.000420302
0.000992627
0.000912931
0.000865117
0.00130842
0.00056852
0.000630028
0.00165361
0.00676178
0.000878071
0.0010765
0.0042568
0.000438159
0.0017382
0.000595102
0.0021628
0.0024749
0.0029532
0.00100102
0.00233941
0.00227988
0.00137938
0.000694039
0.0026036
0.00110254
0.000973358
0.00123555
0.00224654
0.0067523
0.00122648
0.000465293
0.000847552
0.00240873
0.00268288
0.0135713
0.00244271
0.00186883
0.003084
0.00436152
0.000960933
0.00103064
0.004478
0.00107992
0.000873515
0.000304287
0.00120945
0.00142766
0.000165248
0.000300843
0.0010832
0.00128672
0.000823459
0.00102088
0.00112615
0.000728679
0.000508205
0.00120025
0.000441602
0.00264842
0.00450407
0.00183078
0.00417838
0.00106324
0.000982094
0.00166997
0.00161501
0.00598553
0.0014035
0.00281713
0.000455034
0.00166435
0.000580843
0.00232608
0.000201377
0.00273722
0.00258884
0.00138951
0.00111176
0.000496854
0.00263424
0.00128644
0.00116631
0.00245187
0.00171647
0.000540801
0.00220173
0.00179856
0.00462261
0.00104579
0.00183648
0.00110211
0.00167499
0.00162436
0.00122761
0.00205341
0.00143754
0.000994842
0.00138782
0.00140073
0.00145182
0.000566827
0.00444537
0.00110916
0.00200742
0.000519263
0.001837
0.00087249
0.00100714
0.00100189
0.000753477
0.00160104
0.000673143
0.0024897
0.000439323
0.00136062
0.00262401
0.000580913
0.0058343
0.000723216
0.000265377
0.00131999
0.000774746
0.00135012
0.00115793
0.000248031
0.00206454
0.00145333
0.00140799
0.00456139
0.00220867
0.00145115
0.00296861
0.00141169
0.00327444
0.000579535
0.000594604
0.000921126
0.00136142
0.000877599
0.000757574
0.00128202
0.00131134
0.00208651
0.000471774
0.00455937
0.0013225
0.00111482
0.000575568
0.000848475
0.00157472
0.000996509
0.000812592
0.00101685
0.00204932
0.000950426
0.000352017
0.0136432
0.000660211
0.00106095
0.00100181
0.00054129
0.0108602
0.00244722
0.000653929
0.00274689
0.001541
0.00105027
0.00119706
0.0034794
0.000914961
0.0034969
0.00189039
0.00111338
0.00132772
0.00122996
0.000586854
0.000798016
0.000683671
0.000751134
0.00462202
0.000746247
0.0032184
0.000209704
0.00349937
0.00141568
0.00154447
0.00359054
0.0011145
0.00109656
0.00289039
0.00115009
0.00158594
0.000976314
0.00130045
0.00214697
0.00182091
0.00298605
0.00139235
0.000528933
0.00185567
0.0010072
0.00159675
0.000659193
0.00202308
0.00731589
0.00145575
0.000499181
0.00099813
0.00219615
0.00110178
0.00140243
0.00117131
0.00113967
0.00143088
0.00121406
0.0023294
0.00143022
0.00165927
0.00215129
0.000231
0.00195189
0.0010934
0.00211398
0.00261783
0.000548614
0.00255912
0.00176396
0.0015725
0.00467483
0.000930621
0.000493843
0.000746112
0.00131943
0.00197325
0.00184941
0.000624148
0.00125893
0.000519867
0.00322745
0.001235
0.00148496
0.00113
0.00315707
0.000718104
0.00386799
0.00254144
0.00205528
0.00132966
0.00379005
0.00112267
0.00121959
0.00127797
0.0011302
0.000823777
0.0036315
0.00190433
0.00103644
0.00132589
0.00291641
0.00186522
0.000709618
0.0012968
0.00117699
0.000992421
0.000649639
0.000940631
0.00058228
0.00308527
0.00134408
0.000423543
0.000984827
0.0018461
0.00135241
0.000860572
0.00223588
0.00202213
0.00136517
0.00125869
0.00132602
0.000870914
0.0016598
0.00106628
0.00184204
0.00339576
0.00102699
0.0015618
0.000750922
0.00159515
0.000856849
0.00414036
0.00282626
0.0023653
0.00209063
0.00177307
0.000953456
0.00158312
0.000549769
0.00167197
0.00135239
0.00211302
0.00414541
0.00161953
0.00159762
0.000976133
0.00122328
0.00156699
0.00224752
0.00113994
0.00294414
0.00294652
0.001352
0.00295559
0.00169086
0.00326107
0.00289872
0.00276791
0.000816056
0.000864252
0.00140333
0.00345565
0.00158995
0.00128346
0.000526515
0.000583061
0.00103594
0.00210324
0.000322562
0.000542641
0.00119047
0.000628742
0.00139332
0.000289087
0.00106689
0.00193707
0.00148279
0.00122042
0.00113195
0.00163723
0.00203135
0.00312198
0.0026051
0.000541898
0.00187675
0.000993976
0.00195112
0.000616223
0.00122553
0.00154271
0.00116951
0.00240244
0.000881918
0.000875707
0.00273616
0.00132815
0.00151423
0.0241249
0.000761618
0.00035442
0.000724711
0.000279399
0.00115382
0.00402051
0.00169554
0.000964059
0.00235787
0.000584014
0.00156407
0.000657289
0.0011294
0.00134481
0.000920249
0.000442692
0.0010706
0.00145887
0.000170225
0.00154135
0.000559016
0.00178171
0.000994216
0.000823676
0.000472342
0.00101179
0.00262033
0.00133282
0.00112352
0.00385831
0.00235654
0.0038669
0.00201994
0.00317764
0.000790671
0.000646375
0.000825864
0.000820405
0.00162064
0.00282598
0.00105784
0.000410413
0.000946418
0.000987778
0.00048993
0.00149003
0.00076053
0.00124689
0.00107004
0.00136237
0.00297577
0.000787344
0.00152023
0.00242769
0.00119376
0.00110646
0.00135949
0.00200061
0.000639032
0.000816532
0.000201489
0.00136533
0.000731683
0.000596707
0.00426725
0.00157004
0.000488703
0.00150448
0.00213936
0.000626571
0.00057535
0.000414548
0.000747871
0.00105286
0.0026875
0.00360907
0.00173363
0.000508872
0.00122385
0.00222113
0.000742764
0.00156281
0.00135493
0.00192893
0.00456977
0.00175302
0.00118102
0.00175602
0.00228473
0.000804358
0.000973213
0.000586934
0.000307915
0.00179018
0.00123234
0.00174517
0.000852887
0.0011794
0.00108503
0.00246339
0.0003251
0.000487288
0.000532015
0.000771652
0.00110864
0.000220112
0.000938618
0.00298414
0.00118024
0.00228363
0.000988682
0.00334101
0.0013977
0.00214533
0.00134476
0.000454856
0.001099
0.000519154
0.00150136
0.00236686
0.00022176
0.00104692
0.00149793
0.003276
0.00282328
0.0018067
0.0010343
0.000820421
0.000353878
0.00107886
0.000678827
0.00119743
0.00150141
0.000834123
0.00169758
0.00176397
0.00110035
0.000897806
0.00114699
0.00163942
0.00113122
0.00155022
0.0015692
0.00285831
0.00155569
0.00099249
0.000638118
0.00115455
0.000561698
0.00118625
0.00148177
0.00111456
0.00114765
0.0122677
0.00146731
0.00165636
0.000298418
0.00165851
0.00177963
0.00138381
0.000740928
0.00384205
0.00105482
0.00112877
0.00171704
0.000945727
0.00189392
0.00109655
0.000831885
0.0010127
0.00301989
0.0017569
0.000856754
0.0011156
0.000357627
0.00109172
0.00355995
0.000483491
0.000970576
0.00109253
0.00176085
0.00152972
0.00113803
0.0013079
0.0020249
0.000965217
0.00190372
0.000764208
0.00290372
0.000838227
0.00159246
0.000682232
0.00165975
0.00468516
0.00460972
0.000472186
0.000926912
0.00181803
0.00204508
0.0013337
0.000734394
0.000210277
0.000924646
0.00471315
0.00280221
0.0029032
0.00109617
0.00251443
0.00209152
0.00121415
0.00289133
0.00141726
0.00147123
0.00241667
0.00196867
0.00170471
0.000973434
0.00100835
0.000762041
0.00131818
0.00151253
0.00193348
0.0017567
0.00127508
0.000624802
0.0182984
0.00138504
0.00157677
0.000440077
0.00108075
0.0010679
0.00180055
0.00103873
0.000937235
0.00199761
0.000512451
0.000206934
0.00138872
0.00129936
0.0020289
0.00258531
0.000341856
0.00185935
0.00473369
0.000761824
0.00100697
0.00133564
0.00137443
0.00140457
0.000371755
0.00132523
0.000597556
0.00152921
0.00115058
0.00172426
0.00250891
0.0038646
0.00317426
0.0022043
0.00105714
0.00306227
0.00305907
0.00923356
0.000814219
0.000886128
0.00311105
0.000152505
0.000522425
0.00413171
0.00340765
0.00115727
0.00168681
0.000677844
0.00572393
0.00448944
0.000973132
0.000805808
0.00126308
0.000896052
0.00156056
0.00142855
0.00127066
0.00110648
0.000647673
0.000699813
0.00081123
0.000547566
0.0012337
0.00175203
0.00194605
0.000652155
0.00272697
0.00180923
0.00104559
0.000224847
0.00212127
0.000935321
0.00133198
0.00219388
0.000412881
0.00250491
0.000895605
0.00145816
0.0031256
0.00197605
0.000708962
0.00111493
0.00107411
0.00241094
0.000246627
0.000895396
0.00351152
0.00329205
0.00267106
0.00143163
0.00247609
0.0015204
0.00118616
0.00172056
0.00101944
0.00086745
0.000872264
0.00104104
0.000881269
0.00111116
0.000144163
0.0038814
0.000385974
0.00124457
0.00137221
0.0013965
0.000917746
0.000669922
0.000629375
0.00179151
0.00241802
0.00367079
0.000949684
0.00160233
0.00120215
0.00350211
0.000766928
0.000875006
0.000478496
0.00239692
0.000619109
0.000183513
0.00114036
0.000711476
0.000729861
0.00274652
0.00145677
0.00147665
0.000654289
0.00145031
0.00156542
0.00194112
0.0131164
0.000999371
0.00140704
0.00181663
0.00416139
0.00151064
0.00124233
0.000902554
0.00132714
0.00134314
0.0012066
0.000784126
0.00201061
0.000614955
0.000933795
0.000461444
0.00146887
0.000899523
0.000560461
0.00288769
0.00299645
0.000716724
0.0011846
0.00192728
0.00152854
0.000787207
0.00109829
0.0136345
0.000416669
0.0011972
0.00143869
0.000385546
0.000809377
0.00156745
0.00146526
0.000983251
0.00226456
0.00205739
0.000953787
0.00201368
0.00154558
0.00177348
0.00377011
0.00101232
0.0011854
0.00856904
0.00315059
0.00101032
0.000319145
0.00112989
0.000574518
0.000295554
0.00116262
0.00209859
0.000977125
0.00102005
0.00151106
0.000634304
0.00128486
0.00261959
0.00145221
0.00109982
0.000859145
0.00100024
0.000338811
0.000980134
0.00130728
0.00133316
0.00169658
0.00076648
0.0021044
0.00115307
0.00087576
0.00178511
0.00207576
0.000773933
0.00153226
0.000158282
0.00137984
0.00242017
0.00334686
0.00176091
0.0016125
0.018757
0.001571
0.00360345
0.0010798
0.00202653
0.00312657
0.00171632
0.000236223
0.00147291
0.00843976
0.00137357
0.000919752
0.000492489
0.00172647
0.00114163
0.000938269
0.00101887
0.000540022
0.00128144
0.00107664
0.00180341
0.000894053
0.00192364
0.000935625
0.00303386
0.00118501
0.000984983
0.000776687
0.00111136
0.000643666
0.000455706
0.00143285
0.0022286
0.00207032
0.00132593
0.00140267
0.0013339
0.00127951
0.00208277
0.0024979
0.000608944
0.00130532
0.00161688
0.00118456
0.00195139
0.000703522
0.0016884
0.0019116
0.00143235
0.0015982
0.000788197
0.00090667
0.00115309
0.00127663
0.00629114
0.000913506
0.00145538
0.00283585
0.00296671
0.00238423
0.000730932
0.000664423
0.00444158
0.00232271
0.00121597
0.000938774
0.000310887
0.00259109
0.00308738
0.00144492
0.00208449
0.000820734
0.000400546
0.000687123
0.00126115
0.00121471
0.00135525
0.00144433
0.00122213
0.00140705
0.00239492
0.000576807
0.00186325
0.000942841
0.00193446
0.00107101
0.00165071
0.000942163
0.00202483
0.00118893
0.00124798
0.000677555
0.000306029
0.001118
0.00264149
0.000975513
0.00106125
0.00198495
0.00141841
0.002633
0.00117602
0.00119471
0.00150634
0.00183929
0.00105358
0.00136876
0.00149991
0.00151483
0.00129241
0.00166037
0.000985468
0.00162888
0.00176261
0.000197566
0.000723445
0.00144105
0.0012796
0.00307011
0.00177217
0.00215822
0.00166837
0.0019776
0.00164121
0.000811551
0.00396569
0.00105057
0.00141686
0.00230945
0.00204758
0.00126234
0.00105662
0.00125621
0.00156679
0.000744454
0.00118767
0.00813759
0.000840523
0.00174372
0.000552997
0.00295048
0.000865359
0.00195563
0.00139279
0.000736117
0.00146177
0.00115169
0.00440323
0.00208441
0.0015597
0.00255881
0.000600532
0.00702456
0.00854814
0.00174645
0.00105269
0.000608075
0.000656932
0.000644161
0.0011002
0.00202854
0.0026117
0.00142964
0.000973863
0.00224523
0.00109669
0.00219781
0.00104251
0.000653197
0.000949278
0.00150003
0.00143156
0.00126098
0.000420156
0.000513829
0.00182439
0.00428465
0.000970746
0.00255011
0.00164902
0.00139484
0.000957318
0.0024756
0.0010945
0.000366896
0.00296619
0.00225226
0.00116268
0.000873963
0.00130352
0.000765158
0.00246132
0.00500874
0.00136765
0.000623658
0.00182835
0.00148795
0.0103206
0.000796622
0.0024906
0.00134863
0.0024028
0.00134457
0.00107508
0.000865395
0.000861456
0.000650901
0.00169338
0.00159006
0.000663016
0.00156144
0.00194407
0.0013095
0.00117404
0.000869716
0.0014703
0.00155644
0.00160248
0.00145867
0.00221223
0.00239788
0.00123836
0.00151424
0.000746563
0.000560089
0.000644138
0.00174733
0.00116967
0.000340427
0.00151954
0.00235597
0.00041276
0.00173903
0.00171257
0.00105279
0.00126546
0.00128675
0.00161817
0.000299543
0.00309909
0.000225327
0.00134288
0.00183007
0.00289297
0.00114603
0.00140011
0.000775783
0.00506133
0.00128317
0.00140896
0.000433702
0.00105832
0.000158428
0.00289047
0.00105141
0.0142867
0.00192028
0.00143406
0.000931139
0.000422784
0.000924456
0.00128933
0.000786166
0.0004036
0.0021719
0.00148514
0.00269517
0.00116897
0.00129533
0.00310563
0.00150518
0.00166806
0.000532313
0.000829753
0.00178121
0.0018285
0.00349628
0.0012759
0.00137629
0.00103031
0.000203352
0.00155766
0.00123308
0.00115751
0.00104188
0.000141939
0.00608138
0.00119046
0.00144385
0.000593893
0.000557553
0.0018863
0.0017336
0.00149933
0.00118511
0.000766998
0.00272533
0.00279994
0.00174031
0.00122775
0.00115662
0.00396901
0.00254991
0.00209829
0.00109488
0.000788112
0.0009946
0.000883636
0.00115387
0.00155811
0.00209248
0.00135659
0.00231434
0.00086662
0.000198542
0.000924977
0.000789698
0.000720352
0.000390089
0.00225828
0.00144571
0.0012552
0.00201995
0.00121548
0.00111439
0.00155839
0.00141268
0.000812752
0.000641315
0.000613611
0.000800444
0.000522973
0.00217843
0.00119945
0.00224496
0.00100317
0.00112383
0.00222488
0.00166961
0.000278823
0.00174455
0.00129134
0.000536134
0.00394813
0.000722575
0.00280609
0.00169853
0.00194985
0.0028593
0.00349131
0.00185971
0.0065137
0.000907294
0.000827437
0.000860687
0.00024028
0.000783242
0.00142851
0.00113859
0.00113492
0.000432524
0.00415593
0.00110857
0.00157432
0.00140377
0.00234113
0.00161509
0.000668845
0.00445171
0.00216044
0.000324821
0.00145311
0.00191589
0.000509627
0.00114103
0.00192485
0.00173906
0.00151158
0.00089244
0.00557222
0.000550258
0.000767779
0.00124028
0.00199245
0.00141087
0.000946958
0.00118316
0.002049
0.00254221
0.00125677
0.000821949
0.00199856
0.00126932
0.000803788
0.00105469
0.00196312
0.00148888
0.000843341
0.00238205
0.000744788
0.000710714
0.00124753
0.00216022
0.000888386
0.00173373
0.00217033
0.00170077
0.00335399
0.000261358
0.00104471
0.00234368
0.00231896
0.000274687
0.00190896
0.00176445
0.000492261
0.00113218
0.00556252
0.000951588
0.00193164
0.000591056
0.00287091
0.000525744
0.00123485
0.00117297
0.000756903
0.00217412
0.0148208
0.000642891
0.000380555
0.00173644
0.00954351
0.00171957
0.00092108
0.00198516
0.00219174
0.00172276
0.000328318
0.000788884
0.00107481
0.00224009
0.0021302
0.00113221
0.000540125
0.000919979
0.000736287
0.000610738
0.00163642
0.00232374
0.00339344
0.00333535
0.000875729
0.00135363
0.000665951
0.00103714
0.00492301
0.0010886
0.00215132
0.00137531
0.00146422
0.000684177
0.000786855
0.00113933
0.000850937
0.000482141
0.0023313
0.000976039
0.000648467
0.00208367
0.00194941
0.00168722
0.00079857
0.000778599
0.00154875
0.00102884
0.00139498
0.00317792
0.000687333
0.000449993
0.00108439
0.00936673
0.0044913
0.00238252
0.000303632
0.000779887
0.001774
0.00253814
0.00168654
0.00332067
0.00104388
0.00131825
0.00264487
0.000519984
0.00190344
0.00185442
0.00148892
0.000886712
0.00128544
0.00156798
0.00201414
0.000807289
0.000908381
0.00152213
0.000953315
0.0010656
0.00209597
0.00297477
0.000801983
0.00176216
0.00438105
0.000364555
0.00140569
0.000613375
0.000258949
0.000775869
0.00146206
0.00542302
0.00118356
0.00114997
0.000823086
0.00041676
0.00245103
0.0012889
0.00171984
0.00067369
0.00185745
0.0017143
0.00246314
0.000665354
0.000718573
0.00189729
0.00191123
0.000233124
0.00380452
0.00120087
0.000964338
0.00128256
0.000168635
0.000546277
0.00311781
0.0014309
0.000935899
0.00317012
0.0015272
0.000883075
0.00160578
0.000889036
0.00151219
0.000505985
0.000184747
0.00221259
0.00429044
0.0012627
0.0052355
0.00158754
0.00144346
0.00149016
0.00124727
0.00165417
0.00124057
0.00208559
0.000606511
0.00126704
0.00102891
0.00208535
0.000605806
0.000610557
0.00220368
0.00128698
0.00103743
0.00225486
0.000560539
0.00304335
0.00101467
0.000698584
0.00383428
0.00253535
0.00163185
0.00203243
0.00177009
0.00153143
0.00037681
0.00103495
0.00146614
0.00107204
0.00276249
0.000820444
0.00102213
0.00284077
0.00107712
0.00111464
0.000839694
0.00232564
0.00264899
0.00120884
0.000552785
0.00156715
0.000531714
0.000273969
0.00221993
0.00104203
0.0013835
0.00249501
0.00169078
0.000855245
0.00359755
0.00115157
0.0041153
0.000256163
0.00250167
0.000746745
0.00590443
0.00015401
0.00120893
0.00103344
0.00352703
0.00168321
0.00155669
0.0016277
0.00071656
0.00163157
0.00799889
0.00614405
0.00119899
0.000189336
0.00123098
0.00071448
0.000600757
0.000588439
0.00133744
0.00276392
0.00158823
0.000255665
0.000538918
0.000657116
0.00173522
0.00226763
0.00185283
0.00297552
0.00111024
0.00141028
0.00127819
0.000706427
0.00102797
0.000981568
0.00185655
0.000879703
0.000623061
0.000947361
0.000711953
0.00121224
0.00118769
0.00140282
0.0032605
0.00198275
0.00154989
0.000558668
0.00101339
0.00260468
0.00209182
0.000141191
0.000442313
0.00172012
0.00179463
0.000838129
0.00109784
0.00238663
0.00246921
0.00104788
0.00157851
0.000962905
0.00175548
0.00321429
0.00155663
0.00092275
0.00240566
0.00279205
0.00103979
0.000680238
0.00229435
0.0029996
0.00143918
0.00134355
0.00171351
0.00189798
0.00106672
0.00294094
0.00149388
0.00149047
0.00111808
0.000539189
0.0026367
0.00109306
0.00132977
0.00593336
0.00151173
0.000363128
0.00269906
0.0014907
0.00365459
0.000299266
0.000925536
0.00183072
0.000763491
0.00168564
0.00606115
0.00147907
0.00212198
0.00214458
0.00239303
0.0026419
0.000904543
0.000501902
0.000629789
0.0005685
0.00172818
0.000604615
0.000775573
0.0051113
0.00149718
0.00180819
0.00136593
0.000859576
0.00151391
0.00207754
0.00204983
0.000565668
0.0216742
0.00181511
0.00233471
0.0015474
0.00145443
0.0011554
0.00191898
0.00189936
0.00104251
0.000834602
0.0012479
0.00489067
0.00128177
0.000535143
0.00137142
0.00118987
0.000888807
0.000254968
0.00114503
0.000807685
0.000676339
0.00375385
0.00140671
0.00421843
0.003375
