0.00178545
0.0156298
0.0145429
0.00340239
0.00413624
0.00209705
0.00111598
0.0109047
0.00309419
0.00652698
0.00289877
0.0035025
0.00131629
0.00166764
0.00453222
0.00534786
0.00367118
0.00286908
0.00294605
0.00172198
0.00363672
0.00119003
0.0039436
0.00283741
0.00992606
0.000722834
0.00115534
0.00250649
0.000671468
0.00450024
0.000327964
0.000915525
0.00425666
0.00345379
0.00097841
0.0011068
0.00524229
0.00238303
0.000377487
0.00923267
0.00462809
0.00655419
0.00171783
0.00345149
0.0044588
0.00305379
0.00256715
0.0027423
0.00257848
0.000789889
0.00308047
0.0102018
0.000667741
0.00121887
0.00190967
0.0033566
0.00118274
0.000900853
0.00120538
0.00285624
0.000934596
0.00154302
0.00286383
0.0153388
0.00309951
0.00153137
0.00267002
0.00310448
0.00243225
0.00313382
0.00160161
0.00261531
0.0043979
0.0029942
0.000662326
0.00159339
0.00130894
0.00153829
0.011344
0.00355409
0.00297824
0.00410818
0.00284583
0.00218825
0.00245053
0.00256417
0.00436924
0.00276229
0.000642524
0.00316113
0.0157744
0.00327707
0.00381126
0.00152763
0.00141532
0.00228134
0.00278526
0.00678669
0.00604341
0.00283565
0.00355782
0.0067836
0.00327641
0.00448671
0.00322571
0.0029656
0.00157929
0.00158797
0.00342815
0.00392703
0.000788798
0.00425828
0.00464717
0.0014976
0.00348216
0.00167046
0.0062544
0.00471132
0.0031763
0.00102681
0.0148178
0.000583403
0.000926998
0.0103701
0.00204833
0.00232922
0.00263964
0.00196067
0.00212739
0.00252607
0.0010388
0.00160132
0.000753551
0.000979143
0.00248554
0.00295483
0.00649707
0.000602116
0.00738829
0.00194823
0.00257324
0.00109763
0.00489649
0.00137713
0.00407148
0.00244777
0.00172069
0.00630761
0.00114997
0.00223371
0.0118775
0.0022248
0.000821297
0.00135963
0.00181245
0.00166091
0.0068791
0.0055222
0.00123273
0.0051702
0.00341423
0.00029151
0.00252878
0.00239318
0.00679967
0.00135843
0.00496109
0.000989692
0.00129667
0.00118883
0.00703939
0.000909648
0.00494127
0.00129237
0.00245505
0.00153515
0.00165838
0.00277683
0.00355314
0.000784604
0.000577538
0.00110833
0.00210999
0.00389894
0.00615599
0.000901259
0.00544378
0.00172019
0.00926693
0.00500217
0.00407207
0.0124064
0.0124349
0.00438307
0.00254668
0.00364059
0.00489812
0.00339003
0.00401231
0.00136933
0.00416228
0.00364625
0.000688443
0.008005
0.00590445
0.00158015
0.0018568
0.00918341
0.00165643
0.00400732
0.00207321
0.00261399
0.00245875
0.00351252
0.00185393
0.00080796
0.00146196
0.000971437
0.00154234
0.00146607
0.00353834
0.012078
0.000864128
0.00101418
0.00456121
0.00720346
0.00351921
0.00129553
0.00330412
0.0014823
0.00173771
0.00282164
0.00191787
0.00414874
0.00467623
0.00441358
0.000897024
0.00260152
0.00271347
0.00142019
0.00263976
0.00282786
0.00157036
0.00737364
0.00460186
0.0284164
0.00334439
0.00112377
0.000510107
0.00157512
0.0115114
0.00311736
0.0024371
0.00747178
0.0032276
0.00129914
0.00462938
0.00313636
0.002433
0.00876485
0.00123287
0.00397283
0.000395069
0.00158264
0.00144827
0.00124044
0.00306033
0.00380378
0.00114206
0.00364537
0.000932982
0.00164282
0.000885059
0.0018786
0.00170204
0.0093275
0.00104487
0.00287032
0.00428599
0.000715818
0.000409463
0.00279278
0.00270339
0.00290789
0.00150346
0.00155441
0.00714465
0.00111153
0.00553745
0.00279284
0.00216005
0.00171071
0.000506617
0.00491972
0.00132052
0.00256147
0.0112077
0.000880542
0.00673647
0.00144558
0.00147384
0.00211669
0.00249337
0.00363261
0.00126684
0.0029188
0.000530669
0.00116635
0.00176881
0.00521426
0.00441425
0.00295888
0.00148317
0.00294462
0.00290981
0.00673365
0.00519995
0.0249103
0.00588765
0.00655577
0.0061804
0.000391783
0.00698194
0.00263698
0.00161922
0.00391785
0.00489769
0.00154891
0.00468219
0.00584096
0.00182741
0.00399667
0.00455268
0.0031351
0.0121318
0.00168306
0.00216921
0.000532029
0.00376292
0.000807747
0.000688468
0.00060557
0.00412118
0.0104808
0.0115277
0.00185553
0.0013181
0.00105271
0.00103956
0.00882549
0.00341323
0.00340324
0.00321211
0.00142263
0.00131068
0.00177634
0.00121054
0.00128803
0.000499301
0.0071479
0.00200719
0.00537178
0.00101007
0.00653967
0.00153148
0.00459278
0.001824
0.00611499
0.00563735
0.00368488
0.00282917
0.00248478
0.00294734
0.000319789
0.0041289
0.00166254
0.00119746
0.00167514
0.00472762
0.00211956
0.00206747
0.00304729
0.00339077
0.00077965
0.00241833
0.00118302
0.000835006
0.00286438
0.00093971
0.0134795
0.0023441
0.0030492
0.00307197
0.00154245
0.00347076
0.0022454
0.00357127
0.00143497
0.00262666
0.00338285
0.00172296
0.00413
0.00459413
0.0055026
0.00188525
0.00443224
0.0101506
0.00522468
0.00085491
0.00248584
0.00163177
0.00251962
0.00455698
0.00103723
0.00306026
0.00445601
0.0010096
0.00170731
0.00570246
0.000374814
0.00205416
0.000694672
0.00252652
0.00409623
0.011876
0.000734636
0.00235255
0.000224232
0.00758417
0.00139504
0.00205338
0.0130315
0.00102139
0.00303513
0.00102458
0.00908356
0.00216277
0.00609284
0.0013978
0.00119079
0.0100113
0.0027161
0.00141173
0.00191056
0.001296
0.00143481
0.000694534
0.00469178
0.0018301
0.00110945
0.000618667
0.00330292
0.000521766
0.00414306
0.00597201
0.0008516
0.00194723
0.000459949
0.000910196
0.00345498
0.00206885
0.00373938
0.00443816
0.00154674
0.000969859
0.00137974
0.00129805
0.0048685
0.00266899
0.00281399
0.00822437
0.00131366
0.000705698
0.00626037
0.00472701
0.00163667
0.00242248
0.0033751
0.00160436
0.0025182
0.00142591
0.00334571
0.00487445
0.000675414
0.00137687
0.00129025
0.00070577
0.00261294
0.00302036
0.00518551
0.00113462
0.00151306
0.00196946
0.00358451
0.00626385
0.00493288
0.00343399
0.00158127
0.00539047
0.00428082
0.00448638
0.00366305
0.00215345
0.000561866
0.000663609
0.00260694
0.00147831
0.00383021
0.00335597
0.00305069
0.00443187
0.000700115
0.00522676
0.00141357
0.00328892
0.00255892
0.000549913
0.00195089
0.00494302
0.00319891
0.0015929
0.00399707
0.00184782
0.00456957
0.0031661
0.00802763
0.00532483
0.00344279
0.000868736
0.00188628
0.00169606
0.00419373
0.00127215
0.00453937
0.00260219
0.00141302
0.004988
0.00338867
0.00373322
0.00111852
0.0369914
0.00352427
0.00119627
0.00849213
0.00527988
0.00382139
0.00236742
0.00277513
0.00329691
0.001911
0.001266
0.00963341
0.00252771
0.000861115
0.00142572
0.0019552
0.00324172
0.0137779
0.00149393
0.000943989
0.00301944
0.00266135
0.00762662
0.00395072
0.00521461
0.00150076
0.00162639
0.00222926
0.00130778
0.00314864
0.00131247
0.00347516
0.0034903
0.00218949
0.00152959
0.000994368
0.00246194
0.0033563
0.0030338
0.00384609
0.00152074
0.00277352
0.00166101
0.00111231
0.00160866
0.001735
0.0102644
0.002238
0.00837776
0.00135843
0.00335628
0.00395494
0.00267199
0.00450792
0.0194022
0.00118155
0.00391103
0.000768643
0.0117747
0.00764361
0.00255155
0.00664682
0.00469655
0.00843808
0.00192496
0.00409519
0.00105191
0.00189474
0.0077235
0.00123526
0.00496761
0.00327478
0.00165112
0.00493507
0.00107929
0.000694118
0.00153935
0.00102719
0.00234817
0.00274909
0.0010582
0.00286189
0.0021844
0.00445089
0.00725464
0.00185632
0.00239571
0.0015825
0.00723899
0.00180912
0.00813334
0.00191152
0.00337645
0.000898303
0.00556892
0.00251619
0.00288592
0.00244447
0.00263082
0.00529231
0.00417043
0.00413288
0.00489897
0.00528351
0.000868307
0.00389627
0.000176476
0.00102569
0.00394125
0.00227064
0.00190414
0.00209761
0.00100332
0.00209933
0.00101637
0.00315348
0.00128887
0.00134799
0.0024987
0.00398885
0.000647425
0.00914344
0.00161613
0.00367928
0.0024457
0.00689276
0.00102302
0.00447272
0.00164748
0.00375345
0.00473237
0.00257024
0.00285766
0.00274787
0.00179585
0.00122597
0.00115341
0.0015066
0.00405224
0.00263513
0.00450752
0.00218946
0.00180148
0.00217841
0.000968497
0.00620248
0.00762026
0.0015716
0.00144665
0.00421807
0.00148413
0.00278472
0.004409
0.00904341
0.00389915
0.000986141
0.00465345
0.000429925
0.00191881
0.000926501
0.00464352
0.0021903
0.00158871
0.00938615
0.00567002
0.00530877
0.000211626
0.00160243
0.0227698
0.000613894
0.00221346
0.00301855
0.00345302
0.00240343
0.0038645
0.000397241
0.00701131
0.00130485
0.0136317
0.000464632
0.00143004
0.00206551
0.00370348
0.000913663
0.00434957
0.00134505
0.000318932
0.000850387
0.00365987
0.0003709
0.00417417
0.00202093
0.00275619
0.00427433
0.00431432
0.00437093
0.00136775
0.00053619
0.000167451
0.00102536
0.00472355
0.00466751
0.00142427
0.000900092
0.00593112
0.0038436
0.00171226
0.00466341
0.000555549
0.00221654
0.00397536
0.00236011
0.00152132
0.00183263
0.00139442
0.00192715
0.00162944
0.00194002
0.00307414
0.00206433
0.00195673
0.000773883
0.00639011
0.00127017
0.00183865
0.00203054
0.00124618
0.00105858
0.00296643
0.0039476
0.00117753
0.000904963
0.00432306
0.00129231
0.00796137
0.00192866
0.000733273
0.00606873
0.00702449
0.00413
0.00144369
0.00242307
0.00289643
0.0050581
0.00641208
0.00246596
0.00315863
0.00184811
0.000527239
0.00404489
0.00371462
0.00121776
0.00107994
0.00508194
0.00321336
0.00228747
0.002694
0.00118525
0.000639695
0.00127377
0.00257257
0.00629225
0.000469938
0.0059349
0.00821597
0.00429803
0.00127815
0.00209211
0.000629942
0.00192964
0.00820181
0.00705105
0.00310379
0.00365677
0.00389453
0.00162334
0.000685549
0.0140293
0.00460124
0.00347188
0.00240828
0.000962735
0.00513425
0.00185085
0.00340507
0.00113041
0.00108973
0.00323745
0.000419707
0.000622208
0.00143539
0.000408243
0.000760574
0.00519228
0.00614991
0.00116706
0.00430175
0.000155804
0.000904501
0.00165857
0.00269114
0.00141295
0.00159708
0.000881549
0.000480665
0.000447454
0.00388368
0.0038074
0.00316397
0.00205635
0.00124971
0.0019159
0.0020102
0.00182643
0.00129782
0.00337817
0.00177092
0.000305292
0.00258366
0.000653674
0.00418766
0.000671832
0.00236804
0.000190444
0.00334515
0.00752903
0.0020614
0.00100654
0.00117808
0.00337274
0.00616402
0.00496596
0.00170958
0.00308637
0.00158917
0.00171894
0.00289502
0.000863631
0.0012232
0.0032374
0.00270268
0.00309053
0.00136336
0.00425907
0.0139285
0.00431376
0.0015561
0.00516617
0.00306435
0.00412355
0.00510762
0.00233858
0.0040747
0.00106791
0.00614475
0.000900833
0.00146551
0.00173522
0.00174181
0.00226128
0.00707213
0.0028181
0.0120688
0.000395711
0.00508978
0.00194351
0.00108617
0.00784413
0.00658604
0.00181178
0.000460744
0.00553647
0.00247327
0.0035648
0.00730306
0.00113457
0.00585104
0.00114668
0.000871122
0.00187831
0.00974117
0.00251762
0.00203907
0.00142152
0.00292636
0.000951771
0.00474789
0.00167123
0.00120012
0.00304687
0.00148903
0.00825731
0.00704691
0.000999822
0.00163517
0.00433558
0.0022449
0.00335899
0.000410655
0.00411695
0.00250786
0.00262243
0.000895074
0.00217969
0.00160518
0.00402814
0.00140378
0.00233205
0.0013121
0.00370457
0.00605977
0.000877944
0.00206839
0.00523788
0.00346222
0.00708738
0.00184728
0.00369563
0.000862768
0.00278698
0.000772828
0.000730662
0.00161079
0.00222218
0.0022801
0.00251994
0.00423827
0.0023973
0.00310437
0.00181149
0.00065568
0.00177967
0.000460999
0.00232267
0.00698939
0.00268377
0.00161846
0.00733381
0.00170982
0.00104608
0.00127028
0.00455009
0.00625929
0.00211168
0.000272696
0.00258764
0.000919565
0.00263722
0.00493643
0.0038877
0.00253634
0.00434476
0.00418657
0.0011413
0.00159104
0.00065455
0.000270725
0.00160911
0.00212222
0.000775374
0.00273165
0.00282006
0.00210975
0.00182361
0.00329701
0.000688447
0.00377206
0.005222
0.00453425
0.00165775
0.0100059
0.00166664
0.00258798
0.00234899
0.00357293
0.00174323
0.00199251
0.00163398
0.00191193
0.00355943
0.00263633
0.00236912
0.00282231
0.000950917
0.00219538
0.0013793
0.00142348
0.00184472
0.00253975
0.00206458
0.0014551
0.0034975
0.00333121
0.00230202
0.0022516
0.000678348
0.00126718
0.00160996
0.00401944
0.00132688
0.00465032
0.000185946
0.00117528
0.00439068
0.00121007
0.00346396
0.00126892
0.00253315
0.0076674
0.00607129
0.00451505
0.00988511
0.00116027
0.00435298
0.00269151
0.000892049
0.00148526
0.00306433
0.00111901
0.00108795
0.00152265
0.00194197
0.000887232
0.00135896
0.00380251
0.00439721
0.00150598
0.00552129
0.0173734
0.00131689
0.00195144
0.0132421
0.00521611
0.00459259
0.0045317
0.00219315
0.00202844
0.00127545
0.00441247
0.00754719
0.00223754
0.00453452
0.00627828
0.00110254
0.00101333
0.000259209
0.00103226
0.00162064
0.00464655
0.00101131
0.00737937
0.00170869
0.00157837
0.00225056
0.00152017
0.00479814
0.000865985
0.000791426
0.00470671
0.00930105
0.000420872
0.00088288
0.000854403
0.00230498
0.00185767
0.000556145
0.00384541
0.00303187
0.00137418
0.00115326
0.00191816
0.00407876
0.0173276
0.000725852
0.00184488
0.000471197
0.000650978
0.000813349
0.00185782
0.00250445
0.000347646
0.00803191
0.00229711
0.00405391
0.00355805
0.00205914
0.00163205
0.00130184
0.00722563
0.00266751
0.00165065
0.0046144
0.00203024
0.00796222
0.00333942
0.000998524
0.00197145
0.00194186
0.005859
0.00270623
0.00169224
0.00142848
0.00450739
0.00190019
0.00785859
0.0019299
0.00301323
0.00504995
0.000884031
0.00199684
0.0018241
0.00646151
0.00407348
0.00503061
0.00157837
0.00101145
0.00241679
0.00366493
0.00492427
0.00126143
0.000516257
0.00356972
0.000194719
0.00257964
0.00105257
0.00198277
0.00625536
0.00466626
0.00217565
0.00469492
0.000334363
0.0019183
0.0101514
0.000966564
0.00222651
0.0013862
0.00462924
0.00121513
0.00276577
0.011372
0.00655949
0.00282466
0.0013938
0.00130039
0.000698588
0.00408761
0.00937394
0.00107501
0.00256715
0.00124777
0.00232091
0.00136571
0.00105823
0.000587325
0.00552906
0.00141874
0.00193656
0.00251965
0.000156362
0.00193027
0.00348148
0.00051946
0.000307392
0.00143381
0.00197421
0.00394079
0.000278041
0.000798417
0.00516106
0.00167859
0.0022863
0.00528442
0.000580504
0.00254085
0.00238794
0.00116164
0.00516772
0.00299049
0.00626183
0.0028175
0.00458135
0.00178595
0.00579505
0.00699801
0.00240829
0.00245186
0.00139562
0.000471916
0.00225148
0.00461235
0.00220585
0.00259346
0.00214225
0.00376355
0.00585575
0.0015616
0.0036869
0.00396895
0.000356868
0.00218903
0.001375
0.00234228
0.00835882
0.00269655
0.00418259
0.00173263
0.00244845
0.00536015
0.00408822
0.00208432
0.00326159
0.00153884
0.000917452
0.00331545
0.00147008
0.00232348
0.00261145
0.00209414
0.00300398
0.00819294
0.00372887
0.00099466
0.0016527
0.00350354
0.0025507
0.00393722
0.000742402
0.00449518
0.00611731
0.00253535
0.00220274
0.00228783
0.00337207
0.00378733
0.00320609
0.0017565
0.00219243
0.00153174
0.00127281
0.00344968
0.00271332
0.00400317
0.00153354
0.0035198
0.00201152
0.00127343
0.00463259
0.00252366
0.000862515
0.00118674
0.0061586
0.00169075
0.00154991
0.00251551
0.00243528
0.00338791
0.000810204
0.00236673
0.00591821
0.0056187
0.00112021
0.00288008
0.00246437
0.00221235
0.00268471
0.00131358
0.00479921
0.000169484
0.00169322
0.00131579
0.00436881
0.0108267
0.000905355
0.00186941
0.00109863
0.00115406
0.000903047
0.00436003
0.00354329
0.000556886
0.00109771
0.00344809
0.00180818
0.00173442
0.00197465
0.00463276
0.00663339
0.00280249
0.0046318
0.00307979
0.00223518
0.00147417
0.00161409
0.00240036
0.00100678
0.000925594
0.00740483
0.00163765
0.00240574
0.000866031
0.00276914
0.000662742
0.00114098
0.00256892
0.00362319
0.000717152
0.00339824
0.00266484
0.00248599
0.00243192
0.0029382
0.00245158
0.00217277
0.00254417
0.00160724
0.00490584
0.00176807
0.00447187
0.000182055
0.0108967
0.00036586
0.0110788
0.00274477
0.00216802
0.000937982
0.00108338
0.00712226
0.00394147
0.00109415
0.00342224
0.000946526
0.00375813
0.00244649
0.00459665
0.00255448
0.00242063
0.000948321
0.00304289
0.000527459
0.000299916
0.00278463
0.00449584
0.00631849
0.000747482
0.00165424
0.00253637
0.00728265
0.00450849
0.000740629
0.000485335
0.00346025
0.000968465
0.00187063
0.0061169
0.00200716
0.0043251
0.0024972
0.000396995
0.00422913
0.0069704
0.00285921
0.001151
0.000618126
0.00164586
0.00503627
0.00298544
0.00281189
0.00487133
0.00420861
0.0016775
0.00382723
0.00804606
0.0044551
0.001364
0.000716475
0.00130476
0.00296092
0.0013186
0.00105221
0.00287723
0.000875406
0.000928857
0.00147507
0.00145348
0.00210341
0.00119498
0.00131748
0.00112463
0.00199699
0.000612774
0.00707016
0.000619551
0.0069751
0.00349322
0.00671593
0.00619411
0.00319154
0.00525183
0.00148984
0.00144361
0.00260126
0.00184642
0.00312319
0.00228709
0.002912
0.00223066
0.00174248
0.00408508
0.00162743
0.00152577
0.00504977
0.000930502
0.00119229
0.00175229
0.00252906
0.00141641
0.0013082
0.00364356
0.00122933
0.00162904
0.00256625
0.000676441
0.00286045
0.00237266
0.00196438
0.00186364
0.00444261
0.00534844
0.00246759
0.00542494
0.000321582
0.00145518
0.0029057
0.00523492
0.00307219
0.00303872
0.0029696
0.00217017
0.00339932
0.00217144
0.00484346
0.00140326
0.00262438
0.00308959
0.00348964
0.00186029
0.00417472
0.0030527
0.000904468
0.00154794
0.00146375
0.000605353
0.00725978
0.0027654
0.000849298
0.00515729
0.000936566
0.000930962
0.00148485
0.00393583
0.00210018
0.00584586
0.00201751
0.00201637
0.00191684
0.0038773
0.0049566
0.00619618
0.00144359
0.00125786
0.00132339
0.00379045
0.00137189
0.00251247
0.00272649
0.00171899
0.00196709
0.000554264
0.0037244
0.00349944
0.00134474
0.00405412
0.000940537
0.00872333
0.00630712
0.00202486
0.000769355
0.000627576
0.00144959
0.000543054
0.00129108
0.00661333
0.00862102
0.00758849
0.00569486
0.00263853
0.00181528
0.00152918
0.000652192
0.0136495
0.000646925
0.00156029
0.00288804
0.000696923
0.00278218
0.00115942
0.0125932
0.00031834
0.00227231
0.00681501
0.00240445
0.0019274
0.00205909
0.00110559
0.000911822
0.00589622
0.00122809
0.00146258
0.00182872
0.00208214
0.00134763
0.00348266
0.00229241
0.0055767
0.0107537
0.000264448
0.00412848
0.00240415
0.0158207
0.00708448
0.00702067
0.000406743
0.00314047
0.00365859
0.00106109
0.00111597
0.0132284
0.00175192
0.00185795
0.00414401
0.00750782
0.00334872
0.00227668
0.0019542
0.00215079
0.0019635
0.00452425
0.00339331
0.0019514
0.00537989
0.000743032
0.00960608
0.00448152
0.00414961
0.00439268
0.00601734
0.00168205
0.00276424
0.00249121
0.00127303
0.00154461
0.00308891
0.00810125
0.00119526
0.00416376
0.0056799
0.00538857
0.00509675
0.00133643
0.00285289
0.00341631
0.000698216
0.00142321
0.00301211
0.00378865
0.00585586
0.00427803
0.00342306
0.00184079
0.00671152
0.00694131
0.0190165
0.00560925
0.000708563
0.00212162
0.00084786
0.00314344
0.00131865
0.00276299
0.00249288
0.000737192
0.00143625
0.00106153
0.00478122
0.00448903
0.00213979
0.00412076
0.00113787
0.00386979
0.00450665
0.00262494
0.00547092
0.00199516
0.00135494
0.0010274
0.00259366
0.00161431
0.0024243
0.0019587
0.00527628
0.00138018
0.00171084
0.00644853
0.00184124
0.00755093
0.00528989
0.00461672
0.0020378
0.000551519
0.00174134
0.00123607
0.00323784
0.00158157
0.00213901
0.00119214
0.00219183
0.00353024
0.0022441
0.00639241
0.00130553
0.00355826
0.00140443
0.00218743
0.00102051
0.000923489
0.00323483
0.00134468
0.00124616
0.00135513
0.00133509
0.00161803
0.000349133
0.00769948
0.000417426
0.00876252
0.00597048
0.0021862
0.00114634
0.0012864
0.00183395
0.000726716
0.00263732
0.00073047
0.00176165
0.00281249
0.00318659
0.00423465
0.00242892
0.00104304
0.00414516
0.00194145
0.00347855
0.00668504
0.0052487
0.00980621
0.0111466
0.00182567
0.00352531
0.00295677
0.00193389
0.00389069
0.00568755
0.00656443
0.00186738
0.00539123
0.000475518
0.00224722
0.00163318
0.000674168
0.00352956
0.00117032
0.00220291
0.00375194
0.000951648
0.00152716
0.00150163
0.00271987
0.000366385
0.00335912
0.00310254
0.00336034
0.00125123
0.0012023
0.00516686
0.00116413
0.00151706
0.00110526
0.00101048
0.00195336
0.00325295
0.00194421
0.00240477
0.00468963
0.00106427
0.0043961
0.0127156
0.0018237
0.00238035
0.00323185
0.00184875
0.00131471
0.00114306
0.00395943
0.00292572
0.0022776
0.00310358
0.00487628
0.00248329
0.00114986
0.00898401
0.00106487
0.00374207
0.00159571
0.0024956
0.00146087
0.00183662
0.00684733
0.00303364
0.00204095
0.00117603
0.00167704
0.000455911
0.00105826
0.00331046
0.000999716
0.00430514
0.0032067
0.00249634
0.00155467
0.0012593
0.00178991
0.00153811
0.00208446
0.00189995
0.00573689
0.000645478
0.0255208
0.00160804
0.00135413
0.00217934
0.00309808
0.00330688
0.00651978
0.00444423
0.00136651
0.00367616
0.000642861
0.00751613
0.00118718
0.000739369
0.000647831
0.00170397
0.000542242
0.00236109
0.00413928
0.00288492
0.00098227
0.00455369
0.00466093
0.00294113
0.00076746
0.00328443
0.00181667
0.00249522
0.00158658
0.00393203
0.000756233
0.00568202
0.0010051
0.00120559
0.00128499
0.000968558
0.00231921
0.00127082
0.0118855
0.002993
0.000938203
0.00185264
0.00328553
0.00302571
0.00132418
0.00309329
0.00548573
0.00264803
0.00568723
0.00238577
0.000760162
0.00188824
0.0048423
0.000592429
0.00247343
0.00388608
0.00226574
0.000583818
0.000760205
0.000186341
0.000801159
0.00636282
0.00224896
0.00237207
0.00512528
0.0014083
0.00926876
0.0024232
0.00444412
0.00068082
0.00069558
0.000957518
0.0279449
0.000956366
0.00658394
0.00157122
0.000886568
0.00255822
0.00428694
0.000472494
0.00167686
0.000415012
0.00509058
0.00444801
0.00473699
0.00521784
0.00391228
0.00134577
0.00238462
0.0017549
0.00256902
0.0022854
0.00132595
0.00584303
0.000851369
0.00315367
0.0037299
0.00424969
0.00794385
0.0107543
0.00580909
0.00493297
0.000293694
0.000270866
0.00154994
0.00263189
0.00195942
0.00424993
0.00401231
0.00205667
0.00181411
0.00145829
0.00288896
0.000840573
0.0111533
0.0030779
0.00598007
0.00397204
0.00269748
0.00113822
0.00170547
0.00202176
0.0012208
0.00438116
0.000567929
0.00324532
0.00300738
0.00390202
0.00412967
0.000971109
0.00302061
0.000458461
0.00148477
0.00368424
0.00121759
0.00205141
0.000984834
0.00263982
0.00216994
0.00259535
0.000415579
0.00145345
0.00334814
0.00152517
0.0006519
0.00128499
0.00148158
0.0016002
0.00392186
0.00149356
0.00186913
0.000892491
0.00505685
0.0048982
0.00302747
0.00658617
0.0016155
0.00216251
0.00174063
0.00255755
0.0015178
0.000894494
0.0117624
0.00175826
0.00344897
0.00501627
0.00166151
0.0006633
0.00106686
0.00564173
0.000278775
0.0011618
0.00281669
0.00115219
0.00119253
0.00181002
0.00840938
0.0013977
0.00130341
0.00113703
0.00154282
0.00372856
0.000673346
0.00170195
0.00744999
0.00264447
0.0043569
0.00098674
0.000655596
0.00252875
0.000598468
0.00547152
0.00449715
0.00292586
0.00226035
0.00364215
0.0010261
0.00221286
0.00120308
0.00128671
0.0020779
0.00562227
0.000873547
0.00664206
0.002148
0.001063
0.00138208
0.00130455
0.00126473
0.0011298
0.00756072
0.00288063
0.00101665
0.00687963
0.00207515
0.00124807
0.00231052
0.00361079
0.00622477
0.00159472
0.00295679
0.00880238
0.00221529
0.00356341
0.00135051
0.000272369
0.000981068
0.00138482
0.00520831
0.001858
0.00254375
0.001578
0.000940584
0.00118125
0.000570072
0.0018851
0.00294186
0.00367624
0.00472784
0.00328619
0.000607502
0.00122695
0.00213692
0.00140528
0.00268678
0.00219557
0.00560567
0.00303454
0.00578428
0.00223181
0.00540908
0.000421141
0.0145087
0.000930192
0.00126664
0.00108704
0.00155879
0.000923178
0.00284483
0.00402182
0.00127171
0.000861965
0.00214802
0.00359209
0.00318324
0.000801497
0.00503678
0.00068313
0.00320291
0.00283893
0.00465473
0.00556893
0.00166481
0.0034916
0.00525954
0.00317361
0.00378106
0.00079649
0.00185294
0.00145082
0.00324421
0.00366359
0.00814693
0.00143852
0.000208987
0.0021048
0.0017547
0.00227128
0.0230068
0.00104094
0.00390343
0.00166498
0.00346069
0.00278139
0.00778301
0.00170613
0.00245611
0.00127475
0.00455096
0.00209824
0.00196741
0.00219247
0.00109476
0.00194809
0.00534702
0.00276109
0.00297021
0.00207693
0.00115265
0.00373489
0.00435659
0.00155251
0.00216239
0.0048801
0.00111451
0.0108597
0.00224082
0.00165764
0.00432874
0.00296313
0.000771356
0.00328543
0.00227813
0.00173694
0.00403151
0.00228613
0.00502741
0.00228782
0.00239495
0.000753647
0.00154721
0.00140756
0.00170399
0.00511165
0.000411411
0.000439929
0.00362057
0.00144862
0.0047877
0.0023689
0.00370225
0.00215821
0.00320414
0.00476823
0.00345783
0.00760594
0.00135287
0.00450619
0.00492181
0.00696127
0.00141238
0.00319513
0.000867715
0.00218876
0.00672039
0.00589461
0.000203053
0.00379705
0.00751523
0.00125161
0.00122469
0.000618171
0.000170663
0.00133695
0.00360834
0.00338905
0.00346085
0.00824746
0.00564984
0.00307753
0.000943456
0.000189459
0.00328725
0.00463779
0.00442804
0.00436569
0.000612058
0.000303356
0.00104069
0.00104486
0.00205068
0.00289122
0.00412897
0.0162216
0.00220528
0.000687542
0.00165669
0.00169668
0.00171742
0.00272643
0.00122093
0.000942782
0.00121093
0.0103476
0.00462007
0.0014093
0.00183729
0.000361546
0.00738544
0.000830106
0.00825824
0.00387362
0.00286914
0.0012817
0.00307959
0.00206014
0.00207461
0.0154512
0.00341067
0.00814087
0.0049909
0.00234536
0.00504153
0.00288426
0.00586528
0.00106701
0.00204426
0.00114514
0.00226577
0.00279239
0.00194693
0.00140877
0.00216443
0.000571913
0.00158704
0.000994432
0.0063641
0.0027818
0.00210839
0.00560681
0.00212861
0.00317821
0.00114693
0.00146555
0.00183795
0.00216377
0.00473958
0.00122574
0.00317947
0.000867406
0.0143198
0.00166876
0.00116815
0.00454192
0.00230478
0.0029571
0.00309774
0.00361138
0.000403465
0.00360841
0.00404377
0.00260661
0.00378125
0.00264987
0.00106293
0.00142663
0.0155893
0.000829278
0.00211389
0.00076291
0.00298401
0.00330917
0.00041091
0.00771154
0.00283002
0.00352034
0.00229412
0.00132377
0.00718408
0.00147901
0.00424485
0.0132573
0.000716985
0.00136975
0.00295746
0.000720199
0.00121041
0.00304859
0.00245389
0.00559
0.00528898
0.00107853
0.00225076
0.00156182
0.000576528
0.00150161
0.00424516
0.0059801
0.00218359
0.00397343
0.00105682
0.0022162
0.00452987
0.00158177
0.00468921
0.00445118
0.0025422
0.00134184
0.00326339
0.000935596
0.00359539
0.0027019
0.00153719
0.00212322
0.00454764
0.00373171
0.00107802
0.0046704
0.00185609
0.00333041
0.0012919
0.00145644
0.00413797
0.0020151
0.0022425
0.00282454
0.00542695
0.00128983
0.00204092
0.00498019
0.00158686
0.00538165
0.00289
0.00259881
0.00251659
0.005009
0.00195676
0.00118767
0.00169877
0.0017322
0.00589531
0.00313414
0.00164882
0.00204927
0.00453457
0.00108314
0.00141772
0.00271608
0.00166948
0.00136324
0.00450162
0.00078661
0.00403868
0.000699286
0.00291891
0.000899924
0.00251567
0.00147373
0.000453049
0.00189984
0.0028061
0.00065383
0.00178255
0.00112634
0.00711847
0.00610903
0.00242607
0.00501033
0.00263846
0.00156652
0.00114379
0.00131283
0.00248054
0.00225699
0.0015058
0.00649359
0.00167342
0.00450756
0.00362091
0.00158687
0.00182683
0.00034262
0.0041113
0.000992294
0.00176727
0.00291939
0.00316437
0.00118143
0.00113887
0.00120235
0.00253125
0.00275991
0.0166241
0.00139172
0.00166455
0.00103477
0.00105511
0.00280228
0.00165073
0.00196482
0.00202899
0.00343628
0.00790742
0.00535711
0.00164315
0.000307798
0.00146787
0.00480437
0.00137081
0.00396314
0.00209035
0.00394826
0.00178115
0.0021782
0.00427966
0.00152972
0.00162441
0.00130742
0.00663618
0.00412454
0.0046701
0.00136655
0.00143611
0.00178209
0.00181914
0.000862013
0.00063664
0.00320088
0.00167084
0.00105515
0.00263314
0.00286292
0.00124205
0.00542183
0.000718033
0.00154329
0.000733071
0.00195774
0.00156546
0.0174705
0.00287385
0.00160175
0.000858917
0.00133722
0.00081648
0.00142315
0.000949693
0.000368444
0.000888045
0.00313371
0.00244254
0.0241423
0.00431158
0.0121086
0.00170949
0.00175332
0.00199769
0.00196081
0.00127343
0.0026705
0.00195475
0.00426993
0.0023087
0.000910763
0.0103696
0.00122751
0.00881685
0.00451755
0.00668315
0.00183238
0.00266718
0.00143018
0.00371026
0.00124591
0.00285828
0.00397023
0.00182388
0.00208753
0.000790565
0.00153661
0.00379482
0.00745296
0.00235877
0.000361334
0.00759176
0.000991385
0.00462567
0.00121472
0.000792878
0.00166565
0.0015553
0.000623527
0.00343939
0.00318647
0.00418649
0.00211494
0.00190018
0.000859013
0.00229379
0.00258654
0.00567231
0.00184866
0.00242322
0.00363157
0.000936607
0.00339567
0.000406137
0.00623686
0.00223149
0.00399405
0.00235413
0.001822
0.00374782
0.00364594
0.00303605
0.00419309
0.00185863
0.00186081
0.00472709
0.00131515
0.00310112
0.002702
0.00160753
0.00630641
0.00116516
0.00179873
0.00110836
0.000527829
0.00145161
0.000758755
0.00100298
0.00174389
0.0106635
0.00132853
0.00199679
0.00151918
0.00555785
0.00431136
0.00361893
0.000523897
0.00334569
0.00196316
0.00362387
0.00343537
0.00226904
0.00202412
0.0020491
0.00253264
0.00118875
0.0013086
0.0024518
0.00172801
0.000750224
0.00354566
0.0103601
0.0047251
0.00174966
0.00451601
0.00293637
0.000420329
0.000230671
0.00100246
0.00166478
0.00573977
0.00294409
0.00281011
0.00158723
0.00110594
0.00754073
0.00108831
0.00325295
0.00432674
0.00252401
0.0013635
0.00105504
0.000763216
0.00119389
0.000648528
0.000940458
0.00211094
0.000506858
0.00163881
0.00221924
0.00618062
0.00329946
0.00176467
0.00514356
0.00720221
0.00188309
0.00203686
0.00646168
0.00167358
0.00301543
0.00448032
0.000978347
0.00254049
0.00426528
0.00179561
0.000982744
0.00122423
0.00391493
0.00235098
0.00749642
0.00460068
0.00303413
0.00141288
0.00244809
0.00492497
0.00432434
0.00266218
0.00189304
0.00427535
0.0036512
0.00206053
0.00112001
0.00655489
0.00157565
0.00179192
0.00420905
0.00157853
0.00139832
0.00048195
0.00333509
0.00315208
0.00254832
0.000521513
0.00171463
0.00332085
0.000598578
0.00169014
0.00479984
0.00128925
0.00044434
0.00439916
0.00604287
0.00510586
0.00205402
0.000822546
0.00242631
0.00404203
0.00312334
0.000474388
0.00209269
0.00241241
0.00192473
0.00620122
0.00235755
0.00285241
0.00134444
0.00197693
0.00146021
0.00277504
0.00541349
0.00215826
0.00118914
0.000343768
0.00235822
0.00543017
0.00155234
0.00143935
0.00509613
0.000860862
0.00141212
0.0029887
0.00729354
0.00522955
0.000790976
0.00120988
0.00240766
0.000329649
0.00247124
0.00299616
0.00102275
0.00120079
0.00242322
0.00662027
0.00408286
0.00601866
0.00177292
0.00830768
0.00219823
0.00401305
0.00451445
0.00164669
0.00534736
0.00193533
0.0073776
0.00129782
0.00345392
0.00532417
0.00140253
0.0175641
0.000196458
0.0037439
0.00284057
0.00427454
0.00135613
0.00184018
0.00294327
0.00429042
0.00210729
0.00139309
0.00210187
0.00127736
0.00208718
0.00094203
0.0098351
0.00111442
0.00401177
0.00334901
0.00247156
0.00367462
0.00102424
0.00750608
0.000207306
0.00295105
0.00261533
0.00169142
0.00228507
0.00441179
0.00219144
0.00262721
0.0048012
0.00253774
0.00188029
0.00514277
0.000208807
0.00119334
0.00194953
0.00171025
0.00780671
0.00199004
0.00543797
0.0153185
0.000227953
0.000937649
0.00176488
0.000874184
0.000707576
0.00111183
0.000480567
0.0117583
0.00190197
0.00284881
0.000936006
0.00103722
0.0032172
0.00345848
0.00373939
0.00494653
0.00118136
0.00271572
0.00105274
0.00523184
0.000499995
0.00314552
0.000468149
0.00826294
0.000967631
0.00177766
0.0018446
0.00249531
0.00594202
0.00381788
0.00248259
0.0136645
0.0021115
0.00159183
0.00306533
0.00598482
0.00253408
0.00170045
0.00132623
0.00288541
0.0014505
0.00506895
0.00537491
0.00123903
0.00630474
0.0017575
0.0021388
0.00379608
0.045003
0.00584093
0.00420283
0.00199384
0.00219783
0.00768232
0.003929
0.00177504
0.000659534
0.00035179
0.00501361
0.00327583
0.00232197
0.00257437
0.00453046
0.00968941
0.0155691
0.00265003
0.00707897
0.00358656
0.00140464
0.00204285
0.000727243
0.000533245
0.00867011
0.00234027
0.00113688
0.00122554
0.00203175
0.00322763
0.0020141
0.00604891
0.00481601
0.00186406
0.00832403
0.000194371
0.0114231
0.00215389
0.00159904
0.00398737
0.00180745
0.00445299
0.00721926
0.00339867
0.000474581
0.00138353
0.0187254
0.00235784
0.00142146
0.00512419
0.00266184
0.00315519
0.00396448
0.00548632
0.0160035
0.00192594
0.00110399
0.0143213
0.00229207
0.00233106
0.00392685
0.00411407
0.00221897
0.00667778
0.00355553
0.000769119
0.00142952
0.00148072
0.00381746
0.00382613
0.000600265
0.00254438
0.00338386
0.00259769
0.00899026
0.00145749
0.00198424
0.00231163
0.000368618
0.000457238
0.0166179
0.00243398
0.00195592
0.00101209
0.0106521
0.00107511
0.00566176
0.00146071
0.00172489
0.00181958
0.00342241
0.00141674
0.00249428
0.00816974
0.000952969
0.00286529
0.00419697
0.00137762
0.000972123
0.00133184
0.00474001
0.00352297
0.00029841
0.0016581
0.00454596
0.00680219
0.00573703
0.00188383
0.00466299
0.00367514
0.00110493
0.00115035
0.00474337
0.00830417
0.00229004
0.0040749
0.0015123
0.00108619
0.00227258
0.00304653
0.00399119
0.00329627
0.00450446
0.00300006
0.00266053
0.00234029
0.00278366
0.00258526
0.000706396
0.000518452
0.00208535
0.00182625
0.00654042
0.00155862
0.00217195
0.000713928
0.000932875
0.000963883
0.00166215
0.00259467
0.00446611
0.00196201
0.00464786
0.00111153
0.00208862
0.00533604
0.00134639
0.00201028
0.00137756
0.00289407
0.0050696
0.00228751
0.00253027
0.00313883
0.00383311
0.00257723
0.000661568
0.00313054
0.0013013
0.000535448
0.00316499
0.00670128
0.00288788
0.00202325
0.00455308
0.00218108
0.00345079
0.00399328
0.00136243
0.00722738
0.00342538
0.0032563
0.00208393
0.00338891
0.000481093
0.00821069
0.00279615
0.00204677
0.00861625
0.00122726
0.00182849
0.0044365
0.00330105
0.00459323
0.0023595
0.00170093
0.00143083
0.00197109
0.0066501
0.00123036
0.00480783
0.00339733
0.000304603
0.000704901
0.0020184
0.00265047
0.000234381
0.00198512
0.00344363
0.000794019
0.00106674
0.00362307
0.00179301
0.00174773
0.00307843
0.00232919
0.000439675
0.00398923
0.0048899
0.00186757
0.0143619
0.00376928
0.00434112
0.00121488
0.000615511
0.00633383
0.00345286
0.00392124
0.00810502
0.005259
0.000901654
0.00341814
0.00146939
0.00117161
0.00200713
0.00438477
0.00700783
0.00166308
0.000435341
0.00367688
0.00192783
0.0037645
0.000760211
0.000694759
0.00159195
0.00276029
0.0018811
0.00208211
0.0014442
0.00110026
0.00120917
0.00473434
0.00359232
0.00112327
0.000465855
0.0115305
0.00149881
0.00169232
0.0024124
0.00298236
0.00224135
0.0041238
0.00191076
0.00146255
0.0065262
0.0023199
0.000899962
0.00689384
0.00226655
0.00651196
0.00181342
0.00367933
0.0044666
0.000337841
0.0002289
0.0012585
0.00523364
0.00824506
0.00292789
0.000764105
0.00175123
0.00220136
0.00349473
0.00310976
0.00746136
0.00364682
0.000942239
0.00284157
0.0024261
0.000373959
0.00190108
0.0160023
0.00213861
0.00730317
0.00155104
0.00211988
0.001119
0.000714866
0.0037581
0.000864553
0.00148569
0.00163127
0.00263467
0.00162173
0.0305827
0.00372142
0.000394773
0.00209426
0.000823481
0.00396986
0.000860883
0.00575034
0.00134849
0.00206155
0.00274848
0.00558309
0.00281371
0.00235067
0.00395274
0.002567
0.00121584
0.00160095
0.00329799
0.00602555
0.00375126
0.0015271
0.000470351
0.000999383
0.00313176
0.00635116
0.00342664
0.00566169
0.00412116
0.00356656
0.00134588
0.00353586
0.00171932
0.00261489
0.00257258
0.000883476
0.00787594
0.000987192
0.00293304
0.00278509
0.00125402
0.00147756
0.00181235
0.00201077
0.00174752
0.00744882
0.00192203
0.00315136
0.00101725
0.0125249
0.00136522
0.00541664
0.00174093
0.00553241
0.00176409
0.00246528
0.00244432
0.00275042
0.001871
0.00336509
0.000921092
0.00237565
0.000948478
0.00695251
0.0038737
0.0013349
0.00432176
0.00392878
0.00362268
0.00224508
0.00144101
0.00483454
0.000624392
0.00451865
0.00327018
0.00953961
0.00535708
0.00169322
0.0098264
0.00166575
0.00418014
0.00403109
0.00230494
0.0042317
0.00129241
0.00586361
0.000825423
0.00154011
0.00252794
0.0025824
0.00440209
0.00164024
0.00164449
0.00285705
0.00303099
0.00500754
0.00164052
0.00282333
0.00430571
0.00387689
0.00125374
0.00319533
0.00519913
0.00223716
0.00327633
0.00352016
0.000416403
0.0045671
0.00379692
0.00121707
0.000438507
0.0014657
0.00134347
0.00105026
0.00533402
0.00156327
0.00442816
0.00200629
0.00290121
0.00167841
0.00148373
0.00416739
0.00168501
0.00191228
0.00534614
0.00183728
0.00366936
0.000467806
0.00107809
0.00118721
0.00927226
0.000816574
0.00414599
0.000745817
0.0047557
0.000180136
0.00309664
0.00454675
0.00154674
0.00200598
0.00827189
0.000965721
0.00123708
0.000812923
0.0013064
0.00222009
0.000293923
0.00285003
0.00115375
0.00167031
0.00918134
0.00127308
0.00531278
0.00188465
0.00184088
0.00465626
0.000553086
0.00362565
0.00297338
0.00283832
0.0121648
0.000680355
0.00224008
0.00562406
0.00151047
0.00499069
0.00374778
0.0027953
0.00150306
0.00477321
0.00826067
0.00153573
0.00361494
0.00275224
0.0027301
0.00606551
0.00127152
0.00875746
0.00110081
0.00544958
0.00283939
0.00124236
0.00422131
0.00442883
0.00320379
0.0062405
0.00124479
0.00225552
0.000978962
0.0126953
0.00315137
0.00205645
0.00417751
0.00173062
0.00158551
0.00382186
0.00379356
0.00168382
0.00458031
0.00205483
0.00121932
0.00365067
0.00329706
0.000667176
0.00206364
0.00671506
0.00144345
0.00136506
