0.00332859
0.000887613
0.00141881
0.00139347
0.00133036
0.00140279
0.00146212
0.000971447
0.000783842
0.00368976
0.00144723
0.00123756
0.00230017
0.00135849
0.00137129
0.000621344
0.00078193
0.00304922
0.00178083
0.00152988
0.00131986
0.000959317
0.000428304
0.000763734
0.00149422
0.00203572
0.00183463
0.000996331
0.00146583
0.00227289
0.00183947
0.000787654
0.00123838
0.0017524
0.000701347
0.000904995
0.00102186
0.0010241
0.000421015
0.00206782
0.0010594
0.00160986
0.000300282
0.00133285
0.000979008
0.00149861
0.00160114
0.000423119
0.000797568
0.00179826
0.00101833
0.00103778
0.000520524
0.000589353
0.00119503
0.00104363
0.00525708
0.00089593
0.000591312
0.0010599
0.000713045
0.000797067
0.00173467
0.000724374
0.00101251
0.00189779
0.0013727
0.00195756
0.000958002
0.00220034
0.00231918
0.000964162
0.000761215
0.00347513
0.000315569
0.00107632
0.000482912
0.00170975
0.000652197
0.000297162
0.000400832
0.0013052
0.000937883
0.000404487
0.00143833
0.000522826
0.00626924
0.000880044
0.000624883
0.00225669
0.00192601
0.000656694
0.00165541
0.000489842
0.0035366
0.000282886
0.00204211
0.000789341
0.00440703
0.00242476
0.00112436
0.000801235
0.00127865
0.00159318
0.000506258
0.00120712
0.000600466
0.00143966
0.00168559
0.00134662
0.000512104
0.00053917
0.000647728
0.0015449
0.00186185
0.000976038
0.000903099
0.00137069
0.000939785
0.0020511
0.00130244
0.00278483
0.00192413
0.000348759
0.00071293
0.000833601
0.00117818
0.00153666
0.00100091
0.00123413
0.00106891
0.00191219
0.00164495
0.0018465
0.00147179
0.00274007
0.000730232
0.0011707
0.00103342
0.00225832
0.000945672
0.00127081
0.00125396
0.0018697
0.00181465
0.00200964
0.00195739
0.00278858
0.000791691
0.000992403
0.00202269
0.000808992
0.00494805
0.00094811
0.00172617
0.00096542
0.00102505
0.00134091
0.000411352
0.00182453
0.000194952
0.000962172
0.00091242
0.00103878
0.000866567
0.00106138
0.0018614
0.00105156
0.00238072
0.00116346
0.00125281
0.00117754
0.00065997
0.000701283
0.00145364
0.00262976
0.000457734
0.00180424
0.00092423
0.00068527
0.00613392
0.000927611
0.0019546
0.000428351
0.00190917
0.00164026
0.00428228
0.0011486
0.000711329
0.00236895
0.0013844
0.00112666
0.000958688
0.00100181
0.000757983
0.000696645
0.00155534
0.00108201
0.00094841
0.00207718
0.000789792
0.000667573
0.00597776
0.00173712
0.000784225
0.00153158
0.000894076
0.00220135
0.00118808
0.00101045
0.000797829
0.00102694
0.0010169
0.00198553
0.000775773
0.00146892
0.00111989
0.000580189
0.00750827
0.000798019
0.00300744
0.0027918
0.00165223
0.00324519
0.00325033
0.000860987
0.00139994
0.00125763
0.00139173
0.00118407
0.000566379
0.00148405
0.00121351
0.00225053
0.00184825
0.000412561
0.000790212
0.0032086
0.00179433
0.00140157
0.00196514
0.000908354
0.000636087
0.000447804
0.00400069
0.00238553
0.00131451
0.000727168
0.00181908
0.00140598
0.00118808
0.000926499
0.00144772
0.000792121
0.00115489
0.00144003
0.00139387
0.00167304
0.00199804
0.00184093
0.00157481
0.0010802
0.00135778
0.00160646
0.000596268
0.000994933
0.000662564
0.000979809
0.00150419
0.00128472
0.00185332
0.000765352
0.000971794
0.00160945
0.000822954
0.00113756
0.00085935
0.000601263
0.00184249
0.0025328
0.000610222
0.00209571
0.000660433
0.00272279
0.00109632
0.00244684
0.00151394
0.00295386
0.00239875
0.00259307
0.00108664
0.0015194
0.000232343
0.000850755
0.000233393
0.000529722
0.00254103
0.00228303
0.000790627
0.0011713
0.000878635
0.000513277
0.000708654
0.00126887
0.00114646
0.00128444
0.0015923
0.00334775
0.00250582
0.00660455
0.00066105
0.000543254
0.00278694
0.0015473
0.000966716
0.000740932
0.000461792
0.00108494
0.00272668
0.000722936
0.000251835
0.000393703
0.00138362
0.000840761
0.000904922
0.0015186
0.000719906
0.000297464
0.000278341
0.000576711
0.000446528
0.00172639
0.00082573
0.00166369
0.00156622
0.00059125
0.00111169
0.000647109
0.00121585
0.00130313
0.000969984
0.000936546
0.00131523
0.00117104
0.00111979
0.00158747
0.000715244
0.00136319
0.000533722
0.00172165
0.00116463
0.00129807
0.000267545
0.00339592
0.000763125
0.000607487
0.00142955
0.00142192
0.00115103
0.000819919
0.000673902
0.000521927
0.000665441
0.00168293
0.00291269
0.00114851
0.000599269
0.00165565
0.000452979
0.00236205
0.000628989
0.00124252
0.000892791
0.00131803
0.00153137
0.00126781
0.000818376
0.00116075
0.000955599
0.00191502
0.00218913
0.000975026
0.000798886
0.000693563
0.00218796
0.0013424
0.00487978
0.00297018
0.00209922
0.00230365
0.00137248
0.00202133
0.00192853
0.0039689
0.0010346
0.000757418
0.00371735
0.00138583
0.00220957
0.000946723
0.00119609
0.000745439
0.000985427
0.00183916
0.00164909
0.000487711
0.00305592
0.000438031
0.000932631
0.000377585
0.0014345
0.000770544
0.00230435
0.000856903
0.00141156
0.0018707
0.00600152
0.00111574
0.000775265
0.00132106
0.000880925
0.00323801
0.00138968
0.00114622
0.000895235
0.00254136
0.000726957
0.00118701
0.00131458
0.00104087
0.00210578
0.000910292
0.00104522
0.00236699
0.00122021
0.00177662
0.00109857
0.000807754
0.00110196
0.000692172
0.00147043
0.00125824
0.00233363
0.000705469
0.000381285
0.00166158
0.0022433
0.00114102
0.00122293
0.00132799
0.00291989
0.00132827
0.00249353
0.000638089
0.000786772
0.000713042
0.00130611
0.000684529
0.00196162
0.00242447
0.000385969
0.0010573
0.000967087
0.00537622
0.0011074
0.00116592
0.00181099
0.00177827
0.0012721
0.00120735
0.00210271
0.0015976
0.00124166
0.000808428
0.00304255
0.000992884
0.000493595
0.00134904
0.00170345
0.00103369
0.000834364
0.00159038
0.000562613
0.000801848
0.00107899
0.00235139
0.000539077
0.00139523
0.000432015
0.000782127
0.00373473
0.00682
0.00169994
0.0011391
0.00186802
0.000597985
0.00086741
0.0011838
0.000766917
0.00266787
0.00167093
0.00113097
0.000571746
0.00127229
0.00197967
0.00138254
0.000511987
0.00101551
0.00122137
0.00301297
0.00186668
0.00147246
0.000247446
0.0012602
0.00137606
0.00315182
0.000310037
0.0014055
0.00240262
0.00159432
0.000808506
0.000315931
0.00364648
0.00120072
0.00113871
0.000864227
0.000694956
0.00106795
0.000369902
0.00221104
0.000854083
0.00267297
0.00230304
0.00156125
0.00104771
0.000802824
0.000486982
0.000610917
0.00151093
0.00293318
0.00192129
0.00796229
0.00276984
0.00102018
0.000731907
0.000710518
0.00166377
0.00185233
0.00136519
0.000800562
0.00262877
0.000626322
0.000979863
0.00122677
0.00186062
0.000596954
0.00147866
0.00178358
0.000865329
0.000959425
0.000654386
0.000764165
0.00210189
0.00265811
0.000775967
0.00151817
0.00383327
0.00138977
0.000831158
0.00150247
0.00149335
0.00171668
0.000159349
0.000226177
0.0013865
0.000729144
0.00114593
0.00464954
0.0011848
0.00131502
0.00203387
0.00308616
0.00111512
0.000864177
0.000374225
0.00142968
0.000970836
0.00392294
0.00142027
0.00132189
0.000683874
0.000253768
0.000899515
0.000810103
0.00139583
0.000914505
0.00100964
0.00103855
0.00115755
0.000654734
0.000699468
0.00294667
0.000442408
0.000401104
0.00165687
0.000497994
0.000377249
0.00159305
0.000582162
0.000550848
0.00100186
0.00068817
0.0014938
0.00275121
0.000242277
0.0019251
0.00173735
0.001205
0.00122341
0.00153317
0.0024895
0.00119234
0.000445412
0.000920984
0.00170153
0.000823858
0.00167553
0.000955117
0.00164275
0.00118381
0.00147671
0.000531003
0.000942778
0.000645784
0.000898494
0.00405243
0.000938758
0.00295436
0.000944486
0.000721189
0.000960045
0.00139785
0.00129316
0.000784456
0.000747339
0.00141474
0.000946256
0.000792238
0.00176291
0.00276757
0.000997475
0.00233376
0.00175789
0.00147343
0.000843174
0.00090233
0.00276778
0.000696434
0.00107753
0.000405131
0.00114009
0.00115361
0.00361092
0.00113325
0.00325482
0.00123207
0.00097344
0.000510179
0.00130895
0.00123547
0.00273008
0.00106188
0.000535163
0.00128751
0.000637121
0.000872411
0.00133555
0.000735819
0.000620261
0.00122943
0.00432199
0.00149744
0.00207961
0.000965138
0.000794195
0.00491664
0.000878959
0.00107197
0.000557183
0.000478451
0.0017892
0.00116189
0.00170328
0.0011055
0.000496093
0.000505458
0.00157709
0.000581
0.000556686
0.00149814
0.00207966
0.00149344
0.00178309
0.0011764
0.0010422
0.000861
0.000747528
0.000756108
0.0010818
0.0017664
0.00112882
0.000572183
0.00120764
0.00201238
0.00202174
0.00109674
0.00373613
0.00144104
0.00930134
0.00219558
0.000751832
0.00510238
0.00113738
0.00278104
0.000985904
0.00105449
0.00143782
0.00196768
0.00504666
0.000392632
0.0021923
0.000932858
0.000256232
0.00194415
0.00238464
0.00112826
0.00105847
0.000811567
0.00243285
0.00120777
0.000753329
0.00118297
0.000953969
0.000527617
0.00179017
0.00108296
0.00122898
0.00196963
0.00125708
0.00251899
0.00263637
0.00369943
0.000642257
0.00181129
0.000735725
0.00390963
0.00203071
0.000844298
0.00077809
0.00311638
0.000746164
0.00148071
0.0019512
0.000630058
0.000614371
0.000725318
0.00191434
0.00211561
0.0023968
0.000307647
0.00286614
0.00150125
0.00159227
0.00164478
0.00098813
0.00149326
0.000816002
0.00103692
0.000673066
0.00187867
0.00105711
0.00085121
0.000971163
0.00143984
0.00180879
0.00196699
0.00124304
0.00749053
0.000628094
0.00229044
0.000593648
0.00155626
0.000649414
0.000699372
0.000922877
0.000999392
0.00121034
0.00197519
0.00186147
0.00048018
0.00248464
0.00196282
0.000700186
0.000648973
0.0010781
0.00173899
0.00145126
0.00340869
0.000646996
0.00122361
0.00213975
0.00409664
0.00130431
0.000641633
0.000390653
0.00233593
0.00308504
0.00187504
0.000722349
0.00117003
0.00128349
0.00251421
0.00264619
0.000918405
0.00100688
0.0018663
0.00167938
0.00184863
0.00152695
0.00279978
0.00102255
0.00291301
0.00119796
0.00265459
0.000625285
0.000837996
0.0011899
0.00118118
0.00160654
0.000918631
0.00111757
0.00416103
0.000843897
0.0014855
0.00353156
0.00159855
0.00131312
0.0046302
0.00148214
0.000550126
0.00130038
0.00158225
0.00235393
0.00211886
0.00102865
0.000539325
0.00119116
0.000479904
0.003513
0.000658365
0.000290848
0.0016689
0.000837542
0.000754984
0.000771359
0.00081582
0.00172575
0.000975472
0.00135193
0.00167156
0.00164825
0.00229838
0.000818986
0.00121356
0.00150739
0.00150182
0.00266565
0.00315232
0.000233534
0.000615119
0.000652827
0.00046432
0.00113025
0.00234245
0.000792905
0.00111336
0.00136212
0.00155239
0.000749956
0.000780247
0.00168908
0.000723011
0.000907472
0.00231151
0.00127835
0.00305874
0.000361721
0.0011362
0.00212767
0.000680588
0.000866612
0.00209767
0.00154942
0.00177606
0.00102311
0.00138758
0.000784756
0.00126769
0.0023309
0.000790423
0.000949494
0.00472876
0.00181716
0.00236646
0.000912436
0.000300939
0.000918424
0.00138545
0.00147125
0.00129153
0.000736558
0.00125132
0.000845265
0.00115123
0.000737576
0.000978592
0.000471681
0.00216222
0.000740374
0.00240889
0.001806
0.00561346
0.00126517
0.000908523
0.00156892
0.000561502
0.000432153
0.00128671
0.000579318
0.00306799
0.0017042
0.00109645
0.00244259
0.000814665
0.000343114
0.00197954
0.00248167
0.00229132
0.000945534
0.000824594
0.000817273
0.00035049
0.00186137
0.00115326
0.000942333
0.00107476
0.00101287
0.000932621
0.00129069
0.0013548
0.00245335
0.000827514
0.00371993
0.00079535
0.00439592
0.000965052
0.00120805
0.00168677
0.000739173
0.000661638
0.002179
0.000191836
0.000433577
0.00135226
0.0018481
0.001597
0.00125259
0.00180741
0.00165388
0.00174535
0.00142485
0.00603737
0.00139332
0.000902484
0.00105435
0.00126708
0.00173751
0.000870488
0.00149191
0.00184554
0.00110789
0.000297913
0.000840592
0.000175902
0.000665336
0.00163861
0.00124568
0.0017085
0.00102096
0.00113048
0.00228913
0.000834131
0.00305741
0.00295104
0.000147632
0.000609659
0.000536231
0.0018742
0.00109123
0.00174254
0.00140018
0.00116111
0.000505536
0.000674803
0.00128169
0.000483756
0.0027335
0.00174183
0.0018051
0.000618831
0.00153812
0.00192183
0.00124737
0.000850878
0.00101412
0.00135621
0.00101826
0.00178349
0.0018483
0.00223967
0.00117732
0.00159384
0.00797693
0.00172764
0.000482977
0.00167245
0.00368701
0.00172823
0.00272028
0.000287912
0.000735484
0.000851334
0.000240743
0.00196391
0.00217026
0.00144332
0.00241571
0.000306497
0.000915202
0.00136733
0.00145188
0.000640961
0.00137269
0.00153121
0.00375758
0.00092247
0.00115577
0.00237034
0.00125888
0.00142569
0.000523907
0.000388003
0.00160653
0.00103972
0.00196325
0.00143707
0.00110685
0.00128328
0.00109534
0.00120909
0.001011
0.00108963
0.000735649
0.0013135
0.00124356
0.000610399
0.000901228
0.00117315
0.00230745
0.00067502
0.00141226
0.00163038
0.00175862
0.00145543
0.00142167
0.00319938
0.000525423
0.000621172
0.00132784
0.000735881
0.000174505
0.0012869
0.00196571
0.00182968
0.000694271
0.000701886
0.00561843
0.000286325
0.001146
0.000891441
0.00071419
0.00132397
0.000832073
0.00181417
0.001114
0.00113239
0.000840893
0.00123507
0.00110528
0.00104754
0.00134254
0.00125604
0.00119665
0.00098819
0.000907644
0.000964575
0.000860751
0.00155605
0.00140144
0.00170202
0.00193435
0.00174778
0.000516716
0.0006843
0.00208219
0.00866443
0.00154137
0.000730668
0.000605245
0.000880314
0.00107478
0.000964303
0.00111273
0.000487945
0.00120181
0.00475571
0.00171133
0.000819845
0.00168004
0.00147498
0.000545808
0.00125627
0.000650075
0.00127018
0.00133342
0.00292063
0.00109162
0.00119447
0.00277889
0.00218556
0.00171267
0.000825742
0.00437986
0.00180232
0.000509408
0.00100638
0.00151671
0.00140977
0.00179537
0.00171435
0.00398659
0.0023435
0.0010325
0.00305919
0.000900861
0.000720117
0.00107829
0.00334726
0.000899213
0.00263792
0.00158102
0.00123172
0.000161606
0.00123028
0.00184172
0.00170305
0.00254248
0.000953435
0.00100658
0.00141355
0.00156419
0.000417493
0.00167656
0.00138488
0.00107812
0.00128337
0.00192827
0.00274889
0.00116793
0.00179778
0.000680356
0.00208438
0.00108263
0.00158906
0.000616029
0.00124143
0.00236095
0.000976765
0.00314632
0.00060943
0.00471785
0.00198755
0.00214331
0.00249386
0.00092686
0.00161528
0.00104317
0.00114046
0.000373951
0.00104875
0.00116221
0.000797948
0.00162903
0.000689421
0.00162002
0.0031071
0.00513372
0.000569227
0.00185104
0.000806529
0.000292976
0.00176218
0.00223585
0.00192399
0.00204409
0.00142854
0.000933018
0.00211927
0.0011287
0.00130854
0.0013332
0.000345899
0.00032652
0.00178922
0.00123265
0.00202428
0.00159557
0.0012052
0.00159663
0.00128111
0.00170488
0.00111139
0.00243191
0.00232625
0.00264553
0.000898322
0.00165138
0.00180073
0.00101539
0.00127181
0.000552237
0.00114225
0.0039443
0.00112159
0.00167713
0.00448725
0.000483766
0.000921962
0.000356166
0.0011501
0.00055478
0.00105656
0.00141627
0.000889668
0.00160209
0.000916137
0.00114812
0.00135883
0.00437228
0.00147227
0.00131234
0.000946464
0.000147705
0.00295793
0.00176761
0.00109061
0.000472487
0.00125273
0.00117082
0.000936875
0.00297656
0.000887663
0.0003652
0.00051384
0.0026971
0.00712144
0.00206292
0.0012759
0.00195913
0.00223377
0.00340393
0.00115636
0.000159048
0.00121321
0.000313742
0.00187352
0.00189999
0.00068424
0.0011887
0.000193398
0.000801828
0.000683201
0.00386188
0.00535603
0.00195814
0.000410497
0.00101927
0.000517643
0.00261304
0.000560397
0.00148143
0.000756379
0.00125192
0.00225413
0.000914756
0.00187159
0.000324646
0.00119598
0.000991615
0.00212248
0.00142
0.00158782
0.00124552
0.00213805
0.00241884
0.00338699
0.00217009
0.000677976
0.00210929
0.00293587
0.000266902
0.000418415
0.000959564
0.000945097
0.000656446
0.00124574
0.00176656
0.00194571
0.00412112
0.00204729
0.00262623
0.00162478
0.0027788
0.00174568
0.000853961
0.000894079
0.00157948
0.000975207
0.00123182
0.00226645
0.000576852
0.00210431
0.00275298
0.000961329
0.00110251
0.00121751
0.000722087
0.000318623
0.00187313
0.000495958
0.00137959
0.00107147
0.000989229
0.00135992
0.00182493
0.000549479
0.00137003
0.00141779
0.00246759
0.00118473
0.000707619
0.00117339
0.00150924
0.000432873
0.00159034
0.00178942
0.00239358
0.00189676
0.0012743
0.000906987
0.00403854
0.00151857
0.00160111
0.00114682
0.00110341
0.00124463
0.00119731
0.0014955
0.001156
0.00203228
0.00144378
0.000629968
0.00226567
0.000391051
0.0012167
0.00123378
0.00161227
0.00106553
0.00180341
0.00155303
0.00148843
0.00133189
0.000928754
0.00186025
0.00169487
0.000775091
0.0011054
0.00137769
0.00132463
0.000752864
0.00134222
0.0017374
0.00129251
0.00165098
0.00197831
0.00220849
0.000680028
0.000951665
0.00117349
0.00817413
0.00198956
0.00273602
0.00203904
0.00156079
0.00153795
0.00549263
0.0020243
0.000360352
0.00251451
0.00109532
0.00190311
0.0018155
0.000665267
0.00168004
0.00177068
0.000969946
0.000519829
0.000949932
0.00102122
0.00142682
0.000725479
0.0016868
0.00136169
0.000353398
0.00307084
0.00159112
0.00103918
0.00127889
0.00147678
0.00155369
0.00184445
0.00248515
0.000161829
0.000888689
0.0001745
0.00192181
0.000679161
0.000483
0.00100087
0.000390728
0.00117688
0.00112652
0.00209126
0.00105071
0.00110446
0.00118745
0.00111913
0.00249516
0.000744314
0.00194922
0.000678131
0.00661247
0.00120568
0.000761515
0.0016649
0.00149249
0.00339871
0.00126794
0.00104935
0.00246884
0.00130995
0.000851713
0.00145497
0.00111501
0.00125849
0.00139366
0.000746978
0.00204953
0.00130643
0.000437044
0.00237391
0.00345273
0.0033419
0.000522597
0.0014085
0.00611358
0.00186189
0.00253628
0.00233921
0.00130276
0.000725789
0.00209587
0.0015721
0.00116454
0.00214298
0.000761565
0.000864652
0.00265386
0.00184246
0.00274617
0.0014126
0.00021723
0.00135885
0.00198571
0.00155728
0.000759012
0.00283314
0.000848074
0.000739115
0.000333352
0.00101593
0.000795562
0.00190945
0.00192688
0.000939421
0.00211479
0.0010265
0.00124081
0.000933239
0.00326665
0.000963342
0.00186252
0.00253393
0.000549274
0.00119901
0.0022007
0.00231815
0.00124728
0.00411459
0.00118705
0.00138913
0.000857215
0.00108724
0.000806795
0.00169279
0.00458011
0.000656728
0.000817902
0.00239856
0.00122678
0.0010242
0.00201592
0.00156157
0.00044124
0.00115728
0.00104752
0.000175813
0.0013718
0.00103767
0.00151863
0.00302703
0.000529036
0.00670246
0.0010828
0.000702138
0.00155913
0.000783361
0.000515462
0.000567892
0.00147664
0.000733561
0.000525557
0.00145579
0.00235024
0.00162965
0.000580192
0.000978953
0.00082717
0.00249097
0.000643237
0.00239794
0.000984874
0.00232139
0.000987627
0.000973695
0.00124607
0.000546148
0.00122978
0.000526664
0.00203396
0.0011961
0.000597578
0.00129452
0.00167818
0.000788643
0.00162831
0.001233
0.00466958
0.00125444
0.00108154
0.00028579
0.00154489
0.000949194
0.00090368
0.00165877
0.00228038
0.0018026
0.00170292
0.00084382
0.00291254
0.00160441
0.00322137
0.000261386
0.00106058
0.0011921
0.00130092
0.00113448
0.000545535
0.000652202
0.00129047
0.00134791
0.000672768
0.00111549
0.00176414
0.000460079
0.000699522
0.00251974
0.000763051
0.00272474
0.000203279
0.00141849
0.000821159
0.00203871
0.00244628
0.000518194
0.00362325
0.00121578
0.00280969
0.00123158
0.00087561
0.0030393
0.00105862
0.0011669
0.00220778
0.00158732
0.00105377
0.000925691
0.0046075
0.000584172
0.000520545
0.00291082
0.00385594
0.0015714
0.00208664
0.000808347
0.000772665
0.0015529
0.0021316
0.00138521
0.000440308
0.000977861
0.00272977
0.00133919
0.00258967
0.00168149
0.000537178
0.00127027
0.00257636
0.00140867
0.00104853
0.00065318
0.00182981
0.000232399
0.000599942
0.00142184
0.0036958
0.00128266
0.00073941
0.00125184
0.00339722
0.00105121
0.00291373
0.00132123
0.000880991
0.000907395
0.000304462
0.000783067
0.00242093
0.0018075
0.00132579
0.000892078
0.000702494
0.00187768
0.000299623
0.00264445
0.00282409
0.0016587
0.000653707
0.00160054
0.00138176
0.000971661
0.000550968
0.00192958
0.00122742
0.00248445
0.000556096
0.00110178
0.00126576
0.00180821
0.00111451
0.000522648
0.000625261
0.0011691
0.00192446
0.00373707
0.00418825
0.00166547
0.00104131
0.00108831
0.00144021
0.0015126
0.00108654
0.00302698
0.00143864
0.00121697
0.000521944
0.000951839
0.000421477
0.00182352
0.00104894
0.00390632
0.00227263
0.00131605
0.00156019
0.00117768
0.00230698
0.000932226
0.000645571
0.00118096
0.0053243
0.000874652
0.000462231
0.00828235
0.0014853
0.00109962
0.0018698
0.00131218
0.00192999
0.000398555
0.00110199
0.00115897
0.00112966
0.00178884
0.000296653
0.000700357
0.00120495
0.00130896
0.000813829
0.00113651
0.00111828
0.002401
0.00291428
0.000515959
0.00199131
0.00101301
0.00150731
0.00142147
0.00091646
0.00129349
0.00149965
0.00254707
0.00163699
0.000441493
0.0012855
0.00083523
0.00243979
0.00138995
0.000426148
0.00136614
0.00159958
0.00302266
0.00105272
0.000414514
0.0036586
0.00155454
0.000952422
0.000260191
0.000544957
0.000672991
0.00134453
0.000769107
0.000984647
0.00257576
0.00204384
0.00158192
0.000726302
0.00166874
0.00146137
0.00373617
0.000820206
0.000804884
0.00122149
0.0012599
0.00119841
0.00180148
0.00221916
0.00193131
0.00143779
0.00304505
0.000570675
0.00232704
0.00127287
0.000597852
0.00193207
0.0025313
0.000441697
0.00440078
0.000607417
0.000766234
0.000899098
0.00135097
0.000861813
0.00279471
0.00157247
0.00135916
0.000712639
0.00186594
0.00456513
0.00209712
0.00158013
0.000696201
0.00119575
0.00280551
0.00132626
0.000668232
0.00234999
0.000773648
0.00219211
0.00100871
0.00395634
0.00382144
0.00183928
0.00121627
0.000860158
0.00149288
0.00137321
0.0038684
0.000593084
0.000881863
0.00159169
0.000937952
0.00150236
0.000255209
0.00163074
0.00242718
0.00195279
0.00132787
0.00368981
0.000751109
0.000561622
0.000713295
0.000792169
0.00197358
0.00162062
0.00114823
0.000991986
0.000837506
0.000799906
0.00110094
0.000935647
0.00190761
0.000650632
0.00161422
0.00142856
0.00219426
0.000809704
0.00374283
0.000866072
0.00146639
0.00129794
0.00094157
0.000919745
0.000435901
0.000720711
0.00147063
0.00197132
0.00313984
0.00145842
0.00109119
0.00297393
0.00172431
0.000924769
0.000626739
0.00089002
0.00135554
0.00254662
0.00235823
0.00146251
0.00262706
0.000258729
0.00200448
0.00124929
0.000863372
0.00897715
0.00109887
0.00140297
0.00122146
0.000946485
0.000714636
0.00391857
0.0017262
0.00232826
0.000709129
0.000947913
0.00127233
0.00147884
0.00160269
0.000392627
0.00162412
0.00119076
0.00245745
0.00102342
0.000698141
0.00156636
0.00157667
0.000868838
0.00342963
0.00079711
0.00130608
0.000691022
0.0024317
0.00105611
0.00122182
0.000830584
0.00149982
0.00128108
0.000188981
0.000677486
0.0033988
0.00240468
0.000428673
0.000849951
0.000210743
0.00138894
0.0010465
0.000801684
0.00128524
0.00124762
0.00397538
0.00156589
0.00188911
0.00347405
0.00305535
0.000949017
0.00166199
0.00224238
0.00154831
0.00154778
0.000492434
0.00119027
0.000958065
0.00439926
0.0015807
0.00104271
0.000991184
0.00195463
0.00166857
0.00183078
0.00126621
0.000680203
0.00109184
0.000683606
0.00070459
0.00307657
0.00242055
0.00250995
0.0016319
0.000264713
0.00323812
0.00165767
0.00229529
0.000997012
0.000503433
0.00244982
0.00144974
0.00157936
0.00154615
0.000968058
0.00139404
0.00263709
0.000445419
0.000862304
0.000343394
0.00205028
0.00140568
0.000836579
0.00126314
0.000955307
0.00106106
0.00158724
0.011518
0.000693455
0.000427543
0.000680747
0.00182329
0.00158903
0.000417689
0.00141374
0.00129187
0.00196036
0.00139146
0.0033682
0.00130017
0.000645161
0.00159392
0.00160432
0.00153096
0.00218677
0.00120173
0.000549182
0.00130831
0.00137289
0.00223259
0.00123191
0.00157884
0.00142753
0.000558103
0.000813879
0.00169788
0.00122977
0.0012999
0.00104771
0.000608485
0.000976356
0.00268356
0.00138957
0.00176361
0.000506578
0.00112538
0.000962159
0.000805711
0.00190235
0.00150809
0.00111259
0.00149146
0.000928223
0.00135638
0.000688405
0.00115081
0.00157796
0.000274526
0.000792948
0.00365278
0.000756932
0.0013439
0.00187187
0.000964672
0.001883
0.00122505
0.000834669
0.000435622
0.0047717
0.00055223
0.000468275
0.00178154
0.0017001
0.00396252
0.000645235
0.000846016
0.00105786
0.0015378
0.000828967
0.00188716
0.000767322
0.000914878
0.0013558
0.000180291
0.00126778
0.0016262
0.000944413
0.00152489
0.00140113
0.00126746
0.000414354
0.00237555
0.00225892
0.000765744
0.00114161
0.00168655
0.0100578
0.00236517
0.00146809
0.00218059
0.00046321
0.00144582
0.00248989
0.00128694
0.00121723
0.00120006
0.00218898
0.0012303
0.00221879
0.00155957
0.00116093
0.00181237
0.00180979
0.00210204
0.00262188
0.00183761
0.0016121
0.000886507
0.00317409
0.00054214
0.00188409
0.000153626
0.00107826
0.000471843
0.00940883
0.000865365
0.00123207
0.00493264
0.00152883
0.000420649
0.00155071
0.000880415
0.000890622
0.000387136
0.00185983
0.000346608
0.000499871
0.0010315
0.0031423
0.000904364
0.00237815
0.00146078
0.000875397
0.00133751
0.00177633
0.001261
0.00130713
0.000342314
0.000515719
0.00253781
0.00115123
0.00126858
0.000594047
0.00197681
0.000632401
0.0020157
0.00141047
0.00366274
0.00132379
0.00207402
0.00137851
0.000725663
0.00186916
0.0016504
0.00159223
0.00106357
0.000776059
0.000759955
0.00259086
0.00271689
0.000639251
0.00027759
0.00102646
0.000487649
0.00102889
0.00354099
0.00200436
0.00106925
0.00122392
0.00126545
0.00281012
0.00347354
0.00140294
0.00102936
0.00137792
0.00285528
0.00126568
0.000403396
0.000580472
0.00122915
0.00191747
0.00126558
0.000998748
0.00329905
0.00245197
0.00426261
0.000757131
0.00169794
0.00172454
0.00143808
0.00100411
0.000776831
0.00222327
0.00435766
0.000516282
0.00137228
0.0012748
0.00115909
0.000676814
0.000923558
0.00024367
0.00112228
0.00113577
0.0019476
0.000554995
0.00130257
0.00113932
0.00226053
0.00114168
0.00177542
0.00045465
0.00354098
0.000944372
0.0029385
0.00341242
0.000963987
0.00107265
0.000637185
0.00128991
0.00512092
0.000521329
0.00184786
0.00152161
0.00114993
0.00152763
0.00157454
0.0020332
0.00115706
0.00179556
0.00192687
0.0010994
0.00043082
0.000896309
0.00101399
0.00128018
0.0024004
0.00120534
0.000432119
0.000974188
0.00127554
0.000753232
0.00118298
0.000874552
0.00220112
0.00100401
0.00100365
0.000903828
0.00105546
0.00439358
0.00144433
0.00287484
0.00157215
0.00111013
0.00116252
0.00178593
0.00120806
0.00111735
0.000903767
0.000812031
0.00117381
0.00243218
0.00118488
0.00209179
0.0022421
0.00130377
0.00226492
0.00211618
0.00143447
0.00236434
0.00090696
0.00169541
0.0019686
0.00118141
0.00144474
0.00139009
0.000899612
0.000432955
0.000435324
0.00141998
0.00193477
0.000513379
0.000655501
0.00129401
0.00313797
0.00156381
0.000895435
0.00280837
0.00086503
0.00537549
0.00210861
0.00198212
0.000997544
0.000821002
0.00185261
0.00157608
0.00217234
0.000939636
0.00135158
0.00291442
0.00117914
0.00348053
0.00402787
0.00148372
0.00141685
0.000968864
0.0012917
0.00137703
0.00149089
0.00168754
0.000932968
0.00083963
0.00115323
0.000480113
0.000883377
0.00319684
0.00167513
0.000431697
0.00172869
0.00118128
0.000790832
0.00253694
0.00162417
0.000378502
0.00111323
0.00172384
0.00104767
0.0015075
0.00095637
0.00165812
0.0006489
0.00273256
0.00152252
0.000922264
0.000197892
0.000351656
0.00223241
0.0025777
0.000763961
0.00393259
0.00133811
0.000462116
0.00039218
0.00149132
0.00108559
0.00244117
0.00217382
0.000425167
0.00163954
0.000728276
0.000973119
0.00067929
0.000544448
0.00509934
0.00276373
0.00154672
0.00167595
0.00196525
0.00101476
0.00152585
0.00117525
0.000858684
0.000425607
0.000518006
0.000862432
0.00142664
0.00205966
0.00077371
0.00101333
0.000702064
0.000607583
0.00139077
0.00187851
0.000387787
0.000880664
0.00123782
0.0019443
0.00136524
0.000930777
0.000850789
0.00276791
0.00193567
0.000639816
0.000813987
0.00307189
0.000904749
0.000455762
0.00102082
0.00063647
0.00164977
0.000654728
0.00111391
0.00178107
0.00156819
0.00302585
0.00118773
0.00134784
0.000937657
0.0017517
0.00149285
0.00121674
0.00123782
0.00197545
0.00228658
0.000830002
0.0012793
0.00101343
0.000415029
0.000274581
0.000461054
0.00220985
0.001384
0.00106338
0.00165627
0.00118372
0.00201615
0.00236555
0.00226866
0.00188794
0.00266967
0.000566844
0.000749039
0.00215797
0.00207805
0.0010727
0.00157312
0.00354324
0.00121347
0.00128101
0.000981462
0.00117607
0.000803017
0.00167122
0.00132815
0.00109155
0.00128498
0.00114146
0.00162926
0.00294168
0.000797882
0.00103444
0.00189011
0.0017405
0.00167293
0.00167703
0.000924914
0.00151853
0.00170603
0.000511676
0.00136423
0.00181862
0.00218782
0.00105088
0.00214451
0.00195424
0.000445808
0.000371448
0.00124392
0.00118487
0.0021878
0.0017643
0.0022801
0.00134015
0.00128269
0.000866201
0.000275438
0.00100648
0.00175898
0.000987638
0.0015527
0.00201353
0.00133369
0.00274178
0.000993437
0.00183125
0.00104574
0.00131483
0.00169674
0.00178693
0.00225914
0.000979162
0.0018463
0.000687376
0.000467037
0.00119655
0.00421042
0.0013308
0.00187075
0.00115933
0.0010249
0.000946621
0.00130409
0.00230094
0.00103049
0.00322932
0.000761416
0.00148997
0.00359664
0.000918823
0.00058676
0.00294449
0.00210297
0.00302993
0.00147751
0.00159328
0.00598603
0.00119179
0.00250585
0.00151491
0.00155779
0.000576565
0.00783142
0.00129775
0.0026788
0.00165084
0.000416639
0.00193098
0.00120459
0.00153555
0.00236668
0.000998563
0.000944403
0.00160383
0.00161801
0.00130999
0.00179538
0.00124516
0.00145556
0.00149075
0.00103167
0.00209912
0.00213707
0.00186644
0.00246512
0.00140418
0.000613472
0.000595737
0.00131006
0.000927137
0.00204831
0.000227139
0.00138331
0.000209333
0.00109076
0.00253904
0.00124001
0.00138105
0.00108897
0.000445536
0.000325369
0.00143666
0.00124395
0.000634054
0.00142245
0.00107792
0.00227425
0.000845192
0.000805892
0.00163052
0.00108205
0.00129948
0.000733433
0.00161414
0.00162949
0.00168917
0.00210913
0.00157616
0.00052256
0.00133341
0.00115508
0.00179661
0.00345645
0.00161011
0.00160527
0.000855563
0.00241269
0.00291039
0.00205323
0.00164976
0.000621349
0.0016578
0.0018138
0.000528407
0.000969501
0.00101428
0.00244512
0.000985708
0.00124437
0.00293496
0.00125947
0.00142112
0.0011655
0.000727798
0.00213633
0.000631098
0.00101069
0.00122663
0.00168673
0.000657299
0.00101663
0.000527081
0.00138694
0.000717311
0.00176657
0.00120604
0.00240003
0.00251393
0.00142903
0.000944572
0.00111684
0.00213954
0.00170598
0.00156463
0.000806532
0.000681746
0.00137627
0.00294579
0.000257164
0.000806894
0.00146233
0.000441513
0.00103183
0.000943386
0.00155594
0.00186262
0.000227996
0.00252585
0.000611364
0.00135801
0.00114007
0.00246389
0.00360436
0.00102876
0.000868191
0.0021913
0.00195877
0.00192192
0.00386362
0.000632995
0.00219319
0.00132753
0.000716164
0.000925586
0.00226478
0.002982
0.0010237
0.00302061
0.00142426
0.00509211
0.00151518
0.00141069
0.000933605
0.000291572
0.00192069
0.000550628
0.000970218
0.000531881
0.000687486
0.00138901
0.000867747
0.000954205
0.00230814
0.000973018
0.000584092
0.00325167
0.0016792
0.002386
0.00135436
0.000549026
0.000388937
0.000983229
0.00383833
0.000940189
0.0010293
0.00447667
0.00243949
0.000780867
0.00216983
0.0187559
0.00104968
0.00165953
0.00068827
0.0015642
0.00205049
0.000231976
0.00290239
0.00145594
0.00195293
0.00148343
0.000823866
0.00155089
0.00163852
0.00221632
0.00113848
0.000764597
0.0038508
0.00129253
0.00184033
0.00177728
0.000637346
0.00271113
0.003522
0.00243749
0.00153614
0.00156276
0.00382333
0.000870975
0.00119896
0.00149666
0.000593087
0.00134152
0.0021833
0.000540707
0.000645079
0.000481517
0.000318048
0.00215672
0.00120364
0.00247617
0.00109617
0.00398541
0.00121708
0.00146076
0.00057075
0.000826522
0.00129397
0.00286783
0.000997596
0.000642751
0.00108342
0.000976038
0.00127105
0.000963348
0.00203255
0.00019716
0.00115935
0.00099372
0.00280209
0.000945392
0.00119019
0.000560926
0.00418628
0.00105906
0.000157809
0.000896463
0.00284963
0.000792357
0.00242294
0.000727831
0.00226589
0.000565521
0.000223946
0.00106815
0.00261867
0.00142929
0.00116374
0.0021215
0.000252062
0.00128816
0.00139664
0.00112365
0.00141749
0.00134281
0.00206993
0.00113526
0.00206335
0.000294934
0.00133888
0.0014142
0.00268361
0.0051069
0.00121402
0.000944617
0.00115863
0.000527468
0.00102753
0.00131214
0.00101586
0.00108457
0.00261606
0.0013827
0.00241695
0.00130747
0.00144201
0.000558536
0.000669721
0.00116861
0.00210166
0.00215036
0.000859851
0.000597938
0.00481332
0.00414445
0.00105451
0.00199213
0.00197762
0.000695649
0.000836378
0.000615007
0.00210743
0.00249385
0.0162081
0.00248651
0.00197538
0.000499959
0.00180575
0.00150571
0.00307098
0.00109568
0.000621132
0.000845477
0.00142851
0.00247069
0.00157493
0.00183891
0.000769538
0.00461826
0.00136738
0.000364489
0.00179219
0.00131999
0.00152419
0.000289178
0.00111449
0.00264478
0.00133385
0.000750015
0.00605401
0.000623067
0.0029368
0.00200109
0.00195607
0.00158313
0.0017359
0.000960384
0.00162904
0.00119069
0.00739547
0.0021276
0.0015618
0.00160084
0.00216054
0.000965763
0.00451289
0.00207617
0.00573843
0.00159019
0.00267712
0.00173895
0.00115567
0.00176568
0.00100948
0.00158581
0.00147364
0.000928389
0.0027893
0.000344169
0.00437662
0.00428359
0.00163585
0.00174799
0.000833164
0.00117962
0.000772181
0.000611894
0.00100697
0.000888298
0.00136743
0.000555401
0.00294003
0.000290558
0.000840519
0.00115306
0.0018866
0.00326934
0.00193374
0.000782737
0.00159273
0.00108781
0.0010645
0.00155996
0.00053736
0.0014588
0.00119933
0.0011125
0.00168333
0.00126711
0.0024283
0.000634344
0.000965779
0.000401018
0.000548462
0.000439935
0.00114096
0.00179996
0.00129679
0.00100724
0.00183268
0.00177693
0.00128636
0.00148033
0.00105002
0.00163031
0.00198103
0.00108386
0.00132904
0.00235996
0.00151698
0.0022954
0.00124476
0.00225033
0.000927775
0.00109695
0.000418887
0.00233514
0.00200182
0.000500193
0.00142882
0.000882191
0.00178412
0.00148622
0.00123834
0.000297773
0.000256629
0.00175886
0.00125574
0.00373828
0.00055765
0.00304496
0.000594173
0.00134303
0.00218667
0.000677807
0.00036124
0.00100013
0.00112405
0.00108404
0.00170531
0.000422477
0.000914665
0.00182015
0.0017518
0.000776657
0.00213244
0.000909077
0.00101056
0.000989182
0.00162656
0.00370524
0.00312261
0.00170634
0.000943568
0.000958107
0.00221594
0.000965379
0.00420397
0.000845907
0.00210016
0.00079792
0.00223038
0.00124096
0.000326682
0.00254979
0.00155873
0.000592689
0.00138775
0.0031854
0.00121676
0.00137671
0.00178483
0.00351581
0.000592996
0.0017876
0.0022155
0.000971451
0.00103079
0.00104105
0.00145294
0.00115223
0.00152219
0.00179038
0.00654548
0.00100675
0.00721966
0.00237637
0.00161825
0.000782864
0.00222714
0.00225688
0.00174796
0.000742769
0.00250138
0.00170301
0.00356398
0.000647549
0.000851845
0.000616589
0.00120028
0.00108562
0.00149153
0.00373576
0.00128706
0.00147642
0.00115551
0.000493114
0.00242992
0.00140451
0.00407453
0.0010616
0.000444056
0.000654582
0.00160185
0.000766475
0.00118298
0.00187116
0.00382595
0.000674509
0.00126776
0.00119939
0.00156226
0.000210698
0.00204388
0.00224921
0.00118879
0.00151801
0.000998015
0.00027465
0.000493224
0.000922178
0.00172462
0.000618901
0.00163702
0.00148972
0.000969848
0.00221956
0.000787425
0.00216992
0.00328191
0.000889737
0.000992649
0.00152513
0.000346667
0.00189017
0.00356928
0.00100614
0.00162885
0.00206905
0.000195763
0.0015899
0.00103858
0.00202215
0.00212202
0.000608295
0.00155791
0.0028219
0.00122442
0.00188666
0.000552796
0.00169713
0.00070626
0.000830836
0.00165091
0.00112502
0.000714823
0.00195777
0.00177529
0.00290572
0.000616629
0.00126373
0.00115724
0.000754007
0.00120145
0.00311841
0.00155204
0.000912466
0.00242001
0.000955876
0.00117342
0.00050835
0.000720788
0.00706421
0.00111125
0.00286903
0.000991822
0.00197108
0.00147239
0.000768915
0.000700254
0.000756067
0.00268623
0.000333049
0.00678948
0.00107844
0.000487512
0.00128692
0.000940327
0.00256123
0.0014828
0.00135411
0.000506044
0.0012397
0.00219583
0.00166534
0.00119071
0.00149829
0.00107046
0.00157068
0.00103844
0.00354487
0.000949441
0.00172314
0.00291942
0.000850897
0.000491975
0.000400395
0.000333194
0.00289747
0.0014517
0.000994372
0.00270075
0.00116248
0.00198716
0.00044235
0.000930075
0.00122028
0.000811026
0.00198882
0.00111169
0.00109241
0.00116683
0.00262615
0.0016978
0.00153384
0.00120334
0.00179996
0.00218967
0.00155429
0.00195721
0.00312129
0.00148724
0.00119112
0.00199199
0.00081624
0.000558604
0.00137955
0.00116996
0.002752
0.00128437
0.000382763
0.0011466
0.00157788
0.0003222
0.000897366
0.00442981
0.00120179
0.00363027
0.00115077
0.000976702
0.00087457
0.000400804
0.00189027
0.000345979
0.00445351
0.00269391
0.000463204
0.00244416
0.00132298
0.00275677
0.00187317
0.0051702
0.00225147
0.000471918
0.00147189
0.00193014
0.00220067
0.00204359
0.00167154
0.0138003
0.00299335
0.000425806
0.00142144
0.00174878
0.00173855
0.00110765
0.00117375
0.000693392
0.000357074
0.000400778
0.000962287
0.000722173
0.00261351
0.000796365
0.00120884
0.00174905
0.00154202
0.000906694
0.00283241
0.000321184
0.00138204
0.000659135
0.00033012
0.0013432
0.00114683
0.000738327
0.000988604
0.00110922
0.0014568
0.000991949
0.00171141
0.00208833
0.00245622
0.000910853
0.00181053
0.00197869
0.00129142
0.00421305
0.00206045
0.00172317
0.00167431
0.000824986
0.00331506
0.00108025
0.00112758
0.00121713
0.00136172
0.00136438
0.000562977
0.000968895
0.0016161
0.000832419
0.00302235
0.00184835
0.000370166
0.000216487
0.00173207
0.00152055
0.000456351
0.00094024
0.00157726
0.00110831
0.00167713
0.00266957
0.00194946
0.00182185
0.00151747
0.00109624
0.00180259
0.000486121
0.000737256
0.00331665
0.00151481
0.000700913
0.00257272
0.0019152
0.00525653
0.0008386
0.00132207
0.00211269
0.00226648
0.00130302
0.000521629
0.00175411
0.00125155
0.00121544
0.00576892
0.000960302
0.00148863
0.00219859
0.000767382
0.00145642
0.00109148
0.0010343
0.000412996
0.00186289
0.00083614
0.00176599
0.00289814
0.00324894
0.00247112
0.00109189
0.00216746
0.00202111
0.00123179
0.00465458
0.000935882
0.00302032
0.00386564
0.000820443
0.000987181
0.000823529
0.00292599
0.00230488
0.000756515
0.00335453
0.000727823
0.00108804
0.00162227
0.00192741
0.00102703
0.00182568
0.00145484
0.00131078
0.000545326
0.000775459
0.00388117
0.000876819
0.00226355
0.000724307
0.00145792
0.00218792
0.00163397
0.00180622
0.00195528
0.00246534
0.00142761
0.00106943
0.0012657
0.000775283
0.00250861
0.00085478
0.00112757
0.00368216
0.00291622
0.00145642
0.00135628
0.00155351
0.000969155
0.00101091
0.000622873
0.00137344
0.00132415
0.000907758
0.000784147
0.00017622
0.00120169
0.00129775
0.00055649
0.00259156
0.00475567
0.00148984
0.00347582
0.000724636
0.00102668
0.00213804
0.00607238
0.000720339
0.00113059
0.000979502
0.000365508
0.000310852
0.000277411
0.000960166
0.00157082
0.00101404
0.000993517
0.000862139
0.000630713
0.00364545
0.00207247
0.00116682
0.0011244
0.00183009
0.000984503
0.00117278
0.00126521
0.000410476
0.00216294
0.00152353
0.000772062
0.00102937
0.000581378
0.00175384
0.00295773
0.000211329
0.000679652
0.00421171
0.00194662
0.00135673
0.00100565
0.000733243
0.0012196
0.000443465
0.000482418
0.00091431
0.000953087
0.000684321
0.00298144
0.00157248
0.00144131
0.00134417
0.00207749
0.00135004
0.00161432
0.0011621
0.00212011
0.00102986
0.000657398
0.00113305
0.00119927
0.000979861
0.00159279
0.000892919
0.00294216
0.00149695
0.00174097
0.00140995
0.000781267
0.000776215
0.00190492
0.00618568
0.000464333
0.00425732
0.00288688
0.00156051
0.000581555
0.00238666
0.000492602
0.00106993
0.00143448
0.00121028
0.00101846
0.000577034
0.0013625
0.00131081
0.0011455
0.000758281
0.00154957
0.000846919
0.00320666
0.00387687
0.000834623
0.000820264
0.00430082
0.000441921
0.00230224
0.000601238
0.00181232
0.00145553
0.000775447
0.00109302
0.00204497
0.00370304
0.000634516
0.00131059
0.00236773
0.00190387
0.0014773
0.00137093
0.00056487
0.00360512
0.00357231
0.00132095
0.000974056
0.00189818
0.00229642
0.00241589
0.00120249
0.000873139
0.000662193
0.00197289
0.00127866
0.00162485
0.00180223
0.000859364
0.00196951
0.00382571
0.00115621
0.00143729
0.00153956
0.0056274
0.00209992
0.00153352
0.00169853
0.0023382
0.00150107
0.00127762
0.00141129
0.000773205
0.00062251
0.00248837
0.000965539
0.000731133
0.0011609
0.000529364
0.00236137
0.00156169
0.00170563
0.0009627
0.00126537
0.0029689
0.00136451
0.00282881
0.00157357
0.000999017
0.000913391
0.00154211
0.000826211
0.00209054
0.00216445
0.00183929
0.00201459
0.00178787
0.0016611
0.00158531
0.000991566
0.000840294
0.00217004
0.000912531
0.00041485
0.00101292
0.000757785
0.00267098
0.000973061
0.0018264
0.00155966
0.00109971
0.000948634
0.000354926
0.00110524
0.00119939
0.00148601
0.00107968
0.00171509
0.000719988
0.00260994
0.00101214
0.00266342
0.00246964
0.00155414
0.00131936
0.00165312
0.00108021
0.000807705
0.00156589
0.000745444
0.00248274
0.00127379
0.00276481
0.00228028
0.000585551
0.00070521
0.00234875
0.000646504
0.000591847
0.00132164
0.00159601
0.0015517
0.00227343
0.00160459
0.00354353
0.00146736
0.000918873
0.00257212
0.00298301
0.00146665
0.0027892
0.000535924
0.00572923
0.000727713
0.00112142
0.000364141
0.00276415
0.00132078
0.00131029
0.00174853
0.00100378
0.000432064
0.00267437
0.000511276
0.00127849
0.00185046
0.00102241
0.00213344
0.00250578
0.000995408
0.000466804
0.00142267
0.00109926
0.00132667
0.000211968
0.00413925
0.00172907
0.000534035
0.00231933
0.00101135
0.000458454
0.000912285
0.00140298
0.00818319
0.00122212
0.00139701
0.00270622
0.000821415
0.00164855
0.00149296
0.000724745
0.00310453
0.00231597
0.00116948
0.00110243
0.00112655
0.00227031
0.000484274
0.000421087
0.00254264
0.00132054
0.00110935
0.000679669
0.00236093
0.00275298
0.00163071
0.000312055
0.00230165
0.001657
0.0017511
0.00199089
0.000936275
0.00104802
0.00176266
0.000844138
0.00175637
0.00181356
0.00224617
0.000180878
0.000469506
0.00157476
0.000669413
0.000681109
0.000553606
0.00228293
0.00223796
0.00174505
0.00146718
0.000563851
0.00295317
0.00133298
0.00138359
0.00193617
0.000775207
0.00206262
0.00137329
0.00100564
0.0012341
0.000962803
0.00173307
0.00125709
0.00226876
0.00109891
0.00138934
0.00119645
0.00147838
0.0010239
0.00166902
0.00358042
0.00177503
0.00217299
0.00222642
0.00410718
0.00167533
0.000819402
0.000616513
0.00612268
0.00116495
0.000829133
0.000469052
0.00242692
0.00360507
0.000168328
0.00124385
0.000910859
0.0021513
0.0029992
0.000882935
0.0043007
0.00223193
0.0013028
0.00118988
0.00107182
0.00182028
0.00154812
0.00151444
0.00144781
0.00128647
0.00135189
0.000967715
0.000739445
0.000195724
0.0033311
0.000525318
0.00197403
0.00150661
0.00198208
0.00206886
0.00156578
0.00337999
0.00122916
0.00112183
0.00101747
0.00151899
0.00139146
0.000600846
0.00307804
0.00176533
0.00117675
0.00166409
0.000915603
0.00187351
0.000902697
0.00220253
0.0016983
0.00113571
0.000496837
0.00316905
0.0014712
0.0010109
0.00338616
0.00133006
0.00540672
0.000740021
0.00186974
0.000980609
0.00143296
0.00120707
0.00129741
0.0010399
0.0011193
0.000730643
0.00319548
0.00187585
0.00253172
0.00116047
0.00102551
0.000761022
0.00239144
0.00228001
0.00115116
0.00755757
0.00160175
0.000296554
0.0015368
0.000416577
0.00151049
0.000430532
0.00170882
0.00189332
0.00252149
0.000938644
0.00100822
0.00117987
0.00111215
0.00119121
0.00130246
0.00359446
0.000808193
0.00467399
0.00172681
0.00180503
0.000715322
0.00184929
0.00126827
0.00337744
0.00147843
0.00357579
0.00129738
0.000950697
0.00133669
0.00100315
0.000809795
0.00111007
0.00204538
0.00235036
0.000578439
0.000509969
0.00116179
0.00144095
0.00228438
0.00097908
0.00250592
0.00114222
0.00127768
0.00136128
0.000457522
0.00117068
0.000910465
0.000837551
0.000817581
0.00261089
0.00125473
0.00170527
0.00174068
0.00104642
0.00135018
0.00100053
0.0018352
0.00326154
0.000459382
0.00187252
0.00122297
0.00119051
0.000925564
0.00142035
0.00212875
0.00232959
0.00074984
0.000926212
0.00107373
0.000164274
0.00117169
0.000671921
0.0019587
0.00132437
0.00154061
0.00105933
0.00185585
0.0010803
0.00128354
0.00103867
0.00157417
0.00177446
0.000156984
0.00160662
0.000431556
0.0014195
0.000654256
0.000813925
0.000672916
0.000756746
0.00139647
0.0019336
0.00176444
0.00227895
0.000989344
0.000619915
0.00153315
0.00137947
0.00146086
0.000672393
0.000545448
0.00154203
0.000831213
0.00183988
0.0013505
0.00111418
0.001541
0.00160213
0.00177905
0.00237137
0.000881631
0.000232801
0.000224979
0.000987142
0.00227611
0.00176887
0.00111061
0.00176504
0.000323789
0.000659816
0.000421382
0.00140317
0.00148654
0.00105216
0.00294743
0.00160542
0.0013965
0.00167173
0.000775261
0.000738122
0.00206328
0.000678722
0.00100279
0.000935506
0.00183352
0.000653701
0.00146176
0.000816951
0.00127907
0.000813421
0.00292988
0.000489697
0.000779251
0.00192509
0.00185656
0.00164143
0.00380673
0.00114619
0.00045522
0.00178104
0.000949906
0.000827021
0.000331494
0.0005675
0.00144028
0.000905966
0.000559928
0.00151101
0.00200108
0.00154927
0.0015494
0.00215564
0.000802658
0.00174035
0.00206156
0.000488384
0.000617295
0.00195319
0.000528669
0.00085896
0.000981069
0.00162088
0.00188594
0.00075842
0.00108915
0.00104948
0.000441268
0.00223434
0.000953165
0.00111227
0.00252263
0.00225701
0.00124335
0.000577934
0.000963758
0.00129192
0.00039594
0.00173604
0.000800218
0.00198199
0.00116818
0.000474392
0.000257892
0.0017117
0.000752175
0.000995573
0.00103426
0.00102626
0.00144417
0.00142217
0.00220184
0.000666226
0.0012728
0.000968522
0.00104848
