0.00158108
0.00689952
0.000966333
0.00114396
0.0500889
0.0475284
0.00139521
0.000580925
0.00353369
0.00351411
0.0038159
0.00120635
0.00114769
0.00196374
0.00583135
0.000984114
0.00127483
0.00648651
0.000474018
0.00141195
0.000829671
0.00297999
0.00230202
0.00477908
0.00257898
0.00435693
0.00748133
0.00268904
0.000143329
0.000142491
0.00124744
0.00134339
0.00246842
0.000712284
0.00157367
0.0048328
0.00158422
0.00124944
0.00123278
0.00108321
0.0019216
0.00179217
0.00474085
0.000852685
0.00314052
0.00100687
0.00181613
0.00195934
0.0024459
0.00182885
0.011869
0.00416021
0.00562268
0.0433371
0.00106228
0.00155531
0.000900822
0.00147209
0.00592683
0.00148616
0.00185246
0.000140753
0.00100866
0.0176533
0.012515
0.000321962
0.00164167
0.00268007
0.00660995
0.000552695
0.0215234
0.00623866
0.000908085
0.00128375
0.009475
0.00265497
0.000444783
0.00688133
0.000773793
0.000348976
0.00160994
0.00135409
0.017518
0.0230639
0.00282141
0.000313854
0.00190007
0.0239536
0.00156599
0.00140087
0.0110197
0.00533022
0.00192302
0.00328076
0.0021406
0.00129921
0.00131569
0.00117737
0.0149151
0.000873768
0.0015705
0.00333653
0.00582216
0.00139675
0.00186185
0.00325952
0.00267758
0.00198868
0.0517588
0.00470195
0.00287991
0.00143295
0.0016652
0.00112126
0.00230001
0.00210989
0.00435048
0.000161609
0.000791695
0.00096027
0.000426124
0.000158125
0.00376033
0.00035069
0.00230047
0.00418367
0.00130581
0.015068
0.00176579
0.0034774
0.00944862
0.000879617
0.0217334
0.00155522
0.00227664
0.00398104
0.000568728
0.000147699
0.0017107
0.014374
0.00340128
0.00146004
0.00110742
0.00207794
0.000511973
0.00101099
0.00181367
0.0014793
0.00182783
0.00124826
0.00389051
0.00298442
0.00149854
0.00203274
0.000688324
0.000911991
0.000147578
0.00117285
0.00236254
0.00990691
0.00314782
0.00601045
0.00353614
0.00141712
0.0231632
0.00114021
0.00370079
0.00203014
0.00156739
0.000815387
0.00133336
0.00127131
0.00195864
0.000759844
0.00222675
0.00182332
0.00155059
0.00344646
0.00380861
0.000141236
0.0058865
0.00145336
0.0196727
0.00127971
0.000928812
0.00158736
0.000145278
0.00348604
0.0163423
0.00134897
0.000159114
0.00547874
0.00246306
0.00253927
0.00146803
0.00143019
0.00067576
0.0016153
0.0118098
0.0548625
0.00172648
0.00192243
0.00183257
0.00442298
0.00234817
0.0292558
0.00143956
0.00250261
0.000604643
0.0242633
0.0013139
0.0016193
0.000994725
0.00156749
0.000846311
0.0017218
0.0102686
0.000745323
0.00636649
0.00106164
0.0173085
0.0100174
0.00675307
0.0145014
0.0213045
0.00327021
0.000840622
0.00400802
0.025138
0.00144523
0.000153612
0.00137601
0.00102909
0.00325169
0.000890995
0.000578394
0.0076627
0.00378122
0.00308689
0.00274362
0.00904775
0.00150204
0.00145142
0.00209481
0.00183078
0.00326176
0.00205763
0.001009
0.00225351
0.00460857
0.00301772
0.0016232
0.0680773
0.00154026
0.00403
0.003028
0.0149933
0.00230203
0.0168081
0.00254367
0.00125493
0.00306289
0.00201707
0.00487536
0.00216271
0.000563986
0.00243095
0.00367423
0.00283486
0.00259345
0.00529594
0.00052526
0.00169436
0.0384809
0.0428118
0.0014912
0.00694943
0.00749857
0.000153266
0.00144148
0.000832916
0.0019007
0.00175927
0.00209381
0.0016903
0.00498127
0.00989217
0.0011474
0.00229074
0.00179198
0.0290889
0.00193553
0.000151355
0.0016109
0.00170031
0.000491317
0.00112155
0.00352696
0.00201512
0.00224293
0.00517615
0.00302175
0.00592039
0.0500757
0.00340973
0.00748207
0.00115128
0.000588263
0.00085269
0.0214634
0.00138851
0.00438439
0.00342883
0.00123329
0.000985144
0.00173178
0.055581
0.00181698
0.00229429
0.00429661
0.00114059
0.00110162
0.0014937
0.000871464
0.00147089
0.00339983
0.00246873
0.00741742
0.0032187
0.0010942
0.00101386
0.000778773
0.00141746
0.025612
0.00270948
0.000731687
0.00293867
0.00515122
0.00178241
0.00296373
0.00385234
0.0010804
0.000144644
0.00227179
0.000447619
0.00153471
0.000955076
0.00202354
0.000593155
0.00351848
0.000729273
0.000910755
0.00138303
0.00171799
0.00167375
0.00401141
0.010597
0.000541986
0.00693121
0.00875016
0.000888545
0.0168843
0.00305646
0.00191035
0.00240523
0.0189209
0.00322555
0.00175081
0.0012859
0.000331654
0.00108863
0.00188357
0.00444386
0.00129395
0.00195218
0.00468176
0.0051307
0.0237024
0.0177236
0.0019627
0.00245487
0.0021098
0.00134705
0.00103944
0.00198502
0.00782629
0.00565773
0.00346905
0.000250065
0.000296228
0.00184052
0.00382522
0.00317481
0.0124027
0.000146087
0.000596608
0.00379782
0.00623775
0.00247622
0.00215399
0.002113
0.000196075
0.000656695
0.00262708
0.00225457
0.00260901
0.00192976
0.000519997
0.00440332
0.000897919
0.00431518
0.000692261
0.00111836
0.000941992
0.00114279
0.00138075
0.00144624
0.00489285
0.00221393
0.002188
0.0199621
0.000443599
0.00131835
0.00841273
0.00222628
0.007604
0.002165
0.0351823
0.0013941
0.00142735
0.00195165
0.000663225
0.00139483
0.00254598
0.028658
0.00408897
0.00831983
0.000143171
0.000821593
0.000575312
0.00129608
0.000995055
0.000216872
0.00198956
0.0533951
0.0169551
0.00252352
0.0020108
0.0158541
0.00156372
0.00124335
0.00115387
0.00279455
0.00143125
0.00582542
0.009172
0.00780701
0.00114631
0.00351766
0.00137852
0.00170717
0.00215677
0.0189494
0.00270576
0.021129
0.00144753
0.00148367
0.00787936
0.0107047
0.00157332
0.00182394
0.00663669
0.00150681
0.000518619
0.00278514
0.00211776
0.00159167
0.0239752
0.00473336
0.00123239
0.00202494
0.000674494
0.00978036
0.00159468
0.00231528
0.00130629
0.0174697
0.00166338
0.00316768
0.00347935
0.00398039
0.00280799
0.00015099
0.00178424
0.000898985
0.000144015
0.00119233
0.000457067
0.0020848
0.00658617
0.00132919
0.00248446
0.000620007
0.00232053
0.00130711
0.00371391
0.00294998
0.00200762
0.00118503
0.0187524
0.000142084
0.00173731
0.00222757
0.0259241
0.00651086
0.00158195
0.00346573
0.00371743
0.0012046
0.00476017
0.00133178
0.000354113
0.00998045
0.00248929
0.00185318
0.00288112
0.000754467
0.00169238
0.00491469
0.00219051
0.000900975
0.00293368
0.00457772
0.000750846
0.00107255
0.000650411
0.00566951
0.0019016
0.000594349
0.00355773
0.000141328
0.0315173
0.0123997
0.000252248
0.000970627
0.0121359
0.00201046
0.0139342
0.00156553
0.00161082
0.00432498
0.000194727
0.00526545
0.00130872
0.00132299
0.00213016
0.0024109
0.011287
0.0221389
0.003189
0.00144162
0.0030392
0.004707
0.00152333
0.0225613
0.00153956
0.00175578
0.000594739
0.002532
0.00285227
0.00786744
0.00122205
0.00169578
0.00243483
0.00571205
0.00207147
0.00162136
0.00130822
0.00415841
0.00095119
0.000499748
0.00139604
0.00204171
0.00109059
0.00784509
0.00234393
0.0179999
0.00190762
0.00204853
0.00367301
0.00387894
0.000142677
0.00204891
0.00306119
0.00168303
0.00548114
0.00180811
0.00180934
0.000486607
0.00290024
0.00254863
0.00676274
0.00296828
0.00253269
0.00506037
0.00116851
0.00119249
0.000142404
0.00299585
0.00265245
0.00731062
0.000900276
0.00526432
0.00421958
0.0173195
0.00964775
0.0127416
0.0115921
0.00496637
0.0187623
0.0118314
0.00864033
0.000923634
0.00109026
0.00104233
0.00175188
0.00146445
0.00220904
0.00583476
0.0029589
0.00105263
0.00228561
0.00756221
0.00139902
0.00168251
0.00589679
0.00216354
0.00324437
0.0030989
0.000960379
0.00393983
0.00824556
0.00195904
0.00189509
0.00141483
0.0031252
0.000570267
0.0030886
0.00200294
0.000149077
0.000961364
0.000987245
0.00126281
0.00775769
0.00332645
0.00288416
0.000761119
0.0077945
0.00377143
0.00114677
0.000419756
0.00255608
0.0130282
0.00930477
0.00662333
0.00221065
0.00142119
0.00318218
0.0276123
0.000761849
0.00151599
0.00130731
0.00253136
0.00158689
0.00239618
0.00387248
0.0013903
0.0056274
0.00198253
0.00184417
0.0104404
0.0036539
0.00341305
0.000648411
0.00633304
0.00124517
0.0133561
0.00198589
0.00308784
0.000619418
0.00213913
0.00461574
0.000558325
0.0021602
0.00121931
0.00323151
0.00241777
0.00152141
0.00261466
0.00163168
0.000577746
0.00275211
0.00136531
0.00426058
0.00230852
0.00160206
0.000993743
0.00354693
0.00125315
0.00378667
0.0389747
0.00152146
0.00280572
0.000144236
0.00299973
0.0024834
0.00225538
0.00318777
0.000149234
0.00219339
0.00796751
0.000145823
0.00173641
0.00449641
0.0021975
0.00126628
0.00240512
0.000704262
0.000169944
0.00139237
0.00148092
0.00176592
0.0241308
0.00208774
0.00842382
0.00220138
0.000676115
0.00303589
0.00353625
0.00204351
0.00306375
0.00536825
0.00117439
0.000386277
0.00269555
0.00131391
0.00184399
0.00185325
0.00313204
0.00228604
0.00153037
0.00950751
0.025087
0.00201087
0.000687785
0.00348222
0.00523919
0.00213903
0.00301123
0.00160526
0.000641077
0.00192874
0.000999788
0.00103057
0.00293184
0.00210179
0.00225177
0.000201748
0.00242846
0.00915167
0.00093167
0.0161727
0.00334206
0.0121085
0.00165407
0.00181161
0.00107016
0.000782882
0.000824785
0.000871036
0.00172225
0.00171354
0.0011611
0.0188614
0.00150141
0.00344273
0.000969783
0.00161472
0.00188676
0.00170166
0.00120262
0.00389814
0.000630416
0.00402499
0.0019077
0.0047234
0.000815776
0.00166538
0.00230247
0.00169731
0.00142825
0.00129824
0.00242
0.00280281
0.00442459
0.00493042
0.00159912
0.0001448
0.00254352
0.00150602
0.00971478
0.0118176
0.00096587
0.00113724
0.00279191
0.000637511
0.00333941
0.0118126
0.00262318
0.00241563
0.00154642
0.00432073
0.00244869
0.00309117
0.00683487
0.00551179
0.000737407
0.000278034
0.0028792
0.00188033
0.00288442
0.00170132
0.0013069
0.00348431
0.0183497
0.0084825
0.000859523
0.0513295
0.00378425
0.0234213
0.00226827
0.0020022
0.00284101
0.0117848
0.00129977
0.0237617
0.00165782
0.0130384
0.00237114
0.000804657
0.00114571
0.00111783
0.0024414
0.000186658
0.00451039
0.00178053
0.0071468
0.00386098
0.000527022
0.00144163
0.00183901
0.00171126
0.0023185
0.00195192
0.0052888
0.00528086
0.00427173
0.00312695
0.00194642
0.000187559
0.00168213
0.00106873
0.000159814
0.00155675
0.0126796
0.000293754
0.000142761
0.0430626
0.00120717
0.00735509
0.00392182
0.000861374
0.0119167
0.00474737
0.000487641
0.0036683
0.00199848
0.00360395
0.00123103
0.00505049
0.003236
0.00161119
0.0019222
0.000143557
0.0107265
0.000692477
0.00145011
0.0025337
0.0120879
0.0115419
0.00231649
0.00402037
0.00113532
0.0008175
0.00118752
0.00166783
0.00379411
0.000142949
0.00323603
0.0018592
0.00375404
0.000750799
0.0033312
0.000527359
0.00174812
0.0184854
0.000634285
0.00874189
0.0104007
0.0152453
0.00217942
0.00136845
0.00163999
0.00246821
0.00214931
0.00269723
0.00258254
0.00136289
0.00390973
0.0010624
0.00411033
0.00670317
0.00517254
0.00160111
0.0010779
0.00306868
0.00464787
0.00213192
0.00703943
0.0195705
0.000458203
0.000500949
0.00101671
0.00497256
0.000147212
0.0021184
0.00200221
0.000783457
0.000392766
0.00197877
0.000246079
0.00129551
0.000745637
0.00373602
0.00329081
0.00169471
0.000794671
0.00463754
0.0170287
0.00160074
0.00131168
0.00125986
0.00205979
0.0190129
0.00157421
0.00112692
0.000432688
0.000142647
0.00123878
0.000140594
0.000146296
0.00115772
0.00114677
0.00129384
0.000301775
0.0173189
0.00149023
0.000955966
0.000687723
0.00134083
0.000410076
0.00192349
0.00114397
0.00118148
0.00857701
0.00161488
0.00152529
0.00232686
0.00353496
0.000590498
0.000988118
0.00136154
0.000863062
0.000976535
0.00298175
0.0139604
0.00133398
0.00430198
0.00183126
0.00146002
0.00237637
0.000772619
0.00150191
0.0076551
0.00227996
0.00781505
0.00131936
0.00130771
0.00110102
0.00246019
0.00623015
0.0019242
0.00405432
0.00209676
0.00674309
0.00125517
0.0159688
0.00603371
0.00163673
0.00220705
0.00162601
0.000679441
0.00139164
0.00158942
0.00267276
0.00111535
0.00251247
0.0026722
0.00448683
0.0235483
0.00587757
0.00309053
0.0345302
0.00164892
0.00190892
0.00302323
0.00235002
0.00359524
0.00449742
0.00196182
0.00455044
0.00518457
0.000571582
0.00200316
0.00165435
0.00131068
0.000149435
0.00127478
0.000145528
0.00157939
0.00141446
0.000895969
0.00279269
0.00271683
0.0010929
0.00185497
0.000144391
0.00157809
0.00141569
0.00167948
0.000308952
0.00390819
0.00264876
0.00253092
0.0211397
0.000826041
0.00152755
0.00128608
0.00185931
0.00669815
0.00181537
0.00746024
0.000648133
0.00135824
0.000622314
0.0111513
0.00271178
0.00442239
0.00221809
0.000791067
0.0395372
0.0212311
0.0018098
0.00139461
0.00173467
0.0112066
0.00198452
0.00564567
0.0220298
0.00180739
0.00181088
0.0285495
0.0400946
0.000778025
0.00407
0.00148514
0.000814983
0.00209842
0.00164338
0.0018908
0.00135286
0.00150608
0.00304999
0.01118
0.00121553
0.00156947
0.00122248
0.00053853
0.00201584
0.00254139
0.00666583
0.0027375
0.000849167
0.00144961
0.0018981
0.00164959
0.0118241
0.00247899
0.00235007
0.00680955
0.0113795
0.00784895
0.00136519
0.00684094
0.0013183
0.000143235
0.00131232
0.00179086
0.00246799
0.00219159
0.0255513
0.00205304
0.00709433
0.00084632
0.00189964
0.00194513
0.00115422
0.0032442
0.00525855
0.00148933
0.00136296
0.00368152
0.00290519
0.00084297
0.00252535
0.00447555
0.0024546
0.00277005
0.00412031
0.00261011
0.000834244
0.00279437
0.00198712
0.000141024
0.00186068
0.00117093
0.00195691
0.000147747
0.00182128
0.00114209
0.000759542
0.00121752
0.00110932
0.00341112
0.00221315
0.00424671
0.00233238
0.00208454
0.00354373
0.00081374
0.000505897
0.0111905
0.00375287
0.0562614
0.00249331
0.0175613
0.00130413
0.00420312
0.00150533
0.00289162
0.0270658
0.000978292
0.0011244
0.000449466
0.00182735
0.00662343
0.00264849
0.00657454
0.00847906
0.00191683
0.000757159
0.000635304
0.00232572
0.00357714
0.00149176
0.000636214
0.000804178
0.00170895
0.00236196
0.00144689
0.00115389
0.00126472
0.000144376
0.00288922
0.00195851
0.00302005
0.0021493
0.00319417
0.000464835
0.00714714
0.00118287
0.00980981
0.00205734
0.00367139
0.00160443
0.00872941
0.000171173
0.00176176
0.00103175
0.00460621
0.00417577
0.00268161
0.000601598
0.00422372
0.0104177
0.00108834
0.00224055
0.00193018
0.000785678
0.00173117
0.00238297
0.000825966
0.00014286
0.00226968
0.000802855
0.00255608
0.00162501
0.00107109
0.000590162
0.00156995
0.0108551
0.00247497
0.00881458
0.0016709
0.00215949
0.00476901
0.00151579
0.00332424
0.00602472
0.0124863
0.00254467
0.00165105
0.000532126
0.00263603
0.00591496
0.00166956
0.000722807
0.00619155
0.00348002
0.00201585
0.0159487
0.00260159
0.0011636
0.00141402
0.00216177
0.00141166
0.00205123
0.00774213
0.00110946
0.000591036
0.00445518
0.00105231
0.00140057
0.00198071
0.00272628
0.000800102
0.00447397
0.00893137
0.00432471
0.00417202
0.00240651
0.000944688
0.00332461
