0.00131103
0.00024084
0.00240714
0.00274081
0.00130181
0.00299934
0.00164948
0.000483087
0.00400437
0.00552567
0.000511446
0.00227713
0.0027575
0.00142342
0.00246046
0.00252222
0.00204385
0.000458296
0.00501174
0.00308524
0.000704288
0.00300987
0.00123611
0.00171657
0.00261511
0.00242322
0.00159835
0.00166372
0.00158085
0.00434391
0.0580015
0.00152468
0.00208389
0.00246487
0.00465236
0.0248744
0.00160503
0.00262034
0.00323552
0.0010086
0.00134376
0.0222412
0.00659992
0.0128164
0.00167433
0.000647255
0.00929471
0.00103231
0.00366838
0.0108543
0.0215859
0.00215839
0.00129614
0.000813738
0.00252045
0.00603305
0.00284102
0.00160615
0.00129836
0.00113002
0.00237818
0.00200299
0.0011449
0.00422692
0.0131649
0.00052595
0.00173829
0.00388963
0.00033701
0.0266576
0.00287661
0.00218633
0.00235589
0.00184079
0.000518116
0.00207691
0.00258617
0.00135697
0.00991972
0.000363143
0.00170386
0.000618267
0.0208349
0.0048136
0.00265225
0.00264053
0.00123144
0.000454899
0.00524313
0.00221585
0.000240133
0.000793034
0.00867266
0.000798648
0.0047967
0.00356238
0.000321827
0.00245861
0.00105776
0.00645503
0.00646726
0.00135332
0.00180177
0.00627816
0.00190996
0.00296935
0.00134673
0.000729364
0.00352881
0.00139264
0.00217243
0.00059562
0.00089365
0.00172613
0.00292101
0.00230029
0.00324023
0.0317725
0.00130885
0.00244308
0.000946269
0.00153821
0.00167504
0.000820578
0.00250033
0.00109449
0.0017929
0.000962725
0.000541952
0.001723
0.00192021
0.00213212
0.00262348
0.00331354
0.000891081
0.00363451
0.00069867
0.0118738
0.00211268
0.000241541
0.00301276
0.0206821
0.00444654
0.0159521
0.0011666
0.0102088
0.00752568
0.00156815
0.00164848
0.000451774
0.0346492
0.00254801
0.00132692
0.00150234
0.00272204
0.00360404
0.00922311
0.00173445
0.00231162
0.00184127
0.000936105
0.00194216
0.00177506
0.0020726
0.00269653
0.00273275
0.000845389
0.000831734
0.00187967
0.0301664
0.007006
0.00537166
0.00202331
0.00217788
0.00308939
0.0016273
0.00417949
0.00147352
0.00416539
0.000826462
0.00424622
0.00375045
0.00425972
0.0006415
0.0390177
0.00501768
0.000447455
0.0016256
0.00210594
0.000347169
0.00352248
0.0118957
0.00577841
0.00538064
0.00120015
0.00212095
0.00176577
0.00217938
0.000409682
0.0022351
0.0106938
0.00201636
0.00126878
0.00306839
0.00185454
0.0037893
0.00181335
0.00351824
0.00289828
0.000753795
0.00260984
0.00194432
0.00277862
0.0112593
0.00164808
0.006812
0.00473351
0.00235213
0.00379093
0.00235777
0.00105936
0.00156513
0.00104877
0.00159317
0.0003873
0.0016285
0.00110646
0.00403108
0.0010473
0.00148584
0.000691334
0.00152827
0.00104257
0.00162558
0.00143488
0.000556016
0.0024423
0.000444614
0.00127982
0.00118553
0.00214777
0.00101909
0.00503512
0.00103697
0.000329824
0.00100029
0.000459494
0.00229446
0.00272816
0.00252128
0.00457559
0.0013438
0.0070967
0.00426852
0.00337358
0.00235238
0.00500372
0.010312
0.00147489
0.00145067
0.00139171
0.00351986
0.0016849
0.000949566
0.00738228
0.00103421
0.00284101
0.0014906
0.00130473
0.00181639
0.00218535
0.00267988
0.000913549
0.00100194
0.00141599
0.0147331
0.00223662
0.00318143
0.0039519
0.00097051
0.00124064
0.00153129
0.00162798
0.00207035
0.00155169
0.0022685
0.0015239
0.00136373
0.00133853
0.00280109
0.0110527
0.00842835
0.00220266
0.00241234
0.000927763
0.000724055
0.00862195
0.00164117
0.00184947
0.00339825
0.00148463
0.000851274
0.000649289
0.00455184
0.000552509
0.000867339
0.00167016
0.0178536
0.0103401
0.00145322
0.00177638
0.00867208
0.0328398
0.000650892
0.00284701
0.00164273
0.00248627
0.000238428
0.00387871
0.00106835
0.0140768
0.000757358
0.00271141
0.00746124
0.00318736
0.00823727
0.0014769
0.00180783
0.00253873
0.00280991
0.012162
0.0310955
0.00278938
0.00208747
0.00529108
0.0020163
0.0158632
0.000779494
0.0027034
0.00546759
0.00526512
0.00178459
0.00221044
0.000863923
0.000961122
0.00524279
0.000893199
0.00385241
0.00177435
0.0162476
0.00248575
0.00136966
0.000406828
0.00379465
0.00182225
0.00290167
0.0012868
0.00124647
0.00235222
0.00212038
0.00322971
0.00219737
0.00558524
0.00318378
0.0042039
0.00207366
0.00441747
0.00333277
0.001116
0.00123183
0.00948564
0.00077214
0.000627506
0.00456716
0.00354812
0.00150141
0.00371045
0.00535782
0.035354
0.0371179
0.000908596
0.000395088
0.00144277
0.00161514
0.000288583
0.00190278
0.00176801
0.0030851
0.0019234
0.00136411
0.00387547
0.00446547
0.00528265
0.00273987
0.00139647
0.000880212
0.00297356
0.0277276
0.000749494
0.0025842
0.00171101
0.00321385
0.021603
0.0031066
0.00132709
0.00251325
0.00188294
0.000764047
0.00422179
0.0079622
0.00157429
0.00905148
0.0017614
0.00724219
0.000349244
0.000794881
0.00221001
0.00789171
0.0392451
0.00444079
0.00186703
0.00152441
0.00116459
0.00458766
0.00315362
0.00125251
0.00299897
0.00112884
0.00145737
0.000634382
0.00163256
0.00076044
0.00176853
0.00140501
0.0023715
0.00460738
0.0144606
0.00267002
0.00211255
0.00107865
0.00083282
0.00327826
0.00117805
0.00116712
0.00273576
0.0198975
0.0010489
0.00144712
0.017063
0.00156692
0.00174798
0.00152644
0.00909721
0.00120817
0.00411672
0.00167873
0.0413836
0.00186104
0.00163973
0.00448158
0.000940734
0.00834362
0.00573241
0.00264256
0.00232685
0.00103643
0.00349925
0.00382243
0.00233319
0.00211338
0.00451466
0.000650134
0.000858616
0.00239818
0.00124764
0.00187028
0.00375111
0.00040113
0.000923074
0.00247881
0.00091276
0.00201923
0.00144556
0.00149792
0.00120837
0.00306935
0.00164256
0.00149759
0.00170086
0.00250349
0.00546829
0.00267557
0.000509918
0.00380683
0.00466443
0.00882697
0.00187599
0.0023412
0.00199034
0.00160988
0.00152385
0.000789868
0.00417056
0.00423941
0.00159534
0.00205047
0.000685222
0.00120185
0.00945568
0.000527703
0.0351995
0.00591698
0.000368875
0.00227925
0.00100313
0.000394239
0.000701465
0.000788561
0.00154491
0.000407883
0.00139891
0.00228658
0.00197127
0.00150332
0.000290577
0.0016655
0.00355326
0.00252274
0.00137074
0.00164363
0.000867366
0.00657018
0.00072349
0.00150534
0.00089642
0.0162817
0.00161566
0.00149461
0.00127253
0.00529218
0.00207593
0.00152048
0.00214944
0.00670816
0.00176381
0.00217161
0.00125626
0.00795959
0.00347302
0.00346152
0.0108865
0.0016061
0.00283259
0.00517721
0.00168791
0.00209598
0.00264942
0.00322187
0.00885157
0.00438086
0.00147621
0.00223367
0.000676374
0.000808527
0.00142513
0.013284
0.00255516
0.00204449
0.00079953
0.00444746
0.00189495
0.00241817
0.0023086
0.00184776
0.00121204
0.000789432
0.00238426
0.00189805
0.0280764
0.00292414
0.00148529
0.00749141
0.00196733
0.00107623
0.00125569
0.00273751
0.00259166
0.000425115
0.00273862
0.00148751
0.00486252
0.00144116
0.00290733
0.0019584
0.00612691
0.000946532
0.00207244
0.000909974
0.00879253
0.0019018
0.00470261
0.00131224
0.00166517
0.000290017
0.000959378
0.00399085
0.00154121
0.0024754
0.00172058
0.00718702
0.00248729
0.00153041
0.00127772
0.00306207
0.00109239
0.00240667
0.000495719
0.00293681
0.00057464
0.00286781
0.0187228
0.00176655
0.00151898
0.00139675
0.00192332
0.00176803
0.0023575
0.00399115
0.00035539
0.00109494
0.00352392
0.00297157
0.00246443
0.0015683
0.00257516
0.000325986
0.00129993
0.00127026
0.010806
0.00594142
0.00231999
0.00116274
0.00149792
0.0117915
0.00271693
0.00320802
0.000859035
0.00284768
0.000230827
0.00180837
0.00329581
0.00419681
0.00227131
0.00110168
0.00133296
0.00264042
0.00233376
0.00498742
0.00406996
0.00162021
0.00115814
0.00354985
0.00105363
0.00405638
0.00173464
0.00201083
0.000831282
0.00164365
0.00173793
0.00174162
0.00257838
0.00148791
0.00369482
0.00167749
0.00188707
0.00203747
0.00887413
0.00104157
0.00860428
0.00452704
0.0198352
0.00442121
0.00284608
0.000556074
0.00219872
0.00312251
0.001938
0.000657749
0.000959282
0.00343169
0.000590727
0.00255449
0.00234271
0.000997108
0.000694035
0.00180654
0.00169335
0.000877147
0.00320581
0.00344749
0.00136602
0.00400382
0.0384731
0.00340177
0.00284456
0.00143713
0.00107904
0.0038428
0.00443278
0.0016441
0.0020957
0.00245934
0.00164816
0.00386034
0.00510549
0.000699484
0.00133073
0.000506392
0.00383674
0.00173914
0.000634449
0.00173635
0.000836308
0.00136705
0.00819184
0.00283458
0.00165518
0.00338556
0.000884971
0.00451204
0.00133228
0.00316925
0.00372953
0.00324094
0.00434397
0.000599454
0.00139344
0.00232988
0.0350481
0.00203252
0.00419867
0.00438307
0.00334866
0.004762
0.00304179
0.00158646
0.0111814
0.00311904
0.00325966
0.000942939
0.000857574
0.00166505
0.00195684
0.00978871
0.00331486
0.00344986
0.00172585
0.00303844
0.00456516
0.00173943
0.00165823
0.011241
0.00620041
0.00205905
0.00807606
0.00140537
0.0024246
0.00166118
0.00344134
0.00329082
0.00237606
0.00109444
0.00152708
0.00303631
0.00447194
0.00128898
0.0025451
0.00144641
0.00222709
0.00215517
0.00677155
0.00100196
0.00334199
0.00128644
0.000477858
0.0116458
0.00289839
0.00533822
0.00110236
0.00143233
0.00233281
0.00334278
0.00181053
0.00143608
0.00849943
0.0311617
0.0061348
0.00191077
0.00464538
0.00179569
0.00157741
0.00303108
0.00177245
0.00233597
0.0200105
0.00142293
0.0636543
0.000702478
0.00119539
0.000747002
0.00176949
0.00020587
0.00217692
0.00130823
0.012458
0.00280508
0.0019722
0.00220923
0.00976352
0.000380977
0.00154081
0.00262106
0.00243946
0.0137045
0.00106587
0.00179799
0.00404661
0.00257308
0.00391089
0.0035993
0.0094727
0.00306889
0.000862837
0.00199587
0.00294307
0.0349226
0.0014624
0.00093929
0.00116841
0.00242698
0.00159867
0.00164405
0.00156543
0.00170581
0.0038589
0.0136289
0.00160008
0.00123962
0.00272678
0.000477951
0.00280594
0.0015987
0.00427332
0.00907285
0.00187631
0.000377446
0.0144159
0.00208362
0.00104894
0.00261659
0.00185881
0.00337108
0.00143349
0.00421706
0.00110882
0.00293915
0.00515601
0.00120369
0.0158324
0.00162979
0.000827704
0.00139072
0.00223538
0.00121944
0.000810427
0.000326539
0.00257837
0.005557
0.00261077
0.00134395
0.0278095
0.00227928
0.00526063
0.0016212
0.00807755
0.00213605
0.00234724
0.00510382
0.00241696
0.00152144
0.00518787
0.00609279
0.00271857
0.000908348
0.00127081
0.00531426
0.000808781
0.0018142
0.00869712
0.00234178
0.00139166
0.0012535
0.00324568
0.00157357
0.0080093
0.00102116
0.00174613
0.000944806
0.00672432
0.00156524
0.00414748
0.00263083
0.0110114
0.00201416
0.000944206
0.00047235
0.00528876
0.00420603
0.00106533
0.0206164
0.00235699
0.000971489
0.00102289
0.00212732
0.00293074
0.00150171
0.00570964
0.00170925
0.00140636
0.000883351
0.00211818
0.00150962
0.0053585
0.0115324
0.00230508
0.0184375
0.00371395
0.00178261
0.00198342
0.00412797
0.00199206
0.00161299
0.00108372
0.00217678
0.00477856
0.00937987
0.00176273
0.00502529
0.00176046
0.00130041
0.00119796
0.00266067
0.00069732
0.00174812
0.00216074
0.00153909
0.00287446
0.00503169
0.00214051
0.00376781
0.00473226
0.00187206
0.00105892
0.000732183
0.00180978
0.00453701
0.0422594
0.00144631
0.00133293
0.000324834
0.00408291
0.00233966
0.00989856
0.00269875
0.0012554
0.00172107
0.00212482
0.00287304
0.000671198
0.00429364
0.00304785
0.00214485
0.00214455
0.00115592
0.0117673
0.000614282
0.00229088
0.00838545
0.00411813
0.00193081
0.00106256
0.00187476
0.00619027
0.00588315
0.00138294
0.00156214
0.00132587
0.00161685
0.0028214
0.00440567
0.00129874
0.00208503
0.0016907
0.00120143
0.00304559
0.00253665
0.00314103
0.00264078
0.0018642
0.00109598
0.0018715
0.000767972
0.00265967
0.00167286
0.00139528
0.00629535
0.00820032
0.00277498
0.000586278
0.000805742
0.00417812
0.00107462
0.00205035
0.00274384
0.0112968
0.000716031
0.000673939
0.000353197
0.00230802
0.00340174
0.00100616
0.00170288
0.00106615
0.000892036
0.000958519
0.000968724
0.00201167
0.002526
0.00109111
0.00279216
0.00204315
0.00148176
0.00139834
0.00083717
0.00173067
0.00125563
0.00249982
0.00176142
0.0016348
0.000338478
0.0051511
0.00167224
0.00862075
0.00101412
0.00277752
0.00121647
0.0035644
0.00154703
0.00215868
0.00192402
0.00211774
0.00668169
0.000973335
0.00295559
0.0018189
0.0297654
0.00150238
0.00810581
0.00398803
0.00798153
0.000465914
0.00128101
0.00400722
0.0120357
0.00192666
0.00170123
0.00121868
0.00194022
0.00133315
0.0027881
0.00295534
0.00174484
0.0229867
0.000298781
0.00579666
0.00150258
0.00762213
0.00266955
0.0075353
0.00293834
0.0017376
0.000921362
0.000348852
0.00118231
0.000406418
0.00123843
0.0153826
0.00315174
0.000398089
0.0051942
0.0012377
0.0126756
0.00595533
0.0112551
0.00273602
0.000862312
0.000511866
0.00159664
0.00711013
0.00255961
0.000501661
0.00283151
0.00365827
0.00387958
0.0121067
0.00248624
0.0022166
0.0301151
0.00173565
0.000191665
0.00928932
0.00112638
0.00153221
0.00241388
0.00311937
0.00347815
0.00244092
0.000899248
0.00519245
0.000880178
0.00306764
0.00165002
0.00238502
0.0132481
0.00130397
0.0113396
0.00301093
0.00293524
0.00111906
0.00106641
0.0014971
0.00213116
0.00101261
0.00131292
0.00640617
0.0038932
0.00137508
0.00199042
0.00313734
0.00271059
0.00228938
0.00234369
0.00117079
0.00374166
0.0038427
0.00140996
0.00170107
0.00489085
0.001378
0.0028842
0.00146394
0.00926557
0.0025931
0.00403569
0.0012022
0.00440351
0.000997909
0.00212034
0.000311565
0.000668816
0.0064006
0.000186585
0.000552336
0.00243324
0.00301812
0.0039012
0.00125726
0.000782529
0.00899976
0.00019309
0.0020558
0.00087523
0.000975647
0.00128419
0.00132654
0.0006405
0.00350633
0.00446947
0.0401423
0.00400527
0.00180329
0.00518905
0.00320459
0.000588666
0.000610609
0.00384707
0.0237421
0.00684564
0.00519932
0.000831861
0.00146612
0.00096966
0.00158629
0.000819161
0.00290732
0.00329399
0.00192687
0.00304871
0.00176041
0.00324066
0.00105723
0.00310022
0.0110439
0.00318829
0.00266509
0.00517373
0.00219745
0.00146272
0.0373138
0.00265137
0.00286517
0.00105676
0.00569084
0.00412969
0.00303668
0.00952502
0.0133711
0.00298516
0.000338683
0.0170108
0.00199487
0.00299613
0.000634521
0.0113815
0.00154896
0.0162585
0.00115655
0.0130254
0.0043397
0.000688995
0.0484269
0.000828457
0.00276466
0.00244823
0.000555078
0.00113534
0.000697102
0.00252143
0.000621296
0.00379652
0.00160585
0.00129919
0.00206572
0.00334879
0.000159667
0.000615006
0.000566102
0.00274376
0.00315246
0.00349502
0.0288531
0.00273036
0.0046001
0.00176708
0.00587568
0.00158428
0.0102546
0.00289554
0.000241246
0.00559779
0.00118949
0.00116605
0.0030435
0.00222767
0.00184193
0.00165287
0.00283161
0.000911738
0.0125257
0.00513456
0.045542
0.00713122
0.000911738
0.00170684
0.00400792
0.00118777
0.00280932
0.00218905
0.0010907
0.00377384
0.00269532
0.00400343
0.00152087
0.00143762
0.00252367
0.0161411
0.00911819
0.00254262
0.00166474
0.000694561
0.00137733
0.0115552
0.00185587
0.000279312
0.00610471
0.00131209
0.0031422
0.0022464
0.00145411
0.00421542
0.00149818
0.00153255
0.00173448
0.00134107
0.00311486
0.00341163
0.00223312
0.00527522
0.00126795
0.000996885
0.00335842
0.00173961
0.0033805
0.00335866
0.00166952
0.00169406
0.0319508
0.0024356
0.00525867
0.0168143
0.000925457
0.00205217
0.00165298
0.00216092
0.00293244
0.000469934
0.000913802
0.00147176
0.00148078
0.00246574
0.00183212
0.0156791
0.0026675
0.00325078
0.00214322
0.00123201
0.000387191
0.00239647
0.00124589
0.00210389
0.00254408
0.0184585
0.00110606
0.00205396
0.00160231
0.00129836
0.00682457
0.00332359
0.00325323
0.00227766
0.0125697
0.00126292
0.000684808
0.00111876
0.000663855
0.00148128
0.000630301
0.00224712
0.0022931
0.00205064
0.00495301
0.00166175
0.00177004
0.00269706
0.00149507
0.00429443
0.00302675
0.000804049
0.00652811
0.0021148
0.00172806
0.00113164
0.00178518
0.000978766
0.000459847
0.00660386
0.00207129
0.00924029
0.00162128
0.00310389
0.000234401
0.0019571
0.00539635
0.00239249
0.000822591
0.021249
0.00149793
0.00895729
0.00416227
0.00163957
0.00327693
0.000993825
0.000849368
0.00296638
0.000790915
0.000662443
0.00454538
0.00171472
0.00199966
0.00103617
0.00323262
0.00141519
0.00184264
0.00089753
0.000441533
0.000669844
0.00406819
0.00419279
0.00109099
0.00254701
0.000935879
0.00347348
0.00226135
0.00217862
0.00258732
0.00137777
0.0114052
0.00582925
0.000854141
0.000834146
0.00159028
0.00498511
0.000722963
0.0105591
0.00232518
0.00752462
0.000830536
0.00202542
0.00272336
0.000731839
0.0278878
0.00651173
0.00396907
0.00267561
0.00121485
0.0043332
0.000883255
0.00142368
0.00222343
0.0106867
0.0010825
0.00181799
0.00528904
0.000458136
0.00716023
0.00258663
0.00323849
0.000379037
0.00252885
0.0010277
0.00284526
0.00713435
0.0012147
0.00830485
0.000971813
0.00328994
0.00185844
0.000696386
0.003116
0.00271465
0.00392617
0.00742753
0.00163413
0.00175082
0.0018555
0.00415171
0.0060774
0.000200855
0.00137693
0.00201547
0.00116204
0.0028727
0.0197122
0.00113679
0.0122744
0.00190984
0.00525648
0.00254052
0.000345512
0.000545945
0.00158836
0.00325276
0.0122342
0.00162951
0.00129016
0.0333664
0.00141646
0.0103573
0.00102348
0.00146654
0.00158697
0.00147694
0.0078101
0.00175287
0.00212798
0.00212614
0.00926158
0.00140759
0.0012589
0.00187011
0.00572844
0.00128097
0.000316754
0.00164289
0.00173096
0.00377842
0.000752117
0.00113771
0.000372606
0.00134772
0.00283964
0.00270704
0.00110518
0.00252342
0.00175545
0.00228724
0.00239113
0.00420524
0.00309312
0.00350322
0.00116759
0.0039714
0.00352307
0.00109705
0.00261635
0.00255527
0.00185741
0.00507846
0.00256992
0.000456793
0.00212582
0.000960454
0.0022331
0.00296524
0.0025017
0.00433487
0.00330793
0.0063341
0.00342115
0.00166285
0.00434302
0.00143079
0.00203754
0.00153655
0.00145977
0.000475017
0.00500712
0.00219982
0.00238733
0.0006315
0.000916335
0.00133114
0.014558
0.00132543
0.00108935
0.00172166
0.00675433
0.000299609
0.00282805
0.00143795
0.00218742
0.00101544
0.0185236
0.000567234
0.0069927
0.0125214
0.00081507
0.0299121
0.00103028
0.00167316
0.00276486
0.00282477
0.000774335
0.00123504
0.00142518
0.000456413
0.000293589
0.0052685
0.000876246
0.00153993
0.000462928
0.00665618
0.00242148
0.00207695
0.0099734
0.00182428
0.00838838
0.00184267
0.0153377
0.0015675
0.00392674
0.000959618
0.00418474
0.00332669
0.00337397
0.0269129
0.00119365
0.00349895
0.000409971
0.001612
0.00277927
0.00130127
0.00315439
0.0010524
0.0124776
0.00220955
0.00187661
0.00403252
0.00156975
0.00971156
0.00223903
0.00772335
0.00246843
0.000462995
0.0016925
0.00399263
0.00365293
0.00317467
0.00108522
0.00391855
0.000830648
0.00353896
0.00467094
0.000927149
0.0037757
0.000902598
0.00318496
0.00295196
0.00129359
0.000838756
0.00105738
0.0154417
0.0122665
0.00918941
0.0178245
0.00298061
0.000946754
0.00241399
0.00425727
0.0022074
0.00252079
0.000330382
0.00547563
0.00479584
0.00117028
0.00120252
0.00622942
0.00114375
0.0528796
0.0107573
0.00127613
0.000165696
0.0037988
0.000602043
0.0011923
0.00364135
0.0029503
0.002655
0.00317327
0.00210718
0.00192259
0.00208793
0.000831907
0.000208303
0.00154718
0.0121466
0.000825304
0.00217345
0.0039496
0.00248191
0.00438775
0.00444925
0.00408947
0.00130664
0.00958059
0.00272991
0.00256371
0.00498977
0.00144868
0.0014955
0.000848735
0.00105377
0.00162572
0.00134856
0.00133132
0.00237649
0.000610073
0.00236299
0.00119811
0.00159148
0.0028524
0.00121812
0.00159599
0.00256503
0.00294839
0.00223237
0.000848783
0.00829562
0.00178596
0.00121147
0.00191345
0.00245442
0.00200206
0.000609785
0.00258389
0.000544102
0.00117935
0.000451069
0.00527796
0.0036302
0.0012049
0.00103672
0.014818
0.0021765
0.00344801
0.000881758
0.00243655
0.00647098
0.00103364
0.00163232
0.00418664
0.00205648
0.00266676
0.00351954
0.00477369
0.000985278
0.0037202
0.00324768
0.0088037
0.00162979
0.00404437
0.00478687
0.0035542
0.00302676
0.00151528
0.00191258
0.00149332
0.00286232
0.00182842
0.00180426
0.00667253
0.000954023
0.000879965
0.00104959
0.00362602
0.00177234
0.00270833
0.00148751
0.00277096
0.00359311
0.00578127
0.00116558
0.00245838
0.00218851
0.00177734
0.00253642
0.00421259
0.000316845
0.00314126
0.00986518
0.00153975
0.00132054
0.00230959
0.000896601
0.00956664
0.00174992
0.00203753
0.00215885
0.0127125
0.00102308
0.0019297
0.00583489
0.0184162
0.00302738
0.00160245
0.00274732
0.00507516
0.00282461
0.0313533
0.00337871
0.00117299
0.00100153
0.00124415
0.00209366
0.00247345
0.00106623
0.0088134
0.00132536
0.00380767
0.0010343
0.00295362
0.00111338
0.00231494
0.00271775
0.00274179
0.00163428
0.000900712
0.00240467
0.00205599
0.0035334
0.00317552
0.00206865
0.00343765
0.00496441
0.00102463
0.00280773
0.000792542
0.00152755
0.00231716
0.00269506
0.00544506
0.000237257
0.00885451
0.00413938
0.00158764
0.00351297
0.0320553
0.00316344
0.00140125
0.000809376
0.00207566
0.000195613
0.000905266
0.000739103
0.00452533
0.00247935
0.0184624
0.00154878
0.00664842
0.00192709
0.00185531
0.0302554
0.00329558
0.00149011
0.000667718
0.0016292
0.00293889
0.000676905
0.0023498
0.000718664
0.00135219
0.00145245
0.00132991
0.00897783
0.00362189
0.00582904
0.00243453
0.00106183
0.00295727
0.000932759
0.000649322
0.00138729
0.00124949
0.00165345
0.00123709
0.00270398
0.000515572
0.00167953
0.00172614
0.00101536
0.00109889
0.00139267
0.00216778
0.001446
0.00261824
0.00243393
0.00102864
0.019814
0.00562141
0.00171517
0.00143053
0.0011976
0.00548501
0.0031591
0.000811081
0.00145238
0.0018737
0.00147003
0.0019436
0.00439102
0.00631222
0.00112153
0.0108784
0.00192363
0.00308278
0.00192926
0.00339215
0.00307374
0.00135953
0.00971459
0.00129625
0.0129806
0.00170763
0.000704711
0.00262639
0.000337016
0.00171599
0.00319686
0.00175869
0.001177
0.000438989
0.00111855
0.00080504
0.00523861
0.0076333
0.00108227
0.00192836
0.00343104
0.00291693
0.00148429
0.00802982
0.000475033
0.0085477
0.00242924
0.00221738
0.00180818
0.00385966
0.00240709
0.00434215
0.00205921
0.000572298
0.00416934
0.00282331
0.00119837
0.00528738
0.00433483
0.00198681
0.00154856
0.00126793
0.00112789
0.0014194
0.00135294
0.00187246
0.0020898
0.00888281
0.000739931
0.000842466
0.00264648
0.0128322
0.000764757
0.000923403
0.00580986
0.00227219
0.00106198
0.00194158
0.00140214
0.011892
0.0021617
0.00214872
0.00215036
0.00289345
0.00180128
0.00521236
0.000366105
0.00405807
0.00919525
0.00136242
0.0012913
0.000538231
0.0032768
0.00112494
0.00134433
0.0025881
0.000919576
0.00219467
0.00313121
0.00197121
0.0267378
0.00140139
0.0775484
0.000931156
0.0120119
0.0032997
0.000218683
0.00149662
0.0010181
0.00241266
0.00127534
0.00790478
0.00103029
0.000583766
0.000980043
0.00508942
0.00229157
0.00168407
0.000799015
0.00867118
0.000661665
0.00100502
0.00145013
0.00185425
0.00117555
0.00782695
0.0029437
0.00307971
0.00244707
0.00150069
0.00159593
0.00345672
0.00439335
0.00337747
0.000247142
0.00755054
0.00322644
0.000854977
0.0118301
0.00255454
0.00239444
0.00123298
0.00342051
0.00445635
0.000574155
0.00621311
0.00141347
0.00315618
0.00298944
0.00443958
0.00077716
0.0010434
0.000995912
0.000679742
0.00096052
0.00168907
0.00473229
0.00165166
0.00133756
0.00107946
0.00071908
0.0023303
0.00920633
0.00199923
0.000579813
0.0118609
0.00111292
0.00169511
0.00547666
0.0050407
0.00413679
0.000382803
0.00199583
0.0175928
0.00219146
0.0183552
0.00234575
0.00114484
0.00236744
0.000760402
0.00276467
0.000706311
0.000487198
0.00276794
0.000572724
0.00170731
0.00180002
0.00190016
0.00157368
0.000260606
0.0016719
0.00110169
0.00302878
0.00643225
0.00310184
0.00183777
0.00110699
0.000363353
0.00341104
0.000345452
0.00334561
0.00110567
0.0012082
0.000796732
0.00124643
0.00193096
0.00188066
0.00358494
0.00126527
0.000654303
0.0019236
0.00161466
0.00772934
0.0103926
0.00166747
0.00190331
0.00176823
0.00186875
0.00115644
0.00213366
0.00165404
0.00106169
0.00108818
0.00886713
0.00196765
0.000898229
0.00497844
0.00113554
0.00797036
0.000515775
0.00280598
0.00693783
0.00199139
0.0020947
0.00157432
0.00293979
0.00176515
0.00205894
0.00277337
0.000511804
0.0032662
0.00211436
0.00682855
0.00375841
0.00150086
0.000883599
0.00283272
0.000841335
0.00111719
0.00265389
0.00144738
0.00223076
0.00301278
0.00276493
0.00184936
0.00105885
0.00798904
0.00208214
0.00125426
0.00139686
0.0135298
0.00466355
0.000617688
0.000971905
0.00500033
0.00896708
0.00173958
0.00205665
0.000659346
0.00190509
0.00204651
0.00473863
0.015542
0.00103075
0.00250785
0.00477719
0.00762018
0.00280396
0.00115967
0.00129294
0.00111093
0.00239685
0.00628887
0.00120791
0.00260438
0.000364978
0.00294189
0.017041
0.00432455
0.00256618
0.00227798
0.0011104
0.000901424
0.0141382
0.0013446
0.0212731
0.0023498
0.00256325
0.00213487
0.00116329
0.00198577
0.000994079
0.0126717
0.00221214
0.0034894
0.00184158
0.00134541
0.00137197
0.000393455
0.00298829
0.000975519
0.00517085
0.00515442
0.000141257
0.00179683
0.0018791
0.00306958
0.00152453
0.00203365
0.000812207
0.000707554
0.00238821
0.00345107
0.00213506
0.0102893
0.00211082
0.00152824
0.00724801
0.000896999
0.00198653
0.00129426
0.00308535
0.00614397
0.000922014
0.000724437
0.00107281
0.00475189
0.000523898
0.0332323
0.0017462
0.00179227
0.00103582
0.00246932
0.00025548
0.00105097
0.0030692
0.00105769
0.00151541
0.00251218
0.00306299
0.00244521
0.00348287
0.003954
0.000292129
0.00144302
0.00142903
0.00194262
0.00176153
0.000944152
0.00344282
0.00492942
0.000991821
0.00172654
0.0284175
0.0137981
0.00726681
0.00148555
0.0140208
0.00197953
0.000773406
0.00433178
0.000548665
0.00201151
0.00367982
0.00164341
0.00127005
0.00353054
0.00221447
0.00181827
0.0125152
0.00127658
0.00186879
0.00142546
0.00120128
0.00118014
0.0014584
0.00312129
0.0117047
0.00154146
0.00305625
0.00228553
0.00267873
0.0010171
0.0015005
0.00319873
0.000768139
0.000870244
0.00271674
0.00306945
0.00450817
0.00217668
0.00248148
0.00209986
0.00172043
0.0039653
0.00359186
0.00998312
0.000303686
0.00210724
0.00146767
0.00221812
0.00307567
0.00145958
0.00017515
0.00198706
0.00129318
0.00247991
0.00331085
0.000333638
0.00905988
0.00134871
0.00316819
0.00265543
0.0186025
0.000617239
0.00620425
0.000768192
0.00176774
0.00116361
0.00134774
0.00150475
0.00096932
0.000732084
0.00176233
0.000809394
0.00573099
0.0920256
0.00233292
0.00190401
0.00331641
0.00184062
0.000374272
0.00714693
0.00169745
0.00123167
0.00299156
0.0014025
0.00475085
0.000789055
0.00273263
0.00390615
0.0042063
0.00486539
0.00213545
0.00248283
0.000618378
0.00274821
0.00300716
0.0011996
0.00818849
0.0011976
0.0279469
0.00373665
0.000619372
0.00198939
0.00167119
0.00221284
0.00310399
0.00762092
0.0084762
0.00152664
0.00147974
0.00759966
0.00260703
0.0014511
0.000206091
0.00161066
0.0304436
0.00057636
0.00225861
0.00128279
0.000682368
0.00473162
0.000852799
0.0011583
0.0079955
0.00278577
0.00263427
0.00335051
0.0101119
0.000951091
0.00791776
0.0152628
0.0165297
0.00586796
0.0018075
0.00224019
0.00407766
0.00591871
0.000911783
0.00457992
0.00563191
0.000885896
0.00200106
0.000787555
0.0120954
0.00220837
0.000824463
0.00114885
0.00481815
0.0363599
0.000942641
0.00051074
0.000876161
0.00173607
0.00049613
0.00067504
0.00369106
0.0012663
0.00280005
0.00212196
0.00326643
0.00308863
0.00214745
0.00206991
0.0242219
0.00247185
0.00119394
0.00189021
0.00251622
0.00171824
0.00125294
0.000855606
0.00383778
0.00173817
0.00150197
0.00166595
0.00513666
0.00128705
0.0014064
0.00209955
0.000778083
0.00498668
0.00143898
0.00107677
0.00275867
0.00224092
0.00238237
0.00180691
0.00118932
0.00808562
0.00222572
0.00151573
0.00445889
0.000148163
0.00365736
0.00669262
0.00111947
0.00339163
0.00225194
0.00147557
0.000573573
0.0029063
0.00476962
0.00152694
0.00102147
0.00151313
0.00131443
0.00256722
0.00406632
0.00188882
0.00437866
0.00228041
0.00375293
0.00485386
0.00410693
0.000516908
0.00321171
0.00173901
0.0026395
0.00131625
0.00348945
0.00379027
0.00626578
0.000471743
0.00467299
0.00129481
0.0257258
0.002354
0.00645214
0.00256229
0.0179282
0.0020308
0.00644625
0.00760555
0.000677073
0.00620456
0.00863123
0.00191489
0.00125159
0.000341015
0.00153385
0.0177316
0.00135592
0.00161594
0.00221611
0.0415921
0.00153891
0.00173789
0.00171222
0.00430017
0.0018435
0.000668955
0.00204609
0.00196575
0.0319472
0.00359112
0.00133996
0.00160647
0.0023738
0.000514891
0.00147567
0.000991578
0.00082094
0.00364835
0.00386298
0.00309702
0.00286127
0.00063229
0.00262026
0.00320661
0.0438163
0.00227851
0.00165841
0.00171235
0.00220429
0.00186434
0.000407933
0.00667121
0.00231659
0.0011872
0.000147471
0.00351622
0.00951256
0.00151009
0.00148646
0.00066444
0.00222006
0.0122663
0.00356344
0.0176007
0.00345983
0.0112744
0.00189825
0.00120517
0.00170358
0.00310927
0.00800024
0.00665126
0.000569971
0.00251683
0.00157011
0.000846051
0.00156839
0.00200511
0.0138191
0.00451883
0.0028102
0.000433367
0.000487501
0.000370071
0.00638667
0.00249661
0.00192912
0.00268805
0.0155814
0.00881119
0.0161157
0.00210348
0.000455859
0.00357891
0.00880603
0.0010595
0.000729658
0.00172129
0.00506198
0.0037656
0.00283977
0.00264205
0.0029099
0.000850494
0.00293531
0.00175882
0.000983645
0.000335117
0.00111589
0.00292693
0.00527391
0.00128067
0.0014923
0.0039164
0.00391854
0.0013136
0.0019108
0.00136215
0.00513076
0.00182999
0.00120629
0.00135675
0.00426531
0.00103634
0.00157637
0.00267249
0.00563837
0.000590056
0.0178474
0.000877634
0.010471
0.00256951
0.000903605
0.00100454
0.000719561
0.00459479
0.00477729
0.00621433
0.0171036
0.00146078
0.00102759
0.00277921
0.00045182
0.018618
0.00343301
0.00121948
0.00192907
0.00235891
0.00155661
0.00138573
0.00145512
0.00330034
0.00374182
0.00214957
0.0143897
0.00100596
0.000818101
0.000556792
0.00229864
0.00275285
0.005411
0.000510748
0.00420644
0.000723573
0.00339599
0.00310676
0.00146976
0.000721554
0.00185863
0.00815747
0.000474184
0.0014057
0.000220644
0.0024391
0.00110636
0.00180533
0.00168144
0.000844327
0.00139896
0.000672738
0.00172174
0.000879997
0.00176979
0.00181267
0.000241147
0.00170977
0.0105794
0.00359375
0.00205906
0.0140381
0.000946313
0.00175221
0.000483383
0.000836871
0.0045251
0.00367119
0.00192669
0.00506101
0.00852584
0.00213177
0.00159747
0.00214311
0.000638763
0.0154557
0.000852324
0.00292206
0.0017698
0.00978346
0.00506681
0.0370421
0.0205704
0.00766667
0.00645332
0.00050876
0.00164122
0.00186716
0.00135006
0.00257605
0.000972496
0.00265276
0.00355204
0.00385653
0.00256113
0.00545754
0.00183344
0.00328745
0.0120222
0.00134125
0.00289125
0.00222922
0.0073685
0.000760696
0.00325435
0.00186482
0.00286944
0.00210372
0.00223723
0.0030645
0.00254232
0.00353512
0.000818442
0.00331534
0.00146689
0.00445412
0.00215682
0.00210001
0.00220567
0.00260168
0.00268313
0.00169227
0.000414155
0.00172709
0.00166938
0.00366498
0.00251852
0.00363725
0.00484945
0.00235009
0.00286889
0.00150843
0.00116164
0.0088737
0.00239246
0.00169651
0.000673107
0.000869153
0.000775341
0.00740721
0.000705091
0.00147189
0.00227721
0.00377675
0.0125935
0.00596191
0.000397309
0.00236894
0.0107853
0.0110933
0.00175871
0.000449596
0.00369059
0.00264949
0.00108727
0.00715391
0.00366002
0.00144301
0.000331304
0.018196
0.00326471
0.00223347
0.00820225
0.0106245
0.00180461
0.00107998
0.00172593
0.000324388
0.00136151
0.0060643
0.00267705
0.00120698
0.00324604
0.00165553
0.00237151
0.00427105
0.00179746
0.0347781
0.0133239
0.00196883
0.00113737
0.00310817
0.00398631
0.00270791
0.00111222
0.00149514
0.00366206
0.00897948
0.00270697
0.00266275
0.00190949
0.000659513
0.000490411
0.0011017
0.000852333
0.0011964
0.00305638
0.00121086
0.00285534
0.00159335
0.00053787
0.00154238
0.00426238
0.00118262
0.00102029
0.0112195
0.0101468
0.00201149
0.0311909
0.00333249
0.00321426
0.00183001
0.0016688
0.0022516
0.0007676
0.000614651
0.00677793
0.00526064
0.00162254
0.00320007
0.00193545
0.00382134
0.00126108
0.00283622
0.00348866
0.00280925
0.001528
0.0026249
0.00351284
0.00117356
0.00567713
0.00130126
0.00225262
0.00232306
0.00210389
0.00178782
0.00199258
0.00173279
0.000466702
0.00107358
0.00206757
0.0057122
0.00194334
0.00170218
0.00434813
0.00279856
0.00235501
0.00209842
0.00179513
0.0270337
0.033921
0.00228405
0.00342119
0.00102341
0.00150284
0.00770002
0.00164624
0.00299174
0.00152575
0.001766
0.00150279
0.00407533
0.00106206
0.00186883
0.00339149
0.00160633
0.00184155
0.00194494
0.000727913
0.00185527
0.00197054
0.0219421
0.0018445
0.00230431
0.00108111
0.00265576
0.000927022
0.00247737
0.00158908
0.000954958
0.00025811
0.0036144
0.00210695
0.00156842
0.00243167
0.000860071
0.0553827
0.00138851
0.00879837
0.00039767
0.00400881
0.00299011
0.00443271
0.00378473
0.0178584
0.00177344
0.00136581
0.00107331
0.0019356
0.0113121
0.00055153
0.0017444
0.00261423
0.00126546
0.0118334
0.00215331
0.00112642
0.00338719
0.00232579
0.00221631
0.00687605
0.00264943
0.00652085
0.00306777
0.00233252
0.00127228
0.00215632
0.00153716
0.00931939
0.00118742
0.00189496
0.00135713
0.00301784
0.00181305
0.00141184
0.00283815
0.00152922
0.00265662
0.00191805
0.00567473
0.00970147
0.019331
0.00237394
0.0017256
0.00214518
0.0131839
0.00668022
0.0129683
0.00263834
0.00114322
0.00225015
0.00201643
0.00324801
0.0017263
0.00213166
0.00375209
0.00619431
0.00105663
0.0143654
0.00498182
0.0011586
0.0109195
0.0047044
0.00129118
0.0013714
0.0071846
0.00101774
0.00317507
0.00270408
0.00144645
0.00153649
0.00209512
0.00829591
0.0144549
0.000926414
0.0014569
0.00222329
0.000254881
0.00132248
0.00109384
0.00191809
0.00163869
0.00255496
0.00136177
0.0111369
0.00450555
0.00247895
0.00120353
0.00108943
0.00312901
0.00234353
0.000762558
0.00915537
0.00147548
0.00185985
0.000849787
0.00151931
0.00168922
0.000492349
0.00127327
0.00117308
0.000914766
0.00153729
0.00416194
0.00137627
0.00264706
0.00457781
0.00124322
0.000673096
0.00394595
0.00261487
0.00240327
0.00674921
0.0013669
0.00130759
0.00611349
0.00281115
0.00152975
0.00286956
0.0168599
0.00172959
0.00801599
0.00175386
0.00204774
0.00129942
0.0102667
0.00161167
0.0122051
0.00537249
0.0500677
0.00440504
0.000778385
0.00137107
0.00132372
0.000792228
0.00229971
0.00211502
0.000735972
0.00151869
0.000883484
0.00393905
0.00480653
0.00172087
0.00223058
0.00106963
0.00222119
0.0029382
0.0015882
0.00141401
0.0047288
0.00211567
0.00574413
0.00998657
0.00113037
0.0058237
0.00302743
0.00375222
0.00159403
0.00302558
0.00348483
0.00259742
0.00491863
0.0217572
0.00156078
0.00185195
0.00140255
0.00249773
0.00141418
0.00169121
0.00170201
0.0010636
0.00488705
0.00283813
0.0016046
0.00105267
0.00134264
0.00166717
0.00217963
0.00127198
0.0011877
0.00311739
0.00237834
0.000795093
0.00952182
0.0013942
0.0152394
0.00268583
0.00114368
0.00088045
0.00436664
0.0139685
0.00171859
0.00225652
0.000767432
0.00220381
0.00342405
0.000767546
0.00545758
0.0227055
0.0049072
0.00210299
0.00432589
0.0334243
0.00507798
0.000864636
0.00185656
0.00153592
0.00093404
0.00592094
0.0133061
0.000657693
0.00843759
0.0020849
0.00176062
0.00113722
0.00211161
0.00294018
0.00724929
0.00721787
0.00391327
0.00179898
0.00781962
0.0034592
0.00290101
0.00675405
0.00384608
0.00247227
0.00436126
0.0526948
0.00101606
0.00131466
0.00193949
0.0059963
0.00959592
0.00152776
0.00162108
0.00207157
0.0033776
0.00401851
0.000961605
0.016074
0.0029319
0.00256008
0.00112716
0.00158603
0.00236256
0.0118601
0.00135593
0.00131335
0.00117808
0.00203116
0.00463988
0.00225902
0.00212654
0.000834768
0.00198102
0.00117482
0.000265848
0.00106833
0.00177043
0.0037618
0.00118334
0.0011235
0.000744603
0.00142791
0.00339416
0.000808613
0.00117188
0.000944319
0.00739467
0.0005464
0.00334548
0.00100417
0.0253992
0.00519082
0.00256828
0.00589499
0.00182479
0.000819757
0.00399154
0.00259838
0.00828032
0.00330685
0.00382029
0.00151047
0.000706632
0.00237301
0.00298542
0.00095608
0.00247263
0.00349085
0.00181121
0.00341609
0.00418224
0.000801244
0.00284671
0.0020165
0.00167263
0.00148417
0.00112017
0.00243302
0.0130354
0.00168108
0.00353992
0.00244905
0.00271907
0.00134861
0.00374306
0.0085029
0.00225263
0.0114491
0.00503466
0.0019399
0.00212217
0.000509451
0.0029807
0.000865154
0.00301473
0.00245488
0.00148689
0.00521372
0.0014204
0.00061184
0.00352651
0.00114212
0.00191144
0.0023791
0.00313773
0.00202426
0.00375714
0.00137349
0.00342232
0.00178651
0.0018314
0.00341646
0.0370877
0.0048124
0.00282726
0.00303449
0.00412707
0.000964128
0.00265925
0.00381039
0.00304926
0.00140785
0.00342137
0.000174671
0.00325348
0.00130029
0.00456577
0.0028768
0.00902584
0.000142167
0.00149553
0.00298039
0.00157382
0.00304517
0.000868633
0.00407725
0.00670045
0.000409014
0.00088348
0.000687232
0.00233728
0.00178371
0.00305498
0.00302992
0.000711544
0.00148822
0.000688988
0.00397224
0.00219859
0.00104064
0.000769755
0.00128323
0.00252949
0.0137411
0.00250048
0.00492092
0.00110118
0.00189013
0.00177191
0.00192133
0.00278918
0.00215513
0.00111173
0.00791314
0.00100843
0.00201797
0.00194523
0.00147837
0.000891145
0.0040367
0.00276348
0.000611639
0.000936005
0.00361007
0.00203368
0.00334154
0.00791477
0.00182213
0.00615057
0.0027977
0.00259528
0.00183367
0.0227888
0.00247336
0.000442936
0.00337753
0.000679896
0.00789223
0.000920318
0.00215432
0.0018219
0.00181872
0.00162959
0.000862627
0.00704072
0.00269723
0.00224277
0.00253214
0.0019445
0.00360009
0.00105678
0.00069874
0.0152093
0.00312458
0.0069498
0.00303493
0.00392538
0.00312443
0.0028482
0.00873995
0.00198377
0.00383679
0.0221625
0.00194223
0.00280471
0.0124473
0.00216532
0.00263198
0.00506444
0.000616226
0.000846321
0.00190775
0.00147147
0.00300083
0.00545572
0.00195473
0.000793901
0.0132283
0.000773153
0.00189235
0.0030695
0.00117475
0.00151292
0.00250143
0.00120712
0.00226041
0.00790694
0.011513
0.00128994
0.0018604
0.001995
0.00262787
0.00133047
0.00129011
0.00109926
0.0114608
0.00137819
0.000886423
0.000279486
0.0110362
0.00363801
0.00149466
0.0130537
0.00277459
0.00108632
0.0033249
0.00244056
0.00185733
0.00179706
0.00178728
0.000780191
0.000257887
0.00157182
0.00207644
0.00365803
0.0232228
0.00142964
0.00176007
0.003548
0.00184725
0.00175051
0.00193553
0.000827677
0.00168163
0.00568163
0.00151029
0.000598705
0.0260482
0.00523456
0.000193587
0.00141044
0.019533
0.0102205
0.0028061
0.0019388
0.00253027
0.00392146
0.00371558
0.00303569
0.00172133
0.000185612
0.00133711
0.000941926
0.00244948
0.00244446
0.000924073
0.00171864
0.00142702
0.00247891
0.00146739
0.00123832
0.00391527
0.00432379
0.00383302
0.000382354
0.000646625
0.00124435
0.00096785
0.0199991
0.000718923
0.000578922
0.0356332
0.00163039
0.00227664
0.0055886
0.00446768
0.00113738
0.00242312
0.000816854
0.00217158
0.000552647
0.00604536
0.0015715
0.00694762
0.00262335
0.00208578
0.00146617
0.00125631
0.00524406
0.00287308
0.00310175
0.00476051
0.00194661
0.00562932
0.00198481
0.00106887
0.0012056
0.000574001
0.0217847
0.0029914
0.00291905
0.00286435
0.000508066
0.00194522
0.00220891
0.00206492
0.00154419
0.00225715
0.000644585
0.00449825
0.00146754
0.00562011
0.00202198
0.00189735
0.00257552
0.00108645
0.00176776
0.00160405
0.0197378
0.0206018
0.00168149
0.0180705
0.00444221
0.000922534
0.00168455
0.0163543
0.00343574
0.00195845
0.00930194
0.00118768
0.000930019
0.00116886
0.00573747
0.00240545
0.00164943
0.00336335
0.00488674
0.00409253
0.00306338
0.00220789
0.00175567
0.00113261
0.00197039
0.0016327
0.00352497
0.0013491
0.00625169
0.00292356
0.00165382
0.000535767
0.00171799
0.0186651
0.00199552
0.00557433
0.00554725
0.000591728
0.00587548
0.0636981
0.00803788
0.00145341
0.00154742
0.000400292
0.00152901
0.00206702
0.00312747
0.00200528
0.000891617
0.00258797
0.00361345
0.00289337
0.00129937
0.00108633
0.000755541
0.00266681
0.00100051
0.00249392
0.000499954
0.00142944
0.00556673
0.00112812
0.00103729
0.00169005
0.000761806
0.00110208
0.00366092
0.0560983
0.000939721
0.00458621
0.00404788
0.00190531
0.00196967
0.00691438
0.00337458
0.0191517
0.00430809
0.003562
0.00500302
0.00121257
0.00242058
0.00105446
0.00201604
0.00190518
0.00216894
0.00120796
0.00150303
0.00352065
0.0119305
0.00381033
0.00177792
0.00296698
0.00177336
0.000441816
0.00101402
0.00230358
0.000898278
0.000883234
0.00233507
0.00594794
0.00489425
0.000563764
0.000865855
0.00680597
0.00323816
0.0029669
0.00516188
0.00278261
0.01109
0.00112187
0.00490303
0.00449921
0.00071716
0.00224279
0.00169987
0.00215356
0.00444415
0.00121692
0.000921669
0.00157159
0.000597375
0.00248239
0.00227347
0.0234314
0.000912941
0.00262187
0.00172677
0.00358883
0.000596187
0.00255714
0.00180186
0.000385737
0.0242329
0.00154699
0.00116591
0.00839578
0.00171481
0.00601335
0.00858797
0.012728
0.00159378
0.00287645
0.00208928
0.000417186
0.00174054
0.0133218
0.00152025
0.0218161
0.00147243
0.00155031
0.00419803
0.00209123
0.00583863
0.00436638
0.0068511
0.000737669
0.00188466
0.0165996
0.00184595
0.00077863
0.000386855
0.0019469
0.00174869
0.00186302
0.00210606
0.00902685
0.00205561
0.00588324
0.0024403
0.0153873
0.000263238
0.00562516
0.0114036
0.00518663
0.00492142
0.00174982
0.00121868
0.00132185
0.00669598
0.0104334
0.00109107
0.000569235
0.0117439
0.00227308
0.0307369
0.00689323
0.00407933
0.00160552
0.00371739
0.00121032
0.00273862
0.000656554
0.000942281
0.0021502
0.00606854
0.000274663
0.00117094
0.000540238
0.0100623
0.00184509
0.00171653
0.0010222
0.000581253
0.00206053
0.00148003
0.00192592
0.00186673
0.00173119
0.00130224
0.000725303
0.00136559
0.00916156
0.000614952
0.00628294
0.00114005
0.00509602
0.00105629
0.00388874
0.00190665
0.0437631
0.00266406
0.00620096
0.00267501
0.0036176
0.00216739
0.028252
0.00199543
0.0013646
0.00209628
0.0018124
0.00124459
0.00207795
0.00667604
0.001213
0.00139222
0.000941385
0.0274779
0.00145628
0.00457225
0.00221441
0.00135533
0.00141094
0.00146367
0.0198408
0.00102611
0.00292287
0.00508203
0.000375365
0.00946245
0.0016971
0.00101309
0.0023275
0.0142686
0.00205792
0.000795978
0.00726558
0.000635364
0.00510214
0.00231953
0.000923942
0.00626388
0.00143886
0.00249134
0.00442223
0.00846112
0.00129326
0.00151448
0.000924804
0.00655239
0.00374184
0.0013654
0.00235072
0.00131959
0.00630337
0.00161718
0.00253894
0.00201201
0.00507045
0.00371759
0.00139613
0.000853139
0.00430509
0.00101823
0.00132729
0.00060377
0.00144188
0.00565685
0.0022144
0.00179998
0.000872006
0.00146182
0.00697701
0.000470479
0.00225718
0.00242035
0.000935991
0.00111812
0.000902257
0.00649549
0.00133593
0.0237502
0.00401898
0.00155153
0.0011787
0.00465137
0.00066573
0.00343616
0.0203407
0.00221537
0.00246315
0.00688465
0.00411697
0.0392309
0.0023199
0.00279611
0.00260573
0.0018129
0.00238346
0.00130106
0.000382297
0.00142478
0.00107461
0.0145901
0.000290214
0.00180922
0.00091957
0.00174333
0.00169875
0.00171599
0.00121318
0.00194129
0.0023822
0.00311045
0.00313568
0.00259385
0.00574671
0.00236213
0.00204465
0.00339004
0.00130719
0.000896206
0.00719103
0.00111129
0.00227233
0.000832861
0.00617414
0.00360914
0.00217821
0.00172327
0.000860986
0.00812086
0.00319493
0.00153996
0.000980448
0.00601342
0.0154946
0.00199661
0.00134943
0.00459935
0.000683036
0.0012141
0.0057268
0.0014673
0.00549367
0.00108119
0.00128032
0.00308568
0.000459508
0.00110761
0.00258834
0.00401411
0.00178482
0.00203176
0.00267835
0.00281643
0.00370802
0.00206323
0.00352661
0.00110416
0.000893353
0.00892103
0.00135196
0.000253796
0.00162467
0.0027499
0.00148402
0.00133137
0.00208781
0.00148592
0.00210092
0.000261236
0.0017289
0.00170262
0.00836339
0.00607586
0.00122781
0.0010657
0.00377824
0.00121459
0.00122186
0.00520757
0.00225013
0.00349551
0.00710864
0.00169272
0.000676634
0.00143967
0.00114926
0.00356811
0.000959617
0.00260627
0.00382843
0.00195954
0.00141493
0.0137603
0.0016209
0.00119491
0.00160325
0.0279965
0.00396734
0.00109239
0.00314879
0.00111044
0.000734429
0.000998362
0.00221376
0.00169899
0.0022863
0.000557567
0.000871987
0.00255502
0.0020907
0.00792609
0.00470767
0.00715765
0.00311761
0.00307959
0.0210185
0.019575
0.000518254
0.00223608
0.00414285
0.00163252
0.00174517
0.00181927
0.00167813
0.00143922
0.000886883
0.00274373
0.00165175
0.000950731
0.00312991
0.000943807
0.000595279
0.00113531
0.00175525
0.001982
0.000613122
0.00164762
0.0037879
0.001647
0.000629992
0.00387178
0.000924716
0.00144499
0.00373915
0.000468283
0.00309946
0.0011158
0.00192533
0.00485436
0.00139457
0.000851566
0.00199086
0.0016204
0.00246267
0.00334
0.00268107
0.0159549
0.000917125
0.00222654
0.00123175
0.00274063
0.00308609
0.00197453
0.000716506
0.0111415
0.0190666
0.00163331
0.00196701
0.00225445
0.00315379
0.000954894
0.00268657
0.0012388
0.000973342
0.00729532
0.00378752
0.000302568
0.00205961
0.00121277
0.00265555
0.0019462
0.00101008
0.00286484
0.00244203
0.00191602
0.00279113
0.0147716
0.00361896
0.00197002
0.00229632
0.00169922
0.00226368
0.00195376
0.000352201
0.00784644
0.0331149
0.00475151
0.00237655
0.0017915
0.0353103
0.00184129
0.00161404
0.00442729
0.00281387
0.0458847
0.00228491
0.00232112
0.0183065
0.00131619
0.000297343
0.00148415
0.00599218
0.00249456
0.00281203
0.00373227
0.00110788
0.00125386
0.000793241
0.00245721
0.00481715
0.00309691
0.000547741
0.002777
0.00934104
0.00310826
0.00340043
0.0026163
0.00041692
0.00540681
0.00147765
0.000812871
0.0103228
0.0153061
0.00187157
0.00657699
0.00153521
0.00242714
0.00442985
0.0021915
0.00157457
0.0037396
0.00104303
0.00226066
0.00200747
0.00200929
0.00201744
0.0192673
0.00285702
0.00396385
0.000642489
0.0181175
0.00392355
0.00508955
0.00153388
0.0021364
0.00132936
0.000427181
0.00156386
0.000483768
0.0024496
0.00480414
0.00185051
0.000527875
0.00141952
0.000249156
0.00358947
0.00168398
0.00253601
0.00123267
0.00224025
0.000540317
0.00181621
0.0185392
0.00350089
0.000476444
0.000608612
0.00376113
0.00249052
0.00224213
0.00176261
0.000955084
0.0033319
0.00110095
0.000402835
0.00691457
0.00458189
0.00150993
0.00617687
0.00132475
0.00238037
0.00339338
0.00140767
0.00891995
0.00654127
0.000190763
0.00646799
0.00127795
0.00040296
0.00172069
0.0021706
0.00265036
0.00014068
0.00191846
0.00241049
0.000596621
0.00844361
0.00196446
0.000577685
0.00433286
0.00130958
0.00174526
0.00275071
0.00205686
0.000944619
0.00113159
0.00361797
0.00111855
0.00362326
0.0068547
0.00184767
0.0053534
0.000622442
0.00215596
0.00210394
0.00331007
0.00345633
0.00220698
0.00971678
0.00623965
0.00171232
0.00508233
0.00109232
0.00179435
0.00158376
0.0197555
0.00730157
0.00947957
0.00374395
0.00161882
0.0022265
0.000242035
0.000254478
0.00099263
0.00160696
0.0125884
0.000535989
0.00157533
0.00193878
0.00675922
0.0036433
0.00027451
0.00120725
0.00105458
0.0043465
0.00349279
0.00132912
0.00329945
0.00306667
0.00316618
0.00406953
0.00353276
0.00368162
0.00111192
0.00263123
0.00282869
0.00368906
0.00133354
0.00145683
0.00258154
0.00193233
0.00962208
0.00171441
0.00299341
0.00282495
0.00413446
0.00804713
0.00454843
0.00154594
0.00912337
0.00780894
0.000422791
0.00288045
0.00302191
0.00198585
0.00493825
0.00118394
0.00423984
0.00172443
0.000715908
0.000965976
0.00891688
0.0118687
0.00201621
0.00438053
0.000168252
0.00544301
0.0215665
0.0073549
0.0025385
0.00165955
0.00152977
0.000987274
0.00162973
0.00272115
0.000657218
0.00162607
0.000768995
0.00172668
0.00134773
0.000961108
0.00174779
0.00296455
0.00570373
0.0022451
0.0011457
0.0022454
0.00515288
0.00200623
0.00175108
0.00412962
0.00124973
0.00157482
0.00406877
0.00554152
0.0017999
0.00524768
0.0029692
0.00110932
0.00100976
0.00906665
0.00288912
0.00396959
0.010103
0.000622517
0.00331907
0.000749384
0.00835634
0.00250556
0.00345922
0.00365769
0.00187847
0.00105534
0.000954952
0.00250731
0.00183633
0.00096582
0.00393788
0.00161942
0.00408996
0.000907722
0.00670098
0.00155245
0.00212077
0.000973975
0.00709184
0.00829716
0.0225217
0.0012721
0.0020699
0.00305715
0.00124541
0.0194212
0.000734238
0.00304964
0.000567775
0.00116981
0.00125503
0.00304945
0.002172
0.00166453
0.00101235
0.0393603
0.00235538
0.00250146
0.00181789
0.00160682
0.00336543
0.00105132
0.0026954
0.00203995
0.00262246
0.000664
0.000192054
0.000810615
0.0150847
0.00775644
0.0014751
0.0170271
0.00356641
0.000591131
0.000444365
0.00136461
0.0011464
0.00125923
0.00160786
0.0029595
0.00395609
0.000527553
0.00121296
0.000729455
0.00270018
0.00260206
0.00107353
0.00138515
0.00460168
0.00392743
0.00327781
0.002406
0.0076348
0.000739903
0.00254482
0.0346508
0.00180753
0.00164431
0.00272245
0.00175935
0.00187024
0.00110285
0.0010144
0.00148735
0.0118347
0.00126803
0.0241228
0.000932708
