0.00552737
0.0198518
0.0115015
0.00793509
0.0091546
0.011348
0.00358783
0.00588102
0.00187668
0.00645874
0.0116253
0.0022141
0.00270681
0.010952
0.0607763
0.00415129
0.0025941
0.00441323
0.00262074
0.00582259
0.00305229
0.00987379
0.00393813
0.012899
0.00123003
0.0318564
0.0264343
0.00808621
0.00288985
0.0045672
0.00623958
0.00543905
0.0018341
0.0171329
0.00549261
0.00376524
0.00542084
0.0177988
0.00264968
0.00529411
0.000814977
0.0187975
0.00112578
0.00470408
0.00733898
0.0207145
0.00510916
0.0110636
0.00676234
0.000629963
0.0108894
0.0247556
0.0174648
0.00532772
0.00440166
0.0259165
0.00334639
0.00613811
0.00267833
0.0130633
0.00220384
0.00602922
0.00306091
0.00298757
0.00396789
0.00479836
0.00411797
0.00718847
0.0156912
0.00285804
0.00367689
0.046652
0.00711176
0.00535684
0.00503976
0.00676102
0.0369776
0.0117284
0.00424027
0.00126506
0.00253899
0.00179112
0.0182387
0.0186368
0.00188292
0.0044371
0.00245449
0.00332146
0.00195893
0.000929362
0.0103464
0.00138989
0.00498587
0.0111343
0.00682843
0.00355212
0.00143014
0.00181444
0.00289402
0.0173231
0.00344238
0.014757
0.00237243
0.00360452
0.00402623
0.00986618
0.00360742
0.00313598
0.00551685
0.0380348
0.00863846
0.00713242
0.00662915
0.00347566
0.0114786
0.00929528
0.00642103
0.00235881
0.00408082
0.0029334
0.000831826
0.00219337
0.0130013
0.000844776
0.00208269
0.00448875
0.00584877
0.00666962
0.0148027
0.00217117
0.0253255
0.00570933
0.00614427
0.00585628
0.00117046
0.00785525
0.00645069
0.00345504
0.00177102
0.0105943
0.00347772
0.00580931
0.00496465
0.0106898
0.00186819
0.0029266
0.00369183
0.0060142
0.0033298
0.0131357
0.00676688
0.0194324
0.005744
0.00396858
0.0040222
0.0135531
0.0232883
0.00219905
0.0239504
0.00138062
0.00874527
0.0143273
0.00168011
0.00771366
0.00417038
0.00447398
0.00313946
0.00979067
0.0020055
0.0177124
0.00435995
0.00130858
0.0068124
0.00388508
0.0116203
0.00522194
0.00204173
0.013269
0.00314823
0.00309012
0.0183487
0.00272317
0.00247847
0.044327
0.00953124
0.00719204
0.0041079
0.011832
0.00488661
0.00472278
0.00385893
0.0250143
0.00282208
0.0390705
0.0086475
0.0252835
0.00207744
0.00375262
0.0164182
0.00517649
0.0254016
0.00396727
0.0198611
0.00866462
0.00863334
0.00478975
0.0218419
0.0057349
0.00943019
0.00342941
0.00491519
0.00868809
0.011689
0.000867461
0.0115557
0.00248649
0.0145203
0.0261299
0.0120089
0.0221097
0.00162006
0.0218084
0.00546532
0.00668905
0.00856692
0.00467889
0.00731735
0.00748565
0.00404942
0.0161583
0.00327775
0.00661636
0.00645533
0.00262783
0.0020348
0.00213381
0.00264835
0.0073667
0.005744
0.025236
0.0374554
0.00396432
0.00128491
0.0180898
0.00725295
0.0014774
0.00324986
0.00159098
0.00402122
0.00397974
0.00519494
0.00197742
0.02046
0.0712586
0.00243417
0.0041998
0.00338047
0.00718181
0.00628469
0.00960992
0.00618838
0.00644489
0.00949842
0.000951464
0.0191302
0.0115922
0.00651466
0.00524246
0.00474084
0.0070006
0.0152028
0.00495625
0.00231594
0.0104114
0.00343359
0.00461401
0.0064743
0.00308912
0.00877291
0.00532419
0.0245743
0.00203725
0.00173443
0.00901169
0.0111851
0.00586266
0.0083386
0.0144644
0.00800222
0.000714639
0.00893818
0.0436956
0.00485984
0.00488658
0.0137824
0.00719
0.00636528
0.00115478
0.00579444
0.0026172
0.0614197
0.00364557
0.00302726
0.00799987
0.0192168
0.00127363
0.00661886
0.00168588
0.00765552
0.00401754
0.00343566
0.151667
0.00199324
0.103831
0.0121417
0.00240127
0.00198191
0.00902197
0.00739214
0.0370564
0.0362125
0.0363047
0.00226137
0.010779
0.00172162
0.00657245
0.00224316
0.00439676
0.0159381
0.00398673
0.00612241
0.0418358
0.00641191
0.0030228
0.00377456
0.0171278
0.00210294
0.0378192
0.0226769
0.00381131
0.00461727
0.0127438
0.00436197
0.00254601
0.0071213
0.00622507
0.00463032
0.0179941
0.00914777
0.00523439
0.00182037
0.00836954
0.0108524
0.00507521
0.00179677
0.000479881
0.00219747
0.00441234
0.0109744
0.00116919
0.00847977
0.0249581
0.00661322
0.0164146
0.0145757
0.0150369
0.0103072
0.00317982
0.0301251
0.00767983
0.00466444
0.00795771
0.0136138
0.00286944
0.00543439
0.00297927
0.0045046
0.00508434
0.00854983
0.0124723
0.00336648
0.0431813
0.00336003
0.0109524
0.0445682
0.00361027
0.00611104
0.0278624
0.00174493
0.00209503
0.00587732
0.00479236
0.0619754
0.00537074
0.00430889
0.00343589
0.00180851
0.00955937
0.000692195
0.00937073
0.00382169
0.0184296
0.00505094
0.0294635
0.00139809
0.065585
0.0103942
0.0030352
0.00206844
0.00461879
0.0259413
0.00415212
0.00455578
0.0245817
0.0108825
0.00169894
0.0433379
0.0120819
0.00967356
0.0115183
0.0232605
0.00740319
0.00675612
0.00445495
0.00972972
0.00724061
0.0142608
0.0066339
0.00126054
0.00258601
0.00092367
0.0101839
0.00976751
0.019496
0.0037451
0.0428556
0.00125322
0.0198133
0.00245212
0.00549496
0.00596287
0.0121984
0.00743085
0.000951347
0.0110141
0.00464284
0.00200886
0.00496866
0.00659115
0.00535717
0.0389099
0.0118345
0.00284549
0.0092989
0.0485694
0.0130737
0.0117884
0.00510672
0.0407608
0.0288063
0.00338888
0.00473685
0.0172751
0.000576272
0.0012338
0.0116945
0.009057
0.000937651
0.00352034
0.0084312
0.00318377
0.000426054
0.0072889
0.0175136
0.0221791
0.00983162
0.00984066
0.00163538
0.0023889
0.00223522
0.00504287
0.00220317
0.00190446
0.0115065
0.0294437
0.000490614
0.00102993
0.0120746
0.00647844
0.0439208
0.00487729
0.00198463
0.0044059
0.00461681
0.00538887
0.00771774
0.00543941
0.0119347
0.00349431
0.00677327
0.00236812
0.000862328
0.0124665
0.00702946
0.00327801
0.00765746
0.0172486
0.045004
0.00409081
0.00413971
0.00577906
0.0244503
0.00259041
0.0112904
0.00865966
0.00327186
0.00975437
0.0152029
0.00917215
0.00217341
0.00490853
0.00655674
0.00453138
0.0152612
0.00893552
0.00809239
0.00133558
0.00307788
0.00816582
0.00621599
0.00558224
0.0324223
0.00771513
0.010026
0.00378687
0.00157869
0.00211203
0.011538
0.00507504
0.00340444
0.00413244
0.00505908
0.00664179
0.00089993
0.00756414
0.0051022
0.00174074
0.0646218
0.00146702
0.00935579
0.00657747
0.00215628
0.0079039
0.0267387
0.0113265
0.00129541
0.0115728
0.00151844
0.00688656
0.00284915
0.000618011
0.00160417
0.00504703
0.0034649
0.00395605
0.00654071
0.00850939
0.0136003
0.000849284
0.00464538
0.000764036
0.00311786
0.00512756
0.0479668
0.00411083
0.00543705
0.00570437
0.0167316
0.00392045
0.00468288
0.0118059
0.00518986
0.00491993
0.00776333
0.00982152
0.0077806
0.0155283
0.00630961
0.00348071
0.00497615
0.0129385
0.00380177
0.0154387
0.00850075
0.007174
0.00341991
0.00617295
0.00505892
0.00143948
0.010963
0.00238107
0.0272091
0.00716477
0.0137545
0.00381149
0.00669305
0.00618765
0.0174268
0.00403187
0.0024809
0.0143478
0.0812724
0.00165553
0.00800488
0.0115993
0.0284017
0.0547981
0.0081922
0.00151619
0.0342817
0.00571711
0.00293613
0.00335736
0.00238422
0.0131342
0.000490627
0.00494651
0.0222008
0.00268208
0.00523147
0.0165089
0.00102609
0.00716185
0.00860765
0.000810375
0.00166519
0.0140161
0.00235573
0.008653
0.00597396
0.00338486
0.0763749
0.00492677
0.00562678
0.00156151
0.0273181
0.00301034
0.00772624
0.00126596
0.0139712
0.0197076
0.00317257
0.00292965
0.00666429
0.00911642
0.0188281
0.000857593
0.0223497
0.00897222
0.00117511
0.0017574
0.00545364
0.00909164
0.0080029
0.0225624
0.0323343
0.0141751
0.00230104
0.000236551
0.00451978
0.00177013
0.0373568
0.00281859
0.0051078
0.00162671
0.0165192
0.00424472
0.192703
0.0134323
0.00594181
0.00738456
0.000384677
0.00515099
0.00385093
0.00537899
0.0163344
0.00417386
0.00480265
0.00236799
0.00539256
0.00639826
0.00451592
0.010495
0.00491575
0.0163541
0.00205573
0.0222238
0.00483327
0.00844603
0.00197345
0.0100068
0.0047913
0.00407629
0.001188
0.00593458
0.00595414
0.0110461
0.00320906
0.00174232
0.00519101
0.00444024
0.0272904
0.0306313
0.0198334
0.00415704
0.00720187
0.00364926
0.0421984
0.00390358
0.00475527
0.0392616
0.02279
0.0436343
0.00734654
0.00189712
0.00413073
0.00268659
0.0145751
0.00861635
0.00959661
0.014779
0.0113448
0.0239286
0.0111446
0.0213954
0.000824321
0.00486554
0.0027349
0.00412236
0.0132925
0.0113897
0.0489335
0.00617967
0.0025833
0.0058127
0.00688755
0.00918716
0.0151302
0.00920403
0.00386052
0.00700919
0.00387051
0.0266134
0.0021341
0.00432384
0.0127316
0.00930802
0.00738275
0.00674433
0.00262923
0.00631773
0.00569506
0.0114134
0.0113086
0.00665101
0.00240413
0.00451012
0.00411024
0.0199978
0.00579162
0.0171391
0.0193275
0.0316946
0.00838427
0.00284403
0.00108289
0.00248958
0.0163895
0.0113824
0.00715028
0.00655614
0.0048853
0.00904411
0.00240151
0.0186265
0.00621589
0.00146483
0.00356403
0.0123363
0.110595
0.00399726
0.0237182
0.00289992
0.0181772
0.00644636
0.0081222
0.011176
0.0088624
0.0152888
0.0335802
0.0189628
0.00681637
0.000482992
0.0208665
0.00624423
0.00373089
0.00446211
0.0164394
0.0113337
0.00035229
0.00686216
0.00609908
0.00295584
0.00546179
0.0150267
0.0235162
0.00170093
0.00243652
0.00320117
0.0114102
0.00510356
0.00546676
0.00543686
0.0013283
0.00426238
0.00744597
0.0035189
0.00408506
0.00619434
0.00988634
0.0218875
0.00242863
0.0123773
0.00579641
0.00606736
0.00864369
0.00214945
0.00655512
0.00457441
0.00802946
0.0246726
0.00712855
0.00966584
0.0218403
0.030029
0.0111446
0.00243009
0.00914014
0.00270388
0.0225434
0.0153129
0.0274641
0.00426577
0.00509032
0.00625342
0.0043137
0.0181197
0.0025009
0.00737702
0.00578261
0.00594636
0.0137363
0.00226689
0.00368147
0.00298575
0.00255524
0.00306784
0.0119788
0.00154415
0.00386673
0.0204754
0.00320621
0.0347752
0.0028634
0.00470036
0.0376279
0.00971324
0.00174477
0.00657309
0.00270708
0.00736448
0.00512718
0.00279907
0.00558722
0.00286964
0.000499846
0.00819036
0.0367598
0.00429265
0.0302257
0.0141711
0.00714413
0.00657455
0.00296653
0.00602346
0.00460284
0.00673196
0.0164543
0.0139183
0.016651
0.0059807
0.00750691
0.0273785
0.008771
0.00125124
0.00990394
0.00544923
0.000985594
0.00606621
0.0026625
0.0054246
0.0480249
0.00527973
0.0410539
0.00699365
0.0205407
0.00422578
0.00326016
0.00372035
0.00833255
0.00542945
0.00423778
0.00878415
0.00510013
0.00837471
0.0331391
0.0102317
0.0259439
0.00483004
0.00807428
0.00380051
0.0048398
0.00530684
0.0056816
0.000673081
0.00737589
0.0130257
0.0027739
0.00322185
0.00813209
0.0029059
0.0162701
0.00769187
0.00677776
0.0212799
0.00960335
0.00242042
0.00663798
0.00124766
0.0256506
0.00782872
0.0165213
0.00598581
0.00317374
0.00701778
0.00746635
0.00353523
0.0115236
0.00922903
0.0194098
0.00378098
0.000858609
0.0128228
0.00398491
0.00474019
0.0383371
0.00440553
0.00476226
0.00114582
0.00280306
0.00173717
0.0115912
0.00313761
0.00718671
0.00243836
0.0452552
0.00371613
0.00568101
0.00260727
0.064599
0.0176236
0.00375427
0.012956
0.00803334
0.00886351
0.00103669
0.01569
0.000921599
0.00385781
0.0106776
0.00294722
0.00586082
0.00288593
0.0021121
0.00101826
0.0035652
0.0391867
0.00784283
0.00234104
0.0114636
0.00154598
0.023145
0.00296317
0.0101832
0.0107609
0.00973522
0.010051
0.0097455
0.00425744
0.0137331
0.00448952
0.0031622
0.00599435
0.00509114
0.0264827
0.00643586
0.0100758
0.00510757
0.00991972
0.00478304
0.00186125
0.00965867
0.00494555
0.0189736
0.00493216
0.00585897
0.0425594
0.00186776
0.0056104
0.0188876
0.00149803
0.00572219
0.00372868
0.00400872
0.00510736
0.00612723
0.00292748
0.00149909
0.00279631
0.00134163
0.0425591
0.00372383
0.00107484
0.0113641
0.00109067
0.0328228
0.00391022
0.0121685
0.00419089
0.0214097
0.00630483
0.0116029
0.0210264
0.00356932
0.00353596
0.00102278
0.0314631
0.00405366
0.0299601
0.0112493
0.00557326
0.00110321
0.00321648
0.0162381
0.00398288
0.0313994
0.00412472
0.00447936
0.00586773
0.00487317
0.0183214
0.0121619
0.00371171
0.00386229
0.00586247
0.0135868
0.00731614
0.0125971
0.0396453
0.0179388
0.00365367
0.0283317
0.000801545
0.00774562
0.00501128
0.00682569
0.000305513
0.00104211
0.000772617
0.00338051
0.00280545
0.00227442
0.014144
0.00586595
0.00536066
0.0116369
0.0111972
0.00322782
0.00734573
0.000674919
0.0139027
0.00193412
0.0233962
0.0194325
0.00494845
0.00591234
0.0224567
0.0065692
0.00363636
0.0109025
0.00206702
0.00681522
0.00219118
0.0179305
0.0597982
0.0150297
0.011998
0.0305011
0.000602148
0.0117204
0.00593612
0.00371468
0.0043428
0.00485234
0.00579293
0.0126675
0.0107796
0.00176407
0.0610655
0.00748592
0.00311824
0.015776
0.00623644
0.00449688
0.0225873
0.00403243
0.0180521
0.00469775
0.00171942
0.00511742
0.0154053
0.00350927
0.03018
0.0184604
0.0126262
0.00817011
0.00626601
0.00562311
0.0272061
0.0601339
0.00482431
0.00233308
0.0191981
0.00839719
0.00300824
0.00805241
0.0204014
0.00330089
0.0733294
0.00699955
0.00491485
0.00872677
0.000344005
0.00284376
0.00390986
0.0053608
0.00567373
0.00242017
0.00333443
0.0137798
0.0248286
0.0122117
0.00830782
0.0016566
0.00167589
0.0172459
0.02027
0.0139312
0.00761651
0.00525086
0.00127386
0.00293344
0.00221341
0.00281558
0.00783692
0.00189899
0.00113486
0.0014618
0.00585904
0.0108981
0.0104695
0.00486726
0.0135401
0.00126939
0.0281864
0.00624073
0.000882159
0.00941934
0.0061532
0.016487
0.0317089
0.00152378
0.000357634
0.00542229
0.0036388
0.000563576
0.0228364
0.00422376
0.00298119
0.00380657
0.0059463
0.00387305
0.00943812
0.00861677
0.00457969
0.00951748
0.00622729
0.0110222
0.00279607
0.0226222
0.00685855
0.0173123
0.00540591
0.00689606
0.0142303
0.000591109
0.00228988
0.00833667
0.0148073
0.0134627
0.00493408
0.0281182
0.0835346
0.00553061
0.0339536
0.00322075
0.00896155
0.0120858
0.00674379
0.0108527
0.00779863
0.0107296
0.0114991
0.000817412
0.0216424
0.00402306
0.087377
0.00586985
0.0604212
0.0255682
0.0047237
0.00699573
0.0164851
0.00659496
0.00945444
0.000766997
0.00427289
0.0101395
0.0120714
0.00111162
0.0145327
0.000373574
0.00290613
0.00146874
0.00535237
0.00324857
0.00130355
0.0075475
0.00497512
0.00702869
0.00577608
0.0156187
0.015766
0.0181292
0.00298792
0.00586215
0.00424996
0.0608716
0.00516379
0.0134022
0.00420771
0.0263252
0.0306929
0.00153393
0.0125925
0.000948427
0.0382616
0.0086758
0.0423217
0.0111324
0.0450088
0.0100847
0.00223186
0.0148398
0.0126712
0.00599163
0.137785
0.0182188
0.00171285
0.000936374
0.00330063
0.015614
0.00105347
0.00709114
0.00510464
0.00366829
0.0202877
0.00331463
0.00185984
0.00314572
0.00274792
0.011108
0.00132118
0.0118901
0.00246326
0.0096265
0.00178928
0.00729394
0.00495539
0.0257207
0.00444915
0.00664036
0.00321506
0.00346943
0.00391682
0.00274433
0.0164944
0.00545907
0.000409603
0.00857262
0.00569639
0.0240291
0.0255703
0.0114792
0.0114503
0.00700623
0.00301089
0.0279888
0.0034535
0.00242075
0.00979992
0.00285512
0.00851929
0.00888114
0.0116247
0.0870967
0.0165796
0.00423226
0.00134739
0.00279743
0.00307945
0.00134644
0.0038636
0.0242467
0.00349661
0.00902701
0.00548936
0.00349976
0.0219938
0.00350688
0.0113409
0.00889841
0.00860047
0.0568239
0.00393694
0.0175621
0.00725254
0.00188072
0.00603547
0.00549314
0.00113625
0.00476783
0.0382432
0.00419699
0.00728864
0.00208126
0.00558488
0.0134714
0.00260026
0.00761081
0.00257148
0.00329069
0.0388555
0.00830774
0.00606432
0.00806594
0.00434832
0.00525855
0.00654439
0.0028442
0.00548853
0.00373651
0.00247244
0.00119179
0.00630869
0.0159177
0.00410011
0.0491822
0.0111329
0.00747264
0.00607326
0.0121966
0.00866248
0.00204519
0.0104725
0.00703717
0.0128153
0.00078563
0.0031668
0.010567
0.00321
0.00660422
0.00175943
0.0114968
0.0138329
0.0341702
0.00402345
0.0378492
0.086167
0.012165
0.00440667
0.083894
0.00498124
0.00575194
0.00301287
0.0160065
0.0105905
0.0156013
0.00814541
0.0110919
0.00998876
0.00584159
0.100746
0.0190436
0.00401011
0.00190018
0.0070676
0.027765
0.0111779
0.0123233
0.0142621
0.0168477
0.00364544
0.0108372
0.00570988
0.00166965
0.00263381
0.0998159
0.0197183
0.0045728
0.00707558
0.0111484
0.0124627
0.00324759
0.00910742
0.00125347
0.0143782
0.00581494
0.00431312
0.0573014
0.00586877
0.00878576
0.00218447
0.00635441
0.00348942
0.000847274
0.00598591
0.00125834
0.0109287
0.00441644
0.00661638
0.0127442
0.00404745
0.0170447
0.00754103
0.00317457
0.00496532
0.0262613
0.00949104
0.0100722
0.00177383
0.00242817
0.00608317
0.00256596
0.0190907
0.0292409
0.00390807
0.0120236
0.00685447
0.0391925
0.0148291
0.00992998
0.00962274
0.00719892
0.00315917
0.00273234
0.00770524
0.0121462
0.00547584
0.0140764
0.0258826
0.00964347
0.000973823
0.00782132
0.0165777
0.0127747
0.011667
0.00452406
0.00705876
0.00522122
0.00443644
0.00801493
0.022013
0.0018699
0.0154045
0.0334521
0.00973733
0.00301683
0.0412899
0.00485614
0.00125877
0.00385319
0.00309317
0.0141341
0.0106844
0.00218857
0.00249175
0.0128732
0.00585348
0.00309013
0.00564167
0.0061661
0.0186708
0.00999139
0.0154972
0.0029594
0.00741967
0.00114597
0.01643
0.0063077
0.00405424
0.00218811
0.0179113
0.0354172
0.00387659
0.00354148
0.00105361
0.011826
0.00463063
0.00368389
0.00708882
0.00576536
0.00229415
0.00396313
0.00129662
0.00337073
0.00146858
0.00161527
0.0015371
0.000860254
0.0392027
0.00249401
0.0104102
0.0119229
0.000411027
0.00368185
0.00229697
0.000734666
0.019871
0.0260195
0.0366894
0.00326001
0.00254787
0.00630477
0.000179186
0.00638921
0.00366871
0.00264634
0.00163009
0.00426129
0.00575124
0.00603807
0.00735612
0.00231062
0.0393445
0.00212685
0.0275568
0.0354884
0.00226431
0.00410294
0.00480971
0.00332467
0.000248699
0.0110742
0.00115619
0.00375448
0.0141064
0.0220277
0.00341009
0.00359454
0.00190459
0.00216743
0.00546036
0.00741001
0.00259275
0.0029958
0.00040788
0.00229612
0.00196993
0.00268986
0.0062939
0.0400095
0.00991863
0.0472026
0.00264292
0.00717166
0.0291181
0.00193476
0.00948457
0.0137362
0.020916
0.00608483
0.0164209
0.00354621
0.00438085
0.00393827
0.0242644
0.00580686
0.00847253
0.0102181
0.0147617
0.00529886
0.00192954
0.00513604
0.00536505
0.00612161
0.0255486
0.00292934
0.0137531
0.0142513
0.0148261
0.0043595
0.00594379
0.00590275
0.00223106
0.0085387
0.00754671
0.0121396
0.00951428
0.00638489
0.00211909
0.0385769
0.00731365
0.00264022
0.0492107
0.0113093
0.01373
0.00419457
0.0209185
0.00680281
0.00500123
0.00200955
0.0036748
0.0093118
0.00882364
0.00830447
0.0160458
0.00396806
0.0122538
0.00669053
0.0015863
0.012598
0.00543382
0.0159492
0.00891851
0.000971652
0.0116604
0.00163947
0.00313766
0.0122095
0.00583046
0.00427702
0.00404672
0.00250193
0.0107264
0.0031296
0.00413755
0.0391906
0.00418463
0.00910962
0.0631944
0.0118971
0.0294202
0.00320775
0.00145442
0.00944324
0.00756882
0.00383597
0.00885664
0.00906006
0.00403886
0.0117043
0.00165602
0.00554958
0.00485271
0.00268905
0.0061943
0.00531042
0.000713399
0.0214406
0.0174546
0.0172352
0.0137179
0.00359862
0.00892444
0.00691226
0.00440613
0.0556382
0.0080989
0.00519912
0.00902422
0.0683468
0.00414179
0.0205209
0.00409543
0.0129018
0.000505524
0.0036561
0.00387211
0.00262518
0.0127004
0.00400358
0.00635921
0.00322501
0.0884587
0.00899092
0.0189662
0.0050185
0.0141507
0.000856864
0.00380218
0.00266947
0.00673258
0.00428987
0.00413453
0.00130733
0.00119836
0.00517852
0.0107708
0.00567948
0.00110296
0.00384773
0.0107607
0.0202126
0.0362394
0.00376715
0.00877105
0.000887606
0.0117643
0.012169
0.00101365
0.00947743
0.00562135
0.00135999
0.000944136
0.00356901
0.00403253
0.0149694
0.163717
0.020227
0.00864504
0.00281874
0.00737189
0.0432955
0.00521015
0.00830951
0.0228556
0.0215512
0.00275402
0.0029156
0.0036806
0.00171305
0.0101132
0.0209848
0.000974453
0.00694066
0.0119513
0.0066938
0.00165833
0.00516844
0.00929166
0.0254067
0.00570853
0.00217685
0.00103352
0.00259384
0.00209281
0.013568
0.00340291
0.012822
0.0017023
0.00963659
0.00729737
0.0640857
0.00512996
0.00569827
0.00266213
0.00847385
0.0104312
0.00655234
0.00246459
0.00114613
0.0073305
0.00275774
0.00694333
0.00129001
0.00777216
0.0724686
0.0100661
0.00197387
0.0428607
0.00297736
0.00111941
0.00718849
0.00224348
0.00208422
0.0175541
0.00541874
0.0126562
0.0063346
0.00368131
0.00938101
0.00379513
0.00763097
0.00610037
0.0141922
0.0058968
0.0064876
0.00459597
0.0268658
0.0056201
0.0133491
0.000644531
0.0371415
0.00616401
0.00916715
0.000601127
0.0055914
0.00494998
0.0365132
0.00185205
0.0248535
0.0244006
0.00364997
0.00803649
0.00243179
0.00355881
0.00288852
0.00593161
0.0079085
0.00679043
0.00316886
0.129103
0.0101454
0.0139044
0.00153879
0.00708756
0.00647343
0.00421926
0.00340597
0.00383779
0.0275432
0.00652255
0.0111579
0.0085849
0.00252826
0.00242708
0.00179788
0.00458749
0.00256885
0.0058585
0.0122315
0.0386435
0.0322201
0.00264662
0.00167468
0.00944206
0.0112786
0.00250854
0.00405163
0.00575787
0.00400927
0.0177002
0.00193946
0.00300943
0.0160267
0.017957
0.0153635
0.0123895
0.000254132
0.00192465
0.0211004
0.00838864
0.00837991
0.0111633
0.00524158
0.00640167
0.000986521
0.015051
0.00250032
0.000571592
0.0142387
0.0268231
0.00351906
0.0364627
0.00188674
0.0199896
0.00575624
0.0107085
0.00777675
0.0334738
0.00731042
0.00266655
0.00818679
0.00844542
0.0332205
0.00171372
0.000499715
0.00995588
0.00762128
0.00224082
0.00685365
0.0128407
0.00712843
0.0085137
0.0038468
0.00373567
0.00519967
0.00674599
0.00954598
0.00218324
0.00442289
0.0142323
0.0188177
0.00579567
0.0055281
0.00582238
0.00384254
0.00322227
0.000536133
0.00693399
0.00030435
0.00618053
0.00156148
0.0023367
0.00393859
0.0134059
0.0028873
0.0175616
0.00815701
0.00523017
0.00566373
0.00587215
0.00638484
0.00295808
0.00416907
0.00938141
0.00977191
0.00750829
0.00398858
0.0131338
0.00278406
0.00602191
0.0087929
0.00918308
0.00498394
0.00636899
0.00567999
0.0149834
0.00372744
0.00250507
0.00284065
0.00166663
0.00210279
0.00626601
0.00835693
0.00933662
0.00398044
0.000803727
0.00909388
0.00121859
0.00280425
0.00899285
0.00771964
0.00338185
0.0318247
0.0179839
0.00744032
0.000749898
0.0093678
0.0157586
0.00521571
0.00273611
0.00288109
0.00711466
0.00610131
0.00997441
0.00400562
0.00220922
0.00666826
0.0073148
0.0221871
0.00259405
0.00504444
0.00646964
0.00673199
0.0025422
0.0092933
0.00154158
0.00726311
0.00470788
0.00557946
0.00813428
0.0108693
0.017027
0.0683606
0.0175269
0.00234001
0.00955757
0.0040917
0.0119551
0.0157235
0.00900295
0.00383604
0.00124991
0.00430986
0.03286
0.00904463
0.00966895
0.000914371
0.000435749
0.00351337
0.00536438
0.00598845
0.00305708
0.0111835
0.0154186
0.00459018
0.0237431
0.0143205
0.00141849
0.0224146
0.00998674
0.00207673
0.0125676
0.00126457
0.000685684
0.0115437
0.00523301
0.000908216
0.00582483
0.00556604
0.00129034
0.0016954
0.0149834
0.0070489
0.0036707
0.0120297
0.00509141
0.0151786
0.0112507
0.00451856
0.00333458
0.00241271
0.0102294
0.0322317
0.00290121
0.00530659
0.00201349
0.0101311
0.0242411
0.00491383
0.0160133
0.00641523
0.00401276
0.00133735
0.0035868
0.00208505
0.00694439
0.00727279
0.0125566
0.00472502
0.00244342
0.0254984
0.010748
0.0156573
0.0146052
0.00434048
0.0376147
0.00884169
0.00383988
0.0543389
0.0125029
0.00932159
0.00500125
0.00279916
0.00158325
0.01009
0.0331765
0.0108089
0.0115016
0.00437373
0.00543428
0.0429427
0.00563871
0.00835791
0.0315955
0.00162534
0.000577461
0.00243642
0.00430209
0.00225485
0.0123521
0.00136385
0.00862827
0.00174375
0.00472276
0.0258764
0.0172911
0.00259736
0.00098442
0.0065258
0.0105835
0.0192095
0.0359911
0.0196414
0.00846722
0.0456058
0.00619623
0.00227875
0.00393629
0.00288729
0.00499669
0.00239085
0.00425241
0.00365395
0.00591902
0.0115463
0.00348294
0.22461
0.00583561
0.00362977
0.00818684
0.00994292
0.0100001
0.0157406
0.00730327
0.00425869
0.000584358
0.00364542
0.00254905
0.0115172
0.0217329
0.0167752
0.00877018
0.00322446
0.00891943
0.00470606
0.00521929
0.00314541
0.00643642
0.0191716
0.00802607
0.0163345
0.00797932
0.00245086
0.00799017
0.00379609
0.0153739
0.104259
0.0067769
0.00783133
0.00799633
0.00231814
0.00287981
0.0246309
0.0136893
0.00394944
0.00745139
0.00618308
0.00468378
0.00753303
0.00245046
0.00105688
0.00250318
0.00223221
0.00553988
0.00293114
0.00273213
0.00513808
0.00690146
0.033023
0.000563689
0.0182507
0.000689567
0.00337437
0.0184072
0.00361747
0.00661693
0.0163749
0.0580888
0.00932671
0.00343456
0.00508255
0.0401638
0.00635097
0.00393627
0.00604644
0.00158558
0.00630446
0.00285856
0.0020922
0.0076374
0.00849695
0.00717073
0.00189822
0.00481885
0.00925787
0.0125818
0.00281381
0.00325146
0.002025
0.0336169
0.0049875
0.00263952
0.00275727
0.00825085
0.00928872
0.0376202
0.0132551
0.00294588
0.00338883
0.00828687
0.00573158
0.000297632
0.00802159
0.0140442
0.00378895
0.00698358
0.0095309
0.0120368
0.00367941
0.00102371
0.00696456
0.00385163
0.01177
0.00267607
0.00284216
0.00176285
0.0262311
0.00252498
0.0171604
0.0182826
0.00245964
0.00520748
0.0144996
0.000910617
0.00635938
0.0146256
0.00490047
0.0140963
0.00842614
0.016052
0.00406395
0.00552269
0.0352274
0.00397367
0.00566242
0.00821947
0.00594146
0.0286976
0.00688992
0.0150697
0.0115375
0.0278241
0.0046097
0.000919997
0.00979552
0.00559184
0.0201185
0.00660231
0.000640112
0.0206274
0.00103787
0.00867506
0.00310323
0.011242
0.051871
0.01449
0.0218431
0.00527975
0.00265788
0.00637095
0.0125849
0.00100436
0.00484875
0.00399749
0.00279202
0.00185737
0.00829891
0.0047475
0.00186856
0.00271505
0.000932222
0.0108671
0.015177
0.00585267
0.00517369
0.0138927
0.0161661
0.00643557
0.00359668
0.0149367
0.00635121
0.00323188
0.00385535
0.000892445
0.0122621
0.00508687
0.00340224
0.00290355
0.00401589
0.00225243
0.0053885
0.0182164
0.00715517
0.00961501
0.0022327
0.00118797
0.00295113
0.0182477
0.00363542
0.0138854
0.00117362
0.0144572
0.0291102
0.00496354
0.00730452
0.000941268
0.00529671
0.0436814
0.00546306
0.00524053
0.00391401
0.00365169
0.00130458
0.00104898
0.00702354
0.00426165
0.00258585
0.00531155
0.00182018
0.0102702
0.0103401
0.00416965
0.0127238
0.00700792
0.00770392
0.0108209
0.00445944
0.00357464
0.00394754
0.00821887
0.0058751
0.00928693
0.0105288
0.00364723
0.0219662
0.0187844
0.0058736
0.00857548
0.0122271
0.00336937
0.00179572
0.00684676
0.00353535
0.00131835
0.0579783
0.000725089
0.00693828
0.00367647
0.00327258
0.00939077
0.0046255
0.022694
0.00267798
0.0071324
0.00269086
0.00760648
0.00560994
0.00911916
0.0199082
0.00336221
0.00813049
0.0187886
0.00799925
0.00852355
0.00201474
0.00100722
0.00979519
0.00240039
0.00042519
0.0203669
0.00468531
0.004449
0.00228961
0.00978654
0.00867907
0.000797391
0.00612215
0.0399339
0.0169115
0.00544871
0.00135521
0.00953654
0.00300169
0.00411411
0.00153419
0.00351319
0.0175235
0.00408692
0.0011012
0.00496214
0.0221184
0.011111
0.000575001
0.00171846
0.00384304
0.00558886
0.0230197
0.00537627
0.00814118
0.00726641
0.00306786
0.0044764
0.00285402
0.00805875
0.0059747
0.00520815
0.00799883
0.0178746
0.00889709
0.00750738
0.0270786
0.00123102
0.00993642
0.00404934
0.00148694
0.00284761
0.00125282
0.0012044
0.00586148
0.00157938
0.00685895
0.0532015
0.00403206
0.0141455
0.0057173
0.00159196
0.00085595
0.00134416
0.0047875
0.0145833
0.0080517
0.00406591
0.0218233
0.00483834
0.0205154
0.0131648
0.000788721
0.00147628
0.00389999
0.00850597
0.010142
0.00900579
0.00303099
0.0157064
0.00783983
0.00669273
0.0259577
0.00775735
0.00411366
0.0014787
0.0132549
0.00342724
0.0012455
0.00262812
0.00406362
0.00862387
0.0132061
0.0243973
0.00311217
0.0065872
0.00971972
0.0254201
0.000497923
0.00421719
0.0129712
0.00458711
0.00487203
0.073254
0.00740305
0.00730562
0.00722819
0.00857918
0.00526874
0.0332191
0.00542741
0.0189506
0.0021797
0.00953023
0.0075003
0.00247085
0.0129741
0.0268685
0.00136882
0.0212141
0.00514534
0.00982467
0.00463042
0.00350058
0.00239013
0.0163757
0.0233971
0.00724
0.00535871
0.00631002
0.004487
0.00138615
0.0143835
0.000974347
0.00686717
0.000151948
0.00116582
0.00282935
0.00422563
0.00424495
0.00493835
0.017154
0.000767776
0.00069178
0.00442145
0.00125133
0.0166877
0.0119604
0.0159605
0.05143
0.0122865
0.0162831
0.00113409
0.00679296
0.00176289
0.040295
0.006302
0.00728104
0.00540228
0.00659738
0.00120456
0.0148304
0.00114952
0.00901542
0.01231
0.00335588
0.00513202
0.00241935
0.0139666
0.00571064
0.010651
0.0745127
0.00350729
0.00129641
0.00245151
0.00310757
0.00972283
0.00569198
0.00235317
0.00191946
0.0178259
0.0100351
0.00703505
0.00131672
0.00216547
0.0545316
0.0113443
0.0253099
0.00138931
0.0156104
0.0112493
0.00140301
0.00223656
0.00166312
0.00594775
0.0122459
0.00313416
0.0084138
0.00300697
0.00519486
0.00177213
0.00258198
0.0126275
0.0147985
0.0489323
0.0221866
0.00167866
0.0388774
0.00600434
0.00211599
0.00591943
0.0197182
0.0290216
0.00940858
0.00673592
0.00357499
0.00206779
0.0177856
0.00377739
0.00625668
0.0372859
0.00336726
0.0311363
0.00524552
0.00220741
0.00576167
0.0134477
0.0133687
0.0068245
0.00154032
0.0173414
0.0233301
0.00159566
0.0312216
0.0284966
0.00583308
0.00141483
0.0578125
0.00494415
0.00283898
0.0121449
0.0269309
0.101903
0.0152206
0.00329272
0.0385527
0.00909599
0.0963086
0.0177235
0.00269171
0.00149573
0.000701718
0.0146546
0.00458485
0.00470381
0.0165185
0.0024331
0.00481041
0.00416278
0.00305869
0.00169701
0.00056288
0.00777262
0.000270314
0.00970599
0.00609343
0.00623315
0.00260247
0.0151461
0.00568885
0.0167147
0.0250096
0.00363899
0.006298
0.00475327
0.052501
0.0030701
0.00512022
0.00373034
0.0121186
0.00613617
0.00242713
0.00198049
0.00438975
0.0180004
0.00645409
0.00587412
0.00198037
0.0107614
0.00551712
0.0147495
0.012263
0.0125081
0.0075706
0.00204383
0.00440748
0.0221273
0.0174461
0.00409039
0.00911519
0.00358315
0.00363993
0.00712084
0.0117285
0.00403146
0.00450986
0.0694218
0.00445919
0.00900158
0.0026627
0.0197902
0.0029174
0.0021612
0.000745291
0.000837854
0.000446828
0.00317627
0.0204066
0.00176838
0.00445568
0.0106875
0.00680173
0.0133971
0.048596
0.00312761
0.000865156
0.00564244
0.00345779
0.00563831
0.00235366
0.00930734
0.0773266
0.024811
0.00183982
0.0327183
0.0208732
0.00872751
0.0016035
0.00969575
0.0160733
0.0210845
0.00259795
0.0331948
0.0210915
0.015185
0.00974552
0.00378762
0.00650444
0.0110229
0.00432365
0.00521933
0.0260532
0.000976288
0.00386522
0.00784938
0.00644099
0.00117654
0.00217151
0.0177786
0.00130451
0.00392409
0.0152983
0.00114854
0.00768501
0.00482066
0.00304804
0.00477286
0.00281826
0.00142611
0.0481166
0.00838992
0.00247243
0.0161062
0.0273966
0.00678053
0.00824187
0.015339
0.0104238
0.00137208
0.000191356
0.0116572
0.0186151
0.0119002
0.0453219
0.00932391
0.00290555
0.0181885
0.00754492
0.0062081
0.0119879
0.00463618
0.0249156
0.00176322
0.00906086
0.00699759
0.0534932
0.00319644
0.000836951
0.00439643
0.0124371
0.00186715
0.0117659
0.0146754
0.00327318
0.0223515
0.00981893
0.00473197
0.00220401
0.00123808
0.00425782
0.00375815
0.00777934
0.0185668
0.00293227
0.0123857
0.0214188
0.00127429
0.00145929
0.000978481
0.0284333
0.0158419
0.00482916
0.00266408
0.00698763
0.00878322
0.0209461
0.0400307
0.00202945
0.0052848
0.00412777
0.00340923
0.0123941
0.00784144
0.00677765
0.019091
0.014097
0.00778432
0.00493955
0.00420801
0.00406975
0.00509871
0.00708413
0.0120644
0.00283006
0.000947347
0.00980481
0.00690656
0.00352278
0.0239623
0.00249284
0.0255424
0.00398376
0.00633904
0.00657251
0.00186545
0.0232907
0.00130865
0.00105226
0.0175937
0.00758822
0.00388627
0.0101435
0.0232934
0.00400912
0.00221059
0.000428051
0.0012685
0.00719879
0.00236653
0.00353858
0.0164433
0.00345516
0.0101662
0.00438832
0.00392664
0.00710361
0.0192153
0.00132766
0.00694041
0.00122203
0.00369218
0.00334385
0.00254575
0.00163419
0.00266267
0.0074928
0.00208959
0.00416965
0.00462876
0.00454979
0.0109479
0.0552926
0.0128048
0.0271139
0.00189899
0.00846858
0.0197483
0.00342512
0.00782807
0.00387226
0.00320745
0.004443
0.00735109
0.0329049
0.00138951
0.00062574
0.000737971
0.00235498
0.00150562
0.00346547
0.0128831
0.0119686
0.00378976
0.00387464
0.0412721
0.00272248
0.0237341
0.023213
0.0735395
0.00942286
0.00610905
0.00336341
0.0129514
0.0181131
0.00486084
0.00551241
0.00423156
0.00108904
0.0165146
0.00326469
0.00325974
0.00432335
0.00298632
0.0148457
0.0128601
0.00449998
0.0123069
0.00697213
0.0095002
0.00479951
0.000508404
0.00350228
0.00123067
0.00655307
0.00109335
0.00212527
0.00728342
0.00107915
0.00610949
0.00447873
0.00761868
0.00124404
0.00239315
0.000825637
0.0160171
0.0017275
0.0632738
0.0347472
0.00251555
0.0338743
0.0037835
0.00455368
0.0124715
0.0221797
0.00382505
0.00881276
0.00496996
0.00495309
0.00817789
0.00305239
0.0049384
0.00251658
0.00697881
0.00356596
0.0334159
0.00741433
0.000962019
0.0183147
0.0508997
0.00148848
0.00169432
0.0017007
0.00957041
0.00655282
0.0491679
0.00629429
0.0852351
0.0307275
0.00147965
0.00393441
0.00184671
0.00188971
0.0162305
0.00269164
0.0185327
0.00145001
0.00149529
0.0142199
0.0115418
0.00371498
0.00321181
0.0290631
0.0140588
0.000585894
0.017555
0.00392809
0.0023339
0.00238024
0.00616952
0.0118543
0.0139839
0.00233889
0.0388716
0.00263655
0.0152538
0.0408465
0.000730354
0.00270366
0.0118755
0.0120315
0.00253515
0.00137545
0.000898742
0.00448359
0.0356018
0.00590419
0.0104802
0.00639963
0.0312263
0.0128856
0.00666944
0.0170533
0.00280235
0.00423257
0.00966012
0.0052183
0.00493981
0.0259157
0.00462875
0.00402382
0.00494204
0.00845603
0.00346537
0.0280652
0.00478165
0.0151531
0.0015635
0.00705807
0.00760357
0.00235052
0.00641901
0.0141318
0.0101042
0.00403903
0.0660044
0.00936808
0.00255868
0.00500415
0.000539506
0.0112319
0.00805779
0.00151446
0.0040936
0.00495386
0.00900098
0.0151129
0.00216406
0.00728462
0.0110201
0.00546164
0.0335241
0.0030614
0.00342025
0.00553878
0.0112779
0.00119259
0.0135004
0.00927751
0.00293296
0.00394371
0.0155692
0.00298966
0.00553091
0.00383198
0.00536403
0.0246057
0.0167306
0.00581095
0.00668013
0.0178019
0.00633976
0.00566417
0.00599661
0.00722035
0.00711599
0.0299733
0.0107219
0.0202067
0.00350889
0.0125602
0.0252465
0.00454843
0.00041453
0.00909865
0.0094699
0.01213
0.00141892
0.00557453
0.013365
0.00209136
0.000340696
0.0151662
0.00381303
0.00387981
0.0403155
0.00418072
0.00927149
0.0686614
0.0598443
0.0347262
0.0231846
0.00670902
0.000994366
0.0130379
0.00935072
0.00359539
0.00331191
0.00430651
0.0144695
0.0060069
0.00605644
0.0101991
0.00322462
0.00165358
0.00729982
0.00567645
0.00528678
0.000810652
0.0113149
0.00956722
0.0016086
0.0173604
0.00221455
0.00222307
0.0135675
0.0624564
0.0296264
0.00376948
0.00894255
0.00956582
0.00351577
0.0103528
0.0122241
0.0037519
0.00877859
0.0119757
0.000340048
0.014819
0.00116164
0.0114758
0.00806117
0.00243793
0.00481458
0.00360736
0.0107211
0.0154175
0.00255055
0.00676682
0.00276095
0.00162235
0.0111161
0.0123214
0.00518885
0.020017
0.00493625
0.0511146
0.0418128
0.0164186
0.0239077
0.00536169
0.00190793
0.00334355
0.00536716
0.0105916
0.00407218
0.00164366
0.00475788
0.00590419
0.00325543
0.00702549
0.000860525
0.00313365
0.00244318
0.0016042
0.00442116
0.0122973
0.00313499
0.040353
0.0136251
0.0181245
0.0034839
0.00386825
0.00780957
0.00247312
0.0330614
0.00672956
0.0044826
0.00720206
0.00399448
0.0392705
0.00831986
0.00961916
0.0149455
0.000335279
0.0215164
0.0165569
0.0139307
0.00917147
0.00284279
0.00287469
0.0577887
0.000567675
0.0111907
0.002935
0.00731516
0.0419537
0.00395675
0.00235136
0.00911591
0.004344
0.0205353
0.0167537
0.00233194
0.00622681
0.00573008
0.0229159
0.0386059
0.0083004
0.010159
0.00921042
0.0183731
0.00558723
0.0318114
0.0118948
0.00387602
0.057049
0.00950482
0.00649585
0.00161423
0.00115963
0.00305559
0.00153984
0.0115682
0.00240903
0.00541556
0.00536017
0.00856687
0.0125888
0.0109773
0.00456196
0.00338942
0.00186579
0.00343922
0.00338376
0.00600451
0.0363192
0.0159388
0.00131209
0.00817721
0.00984218
0.00331382
0.00605642
0.0139525
0.0218789
0.00609342
0.00601723
0.00268149
0.0037013
0.00156434
0.0103389
0.00206651
0.00410515
0.00119266
0.00259075
0.00434795
0.00434029
0.008479
0.00452456
0.00682155
0.0203309
0.00467406
0.00363915
0.0266204
0.0593236
0.00396461
0.00246033
0.0142058
0.0328701
0.00344823
0.0121876
0.00380757
0.0203667
0.00598733
0.00377923
0.00747313
0.0023872
0.006457
0.0391312
0.00422318
0.0134205
0.00494005
0.00251513
0.0129576
0.00658077
0.00555052
0.00175341
0.0384331
0.0546398
0.00869677
0.0254035
0.014072
0.00133703
0.00641168
0.0052164
0.00291436
0.0081231
0.00523807
0.00191659
0.00665338
0.0040767
0.00883112
0.0105835
0.002583
0.00155526
0.00226666
0.00719244
0.00268358
0.00808085
0.0124247
0.012971
0.00177609
0.013261
0.00292749
0.00354146
0.00449436
0.0237979
0.012101
0.00439659
0.00307807
0.00146258
0.00471871
0.012862
0.00119503
0.006855
0.00308829
0.00376336
0.0117641
0.00395934
0.0108464
0.00688129
0.012324
0.0151284
0.000371026
0.00534152
0.00699541
0.0140284
0.00136016
0.0060262
0.0223655
0.00705739
0.00452389
0.00284542
0.00350713
0.00760096
0.000640045
0.00652407
0.0389237
0.00303352
0.00237513
0.00393535
0.00109059
0.00357127
0.00176843
0.0204251
0.00345692
0.00109193
0.0149441
0.0285408
0.0109705
0.0124178
0.00628109
0.00467632
0.0059859
0.000717429
0.0088529
0.0068746
0.00164631
0.00260265
0.00117266
0.0417688
0.00127153
0.000457738
0.00495234
0.0420534
0.00363987
0.0076627
0.0424558
0.000905341
0.0203886
0.0029244
0.00377278
0.00137153
0.0140034
0.00333431
0.0212327
0.00387046
0.000907934
0.0147078
0.00753894
0.00121664
0.0302672
0.00868667
0.0025694
0.00131442
0.0040225
0.00183306
0.00991007
0.00993967
0.00730728
0.0089016
0.00297074
0.000667506
0.0060383
0.00496594
0.00802519
0.0115919
0.0129223
0.00977514
0.00413674
0.00358714
0.00361332
0.00355268
0.00439072
0.0100065
0.00342508
0.0072414
0.0011582
0.00437336
0.0126367
0.0255926
0.00457475
0.00634118
0.0108528
0.0199895
0.0109132
0.00299556
0.00355766
0.00636707
0.0142761
0.00292022
0.00536081
0.00877179
0.00347665
0.012181
0.000604944
0.00672723
0.00131461
0.012918
0.00132568
0.00325545
0.00530254
0.0181138
0.00466653
0.00280142
0.0345262
0.00423314
0.0270824
0.00691475
0.00234244
0.0320828
0.00229158
0.021872
0.00341266
0.00345356
0.00464839
0.0219631
0.000268846
0.00454775
0.00856278
0.0245532
0.0123585
0.0113243
0.0248926
0.0104923
0.00459294
0.000925133
0.0146369
0.00437867
0.00452402
0.0161424
0.0172367
0.00542402
0.00140194
0.0251025
0.00909387
0.00249546
0.00383049
0.00895129
0.002289
0.0177248
0.0216842
0.00394639
0.00583643
0.00361893
0.0150733
0.00967518
0.00104415
0.00262431
0.00396427
0.00574842
0.00679095
0.0182659
0.0122284
0.0155087
0.013954
0.0142484
0.0138162
0.00320237
0.0148589
0.00416286
0.00382502
0.00584405
0.00291139
0.00322661
0.00622252
0.00944502
0.00942518
0.0033518
0.00753913
0.00955849
0.00146767
0.00264981
0.00344268
0.026804
0.00458219
0.00376573
0.00723916
0.0130203
0.018215
0.00477767
0.00211869
0.0108833
0.00220783
0.00720075
0.0154395
0.00753012
0.0209665
0.00842791
0.00324523
0.00229675
0.00323072
0.00242693
0.00240426
0.00379496
0.00582637
0.00437686
0.221305
0.00400841
0.0112197
0.00805223
0.013104
0.00167246
0.00203268
0.00807279
0.0106476
0.013292
0.000803975
0.00180191
0.00268611
0.00790232
0.00208538
0.129776
0.00590605
0.0148268
0.00302633
0.0208775
0.000843199
0.019484
0.0513012
0.00125512
0.021576
0.0296501
0.00652426
0.00226383
0.00562109
0.00569247
0.00853095
0.0228563
0.00600481
0.00675511
0.000820224
0.00269419
0.001223
0.0037137
0.0048644
0.00410758
0.00314565
0.00656737
0.000684622
0.00904997
0.00554231
0.00236772
0.00566226
0.00783872
0.00599612
0.00632241
0.00756723
0.00239769
0.0149607
0.00374707
0.00328111
0.000160547
0.00255149
0.0336502
0.00263093
0.0159025
0.00136443
0.00159797
0.00525711
0.00281273
0.00202281
0.0133211
0.00629449
0.00102722
0.0122845
0.00605711
0.00957465
0.00851351
0.00172936
0.0280616
0.00546451
0.00768133
0.00264575
0.00236492
0.0177263
0.0181959
0.000434763
0.00257451
0.00117148
0.00577724
0.00272763
0.0122141
0.0043745
0.0372593
0.00814015
0.0044027
0.000743732
0.00221711
0.000717641
0.00465688
0.00132656
0.0336052
0.0102022
0.00122963
0.0117054
0.00499784
0.00263218
0.0357754
0.00699994
0.00678452
0.00731977
0.00906533
0.00346157
0.00733357
0.00335981
0.0274896
0.00768639
0.00319651
0.000791117
0.0557193
0.00382562
0.0485636
0.00602326
0.00342773
0.00162942
0.0682922
0.00167921
0.0425691
0.00690529
0.00792038
0.0024264
0.00492333
0.0103413
0.0020366
0.044882
0.00342031
0.00221451
0.0148625
0.0116817
0.0154543
0.00208278
0.00113485
0.00444875
0.00664086
0.00916394
0.00214397
0.00847334
0.0111769
0.014972
0.0054085
0.0153266
0.00582994
0.00474969
0.00486808
0.00957235
0.00265425
0.00294309
0.00434384
0.00369202
0.0088552
0.00792342
0.00548094
0.00142393
0.0014817
0.000679347
0.00759095
0.00265303
0.00167311
0.0067363
0.00227632
0.00913368
0.0088078
0.00446814
0.00133466
0.0187199
0.00545498
0.0550325
0.0298778
0.00123225
0.00182795
0.00618119
0.00323169
0.00172842
0.00468817
0.00384799
0.0151029
0.00743463
0.00689606
0.00475167
0.000442148
0.0101914
0.00580121
0.0398466
0.00495086
0.00954475
0.0036819
0.00522029
0.00299431
0.0123112
0.00828496
0.132057
0.0681149
0.0278106
0.00159297
0.0240543
0.0151997
0.00299975
0.0313477
0.00304616
0.00414871
0.0137341
0.0146879
0.00539157
0.0105044
0.00683862
0.00568461
0.00408429
0.0100667
0.00489347
0.00938738
0.00190652
0.00496067
0.00394349
0.00611922
0.0385076
0.00819074
0.00148093
0.00284499
0.0407957
0.00107252
0.00123612
0.0134716
0.00827324
0.0596902
0.00203127
0.0109765
0.00969202
0.00566408
0.00741318
0.00317118
0.0110817
0.02332
0.0181683
0.0130038
0.00358702
0.00342636
0.00577796
0.00845548
0.0403379
0.00760499
0.00561098
0.00285771
0.00569999
0.0044603
0.00373278
0.00988124
0.0024423
0.00450858
0.00720934
0.000519969
0.00315537
0.00430852
0.0179821
0.00363114
0.0104435
0.00321576
0.0046932
0.00598323
0.00568124
0.00695265
0.010929
0.000979377
0.0190976
0.00462265
0.00326839
0.0072289
0.0160086
0.00648523
0.000572178
0.00514562
0.0012036
0.0162286
0.00876462
0.0118948
0.00223767
0.0065768
0.00690133
0.0463965
0.00811116
0.0212529
0.0247198
0.00072176
0.00612876
0.00271381
0.00829787
0.00336895
0.00868124
0.0175301
0.00156949
0.0113152
0.00984429
0.00190995
0.00644065
0.0426069
0.00214525
0.00510934
0.0022944
0.0104322
0.00131128
0.00129746
0.00834445
0.00127499
0.00770933
0.0164661
0.0232322
0.00178154
0.00992549
0.0134707
0.0148018
0.00561641
0.00518519
0.00138325
0.00721579
0.0718274
0.000408411
0.0126868
0.00649992
0.00408336
0.00617439
0.00280461
0.00769461
0.0240887
0.0464996
0.0163161
0.00210892
0.00301555
0.0270787
0.0212147
0.0173157
0.00263549
0.0200849
0.0076348
0.0150291
0.00572137
0.00349121
0.00885027
0.0270549
0.00370139
0.00687506
0.000982506
0.00510706
0.0306443
0.02349
0.00769173
0.0211616
0.00388614
0.00714598
0.00667998
0.0133106
0.0270767
0.014243
0.00622237
0.0135486
0.00199673
0.0182884
0.0110477
0.00727734
0.0277517
0.0318932
0.0130079
0.00598649
0.023938
0.00170076
0.00136263
0.0182341
0.00512118
0.0168368
0.00301871
0.00216576
0.00429793
0.0121666
0.0911363
0.000172258
0.00595235
0.0118809
0.0101743
0.0156512
0.00117338
0.00341831
0.00101052
0.0170411
0.00362364
0.031915
0.037469
0.00295156
0.0167407
0.00180489
0.0325005
0.00303476
0.00896612
0.000913622
0.0244524
0.0268569
0.0043637
0.00754846
0.0174677
0.00508249
0.00145072
0.00687181
0.0507272
0.00365392
0.00558561
0.00676268
0.00148006
0.0059259
0.00132155
0.0244869
0.00355923
0.00363543
0.0348108
0.00478421
0.00960329
0.000499025
0.00316114
0.00664675
0.00251909
0.00125173
0.00115335
0.0046837
0.00284206
0.00294799
0.018459
0.00734213
0.00377153
0.00507791
0.00553262
0.0017929
0.00333039
0.00551041
0.00463593
0.00667746
0.0232432
0.0082641
0.00967103
0.001085
0.0434708
0.00089828
0.00817542
0.00558275
0.0015509
0.00454903
0.00311176
0.00709836
0.00236133
0.00452784
0.0137015
0.00118568
0.00735119
0.00314136
0.000206102
0.0121738
0.000822379
0.018224
0.00733636
0.000661729
0.000808415
0.0141952
0.00154393
0.00280552
0.00175767
0.00554122
0.00472381
0.0551211
0.00788834
0.00478752
0.0324148
0.00383375
0.0121826
0.0102918
0.00259038
0.0182663
0.00545999
0.000158593
0.000738044
0.0220822
0.00366769
0.00118106
0.0079145
0.00765153
0.00614266
0.00515488
0.00690585
0.0424921
0.00689584
0.00662021
0.00219208
0.00197583
0.0182611
0.00415139
0.0225172
0.0154162
0.0117872
0.0406644
0.0194953
0.00129047
0.0122115
0.0131251
0.0104109
0.0393965
0.00972281
0.00797273
0.0130774
0.0315171
0.00372781
0.00209034
0.0102455
0.0151463
0.0166579
0.00377267
0.00212584
0.00684682
0.00722282
0.00214095
0.00131586
0.00217802
0.0114045
0.00129115
0.0127263
0.0168864
0.00538162
0.00744362
0.0249888
0.00387435
0.00189078
0.00251982
0.0106412
0.0119064
0.00641898
0.00371203
0.00187599
0.00253002
0.0124001
0.00612669
0.00916592
0.0114756
0.00549728
0.0202248
0.000768262
0.0077841
0.00549065
0.0203936
0.00270985
0.00215431
0.00205794
0.0233898
0.0031856
0.0147301
0.00229959
0.0218781
0.00829847
0.00982408
0.00592628
0.0100361
0.00506392
0.00652814
0.00521049
0.00748533
0.00129128
0.0113992
0.0593325
0.00720017
0.00827685
0.00661123
0.00319605
0.0107945
0.00992242
0.00698373
0.0079583
0.00942882
0.0113678
0.0271273
0.00140131
0.0383301
0.00189636
0.00723976
0.00864135
0.0023074
0.074496
0.00931692
0.0131768
0.00232711
0.0602222
0.00388437
0.00132136
0.00690356
0.0608579
0.00602091
0.00424467
0.0283882
0.00261378
0.00364375
0.00652886
0.0108672
0.00771449
0.0132048
0.009874
0.0199403
0.00101293
0.0176394
0.000745903
0.00413538
0.00599527
0.00311656
0.00393743
0.00393934
0.0130323
0.00562673
0.0113592
0.0313861
0.00103611
0.0152407
0.0110604
0.00357031
0.00154788
0.0231607
0.0110809
0.00637875
0.000702276
0.0208376
0.00678063
0.00369816
0.0118156
0.0181109
0.0127741
0.00476707
0.00627286
0.0111486
0.0037455
0.000785616
0.00263277
0.00865175
0.00159395
0.0163516
0.0109808
0.00499137
0.00614445
0.0042079
0.00767947
0.00707872
0.00299856
0.00905056
0.0111918
0.00331185
0.00101872
0.0114174
0.00643585
0.029284
0.00131033
0.00263349
0.00138238
0.0158637
0.00394646
0.0116295
0.00248686
0.0254134
0.00920817
0.0166579
0.00564044
0.00411398
0.0260508
0.00788195
0.0093251
0.0180091
0.00314641
0.026088
0.0173625
0.00538193
0.00476283
0.00418165
0.000371487
0.00250453
0.0276797
0.00314242
0.00124858
0.00288851
0.00134276
0.00600383
0.0133514
0.00736801
0.00796116
0.00455802
0.0152264
0.00157487
0.00349119
0.0430053
0.00434079
0.00182522
0.0127549
0.00313107
0.00228735
0.0244961
0.00348958
0.00602794
0.00538135
0.000186602
0.0178566
0.00444505
0.00187099
0.0214484
0.0126459
0.0441516
0.01563
0.00792958
0.00178872
0.00554043
0.00353151
0.0517868
0.00187113
0.00304026
0.00960067
0.0212227
0.0114972
0.00962468
0.00166514
0.00452914
0.00265575
0.00159231
0.0029212
0.00520207
0.00275848
0.0110081
0.00670965
0.00684345
0.00806403
0.0339547
0.393848
0.00459833
0.0136294
0.00600771
0.00687082
0.00583064
0.00309765
0.0395423
0.00758917
0.00185303
0.00467618
0.0117438
0.0022325
0.00656656
0.00618253
0.00846909
0.0163908
0.00958271
0.00960949
0.00609625
0.0210703
0.00524802
0.00320627
0.0516651
0.00698708
0.00411869
0.0144064
0.00420975
0.00519425
0.00480604
0.00547611
0.0151608
0.0128851
0.0164987
0.0221655
0.0146153
0.00547867
0.00590499
0.0128464
0.00797214
0.00917634
0.000574234
0.00152357
0.00859446
0.00486747
0.00475877
0.00145472
0.00623889
0.00221443
0.0208374
0.00674701
0.00461241
0.0057995
0.0173493
0.00934953
0.0054556
0.00769287
0.00121392
0.00681378
0.00708506
0.0424007
0.0127925
0.0041486
0.00575349
0.0313162
0.00269948
0.00335562
0.00284889
0.0085698
0.0108204
0.00518273
0.0152595
0.00319177
0.00571081
0.0192895
0.00189785
0.0153754
0.000787482
0.0217506
0.0103605
0.00542785
0.0185693
0.00883564
0.0119888
0.00215603
0.00646405
0.0590682
0.0167406
0.00916447
0.00511771
0.0175419
0.0136057
0.00839565
0.00449585
0.00181626
0.0016245
0.0298375
0.000735467
0.00437229
0.0039466
0.0134318
0.0073761
0.00541298
0.00632017
0.000766652
0.0803514
0.00512914
0.00127464
0.00244772
0.00344365
0.0071303
0.00420321
0.00524675
0.00462427
0.011301
0.00463994
0.00347564
0.00222844
0.00551868
0.00235351
0.000323859
0.006106
0.00198194
0.00233808
0.00547775
0.0017839
0.00467457
0.00252417
0.0160409
0.0208451
0.00687465
0.0112523
0.0112879
0.00675365
0.046901
0.00426476
0.00553513
0.00328894
0.00357286
0.00164918
0.0185279
0.0289873
0.0258369
0.0341639
0.00292709
0.00498616
0.00874119
0.000765034
0.01096
0.00494237
0.00690269
0.00617432
0.00909427
0.00352466
0.0113249
0.00408222
0.00492107
0.000200682
0.0181253
0.0031968
0.0067343
0.0188242
0.0035002
0.00779696
0.00486333
0.0432179
0.00821656
0.00111939
0.00696277
0.00726149
0.00928981
0.00281279
0.00172235
0.0196713
0.0256536
0.00462645
0.000682308
0.00159267
0.00152173
0.00315304
0.045054
0.00101537
0.00645191
0.00213827
0.00458502
0.00747915
0.00637824
0.00156287
0.00525588
0.00232228
0.00527136
0.022576
0.00427345
0.00277951
0.00941554
0.018834
0.0155384
0.00544885
0.0579902
0.00226002
0.00141413
0.0095949
0.00583825
0.0046246
0.0112113
0.0122154
0.00877265
0.0121908
0.0163902
0.00481959
0.00650579
0.00535365
0.00352081
0.00386326
0.000850046
0.0111828
0.0056646
0.00598376
0.00601818
0.00157938
0.0149856
0.00595799
0.00557831
0.00388704
0.00616623
0.00585554
0.00305091
0.00496349
0.00130604
0.00707929
0.0033847
0.0434653
0.0053349
0.00489162
0.0206983
0.00582295
0.0115465
0.0062986
0.013613
0.00307824
0.000737447
0.00149134
0.0014183
0.0185206
0.00310161
0.00691135
0.00124783
0.0563013
0.00131389
0.00277817
0.0081955
0.0171012
0.00454306
0.0012499
0.00184905
0.020832
0.00440569
0.00356913
0.0155474
0.00131748
0.0006512
0.0142568
0.0111593
0.010534
0.00551559
0.0128184
0.000583607
0.00932601
0.0122487
0.0090608
0.0111433
0.0190771
0.00361398
0.00458634
0.000754347
0.00376068
0.0047868
0.00510774
0.00378432
0.00151809
0.01534
0.00424843
0.000556993
0.00467592
0.00248447
0.00632475
0.045096
0.00183426
0.00444772
0.00161045
0.00283386
0.00803728
0.00381519
0.00372476
0.00110812
0.00583181
0.0115778
0.00254884
0.00405757
0.00197563
0.00853905
0.00599744
0.00730165
0.0123947
0.00675725
0.015379
0.00538884
0.00577491
0.0020551
0.0144872
0.0135503
0.0175395
0.00314922
0.0104081
0.000684692
0.00720573
0.00311185
0.032516
0.00583933
0.00331865
0.0212888
0.00675992
0.0011429
0.00857254
0.0106802
0.00240821
0.00784787
0.0373436
0.00325691
0.00319077
0.0203721
0.0114871
0.0137323
0.00545246
0.00862516
0.0395712
0.00747048
0.0047874
0.00748474
0.03362
0.0079225
0.0064909
0.00249035
0.0186351
0.00706516
0.00286186
0.0414426
0.00260882
0.00529016
0.00213071
0.0157839
0.0137697
0.00135796
0.0858104
0.0162286
0.00222487
0.00468468
0.00594617
0.00107091
0.00090186
0.00120457
0.00419704
0.000955577
0.00330656
0.015454
0.0133489
0.00794799
0.00190693
0.00424894
0.00324168
0.0153729
0.0351301
0.00187057
0.00595263
0.00118106
0.000932764
0.00337285
0.00713093
0.00124465
0.00506494
0.00455948
0.0121594
0.0328392
0.00347162
0.00145811
0.000320471
0.000888916
0.010421
0.00470603
0.0012433
0.0130773
0.00793386
0.0107427
0.00902805
0.00411595
0.001498
0.0023219
0.0107153
0.00184989
0.0134011
0.00323278
0.0142106
0.00758191
0.00458594
0.00315446
0.011031
0.00365267
0.0056072
0.00116558
0.00441174
0.00507382
0.00490752
0.00571534
0.00428939
0.033805
0.00181003
0.0014404
0.00984378
0.00414767
0.00142501
0.00819988
0.00684168
0.0629049
0.00586527
0.00509123
0.0029685
0.000518448
0.23586
0.0436518
0.00135074
0.0764864
0.00580543
0.00729463
0.0194871
0.000938276
0.00704411
0.00864644
0.00886888
0.00521207
0.00531517
0.00329587
0.000823998
0.0144209
0.0531277
0.00273618
0.0189168
0.0187429
0.0060142
0.0448419
0.00485808
0.00657698
0.0293679
0.00482331
0.00383639
0.0141724
0.00688143
0.0107493
0.00353521
0.0159641
0.00393179
0.00812078
0.00210845
0.00598381
0.00857481
0.0123922
0.00673453
0.0765448
0.00417548
0.00201953
0.107049
0.00669481
0.00808311
0.0117188
0.0011906
0.0254644
0.00839723
0.000815957
0.00619549
0.0145324
0.00654222
0.0115704
0.00418388
0.00333113
0.00103427
0.0318
0.00695012
0.00450519
0.00485347
0.00169971
0.00632985
0.017671
0.00731916
0.00331844
0.00253083
0.00481635
0.00662146
0.0158123
0.00130695
0.015912
0.005851
0.00885276
0.0033823
0.00265523
0.00712871
0.00222985
0.00196007
0.00601774
0.00389187
0.00651538
0.00567429
0.0213052
0.0115631
0.00584101
0.00507012
0.00257868
0.00350264
0.00498875
0.0142458
0.0118968
0.0132768
0.00999104
0.00853781
0.00285739
0.00406593
0.0148587
0.00449546
0.0356864
0.0172116
0.00309755
0.00873706
0.000925853
0.00848617
0.00405067
0.00365094
0.00364016
0.0231219
0.0134669
0.00397709
0.00287966
0.0154472
0.00679686
0.00734291
0.0455887
0.00247667
0.00205225
0.014783
0.00748879
0.00577533
0.0164905
0.00527443
0.00259578
0.00418112
0.00706008
0.0049288
0.0145035
0.00165975
0.0127522
0.00543995
0.0372359
0.00752145
0.0063913
0.00457898
0.0033556
0.00355394
0.00601452
0.00963561
0.0128647
0.0288355
0.000805632
0.0250238
0.00436595
0.0062907
0.00604349
0.0048131
0.0171284
0.00371154
0.000645677
0.0119588
0.00167276
0.0105061
0.0104417
0.00587453
0.00958778
0.0041023
0.0228587
0.0269308
0.0147176
0.00222649
0.00383008
0.00693104
0.0209599
0.0102602
0.00445314
0.0136779
0.00371067
0.013875
0.00978491
0.00369818
0.0457395
0.000694421
0.00462026
0.00502897
0.013953
0.0060439
0.0009531
0.0226612
0.00185452
0.00436585
0.0123201
0.0704239
0.0162413
0.00674204
0.01193
0.0152616
0.0129903
0.00409463
0.0175239
0.00371623
0.0187773
0.00488762
0.00639237
0.00142269
0.00847716
0.00569496
0.0015016
0.00595255
0.0390824
0.00414152
0.0237107
0.00223856
0.00333647
0.0046396
0.00443955
0.0211147
0.00756946
0.0124487
0.005279
0.00206162
0.00560272
0.0108017
0.0209144
0.00355746
0.00433565
0.0248229
0.00297341
0.00880519
0.00461628
0.00183281
0.00536926
0.00947108
0.00369352
0.0166645
0.0107064
0.00342304
0.0130164
0.00172713
0.102521
0.00403402
0.00335079
0.00212807
0.00123335
0.011672
0.0237202
0.0237689
0.0158463
0.0418382
0.0139578
0.00320415
0.0129589
0.00242527
0.00521622
0.00944189
0.0154634
0.0142917
0.0130091
0.0786851
0.00314066
0.0122753
0.00918442
0.0315027
0.000756038
0.0062617
0.0128424
0.00243043
0.00319892
0.00323451
0.00488798
0.0254229
0.0246487
0.0035688
0.0043741
0.0072361
0.00260396
0.00146939
0.0183409
0.00612385
0.011386
0.00164512
0.0105
0.00417863
0.00746153
0.00259484
0.00647168
0.0193632
0.00303303
0.00493744
0.00200469
0.0628039
0.00140013
0.00075168
0.0133258
0.00686401
0.00447126
0.0092752
0.00991018
0.0072261
0.00426514
0.00118868
0.31981
0.0103312
0.00425006
0.00364974
0.00559712
0.00300328
0.00496908
0.0011097
0.0119138
0.00417965
0.0689817
0.0185449
0.00046254
0.00959792
0.0171361
0.0154456
0.0504653
0.00640379
0.00340158
0.0149088
0.00340478
0.00158956
0.0570231
0.00659338
0.0155549
0.0054835
0.0156816
0.00164068
0.00709646
0.00280804
0.0332401
0.0135597
0.0681672
0.00268312
0.00831008
0.00940995
0.018728
0.00102919
0.00215817
0.0205077
0.00289612
0.0551175
0.00738347
0.00550588
0.00337139
0.000166062
0.0207451
0.00605574
0.00327057
0.0226284
0.00434849
0.00763737
0.00635187
0.00771984
0.0230733
0.00128184
0.00511645
0.00519335
0.00791605
0.00317903
0.0747602
0.0125299
0.00294913
0.00423741
0.0123392
0.00409427
0.00514592
0.00670241
0.0161856
0.0061679
0.00926295
0.00690486
0.0127574
0.0176711
0.020226
0.00636827
0.00343375
0.00187859
0.00420392
0.0490332
0.00674092
0.000711702
0.0221735
0.00289366
0.00288143
0.00264359
0.027916
0.00551256
0.00523728
0.020734
0.0131519
0.00169325
0.00472359
0.00718719
0.00792614
0.0220499
0.00582505
0.0138773
0.00798084
0.00372999
0.0193726
0.00565277
0.00307756
0.00322304
0.0029057
0.00463619
0.00223072
0.0186774
0.00577124
0.0037155
0.00790972
0.0104941
0.00608213
0.0225386
0.0468758
0.0040757
0.00326694
0.00555942
0.00244251
0.0200418
0.0365333
0.0315497
0.00174026
0.0249041
0.00268438
0.0206429
0.0463496
0.00125972
0.0027804
0.00463356
0.00289715
0.00728712
0.0116888
0.00400882
0.0184842
0.0046418
0.00633537
0.0656059
0.00359336
0.00419025
0.0103942
0.00119384
0.0050733
0.011267
0.00235977
0.0369993
0.0183597
0.00564987
0.0027467
0.00369029
0.00703278
0.00709554
0.00137664
0.00268536
0.0204743
0.00250151
0.00449713
0.0178534
0.000632375
0.00369043
0.00288247
0.0110699
0.00305134
0.00167574
0.0179715
0.00508298
0.0013943
0.0506826
0.0164082
0.0057665
0.00598592
0.00503957
0.00469111
0.0249613
0.00350503
0.00903381
0.0197871
0.00572811
0.0102813
0.00298726
0.000767208
0.00916577
0.00934485
0.00348313
0.00634738
0.00336851
0.00445739
0.0121836
0.011697
0.00382303
0.036722
0.0382573
0.00669302
0.00591273
0.00509836
0.00685911
0.00563131
0.00435188
0.00545788
0.00513302
0.00588552
0.00142245
0.00389417
0.0101739
0.00962339
0.00826843
0.00569156
0.00789287
0.00533416
0.0385347
0.00727401
0.0250418
0.0940289
0.0140948
0.0273811
0.00746848
0.00267384
0.015959
0.00187261
0.00305118
0.0099647
0.00482133
0.00537489
0.0151355
0.00911917
0.0314198
0.00395597
0.0133774
0.00285772
0.00659647
0.00262516
0.00193496
0.00342422
0.00287613
0.00543813
0.0144688
0.0219487
0.00316044
0.0232764
0.0162167
0.00740233
0.0401737
0.0179259
0.0582632
0.0325788
0.00258203
0.0196202
0.00212633
0.00122081
0.00141723
0.0234891
0.0318419
0.000958812
0.0271608
0.0598652
0.00232012
0.0419777
0.000793117
0.00181474
0.0113872
0.003262
0.0242259
0.0115359
0.00352498
0.020012
0.00528911
0.0072522
0.00914509
0.00109107
0.00417859
0.00214093
0.00703553
0.0095267
0.0113573
0.0169334
0.00606518
0.00394984
0.00454535
0.0160229
0.00759915
0.00831701
0.00776447
0.00120846
0.0119741
0.00805375
0.000259612
0.0113601
0.00231899
0.000143927
0.0034224
0.00899578
0.00145115
0.00195826
0.00591686
0.00862339
0.000851332
0.00203706
0.000988741
0.00205347
0.0114004
0.0103797
0.00136616
0.0345978
0.0214855
0.00643689
0.0164756
0.00584995
0.012231
0.0224824
0.00341509
0.00948133
0.00373277
0.011338
0.00338152
0.0883328
0.00375109
0.00174961
0.0257182
0.0096972
0.00229074
0.00163928
0.00694832
0.00617857
0.00406398
0.00163949
0.00434046
0.00447811
0.00863652
0.00069232
0.00101217
0.0131827
0.0253691
0.00869399
0.00449782
0.0050269
0.0143288
0.00652549
0.0102309
0.00932974
0.00752134
0.0016973
0.00207495
0.00962345
0.157564
0.0169198
0.00490287
0.059765
0.00752012
0.0156495
0.0051912
0.0158286
0.00340174
0.00384624
0.0152528
0.00496723
0.00131303
0.00660761
0.0309147
0.0121897
0.015945
0.00880608
0.019749
0.00550185
0.00394629
0.00259629
0.0095402
0.00143771
0.00859766
0.0160148
0.0024413
0.0204541
0.0095066
0.00755729
0.00327721
0.00360943
0.00484256
0.00304255
0.000264539
0.00565015
0.0180606
0.00902577
0.00172403
0.0184647
0.0100695
0.00748483
0.00243569
0.0183743
0.0124852
0.00330301
0.00791985
0.00884856
0.00135301
0.0274589
0.00391868
0.00293863
0.00547143
0.00345971
0.00125187
0.0149225
0.0176651
0.00342108
0.0133996
0.00558486
0.00105489
0.013523
0.118153
0.016402
0.0288936
0.00494503
0.00371611
0.0029613
0.0192418
0.0325336
0.0110898
0.00125986
0.00363857
0.00447779
0.00387364
0.0129
0.00413865
0.00815211
0.00645396
0.016307
0.00779344
0.00763501
0.00611036
0.00426996
0.00731775
0.0250219
0.00503077
0.00473885
0.00402257
0.0300523
0.00489436
0.00613011
0.00733659
0.00213791
0.00279218
0.00372268
0.00206917
0.00482246
0.00268674
0.00680133
0.0054172
0.00683892
0.0224329
0.00478247
0.00643808
0.00115908
0.00736495
0.00489787
0.0100456
0.00520573
0.00576786
0.0310677
0.00212641
0.00492813
0.0323526
0.00672893
0.00212955
0.00182311
0.00551623
0.00234319
0.0236685
0.0134415
0.0103649
0.00235844
0.00577835
0.0146035
0.0143656
0.0243604
0.00373265
0.00229506
0.00100744
0.0133276
0.00788593
0.0199874
0.0163199
0.0479111
0.00177872
0.0123407
0.000697992
0.0091321
0.00582019
0.00758391
0.0145605
0.00734901
0.00152074
0.00195246
0.00565432
0.00531748
0.00737739
0.00901415
0.000605268
0.00576029
0.00602014
0.00211139
0.00556158
0.0393563
0.0113165
0.0416107
0.00172337
0.00416539
0.00428853
0.0014188
0.0161221
0.00499117
0.00155418
0.00577827
0.00550681
0.011395
0.0030098
0.0033225
0.00294623
0.00555253
0.0028911
0.0073235
0.000985181
0.00433037
0.0577887
0.00338307
0.00658349
0.00204515
0.00605161
0.0128565
0.0103649
0.00181598
0.0070242
0.00332774
0.00816088
0.0250697
0.017147
0.0029939
0.00806096
0.00804794
0.0105064
0.00219213
0.00674581
0.00473726
0.00914888
0.00329627
0.001724
0.00554157
0.025572
0.0176693
0.00622905
0.00207456
0.00729285
0.0157539
0.0067552
0.0153958
0.0196571
0.0363228
0.00290079
0.0172768
0.0124011
0.00271962
0.0318083
0.00301082
0.00942619
0.0192473
0.00205376
0.0080766
0.0107118
0.00382869
0.0140284
0.00323851
0.0304605
0.00345818
0.00259042
0.022982
0.00785008
0.00474748
0.0113215
0.00411563
0.0643442
0.00564033
0.00437858
0.0200371
0.0146047
0.00323602
0.00163731
0.0251457
0.0124701
0.024135
0.019736
0.00366989
0.00389356
0.0322412
0.00735134
0.00581604
0.00241729
0.00410636
0.00536866
0.00465976
0.0197741
0.0063031
0.00368674
0.00468731
0.00418433
0.0222006
0.00360139
0.00952424
0.00487531
0.00815461
0.0108036
0.00649164
0.0061433
0.0302722
0.00644639
0.0108339
0.0143885
0.00440443
0.0100626
0.0167984
0.020439
0.00324727
0.0107964
0.00574255
0.0379536
0.00661915
0.042784
0.00158743
0.00213691
0.023556
0.00273617
0.0185632
0.0104966
0.0136031
0.023045
0.00880574
0.0212323
0.00389759
0.000861071
0.00871687
0.00164421
0.0173718
0.00729978
0.00125211
0.0118505
0.000305738
0.00265295
0.0158947
0.00658331
0.017244
0.00688924
0.00437165
0.0158101
0.0042325
0.00273047
0.0502597
0.00323348
0.0116266
0.0212009
0.0350773
0.160997
0.0653719
0.00363499
0.00611822
0.00201755
0.0065184
0.0501978
0.0140159
0.00746596
0.00599811
0.0273729
0.00200003
0.00304544
0.00176518
0.00269081
0.015819
0.00330713
0.00170858
0.00499293
0.0215247
0.00258653
0.00319312
0.0075852
0.0261185
0.0172085
0.000882007
0.0151993
0.00526053
0.00612562
0.00980441
0.0209621
0.00783223
0.0010347
0.0142106
0.0277647
0.00509442
0.00506166
0.00616426
0.00445836
0.042885
0.00660145
0.00573883
0.00613933
0.00528539
0.00237358
0.00587249
0.00403196
0.00343977
0.0104395
0.0126583
0.00601146
0.0124917
0.000556877
0.000465909
0.0113107
0.00763825
0.00976524
0.0308681
0.0017232
0.00128029
0.00169302
0.0038934
0.0024475
0.00777074
0.00746791
0.0196463
0.00961896
0.00461718
0.00219163
0.00455838
0.00947078
0.0106961
0.0067903
0.000873846
0.00523879
0.00262454
0.0205152
0.00610808
0.00379871
0.00697741
0.00610963
0.00439849
0.00562417
0.0020707
0.00502257
0.0192917
0.0271212
0.00776828
0.0511177
0.0202578
0.00453016
0.00246449
0.00787988
0.00656018
0.00934322
0.0024909
0.000833838
0.0117407
0.00285888
0.00244881
0.00436742
0.0291495
0.00595811
0.00224504
0.0108384
0.00362501
0.0210756
0.00448837
0.00435473
0.00162923
0.000460838
0.0100691
0.00494758
0.00264474
0.00978263
0.0163571
0.00230231
0.00875162
0.00910049
0.000561301
0.00467986
0.00262096
0.00475405
0.0223203
0.00611217
0.0375639
0.0197192
0.00164758
0.0195198
0.00904349
0.0027035
0.0033707
0.00250516
0.00526587
0.0113497
0.000983016
0.0123922
0.0262934
0.00221303
0.00531681
0.0160888
0.0124229
0.0143445
0.00220346
0.0110269
0.00866206
0.00369953
0.00222226
0.0101574
0.00280196
0.00549823
0.00304405
0.0065465
0.0267825
0.00550919
0.00165625
0.00673497
0.00500776
0.00353139
0.00358383
0.0126253
0.00607286
0.00308842
0.00844397
0.00365072
0.0399152
0.012262
0.00256976
0.00279401
0.000850579
0.0111815
0.0167707
0.0280073
0.0369138
0.00796343
0.0127371
0.00701327
0.00836221
0.0317143
0.00878526
0.00388014
0.00143585
0.00233861
0.00291115
0.00160026
0.00246833
0.0501354
0.0026323
0.00155106
0.039043
0.0124869
0.0363573
0.0515361
0.00340475
0.0126479
0.00524038
0.00154449
0.00318619
0.00466343
0.0288279
0.00901213
0.160247
0.0157204
0.00388058
0.0184208
0.0145017
0.00335488
0.0148337
0.0219141
0.00289879
0.0731573
0.00481076
0.0382545
0.00316707
0.00403971
0.0437478
0.0190555
0.0112328
0.0986849
0.0766384
0.00482095
0.00022333
0.00636976
0.00207787
0.0131791
0.00658167
0.00400101
0.00128009
0.00347573
0.00411814
0.0035884
0.000850979
0.0125994
0.00668532
0.00527556
0.000570563
0.00381816
0.0012784
0.00886539
0.00334949
0.00354637
0.00363262
0.00714228
0.00976844
0.0021512
0.00499785
0.00170325
0.00303156
0.0014876
0.0131538
0.0128626
0.0235126
0.00928971
0.0190967
0.0063957
0.040682
0.003951
0.000951894
0.0217338
0.0139468
0.00579018
0.00344437
0.00307709
0.0348765
0.00169628
0.00425147
0.00498203
0.0154535
0.00461259
0.0321625
0.0222401
0.0301251
0.00258377
0.00141752
0.0213857
0.00846165
0.0070289
0.0101767
0.00991372
0.00350476
0.0212623
0.00430109
0.00722906
0.003695
0.00668874
0.00327524
0.0259247
0.000661159
0.00145344
0.00480684
0.00421339
0.00798298
0.0121346
0.00516441
0.0158821
0.00388679
0.00658535
0.00609196
0.0129312
0.00504281
0.00495329
0.00506752
0.0204136
0.0219639
0.00187994
0.00557671
0.00086991
0.00709316
0.00412068
0.00356505
0.013525
0.00340286
0.013469
0.000912005
0.0136839
0.0321779
0.0494319
0.0029736
0.00218582
0.00424126
0.00352094
0.0100025
0.000970999
0.0136208
0.0046378
0.000503947
0.000721973
0.0148788
0.00209581
0.0634252
0.00162031
0.0113575
0.0013742
0.00403983
0.00331685
0.00658044
0.00438502
0.0803381
0.000998038
0.00173809
0.00844328
0.00260734
0.0031799
0.00584608
0.0048551
0.00369503
0.0200374
0.0108252
0.0393116
0.00750295
0.00675508
0.00152143
0.00182668
0.00218664
0.021504
0.00575898
0.0133997
0.0023513
0.00036439
0.00476135
0.0115541
0.0219488
0.00421911
0.00187036
0.00567777
0.00317994
0.0182359
0.0125913
0.0156904
0.0027827
0.0116675
0.00287401
0.00624357
0.00433407
0.00879686
0.0299553
0.0116148
0.00537638
0.00451614
0.0291611
0.0161205
0.00262943
0.0280679
0.00230374
0.00196911
0.0153726
0.00361184
0.0120643
0.0113179
0.00418842
0.00239856
0.00161257
0.00370808
0.00712301
0.0197879
0.0815449
0.00719488
0.00320111
0.00423741
0.00306048
0.00718553
0.0133978
0.00260553
0.00648227
0.00295025
0.0596599
0.00274612
0.00430903
0.00832195
0.0128661
0.0117347
0.0385503
0.0112003
0.0074414
0.00914049
0.00355449
0.00665421
0.00601722
0.00332023
0.0133392
0.0253694
0.00661139
0.0040418
0.0534719
0.00425276
0.00780244
0.00267642
0.00112117
0.000557011
0.00704144
0.0186969
0.0622895
0.0119516
0.0108532
0.00164034
0.00214549
0.00551755
0.00203725
0.000866041
0.00757314
0.0150803
0.000817723
0.0207201
0.00382615
0.00104529
0.00111778
0.00516023
0.00829301
0.00646744
0.00728588
0.00251681
0.00395631
0.0192084
0.000994658
0.00403737
0.0208507
0.000650307
0.0010106
0.00171844
0.00566174
0.0039036
0.00169094
0.00308109
0.00743483
0.00616373
0.00679504
0.0284918
0.0269194
0.0072127
0.0111475
0.00521357
0.0107523
0.00962879
0.00639447
0.0151283
0.0172805
0.00511618
0.0374236
0.00509826
0.0076653
0.00237006
0.000893757
0.0256774
0.00507416
0.00863286
0.00176862
0.00302396
0.0119103
0.0219935
0.00421022
0.0049985
0.00356069
0.00599832
0.00107987
0.0109644
0.00617924
0.00886399
0.0127147
0.0064011
0.01427
0.0315989
0.00488575
0.00764968
0.00193631
0.0138995
0.00675386
0.00596708
0.0135537
0.0104011
0.0310792
0.00460318
0.0730555
0.000911425
0.00234832
0.0194891
0.0122377
0.00348902
0.000961223
0.00353517
0.00343541
0.01802
0.00379025
0.015798
0.00438046
0.0037776
0.010705
0.0112027
0.0193247
0.00656964
0.00873731
0.00618476
0.00432935
0.00250926
0.00375782
0.00531225
0.005006
0.00684691
0.00755241
0.00128474
0.0100689
0.0109185
0.00306237
0.00634154
0.00280641
0.00924387
0.0278323
0.0238604
0.00646866
0.00179598
0.0185181
0.0130418
0.0119452
0.0018864
0.00329279
0.0132906
0.00172146
0.00600535
0.00648103
0.0127665
0.0123409
0.00466368
0.00586592
0.00666711
0.00471392
0.0025943
0.0401162
0.00164709
0.00691516
0.0122588
0.00619306
0.0271546
0.0118975
0.00684069
0.00395604
0.015521
0.00261136
0.00891388
0.00414497
0.00570248
0.00103058
0.00404744
0.00284647
0.00472758
0.0149959
0.00105643
0.00209576
0.00207732
0.00570758
0.00296943
0.00191433
0.00273712
0.00752423
0.00305539
0.000949545
0.00510312
0.00889976
0.00218692
0.00274073
0.00242151
0.0234327
0.00163602
0.00841897
0.00127566
0.000650486
0.00534028
0.000744713
0.00422412
0.00762487
0.00738235
0.00511051
0.00535584
0.00141465
0.0114061
0.0031216
0.00553762
0.00142791
0.0434107
0.00184888
0.0146007
0.00570637
0.00424703
0.0123686
0.0197756
0.00612727
0.0117954
0.00265421
0.00705357
0.00441923
0.00695973
0.0017923
0.00121557
0.00421969
0.00693385
0.000695176
0.00345859
0.0134862
0.00536964
0.0161604
0.00846343
0.0641994
0.00336275
0.00621541
0.000572664
0.00279641
0.0233789
0.0349724
0.00388075
0.00660089
0.00130483
0.00789802
0.00385133
0.0107083
0.00493128
0.0515089
0.00272521
0.00278023
0.0317886
0.0106967
0.0292418
0.0398394
0.00711306
0.00122617
0.00282964
0.0257163
0.00190507
0.0272518
0.00687833
0.00122076
0.0117977
0.00977526
0.0106291
0.0112652
0.000856448
0.00312818
0.00554604
0.00755528
0.00152358
0.00877296
0.0190711
0.00572889
0.00194268
0.031387
0.016164
0.0161652
0.0322276
0.0199933
0.0164317
0.00802577
0.0148041
0.0136429
0.0508794
0.0141501
0.00297158
0.00627018
0.00734536
0.0124903
0.00676494
0.0101229
0.00545335
0.00302212
0.00270973
0.00452354
0.00208035
0.00147285
0.00210448
0.0132424
0.00881715
0.00215682
0.0300084
0.00318275
0.0287435
0.00457532
0.0128
0.00424397
0.0244586
0.00382357
0.00342072
0.0175623
0.00788089
0.00326285
0.0129201
0.00386398
0.0535946
0.0068844
0.00236489
0.00228036
0.00151236
0.0149511
0.00507572
0.0191456
0.00952069
0.0285003
0.0031207
0.0138893
0.00372714
0.00573901
0.0220486
0.0037836
0.00765708
0.009544
0.00686159
0.00490729
0.00399355
0.0129766
0.0025464
0.00333335
0.00642654
0.00547473
0.00426664
0.00148305
0.03324
0.00505771
0.00861471
0.0334173
0.00977877
0.00393022
0.00198451
0.0085514
0.0134506
0.000581295
0.0123312
0.0134047
0.0104366
0.00976099
0.0190233
0.0136523
0.0074395
0.00256874
0.0507379
0.00327967
0.00193034
0.00127709
0.00355925
0.0150967
0.0043653
0.0137616
0.00569057
0.00345373
0.00373614
0.00511354
0.0028171
0.00446951
0.00539356
0.0188554
0.011259
0.0103818
0.000475649
0.00429928
0.0211024
0.00346599
0.0935694
0.012979
0.00888034
0.0120894
0.00292196
0.0225581
0.00205999
0.0145875
0.0288618
0.0178168
0.0119949
0.00851991
0.00262061
0.00135456
0.00864132
0.00216726
0.0016667
0.0146815
0.00128952
0.00343387
0.00747519
0.00821488
0.00180094
0.00457879
0.00579164
0.000732539
0.00727724
0.00839363
0.00130392
0.0134826
0.00334548
0.0115197
0.00307076
0.0143696
0.00224968
0.0136711
0.00216991
0.00878576
0.00461344
0.0118642
0.0033001
0.00244874
0.00603471
0.00644194
0.00344411
0.00656171
0.00589689
0.00651218
0.00864047
0.0505193
0.00483338
0.00464342
0.00978386
0.000731887
0.00840244
0.00294482
0.00401801
0.00394086
0.00769625
0.0224523
0.0212701
0.00333033
0.00579511
0.0099675
0.00630911
0.00819417
0.00726379
0.00323322
0.00432661
0.00482449
0.00425978
0.00631928
0.00324816
0.00702733
0.00754468
0.00687089
0.00885895
0.011552
0.00142459
0.0305213
0.013741
0.00636382
0.0114934
0.00219428
0.013224
0.0381357
0.0178235
0.00592029
0.0406451
0.0066443
0.00820101
0.00729251
0.00393725
0.00134244
0.0181544
0.0038999
0.00203237
0.00346996
0.00618596
0.00575131
0.00229251
0.00163022
0.00248513
0.00379835
0.00677837
0.0022609
0.00474463
0.000681427
0.0092389
0.0187873
0.0430899
0.018931
0.0119573
0.0123044
0.00377591
0.0494049
0.0175031
0.0149117
0.00663077
0.0191634
0.0351891
0.00412926
0.00168318
0.00737504
0.00476214
0.00162947
0.0169858
0.0130724
0.00459665
0.00500782
0.00962569
0.0183392
0.00116664
0.00351228
0.0175148
0.00155554
0.00472299
0.0109576
0.00302668
0.00536426
0.0337321
0.00201944
0.0344534
0.0211772
0.0154941
0.00414899
0.23598
0.016589
0.0171035
0.0318035
0.00165422
0.00537121
0.00201602
0.00897645
0.00502754
0.00273409
0.00138043
0.0016658
0.0148948
0.00258013
0.00244638
0.0171811
0.103544
0.0187172
0.00624041
0.00374886
0.0052551
0.00691065
0.00325428
0.00718471
0.0502319
0.00268119
0.0062574
0.0097822
0.00201771
0.0112679
0.00331485
0.00580159
0.00449047
0.00756334
0.000879446
0.0313146
0.0133754
0.00593201
0.00597435
0.00678858
0.00359421
0.0959107
0.000904885
0.0121532
0.00130581
0.0125535
0.00321385
0.011519
0.00546422
0.00223293
0.0039054
0.0247178
0.0047357
0.00407586
0.045016
0.00802504
0.00513085
0.00991226
0.0148123
0.00278763
0.00123895
0.00448447
0.0101277
0.00183568
0.0164095
0.00898584
0.0627939
0.0146667
0.016784
0.00665816
0.0045558
0.00424028
0.00833799
0.0051421
0.00364644
0.0155535
0.013998
0.00401001
0.00706493
0.0016201
0.00572542
0.0271269
0.00550516
0.00231538
0.00292997
0.00192158
0.0178227
0.0146187
0.0045128
0.00396804
0.0128522
0.00298991
0.00488229
0.00246289
0.0166307
0.00721938
0.0118283
0.0283993
0.00269624
0.0103784
0.00678366
0.0121319
0.0161368
0.0326185
0.0161741
0.0207275
0.00719752
0.0038509
0.0126351
0.0210545
0.00320565
0.00190552
0.0154321
0.00190175
0.00370516
0.00931344
0.00593189
0.00200873
0.027888
0.00562764
0.0122402
0.00692192
0.00538618
0.00484148
0.0154439
0.00919344
0.00500426
0.0156784
0.00636966
0.0108771
0.00390467
0.00349209
0.00476129
0.000317582
0.00775874
0.00601662
0.0371802
0.0123944
0.00412643
0.00611446
0.00421985
0.0048575
0.0236555
0.00761721
0.0165248
0.00143056
0.00310567
0.00414955
0.0014822
0.0022208
0.0115434
0.00397118
0.0113049
0.00234414
0.0126322
0.00916672
0.00563699
0.00421685
0.0210343
0.00165438
0.00289895
0.00526254
0.0180183
0.0082549
0.0021374
0.00345637
0.0164544
0.0031513
0.0133405
0.0268704
0.0232347
0.000637231
0.0330488
0.0128468
0.00452536
0.0108609
0.00155964
0.00615691
0.00872867
0.00788404
0.00300131
0.0162785
0.00959671
0.00437502
0.00278281
0.00744932
0.00656991
0.0720259
0.00586813
0.0276267
0.00417014
0.00351127
0.0169133
0.00284462
0.00137389
0.002506
0.00673362
0.00656948
0.0117349
0.0155095
0.000791033
0.00659457
0.0110862
0.00698502
0.00536869
0.00275387
0.016056
0.018274
0.0030754
0.0300083
0.00113218
0.00683087
0.0144225
0.031998
0.00260942
0.0299525
0.00613249
0.000627317
0.00265756
0.00303516
0.000347247
0.000888523
0.00368348
0.0151208
0.0139263
0.00550732
0.0177539
0.00556299
0.016483
0.0108946
0.0034449
0.00689075
0.00941642
0.0018229
0.0507975
0.0140905
0.00540917
0.0151977
0.0062138
0.00362259
0.0250802
0.00199222
0.0031999
0.0051697
0.0100067
0.00613801
0.0378074
0.0065686
0.00235881
0.00141476
0.00543239
0.00517718
0.0201288
0.00325544
0.00318536
0.00406698
0.00774447
0.0050694
0.00548111
0.00413487
0.00107608
0.00105937
0.00963303
0.02001
0.00953223
0.00301632
0.00620295
0.0121503
0.00109298
0.00294699
0.016825
0.00295454
0.00144988
0.0125278
0.0120082
0.0043663
0.00951837
0.00296163
0.014371
0.00516354
0.00597989
0.00604423
0.00207199
0.00407693
0.00880533
0.0118108
0.00865881
0.0109074
0.00306217
0.00129409
0.00538295
0.0105214
0.00124821
0.00697298
0.00366178
0.00253224
0.0704743
0.0027195
0.00525853
0.0580967
0.00129773
0.0139563
0.00108475
0.00367262
0.0171608
0.0092142
0.00571838
0.00422556
0.0230433
0.0054966
0.0124217
0.0138238
0.0060117
0.00328054
0.0222679
0.00606596
0.00263629
0.0211404
0.0020184
0.0949586
0.00168212
0.0129753
0.00888399
0.000910688
0.000814253
0.00322713
0.000247595
0.00619321
0.000783921
0.0131706
0.0057302
0.0223062
0.00248149
0.00163982
0.00769389
0.00420822
0.00886427
0.00633475
0.00275294
0.000928161
0.00967328
0.00490941
0.0103133
0.00553747
0.00166145
0.0270262
0.00794193
0.0237117
0.0142826
0.012218
0.00296528
0.00212745
0.00202434
0.00146623
0.00121561
0.0173446
0.00376433
0.00093222
0.00353248
0.00486854
0.00375263
0.00432287
0.00545788
0.00307395
0.0147952
0.00288117
0.00325287
0.00434228
0.00410875
0.00303008
0.000672285
0.00282669
0.013162
0.00372254
0.00444376
0.00458411
0.00232883
0.00536864
0.00912025
0.0147699
0.124276
0.0121928
0.0020193
0.00131155
0.00388215
0.00885204
0.00967984
0.00206742
0.0215609
0.00532555
0.00247862
0.00357415
0.0423389
0.0143181
0.00565739
0.00359791
0.00175125
0.000894613
0.00227424
0.00855068
0.00299763
0.003343
0.00704926
0.00183018
0.00532633
0.00190245
0.00689519
0.0109507
0.0156346
0.0131968
0.00622205
0.00557632
0.0082903
0.00414866
0.00282967
0.00245535
0.0246718
0.00677669
0.0156632
0.00631796
0.00739814
0.0141787
0.00572998
0.00379173
0.00649679
0.00655666
0.00487624
0.00260383
0.0013563
0.00969846
0.0118345
0.00714225
0.00357505
0.00267357
0.00294587
0.00971701
0.0182037
0.00115307
0.0180253
0.0064546
0.00382582
0.00436516
0.00399269
0.00516192
0.00622856
0.0105932
0.00500732
0.00458372
0.00400325
0.0308036
0.0336016
0.00756062
0.00509124
0.00565985
0.00967805
0.00685339
0.0709347
0.00638869
0.00523943
0.00756313
0.0102568
0.0278051
0.167809
0.00480504
0.00117507
0.000918509
0.0111168
0.00142951
0.0147295
0.00173505
0.00722573
0.00110599
0.0139932
0.00290814
0.00585425
0.00211221
0.00938834
0.0131572
0.0386028
0.0151264
0.0038808
0.00114763
0.00327812
0.0459247
0.00370377
0.00439509
0.00488116
0.00396826
0.00114094
0.00712447
0.00207903
0.0069845
0.0282811
0.012561
0.0161566
0.00345215
0.0143911
0.00305525
0.0027211
0.0100297
0.00385485
0.0146491
0.00264947
0.00162106
0.00203233
0.00594979
0.00432105
0.0214487
0.00164369
0.00132451
0.0130996
0.00296007
0.00746123
0.00979166
0.00398696
0.02841
0.054253
0.000910861
0.00707851
0.00747541
0.0019847
0.0124518
0.000646885
0.00660452
0.00604165
0.00225772
0.00539561
0.0155085
0.00176962
0.00207759
0.00421899
0.00325779
0.00844128
0.00678159
0.00195276
0.010581
0.00559126
0.00611367
0.0159074
0.00558679
0.0120831
0.00498871
0.0053797
0.000817867
0.00323969
0.00480378
0.0114614
0.0031712
0.0132287
0.00117292
0.00141536
0.00422181
0.00314309
0.0122829
0.00241435
0.0194926
0.0026476
0.0044785
0.00300133
0.000730102
0.0052572
0.00325647
0.00433651
0.000506183
0.107746
0.0186527
0.00491902
0.0125539
0.0161168
0.000955781
0.0658081
0.00425224
0.00468489
0.00521379
0.00417177
0.00418397
0.00214515
0.0105746
0.028928
0.00534191
0.0238099
0.00666974
0.00536574
0.00816893
0.015921
0.01364
0.00343317
0.00354875
0.0210074
0.00273314
0.000669825
0.0496677
0.0127484
0.0189367
0.00727214
0.0028716
0.00606512
0.0185631
0.0043241
0.0378216
0.00696111
0.0323114
0.00520345
0.00242857
0.00709906
0.00207215
0.00784808
0.0206664
0.0343833
0.00910642
0.00889385
0.00345893
0.00366728
0.0161406
0.00846087
0.00480718
0.0058898
0.013496
0.00286268
0.00410527
0.000681558
0.0044369
0.0031895
0.00612066
0.0064301
0.00451189
0.00353195
0.00487369
0.00310849
0.00696758
0.00266442
0.0125267
0.00798054
0.00664319
0.00762665
0.00290194
0.021032
0.00709254
0.011601
0.013794
0.00768368
0.0187377
0.00740003
0.00987123
0.00194808
0.00479525
0.00799376
0.00287531
0.0183807
0.00617175
0.00939358
0.0145897
0.00415156
0.00612772
0.0428399
0.0317106
0.00168631
0.00407879
0.00301838
0.0184406
0.0174732
0.0144115
0.0127718
0.00978879
0.00456927
0.0101267
0.0508949
0.00551837
0.00910778
0.0321445
0.0137482
0.00214752
0.00288663
0.00302789
0.0708949
0.00359223
0.00233121
0.0158997
0.00372213
0.0119189
0.024566
0.0205697
0.00432059
0.0143821
0.00536351
0.00247901
0.00550383
0.00740182
0.00121167
0.00716364
0.0122814
0.0148639
0.00717511
0.0200185
0.00275246
0.00225314
0.000726629
0.00572897
0.00565642
0.00662984
0.0109844
0.00227866
0.133728
0.0144616
0.000384363
0.00285733
0.00663702
0.00489246
0.0782462
0.0365029
0.00856585
0.0035419
0.00163806
0.00233458
0.0131735
0.00109693
0.00417517
0.00310981
0.0380411
0.00209448
0.00753143
0.00715407
0.00184608
0.00538996
0.00167962
0.0364396
0.00144804
0.0109015
0.0115711
0.0219306
0.00429618
0.00303474
0.0061407
0.000961814
0.0141585
0.0038534
0.00617262
0.00235058
0.00290988
0.00158927
0.0196452
0.0139474
0.137341
0.00427111
0.00394724
0.00302251
0.00416119
0.00474259
0.00105467
0.00397083
0.00463506
0.00225854
0.000804649
0.00170523
0.00118963
0.00427714
0.0301487
0.00358642
0.00692731
0.00250251
0.00826584
0.00216328
0.00723479
0.00141017
0.0051244
0.00557851
0.0120203
0.00427371
0.00181714
0.0629504
0.00435931
0.00911095
0.00481514
0.0319998
0.00440858
0.0126755
0.00199166
0.010724
0.00130477
0.00931475
0.00941282
0.0126487
0.00475042
0.000906036
0.00938333
0.0100637
0.0136451
0.00785656
0.00271756
0.0152269
0.0253951
0.0108911
0.00377132
0.00217785
0.0493224
0.046708
0.00114323
0.0170402
0.0302665
0.0079441
0.00709427
0.00253208
0.00442405
0.0342459
0.000706679
0.00612394
0.0066853
0.0129196
0.00666355
0.0465434
0.00395631
0.00140139
0.00765309
0.00520852
0.0112409
0.00152667
0.00474278
0.00892519
0.00338417
0.00744085
0.00765434
0.00712937
0.00305019
0.00384134
0.0142808
0.00149115
0.011458
0.0326074
0.00120138
0.00836327
0.000896221
0.00478042
0.00184903
0.00517426
0.00454264
0.0181422
0.00303772
0.00236631
0.00449973
0.0285183
0.03472
0.00525357
0.0370735
0.0200478
0.000415753
0.0111201
0.00288137
0.0127311
0.101912
0.00175846
0.0030613
0.00809902
0.00962359
0.0505559
0.0041169
0.00183814
0.00327976
0.00169278
0.00100052
0.00130442
0.00263965
0.010345
0.0133653
0.000756158
0.00994035
0.0309413
0.00351114
0.00318682
0.00432744
0.00350934
0.0028536
0.00448729
0.00317601
0.00308797
0.00471981
0.000855905
0.0152788
0.0232615
0.0135463
0.0108338
0.003713
0.000369297
0.0150295
0.00509123
0.0117915
0.021156
0.00196917
0.00635008
0.00899527
0.0175559
0.00555862
0.00543513
0.0268971
0.000662325
0.00591375
0.00127225
0.00197912
0.00535424
0.0378742
0.00165562
0.00401253
0.010307
0.0332893
0.00705447
0.00145558
0.00664594
0.00157197
0.0192508
0.0047908
0.00177304
0.00783315
0.0115146
0.0224306
0.0077485
0.0056298
0.00725324
0.0458302
0.00916977
0.00460523
0.0128761
0.0035169
0.00176953
0.0118312
0.00203876
0.00143849
0.00395074
0.00918575
0.000882577
0.04856
0.00137256
0.0176719
0.0334433
0.0334587
0.00602851
0.00254451
0.0115719
0.0080303
0.0045702
0.0166154
0.00101384
0.0227764
0.00686776
0.00858929
0.00620562
0.00283438
0.00170401
0.000515517
0.0276236
0.00638523
0.00374958
0.000585041
0.00667386
0.00490581
0.0108734
0.00527903
0.0109997
0.00551109
0.00179978
0.00202119
0.00191627
0.00364969
0.00571141
0.00244225
0.0159528
0.00401942
0.0190398
0.0125559
0.00363584
0.00786439
0.0179646
0.0226969
0.184763
0.00814758
0.00307421
0.000672846
0.0363301
0.00468159
0.00389132
0.0123548
0.0076392
0.00603019
0.00490589
0.0196023
0.0114524
0.00617976
0.0142676
0.00579897
0.00118427
0.00259165
0.00209579
0.0066921
0.018494
0.00585237
0.00915702
0.00341488
0.0112865
0.00551801
0.00735827
0.00452176
0.00419183
0.00300371
0.00245107
0.00727054
0.0339646
0.00503827
0.00332045
0.00647078
0.00845604
0.00277929
0.00862047
0.0221582
0.00604282
0.0187066
0.00293729
0.00169739
0.0140468
0.00828536
0.00373326
0.00677307
0.00462599
0.00658574
0.00699042
0.0141819
0.00361728
0.00728176
0.00703443
0.00296717
0.0315095
0.0010711
0.00546361
0.0290497
0.00324307
0.0289323
0.015891
0.00424792
0.00222951
0.130259
0.00309765
0.0220582
0.000735575
0.00495763
0.00222476
0.0101194
0.0165033
0.0169765
0.0111874
0.00183258
0.00366144
0.0097188
0.00468925
0.002602
0.0340687
0.00116277
0.0109025
0.010043
0.0240257
0.00225666
0.00204171
0.004575
0.00300099
0.00352993
0.00223778
0.00993456
0.00610325
0.00217068
0.00124666
0.00253043
0.0127689
0.00167146
0.0148777
0.00451297
0.00298066
0.00229926
0.00795454
0.00281327
0.0057572
0.00271191
0.00232702
0.025763
0.0471216
0.00257181
0.00636683
0.00842389
0.00452672
0.0115699
0.00109456
0.00423066
0.0149566
0.00591205
0.00455644
0.0103029
0.00267851
0.00467893
0.0141817
0.00855972
0.00667236
0.00895062
0.040778
0.000865858
0.00648315
0.00338357
0.000429956
0.00343105
0.00914928
0.00481293
0.00620694
0.00336411
0.00878875
0.0119128
0.00363559
0.00876278
0.00398655
0.000224467
0.00603393
0.0144729
0.0025979
0.00557064
0.00161797
0.00986096
0.0127181
0.00865544
0.00494652
0.00947226
0.0067552
0.00590141
0.00964805
0.00581258
0.00180992
0.0303017
0.00419267
0.00841118
0.00456434
0.00604152
0.0485538
0.00360506
0.00352958
0.0175605
0.0037187
0.00185507
0.0564627
0.0372564
0.00588299
0.00257747
0.0108549
0.00859711
0.00079346
0.011868
0.000701425
0.0242551
0.00445973
0.00569951
0.017144
0.000395755
0.0165616
0.0130937
0.0172936
0.00422409
0.00773067
0.0108573
0.00342608
0.00116862
0.00263689
0.00469886
0.00157211
0.0150144
0.0115219
0.00833436
0.00376538
0.0209902
0.0181395
0.00428496
0.00461604
0.00390193
0.00481546
0.00525005
0.00630249
0.00709963
0.00475227
0.00221985
0.0037145
0.0122028
0.0115737
0.00465772
0.00557443
0.00379985
0.012237
0.00741195
0.0110287
0.00426053
0.00868111
0.00728022
0.00138406
0.00864985
0.00435063
0.00820819
0.00342532
0.00103123
0.0161253
0.00705243
0.00692405
0.152838
0.00275443
0.00888077
0.000997999
0.00407224
0.00926743
0.010973
0.00360299
0.00451192
0.025325
0.00812828
0.00585656
0.0145714
0.0203533
0.0281745
0.0170718
0.0165524
0.0038482
0.00040474
0.0017435
0.0011528
0.0251599
0.00152693
0.0224546
0.00392513
0.0059979
0.00492815
0.00550352
0.000484554
0.00625141
0.00258333
0.0126041
0.0336437
0.0154301
0.0094233
0.0105284
0.00197591
0.000987389
0.00528503
0.0107944
0.00274109
0.00410137
0.000997116
0.00156396
0.00239577
0.00330782
0.00535866
0.00826798
0.0204664
0.00312928
0.0033953
0.0212675
0.00380478
0.00472788
0.00254193
0.00755894
0.00874828
0.00424563
0.00799744
0.00446234
0.00811172
0.0132575
0.00806585
0.00478951
0.0069233
0.00474896
0.00316595
0.00457017
0.00147102
0.00714217
0.00071272
0.000993737
0.00773436
0.00343175
0.0144581
0.138542
