0.0133423
0.0207801
0.073331
0.0508681
0.0310619
0.0362929
0.0219235
0.0262792
0.0121175
0.0191411
0.00675145
0.0198003
0.0672341
0.00223665
0.0504598
0.00994137
0.0730868
0.0193491
0.0882301
0.0411259
0.0432939
0.0404114
0.000917871
0.0680186
0.0201697
0.0175786
0.014566
0.0044464
0.00311334
0.0168207
0.011875
0.0541389
0.0159573
0.00103845
0.0329604
0.133247
0.0489887
0.0137777
0.0158461
0.0176209
0.0261704
0.0503243
0.00139185
0.00643753
0.0487518
0.00156267
0.0658157
0.0128594
0.0266591
0.0217469
0.00383841
0.00999728
0.0306387
0.00130626
0.000758067
0.0405548
0.0089617
0.00194809
0.00138393
0.00653042
0.0218635
0.00299225
0.0231924
0.0107522
0.0401224
0.00779546
0.00490754
0.0230067
0.0112992
0.0136961
0.0168156
0.00108469
0.00864381
0.0779598
0.013091
0.00686739
0.00729712
0.0110577
0.0417932
0.0424797
0.064852
0.00134494
0.0725994
0.00777822
0.0200508
0.0402381
0.00377948
0.00512365
0.0336522
0.0563809
0.00237435
0.026162
0.0121783
0.0207075
0.0163128
0.000193192
0.0122748
0.00597669
0.0296459
0.00057294
0.00316388
0.0347062
0.129554
0.0187864
0.074135
0.03657
0.00103286
0.0782578
0.0237976
0.00829653
0.0411849
0.00206176
0.00172516
0.0192988
0.0937818
0.00514288
0.0396621
0.0010049
0.0111685
0.0175709
0.0279844
0.000356408
0.0387524
0.00548737
0.000470198
0.00108388
0.016462
0.0538777
0.0080856
0.00546677
0.00445453
0.0255807
0.00972219
0.0206094
0.0173098
0.00259514
0.0219767
0.00217396
0.00255146
0.140231
0.00462852
0.0306228
0.0152796
0.012092
0.00230709
0.0145569
0.016215
0.0167541
0.0185293
0.069802
0.073015
0.0255339
0.00708332
0.00289601
0.0202482
0.0391516
0.0319052
0.065255
0.0158379
0.00103012
0.0219879
0.0361968
0.0227954
0.00923672
0.00941458
0.0023262
0.0261586
0.0660978
0.0276036
0.0128323
0.0305008
0.0118032
0.00638163
0.0724064
0.040375
0.00225711
0.0082861
0.00191297
0.00308441
0.0294628
0.0499296
0.0347787
0.0877637
0.0378058
0.0124909
0.0151468
0.0119065
0.0136333
0.0148955
0.0243359
0.0106841
0.00130846
0.0418644
0.00882924
0.00977724
0.0346811
0.036807
0.0459704
0.0830822
0.0565272
0.02161
0.0422718
0.0352328
0.0173656
0.0108829
0.0752231
0.0798672
0.11236
0.0170456
0.0351928
0.0219497
0.0507603
0.00569732
0.0169442
0.0191505
0.00117903
0.0177006
0.0312621
0.0339193
0.0266214
0.00719636
0.00578829
0.012624
0.00988358
0.00167246
0.0187714
0.0102368
0.0211182
0.0256727
0.0413861
0.0255559
0.0546999
0.00513148
0.0244791
0.00369247
0.0729963
0.0243121
0.00985195
0.0209941
0.0207564
0.0111969
0.00291276
0.00887236
0.00276745
0.0103133
0.00096781
0.00563918
0.0321193
0.0149502
0.00878587
0.0332593
0.00684039
0.0944226
0.00635815
0.0328237
0.00694142
0.0104054
0.00164157
0.00277998
0.0836895
0.0395011
0.0127768
0.0196243
0.0109732
0.0368084
0.00982676
0.0199297
0.0591025
0.0278717
0.0417226
0.150139
0.00159092
0.0164727
0.000459797
0.00144567
0.0181696
0.02574
0.0899197
0.0158404
0.00381437
0.0143338
0.0227178
0.0439625
0.00196338
0.00395944
0.00471095
0.0124583
0.00985068
0.032809
0.00172976
0.00261551
0.0302584
0.0182877
0.0278886
0.00798604
0.0121985
0.0868902
0.0136525
0.0643476
0.012525
0.0343778
0.00740271
0.00553479
0.0199756
0.00789972
0.0258129
0.00329431
0.03407
0.030724
0.0406452
0.0204818
0.039264
0.0202849
0.0857552
0.00974039
0.00768953
0.00679791
0.005603
0.0267824
0.0119699
0.00618438
0.00484544
0.00154559
0.00729172
0.0251822
0.00167455
0.0462196
0.0024893
0.0117768
0.00919218
0.00596047
0.0111407
0.0110651
0.0183011
0.0535449
0.0165396
0.0479572
0.019661
0.0265782
0.0868532
0.00356961
0.0640937
0.0247827
0.0100693
0.00948549
0.0112079
0.0291723
0.012516
0.0209729
0.0117838
0.0125023
0.0134276
0.00382464
0.0145799
0.0265885
0.0724277
0.0131507
0.0143361
0.0015613
0.0761889
0.00166105
0.0209968
0.00142696
0.00392376
0.0907489
0.0012254
0.0349065
0.00214291
0.00796475
0.00925789
0.00477681
0.0277893
0.0222319
0.00315791
0.0296838
0.00881272
0.00256404
0.0317468
0.00696975
0.071187
0.0164848
0.00101468
0.00211207
0.058534
0.0688384
0.00520735
0.00751615
0.0294745
0.0231654
0.0281057
0.0174925
0.00150023
0.00780091
0.000945272
0.0122755
0.00239644
0.00359839
0.02272
0.159283
0.042489
0.0245509
0.00787119
0.0597092
0.0089476
0.015493
0.00445756
0.0670066
0.0158227
0.00880567
0.0345407
0.0107285
0.0129691
0.0147416
0.04811
0.0198416
0.0133715
0.0119549
0.108114
0.00134409
0.0283985
0.0151467
0.0299283
0.00565496
0.00241251
0.0174684
0.00320778
0.0110543
0.0346885
0.0247011
0.0304889
0.0456276
0.0137532
0.00456341
0.0262006
0.00500199
0.0242029
0.0432398
0.0633188
0.0571768
0.0340633
0.0293739
0.0125513
0.0852602
0.0465363
0.00178036
0.0203641
0.0761456
0.0085996
0.00969537
0.0292515
0.0424359
0.0278749
0.0309198
0.0906747
0.0117909
0.00720141
0.0159152
0.0199179
0.0224761
0.00120633
0.00781779
0.00337044
0.0283584
0.0790862
0.0295236
0.0110607
0.00815843
0.0118705
0.011949
0.0255002
0.101013
0.120726
0.00800497
0.00705906
0.0294953
0.0128532
0.0059649
0.0487766
0.0119873
0.00839279
0.00629087
0.00584546
0.0193004
0.00543836
0.000468378
0.0125089
0.031367
0.00585481
0.111789
0.0191037
0.031676
0.00235685
0.015019
0.00238567
0.0167424
0.0134863
0.00177279
0.0172111
0.000993673
0.0142955
0.0322355
0.0214268
0.00460213
0.0804291
0.0117942
0.0448617
0.0229346
0.0442191
0.0256083
0.0340243
0.131824
0.0766385
0.0244602
0.060805
0.00395696
0.0110495
0.0804834
0.00137857
0.0264555
0.0243092
0.00703477
0.00226252
0.0230163
0.016129
0.00168895
0.0177443
0.0103909
0.0124341
0.0475837
0.0113633
0.019262
0.0194428
0.0165225
0.0100705
0.0198174
0.0864557
0.00118501
0.0299953
0.0225515
0.0382529
0.00744286
0.0136635
0.0230327
0.01335
0.0355773
0.0124828
0.0207732
0.0673437
0.0103574
0.0892633
0.00929807
0.0120855
0.0208562
0.0237738
0.0403908
0.010288
0.0529316
0.011634
0.0128552
0.0196738
0.0162313
0.0289772
0.0121759
0.0237001
0.00102942
0.0217829
0.0397174
0.0511372
0.00627043
0.00715325
0.00322954
0.00117249
0.0341091
0.092571
0.0249318
0.0136772
0.0116467
0.0189594
0.0293454
0.0285822
0.00946179
0.0232153
0.019773
0.0335297
0.0899912
0.0019413
0.036745
0.0121351
0.0147403
0.0201691
0.0445579
0.0026355
0.00969848
0.00166189
0.0237564
0.122464
0.0121836
0.00377845
0.00544707
0.00341638
0.0446179
0.0437779
0.0111655
0.00903572
0.033201
0.0140177
0.0316851
0.0104942
0.0132891
0.0271695
0.003324
0.0269112
0.0160928
0.0350038
0.0188751
0.0173449
0.0129161
0.00245492
0.0414001
0.0219628
0.00182414
0.103374
0.00140694
0.0207397
0.0537419
0.0195796
0.00381986
0.00256669
0.00442856
0.0287701
0.0455431
0.00164402
0.0269933
0.00565089
0.0242185
0.0141537
0.00985168
0.0336969
0.00246836
0.097483
0.0112787
0.00245025
0.107488
0.0282055
0.00546771
0.0267605
0.0345593
0.12095
0.0171979
0.011546
0.0282353
0.00623908
0.0105116
0.0582345
0.0451775
0.00368182
0.0576388
0.0433014
0.0175329
0.0020193
0.00871861
0.00418127
0.012897
0.0148206
0.0206217
0.0853914
0.00234894
0.0535134
0.0759268
0.060939
0.0308456
0.0140338
0.00897243
0.0417128
0.0023916
0.0758727
0.00598187
0.00819848
0.0021973
0.00569528
0.017224
0.00135132
0.0164394
0.00691695
0.0567668
0.0160308
0.00211659
0.00382938
0.0373127
0.0732158
0.0310131
0.0121095
0.0150437
0.0023807
0.0130306
0.047819
0.0108164
0.0225733
0.00227769
0.014298
0.0635229
0.0408215
0.0210857
0.0178248
0.00849691
0.0404027
0.0124284
0.00932305
0.0358282
0.000421708
0.0256508
0.0133363
0.0285499
0.0317547
0.0252352
0.0312518
0.02875
0.0120061
0.0422407
0.00217153
0.00162708
0.00807812
0.0304945
0.0565227
0.0396124
0.000578322
0.0433007
0.079653
0.00815285
0.00928291
0.000263945
0.00774841
0.0125095
0.00258443
0.0961107
0.00682929
0.0180933
0.0111464
0.0173286
0.00413122
0.0954911
0.0139765
0.0426524
0.0313189
0.0223225
0.0195101
0.0315161
0.0030765
0.00730667
0.0525633
0.0371462
0.0267913
0.0230468
0.00834283
0.0450405
0.00381191
0.00931227
0.00619606
0.00137918
0.00188737
0.00289937
0.0139892
0.0442964
0.00102463
0.0400113
0.0118384
0.0017411
0.0711688
0.0477144
0.0081364
0.106456
0.00549139
0.116794
0.0133508
0.00035234
0.00149353
0.0315807
0.00903874
0.117304
0.00732348
0.0378794
0.00310399
0.0453997
0.00844795
0.0180599
0.0127659
0.125772
0.00231407
0.00911111
0.0381472
0.00762621
0.0374936
0.100596
0.0278657
0.0183372
0.0167925
0.0210422
0.0155806
0.0233947
0.0018822
0.0173796
0.00247706
0.0111205
0.00205565
0.00310132
0.0138208
0.0149114
0.0510206
0.00367582
0.00417712
0.0285907
0.0504434
0.0187642
0.00909006
0.00308984
0.0251497
0.0317977
0.00906839
0.00932398
0.0171718
0.00905955
0.031439
0.00889638
0.0167991
0.0183102
0.00916232
0.0379761
0.0400613
0.0155332
0.00106732
0.0156696
0.0644594
0.0292866
0.0353718
0.0278408
0.084679
0.0146251
0.094098
0.00530512
0.00913014
0.0128441
0.0174125
0.0825914
0.0714069
0.000516755
0.0140426
0.0323583
0.0390171
0.0197077
0.047173
0.0305903
0.0676164
0.0088868
0.00752579
0.0215303
0.0170835
0.00593511
0.0149813
0.0691687
0.00330952
0.00277385
0.0016432
0.0172042
0.0381095
0.00649475
0.0220973
0.00731959
0.0254056
0.0690092
0.0313039
0.00232634
0.0173928
0.0085968
0.0157495
0.0252236
0.0410251
0.0126488
0.00616897
0.0453792
0.0155854
0.00269697
0.0106358
0.0300793
0.0281989
0.000887101
0.0315966
0.0299709
0.105261
0.00534257
0.0189801
0.0185907
0.0147831
0.0142902
0.00954886
0.00289091
0.00193476
0.00482391
0.0127942
0.0299774
0.00126528
0.0703555
0.0536488
0.0247335
0.00495096
0.0249853
0.0161936
0.0115678
0.00290845
0.00347881
0.016128
0.00347237
0.00413266
0.0110951
0.0397067
0.0704076
0.00594751
0.0231634
0.0514375
0.000813827
0.0313444
0.0399193
0.0126735
0.0341891
0.0129914
0.0152717
0.00479768
0.0198818
0.0385714
0.00945934
0.00247392
0.0041695
0.0207298
0.00294157
0.0252326
0.00352643
0.00643601
0.0731243
0.0155218
0.00320515
0.0367409
0.000227543
0.00366432
0.00906402
0.000187774
0.0217442
0.00104544
0.0218845
0.0807047
0.0417777
0.0662505
0.00277797
0.0420801
0.0102738
0.019087
0.00229232
0.0152094
0.00156018
0.000861721
0.0901481
0.0550109
0.00345066
0.0138557
0.0155109
0.0191729
0.0571903
0.00125311
0.0189167
0.0198854
0.0466906
0.00295166
0.00224578
0.0156769
0.00340681
0.00946614
0.00617044
0.0183669
0.00152149
0.0576412
0.00510342
0.0294503
0.0143098
0.00946231
0.0299226
0.0487592
0.0016114
0.0192849
0.00687268
0.037297
0.033819
0.00734722
0.0149469
0.0140766
0.0232422
0.0217525
0.0383912
0.0144032
0.00141451
0.0108297
0.0742703
0.030538
0.00394279
0.0127912
0.0601382
0.0238674
0.0197055
0.0278951
0.00940505
0.00364667
0.0198428
0.0147529
0.00989626
0.0459908
0.00192074
0.0167556
0.0140565
0.0837374
0.00357121
0.0176592
0.0667285
0.00649116
0.0155454
0.000835585
0.0210848
0.0193187
0.0117921
0.0125811
0.0494124
0.00221709
0.0277944
0.0239118
0.0267659
0.00702411
0.154142
0.00383486
0.00036696
0.0269503
0.0380518
0.016429
0.0363424
0.0013355
0.00141607
0.00967874
0.00800082
0.0144887
0.0128877
0.0273412
0.00858657
0.0432158
0.00207893
0.0155992
0.00946875
0.00577089
0.00494398
0.0865592
0.0227043
0.0200388
0.049534
0.0234253
0.00873195
0.0162976
0.00130976
0.00138004
0.00561066
0.0236847
0.0193244
0.0233618
0.0202584
0.00686921
0.0279573
0.07029
0.018477
0.00850077
0.00327062
0.0033063
0.0267092
0.0222908
0.0368988
0.033148
0.0684152
0.0285474
0.0226231
0.0143061
0.0324712
0.00692106
0.0287322
0.0071574
0.00452525
0.00857287
0.0900923
0.0126459
0.0597109
0.0306257
0.00815113
0.00721694
0.013658
0.0355322
0.00970389
0.0970596
0.00123244
0.003172
0.0328594
0.0416111
0.0195398
0.0219002
0.0125258
0.00204562
0.0337185
0.0294554
0.00818513
0.0282199
0.0165979
0.0611111
0.0052809
0.000531727
0.0474481
0.0663894
0.0734696
0.0150071
0.0248788
0.0448887
0.0235317
0.0499864
0.0379769
0.0019438
0.068489
0.0136509
0.00526483
0.0239738
0.00998446
0.00752657
0.0166116
0.0442935
0.0133857
0.00499853
0.048516
0.00112653
0.0422484
0.0015716
0.0331264
0.0136227
0.0192478
0.00767046
0.0821395
0.00158396
0.0132614
0.0103459
0.049665
0.000500862
0.0180507
0.00242513
0.0356957
0.00568301
0.0196634
0.0199994
0.0230578
0.0618286
0.00825506
0.00126885
0.0223064
0.0574069
0.00226833
0.0295008
0.0285374
0.0197431
0.0320087
0.020807
0.0146624
0.0112073
0.00124006
0.0283657
0.0262732
0.0222193
0.0150897
0.0334828
0.0439778
0.0210426
0.00191175
0.00614895
0.00835875
0.00112177
0.0566134
0.00531364
0.0219212
0.01014
0.0151991
0.00232544
0.00542384
0.0266679
0.00756585
0.0104061
0.0428018
0.106466
0.00392462
0.0186529
0.00243692
0.00820658
0.0132849
0.00169783
0.074078
0.0112136
0.00221694
0.0202714
0.00977736
0.000926588
0.0226578
0.00961743
0.00277701
0.0105502
0.0387688
0.0673339
0.0407212
0.00244471
0.0663656
0.218625
0.096123
0.0166719
0.0370041
0.161572
0.0886439
0.0279025
0.000660176
0.0166321
0.0391717
0.0286847
0.0866153
0.044083
0.0147609
0.0298123
0.00545575
0.0162519
0.0227463
0.0145209
0.0235086
0.0124145
0.0373542
0.046335
0.11187
0.01765
0.00160241
0.0298988
0.0447292
0.0316534
0.140097
0.0500385
0.00857689
0.00874231
0.00962504
0.00530033
0.0138833
0.00902494
0.021041
0.0377481
0.0029993
0.0276066
0.0169071
0.00189341
0.0239405
0.00284324
0.0110936
0.0145066
0.0083032
0.0753101
0.0171466
0.00101706
0.0360411
0.0337641
0.0270596
0.0510347
0.0323685
0.000310192
0.00106396
0.0112754
0.012031
0.00663241
0.0112413
0.0190262
0.0137593
0.0127497
0.00282862
0.0179631
0.0285704
0.0104646
0.0245743
0.0232293
0.0506486
0.0500181
0.0371169
0.040525
0.0593473
0.0234064
0.001997
0.00169769
0.0220425
0.00349122
0.00974195
0.0143744
0.00820002
0.097416
0.0433424
0.0220098
0.130506
0.078787
0.00257886
0.0697608
0.00256299
0.00489308
0.0120537
0.0207021
0.00129692
0.149551
0.0608049
0.0330442
0.0128051
0.0123917
0.0648556
0.0050562
0.0139016
0.0259628
0.049031
0.00156316
0.0124946
0.0642552
0.00430984
0.0235172
0.00807502
0.0244934
0.0325937
0.00421084
0.0240291
0.0335713
0.00156569
0.0104205
0.0133255
0.0115801
0.00593167
0.00536885
0.0141828
0.0599886
0.0444072
0.0836682
0.00999273
0.0343028
0.00248245
0.038108
0.0254243
0.0381197
0.0363838
0.075843
0.0163495
0.0369165
0.016549
0.0230898
0.0198479
0.0143724
0.0420808
0.0242703
0.0332998
0.0192896
0.0216074
0.0209483
0.0094212
0.0250574
0.00169844
0.0147298
0.0015936
0.0559251
0.0176593
0.0748208
0.0247435
0.0351812
0.00572389
0.00952931
0.0228648
0.101367
0.0738795
0.0699734
0.00106531
0.00679235
0.026306
0.0459324
0.0467353
0.0592936
0.0179682
0.0174249
0.0246576
0.0235677
0.00735685
0.0125297
0.0128457
0.017236
0.00583635
0.0819903
0.0139396
0.0472711
0.00219841
0.0146809
0.0778167
0.0221867
0.0273792
0.00259774
0.0246707
0.0100239
0.020151
0.0195266
0.0167486
0.0114505
0.0136624
0.00945932
0.00141512
0.0407308
0.00155956
0.0264925
0.0460013
0.0400016
0.017414
0.195076
0.0172187
0.00942738
0.00386353
0.0115982
0.00385095
0.0716586
0.00119033
0.00268233
0.00236339
0.0267297
0.00242311
0.0566136
0.0869531
0.0556049
0.09653
0.00531251
0.00470878
0.0247847
0.00777178
0.0726919
0.0407507
0.0182195
0.00439953
0.00746022
0.0335124
0.0766481
0.00284406
0.057553
0.0366431
0.00862349
0.00869662
0.0121835
0.00237914
0.0166728
0.0266139
0.0324523
0.0203314
0.0137239
0.00155419
0.00304162
0.0508797
0.00939054
0.0190623
0.0298811
0.0048653
0.00635096
0.00872821
0.011138
0.0680142
0.000352057
0.0269741
0.0381133
0.00594549
0.00148278
0.00204244
0.0278776
0.0164212
0.0366143
0.00549629
0.0051465
0.0324454
0.0249636
0.108704
0.00287303
0.0231091
0.00725533
0.00733199
0.0134932
0.010863
0.0930637
0.0126848
0.0119502
0.00198369
0.0533622
0.0229896
0.139722
0.032532
0.000512565
0.0173499
0.0519481
0.0185081
0.168967
0.014715
0.0214172
0.0056255
0.0188409
0.0266598
0.00389558
0.00821343
0.00222441
0.0189145
0.0196455
0.0181294
0.0328142
0.00586069
0.0038
0.00533821
0.0589247
0.0465499
0.0576605
0.0434355
0.0111966
0.023506
0.00943101
0.00690868
0.00737161
0.0158558
0.0638696
0.0247081
0.0169201
0.0129355
0.00943204
0.01905
0.0186618
0.0188073
0.0217678
0.0107004
0.00183358
0.0240759
0.00816157
0.00802706
0.00497942
0.0875873
0.00122482
0.0288311
0.026085
0.0594954
0.0173018
0.0416953
0.13295
0.0503662
0.0599368
0.0141881
0.0232728
0.0283825
0.0217407
0.0315186
0.0457941
0.00644219
0.0024498
0.026614
0.0116501
0.0538587
0.00142836
0.00266427
0.0181535
0.00683484
0.0283848
0.0030654
0.0252786
0.0119509
0.0167513
0.0140089
0.00244624
0.01448
0.0217104
0.0188217
0.0467571
0.0405034
0.0372288
0.0245873
0.0250355
0.0229778
0.0105066
0.00301152
0.0512482
0.043174
0.00856782
0.153005
0.0375165
0.01566
0.00119504
0.0208439
0.00145971
0.0751636
0.00851685
0.00471276
0.0204923
0.003147
0.0715465
0.00124169
0.0056385
0.0121977
0.00222593
0.0630227
0.00229251
0.0312149
0.0197342
0.122288
0.0892236
0.00158429
0.016482
0.0206223
0.0296445
0.0153579
0.0266996
0.0126343
0.124382
0.0205262
0.0116145
0.0751549
0.0177025
0.0273876
0.00316805
0.0189171
0.00125752
0.032767
0.00664048
0.0200394
0.0454348
0.0258977
0.113394
0.0179385
0.0183263
0.0413957
0.0952063
0.00436872
0.0144325
0.0117226
0.0408903
0.0112539
0.0076073
0.121439
0.076678
0.0238723
0.0316117
0.0146128
0.0219852
0.0125002
0.00221589
0.0245816
0.0420458
0.00825249
0.0240957
0.00267525
0.0100851
0.00965231
0.00463419
0.00282553
0.0414914
0.00154287
0.0303028
0.0590205
0.0884248
0.00953127
0.0049618
0.0315932
0.00572807
0.00330476
0.15786
0.0646694
0.0135619
0.015137
0.0152682
0.0560237
0.0401378
0.00705087
0.0362253
0.00763635
0.00922892
0.0150883
0.00298061
0.00202813
0.0563235
0.0307521
0.0161783
0.0266149
0.0221804
0.00267647
0.0205846
0.0260919
0.000803416
0.0503899
0.00256661
0.120249
0.0049006
0.0328515
0.0946363
0.0389195
0.0469838
0.025848
0.0339265
0.0549602
0.02476
0.0769198
0.00334692
0.000893422
0.0212934
0.0079928
0.0602588
0.0561988
0.0209812
0.00149068
0.141929
0.00131425
0.00186807
0.00673579
0.06254
0.0364391
0.00983689
0.0566327
0.00287584
0.0133238
0.0142101
0.00322067
0.0159107
0.00229657
0.0160684
0.00528211
0.0500667
0.0164775
0.0120354
0.0173235
0.0235686
0.0198265
0.0139644
0.00356188
0.012302
0.00567884
0.0205111
0.0488958
0.059142
0.0354778
0.00260199
0.0185867
0.0193858
0.0062289
0.0494049
0.00513104
0.0117188
0.0292413
0.0213333
0.0299712
0.016163
0.0116325
0.0737195
0.0748226
0.0344153
0.00207564
0.0257193
0.00848784
0.0148285
0.0212723
0.0516215
0.0215092
0.0313271
0.00712018
0.0156524
0.0268266
0.00227542
0.0423145
0.0161405
0.0136788
0.0179776
0.0153436
0.00148169
0.0193507
0.0125576
0.0161112
0.00499771
0.016453
0.0256453
0.0409253
0.0283472
0.13155
0.00358964
0.00219636
0.0182816
0.00456981
0.00171009
0.0390939
0.00454232
0.0170698
0.0361655
0.027182
0.0758079
0.0179308
0.0247137
0.00825745
0.0225745
0.00149324
0.050216
0.00850486
0.0119002
0.0639489
0.0306123
0.0393836
0.0117576
0.00341304
0.011365
0.00133523
0.0156163
0.0387161
0.00326163
0.00212664
0.00245003
0.0087086
0.0563412
0.0396832
0.0686459
0.0190629
0.0300586
0.0249065
0.0502225
0.0917134
0.0415654
0.0591399
0.00306381
0.0515823
0.0262602
0.0558723
0.00466449
0.00146766
0.00346711
0.0226281
0.0389944
0.116762
0.00283619
0.00344904
0.0341522
0.0940168
0.0211936
0.000940298
0.0583678
0.0276757
0.000831149
0.0580176
0.00521328
0.0108235
0.0159687
0.0849955
0.013392
0.047137
0.0101648
0.0277382
0.0287365
0.057591
0.047807
0.0933786
0.061712
0.00861343
0.00421009
0.03802
0.00272617
0.0133032
0.0236357
0.0884286
0.000347187
0.0520819
0.00469828
0.0111504
0.0196266
0.0134818
0.00903243
0.00389906
0.095589
0.00226574
0.0315574
0.0182084
0.00045836
0.0175181
0.0253261
0.0293332
0.00683719
0.0574736
0.0251573
0.0122131
0.00922727
0.0818787
0.0444517
0.0358216
0.0106667
0.0643125
0.00383817
0.0137234
0.0342436
0.0158343
0.0362817
0.0143151
0.00581347
0.00273167
0.0236423
0.0231385
0.0480291
0.00371385
0.0198946
0.0252909
0.0128018
0.00882716
0.0841322
0.0013798
0.00927454
0.00649024
0.0118582
0.0147719
0.0124052
0.0478717
0.0282526
0.0266738
0.0155739
0.0655597
0.0201531
0.0161551
0.0182736
0.00279721
0.0145441
0.0310484
0.00704841
0.0399071
0.0158505
0.0264392
0.0260466
0.0079668
0.00730312
0.0194203
0.0265247
0.00212947
0.0412163
0.0714815
0.00902031
0.0130037
0.0582256
0.00985987
0.0174518
0.00312894
0.0285904
0.0197194
0.0478374
0.00119882
0.0371247
0.0725166
0.0661641
0.00312934
0.0122707
0.00799833
0.0164757
0.0680241
0.0108699
0.0113844
0.0117743
0.0787227
0.006334
0.0192077
0.0886246
0.00214427
0.051448
0.0154505
0.0127995
0.0117503
0.0205109
0.00139283
0.0205204
0.0022093
0.00171591
0.0013967
0.0152063
0.00520483
0.0138876
0.0294437
0.0174738
0.00798263
0.0212318
0.0462778
0.021115
0.0344904
0.0628309
0.0178582
0.0758426
0.0215467
0.00705989
0.0245572
0.0431316
0.128105
0.00156786
0.000687661
0.011285
0.0115223
0.00827415
0.0146436
0.0148435
0.0299808
0.00382901
0.0283653
0.00444387
0.0170324
0.0150137
0.0108111
0.0776155
0.00576059
0.0201944
0.00785898
0.0297273
0.0218303
0.0302919
0.0195515
0.0174722
0.0230491
0.00574835
0.0963923
0.00178747
0.0734251
0.0474944
0.0178481
0.0137554
0.0251927
0.0228917
0.044489
0.0245532
0.00971795
0.00249802
0.00828248
0.0138817
0.0567034
0.0226893
0.00111912
0.0148797
0.0622587
0.0734705
0.0243336
0.0125557
0.0127564
0.0829327
0.0319298
0.0017461
0.00237653
0.00335174
0.00706191
0.00122874
0.00213343
0.00336671
0.00113422
0.00138014
0.00392468
0.00457249
0.0280313
0.00465273
0.0419872
0.00664555
0.00334685
0.0621347
0.00289958
0.0966411
0.00908419
0.0212481
0.0615657
0.00796977
0.0707019
0.0116075
0.0161709
0.0360293
0.0287001
0.0243284
0.00048388
0.00222372
0.0489723
0.0473896
0.00714137
0.00947139
0.0315446
0.00634699
0.00709294
0.0136489
0.0364583
0.00952814
0.0482105
0.0111762
0.00111222
0.00318632
0.00159642
0.0338668
0.00306432
0.0023531
0.0165364
0.0134018
0.0333036
0.0233963
0.0111101
0.0381591
0.0328698
0.0147445
0.0396443
0.0196134
0.0167206
0.00134974
0.0233456
0.00158072
0.00804509
0.0205715
0.00879706
0.0126602
0.0197351
0.083007
0.068261
0.00096714
0.0221979
0.002574
0.138909
0.00699442
0.0914939
0.0205414
0.00647562
0.00227041
0.0290019
0.0134507
0.0209321
0.0434843
0.0129801
0.00722668
0.0173471
0.0161218
0.021322
0.0360682
0.0027054
0.0179696
0.01355
0.022129
0.00199667
0.00352661
0.0613863
0.0446356
0.042109
0.00550005
0.0655064
0.0047299
0.0456055
0.130216
0.0147943
0.0246877
0.010023
0.0180851
0.0118148
0.00970652
0.0217419
0.107182
0.00960001
0.0117882
0.0326334
0.00529082
0.00970453
0.00614692
0.0100452
0.0185966
0.0015221
0.0217404
0.00466589
0.00570876
0.00238049
0.0158673
0.0171925
0.0727859
0.00905581
0.0400869
0.0017804
0.0369295
0.00523333
0.0164162
0.0130281
0.00235346
0.0249017
0.0120261
0.0223788
0.0382687
0.0120148
0.00614622
0.0101775
0.0192793
0.114743
0.0523855
0.00878236
0.00584664
0.0680111
0.021323
0.0665143
0.0355404
0.000529846
0.00357643
0.0417426
0.0125185
0.0467632
0.00355698
0.0112772
0.0234876
0.0151857
0.0029402
0.018014
0.000677894
0.0243532
0.0572356
0.000835035
0.0190525
0.0151787
0.00460081
0.0122037
0.00123276
0.0100132
0.00840549
0.0454407
0.0311751
0.00569564
0.0089082
0.00253582
0.0249743
0.00300952
0.0338605
0.00226268
0.0190617
0.0140849
0.0694938
0.0182446
0.0346337
0.0212207
0.0137881
0.0112015
0.00393681
0.00386864
0.0108979
0.0207796
0.0163188
0.0015338
0.0155839
0.00361045
0.0058271
0.00170383
0.0255002
0.00865212
0.0209692
0.00073134
0.0302394
0.0902059
0.0196531
0.00893447
0.0547205
0.111049
0.0242431
0.0155938
0.155967
0.0810015
0.0293888
0.00577454
0.00912699
0.00894901
0.00653527
0.0170585
0.00976829
0.024429
0.00221536
0.0368928
0.00288017
0.00788099
0.0340801
0.034288
0.0352286
0.0107297
0.00905055
0.0492803
0.0179102
0.040769
0.0119178
0.0261463
0.0175638
0.0315856
0.025501
0.0095331
0.0214581
0.0420618
0.00809711
0.0110865
0.0316297
0.00344557
0.0536618
0.00140676
0.0220216
0.0387772
0.0162479
0.00411519
0.029772
0.00821028
0.0012377
0.00975382
0.0160303
0.0157038
0.0161133
0.0334656
0.0147215
0.0174759
0.0257732
0.00972864
0.0369949
0.00691636
0.00441839
0.00156904
0.00275996
0.00264869
0.0307233
0.00590052
0.0449743
0.00129864
0.0528406
0.00933508
0.022198
0.0102123
0.00993943
0.00119998
0.0230729
0.0233935
0.0210418
0.0213651
0.0217679
0.0393999
0.0209118
0.0425109
0.0113431
0.000619597
0.00664688
0.0209416
0.0395709
0.0179335
0.0142695
0.00189513
0.0419947
0.0023668
0.00871581
0.0335092
0.0268568
0.0274507
0.0397958
0.0456946
0.0261046
0.0162344
0.0151515
0.0505826
0.0232407
0.00964243
0.0163122
0.0538642
0.00106684
0.0343593
0.00135105
0.0221221
0.0296324
0.00602424
0.00290598
0.0498213
0.0104923
0.01402
0.00607379
0.0679121
0.0558572
0.0100014
0.0362802
0.0161498
0.024003
0.00426616
0.00565813
0.00140178
0.0176253
0.0122495
0.0564255
0.00711823
0.00282147
0.00736642
0.0132207
0.0315184
0.0331989
0.0223574
0.00293492
0.0562704
0.020284
0.0223354
0.00148163
0.0147774
0.00421912
0.0133729
0.0294925
0.0391008
0.0637475
0.0101615
0.00344896
0.0437585
0.102314
0.0127246
0.0771902
0.0709506
0.0160978
0.0418916
0.0125453
0.00283786
0.000905076
0.000521204
0.0022517
0.0203149
0.051012
0.0520686
0.00148397
0.0123183
0.0400182
0.00501804
0.00843379
0.00776189
0.000737482
0.0453544
0.0509799
0.0258462
0.0445019
0.00561837
0.00529237
0.0174308
0.00770128
0.0153413
0.00515903
0.00174211
0.00253329
0.0138646
0.00129462
0.00548777
0.0129676
0.0327311
0.00393949
0.00106473
0.00642602
0.00752096
0.00674423
0.000724956
0.00020367
0.016269
0.0118602
0.0689263
0.00246724
0.00138872
0.00127147
0.00109384
0.00177856
0.0314875
0.0282882
0.0312322
0.0245079
0.016361
0.0182858
0.00778361
0.0173115
0.0201612
0.0708556
0.00639722
0.00118507
0.0409996
0.00039424
0.0124083
0.030982
0.013172
0.0302971
0.007005
0.0198827
0.00152889
0.00213887
0.110049
0.0142021
0.0213607
0.00589159
0.0154968
0.0111891
0.0100044
0.000732335
0.00631213
0.0519425
0.0535965
0.0450164
0.0180333
0.00907724
0.0713896
0.0152641
0.0398477
0.00816814
0.0719513
0.00179448
0.00404582
0.0408911
0.00193574
0.0179675
0.00637403
0.0304186
0.1141
0.0457725
0.00994798
0.0824942
0.0251258
0.0216633
0.0304655
0.0489996
0.0392443
0.0161975
0.0372838
0.0351535
0.0021795
0.0565609
0.0463096
0.0370292
0.0854446
0.0395442
0.0300085
0.0269757
0.0129407
0.0573029
0.027254
0.0234323
0.00194845
0.0203197
0.00104006
0.0339334
0.000677437
0.0231247
0.0145306
0.0454391
0.0265106
0.0517082
0.00278388
0.0159657
0.017416
0.0211125
0.0293043
0.00264138
0.0179789
0.0103154
0.0650729
0.0111747
0.0431978
0.0962787
0.016849
0.00706177
0.00995113
0.00742563
0.0330853
0.0430777
0.00826684
0.00170941
0.0169789
0.0109663
0.05292
0.00196301
0.00210961
0.0252982
0.0123451
0.0110941
0.0846362
0.0345193
0.00286485
0.00601474
0.035038
0.0175022
0.0156381
0.00361671
0.00821672
0.0736785
0.0300429
0.00872573
0.0355606
0.00755484
0.0582399
0.00516126
0.00394836
0.0326696
0.0195856
0.011872
0.00788295
0.00140845
0.00543271
0.00210871
0.0364287
0.00937873
0.0105352
0.0233541
0.067
0.0311204
0.0356337
0.00372523
0.010192
0.0014758
0.0154497
0.00340758
0.0684284
0.00128366
0.0177228
0.033896
0.000218309
0.00894193
0.0102768
0.00981313
0.0395506
0.0511558
0.0113877
0.0278285
0.00197883
0.033781
0.0215587
0.0123817
0.0234671
0.000485161
0.0310704
0.0246875
0.00205651
0.00664134
0.0591084
0.0225951
0.0577669
0.00166834
0.0238618
0.0197907
0.00917863
0.00164026
0.006333
0.0202802
0.0220432
0.00302239
0.0156297
0.0138952
0.0173915
0.0433899
0.00259335
0.00998782
0.0106056
0.0318414
0.0122543
0.00673342
0.0184802
0.0254953
0.0288742
0.0375802
0.00345106
0.00202202
0.0829334
0.00758607
0.0230591
0.0165591
0.00135263
0.062212
0.0710122
0.0494107
0.0123885
0.0569212
0.00577081
0.00178206
0.0482571
0.0105165
0.0255929
0.018054
0.020164
0.0117077
0.00973256
0.000272633
0.0118142
0.00778219
0.00952329
0.0148917
0.0449773
0.116274
0.0291873
0.00192663
0.0166697
0.0295262
0.0318462
0.00556004
0.0716067
0.0488955
0.0967673
0.0122775
0.0150508
0.00159501
0.0179993
0.0648819
0.00253148
0.0156845
0.0131016
0.00314692
0.00387894
0.0371235
0.00271488
0.0357539
0.00860254
0.00984104
0.026767
0.0886518
0.000491403
0.0252474
0.014547
0.00512719
0.0291721
0.0209797
0.0139568
0.0535764
0.0192007
0.0381933
0.00850575
0.00809528
0.0410271
0.0972429
0.0249667
0.00744058
0.00485402
0.0150394
0.0343678
0.00304677
0.0523946
0.0152088
0.0219689
0.0488993
0.00323197
0.00156621
0.0163919
0.0199936
0.0303724
0.000721772
0.005146
0.0160116
0.0869929
0.0378835
0.0293526
0.0145428
0.0246533
0.0734688
0.00876352
0.0437826
0.00622622
0.00228702
0.016085
0.0456492
0.0130064
0.0485303
0.00118625
0.0224512
0.00919752
0.0077716
0.0216984
0.0152533
0.0246748
0.0539084
0.0164058
0.116383
0.0017716
0.0134635
0.00419348
0.0242428
0.017159
0.041737
0.0223862
0.00124106
0.0024143
0.0216806
0.0140288
0.0160856
0.0096473
0.00855345
0.0203183
0.0285695
0.0012376
0.019957
0.0124609
0.00063462
0.0480053
0.0011126
0.0599665
0.0192019
0.0695658
0.0197946
0.124817
0.00166131
0.0459049
0.0189693
0.0312734
0.00603215
0.121789
0.00549852
0.0102636
0.0396081
0.0296212
0.0270527
0.0261456
0.0158323
0.0742885
0.0314529
0.0667421
0.0282088
0.0205523
0.0235691
0.0582696
0.0164215
0.0145221
0.00591566
0.0216927
0.00930423
0.0382424
0.0148569
0.00135133
0.00795228
0.0119387
0.0252153
0.00155176
0.025126
0.0240367
0.0159606
0.0191252
0.03146
0.0548974
0.016282
0.0611158
0.0101943
0.0313891
0.0447021
0.010503
0.0334275
0.0140969
0.0301342
0.0525369
0.0010936
0.015635
0.0824106
0.0227925
0.0172374
0.0363162
0.0477917
0.0154691
0.0106776
0.0326279
0.0139855
0.0447713
0.0124767
0.0231932
0.0254384
0.00287379
0.00310798
0.00246727
0.00335822
0.00576896
0.00478449
0.0470187
0.0571834
0.0179544
0.0505553
0.00332875
0.0601401
0.00726201
0.0551828
0.0780976
0.00560073
0.00851842
0.0355435
0.000937267
0.0011636
0.00271361
0.0161222
0.00604156
0.020539
0.047796
0.0256233
0.0243636
0.0108708
0.0173588
0.00593803
0.0164992
0.00229066
0.0197385
0.0109744
0.00128234
0.0190044
0.0180089
0.0185509
0.0069267
0.145975
0.0364814
0.0107052
0.0215484
0.0613429
0.0347768
0.095023
0.0237128
0.00131557
0.0135841
0.00459434
0.0112247
0.00248555
0.0425612
0.0298426
0.00924846
0.0174604
0.0111804
0.00646451
0.0253282
0.0294706
0.0575486
0.00436486
0.0152182
0.017071
0.0130443
0.0917784
0.033254
0.00519495
0.0307181
0.0112526
0.0871545
0.0137515
0.0464625
0.00795495
0.0167197
0.0232153
0.00536685
0.011067
0.0467259
0.0015247
0.0125558
0.00926687
0.00205395
0.0229341
0.0211572
0.057264
0.0134877
0.0900554
0.0259936
0.018199
0.062529
0.0280682
0.00937567
0.00430604
0.000160952
0.00468086
0.0582034
0.0166139
0.0379174
0.0117302
0.00312753
0.000677251
0.0136541
0.00982968
0.0107742
0.0189714
0.00544809
0.0241464
0.0280087
0.00843433
0.00262246
0.00962135
0.027645
0.00976034
0.00846679
0.00297139
0.0193781
0.0306863
0.0115799
0.0210406
0.0108889
0.0183191
0.00179105
0.0158497
0.0757375
0.00318175
0.0465471
0.00608643
0.0223515
0.00341664
0.00226469
0.0327355
0.0072915
0.0868469
0.0191773
0.0642327
0.000491199
0.0219166
0.00310125
0.00182728
0.0212828
0.0117468
0.00209219
0.04685
0.00677544
0.0239892
0.0569527
0.0442034
0.10006
0.0412554
0.00759694
0.0126779
0.0124651
0.0108239
0.0113955
0.0151425
0.103015
0.0170624
0.016831
0.0149074
0.0593599
0.0333586
0.0281194
0.00277928
0.00747569
0.00361931
0.00275155
0.0175532
0.081167
0.00308251
0.0136762
0.0204467
0.00759727
0.00904106
0.0269701
0.0713396
0.0513971
0.126855
0.00573697
0.0503404
0.00684236
0.00188525
0.00140389
0.00847798
0.0404442
0.0183423
0.00178763
0.00910346
0.0058339
0.00953948
0.00910228
0.162162
0.144209
0.00579182
0.0136907
0.00777112
0.0548044
0.0118329
0.00905916
0.0452756
0.0218459
0.000617672
0.00357268
0.0514808
0.00513992
0.00881593
0.00564313
0.00141088
0.00197598
0.0268378
0.0179114
0.0528708
0.0274673
0.00444579
0.00621925
0.0984651
0.019091
0.0111111
0.0220766
0.0261946
0.017428
0.0137496
0.0357403
0.0241867
0.014763
0.00459638
0.0198377
0.0148857
0.00213783
0.00698643
0.0323695
0.0160388
0.0150559
0.0206749
0.0578951
0.00190769
0.0128397
0.00163905
0.0143081
0.00884396
0.0146296
0.020623
0.0149515
0.0904102
0.000890811
0.038861
0.00743679
0.0369445
0.0376326
0.0124081
0.015203
0.00662654
0.0484601
0.0131895
0.00516967
0.00410599
0.0120539
0.00525746
0.0565353
0.0274996
0.00377041
0.00180758
0.0125663
0.0113361
0.0032094
0.0346409
0.00736312
0.0192683
0.00160929
0.00899842
0.0241971
0.00598331
0.07819
0.00797661
0.0155739
0.00318719
0.0704049
0.000561365
0.0338542
0.00271882
0.00174916
0.00125236
0.0128081
0.0311981
0.0300933
0.0149567
0.0198513
0.0230084
0.00269708
0.0194682
0.0418564
0.00639321
0.0114135
0.0262029
0.0125224
0.0234668
0.0317769
0.00871066
0.0122554
0.00838737
0.0402732
0.0430886
0.110407
0.0352136
0.0244513
0.0088673
0.00875036
0.000704815
0.0281624
0.00528268
0.00547493
0.0129565
0.0431244
0.00171386
0.000500305
0.00121561
0.0405555
0.042813
0.0185293
0.0376951
0.00915057
0.0269078
0.0393635
0.0669355
0.00213125
0.0212433
0.031274
0.0311382
0.00687168
0.00294348
0.0112643
0.0255052
0.0801791
0.0791962
0.0887494
0.0068749
0.00815441
0.139905
0.0456387
0.04751
0.209682
0.0627138
0.0212421
0.0292539
0.00124355
0.0126095
0.0223579
0.013451
0.017206
0.0588213
0.00398689
0.0353201
0.00216041
0.0209692
0.00155311
0.00489035
0.0231155
0.0185949
0.0870385
0.0105856
0.00127358
0.0204744
0.150981
0.0206621
0.0213841
0.000961781
0.0130134
0.0126326
0.0125555
0.02967
0.0147827
0.0140293
0.0444934
0.00336824
0.0102992
0.0559776
0.0017826
0.012891
0.0275769
0.00873635
0.000889858
0.0573667
0.00195255
0.00168983
0.0188792
0.00250048
0.0538808
0.0849123
0.00820524
0.0182444
0.00810623
0.00169596
0.0642539
0.007495
0.000248474
0.00146221
0.0489225
0.0150341
0.00252561
0.00834696
0.0320756
0.0220173
0.0275008
0.00462378
0.00592606
0.0524812
0.0194913
0.00443664
0.00168712
0.0397077
0.0224451
0.068852
0.0584486
0.0242863
0.0514677
0.0105827
0.0111704
0.00138307
0.0313532
0.0336759
0.00985085
0.00672488
0.00224506
0.0258274
0.0033066
0.0365926
0.00257101
0.0104219
0.00111871
0.0523365
0.0353253
0.0100853
0.00567883
0.034021
0.0514828
0.00494865
0.0308402
0.0188402
0.00595058
0.0126099
0.0222009
0.0536381
0.0909917
0.00182079
0.0704436
0.0322176
0.0152744
0.0112361
0.00973801
0.0120533
0.0135516
0.0124982
0.00233115
0.0105588
0.0456567
0.00784442
0.00746929
0.0264635
0.00845123
0.000717028
0.042627
0.00956214
0.132939
0.0071012
0.00391369
0.00173435
0.0139905
0.0133261
0.0210883
0.000562583
0.0224686
0.0551077
0.0531157
0.00761687
0.0161451
0.00766706
0.00257341
0.00482586
0.0186648
0.00202042
0.00225067
0.000737072
0.00324859
0.0068287
0.0766486
0.00211742
0.00873549
0.00157688
0.0637802
0.0819977
0.00432533
0.0305655
0.00206645
0.014982
0.0282
0.0152861
0.0453304
0.0267868
0.00642844
0.0250023
0.0177244
0.00229373
0.0298559
0.013908
0.0353431
0.0597223
0.0339345
0.0223522
0.0138717
0.0375974
0.0201692
0.00206668
0.00242054
0.00914904
0.00221931
0.0565525
0.0411995
0.0138787
0.00120183
0.0137891
0.00981056
0.0971008
0.173895
0.0338524
0.127695
