0.00166122
0.00307409
0.00362594
0.0030217
0.000945379
0.00105723
0.00321281
0.00233977
0.000436498
0.0019376
0.0021735
0.00239003
0.00182993
0.00130895
0.00236978
0.00390624
0.00627884
0.00396047
0.00453332
0.00167785
0.00477129
0.00505846
0.000450763
0.0025638
0.00191392
0.0014656
0.00292587
0.0139183
0.00179654
0.000599614
0.000799598
0.00461967
0.00402326
0.00360149
0.00121382
0.00191942
0.00695936
0.00169803
0.0050698
0.00233146
0.00764815
0.0027464
0.00433208
0.00382091
0.00384015
0.00622427
0.00190714
0.00589156
0.00179071
0.0018862
0.00143853
0.00124298
0.00237977
0.0120792
0.000701378
0.00677702
0.00238226
0.00563801
0.00195413
0.0022138
0.00182449
0.00417444
0.0114482
0.0160767
0.00269202
0.0064983
0.00794417
0.00797772
0.000641788
0.00284561
0.000858463
0.00928006
0.00196633
0.00261419
0.0128547
0.00344648
0.00200125
0.00381291
0.00218703
0.00306496
0.00335256
0.00208884
0.0024134
0.00258837
0.00197007
0.0021567
0.00123716
0.00911488
0.00783923
0.00692626
0.00758998
0.00364776
0.00574451
0.000598615
0.00174275
0.00172263
0.00406507
0.000780493
0.00368742
0.00286934
0.0141378
0.00660993
0.00238684
0.00547677
0.00152301
0.00285843
0.00189875
0.0038431
0.0025088
0.00301371
0.00250219
0.00370462
0.00200196
0.00296515
0.00221628
0.0016832
0.0022499
0.00478792
0.00171893
0.00402291
0.012896
0.000657554
0.00204244
0.00403798
0.00209979
0.0133755
0.00269501
0.00137459
0.00406572
0.00727661
0.00347761
0.00180069
0.00134245
0.00856303
0.00181404
0.000278873
0.0132768
0.00513824
0.000995669
0.0013643
0.0117515
0.00229811
0.00418469
0.00220691
0.00267625
0.00253064
0.00287152
0.00345495
0.00694088
0.00152728
0.00337893
0.00487642
0.00294372
0.00239135
0.00136175
0.000519909
0.00168291
0.000656475
0.000877443
0.00127299
0.00262644
0.00298327
0.0044678
0.00553904
0.00687277
0.000615616
0.00128344
0.00473849
0.00570016
0.00352667
0.00212847
0.00201339
0.00609956
0.00399184
0.00106853
0.01138
0.000473575
0.0128744
0.00130994
0.00155467
0.0098255
0.00161854
0.00275273
0.00337052
0.00296132
0.00522149
0.00374559
0.00402087
0.00256027
0.00117026
0.00140428
0.0323938
0.00338881
0.00152043
0.00229354
0.00550876
0.0052626
0.00151613
0.00738779
0.00140989
0.00195493
0.00795216
0.0143952
0.00032371
0.00524675
0.00193003
0.00842755
0.0155653
0.00209383
0.00295867
0.00371772
0.000895157
0.0101621
0.00176216
0.00192553
0.00886367
0.00246843
0.00249895
0.012549
0.00276283
0.00232607
0.0044885
0.00804588
0.00595683
0.00227205
0.00313388
0.0238581
0.00289976
0.00304768
0.00721749
0.00433065
0.00555351
0.000696801
0.0028897
0.00310978
0.0084665
0.00144628
0.00220301
0.00114712
0.00286867
0.00200451
0.0064954
0.00506105
0.000631367
0.00113625
0.00381304
0.00135315
0.00258953
0.000656806
0.00133861
0.00189863
0.00324115
0.000612014
0.00406468
0.00182889
0.00469997
0.00393859
0.00133865
0.00172594
0.00112107
0.00370436
0.00397185
0.00305949
0.00402889
0.000597636
0.0014391
0.00492964
0.00245548
0.00673923
0.00273001
0.00464376
0.00329983
0.00332807
0.0039085
0.00389118
0.000880232
0.0134281
0.00184877
0.000884752
0.00172656
0.000923611
0.00218113
0.0021101
0.00283267
0.0126378
0.00508512
0.00216076
0.003602
0.0217101
0.00277504
0.00384311
0.0169935
0.000678288
0.00736338
0.000721423
0.00495716
0.00566524
0.00461615
0.000782815
0.00538093
0.00030561
0.00235463
0.00479415
0.00168984
0.0041845
0.00199505
0.00428393
0.00218957
0.000996463
0.00204023
0.00114211
0.000973435
0.0036823
0.0062671
0.00986593
0.00221481
0.00528329
0.00225103
0.00670173
0.00145195
0.00367881
0.00112914
0.0103429
0.00400056
0.00178521
0.00302279
0.00182769
0.00788077
0.00954179
0.00424502
0.00406897
0.0027586
0.00608986
0.0036477
0.00120361
0.00342079
0.00410471
0.00513416
0.00390428
0.0121001
0.00122835
0.00394336
0.000655999
0.000382347
0.00992339
0.000832287
0.00343206
0.00130033
0.0014426
0.00408822
0.00127624
0.00183567
0.0049764
0.00179018
0.00296148
0.00183312
0.0070808
0.00131321
0.00345994
0.00231318
0.00201386
0.00234941
0.00678158
0.00423567
0.00094408
0.00226808
0.00164482
0.00194191
0.0102529
0.00216957
0.00098267
0.0050768
0.00605739
0.00304836
0.00173668
0.000420863
0.000499089
0.00692797
0.007963
0.000932908
0.00289895
0.00444383
0.00114793
0.00821191
0.00335621
0.00398404
0.00269641
0.00301689
0.000996859
0.00280638
0.00133899
0.0026137
0.00120732
0.00222927
0.00549152
0.00192044
0.00868441
0.00153816
0.00380659
0.00121396
0.000592361
0.00518305
0.00207798
0.00260622
0.00124419
0.00229395
0.00246029
0.00423743
0.00190095
0.00147176
0.0140388
0.003189
0.00199135
0.00379526
0.00376816
0.00300696
0.00191274
0.00373959
0.00232791
0.00299635
0.00255686
0.00111512
0.0070201
0.00817883
0.002525
0.00196789
0.00140597
0.00247996
0.00199206
0.00073185
0.00294724
0.00775088
0.00123018
0.00121094
0.00589602
0.00488478
0.0291972
0.00470122
0.00552124
0.00181151
0.00921965
0.00217794
0.000630646
0.0026794
0.0045524
0.00201244
0.00763467
0.00219268
0.00242614
0.00525419
0.000979577
0.0015648
0.00138455
0.00152729
0.0028757
0.00681968
0.00240048
0.0025139
0.00418657
0.00130477
0.00304291
0.00126136
0.00667192
0.00922354
0.00331839
0.00209768
0.00302216
0.00268293
0.00175123
0.00600864
0.000796227
0.013387
0.00056086
0.00288398
0.00291298
0.0047959
0.00666697
0.00180242
0.000742984
0.00494695
0.00635124
0.00637862
0.0010102
0.00700335
0.00380564
0.00195079
0.00161055
0.0122304
0.00302276
0.00635039
0.0100203
0.00790779
0.00529918
0.00406207
0.00324669
0.00217253
0.00186468
0.00231164
0.00235508
0.00372828
0.00843911
0.00140764
0.00300018
0.00324941
0.00146994
0.00251599
0.00325324
0.00242942
0.00257758
0.00362524
0.00511439
0.00264578
0.00774225
0.00375958
0.00311334
0.00385116
0.000774489
0.0134729
0.00148297
0.00422801
0.00301541
0.000458541
0.00588544
0.00135331
0.00053626
0.00145309
0.0116779
0.00259937
0.00129245
0.00387036
0.00231783
0.00477335
0.00828495
0.00239835
0.00462417
0.000184543
0.00254512
0.00132976
0.00439709
0.00419661
0.00115575
0.0016358
0.000827931
0.00266094
0.00114813
0.00172118
0.00135677
0.00191326
0.00382792
0.0039244
0.00527789
0.000543968
0.000547505
0.000956586
0.000441774
0.00475355
0.00113101
0.00722627
0.00489256
0.00673187
0.00315993
0.00682001
0.00286102
0.00476661
0.00237076
0.00398953
0.00164597
0.0135623
0.00609125
0.0054801
0.00192998
0.00849482
0.00432639
0.000771103
0.0015964
0.00128781
0.00451941
0.00272209
0.00149601
0.0036005
0.00227256
0.00427292
0.00491278
0.00144435
0.00109883
0.00110143
0.00323757
0.0175351
0.00113949
0.00235742
0.00575165
0.0035148
0.00141567
0.00895016
0.00215328
0.00113349
0.00336517
0.00297552
0.00145112
0.00328102
0.00506241
0.0036949
0.00625064
0.00155743
0.0124379
0.00213877
0.00281451
0.0038925
0.00660292
0.000885128
0.00714438
0.00128747
0.0036594
0.00346555
0.00460634
0.00981718
0.00402074
0.00296539
0.00659946
0.00278785
0.00144096
0.00232846
0.00129703
0.00434039
0.00192935
0.00122615
0.00199225
0.00378029
0.00596541
0.0016368
0.000756493
0.00479315
0.00549879
0.00818783
0.000611793
0.00152375
0.00117941
0.00152193
0.00424624
0.00426229
0.00291306
0.000796466
0.000259713
0.00360635
0.0020009
0.00173512
0.00211415
0.00885574
0.00244164
0.00165032
0.00465928
0.0011643
0.000665016
0.00342398
0.00394948
0.00263
0.00334496
0.00338468
0.00403179
0.0093884
0.00391663
0.00073239
0.00294196
0.00380712
0.0015179
0.0176615
0.00235223
0.0144667
0.00156286
0.0253051
0.00720316
0.00183836
0.00578271
0.00768038
0.00269904
0.00288779
0.00203418
0.00628866
0.00208286
0.00419879
0.00582817
0.00303902
0.00861123
0.00208222
0.00100587
0.00114296
0.00297191
0.000790343
0.00801069
0.000740878
0.00101993
0.00342934
0.00133963
0.00319574
0.00433624
0.00736124
0.00327315
0.00554945
0.00385421
0.00538533
0.00141794
0.00538962
0.00501471
0.000906393
0.000748251
0.00305374
0.00161584
0.00162822
0.000702028
0.0043264
0.00168217
0.00371143
0.00362504
0.00613112
0.00117667
0.00468609
0.00226226
0.00311756
0.00911162
0.00814538
0.00542813
0.0046168
0.000603665
0.00535515
0.00175864
0.00149954
0.00268833
0.00159255
0.00270806
0.00165865
0.00456505
0.00115819
0.00221266
0.00845784
0.00472137
0.00301927
0.00355976
0.00640727
0.00150028
0.00263937
0.00179632
0.00721248
0.00213229
0.00175952
0.0130194
0.00393546
0.00256687
0.00302976
0.00902674
0.00200787
0.00755542
0.00684137
0.00212169
0.0069595
0.00918378
0.0027485
0.00972741
0.00706918
0.00573589
0.00299373
0.00130052
0.00573592
0.00160267
0.00542645
0.000930766
0.0021596
0.00363703
0.00527063
0.00214776
0.00120876
0.00172202
0.00331963
0.0027449
0.00378849
0.00310034
0.00339064
0.00351602
0.00353492
0.00162923
0.00685065
0.00170237
0.00552913
0.00141672
0.00324473
0.00263815
0.00175227
0.00250141
0.00561724
0.000974665
0.00243121
0.000810556
0.00518866
0.00426488
0.000948307
0.00879481
0.014496
0.0110135
0.0060787
0.00386346
0.00126598
0.00189458
0.00764499
0.000756511
0.00195578
0.00300745
0.00775792
0.00237446
0.0062631
0.00105002
0.00821147
0.00152456
0.00149636
0.00202373
0.00193739
0.00298845
0.00732773
0.00228011
0.000857068
0.00439779
0.000658922
0.00485062
0.00302557
0.0043183
0.00240847
0.0038458
0.0014269
0.00364743
0.0015371
0.000717918
0.00304875
0.00270097
0.0017778
0.00295148
0.00105194
0.00956754
0.00137066
0.00283396
0.00393331
0.00341422
0.000489133
0.00265062
0.000658737
0.00367412
0.000625116
0.00365623
0.0116937
0.00926629
0.00257517
0.0118658
0.00172432
0.00200337
0.00174957
0.00546632
0.00438514
0.0047439
0.0024635
0.00394883
0.00108602
0.00118157
0.00197373
0.0033223
0.00592856
0.00182271
0.00241601
0.0038856
0.0042161
0.0084943
0.00267895
0.00358939
0.00396261
0.004933
0.00766641
0.00523004
0.00287021
0.00257589
0.00282443
0.0043359
0.0014995
0.00474421
0.000433991
0.00268625
0.0173727
0.00312138
0.00785563
0.00147784
0.00313364
0.00225542
0.0045067
0.00152668
0.00155287
0.00658536
0.01046
0.00399124
0.00479368
0.00522057
0.00289176
0.00371212
0.00375844
0.00480499
0.0085112
0.00332765
0.00302554
0.00546204
0.00881243
0.00399249
0.00558456
0.00294847
0.00464576
0.00597689
0.00316277
0.000998034
0.00322591
0.00174742
0.0010428
0.0117157
0.00268348
0.0059519
0.00809986
0.0042058
0.00296443
0.00313691
0.00119878
0.00260301
0.00118756
0.00423394
0.00230454
0.00527641
0.00601002
0.00336448
0.00293938
0.00518882
0.00390066
0.00191013
0.00559834
0.00319288
0.00174379
0.0229578
0.00301116
0.00415857
0.00558411
0.0122831
0.00655996
0.00518159
0.0092755
0.00497126
0.00201768
0.00387682
0.00121773
0.00352731
0.00942283
0.00385709
0.00911816
0.000783997
0.00166015
0.00479534
0.00253695
0.00271096
0.00465377
0.00582671
0.00235334
0.00739965
0.00114614
0.000637129
0.00172596
0.00314961
0.00144839
0.00053612
0.00175299
0.000752321
0.003984
0.000427656
0.0222579
0.0100091
0.00160871
0.00121879
0.0046739
0.0107929
0.00227047
0.00103984
0.00164191
0.00160136
0.00369035
0.00270173
0.00177018
0.00220784
0.0109951
0.00219644
0.00170402
0.00164467
0.00212513
0.00381587
0.000688136
0.00725275
0.00198881
0.00202592
0.00276997
0.00555897
0.00631647
0.0022132
0.00347385
0.00312736
0.00602627
0.00566901
0.00558723
0.0025805
0.000867724
0.00358012
0.00129734
0.00242292
0.00123851
0.00184526
0.00295071
0.00430293
0.00562486
0.000847974
0.00356436
0.00427714
0.00297326
0.00358861
0.00325874
0.000282146
0.00103742
0.00285442
0.0106465
0.00243058
0.000627715
0.00169464
0.00202722
0.0065988
0.00606623
0.00433207
0.00151367
0.00181727
0.0039608
0.00400208
0.00253357
0.00301295
0.00296654
0.00801698
0.00654897
0.0110921
0.00497544
0.000475365
0.00199159
0.00178771
0.00205766
0.00440419
0.000803669
0.00100269
0.00378546
0.00409963
0.00860045
0.00376803
0.0007524
0.00695127
0.0112827
0.0010662
0.00244593
0.00366837
0.00443901
0.00258032
0.00342497
0.00338205
0.00145654
0.00350834
0.00550348
0.00703343
0.00764814
0.002035
0.00549841
0.00454384
0.000613671
0.00517252
0.00104455
0.0040597
0.00381628
0.00629979
0.00280582
0.00407314
0.00281098
0.00119234
0.00655495
0.00270343
0.0117293
0.00231825
0.000798469
0.00434692
0.000952486
0.00329711
0.000707799
0.00166111
0.00516385
0.00298197
0.00662088
0.00155413
0.00230059
0.00166881
0.0040741
0.0039731
0.000998372
0.00462753
0.00354822
0.00415828
0.000920339
0.0164336
0.00354365
0.00154753
0.00154531
0.00161017
0.00181064
0.00585091
0.0119015
0.00196588
0.00291846
0.00358894
0.00117388
0.000708203
0.00234555
0.00539105
0.00101518
0.00120869
0.0015169
0.00450343
0.00532022
0.00201341
0.00247965
0.00415823
0.00520531
0.0063213
0.00435413
0.00409577
0.00344845
0.00892219
0.00296498
0.00233162
0.0017139
0.00305164
0.00114252
0.00517803
0.00392028
0.0015687
0.00456834
0.00653102
0.00241662
0.00326501
0.0010813
0.00215359
0.00692939
0.00541805
0.00823198
0.00753788
0.00265889
0.00210437
0.00264391
0.00087193
0.00361736
0.00104364
0.00127862
0.00233688
0.000445374
0.00177148
0.00142125
0.00254227
0.000866608
0.000960073
0.00549271
0.0018971
0.00303284
0.00238485
0.00263717
0.000499971
0.00635008
0.00620492
0.00104947
0.0085474
0.00112406
0.00357151
0.00170225
0.00480808
0.000595064
0.00178018
0.00205134
0.00272231
0.0021732
0.00154891
0.000960978
0.00755816
0.00551117
0.00475853
0.000589096
0.001508
0.00339405
0.00043392
0.0028982
0.00295723
0.00122946
0.00198855
0.00229772
0.00596627
0.00749376
0.00217421
0.0251721
0.00260001
0.00174672
0.0011039
0.00226403
0.00260916
0.00241876
0.00188829
0.00868556
0.00206542
0.014541
0.000438845
0.000917533
0.023062
0.00188263
0.00183195
0.000483756
0.00679805
0.00622818
0.00240143
0.00100662
0.00961325
0.0035921
0.00389365
0.00462042
0.00360105
0.000521469
0.00174709
0.015976
0.00546078
0.00232256
0.00160699
0.00703048
0.00572817
0.00506211
0.000662474
0.025386
0.00537403
0.00135627
0.00394223
0.00430818
0.00114876
0.00487804
0.00582017
0.000937988
0.00260475
0.00119175
0.00495297
0.00173273
0.00163487
0.0206199
0.00200276
0.00168451
0.000247374
0.00228196
0.00306907
0.00395626
0.0013793
0.00679401
0.00140855
0.00276112
0.00142349
0.0015845
0.00151456
0.00357027
0.0016012
0.0012581
0.002051
0.0030049
0.00525932
0.000866084
0.00176501
0.00168862
0.00628408
0.0026066
0.00382507
0.00504867
0.00229015
0.00371967
0.00305117
0.00184964
0.00383359
0.00425401
0.000683753
0.00501755
0.00578425
0.00437603
0.00111419
0.00774162
0.00245287
0.00474218
0.00198234
0.00189357
0.0089303
0.00319955
0.00492577
0.00484959
0.00427637
0.00315802
0.00399703
0.000974201
0.00179514
0.000946337
0.00199485
0.00252112
0.00253208
0.00207841
0.00117903
0.00426886
0.00871215
0.00237716
0.00209236
0.00396526
0.00171415
0.0074332
0.00256794
0.00420237
0.00205114
0.00221532
0.0051469
0.00102246
0.00332844
0.000356727
0.00374915
0.00257862
0.0110332
0.00474569
0.00377987
0.00138737
0.0128972
0.0155316
0.00370083
0.00381758
0.00220933
0.00358834
0.00323504
0.00143729
0.00527029
0.0120793
0.00297234
0.00455389
0.0183015
0.00565058
0.00604027
0.000933293
0.00568367
0.00125979
0.00247004
0.00285499
0.00455576
0.0026134
0.00183199
0.00397013
0.00197722
0.00529252
0.00786594
0.0033847
0.0110742
0.00266842
0.00217742
0.00409775
0.000883844
0.00235074
0.00688192
0.0120561
0.0036881
0.00304618
0.0029155
0.00578962
0.00484531
0.00181657
0.00169309
0.00193152
0.00286532
0.00444036
0.00115908
0.00798893
0.00607652
0.000610021
0.00165796
0.0022053
0.0130251
0.00299238
0.00330942
0.00595059
0.00250415
0.00202175
0.000797118
0.00567251
0.00145784
0.0037092
0.00100705
0.00167575
0.00480509
0.0151808
0.00278932
0.00248966
0.00408743
0.00244536
0.00104975
0.0161067
0.000728498
0.000871965
0.000575701
0.00938198
0.00468352
0.000168762
0.00796482
0.00273817
0.00570574
0.00433266
0.00233856
0.00118399
0.000966366
0.00161673
0.00538328
0.000273898
0.00159746
0.00260107
0.000626477
0.0026072
0.00102106
0.00487307
0.00115286
0.0166499
0.00606766
0.00696626
0.00129543
0.000754574
0.0114937
0.00485118
0.00744553
0.00224537
0.00139644
0.00225132
0.00210016
0.00263159
0.00605209
0.00156644
0.00147519
0.00973856
0.00239515
0.0132204
0.00717412
0.0103028
0.0011778
0.000999392
0.00320268
0.00165634
0.00848978
0.00225085
0.000700487
0.00656287
0.00684308
0.0030306
0.00560155
0.000953967
0.00915679
0.00526334
0.00165151
0.00284859
0.00759708
0.00288806
0.00384562
0.00942043
0.00363432
0.00419193
0.00088257
0.00404193
0.00248258
0.00177801
0.00480963
0.00217871
0.00105954
0.00186135
0.0064556
0.00838511
0.000412028
0.00303839
0.00284628
0.00645895
0.00149488
0.00700631
0.00279168
0.00129674
0.0013574
0.00701966
0.0119604
0.00172525
0.00647866
0.00275668
0.00635709
0.0017671
0.00593552
0.00281091
0.00227065
0.00197219
0.00252606
0.000559981
0.00419566
0.00393443
0.00456486
0.00119447
0.00302869
0.00538034
0.00190966
0.00286044
0.00172001
0.00144255
0.00458204
0.00370603
0.00195334
0.00163283
0.00653467
0.00313001
0.00448254
0.00532618
0.00343189
0.00190576
0.00185113
0.00334671
0.00443634
0.0125556
0.0025269
0.0119586
0.00125268
0.00321963
0.00169233
0.00982231
0.00170231
0.000939248
0.00515239
0.00329691
0.00643363
0.00199535
0.00130232
0.00129755
0.00308088
0.0022425
0.00328706
0.000579205
0.00425801
0.00265437
0.00164301
0.000226288
0.00351956
0.00470958
0.000797166
0.00755133
0.000621832
0.00294691
0.005747
0.00460148
0.000381946
0.00378569
0.00271326
0.00573322
0.00262981
0.00140139
0.00054425
0.0075205
0.0017399
0.00396583
0.00185327
0.00392545
0.00168668
0.00545942
0.00175
0.00226728
0.00278619
0.00518245
0.000951764
0.00279634
0.00460684
0.00237537
0.0012062
0.00203629
0.0015143
0.0126605
0.00310682
0.00573405
0.0010441
0.00345095
0.00495899
0.00483323
0.00469788
0.00454445
0.00212692
0.00327931
0.00463332
0.00421472
0.0051182
0.00469954
0.00179496
0.00215733
0.000650957
0.00062089
0.00799324
0.00375255
0.00757375
0.00423413
0.00474811
0.000655727
0.00320985
0.0135554
0.00158199
0.00919897
0.00368049
0.00580352
0.00265151
0.00272249
0.00305633
0.00342598
0.00318974
0.00433635
0.00426981
0.000307422
0.00482382
0.00546122
0.00356201
0.0015821
0.00400511
0.00296177
0.00565865
0.00489676
0.00229288
0.00255706
0.00248436
0.000866595
0.00662591
0.00369348
0.00146201
0.000704449
0.00296749
0.00471778
0.00518995
0.00800138
0.00565653
0.00167318
0.000578129
0.00128021
0.00543687
0.00471858
0.000520639
0.00107836
0.00026756
0.00981178
0.00296832
0.00232572
0.00444237
0.00443579
0.00196565
0.000401366
0.00295241
0.00188806
0.00176505
0.002362
0.00403176
0.00901486
0.00759052
0.0025603
0.00132134
0.00668178
0.00182745
0.00368787
0.000959679
0.00262875
0.00135776
0.0084561
0.00611976
0.00312017
0.0112788
0.0041336
0.00132568
0.0051601
0.00138412
0.00322801
0.00443849
0.00352502
0.00739834
0.00530245
0.0102853
0.000414756
0.00475336
0.00129049
0.0050597
0.00417925
0.00150828
0.00203371
0.00324319
0.00609775
0.00106465
0.00550794
0.00575268
0.00280074
0.00407414
0.00758334
0.00338286
0.00269636
0.00595631
0.00349033
0.00189933
0.000569213
0.00175206
0.00220122
0.000791459
0.00314362
0.00092631
0.0049284
0.00855444
0.00743177
0.00495428
0.00170667
0.00181232
0.000956067
0.0061405
0.00212983
0.00508867
0.00504783
0.00433064
0.00363985
0.00217161
0.00110054
0.000475524
0.00593243
0.00131106
0.00775835
0.012698
0.00160887
0.00732682
0.00278273
0.00212276
0.0025033
0.00189983
0.00668361
0.00156654
0.00210525
0.0032942
0.00145109
0.0101794
0.00808159
0.00784836
0.00128256
0.00826304
0.0019915
0.0034989
0.00226403
0.0141017
0.0126678
0.00350938
0.00183193
0.00691624
0.00149845
0.0023595
0.00232026
0.00259023
0.0030464
0.00179991
0.00285205
0.00282998
0.000488995
0.000924709
0.00205341
0.00302906
0.00248574
0.00149311
0.000844536
0.00732403
0.00111651
0.00391134
0.0242856
0.00206954
0.00357648
0.00659115
0.00555996
0.000602072
0.00101552
0.00320897
0.0024223
0.00214419
0.00338779
0.00590021
0.00367101
0.00297501
0.0117795
0.00100167
0.00107986
0.001916
0.00179062
0.00109259
0.00257729
0.00104022
0.00439111
0.00171209
0.00464102
0.00340819
0.00296556
0.00237554
0.000835787
0.000949253
0.00333596
0.00499288
0.00407605
0.00144602
0.00387637
0.00409782
0.002467
0.00171902
0.0068219
0.00138042
0.00611645
0.00394564
0.0016138
0.0032997
0.00642031
0.00594256
0.00502068
0.00458878
0.00122424
0.00394714
0.00119861
0.00100054
0.00213439
0.00151998
0.0101818
0.0056789
0.00126228
0.00271213
0.00422752
0.00757979
0.00945519
0.00166115
0.00138655
0.00185969
0.00299061
0.00621751
0.00808477
0.00350493
0.00488631
0.00629393
0.000702516
0.00257612
0.00245353
0.00256829
0.00570737
0.00731154
0.00373486
0.00313043
0.00875657
0.00147056
0.00416712
0.00387829
0.00064085
0.00116763
0.00360283
0.00128143
0.00296612
0.00135176
0.0055419
0.00168511
0.00363191
0.00245464
0.00723695
0.00275678
0.00544565
0.00595731
0.00776288
0.000289907
0.00540986
0.00311983
0.00522331
0.00406158
0.00500005
0.00174903
0.00253627
0.00232605
0.00403032
0.000432469
0.000865777
0.00198227
0.00206458
0.00185526
0.00309678
0.00485453
0.00389749
0.00216894
0.00166376
0.00415406
0.00581718
0.0039586
0.00184126
0.000960212
0.00131031
0.00142499
0.000908632
0.00326503
0.00374341
0.00630772
0.00617725
0.00254353
0.000245058
0.00167108
0.00193769
0.00205455
0.00178634
0.00733051
0.00133922
0.00599035
0.0107534
0.00541508
0.00172073
0.00173871
0.0051
0.00332493
0.000673509
0.00313609
0.00419157
0.00211507
0.00043998
0.00284462
0.0024054
0.00467443
0.0010268
0.00111249
0.00250006
0.00231937
0.000964589
0.00474991
0.00749601
0.00391522
0.00108767
0.006114
0.00160081
0.000762662
0.00235534
0.00511906
0.00908871
0.00560691
0.00333045
0.0040512
0.00501223
0.00411348
0.00112536
0.00845825
0.0021387
0.00359297
0.000527379
0.00273031
0.00706674
0.0100944
0.00344075
0.00301919
0.00186739
0.00337132
0.00199987
0.00110953
0.00461275
0.000338791
0.00150736
0.0036794
0.00113985
0.0017808
0.00221645
0.00329096
0.0046908
0.00435997
0.00380405
0.00856088
0.00696439
0.00190706
0.00165376
0.00632848
0.0129156
0.0045216
0.00568777
0.00938393
0.0038142
0.00147614
0.0107354
0.00284688
0.00533351
0.00472473
0.00293235
0.00155602
0.0054018
0.00087896
0.00155506
0.00214639
0.00875809
0.00057476
0.003894
0.00190687
0.00115382
0.00110404
0.00566791
0.00215203
0.00624282
0.00163283
0.00166306
0.00200602
0.00299765
0.0019074
0.00430573
0.00325938
0.00536138
0.00338725
0.00316697
0.00496442
0.0044647
0.00644145
0.00146069
0.00709017
0.00181658
0.00144005
0.00220295
0.00385941
0.00168891
0.00232515
0.00100129
0.00480201
0.00230708
0.00199068
0.00914669
0.00305292
0.00147472
0.000268516
0.00321801
0.00659403
0.0025197
0.00792534
0.00167011
0.0044669
0.00406521
0.00502674
0.00666263
0.00112629
0.00922628
0.00175638
0.00738866
0.00378098
0.00135183
0.00259191
0.00191625
0.00334895
0.00274325
0.00156746
0.00221375
0.00471731
0.00578082
0.0058044
0.00242432
0.00107085
0.00397098
0.00238695
0.00646904
0.0022699
0.00134049
0.00333773
0.00182389
0.00409662
0.000438184
0.00157441
0.00725813
0.00567271
0.00137235
0.00567157
0.00642284
0.000875159
0.00542422
0.00138048
0.00154647
0.00398961
0.00163596
0.000937291
0.00413762
0.00140272
0.001132
0.000663433
0.00160694
0.00150162
0.000927459
0.0029977
0.00154743
0.00556749
0.00380587
0.00331642
0.00272358
0.00143515
0.00196912
0.00125363
0.00101244
0.00205534
0.00241789
0.00500329
0.0142359
0.00165998
0.00909585
0.00234741
0.00717086
0.0074331
0.00205679
0.0040785
0.00275019
0.00311518
0.000799545
0.00173184
0.00355551
0.00478448
0.000622915
0.000762825
0.0064186
0.00242182
0.00172273
0.00115419
0.000709886
0.00357941
0.01105
0.00715792
0.000372869
0.00142958
0.0041542
0.00654431
0.00130386
0.000963457
0.00227907
0.00525914
0.00271099
0.00188921
0.00382497
0.0010803
0.0139076
0.00626405
0.00184206
0.00323926
0.00257531
0.0094493
0.00135313
0.00172272
0.00153365
0.00562514
0.00446686
0.00480235
0.0010862
0.00159017
0.00471068
0.00191892
0.00296581
0.0012342
0.00070299
0.00376228
0.002568
0.00221385
0.00459107
0.00170193
0.00422651
0.00310882
0.00294382
0.00257349
0.000884055
0.000760288
0.00512739
0.00209632
0.000694019
0.00798067
0.00124137
0.00157825
0.00112441
0.00574133
0.00430242
0.00282799
0.001298
0.0116168
0.00390463
0.000661277
0.000389056
0.00213778
0.00204133
0.00319731
0.0226402
0.00255651
0.00820457
0.00313725
0.00194648
0.00160223
0.00179272
0.00243704
0.00474553
0.0022385
0.00102608
0.00345141
0.00123329
0.00061599
0.00108688
0.00428563
0.000788336
0.0014164
0.00095729
0.00125006
0.000752127
0.0058268
0.00431936
0.00309048
0.00876229
0.000774557
0.00576828
0.00275442
0.00715445
0.00395024
0.0058665
0.00396419
0.00423489
0.00699309
0.00174339
0.00382389
0.00151737
0.0019546
0.0036618
0.00331392
0.0036886
0.00307044
0.0029616
0.00164659
0.00219536
0.000816523
0.00270874
0.000629977
0.00104869
0.0124084
0.00273793
0.000990073
0.00112891
0.00463436
0.00428362
0.000921438
0.00401592
0.0049213
0.00292678
0.00290676
0.00428503
0.00255076
0.00109813
0.00435414
0.00434944
0.00356559
0.00439433
0.00586268
0.00700029
0.00134305
0.00116838
0.00165742
0.00385281
0.00258348
0.00359356
0.00301261
0.00263786
0.00504809
0.0030686
0.00181528
0.00391069
0.00751159
0.00311802
0.0115792
0.00285617
0.00270467
0.00550509
0.000633501
0.0138314
0.000624742
0.00393793
0.00167348
0.000691113
0.00138029
0.00327583
0.0036583
0.00382063
0.00173817
0.00200096
0.00535786
0.00393048
0.000366862
0.00327869
0.00125335
0.00121492
0.000247365
0.00100704
0.00252433
0.00310438
0.00162585
0.00164513
0.00193578
0.00240724
0.00179477
0.00894972
0.00427263
0.00176616
0.00356997
0.00110646
0.00124578
0.00444074
0.0114573
0.00208991
0.00463291
0.00273937
0.00267538
0.00707781
0.00130609
0.00778539
0.00149286
0.00311764
0.00308256
0.00449334
0.00368063
0.00286824
0.00493204
0.00419464
0.00273581
0.00110611
0.00233915
0.00341612
0.0017634
0.0108065
0.00580682
0.00586578
0.00648027
0.00915408
0.000767981
0.00379593
0.00605417
0.00310734
0.00215756
0.00531124
0.00305789
0.000767003
0.00622097
0.00501937
0.00235054
0.00318206
0.00784415
0.00162454
0.0103124
0.00646914
0.00300335
0.00357399
0.00678405
0.000907416
0.00349549
0.00362955
0.00166911
0.00436638
0.00273092
0.00168965
0.00579993
0.00515185
0.00785179
0.00158751
0.000969935
0.0076183
0.00901376
0.00765131
0.00418588
0.00363802
0.00377853
0.0039978
0.00514608
0.00349426
0.00355943
0.0026793
0.00392354
0.00613685
0.00468588
0.00249601
0.00188778
0.00360945
0.00307619
0.0177447
0.000917117
0.0120755
0.00373993
0.00201581
0.00225091
0.00259247
0.00256354
0.0031411
0.00119681
0.00360046
0.00283729
0.00846754
0.0036079
0.00174356
0.00241205
0.00484415
0.00259649
0.00185081
0.00247978
0.00400202
0.00446628
0.0060103
0.00463772
0.0115521
0.00274249
0.00531572
0.00346511
0.00178308
0.00238982
0.000373023
0.00513294
0.00961482
0.00346045
0.00280608
0.00517107
0.00298986
0.00952488
0.00339101
0.00795317
0.00360894
0.00385758
0.000933244
0.00262208
0.000653342
0.00317144
0.000838948
0.00519039
0.00113323
0.00462488
0.00290998
0.00617724
0.00287488
0.00080884
0.00468014
0.000694448
0.00233747
0.0127466
0.000700367
0.000909096
0.00144775
0.000488262
0.000825878
0.0013969
0.00226299
0.00282608
0.00389124
0.00162447
0.00314201
0.00288449
0.000791298
0.00325816
0.00530649
0.00174809
0.00529618
0.00505324
0.0203532
0.00166069
0.00695407
0.00118978
0.0058054
0.00111929
0.00332435
0.00278526
0.00371064
0.00327022
0.00850412
0.00405623
0.0031987
0.00187735
0.00600827
0.00163958
0.00520397
0.00175277
0.00847184
0.00165946
0.00114664
0.00448444
0.000721169
0.00318034
0.00317766
0.00167441
0.00186953
0.00188455
0.0023155
0.00511682
0.00205644
0.00119804
0.00444091
0.00239855
0.00601269
0.0039283
0.00183193
0.0034266
0.00136041
0.0045818
0.0010042
0.00203302
0.00183864
0.000852783
0.00447773
0.0022213
0.0022155
0.00200284
0.00134429
0.000913495
0.00472433
0.00478559
0.00117587
0.000711945
0.00314882
0.00589331
0.00114469
0.00262235
0.000576557
0.00533974
0.00120031
0.0050426
0.0005461
0.00578301
0.00160047
0.015624
0.00210111
0.00167948
0.0134761
0.00281148
0.00481259
0.00373435
0.00156926
0.00170788
0.00349088
0.00146792
0.00113371
0.00665534
0.00216853
0.00446292
0.00121123
0.0239758
0.00396708
0.00284667
0.00139268
0.000959982
0.00146014
0.00334795
0.00313987
0.00165005
0.00405373
0.00176099
0.00569528
0.00382963
0.00404136
0.00573597
0.00640856
0.00231039
0.00316683
0.00778571
0.00154252
0.00462599
0.00365845
0.00330652
0.00673443
0.00188783
0.00145338
0.00177497
0.00690975
0.00123008
0.00995408
0.00926655
0.0175137
0.00169518
0.00731601
0.00541692
0.00185889
0.00100959
0.000495371
0.00127944
0.00100404
0.00887854
0.00525148
0.00282301
0.000897599
0.00313073
0.00046566
0.00254393
0.00658782
0.00680035
0.00585459
0.000738247
0.00343919
0.00676433
0.00201247
0.00207019
0.00139742
0.00151284
0.00167012
0.00300032
0.000647035
0.00371271
0.00404907
0.00154657
0.000506249
0.00989609
0.00105629
0.00351697
0.00232366
0.00190133
0.00174655
0.00347281
0.00118688
0.00349844
0.00205858
0.000612379
0.00131225
0.0122286
0.00145837
0.00237986
0.00118199
0.00319218
0.0023173
0.0024033
0.00267111
0.00255666
0.00247756
0.00113655
0.00641735
0.00173902
0.00405537
0.00777679
0.00613273
0.00234071
0.0017758
0.00236033
0.00472565
0.0154032
0.00384802
0.00623895
0.00378357
0.00250666
0.00702932
0.001255
0.00190562
0.00315807
0.00131475
0.00107702
0.00137668
0.00358639
0.00697689
0.0040468
0.0142826
0.00901513
0.00715278
0.00629349
0.00015342
0.00980916
0.0155811
0.000350832
0.00293879
0.00071098
0.0011467
0.00388836
0.00731859
0.00530196
0.00332626
0.00387723
0.00192004
0.00106623
0.00276371
0.00171508
0.00140431
0.00145277
0.00334091
0.0012463
0.00633137
0.00185887
0.00611386
0.000714418
0.00807886
0.00187072
0.000710404
0.0117589
0.00575403
0.00209702
0.0106519
0.00355773
0.00192684
0.00584389
0.00699593
0.00400395
0.00450477
0.0075292
0.00201285
0.00566392
0.00255126
0.00652491
0.000935567
0.0126617
0.0178757
0.00160441
0.000328096
0.00396865
0.00142268
0.00402652
0.00330392
0.00336027
0.000970072
0.00100312
0.0006995
0.0012597
0.00175936
0.00418543
0.00477638
0.00580203
0.0122268
0.00316526
0.0126036
0.00108909
0.00294089
0.000666341
0.00331584
0.00190854
0.00331107
0.00226273
0.00238598
0.00667885
0.00132341
0.00938247
0.00358177
0.0114469
0.00143602
0.0059569
0.012828
0.00335348
0.00117093
0.00185018
0.00123066
0.00393269
0.00259586
0.00330184
0.0075084
0.00392409
0.00581493
0.0028442
0.00126352
0.00167507
0.00247029
0.00219782
0.00234855
0.00257715
0.00622079
0.00142051
0.0012413
0.00628305
0.00376423
0.00270548
0.00292258
0.00892209
0.00190096
0.000314302
0.00342756
0.00487003
0.00408076
0.00193774
0.00671759
0.00465818
0.00434859
0.00347279
0.00209845
0.00540982
0.00509445
0.0014153
0.00450047
0.00257191
0.009893
0.00497859
0.00207546
0.00141981
0.00145993
0.00258384
0.015824
0.00182447
0.00217013
0.00117791
0.00273422
0.00828565
0.00185041
0.00113699
0.00773829
0.00358944
0.00126277
0.00239236
0.00237337
0.00121342
0.00209251
0.00165342
0.00110863
0.00873525
0.00228324
0.00627802
0.00425962
0.0028018
0.00449432
0.00214568
0.0011757
0.00132583
0.00593091
0.000454968
0.000992878
0.00270006
0.00969267
0.00331644
0.00187139
0.00286908
0.00186223
0.0019444
0.00831949
0.00131137
0.0044616
0.00465719
0.00127013
0.00110511
0.00231538
0.00693618
0.00108314
0.00349452
0.00404223
0.00684988
0.00699776
0.0103918
0.00328211
0.00371423
0.00750933
0.00175857
0.0228637
0.00791686
0.00359941
0.000877194
0.00210902
0.00293423
0.000509459
0.00145664
0.00660589
0.00425698
0.000330893
0.00145912
0.00601221
0.00873124
0.00109898
0.00258301
0.000948043
0.00249416
0.0013333
0.00189011
0.00357413
0.00463576
0.00252248
0.00149524
0.00453367
0.0013372
0.00142609
0.00581902
0.0089269
0.00290661
0.00309714
0.00482383
0.00537851
0.00156366
0.00806253
0.00407986
0.00242108
0.00128367
0.00349819
0.0034882
0.00206453
0.00590864
0.00391459
0.00429081
0.00241689
0.00175887
0.00246684
0.00101452
0.00215715
0.005839
0.000644573
0.00640714
0.00670426
0.00795017
0.00945511
0.00273071
0.0029264
0.0109747
0.00367095
0.00411478
0.000966624
0.00274541
0.000888697
0.00522702
0.00281303
0.00248463
0.00393428
0.00384341
0.00350997
0.00176698
0.00276013
0.00085404
0.00131622
0.000750999
0.00317993
0.00261449
0.0015936
0.00334964
0.00129763
0.00220265
0.00247498
0.00234681
0.00228495
0.00106642
0.0023148
0.00111905
0.00367877
0.00362136
0.0163841
0.00452125
0.00464164
0.00592665
0.00256119
0.0026651
0.000854873
0.00321121
0.00668943
0.00446801
0.00392037
0.00146006
0.0017045
0.00625845
0.0017827
0.00399583
0.00251096
0.00687027
0.0125062
0.00150288
0.0039708
0.000615136
0.0228625
0.00378088
0.00302808
0.0035236
0.00114011
0.00596898
0.00324583
0.00250193
0.00343149
0.00533531
0.00348238
0.00100729
0.00957026
0.00431323
0.011677
0.000770691
0.00690418
0.00250402
0.00138438
0.000864427
0.00275683
0.00388588
0.00787982
0.00204064
0.00829884
0.00549934
0.00353069
0.000485754
0.00644056
0.0174218
0.00228245
0.0039907
0.00355272
0.00557248
0.00343852
0.0128803
0.00422994
0.00273123
0.00129841
0.00501465
0.00307508
0.000874605
0.00410756
0.00699777
0.00121384
0.00239188
0.00921534
0.00261744
0.0047134
0.0116427
0.0039193
0.00617378
0.00457154
0.00485119
0.000841943
