0.0335594
0.00224082
0.0166517
0.00797199
0.0502769
0.00882036
0.00491468
0.00122231
0.00208002
0.00122764
0.00788563
0.00248193
0.00149942
0.0158923
0.0339661
0.00670502
0.0116373
0.0138613
0.00666814
0.00416743
0.00646004
0.0107378
0.00265816
0.00139256
0.00952681
0.00332299
0.0204012
0.00493191
0.00211369
0.0284482
0.00550947
0.0493869
0.0191836
0.0236588
0.0045779
0.00915855
0.000790663
0.00430122
0.00450824
0.00143446
0.0408827
0.0488496
0.00649127
0.00910219
0.009895
0.00170932
0.0217507
0.029388
0.0716107
0.040985
0.00420758
0.0162616
0.0263066
0.0021947
0.00600536
0.0184774
0.0132193
0.0188367
0.00667846
0.00787702
0.0207303
0.0168643
0.00598879
0.0279463
0.00319357
0.00387026
0.00642714
0.0029566
0.0130205
0.0258253
0.0152252
0.00199621
0.0255861
0.00599151
0.00741693
0.00810055
0.0278273
0.00664513
0.0129309
0.0102922
0.0296129
0.00273916
0.0033655
0.00472605
0.00133183
0.00370311
0.041184
0.00474522
0.0130875
0.00805524
0.0212804
0.0148273
0.0253936
0.0204674
0.0381443
0.00243366
0.0286511
0.0213112
0.00732941
0.0157286
0.00801243
0.04757
0.00711818
0.00609727
0.00556814
0.00852983
0.0110737
0.00689153
0.0126916
0.0387108
0.0121334
0.00174909
0.0245699
0.0322851
0.0170823
0.0489741
0.0235497
0.010659
0.00500543
0.0140395
0.0156887
0.0286308
0.00421654
0.00372441
0.0638733
0.0105334
0.00193125
0.00502654
0.0121365
0.00289487
0.0180181
0.0488143
0.00518754
0.00866231
0.00150769
0.00911457
0.00741661
0.00982613
0.00144268
0.0168228
0.00781582
0.0244178
0.0141505
0.0181414
0.015752
0.00423787
0.00756158
0.0269714
0.0210398
0.00795826
0.0125956
0.0024693
0.0126991
0.00981282
0.0127383
0.00856077
0.0185671
0.00901216
0.00730164
0.00648248
0.00135984
0.0201557
0.00365073
0.00473059
0.0138523
0.00909009
0.0224806
0.0187721
0.00720679
0.0138788
0.0223287
0.0219279
0.026008
0.0024798
0.00460987
0.0133443
0.00422473
0.00213205
0.0209102
0.0151696
0.0128221
0.00801537
0.0072395
0.0127948
0.0101723
0.00446641
0.003756
0.00223753
0.0125943
0.0562897
0.0209294
0.0138737
0.00338807
0.00100599
0.00184558
0.012219
0.0414844
0.00804029
0.0384852
0.0225874
0.00679525
0.00871918
0.0064466
0.0111125
0.0593515
0.0119242
0.0174605
0.013875
0.0146157
0.00486853
0.0194587
0.00146839
0.0018492
0.00948737
0.0377326
0.0148718
0.0146003
0.0218674
0.000614575
0.000982241
0.0061961
0.00272819
0.0619063
0.0044255
0.0166973
0.0138426
0.00749222
0.0086743
0.0136789
0.00720164
0.00996881
0.00145394
0.00202125
0.00803158
0.00397512
0.0100423
0.00828609
0.01215
0.00659605
0.0209885
0.00974408
0.00465828
0.0034477
0.0117008
0.010236
0.017282
0.00270621
0.00135377
0.0842915
0.00747604
0.00227854
0.0217394
0.00194057
0.0187036
0.0154668
0.126748
0.00358252
0.0232319
0.0220857
0.0109273
0.00770219
0.00833124
0.0113353
0.013221
0.0238577
0.0094642
0.0018847
0.0251936
0.00756579
0.014107
0.0104262
0.00116645
0.0108734
0.0228134
0.0222594
0.00858335
0.0149446
0.00322085
0.00829778
0.00120996
0.02802
0.0131417
0.00208465
0.00731051
0.0106035
0.00792724
0.00349719
0.011791
0.00680553
0.0140039
0.0468749
0.00152262
0.00174987
0.0228911
0.0019312
0.00430648
0.00334586
0.00478879
0.00888539
0.00209194
0.0171388
0.00302658
0.0332452
0.00251684
0.01083
0.00235295
0.0104989
0.0385263
0.0441752
0.00794576
0.00158686
0.0232564
0.0201384
0.00214998
0.00212945
0.00838867
0.00184711
0.0148625
0.0126228
0.0238683
0.0461568
0.00286535
0.0577215
0.0524971
0.0105251
0.0178472
0.00624026
0.00753392
0.0248264
0.0100828
0.0948554
0.0164334
0.00932412
0.00152078
0.00314497
0.00156132
0.01399
0.00385408
0.0158952
0.0228256
0.00296141
0.0280392
0.0142981
0.00296178
0.0577557
0.00135544
0.00173726
0.00959116
0.00310138
0.0269145
0.0197333
0.0108949
0.000824048
0.00563669
0.00221782
0.00628135
0.00459179
0.00179301
0.0144536
0.00359734
0.0096365
0.0079709
0.0133247
0.0762485
0.00302352
0.0205937
0.0051493
0.0283352
0.0177899
0.00836952
0.00509037
0.00537247
0.0182033
0.00137787
0.0031037
0.00451121
0.0382574
0.00783695
0.00587752
0.0126586
0.01284
0.01571
0.00855424
0.00251677
0.0271764
0.00661265
0.00886642
0.01445
0.0126243
0.00369168
0.0304756
0.00634629
0.00470941
0.0063126
0.0200765
0.00148973
0.00168272
0.0025041
0.00676764
0.00313599
0.00685311
0.0333575
0.00645988
0.0123733
0.00724282
0.002671
0.000786932
0.00277319
0.00523997
0.0030868
0.00630542
0.00418656
0.0205396
0.00077368
0.00729262
0.0127698
0.0101946
0.0220736
0.0173207
0.00379777
0.0014074
0.00466447
0.0196947
0.00270286
0.0150681
0.00125162
0.0071328
0.00160868
0.0100926
0.00131361
0.00180235
0.0226296
0.000571834
0.0104918
0.00144783
0.0324239
0.0036026
0.103541
0.0528115
0.0330838
0.071218
0.019259
0.00667551
0.00199137
0.0141742
0.0111298
0.010739
0.0139097
0.0022177
0.00517411
0.00211166
0.000598445
0.018184
0.00276911
0.0120493
0.0702069
0.00334679
0.0120343
0.00499454
0.0276493
0.0114042
0.00272271
0.0330307
0.026954
0.0361339
0.00314063
0.00124164
0.00360336
0.00774355
0.0157682
0.00150861
0.00422052
0.017391
0.00923823
0.0107087
0.00355113
0.0246083
0.0158622
0.00242728
0.00295275
0.00247867
0.00648033
0.0116698
0.0010725
0.00179524
0.0011157
0.0435996
0.00253331
0.00566407
0.00520127
0.00368497
0.0396853
0.00433575
0.00719109
0.0279956
0.0190213
0.00228987
0.00825825
0.00922568
0.00232436
0.00347051
0.0538318
0.00145145
0.028711
0.00373396
0.00590593
0.00284963
0.0104567
0.00322427
0.020923
0.00920424
0.00981059
0.0190716
0.0107415
0.015015
0.00914538
0.0108047
0.0860621
0.00433418
0.0166009
0.0137048
0.0164272
0.00615989
0.00253789
0.00455818
0.00796224
0.0209818
0.0131966
0.00144555
0.0191165
0.0914362
0.0119571
0.0129447
0.0178519
0.019524
0.0118508
0.0236265
0.00300962
0.00944018
0.00173781
0.0167015
0.0426919
0.0196931
0.00199886
0.0159638
0.0270524
0.00979004
0.01476
0.0327539
0.00318529
0.00816029
0.00363044
0.0149023
0.00776916
0.0117533
0.00331961
0.00370924
0.00234029
0.0235939
0.0186235
0.00550345
0.00252486
0.0120983
0.0119958
0.0439723
0.0115039
0.013194
0.00105069
0.13708
0.0049075
0.00184549
0.0721527
0.00205788
0.000866274
0.0164816
0.00441114
0.0422675
0.00751911
0.00798466
0.00326699
0.0115537
0.100536
0.0202319
0.0653818
0.010051
0.00136588
0.00515089
0.00451827
0.00568855
0.0148235
0.0179312
0.0176928
0.00421381
0.0159379
0.00228823
0.00879013
0.0155276
0.00859366
0.0240063
0.0011219
0.000257846
0.015333
0.0106664
0.00725217
0.00233382
0.00468427
0.00616345
0.0161536
0.0161231
0.00811263
0.00806287
0.0484041
0.0132865
0.00169606
0.0135457
0.00447419
0.00740474
0.00436502
0.00132636
0.00348241
0.0201195
0.00529585
0.0289984
0.0169048
0.000796623
0.0061224
0.00120793
0.0171696
0.00882295
0.00473797
0.0140919
0.00354209
0.0195019
0.0942117
0.00224516
0.0503995
0.000270846
0.00211651
0.00736466
0.0109263
0.010615
0.0182975
0.0085456
0.00735082
0.020307
0.0601607
0.0108056
0.0444613
0.00252774
0.00850474
0.00158043
0.00694126
0.00485955
0.00184445
0.0283348
0.00149832
0.00942605
0.00102428
0.00362488
0.00346408
0.00142632
0.0208792
0.00216112
0.0137624
0.0226467
0.00185692
0.00953184
0.00226455
0.00775199
0.0218719
0.00240501
0.035097
0.0295853
0.00306637
0.0179955
0.0017901
0.00371676
0.0151753
0.0196776
0.00162816
0.00824766
0.0252894
0.0238053
0.0329479
0.0212853
0.00212757
0.0106963
0.0163302
0.00462669
0.00773249
0.012841
0.0211035
0.0263356
0.00706256
0.07455
0.0113155
0.00378629
0.0175626
0.0125336
0.0093716
0.00109899
0.0117573
0.00902944
0.0108707
0.0434278
0.00205782
0.0267712
0.0105734
0.00523411
0.015743
0.00624135
0.00202418
0.00946494
0.00277977
0.00848757
0.00279775
0.0150495
0.015382
0.00515603
0.0163235
0.0690369
0.0181408
0.0033232
0.00636804
0.00849257
0.00660446
0.00393158
0.0125048
0.0170768
0.0207242
0.00217641
0.019067
0.011832
0.00254149
0.00515943
0.0297738
0.0231659
0.0191948
0.0118675
0.00470472
0.0112893
0.00343848
0.00221563
0.0098781
0.0104951
0.0773091
0.0146718
0.015923
0.0323011
0.0138408
0.0161044
0.0112879
0.0156839
0.0104668
0.00308542
0.0422365
0.00157561
0.0222411
0.0168707
0.0077375
0.0103036
0.00100654
0.0480654
0.0269777
0.00446787
0.00218009
0.061722
0.0111195
0.156706
0.00421328
0.0166041
0.00315727
0.0134784
0.00331303
0.0185939
0.00622732
0.00801494
0.0124917
0.000224658
0.0110839
0.000612509
0.0327503
0.00873878
0.0255932
0.00762391
0.0204147
0.0139212
0.00162547
0.00367956
0.00512906
0.00264932
0.0269217
0.00613894
0.00551922
0.0132211
0.0205194
0.0183541
0.00247966
0.010597
0.0980101
0.0103815
0.00350079
0.0188589
0.0019397
0.0238519
0.0286102
0.0092863
0.00140738
0.0198939
0.0137705
0.00497572
0.0119675
0.00454955
0.0306226
0.0164445
0.00232285
0.00685062
0.0195159
0.00838969
0.00454219
0.0109658
0.0179208
0.0037835
0.0150122
0.00136321
0.0116013
0.0135313
0.00733149
0.015295
0.0159339
0.0173189
0.0138146
0.0146376
0.0110978
0.00964447
0.0161868
0.0105671
0.0318656
0.00736857
0.000799372
0.0089072
0.0122576
0.0118468
0.00137766
0.0159986
0.0234001
0.00248359
0.00173813
0.0132458
0.01354
0.00126021
0.0211362
0.065529
0.0087915
0.00604658
0.001578
0.00937967
0.00219816
0.00236953
0.0019589
0.00662737
0.00109782
0.0270172
0.00435428
0.00213455
0.0126079
0.000891758
0.0152846
0.00732177
0.00768071
0.00150694
0.0504767
0.0156873
0.0130871
0.0141727
0.00461736
0.0233916
0.0121529
0.00048515
0.0246305
0.00125556
0.00735804
0.000597027
0.0147932
0.00593982
0.0018012
0.0067718
0.0021952
0.00816311
0.00138437
0.00639102
0.000726182
0.0169692
0.0134209
0.0301495
0.0271774
0.0141489
0.00437535
0.0756953
0.0171107
0.00751681
0.00361595
0.0292924
0.00300388
0.00586405
0.00991308
0.00851991
0.0127917
0.00577344
0.0101856
0.0226533
0.00298654
0.0267344
0.035142
0.0263437
0.00577104
0.0455039
0.0298358
0.0108071
0.0275126
0.00226063
0.00332618
0.001106
0.0009013
0.00267224
0.0124201
0.0050206
0.00195349
0.0053622
0.0171349
0.00704101
0.00197224
0.021914
0.00330394
0.00858563
0.00863937
0.0328351
0.00782219
0.00217952
0.00315028
0.0151793
0.0169778
0.0145422
0.0244731
0.0223745
0.000896739
0.0108314
0.00759209
0.0106621
0.00419315
0.0010552
0.0126242
0.00530942
0.00842972
0.00554684
0.00265842
0.00681951
0.00600537
0.00449371
0.00140167
0.00246487
0.00799592
0.00515898
0.0220702
0.0313547
0.0192569
0.0029804
0.00775809
0.015496
0.0498613
0.00771403
0.023831
0.0174081
0.0127896
0.0135291
0.00250409
0.00106837
0.00981051
0.00472495
0.00184249
0.00790708
0.00230392
0.0035044
0.0015175
0.0480381
0.00538818
0.00667342
0.0121271
0.00213166
0.000488522
0.00385341
0.0333823
0.00543818
0.02554
0.00218424
0.0325016
0.00953619
0.0724006
0.00187551
0.00761703
0.0382877
0.00213294
0.00637312
0.0100121
0.00193162
0.015263
0.0359262
0.0162669
0.0563236
0.008518
0.0302964
0.0135535
0.0433269
0.000613724
0.00821797
0.00816693
0.0255122
0.0290677
0.0337233
0.00344367
0.0290187
0.0713743
0.0118135
0.00198867
0.00147712
0.00437475
0.0347076
0.0202114
0.000662813
0.0336262
0.020944
0.0165513
0.0178159
0.0213612
0.00164825
0.0302122
0.00752885
0.0283582
0.000291548
0.00315414
0.00431217
0.0197541
0.00619242
0.00862439
0.00280479
0.00727554
0.0131809
0.00542424
0.0364319
0.0125732
0.00233261
0.00985673
0.00177272
0.0214155
0.0109233
0.00957168
0.00384459
0.0103688
0.000874554
0.0291324
0.0327436
0.0101705
0.0146639
0.00241409
0.0395625
0.0265485
0.010113
0.00427696
0.00120563
0.0140314
0.00568122
0.0167662
0.0222179
0.0314516
0.00591318
0.00021591
0.0157817
0.000726978
0.0126738
0.0151132
0.0153643
0.0722291
0.00783538
0.0213633
0.00756812
0.0372248
0.0102939
0.00821339
0.00255786
0.0124772
0.0113344
0.0207299
0.00217297
0.0027528
0.000891553
0.0129386
0.00996462
0.00858053
0.0072432
0.008013
0.00713562
0.00963522
0.00255995
0.0109164
0.0471954
0.0184926
0.0178251
0.0206424
0.00192253
0.00281745
0.0256897
0.0019977
0.0380712
0.00293569
0.00239515
0.0286622
0.0118719
0.0100891
0.00410514
0.00241587
0.00248329
0.0206351
0.0098891
0.00944007
0.0734743
0.0366897
0.0174182
0.011702
0.0359015
0.0129588
0.00324974
0.015832
0.00828998
0.0138357
0.00931754
0.0368337
0.00489369
0.0321293
0.00985583
0.0333547
0.00503426
0.00114538
0.0168711
0.0371853
0.0124409
0.00864395
0.00900213
0.0181298
0.0020277
0.0175955
0.0164574
0.00420375
0.0119111
0.0132539
0.0201608
0.00172796
0.0163468
0.0320222
0.00866781
0.0168282
0.0152834
0.0118911
0.04346
0.00725517
0.00816287
0.00656401
0.00888176
0.02364
0.000331906
0.0117122
0.0171241
0.00769082
0.00139138
0.00261275
0.00316593
0.00441467
0.00909989
0.00069193
0.0373753
0.00125143
0.00916403
0.00693463
0.0104983
0.00661947
0.0194612
0.0170964
0.011181
0.0476045
0.0216928
0.00799317
0.0168313
0.00145561
0.0320362
0.0110948
0.0140581
0.0159291
0.0086679
0.00504505
0.032863
0.0072815
0.00258559
0.000837197
0.0061062
0.0089851
0.0138913
0.0169809
0.0165964
0.0139539
0.00907293
0.00901884
0.0188446
0.00413071
0.0367178
0.0189342
0.0011145
0.00106114
0.00172514
0.00872981
0.0118944
0.000782553
0.0144317
0.00249924
0.00577098
0.00177992
0.0124861
0.00117459
0.00575394
0.00376688
0.00602772
0.0243421
0.00835059
0.00411148
0.0589975
0.0139498
0.0162301
0.00873679
0.0160171
0.00988009
0.00546503
0.0041572
0.00246828
0.013699
0.0084488
0.00111951
0.0060584
0.0195335
0.00171646
0.0256292
0.0153361
0.0446246
0.015094
0.0225324
0.00920282
0.00128257
0.00259646
0.0168551
0.00749628
0.0259803
0.00201144
0.00119185
0.00238441
0.0308105
0.0158435
0.00672995
0.0101677
0.0106257
0.0212205
0.000852993
0.00434072
0.0346231
0.00241645
0.0141292
0.000893555
0.0117425
0.0222641
0.0046669
0.0141804
0.00227735
0.00204255
0.00826311
0.00248364
0.0173795
0.00283961
0.0113206
0.00750252
0.00521699
0.00320228
0.00392453
0.0222448
0.0111397
0.00924668
0.00840675
0.0173168
0.0027678
0.0110448
0.00205468
0.00737367
0.00137161
0.0320751
0.0229987
0.00839055
0.00210731
0.0224852
0.0324414
0.00123132
0.0141001
0.0111033
0.00278869
0.00309463
0.00093032
0.00600892
0.0013302
0.00303444
0.0158586
0.0173422
0.00156162
0.0048353
0.00722365
0.0207518
0.0467592
0.00269861
0.000626579
0.00266647
0.0182495
0.0130806
0.0554002
0.0108705
0.0483964
0.00128637
0.00961642
0.0133862
0.0116506
0.0054565
0.00688753
0.00220171
0.00425132
0.000701751
0.0131223
0.0381048
0.0100798
0.0449341
0.020089
0.0069669
0.00977158
0.00840492
0.00503758
0.0224456
0.00719227
0.00604621
0.00258056
0.00107348
0.0134936
0.0149442
0.00741922
0.0191365
0.0150064
0.0178646
0.0702307
0.00674942
0.0207155
0.00190257
0.0111584
0.0129443
0.00558225
0.0128389
0.0158905
0.000864691
0.021996
0.00243658
0.00880237
0.0108948
0.0126683
0.00216307
0.0215438
0.00451328
0.00150658
0.00747757
0.00394919
0.000669676
0.000855156
0.0391532
0.0307474
0.000819307
0.00317327
0.0117015
0.0250635
0.00286702
0.00550595
0.00401269
0.00889744
0.00423525
0.00738374
0.0258762
0.00537841
0.00390177
0.0432175
0.0140385
0.0110257
0.0233528
0.00935411
0.00145091
0.00947441
0.0112436
0.00934439
0.00773941
0.00278107
0.0196723
0.00727633
0.00660025
0.0227887
0.0556586
0.0273062
0.0155189
0.06034
0.0666566
0.00784638
0.00330857
0.016979
0.0239389
0.030079
0.0422194
0.0423267
0.0122356
0.026054
0.0125231
0.0456928
0.0141546
0.00443309
0.0554213
0.000345114
0.00728568
0.0165278
0.0144373
0.0065864
0.015986
0.0296497
0.0013507
0.00309196
0.00293859
0.00255758
0.0246474
0.0105037
0.0230912
0.00118526
0.00930982
0.0072524
0.0247302
0.016706
0.00748644
0.0484912
0.00690036
0.00388918
0.00238029
0.0170456
0.0142485
0.00467508
0.00939975
0.117935
0.00108265
0.00815958
0.0127066
0.0125029
0.0279857
0.007328
0.0224509
0.0102236
0.0200777
0.00752585
0.0347867
0.00111144
0.022145
0.00613322
0.0136771
0.00498783
0.0135104
0.00361013
0.0211962
0.0744402
0.00352302
0.00822865
0.0112597
0.0021515
0.00790378
0.0205822
0.0248843
0.00940635
0.0202351
0.00391175
0.0027729
0.00428493
0.0142093
0.0031058
0.000503576
0.0229067
0.00811535
0.00201898
0.00670026
0.0349204
0.00146751
0.00867234
0.00809715
0.0118346
0.0426425
0.0349303
0.00809961
0.002252
0.00645245
0.0261217
0.0231765
0.0468188
0.0137288
0.0129012
0.00483427
0.0147918
0.00271851
0.0186354
0.0260387
0.000523382
0.0270854
0.00929286
0.00436453
0.0362051
0.00880013
0.0044932
0.00193453
0.0288102
0.0184998
0.0146863
0.0147484
0.0916923
0.00678168
0.00635813
0.0129517
0.00303544
0.0194065
0.017248
0.0473814
0.00132086
0.00112755
0.00866889
0.00341152
0.00962288
0.00279921
0.016888
0.0153611
0.0251548
0.0128458
0.0302248
0.0115486
0.000343333
0.0152702
0.014101
0.0034051
0.00425638
0.0792483
0.0688329
0.0112002
0.0253863
0.00318899
0.0147468
0.00184339
0.00710369
0.0158791
0.0368368
0.0127044
0.00663523
0.00820184
0.00219639
0.0503682
0.00177057
0.00610031
0.00719254
0.0321356
0.024509
0.0091224
0.00906189
0.0102453
0.00216952
0.0443735
0.0185691
0.0463182
0.0341543
0.0185639
0.0177065
0.00796313
0.0197662
0.00524876
0.0141318
0.0138002
0.0391591
0.0464481
0.00113863
0.00739702
0.0163591
0.00210327
0.0056629
0.0211487
0.0207154
0.107546
0.0038254
0.0160902
0.00501727
0.00320021
0.0224175
0.0182235
0.00595197
0.0152205
0.0160638
0.00507707
0.0104741
0.00112559
0.00373704
0.00382144
0.00324056
0.00647184
0.00943518
0.0291507
0.0273008
0.0163925
0.00450654
0.00806959
0.00123522
0.00120786
0.0589721
0.00477721
0.0104967
0.00378776
0.0220421
0.0441251
0.0279555
0.0130067
0.0163446
0.00119718
0.0399958
0.0129379
0.00681688
0.00587533
0.00735557
0.0199563
0.00804132
0.0162756
0.00204381
0.00828703
0.00322336
0.0650552
0.0153051
0.0196316
0.000808734
0.00196275
0.00288989
0.00237379
0.00382515
0.0158092
0.00373466
0.00195646
0.00659881
0.00817981
0.00674335
0.0049272
0.0352469
0.00864889
0.00530001
0.00623642
0.032145
0.00578341
0.0010263
0.00976
0.0156629
0.0145012
0.00265048
0.0024129
0.00212117
0.00106222
0.00519122
0.00178727
0.00977368
0.00954809
0.00278415
0.0866842
0.00616444
0.00614893
0.0172549
0.000497899
0.00255664
0.00472558
0.000386803
0.00396753
0.0141801
0.00739158
0.0102492
0.00207792
0.0135574
0.00347555
0.0145505
0.0122564
0.0193987
0.0245192
0.0224051
0.00392941
0.033751
0.00810904
0.0173714
0.00282974
0.0213315
0.0103312
0.0806014
0.00984467
0.0044368
0.000980514
0.00273656
0.0267509
0.0462094
0.0034037
0.0144492
0.010812
0.00196005
0.0187417
0.00939013
0.00889389
0.0014604
0.00262828
0.0146559
0.00625537
0.0127963
0.00892465
0.0162547
0.00186067
0.0122449
0.0168985
0.0255709
0.00794307
0.0259196
0.0189397
0.00220059
0.0129272
0.00362868
0.00497911
0.0164827
0.00713791
0.00408313
0.0303116
0.0072049
0.0103188
0.0297801
0.0530509
0.00261966
0.0078801
0.0183574
0.027046
0.0664873
0.00298647
0.00849436
0.0147203
0.00729523
0.00219302
0.00225373
0.0040184
0.0241437
0.00188895
0.0071539
0.0334562
0.0423071
0.00628838
0.012545
0.00780923
0.00149765
0.00959989
0.0192444
0.00963917
0.0539024
0.000505373
0.00619277
0.0107672
0.0152544
0.014148
0.0161998
0.026492
0.0035963
0.0140821
0.0140751
0.00254019
0.00117347
0.00155212
0.0107505
0.0561091
0.00777919
0.00749471
0.00546079
0.00218406
0.0101693
0.0653012
0.00741066
0.012748
0.0158127
0.00577883
0.0183837
0.0162161
0.0175451
0.00385055
0.00179429
0.0336862
0.00154045
0.00207247
0.00516654
0.02542
0.00234633
0.0107105
0.0025055
0.04928
0.00416336
0.00237606
0.0344857
0.0419404
0.00255417
0.00881624
0.0373789
0.0121735
0.00502643
0.00261433
0.0498206
0.0175949
0.00727989
0.00646052
0.0123439
0.0148812
0.0161954
0.00547722
0.00345574
0.0191296
0.00538115
0.0277371
0.0109811
0.00404049
0.000620586
0.0109733
0.000501195
0.00935941
0.0170446
0.00950878
0.0149558
0.0169537
0.0147703
0.00496612
0.0294556
0.00675564
0.0171665
0.0398258
0.00238812
0.00113459
0.00796414
0.0167604
0.0174801
0.0260961
0.0123053
0.00440197
0.00887592
0.0520025
0.00603336
0.000643911
0.0063628
0.00645459
0.0750633
0.017452
0.00610455
0.00994874
0.00614415
0.00162919
0.00451933
0.0132289
0.0147927
0.00509107
0.000838259
0.00365392
0.0698429
0.00207625
0.0137646
0.00565823
0.0160262
0.0033051
0.000739982
0.015499
0.0225071
0.0113627
0.00102933
0.00139463
0.0162869
0.00372283
0.00309155
0.0093941
0.00525109
0.00298956
0.0123299
0.00217043
0.0378198
0.00216322
0.00231635
0.0865924
0.00241752
0.00329824
0.0099551
0.000610633
0.00170927
0.00118117
0.00166986
0.02414
0.00266308
0.000900309
0.013827
0.00184018
0.00767797
0.0742854
0.00835907
0.0170496
0.0131347
0.0232686
0.00862706
0.0208971
0.0165749
0.00407255
0.00349327
0.0194928
0.0112494
0.0148141
0.00822956
0.00275611
0.00879476
0.0202982
0.0452499
0.00350302
0.00904387
0.0305948
0.0234499
0.00228811
0.00310211
0.00806523
0.0156495
0.0177985
0.00445059
0.0152547
0.0298506
0.0181294
0.0108058
0.0155252
0.00746701
0.00678328
0.0120088
0.018685
0.020455
0.00959764
0.0127715
0.0815145
0.0024418
0.0579016
0.00264689
0.00968947
0.0231352
0.0120047
0.0271785
0.0050635
0.00207903
0.0153585
0.0095697
0.00414045
0.0199473
0.00428784
0.0355493
0.0145356
0.01016
0.0218421
0.0138576
0.00607652
0.00295902
0.0160152
0.026751
0.0716575
0.0454353
0.00635544
0.00156118
0.012368
0.00226051
0.00973506
0.0140841
0.00160751
0.0190532
0.00296118
0.0305439
0.00810293
0.0134617
0.00066443
0.0562386
0.0117061
0.0278756
0.0423112
0.0151068
0.0399721
0.0181819
0.0113654
0.00438347
0.00277538
0.0470316
0.000810883
0.0219229
0.0227281
0.00871908
0.00698014
0.0101688
0.0119992
0.0577778
0.00280551
0.00169922
0.00422418
0.00186571
0.000790771
0.00204251
0.00142691
0.00599326
0.00838109
0.0194844
0.00491126
0.0709984
0.00225922
0.00178944
0.00148819
0.0141569
0.0234258
0.00640702
0.010588
0.00126158
0.0030073
0.00306352
0.00554401
0.0240316
0.00582478
0.0037559
0.0439536
0.0213694
0.00878401
0.00548672
0.00983912
0.00828411
0.00190096
0.014635
0.0505195
0.00960883
0.00940324
0.0115281
0.00248474
0.00295096
0.0277969
0.0345239
0.00541001
0.00718082
0.0225739
0.0195608
0.00799824
0.00656368
0.0396509
0.0161253
0.00171677
0.0035365
0.000654022
0.0107421
0.0595885
0.0017753
0.00285586
0.0186242
0.00230623
0.00384497
0.000824511
0.0168757
0.00210868
0.0278984
0.00725913
0.00661518
0.00602127
0.0141693
0.00951181
0.0126902
0.03228
0.00227792
0.0103141
0.0109311
0.00324285
0.00423746
0.0478689
0.0246653
0.00295478
0.00640839
0.000305442
0.0448696
0.00101027
0.00156668
0.00403155
0.000886221
0.00128875
0.032043
0.00271617
0.00788783
0.0224638
0.00698758
0.00532109
0.0327698
0.0168135
0.000866045
0.0162577
0.00128337
0.0183219
0.0240961
0.0130683
0.0032548
0.00810722
0.00230256
0.0268216
0.00224727
0.00732301
0.02325
0.00345764
0.0079672
0.0166316
0.0205369
0.000232138
0.00563956
0.0140977
0.00257447
0.0208317
0.0447862
0.0324144
0.0144408
0.00197726
0.00299036
0.00546686
0.00769713
0.0128313
0.029059
0.00343508
0.0255776
0.0210683
0.000188484
0.00497781
0.0195065
0.021421
0.0194602
0.00883109
0.00491289
0.00243129
0.00139206
0.00411095
0.0058283
0.0109467
0.000952037
0.00711795
0.0817049
0.00203834
0.00220189
0.00717543
0.0306206
0.00339933
0.00947699
0.002461
0.00316526
0.0269461
0.00529936
0.0030887
0.0050568
0.00452825
0.0124643
0.0088991
0.00218137
0.00254061
0.00219685
0.0099963
0.0322112
0.0244519
0.0154191
0.00617607
0.00983538
0.00244715
0.00368648
0.00656052
0.0105049
0.00255293
0.00254112
0.0210409
0.00428338
0.00511679
0.00243082
0.0154653
0.00124076
0.00799913
0.0156712
0.00973555
0.00711462
0.00520615
0.00335971
0.056334
0.00544104
0.0030854
0.00841383
0.0107886
0.0246216
0.00312497
0.0169386
0.0197941
0.0246946
0.0160746
0.00682118
0.00135685
0.000735175
0.00584703
0.0346084
0.00315289
0.00571395
0.00349087
0.00229078
0.0009652
0.00418651
0.00230623
0.00145686
0.00724396
0.0163693
0.00521534
0.00925215
0.0193539
0.0585827
0.0602
0.00423292
0.0097644
0.0184264
0.00681631
0.0490559
0.0393052
0.0127366
0.0179951
0.00917727
0.0227217
0.00602076
0.00563834
0.0460213
0.0166788
0.00272868
0.0589141
0.0129523
0.0798201
0.00485713
0.00401895
0.0133519
0.0108346
0.0105146
0.0458541
0.00435648
0.0499873
0.0148418
0.014459
0.0932889
0.00155407
0.00130505
0.0071945
0.00307307
0.00336452
0.0274
0.0171957
0.0300671
0.0354839
0.00171613
0.0124961
0.00464997
0.0241773
0.00178441
0.0138039
0.00267043
0.00247023
0.00130667
0.000851627
0.00203479
0.010449
0.0251444
0.000616156
0.00176597
0.0210679
0.00541993
0.00107462
0.0295016
0.0067127
0.0263804
0.00767437
0.0240442
0.0257998
0.00921852
0.00178672
0.00391229
0.019932
0.0163822
0.0173295
0.0246406
0.0308887
0.0223979
0.0385155
0.00320391
0.0140729
0.0192892
0.00834049
0.0179402
0.00668143
0.00996449
0.0127042
0.0143919
0.0235862
0.00169033
0.0617945
0.0105675
0.0199992
0.00426977
0.0271998
0.021483
0.0109239
0.0240509
0.00419591
0.00836628
0.00191843
0.0219199
0.00151896
0.0125662
0.0155769
0.0314558
0.0218977
0.0179092
0.000859281
0.00942182
0.000689981
0.000761637
0.00320918
0.00741647
0.0543187
0.00174303
0.0106465
0.00785812
0.0095066
0.00117603
0.0161242
0.0154643
0.00955647
0.0189573
0.0266939
0.00136922
0.00292918
0.00891035
0.0216228
0.00721754
0.00690388
0.012005
0.0228927
0.0197118
0.0320039
0.000838236
0.0120463
0.0080742
0.0197608
0.0109052
0.00826226
0.013608
0.00503399
0.0245408
0.00221014
0.00446852
0.0460974
0.0215145
0.00139551
0.00423493
0.00364935
0.0100951
0.00622221
0.0109324
0.00879499
0.0045552
0.00630676
0.00162821
0.00482979
0.0143177
0.0426226
0.007407
0.00178982
0.00717619
0.00139955
0.00329069
0.00795423
0.0133039
0.0227457
0.0319711
0.00393758
0.0351089
0.0107287
0.0131674
0.000410834
0.00562104
0.0059082
0.00183867
0.0346051
0.0411396
0.0120652
0.00825915
0.00648994
0.059599
0.0131496
0.00422082
0.00528277
0.00933549
0.0340431
0.00467052
0.00332873
0.010565
0.0200001
0.00877383
0.0231137
0.00248536
0.00371659
0.016877
0.0442028
0.024343
0.0353568
0.00394938
0.00529048
0.00641661
0.0030071
0.00163151
0.00843775
0.024353
0.0067302
0.00541547
0.0441053
0.0146851
0.0105266
0.00698342
0.00746567
0.0224578
0.0167002
0.0312169
0.00226923
0.0173853
0.00540176
0.0190875
0.0349606
0.0275658
0.00584548
0.00056725
0.000744256
0.0368521
0.0216508
0.00704269
0.008609
0.00299542
0.0154387
0.0258829
0.00970376
0.00607028
0.00117285
0.0123153
0.00735569
0.0343078
0.0104375
0.0111838
0.0170546
0.0114723
0.00110931
0.058604
0.0147171
0.0612445
0.0269019
0.00193509
0.00882666
0.022291
0.0128075
0.106574
0.00630878
0.0213689
0.00974947
0.0120585
0.0122587
0.0134893
0.00829104
0.017873
0.00802903
0.0284803
0.0030656
0.0229487
0.00280026
0.00515592
0.00305984
0.00172358
0.0328331
0.0257594
0.00616172
0.00217718
0.00473434
0.00385629
0.00498333
0.0122795
0.00920135
0.0418738
0.00175354
0.0302399
0.0211109
0.00232982
0.00123853
0.00535343
0.0181357
0.0343911
0.006012
0.011604
0.00677579
0.0132236
0.00667703
0.0212848
0.0287205
0.00133187
0.017016
0.00216089
0.015413
0.0435218
0.00569169
0.0139434
0.000852967
0.00221556
0.0102445
0.0369743
0.00442179
0.00175173
0.00172226
0.0119866
0.00285869
0.00123585
0.00783744
0.0150242
0.0434673
0.0188718
0.0321213
0.00649129
0.0105544
0.00197721
0.00665259
0.00098852
0.00366068
0.0252672
0.0446758
0.00102583
0.0276842
0.0162931
0.0200007
0.00583147
0.0329173
0.0194789
0.0122505
0.0136214
0.021894
0.0404915
0.00447241
0.00858465
0.00509255
0.018824
0.00985291
0.0016665
0.00483006
0.0568939
0.0090806
0.0286482
0.0105177
0.0132815
0.00836343
0.0074962
0.0224248
0.0239932
0.00172036
0.0424563
0.00786196
0.00661168
0.00170347
0.00258615
0.0102438
0.0525818
0.0101142
0.00624976
0.0482548
0.00768013
0.0121603
0.0103963
0.0114798
0.00906348
0.0137324
0.00448643
0.00301588
0.0123273
0.0130666
0.00595258
0.0114229
0.00292919
0.0083468
0.0137185
0.0130188
0.108546
0.0324839
0.00759547
0.0172868
0.00794968
0.00552329
0.0246809
0.0269624
0.00787347
0.0044671
0.028505
0.00210589
0.0290653
0.0187165
0.0149247
0.0221152
0.0280604
0.00250989
0.0107666
0.0326914
0.0138289
0.00125775
0.0299868
0.0120058
0.0142339
0.00190542
0.00300216
0.00470336
0.0701676
0.0138594
0.0201737
0.0250279
0.0103122
0.00901915
0.0284024
0.0108823
0.00340008
0.00200753
