0.0270235
0.00583009
0.0223586
0.0829596
0.0506003
0.0232842
0.0231005
0.0471789
0.0576442
0.0612097
0.0299155
0.048483
0.10297
0.0253672
0.0429577
0.0479798
0.019268
0.0394977
0.0417341
0.0894828
0.0243589
0.0207786
0.0723841
0.101354
0.00574393
0.00855198
0.0465912
0.0927109
0.0129068
0.0100523
0.0388172
0.0273595
0.00730575
0.0284346
0.0353626
0.028565
0.0266978
0.101344
0.0217891
0.0342775
0.0406861
0.0291349
0.00477845
0.0828651
0.0734966
0.0237313
0.0499048
0.0276708
0.0147125
0.0768983
0.0384569
0.0291963
0.0614821
0.0227986
0.0683283
0.0118802
0.0121661
0.0162967
0.0334199
0.0124546
0.0366438
0.0426423
0.0133312
0.0619715
0.0105235
0.0613683
0.0442016
0.0410119
0.0254134
0.00919895
0.0041406
0.00224455
0.0154547
0.0112123
0.00729975
0.0271426
0.0357119
0.0747274
0.0307506
0.0581845
0.0239309
0.0484565
0.0462062
0.0517604
0.0127736
0.0964352
0.0595194
0.0205322
0.0391034
0.0421308
0.029942
0.0203221
0.00945159
0.0162337
0.0449893
0.055324
0.0136433
0.0891013
0.051713
0.0619372
0.0200748
0.0419494
0.0409952
0.036437
0.0651045
0.137655
0.0243289
0.00861222
0.0308209
0.0414033
0.111649
0.0086295
0.0237959
0.0392392
0.0864343
0.0156192
0.0204687
0.093865
0.0287726
0.0122996
0.01159
0.0179394
0.0051154
0.00643348
0.0622921
0.0337309
0.117192
0.039996
0.0697707
0.00174466
0.0215515
0.00645283
0.0087343
0.0833485
0.054787
0.0967745
0.0469233
0.0337877
0.00619596
0.0304608
0.0477425
0.051464
0.0643401
0.02209
0.0368108
0.144014
0.0254812
0.0272337
0.0289682
0.0153041
0.0135452
0.0105266
0.0234277
0.0281775
0.208241
0.0105524
0.0228288
0.0896238
0.0065099
0.0256215
0.0374844
0.0662432
0.00820166
0.0315555
0.0911124
0.151397
0.0160736
0.0473147
0.0215811
0.0245893
0.0154484
0.0185866
0.00536941
0.0322193
0.0348097
0.0511243
0.073014
0.03759
0.022817
0.0307113
0.0156491
0.0288074
0.00180923
0.00252892
0.0119533
0.064006
0.0431088
0.0103123
0.0242687
0.0309407
0.0306869
0.0229224
0.0241466
0.0541237
0.0280905
0.0393326
0.0251352
0.0111691
0.0274211
0.0798276
0.0313418
0.0754522
0.0428387
0.0324602
0.0318278
0.0239937
0.00372211
0.0377324
0.034434
0.0273378
0.0185324
0.0155408
0.0266865
0.0520632
0.0238765
0.0219605
0.0280538
0.0689768
0.0232695
0.144939
0.0212055
0.0203703
0.0481535
0.0246809
0.0704548
0.00823375
0.017739
0.0364247
0.0931695
0.0301341
0.0236891
0.0252283
0.0509376
0.0106961
0.0162505
0.04373
0.0235419
0.0517433
0.0125849
0.0251702
0.102392
0.00139143
0.00810366
0.0178718
0.0331611
0.0364288
0.0433913
0.0313743
0.0502879
0.0410847
0.00217477
0.0194451
0.0283751
0.0131289
0.13379
0.00898853
0.0388482
0.0156648
0.0198808
0.025777
0.0089696
0.0719452
0.123948
0.00753985
0.0456602
0.0223981
0.0250655
0.0499997
0.00714384
0.0145705
0.00205026
0.135646
0.0281452
0.0319804
0.0584775
0.0451754
0.0430943
0.0962444
0.0559749
0.11892
0.0894939
0.0220367
0.0238122
0.0505591
0.00698051
0.00638253
0.0263
0.0401797
0.0657097
0.0126669
0.0478235
0.170461
0.0221666
0.0171244
0.107546
0.0104845
0.00511713
0.0364392
0.0313372
0.019163
0.0366674
0.0238626
0.0295439
0.0293395
0.0266345
0.0250069
0.0371737
0.0264154
0.0169615
0.0476042
0.0269504
0.0230984
0.0347195
0.0203277
0.035633
0.0169328
0.0329564
0.0338894
0.0257812
0.031654
0.0521991
0.00867189
0.0377356
0.0339384
0.0195011
0.0148754
0.0602563
0.114674
0.128297
0.116143
0.0235606
0.0547727
0.0455203
0.0795501
0.00383649
0.196535
0.00904003
0.0597157
0.0666401
0.0643779
0.00218735
0.0354487
0.11779
0.0340705
0.0641041
0.0165694
0.0344258
0.0161399
0.00260158
0.0264083
0.00965198
0.0146344
0.0204815
0.00515847
0.0824886
0.0647508
0.0562644
0.0515659
0.0164157
0.0232663
0.0439752
0.0141385
0.0135691
0.0185187
0.0450316
0.0456152
0.0748404
0.01149
0.0474366
0.0248938
0.0167693
0.025008
0.0648221
0.0157223
0.0389998
0.0477948
0.0250241
0.018846
0.0164954
0.00174501
0.0228458
0.0236829
0.0252902
0.0137703
0.14847
0.00347238
0.0107597
0.0345617
0.00218739
0.0435434
0.0147962
0.049246
0.0215454
0.0324621
0.0222546
0.00325141
0.0341148
0.0286045
0.0436155
0.0365944
0.0478977
0.0388124
0.0338734
0.0693177
0.0836173
0.0218018
0.0888139
0.104703
0.0442949
0.0561737
0.0119343
0.0109764
0.0370833
0.0210819
0.0224136
0.0449688
0.0235604
0.0130369
0.00471894
0.0381394
0.0233145
0.0286845
0.0812882
0.0061232
0.0179884
0.0249395
0.0230551
0.047774
0.0723015
0.027581
0.116722
0.0354878
0.045466
0.00380886
0.00683587
0.0853049
0.012294
0.0211027
0.0200027
0.0526294
0.0238212
0.0223086
0.0188359
0.0275251
0.0171763
0.137381
0.0168314
0.0231849
0.039679
0.0735374
0.0230749
0.0203998
0.0255223
0.0338276
0.0809346
0.0352866
0.036333
0.0365026
0.013682
0.0443933
0.0201247
0.0595862
0.0538833
0.064336
0.0447631
0.077942
0.0702352
0.0664621
0.0560915
0.0350866
0.0510023
0.0291075
0.0323363
0.0155716
0.072572
0.0402668
0.0293381
0.072867
0.0225859
0.0140113
0.000222916
0.0270734
0.0186981
0.0153015
0.0271916
0.0401738
0.065517
0.0649971
0.00140967
0.101646
0.0429073
0.0493488
0.0132542
0.0430148
0.0391817
0.0471277
0.119501
0.0972017
0.0171992
0.0396217
0.0263389
0.00724931
0.0375225
0.0325304
0.0164496
0.0851381
0.0469361
0.0254869
0.0261294
0.174307
0.0549946
0.0450191
0.127851
0.0210679
0.0515351
0.0235963
0.0168248
0.0191939
0.0510504
0.0421082
0.107915
0.0292241
0.0270405
0.0733297
0.0222522
0.0483867
0.0322632
0.0177102
0.035506
0.0116514
0.0182561
0.021358
0.0260636
0.0151518
0.00703639
0.0262939
0.0448278
0.0475573
0.0225612
0.0618167
0.078196
0.00372883
0.0845657
0.0345388
0.0348932
0.00742829
0.0160125
0.0112794
0.00997683
0.0118823
0.0465877
0.0490287
0.0450961
0.031242
0.0637785
0.109016
0.00935063
0.0837
0.0148173
0.0609408
0.0497172
0.0154908
0.02054
0.0176658
0.0515697
0.050914
0.107011
0.0262123
0.111115
0.0487874
0.0121932
0.0540643
0.0712383
0.0234435
0.150161
0.0186089
0.0192322
0.0143432
0.0925403
0.0151216
0.0219641
0.0181705
0.00289457
0.0302538
0.0569517
0.0899291
0.005437
0.0460003
0.0262718
0.0257566
0.0297483
0.0448984
0.0166746
0.0403554
0.0310098
0.0130977
0.00862323
0.050754
0.0170025
0.117702
0.0376424
0.0375584
0.0886883
0.100204
0.0758691
0.186533
0.0878326
0.0709113
0.112174
0.0298885
0.0160234
0.0161059
0.0104335
0.0873885
0.0210835
0.0908525
0.032728
0.0782249
0.0262448
0.0147852
0.195823
0.0161457
0.00888457
0.0222001
0.0945298
0.014153
0.0607712
0.0196535
0.0135749
0.0511476
0.0396536
0.0967427
0.032062
0.0164284
0.0589979
0.0171274
0.0158148
0.0435376
0.000797395
0.0449416
0.0214025
0.128119
0.0286544
0.0120999
0.0127093
0.078564
0.014703
0.0251605
0.0211884
0.0595893
0.0447139
0.0120913
0.0368158
0.0443641
0.0169516
0.031006
0.0482668
0.0724646
0.0121566
0.0290361
0.0200906
0.145299
0.0662427
0.0169865
0.0422821
0.0752469
0.0958768
0.0420398
0.0184287
0.0347463
0.0207466
0.0327955
0.0603589
0.0103868
0.0359283
0.0253784
0.176842
0.181596
0.0783622
0.0475394
0.00712277
0.166827
0.0862167
0.031542
0.0231126
0.0416379
0.0154003
0.0417942
0.0144159
0.0296425
0.00674628
0.0109549
0.00926162
0.0153398
0.0766053
0.0796698
0.0197445
0.0489707
0.0485048
0.0726289
0.0482755
0.0477437
0.0261207
0.0992022
0.020746
0.0194706
0.00999876
0.00694993
0.0382949
0.0442268
0.0608341
0.0453649
0.0455657
0.0375953
0.0537575
0.0320434
0.0460347
0.0175996
0.0570579
0.0120926
0.112443
0.00381751
0.0232331
0.0650792
0.0616546
0.0478384
0.149554
0.0337684
0.0609379
0.0402325
0.031037
0.0478676
0.0346794
0.0120467
0.00668242
0.0078816
0.0259532
0.015442
0.0551863
0.0340827
0.00188433
0.00646653
0.00234117
0.0357197
0.0127821
0.0316269
0.103017
0.0227512
0.0367243
0.0321929
0.0885848
0.0154014
0.0332377
0.0391174
0.00683474
0.079015
0.131721
0.0692151
0.0771446
0.0615524
0.0681981
0.0427359
0.0772503
0.0207342
0.0211092
0.0355542
0.0353432
0.00822045
0.019239
0.0970843
0.0332428
0.0215357
0.0230303
0.00914546
0.0693944
0.0534395
0.0708841
0.053803
0.16721
0.0338803
0.0120749
0.0469187
0.00611893
0.0448793
0.018251
0.0302104
0.0236652
0.0266303
0.024851
0.0547912
0.0543966
0.0274594
0.0268488
0.0335005
0.0339331
0.0216908
0.0186566
0.0155305
0.0530542
0.0173624
0.0518407
0.00319229
0.0239572
0.0431308
0.026671
0.0390371
0.0191602
0.0457306
0.0140684
0.0238141
0.0588003
0.0140833
0.0375094
0.0097933
0.0145751
0.0206399
0.0328647
0.0111672
0.0305271
0.074182
0.116326
0.0184533
0.0543851
0.0382936
0.0272788
0.141341
0.0206701
0.0311685
0.0326142
0.0700689
0.00448011
0.0315249
0.0251433
0.0199311
0.00779063
0.0443547
0.0336498
0.0424076
0.184433
0.0359516
0.0987098
0.0519268
0.03424
0.0750139
0.0541895
0.00198701
0.00954366
0.0360874
0.00255236
0.0304924
0.016884
0.0163689
0.00682471
0.0188029
0.0306569
0.00649812
0.0903565
0.0724453
0.0189628
0.0414227
0.0253902
0.0184742
0.030206
0.0134753
0.0325575
0.0144666
0.0499049
0.0309677
0.0157388
0.0155372
0.0260667
0.0309393
0.0292152
0.0195881
0.145462
0.0387011
0.0184233
0.0144144
0.0190129
0.0353674
0.0234068
0.0346382
0.0264383
0.034319
0.0311974
0.102381
0.0171686
0.0277368
0.0152298
0.0316644
0.0279879
0.0291856
0.0202393
0.00585805
0.0205973
0.0221618
0.034528
0.0354773
0.0193706
0.0735265
0.00686142
0.0686468
0.0905716
0.0364528
0.000907205
0.0126725
0.0571692
0.0359948
0.154538
0.0404726
0.00701029
0.0348064
0.0134743
0.107383
0.0369829
0.0182803
0.0289299
0.0420345
0.0254668
0.0101263
0.134881
0.0190118
0.0289056
0.137158
0.0224815
0.012154
0.0328355
0.0907017
0.0342752
0.0149479
0.0198226
0.00924991
0.0426233
0.0248865
0.0111302
0.0697313
0.040778
0.0507612
0.0815864
0.0152862
0.0405644
0.0310751
0.0177972
0.0750911
0.0125751
0.0373545
0.0093741
0.0204596
0.00244672
0.0417396
0.0113567
0.00905828
0.0463758
0.0254474
0.0394613
0.0438496
0.045062
0.0281413
0.106438
0.0229622
0.0149931
0.0348949
0.0293917
0.0352016
0.0404224
0.0685847
0.00347513
0.039489
0.068826
0.035179
0.0218075
0.0397165
0.0119209
0.0023104
0.0272586
0.00403718
0.0240372
0.0594329
0.044279
0.0135329
0.0468672
0.0106338
0.0247867
0.0113466
0.0276425
0.0542575
0.0431891
0.0188147
0.029482
0.0155199
0.128032
0.0249309
0.034985
0.0399701
0.0785545
0.0319789
0.0459942
0.022105
0.0237557
0.0314794
0.0173288
0.0301408
0.032976
0.0445624
0.140632
0.0544566
0.0402721
0.0719192
0.00792351
0.0214969
0.0937456
0.00880204
0.0511043
0.0203117
0.0473483
0.0618713
0.026207
0.071116
0.0692652
0.0205134
0.0485486
0.0224753
0.0370088
0.0176599
0.0220964
0.0215552
0.0484479
0.056259
0.122242
0.0606426
0.0624821
0.0109951
0.014984
0.0208138
0.0203484
0.0395419
0.0445732
0.0384473
0.066359
0.0390462
0.0134283
0.0169819
0.0768671
0.00922862
0.0452066
0.0176268
0.0214576
0.033033
0.0545239
0.0170916
0.0168962
0.00735183
0.0865736
0.00198803
0.0534285
0.0178483
0.0293715
0.0371112
0.0383641
0.0202632
0.00817069
0.0586105
0.150867
0.0431905
0.0429583
0.0412962
0.0456041
0.0379925
0.0343252
0.0265803
0.0101668
0.0205723
0.00718968
0.0313945
0.0210862
0.0197905
0.0189521
0.014369
0.0228916
0.073457
0.0257996
0.0216929
0.0196027
0.021184
0.00226347
0.00771391
0.00880617
0.0577233
0.0544353
0.00868821
0.0420276
0.0230796
0.0313165
0.0238467
0.0149648
0.00387247
0.00142773
0.0186899
0.0924517
0.00721854
0.00169566
0.0338203
0.00918372
0.113211
0.0331322
0.0410473
0.023967
0.0589186
0.0250815
0.00794066
0.0397312
0.0377383
0.176343
0.0453906
0.0189454
0.00946425
0.0194246
0.0805831
0.00177294
0.0204817
0.0251966
0.0433392
0.128755
0.029884
0.0135482
0.0113964
0.0543477
0.0104083
0.0223607
0.0581235
0.0742124
0.00768032
0.0954221
0.00827816
0.0377261
0.0556102
0.0359184
0.0332286
0.0140444
0.0520495
0.148528
0.0296086
0.0250616
0.013661
0.0234325
0.0169078
0.0237259
0.0926452
0.0184929
0.0131124
0.0022636
0.0682129
0.0673715
0.0500922
0.0161627
0.0253279
0.0169289
0.0395006
0.0218088
0.0243498
0.0226755
0.0242086
0.0116756
0.164798
0.0669972
0.0735346
0.0373737
0.0108005
0.00199059
0.0419677
0.041296
0.111122
0.0294202
0.0352806
0.026351
0.038091
0.00719873
0.0245052
0.0133764
0.0509877
0.0340136
0.175222
0.076634
0.00839897
0.0232313
0.0440221
0.0290211
0.0165274
0.037484
0.0138062
0.0545002
0.0303944
0.0150753
0.0898405
0.00703102
0.0210909
0.0216061
0.0695395
0.00824003
0.0347987
0.020524
0.0239822
0.0225203
0.0373167
0.0296682
0.0363938
0.0455555
0.031385
0.0313808
0.0161756
0.0124579
0.144877
0.0220667
0.0169492
0.0682693
0.0157114
0.0253294
0.0144883
0.0280143
0.00702067
0.101138
0.0385676
0.0191009
0.043354
0.040123
0.0388005
0.0144432
0.0291115
0.0644613
0.0346023
0.10339
0.0250078
0.0182697
0.0395114
0.00582748
0.0514874
0.024849
0.0186268
0.0384752
0.0294055
0.0175746
0.0337212
0.0321272
0.0247004
0.0486362
0.104343
0.0171416
0.0178876
0.0261233
0.0425863
0.0588868
0.0455603
0.0362654
0.0349015
0.0314149
0.0215096
0.029936
0.0116988
0.0597624
0.030998
0.128872
0.044706
0.0298577
0.0576989
0.0160497
0.0243254
0.0195049
0.0686552
0.0457083
0.0676206
0.125465
0.0172726
0.048805
0.0370411
0.0482473
0.0269828
0.0277783
0.0462607
0.0212372
0.00869001
0.0401647
0.0110622
0.10479
0.143117
0.0451695
0.00996963
0.020581
0.00945305
0.030307
0.0118789
0.0208595
0.0246459
0.053516
0.0120627
0.0326892
0.0920737
0.0118096
0.0335836
0.0352692
0.07242
0.0185504
0.0278696
0.0189789
0.0262737
0.00828697
0.0691191
0.0230318
0.0295317
0.00573396
0.0303505
0.0285707
0.0490163
0.00539993
0.0402905
0.0178122
0.0567314
0.0199106
0.0372011
0.0150113
0.0013674
0.0519499
0.0350502
0.148284
0.0017717
0.00920149
0.0551167
0.0831607
0.00838859
0.0154237
0.0352311
0.0242118
0.0175507
0.0319037
0.105096
0.0176391
0.0133264
0.0280545
0.0379922
0.00494374
0.0458283
0.0163574
0.117244
0.00979561
0.0842504
0.0224313
0.0260897
0.0158631
0.0100326
0.044017
0.0380431
0.0249711
0.0686717
0.0259173
0.00804196
0.0616723
0.00887072
0.00988799
0.0372716
0.0632754
0.1223
0.141005
0.0118137
0.0390044
0.0297617
0.0535768
0.0578208
0.0243283
0.0238407
0.0128281
0.0234407
0.0565375
0.0229216
0.0223046
0.0449048
0.0423186
0.0718992
0.00339666
0.0253972
0.0264162
0.0644886
0.116241
0.0715628
0.0336227
0.0247714
0.114609
0.0128193
0.0135147
0.131358
0.00175517
0.0495962
0.0336061
0.0235905
0.0381968
0.0234399
0.103264
0.0604528
0.0482175
0.092721
0.0120379
0.0385148
0.0561231
0.0949563
0.208955
0.0748448
0.017217
0.0513659
0.0247539
0.0456767
0.0326049
0.132837
0.0567894
0.0841174
0.0163919
0.148566
0.00913979
0.0045888
0.0219187
0.137198
0.0149024
0.0553061
0.0306122
0.204397
0.0623924
0.0311981
0.00749387
0.0126676
0.0166502
0.0180666
0.0150377
0.0118838
0.0289049
0.0548119
0.0501062
0.0447684
0.0631541
0.021441
0.00312557
0.0614662
0.00440183
0.0416202
0.024808
0.0370845
0.00226925
0.0148667
0.0520847
0.0422199
0.0533414
0.0213966
0.0578865
0.00868863
0.00906449
0.0614928
0.00123158
0.0188749
0.0297667
0.0262772
0.05468
0.029266
0.0202436
0.0211824
0.0150537
0.0264436
0.0188117
0.0194768
0.0246874
0.0624371
0.0222815
0.0156711
0.0349225
0.0387155
0.0103288
0.0416641
0.0114082
0.0719098
0.0224576
0.0745984
0.0166496
0.0011895
0.0214441
0.032673
0.0522444
0.0710397
0.0418636
0.0720796
0.0612773
0.0203938
0.0230538
0.0445926
0.0331912
0.0316787
0.0277874
0.0348511
0.00789149
0.0267894
0.0147843
0.0416211
0.0318737
0.0732038
0.0463888
0.0309675
0.0169211
0.0113769
0.0166529
0.166269
0.0162566
0.0630723
0.00875239
0.0738196
0.0655513
0.0214139
0.112139
0.0339093
0.0145012
0.0583714
0.207933
0.0865248
0.036019
0.0651837
0.0156461
0.0206455
0.169874
0.0205265
0.0233935
0.0472271
0.0328729
0.0433046
0.0299712
0.0644334
0.00938602
0.183645
0.0198772
0.0253628
0.0710186
0.0441869
0.059897
0.0214944
0.0426822
0.0199974
0.0178847
0.0871581
0.0245929
0.0878009
0.0601469
0.0105768
0.0160234
0.0454724
0.0276185
0.0724971
0.0646721
0.0234247
0.0611306
0.0119596
0.0162169
0.0131313
0.183676
0.0243437
0.0329046
0.0681712
0.0399782
0.109676
0.0326466
0.0246667
0.0330555
0.131716
0.00219881
0.0433036
0.02725
0.0669536
0.0661594
0.217895
0.0424329
0.0582601
0.0293466
0.0437581
0.0653067
0.0121971
0.101187
0.0189574
0.0473982
0.0872347
0.046489
0.00324
0.0261345
0.0613502
0.083211
0.0640195
0.0299881
0.0239543
0.0149984
0.0648993
0.015231
0.0256289
0.0249993
0.0304609
0.0220923
0.0317703
0.0505148
0.0507389
0.0126385
0.0153396
0.0174559
0.0321212
0.00661783
0.0579476
0.0227902
0.0287864
0.0282804
0.00719233
0.00627712
0.0098976
0.0351184
0.00388183
0.0318529
0.0333614
0.0388413
0.0191243
0.0367691
0.0239777
0.00878928
0.0361307
0.00902425
0.00904276
0.0299902
0.00971927
0.0440411
0.00659917
0.0430305
0.00608106
0.0682952
0.0178792
0.0826702
0.0903055
0.0265014
0.0284573
0.0456152
0.0423436
0.034782
0.0218202
0.00402947
0.0165367
0.0131213
0.0262173
0.0214391
0.00849058
0.0364737
0.0960239
0.0836374
0.137984
0.0409858
0.0633925
0.0624502
0.00933832
0.0496884
0.0651459
0.0387914
0.0842638
0.0129202
0.0500097
0.0437259
0.0111452
0.0429788
0.0115604
0.0428596
0.0464504
0.0301985
0.0313212
0.0240831
0.0106864
0.0107938
0.00724544
0.0233707
0.0244393
0.0192422
0.0347147
0.0401883
0.040818
0.0785089
0.0843406
0.00614195
0.0429121
0.0152005
0.0463246
0.0086555
0.0317626
0.100989
0.0318338
0.106847
0.020827
0.0583932
0.0121774
0.0774212
0.0610314
0.0650118
0.166637
0.0340884
0.0399966
0.0548699
0.0466805
0.00736895
0.0307431
0.0199351
0.0097489
0.0213061
0.163915
0.0321219
0.0368347
0.0293046
0.054223
0.0586654
0.0731715
0.0278952
0.100942
0.0577613
0.0227327
0.0242881
0.0345232
0.0343271
0.0861735
0.0218929
0.0281748
0.0848526
0.0159235
0.0363469
0.00206266
0.0214575
0.00856991
0.0365057
0.0493327
0.0699307
0.0283106
0.0375063
0.0324276
0.040939
0.0567313
0.0218963
0.0483971
0.0421496
0.0414203
0.0349503
0.0175057
0.0159397
0.0749593
0.0533694
0.019614
0.0161065
0.0850313
0.0105002
0.0112786
0.0185146
0.0320329
0.0218728
0.00954127
0.0671227
0.0314181
0.0138485
0.044237
0.0673421
0.0405952
0.011548
0.00755456
0.0156515
0.0313123
0.0296706
0.0095186
0.00432183
0.00588132
0.0355454
0.0236223
0.0201734
0.0581178
0.0648695
0.09956
0.026241
0.00429024
0.0137208
0.0411095
0.0108125
0.0112043
0.0290961
0.0246257
0.0211643
0.0215194
0.0975319
0.00194278
0.0149808
0.0396702
0.0218203
0.0192096
0.0210354
0.0025616
0.0928432
0.00998931
0.030706
0.0843834
0.0203063
0.0536126
0.0182567
0.0252051
0.0107493
0.0712718
0.0746464
0.0234796
0.0750208
0.0814389
0.00134371
0.0548305
0.0507575
0.0510714
0.0133018
0.0258059
0.0142798
0.0401286
0.0512301
0.0221009
0.0274916
0.0662309
0.0191633
0.189643
0.109617
0.0535345
0.0322894
0.0354684
0.0496284
0.117914
0.107292
0.0732782
0.0222442
0.0445405
0.026257
0.0391147
0.0181608
0.0441546
0.0273044
0.000340431
0.0173923
0.0219558
0.0628208
0.0107912
0.0707282
0.0417529
0.00792548
0.00960344
0.00456591
0.030075
0.0129789
0.0260878
0.00551998
0.0241462
0.0134558
0.0243941
0.00625508
0.0216073
0.0256908
0.0253901
0.0266646
0.011067
0.00477437
0.0218262
0.0674982
0.0261144
0.0286914
0.0305007
0.022632
0.0360371
0.0376183
0.050413
0.0764444
0.0381485
0.0650397
0.0553216
0.0448471
0.0269461
0.185089
0.0458459
0.227973
0.0069777
0.0346345
0.0612169
0.00505104
0.0233509
0.0302557
0.0227475
0.0238207
0.00883798
0.135913
0.00664225
0.0232222
0.0343854
0.183042
0.0452928
0.000352301
0.0448434
0.0742246
0.0463825
0.037534
0.0135261
0.0161344
0.0110961
0.0623594
0.0273485
0.0302073
0.163944
0.0371894
0.0370583
0.00795143
0.00788581
0.0257892
0.053616
0.0189597
0.12465
0.0424459
0.0230737
0.0226624
0.0196461
0.061312
0.00238809
0.0263642
0.0133968
0.0199962
0.0327863
0.0360292
0.0451631
0.0603076
0.0685493
0.0212933
0.0404778
0.0607538
0.0205746
0.0218121
0.0324863
0.0663635
0.0372747
0.0473223
0.0289435
0.0139584
0.0347648
0.0141232
0.0734689
0.0194173
0.0371171
0.00391528
0.0347592
0.0631631
0.0392068
0.014361
0.0351094
0.0147638
0.0328292
0.0177115
0.0374984
0.0425393
0.00102572
0.0247066
0.0531171
0.0390232
0.0395905
0.0121475
0.0424834
0.0453227
0.0623442
0.0291772
0.047016
0.0111287
0.0332153
0.101457
0.0343033
0.0147062
0.0196956
0.068139
0.039009
0.0460409
0.00954745
0.145161
0.107037
0.15089
0.0411796
0.0141814
0.00958459
0.0513481
0.010985
0.00239407
0.172005
0.0596055
0.00743601
0.000943274
0.0184974
0.0139028
0.0366741
0.0386689
0.0211293
0.0293497
0.0612649
0.0270708
0.044777
0.0319055
0.0223664
0.0692812
0.0486422
0.000464396
0.0231517
0.0277895
0.044951
0.00102395
0.121475
0.0482307
0.0306455
0.0415742
0.00288173
0.0488183
0.075598
0.0198605
0.0262189
0.0347071
0.0126784
0.0179424
0.015532
0.0312938
0.0190614
0.0342997
0.0144318
0.0192375
0.085465
0.0265897
0.0440297
0.0474577
0.0274758
0.0182027
0.00730741
0.00246695
0.0121845
0.0184133
0.0479224
0.0139364
0.046172
0.0130901
0.0138764
0.0236042
0.00775026
0.0351696
0.0398583
0.0216815
0.0185675
0.0477713
0.00292983
0.030384
0.00890458
0.0551347
0.0346451
0.0167651
0.0297038
0.00876716
0.029455
0.0241893
0.0605034
0.0272194
0.0442046
0.0172928
0.0115705
0.0253501
0.00163906
0.0355064
0.0244498
0.000936317
0.00982049
0.00708298
0.00919905
0.0135846
0.0552178
0.0261971
0.0260195
0.0364194
0.0069169
0.0414611
0.0312214
0.0156102
0.0571137
0.0364416
0.00628337
0.0186998
0.0565718
0.00668585
0.046162
0.0311333
0.0159279
0.0233788
0.0263671
0.00949524
0.0184915
0.045164
0.0382395
0.033773
0.0356093
0.0275433
0.0421735
0.023256
0.0383982
0.0397137
0.0929716
0.0326877
0.0118073
0.0881811
0.0244301
0.0178452
0.127871
0.0317025
0.0452957
0.0123207
0.0351792
0.0944218
0.0978384
0.0165661
0.0307694
0.00647665
0.0324319
0.028432
0.0161698
0.0508848
0.0231189
0.0311426
0.0325521
0.00185245
0.0487427
0.0252874
0.0226491
0.0318609
0.0133348
0.0151432
0.0374713
0.0409366
0.00403903
0.0216678
0.0359456
0.0935173
0.0633959
0.0158694
0.0262572
0.0814229
0.034696
0.0897889
0.0480095
0.0345163
0.0449928
0.013995
0.0309965
0.0153827
0.026708
0.0257022
0.0876664
0.032971
0.00650111
0.0135839
0.0234565
0.025708
0.0912405
0.0353584
0.0327244
0.00694465
0.0334053
0.0879358
0.00809252
0.012809
0.0310774
0.00456783
0.0270755
0.0436039
0.0715212
0.0810481
0.0341366
0.0462895
0.047153
0.0166686
0.0696767
0.0903941
0.0641757
0.121819
0.00847018
0.00292433
0.0816826
0.0431737
0.0173455
0.0607812
0.0125242
0.025682
0.0508661
0.00227146
0.0283515
0.0242237
0.0150691
0.0312822
0.0330353
0.0401462
0.0324773
0.0340051
0.0229856
0.00434629
0.0200352
0.0213217
0.0329872
0.0124374
0.0448676
0.0362474
0.0201252
0.0352143
0.0408231
0.00753303
0.0166997
0.058041
0.0353728
0.000663304
0.0629425
0.0379889
0.0358162
0.0284739
0.0242066
0.0107065
0.0680887
0.018338
0.185438
0.0134182
0.0262551
0.0399401
0.00998049
0.0219325
0.106652
0.0263488
0.0304475
0.0132028
0.00803536
0.0374255
0.0497194
0.00390558
0.075371
0.122512
0.0398227
0.0418668
0.0450485
0.0588745
0.0713413
0.0135664
0.0221239
0.0391062
0.0125015
0.0135928
0.0215181
0.0545614
0.0309809
0.0185308
0.0337672
0.0306738
0.0238964
0.013749
0.0869532
0.016214
0.0311592
0.0671578
0.0176558
0.036113
0.0451222
0.0303111
0.0369636
0.0166237
0.0454606
0.01413
0.0395894
0.0381715
0.0449269
0.0499057
0.0190499
0.0347497
0.00107152
0.0605105
0.0235592
0.0147852
0.0420472
0.0570227
0.0149777
0.042751
0.0300365
0.0887668
0.0287196
0.0580616
0.0178959
0.0271088
0.0133212
0.0660183
0.0340187
0.00931459
0.0511238
0.00683721
0.0296709
0.0229125
0.0128035
0.0332629
0.0225219
0.0334262
0.0482993
0.0143089
0.0303801
0.135634
0.122813
0.0178806
0.0299281
0.025499
0.0124077
0.0896972
0.0398936
0.0368113
0.121374
0.028305
0.0477485
0.0129816
0.0264894
0.0345436
0.0419049
0.0191585
0.0535741
0.0181202
0.05827
0.0191949
0.0685281
0.0338905
0.0305467
0.0184888
0.0313126
0.0111858
0.0517717
0.0354868
0.0341286
0.0281034
0.240796
0.0989082
0.0167703
0.0177471
0.0335759
0.0370737
0.111322
0.0557384
0.0531029
0.0128758
0.0377694
0.0113926
0.0341443
0.0214001
0.018187
0.0101698
0.0428124
0.0567587
0.0233825
0.00172708
0.0281054
0.0506999
0.0239824
0.0316453
0.00411474
0.0502227
0.0208825
0.00789366
0.00489345
0.0296913
0.0532875
0.0122862
0.0179861
0.0195578
0.0187095
0.0786972
0.0104729
0.0477041
0.100474
0.0247565
0.0181913
0.00177851
0.0279538
0.0514791
0.0134092
0.00378277
0.103329
0.033683
0.0573655
0.0582916
0.0230431
0.0495477
0.0188536
0.0388383
0.069907
0.0199846
0.0169622
0.0333519
0.00569035
0.0255898
0.108073
0.0260629
0.0522011
0.0670856
0.0196278
0.0553335
0.0114191
0.0666863
0.0325005
0.117966
0.00443678
0.0513472
0.0363915
0.0270436
0.0145822
0.0256524
0.000759451
0.0235557
0.0183497
0.12011
0.0572336
0.0115771
0.0424467
0.0261495
0.01575
0.000367
0.0259687
0.029166
0.0587624
0.0305782
0.0229662
0.0256465
0.0208415
0.0236114
0.0183345
0.0336645
0.0440211
0.0395259
0.0172808
0.0173395
0.0589345
0.0156744
0.000648305
0.0120876
0.04518
0.0145937
0.0324602
0.0185792
0.0376027
0.0159119
0.0431225
0.0609453
0.0257274
0.0135319
0.0204489
0.0151511
0.00526322
0.00941785
0.00711694
0.0318913
0.0540604
0.025847
0.0811987
0.0104328
0.0377629
0.0439556
0.0211914
0.0413551
0.00973496
0.00688484
0.0539925
0.0329601
0.0290804
0.0592665
0.040751
0.031186
0.0446227
0.0416985
0.0181904
0.0491728
0.105956
0.064455
0.200802
0.0221104
0.0474871
0.0215516
0.0257643
0.0363199
0.0254005
0.0302956
0.116758
0.0106378
0.0108577
0.105387
