0.151181
0.00383734
0.00618887
0.0153812
0.0224394
0.00725809
0.0447269
0.000915412
0.00811451
0.0315414
0.0139005
0.0103288
0.0207297
0.00198795
0.0106301
0.00587538
0.0107872
0.00699179
0.00750635
0.0231122
0.00563566
0.00772102
0.0255105
0.0048082
0.00643076
0.0122266
0.0367126
0.0207568
0.00403971
0.0271833
0.00905873
0.0149061
0.00864511
0.00651512
0.0109785
0.0360257
0.00936689
0.00306928
0.00609515
0.0190013
0.00109403
0.03381
0.0142303
0.0170907
0.00229265
0.0210457
0.0439183
0.00508156
0.0258537
0.00296889
0.0142339
0.0142884
0.0224038
0.0166692
0.00723271
0.0172351
0.0277593
0.00679083
0.0536842
0.00522819
0.00870087
0.0108545
0.0227623
0.0623754
0.000701696
0.0348651
0.0218231
0.00655862
0.0563085
0.0138439
0.0107393
0.0170187
0.0115354
0.0399335
0.0129947
0.011983
0.000613853
0.0420971
0.00228244
0.00836751
0.0244369
0.0365111
0.0328794
0.00243068
0.0389509
0.0132234
0.0403305
0.0115884
0.0533909
0.00497405
0.00619188
0.0213179
0.00186586
0.096965
0.00713111
0.0158036
0.00612768
0.0128129
0.0231014
0.000364081
0.0311011
0.0091241
0.0626665
0.000797696
0.0986208
0.00387271
0.0973702
0.00148429
0.0144449
0.00609757
0.00555007
0.0182202
0.00485731
0.0191189
0.00605174
0.00608096
0.0644213
0.0110975
0.0152559
0.00659798
0.0342479
0.00314999
0.0154632
0.000503383
0.123495
0.0110916
0.0253878
0.0145869
0.00994169
0.0169283
0.0831533
0.012325
0.0153976
0.0104919
0.00587785
0.00601825
0.0187417
0.00145691
0.00855406
0.00369827
0.00338526
0.00900463
0.0360275
0.0438606
0.00564743
0.0335212
0.00928886
0.00690033
0.0257127
0.0261541
0.00875297
0.0108682
0.0137282
0.0097485
0.00113524
0.0785334
0.0072122
0.0118818
0.00644241
0.00493285
0.0223301
0.0146734
0.0107185
0.00974283
0.00508767
0.000895248
0.0261591
0.0277979
0.0493071
0.0446376
0.00787767
0.00954772
0.00268007
0.00513772
0.00516855
0.00297803
0.0127749
0.0102747
0.0251564
0.00919315
0.00955347
0.0089148
0.0098514
0.0222449
0.00736728
0.00805889
0.0181036
0.000412219
0.00689613
0.00242329
0.0336541
0.00486818
0.00116201
0.00431185
0.0230073
0.0140777
0.00596459
0.0301095
0.0229171
0.0190458
0.0169889
0.00581801
0.0094473
0.0307865
0.0102574
0.0106896
0.00887831
0.0292775
0.00569511
0.00907701
0.0166183
0.0644022
0.0350631
0.0371354
0.012117
0.0124693
0.00147226
0.0129259
0.0218035
0.00414879
0.131902
0.0416756
0.0858572
0.0160076
0.00874025
0.0325618
0.00375509
0.0127816
0.00564472
0.00652349
0.0299721
0.0143231
0.0036267
0.0358278
0.00799337
0.021558
0.0631665
0.00129091
0.00698311
0.0302467
0.0326839
0.0859976
0.0157315
0.0646582
0.0056122
0.000372554
0.0018068
0.00498394
0.00895054
0.0191281
0.0119786
0.0230531
0.00805874
0.0195611
0.00707095
0.00575985
0.0368503
0.0410867
0.0139161
0.00381584
0.0666595
0.00498506
0.00794392
0.057343
0.00323175
0.0190506
0.00381103
0.0336744
0.0118404
0.00816557
0.0310993
0.0196802
0.0181788
0.00665002
0.0223727
0.00184788
0.000992021
0.0102107
0.0036511
0.0179261
0.0146944
0.0120393
0.0229057
0.0493861
0.0131602
0.00982078
0.0523284
0.00216274
0.00733245
0.036033
0.0026579
0.0111468
0.0622316
0.0402723
0.0208331
0.0064678
0.00322488
0.00709433
0.057705
0.0112247
0.00734149
0.0413225
0.0152234
0.0168268
0.00135133
0.0100564
0.0276779
0.000693185
0.0133564
0.00827805
0.0309315
0.00524994
0.00102034
0.00947885
0.0426941
0.00884972
0.00222491
0.0233124
0.0362693
0.00708092
0.0137516
0.0117886
0.0365522
0.0214166
0.00363701
0.00892887
0.00441396
0.00165919
0.0473574
0.0161079
0.00554585
0.00685651
0.198105
0.00333484
0.0186621
0.020608
0.0240732
0.0150033
0.00114366
0.00849772
0.000620668
0.00146526
0.0177208
0.0415319
0.0203309
0.0109164
0.045139
0.00788809
0.0200459
0.0216265
0.0041162
0.00162925
0.0366684
0.0234693
0.037379
0.0119972
0.00059217
0.0311555
0.0104628
0.0255537
0.00186452
0.0119719
0.20034
0.228441
0.0279421
0.0166408
0.00702469
0.0087252
0.00961291
0.00212277
0.0108611
0.00345996
0.00739298
0.00646529
0.0311698
0.00756391
0.0409725
0.00680103
0.00236301
0.0113697
0.00170161
0.0036146
0.0380673
0.0127736
0.00734509
0.00859955
0.0161274
0.0316928
0.00479493
0.011285
0.000547568
0.00667201
0.0673736
0.00321883
0.0159452
0.000920257
0.0107241
0.00424817
0.0011951
0.00146754
0.00467622
0.00160767
0.0118207
0.0128673
0.00852513
0.069143
0.00380733
0.00768272
0.00177474
0.011192
0.0161766
0.00660191
0.000823124
0.00945587
0.00970154
0.00317461
0.0389574
0.00292684
0.00329323
0.0208991
0.0620625
0.010828
0.00986079
0.0216448
0.00527846
0.0132691
0.00699442
0.00603342
0.00827362
0.0792077
0.00898108
0.0090323
0.0162261
0.0446701
0.0283841
0.0100453
0.133585
0.00749266
0.0358217
0.0103811
0.00121506
0.0097762
0.0088853
0.00376656
0.00858281
0.00152039
0.00857455
0.0160593
0.012367
0.00520493
0.0574655
0.0555242
0.00434537
0.00380637
0.0304867
0.0141344
0.00750896
0.0125906
0.00546121
0.000380196
0.0105814
0.00764159
0.0171465
0.0253795
0.00772589
0.00533216
0.001357
0.0263325
0.00735508
0.004785
0.00148007
0.0102659
0.0655742
0.055781
0.0206815
0.00409525
0.0014903
0.00152992
0.00589296
0.000487716
0.00150992
0.0124664
0.00753898
0.0193321
0.0141665
0.058573
0.0294354
0.0303851
0.000968495
0.0143015
0.199017
0.00182906
0.0262992
0.0154291
0.0340222
0.00643749
0.0285826
0.00057281
0.00707821
0.0126991
0.00139107
0.00524928
0.0100036
0.000693407
0.00171048
0.00676788
0.000901887
0.0177103
0.00314434
0.00681586
0.0119033
0.00531969
0.0039726
0.0136235
0.0107499
0.0223795
0.0520354
0.0332268
0.0507241
0.0108709
0.0251245
0.00994611
0.00176236
0.00657982
0.0110576
0.0161316
0.0196281
0.0162885
0.00335742
0.014129
0.0152739
0.0108628
0.00188756
0.0124798
0.0132513
0.0146652
0.000705123
0.0143194
0.00811236
0.0199288
0.0285424
0.00777463
0.00138261
0.00066749
0.0161512
0.00589669
0.015053
0.0201639
0.0288127
0.00117135
0.00655573
0.0150262
0.0385632
0.00350968
0.0150623
0.0114624
0.000998951
0.00957756
0.0191151
0.0201467
0.0447715
0.0153852
0.00189844
0.00223677
0.00543633
0.0193955
0.0140401
0.0127364
0.0198318
0.00963082
0.00914667
0.00281791
0.0182212
0.0191288
0.000814312
0.00774173
0.0305881
0.0284641
0.0104105
0.0776357
0.0290201
0.0146902
0.0631545
0.0138313
0.0134677
0.00362469
0.00254158
0.104669
0.0577768
0.0444719
0.0137282
0.0270642
0.0158396
0.0215803
0.0270357
0.0390257
0.00149256
0.0205216
0.0228481
0.0095565
0.0613977
0.00607033
0.0231631
0.00144017
0.0389817
0.00806471
0.00807516
0.0114873
0.00297818
0.0128686
0.0862772
0.0278792
0.0126939
0.00305286
0.0182413
0.0226748
0.00517153
0.0103203
0.0111794
0.017537
0.00748326
0.0023371
0.0386336
0.00299369
0.0178748
0.0559289
0.00991365
0.023514
0.0055165
0.0163005
0.000956111
0.0658092
0.00972323
0.00829059
0.0509222
0.0157354
0.00479108
0.043015
0.0207538
0.0125721
0.0120003
0.00162269
0.00390382
0.0351207
0.00103528
0.0395543
0.0240061
0.0140006
0.00170172
0.00458251
0.00492281
0.0288513
0.000344977
0.0231152
0.0270369
0.0119486
0.0139506
0.0123234
0.0114276
0.00562653
0.0249934
0.000918119
0.0136925
0.00160574
0.00736856
0.0195931
0.00390181
0.00789772
0.00189269
0.0161566
0.00323324
0.00832546
0.00539465
0.00423662
0.00673928
0.0110829
0.0477245
0.0157156
0.00602276
0.0387857
0.0101048
0.0191772
0.00810624
0.0309146
0.00698561
0.00623631
0.014838
0.0742048
0.133718
0.0164767
0.0085027
0.0214269
0.0181237
0.0808682
0.0192889
0.0124677
0.00261833
0.015528
0.00345693
0.0105004
0.0504143
0.0218773
0.00342863
0.00142581
0.00310874
0.0210442
0.00912255
0.0322095
0.00642702
0.0223914
0.01129
0.0448812
0.00673051
0.00318271
0.0215287
0.0129416
0.0152192
0.0139327
0.00770103
0.00721699
0.00739614
0.0164354
0.0517762
0.00107425
0.00742162
0.0122385
0.00649619
0.00629655
0.00556951
0.0304504
0.00874855
0.00724174
0.03703
0.0017111
0.0173265
0.027792
0.0134934
0.0010286
0.0123974
0.0186051
0.0241142
0.000939382
0.0215613
0.00818739
0.00686949
0.00726664
0.00773416
0.0165762
0.0205461
0.0264279
0.00781728
0.0377613
0.00240037
0.0495111
0.00120331
0.00512553
0.0353803
0.00783154
0.00512476
0.00631092
0.00578679
0.0011815
0.000338576
0.0594769
0.0138068
0.00472942
0.00691429
0.00592342
0.0252523
0.0123762
0.0572393
0.0392344
0.011004
0.00351181
0.060322
0.014231
0.0131709
0.0174017
0.0529282
0.0588985
0.00847586
0.01168
0.0054848
0.0116682
0.0120858
0.00957531
0.00467351
0.0200844
0.00875874
0.00755105
0.00695913
0.0414452
0.0202249
0.0105945
0.0137198
0.0129337
0.00376067
0.0210585
0.00137924
0.00177484
0.00131286
0.0102109
0.0117657
0.00293882
0.00282428
0.000765967
0.00569231
0.00703585
0.00369386
0.00763702
0.0147593
0.0856705
0.0135324
0.00629661
0.0222405
0.0183251
0.0775645
0.0180983
0.00349774
0.00132496
0.0174016
0.110256
0.0220159
0.0100725
0.0437188
0.0303153
0.000812976
0.0188078
0.016
0.0734774
0.0175003
0.101378
0.0481686
0.0404948
0.00562176
0.0663056
0.022977
0.0215102
0.0249369
0.0131986
0.012669
0.0124816
0.0042293
0.0349092
0.00524799
0.0298978
0.00267692
0.0171994
0.000463076
0.00527734
0.00879165
0.0356815
0.0177731
0.0130758
0.0181442
0.0293012
0.0136259
0.0614702
0.00767117
0.00233353
0.0541797
0.0208997
0.0163503
0.0106424
0.045421
0.00684688
0.00363391
0.0117415
0.0246465
0.0057432
0.00816653
0.0158475
0.0189994
0.0237386
0.00942025
0.0136182
0.0492425
0.000704735
0.00619018
0.0519271
0.0120487
0.00136051
0.0464348
0.0113938
0.0100452
0.0301864
0.163756
0.0111521
0.0293782
0.00364484
0.0130998
0.00651261
0.0173727
0.0362553
0.0238319
0.00455044
0.0102181
0.00857545
0.00780548
0.0132186
0.0508189
0.00509743
0.00600413
0.108388
0.0150468
0.0592908
0.0222247
0.00624909
0.0131082
0.0746447
0.00762563
0.0195041
0.130351
0.0437078
0.0350906
0.015742
0.0653991
0.00538849
0.0144038
0.00472502
0.0112781
0.0486874
0.000798981
0.0142688
0.00940041
0.061554
0.0257565
0.0263294
0.0233107
0.00927737
0.0460591
0.00144152
0.029181
0.0134144
0.00614546
0.00599159
0.0172581
0.0295641
0.00801993
0.0219562
0.0118354
0.115866
0.0105902
0.0455716
0.00335251
0.0112472
0.00344828
0.00354063
0.0215537
0.00885266
0.00157095
0.00348534
0.000772383
0.0261811
0.00612393
0.0630851
0.013849
0.025163
0.00972581
0.0224313
0.0125848
0.0147114
0.00879028
0.0114673
0.0484969
0.0466691
0.00596987
0.00891567
0.0485822
0.0208444
0.00848858
0.00730624
0.00773411
0.0108665
0.00954586
0.0182843
0.0207147
0.0170039
0.0319986
0.0172113
0.0156847
0.00174487
0.0325368
0.0153223
0.0078562
0.0144742
0.0154432
0.0277855
0.00538353
0.0373911
0.00525677
0.00917764
0.0105928
0.00412105
0.0372378
0.00117267
0.0358599
0.00649652
0.0167282
0.00763142
0.00743263
0.0273714
0.00309922
0.0098702
0.0277831
0.00447489
0.0132315
0.00631636
0.0104982
0.0128593
0.0132645
0.0132959
0.013437
0.000466143
0.0207674
0.137807
0.00255037
0.114344
0.0132272
0.00348627
0.0122759
0.0111049
0.0022537
0.0167191
0.0297104
0.0371971
0.0035918
0.00654582
0.00986624
0.0730503
0.00109743
0.00702007
0.00297314
0.00888935
0.0304257
0.0199894
0.00390236
0.0116863
0.00159316
0.0135983
0.0171951
0.0248457
0.00799246
0.00529109
0.00277223
0.0134983
0.00897462
0.000815371
0.0257992
0.0129772
0.102502
0.0146472
0.00598081
0.00336922
0.019149
0.0133194
0.0595328
0.0122125
0.00333393
0.00172364
0.00943321
0.0123834
0.0079148
0.0558586
0.00636879
0.0429904
0.0026443
0.0250285
0.0337148
0.0019217
0.0115934
0.00865123
0.0544356
0.00570005
0.00596061
0.00149807
0.0446749
0.00870669
0.00599647
0.0155426
0.024413
0.0595575
0.0210748
0.040622
0.00135213
0.0312121
0.0793319
0.00799527
0.00404997
0.00838417
0.0117254
0.00903433
0.000901819
0.0345803
0.00751705
0.0524382
0.0102397
0.0416858
0.0189289
0.161642
0.0183259
0.00670118
0.0199483
0.0897958
0.0193584
0.0387192
0.00897972
0.0102955
0.0145611
0.013838
0.00684418
0.0246463
0.017886
0.0104504
0.00680213
0.00913392
0.0157254
0.0515794
0.0135285
0.001308
0.00686058
0.00502457
0.0181251
0.0129991
0.00921229
0.0343332
0.0112027
0.00848587
0.0615993
0.0201908
0.00651858
0.00199307
0.00646486
0.0121811
0.022918
0.0143068
0.00324947
0.136955
0.0375733
0.00411298
0.0109353
0.00717393
0.00108113
0.012575
0.0112866
0.00787895
0.00972652
0.000663061
0.0390674
0.00536798
0.0203049
0.0431198
0.00903491
0.00464739
0.00170432
0.0515085
0.114152
0.0461042
0.0125785
0.133753
0.0636078
0.00660561
0.000834988
0.018629
0.00337485
0.113257
0.0176063
0.00634123
0.0129048
0.00270102
0.00576209
0.0292283
0.00317217
0.00520188
0.0426582
0.000907494
0.0415627
0.0772944
0.00524805
0.00747675
0.0226193
0.0106819
0.00850289
0.00149581
0.00613222
0.0237717
0.0631874
0.0365987
0.0113828
0.1053
0.00364231
0.0367944
0.00129023
0.0119408
0.00113705
0.0103868
0.016173
0.0113592
0.00650051
0.00256163
0.0578343
0.0122205
0.0121419
0.0253651
0.00113074
0.0492344
0.0590389
0.0105461
0.0182702
0.0249255
0.0254083
0.0094719
0.0119359
0.00173473
0.0480229
0.0121255
0.0096512
0.0106698
0.00803116
0.0273361
0.00186321
0.0211952
0.011309
0.0185405
0.00852039
0.00762777
0.0176102
0.0142242
0.0274139
0.00332559
0.013365
0.0204301
0.00618036
0.0166761
0.0123182
0.00892591
0.00620651
0.0115864
0.0010863
0.000636615
0.0801828
0.0152917
0.0138499
0.0554232
0.0104411
0.00129719
0.00813297
0.013103
0.00659872
0.00773796
0.0100567
0.00325273
0.0252602
0.00485106
0.0471749
0.00892673
0.0210039
0.00588648
0.0838512
0.0154376
0.0398838
0.0442367
0.00776832
0.0127833
0.0343533
0.0270589
0.00534562
0.00726187
0.00448666
0.005318
0.0592205
0.00915925
0.00422264
0.0158544
0.0219376
0.0015796
0.00142768
0.0093966
0.0322017
0.0424954
0.000705379
0.0167579
0.0200088
0.0124948
0.040457
0.00470202
0.0460282
0.0131468
0.000686671
0.00414248
0.0111638
0.00690997
0.0211535
0.000526211
0.0104086
0.00479607
0.0166119
0.0277377
0.0136666
0.0312947
0.0395343
0.00570228
0.0179402
0.107396
0.0141246
0.0354899
0.0308276
0.0700019
0.0160394
0.00913333
0.011199
0.000587117
0.00548624
0.00210948
0.0011424
0.00580918
0.00742881
0.0450258
0.0133262
0.00566289
0.0136561
0.0224326
0.0147443
0.00156498
0.0308062
0.0200571
0.00443563
0.0313885
0.0652048
0.0671886
0.0429969
0.0245121
0.0398499
0.0116151
0.00748638
0.0133589
0.0200283
0.00981943
0.0179004
0.0181624
0.0100854
0.012233
0.0275889
0.0511492
0.00684121
0.0277988
0.00708943
0.0142511
0.01264
0.0382843
0.00368001
0.0358147
0.0116824
0.00252083
0.0420355
0.0183185
0.00195139
0.00814566
0.0150737
0.00850562
0.00922494
0.00112639
0.0577681
0.0209178
0.00448588
0.00739734
0.0013775
0.013327
0.00999468
0.0786852
0.00786846
0.00782587
0.0149168
0.00969354
0.00966119
0.00695357
0.0183062
0.00715627
0.0598174
0.0184548
0.0112811
0.00112578
0.0462923
0.00294697
0.0057112
0.0166689
0.00441837
0.0351541
0.0440007
0.035497
0.00101032
0.0115827
0.0162104
0.000937202
0.00601189
0.0147553
0.0134503
0.00875243
0.00482609
0.0101497
0.0371129
0.0049954
0.0237784
0.00648805
0.00119587
0.0908273
0.0175592
0.00070772
0.00920339
0.013321
0.0180159
0.00139669
0.0113436
0.010664
0.0177238
0.0176853
0.0708966
0.00873726
0.0426903
0.00589602
0.000527623
0.00119487
0.0227448
0.00540777
0.0243446
0.0401203
0.0302977
0.0141682
0.00349005
0.0121611
0.00387072
0.00760253
0.00813113
0.0142596
0.0137761
0.00993105
0.00908083
0.0017127
0.00734304
0.00872313
0.0137265
0.0244949
0.00146688
0.00837222
0.00875125
0.0267272
0.00242515
0.0187089
0.00608471
0.0151195
0.0185041
0.0105811
0.00485939
0.00551445
0.0502412
0.0265192
0.0112878
0.00319566
0.000466705
0.0290235
0.0110167
0.00277661
0.00649958
0.000442393
0.00498359
0.0010783
0.00168211
0.00844923
0.0154111
0.0078303
0.00774651
0.00750946
0.000875163
0.0744828
0.00629855
0.0146361
0.00160392
0.00191478
0.0332145
0.00955726
0.0298036
0.0185053
0.0416489
0.00316491
0.0227678
0.00607841
0.0197177
0.00759222
0.00128182
0.00992568
0.0135251
0.0278562
0.0164686
0.0139539
0.00134373
0.0500717
0.0231019
0.00832948
0.00770667
0.00778046
0.00092382
0.170269
0.00711093
0.0124305
0.0146898
0.0176505
0.0151164
0.0592497
0.00586206
0.0283959
0.0481562
0.00445528
0.0358253
0.00150437
0.0226873
0.00429659
0.0472016
0.0140433
0.0111688
0.00501571
0.0341099
0.00108347
0.0157351
0.0182527
0.0603351
0.00576816
0.0291329
0.0826961
0.0109751
0.0172634
0.00467294
0.0195068
0.0475247
0.0212516
0.00800865
0.0215511
0.00791741
0.0165163
0.0024613
0.0135687
0.0590267
0.0614931
0.0533587
0.00233283
0.101537
0.00751713
0.0223728
0.00866166
0.00929034
0.00383233
0.032098
0.00623233
0.0128507
0.0339251
0.00143495
0.0427216
0.0331691
0.0157983
0.0118695
0.00335694
0.0169618
0.00309655
0.00309692
0.0138534
0.00634697
0.0346161
0.0641084
0.00375197
0.00260469
0.0144108
0.0173811
0.00236534
0.0423725
0.0368441
0.026645
0.00582589
0.00793912
0.0862503
0.0100318
0.0225768
0.00830736
0.00100798
0.0359763
0.00751804
0.039073
0.0306301
0.00662304
0.00185536
0.0279425
0.00309552
0.00885493
0.0366196
0.00798848
0.0249392
0.0124026
0.00515161
0.0135468
0.0526479
0.0455535
0.0259352
0.048445
0.0346356
0.0108643
0.00993584
0.0213797
0.00228487
0.019666
0.00229789
0.00540417
0.00809216
0.0244075
0.0168175
0.0244189
0.020032
0.0279336
0.0731427
0.0134775
0.0595413
0.0177507
0.00182582
0.00258031
0.0170409
0.0094505
0.0212283
0.00652225
0.000181636
0.00735776
0.0366858
0.0162908
0.0124553
0.00549422
0.00154338
0.0107231
0.0284346
0.0712185
0.0105552
0.0336484
0.013342
0.0301325
0.000222175
0.0381445
0.0224661
0.00761859
0.00501006
0.00776713
0.0305299
0.0188478
0.0150022
0.00469287
0.00684972
0.0397905
0.0325762
0.00385917
0.0338996
0.033433
0.0576384
0.00377333
0.00195068
0.020202
0.00916292
0.0445363
0.00343158
0.0771644
0.0294158
0.0142406
0.0376363
0.00375566
0.0085813
0.0955237
0.00116243
0.00185748
0.0117327
0.0177178
0.00990201
0.00072549
0.00529133
0.0123419
0.027647
0.00400022
0.00334833
0.00472886
0.00246532
0.00682737
0.00174376
0.00338305
0.0147628
0.00874133
0.0061791
0.0715367
0.016102
0.0612105
0.0167647
0.014256
0.0171666
0.00708635
0.0263199
0.0123642
0.00397402
0.0242432
0.00726384
0.00613207
0.00624127
0.0102818
0.0170263
0.0167595
0.00255733
0.0101564
0.00852965
0.00689078
0.0342903
0.0378791
0.00129732
0.0874238
0.0131231
0.015905
0.00374036
0.002333
0.00723754
0.0109662
0.0397583
0.043683
0.00779935
0.00961765
0.0450392
0.0115317
0.0152093
0.00538947
0.00131689
0.0102177
0.0163378
0.0154437
0.0138027
0.0348559
0.000824061
0.00575557
0.00276931
0.00482321
0.0341886
0.00291301
0.00386128
0.00176331
0.114538
0.0317676
0.00154905
0.0241326
0.0108647
0.0809818
0.023681
0.00377069
0.00680584
0.0444717
0.00373902
0.0621694
0.0294109
0.0101172
0.017877
0.0161295
0.00504727
0.00693094
0.0134227
0.00722949
0.0138002
0.0475047
0.00572894
0.0441652
0.0213003
0.00916288
0.000526436
0.0182085
0.0165217
0.010041
0.0168689
0.0112473
0.0433556
0.0296912
0.00135743
0.0157439
0.00983079
0.14671
0.0387874
0.0106637
0.00845089
0.00181712
0.0361515
0.010306
0.00260763
0.0032475
0.000681623
0.016817
0.0165053
0.00119537
0.0454809
0.00557092
0.00933961
0.0144546
0.000632967
0.00551724
0.00457569
0.00610395
0.000954982
0.00203493
0.00669912
0.0429077
0.00187128
0.0213851
0.0012897
0.0036104
0.0405209
0.000795369
0.00835684
0.0183659
0.0161184
0.0126438
0.0169747
0.0573221
0.032446
0.0135568
0.00192813
0.0792369
0.0488377
0.0252435
0.00765039
0.0146931
0.00572775
0.00247899
0.0348065
0.00958132
0.0480891
0.027705
0.0247799
0.00865314
0.0096487
0.00936918
0.0129018
0.0101775
0.0118195
0.0510766
0.003052
0.0153298
0.00690088
0.0080699
0.00776681
0.00528543
0.0220915
0.0254782
0.083653
0.0106564
0.0166141
0.0114877
0.0190082
0.00676738
0.00555774
0.0113272
0.053316
0.0618249
0.00329329
0.0183137
0.00534138
0.00616698
0.00952001
0.0701339
0.0116336
0.00697787
0.0508475
0.00155686
0.00689502
0.00952224
0.00606458
0.00792974
0.00824599
0.0580723
0.0984483
0.0319753
0.00137511
0.00540744
0.014493
0.00832587
0.0179167
0.0192696
0.0165635
0.0172213
0.00358181
0.012481
0.0023729
0.0508607
0.00490055
0.0158561
0.00545253
0.00348004
0.0629644
0.074435
0.0136504
0.00435376
0.0124807
0.0241129
0.0639658
0.0183102
0.0136474
0.0510705
0.0031934
0.0297733
0.0160198
0.0251766
0.106773
0.00958198
0.0304163
0.0293106
0.0120784
0.00521648
0.0223761
0.0017603
0.00263912
0.0189941
0.0358126
0.00832689
0.00170391
0.00942479
0.00108863
0.0197899
0.026556
0.0511748
0.0530319
0.00424055
0.00461515
0.0229301
0.00288455
0.00252744
0.0176842
0.0261918
0.00351286
0.0294042
0.00913086
0.000962433
0.0327175
0.0176775
0.0102173
0.000919557
0.0245917
0.00616837
0.0746419
0.00915684
0.00444096
0.0239697
0.00498383
0.0126608
0.00939673
0.0038496
0.0532985
0.0218845
0.0134292
0.0172009
0.0176035
0.0123625
0.00684944
0.0144791
0.00665129
0.013621
0.046636
0.0383687
0.00777742
0.0247283
0.00806713
0.0240485
0.0567735
0.00787549
0.0190256
0.0082282
0.00636931
0.00527033
0.0124444
0.00304601
0.0145837
0.00109174
0.0601054
0.00446367
0.109343
0.00689534
0.0199181
0.0175952
0.00412655
0.0109162
0.0108843
0.0149294
0.0832071
0.0156947
0.000753108
0.00916707
0.0113974
0.0170627
0.0122383
0.00130894
0.00517489
0.0146284
0.000672757
0.0221264
0.0330314
0.0371373
0.105338
0.0308429
0.0222648
0.00778011
0.00576794
0.0321635
0.0610443
0.00517839
0.0083767
0.0252982
0.00599451
0.0043834
0.0186811
0.00638516
0.0120597
0.0211651
0.00314975
0.0110483
0.00606918
0.0137116
0.012381
0.00557142
0.0457532
0.0101821
0.00424031
0.00801454
0.00899892
0.0577816
0.0089323
0.0100993
0.028923
0.00152134
0.00326096
0.0226688
0.0136104
0.00092033
0.000845225
0.00610159
0.00856389
0.0160313
0.0234985
0.0065075
0.00230789
0.00131564
0.0187371
0.00872236
0.00108438
0.120917
0.0157122
0.0121126
0.0216908
0.00407697
0.00877048
0.00574061
0.0562425
0.0118471
0.00527144
0.0078763
0.0117854
0.000329998
0.00340314
0.00549539
0.13084
0.0271936
0.01695
0.00946408
0.00606883
0.053794
0.000588491
0.0270411
0.0270308
0.0164262
0.0509203
0.00944416
0.0045997
0.00573714
0.0276361
0.00435732
0.0116931
0.0105396
0.00199066
0.0567329
0.0280035
0.00135452
0.0045325
0.00182531
0.00640034
0.00881262
0.00167021
0.0508318
0.0361794
0.0439191
0.0171657
0.0144499
0.044313
0.0224957
0.000575879
0.00965603
0.0114737
0.0276595
0.0280775
0.0731609
0.00584658
0.026151
0.0212044
0.00817302
0.000658798
0.000862061
0.0109602
0.0233028
0.00374171
0.0230974
0.106136
0.0545481
0.00823755
0.00667754
0.0142872
0.00143663
0.000752715
0.00793713
0.00234252
0.00571894
0.00787832
0.00628023
0.0186607
0.0277292
0.00256089
0.00406148
0.00495916
0.000591789
0.00955908
0.0228459
0.0178745
0.0120281
0.00850942
0.0561807
0.00316049
0.0188254
0.0193804
0.00821704
0.00401467
0.0114023
0.0204837
0.000390036
0.00879002
0.0128098
0.00378666
0.0149259
0.0116747
0.0580301
0.00565548
0.0288693
0.00173537
0.00464958
0.0080271
0.026529
0.00775783
0.0573664
0.0114643
0.0210423
0.0264865
0.00127345
0.00161913
0.0387603
0.0132427
0.0207077
0.0174598
0.00341336
0.0107265
0.0184005
0.00470807
0.0723808
0.00156226
0.0100694
0.00343645
0.0337264
0.0191409
0.00471377
0.00190157
0.0159614
0.0602032
0.00675394
0.0194945
0.0101049
0.000583326
0.00179231
0.0377555
0.0104174
0.00775668
0.0187771
0.00526125
0.027569
0.0214818
0.0574745
0.014591
0.0170754
0.000611529
0.0107536
0.0200274
0.0278145
0.0258972
0.0110716
0.0172984
0.00583806
0.0162941
0.0613521
0.00223777
0.0151972
0.0113792
0.0729769
0.00276519
0.00298021
0.019662
0.0119715
0.00371521
0.00966585
0.00424282
0.0422026
0.0298251
0.0355981
0.00122901
0.000972915
0.0133317
0.00139054
0.0383037
0.0958435
0.00733497
0.0108248
0.0114165
0.127077
0.014474
0.00124566
0.00611652
0.00895576
0.00182809
0.0292783
0.134217
0.00606398
0.00247228
0.00701986
0.0210062
0.001127
0.000198397
0.0510401
0.00325941
0.0163804
0.0140665
0.0175271
0.0288147
0.00503198
0.0144201
0.0626104
0.0102858
0.00698594
0.0226199
0.00563753
0.00186237
0.062505
0.00239494
0.0478072
0.115289
0.00311181
0.020143
0.116756
0.00667333
0.00309756
0.00736311
0.0299706
0.017887
0.0998294
0.0155989
0.0628722
0.0107088
0.0134022
0.0159696
0.0147804
0.00679128
0.037448
0.00533091
0.010895
0.00299441
0.00894821
0.00848139
0.00874537
0.0115328
0.0319386
0.000523108
0.000342667
0.209287
0.0124812
0.0050571
0.117757
0.012771
0.00281333
0.0266177
0.012465
0.0345701
0.0122913
0.0359733
0.00529109
0.0171609
0.0227582
0.00962937
0.0122171
0.0265461
0.00977857
0.00572179
0.000893949
0.0289654
0.00467757
0.00462629
0.00806769
0.0132653
0.00142196
0.0402332
0.00404699
0.00901827
0.0343284
0.0105962
0.051011
0.00473729
0.00330832
0.00254697
0.00521463
0.00698039
0.00613656
0.0105578
0.00613447
0.00748683
0.00128513
0.00929404
0.00345675
0.0385792
0.0202811
0.0154352
0.0262728
0.00939193
0.00770558
0.00113647
0.00586408
0.0360805
0.0185803
0.0125831
0.00601236
0.0063062
0.00915634
0.00266491
0.00517821
0.0146869
0.00578445
0.00255123
0.0129948
0.00709796
0.00212663
0.0378757
0.0118082
0.0032825
0.0225609
0.0162222
0.0148783
0.043065
0.00327304
0.0112984
0.0181226
0.00308187
0.0121841
0.00756422
0.0191239
0.00323772
0.0818527
0.0147199
0.00271467
0.012602
0.00824434
0.0252447
0.0168011
0.0207384
0.030784
0.013216
0.00795586
0.00101972
0.015405
0.0190019
0.0177324
0.136253
0.0295785
0.00191267
0.0304957
0.0197774
0.0237262
0.0077363
0.0148109
0.0158825
0.013088
0.0306808
0.0301378
0.00171515
0.0168493
0.0336202
0.022677
0.0810553
0.00200242
0.0136728
0.0311634
0.0153995
0.0279789
0.0211493
0.00612034
0.025638
0.0179687
0.0178588
0.0112025
0.0131234
0.0131575
0.000738554
0.0302512
0.0113153
0.0273765
0.00221001
0.0229164
0.021648
0.0142874
0.0244363
0.0144581
0.0103857
0.00392722
0.0242949
0.0101878
0.00629259
0.00372436
0.0334097
0.0591158
0.00809267
0.0503367
0.0139108
0.0244758
0.0667048
0.00635453
0.00163422
0.000846863
0.0475142
0.0213399
0.0173334
0.0225936
0.00110405
0.0117098
0.0131271
0.0129262
0.01252
0.0117546
0.000632792
0.00445835
0.00971559
0.0214301
0.0170883
0.000699478
0.00439977
0.00612398
0.0152304
0.012488
0.0343459
0.0038986
0.0211043
0.0145423
0.0135079
0.0187404
0.0148065
0.000601799
0.0158108
0.0428317
0.0177885
0.0915028
0.0109755
0.0292991
0.000623443
0.0067792
0.00341748
0.00205554
0.012454
0.0242149
0.00838731
0.0170562
0.00825924
0.0306167
0.00786842
0.029341
0.0158869
0.00803277
0.00685172
0.0292505
0.0470661
0.000483234
0.00580983
0.00602955
0.00563209
0.0629074
0.0105574
0.00787891
0.00149175
0.0115767
0.00563464
0.00228207
0.00370606
0.0691953
0.00667113
0.0069887
0.0471651
0.012256
0.00089848
0.00492677
0.0178456
0.0115439
0.0925413
0.00292075
0.00468225
0.0173335
0.0015564
0.00457344
0.00589994
0.0192744
0.00645842
0.0156889
0.00969354
0.00670337
0.0186766
0.0342102
0.014553
0.00943149
0.0209946
0.00513678
0.00201993
0.0160646
0.0159307
0.0243509
0.0147004
0.00379544
0.00074736
0.0112485
0.0694833
0.00146964
0.0212739
0.0705662
0.0069494
0.000913828
0.0232683
0.00496628
0.00871804
0.00359809
0.00656848
0.0069785
0.0155509
0.0179613
0.00512435
0.00099227
0.00239597
0.0153884
0.00540213
0.00469048
0.00832297
0.00899987
0.00502082
0.0137487
0.00545035
0.00715481
0.00436308
0.00853667
0.00734086
0.00438659
0.0210888
0.00691473
0.0165122
0.0158085
0.0193969
0.00833371
0.00611898
0.00059735
0.0169354
0.0140224
0.0106452
0.0180204
0.0232649
0.00766685
0.0203086
0.0295397
0.0041105
0.024699
0.020733
0.00386252
0.0153196
0.0157869
0.0274782
0.0136897
0.01254
0.0115377
0.0123329
0.0498711
0.0161739
0.0143467
0.00330097
0.0339846
0.00837853
0.0195241
0.0141858
0.0149909
0.0238895
0.0240584
0.0601684
0.0155843
0.0270616
0.020154
0.0102322
0.010854
0.0171144
0.00697383
0.0287776
0.00184526
0.00313469
0.0266144
0.0168452
0.0231996
0.0286317
0.00134399
0.00755528
0.00154387
0.00140117
0.0568915
0.0263818
0.0176037
0.0318054
0.00138644
0.0282889
0.0111715
0.0651974
0.00954668
0.0312654
0.00718686
0.0167754
0.0318609
0.0224565
0.00833644
0.0294099
0.00209331
0.0183342
0.0185943
0.0415275
0.00528873
0.0209363
0.185064
0.0314365
0.0902357
0.134937
0.00400053
0.0300762
0.0011228
0.00398357
0.00706575
0.0167256
0.000798194
0.019482
0.0264687
0.00436035
0.00520834
0.000453215
0.00280776
0.00335934
0.0190865
0.0116944
0.00161509
0.00158665
0.00910189
0.03352
0.029805
0.0281932
0.0241088
0.0238952
0.0134273
0.00971856
0.027748
0.00904974
0.0148153
0.0227791
0.00172546
0.0185057
0.0157665
0.00508056
0.0316922
0.0020344
0.00086119
0.0038592
0.00166237
0.0166585
0.0202635
0.0326598
0.00540341
0.00300908
0.0324653
0.0081036
0.00220211
0.0101834
0.00952892
0.00592796
0.0583644
0.00566948
0.00721171
0.00853488
0.00931836
0.0101361
0.0071947
0.000907858
0.00136449
0.00542445
0.00242723
0.01249
0.00285709
0.107514
0.00655024
0.0167246
0.0246053
0.00151008
0.0233689
0.026693
0.0072215
0.00883581
0.0720934
0.00976619
0.0113699
0.00561007
0.00316753
0.0150894
0.0011764
0.010613
0.00207238
0.00870894
0.0209316
0.0152144
0.0557803
0.0506959
0.0049535
0.00188469
0.0146222
0.000754551
0.0178425
0.00486146
0.0131757
0.0569844
0.0312779
0.062209
0.0149693
0.0720032
0.0090205
0.00119857
0.0101065
0.144022
0.0183073
0.00130549
0.0240056
0.00499675
0.00420222
0.00697201
0.0116799
0.0747966
0.0260394
0.00773788
0.00627283
0.0103156
0.00991045
0.013217
0.0129959
0.0251322
0.00692228
0.0149937
0.0137357
0.0153744
0.00115306
0.0098104
0.0353245
0.00394463
0.00557038
0.00462754
0.0118354
0.0273251
0.00980571
0.103443
0.032454
0.0539385
0.012516
0.00706453
0.011818
0.00408912
0.00823496
0.01463
0.0187156
0.00346522
0.0224443
0.00926212
0.0103506
0.0103206
0.0013009
0.0205955
0.00996107
0.025616
0.0364912
0.00664023
0.0274771
0.0037163
0.0100784
0.00522419
0.00279897
0.0154264
0.023432
0.00920584
0.0217919
0.0239661
0.00200254
0.00723201
0.0128052
0.0406359
0.0141892
0.0127693
0.0104386
0.0100756
0.0111765
0.000835861
0.0186893
0.000971165
0.0158794
0.00101005
0.0123439
0.0281442
0.0111863
0.00627191
0.0451753
0.0320119
0.0127448
0.00631091
0.000595986
0.00991543
0.00699125
0.0853505
0.0177809
0.0710775
0.0076916
0.00431637
0.0153695
0.0151934
0.0442489
0.00901705
0.0101861
0.0122381
0.00258071
0.00300218
0.016863
0.0187591
0.0317032
0.00434187
0.00535625
0.00195766
0.00139586
0.0120404
0.0281519
0.00301071
0.0231822
0.00114581
0.0240231
0.0441326
0.0102189
0.0599688
0.0324017
0.0107822
0.0379164
0.0136756
0.00723506
0.00480094
0.0139469
0.0220905
0.0141928
0.0267999
0.0122045
0.0218647
0.00120973
0.00895231
0.00341663
0.0212726
0.0102328
0.046431
0.0977226
0.0598031
0.0264597
0.00837694
0.056357
0.00816764
0.00748169
0.0375559
0.0230572
0.0109866
0.0346996
0.0113404
0.0335999
0.0017579
0.0112053
0.0263414
0.049569
0.010775
0.0495028
0.0221919
0.0218549
0.00646118
0.0324186
0.04201
0.0723313
0.0146279
0.014162
0.0313443
0.0220733
0.0167543
0.108263
0.0193239
0.00678851
0.00807126
0.0078916
0.0102632
0.0576116
0.000659803
0.00258647
0.00337813
0.00456431
0.0107952
0.00766797
0.00794037
0.0323915
0.00776371
0.00654904
0.0114982
0.0204878
0.106242
0.0439644
0.00791054
0.00213574
0.000567243
0.00443332
0.0866877
0.0118384
0.017038
0.00124987
0.0521991
0.0344745
0.0237469
0.0175726
0.00908622
0.00517443
0.00419954
0.0130768
0.012961
0.0293749
0.0160602
0.0188917
0.0117406
0.00193663
0.0154497
0.0475525
0.00061359
0.00317836
0.00215365
0.0455983
0.00660199
0.000652106
0.000479147
0.00289041
0.00633942
0.00511773
0.0106269
0.0135043
0.0360548
0.0103028
0.00678436
0.0387639
0.0466021
0.000760534
0.024984
0.00124171
0.0309035
0.0355511
0.00770369
0.0123025
0.0532145
0.00746775
0.00114935
0.0203622
0.0308122
0.00738772
0.0332682
0.0228041
0.00627623
0.103141
0.00860777
0.00609307
0.00895481
0.00508547
0.00186647
0.00411171
0.00546798
0.00581572
0.0164068
0.0202249
0.034696
0.00626104
0.0280777
0.0391662
0.00906217
0.0223527
0.0400665
0.0042129
0.0673083
0.00676435
