0.000657825
0.00126834
0.00158954
0.000795355
0.00113368
0.00026401
0.000569827
0.0016445
0.00285477
0.000702087
0.00100497
0.00148326
0.00266521
0.00154748
0.000891832
0.000987701
0.00171312
0.000640097
0.0021305
0.0025225
0.00245428
0.00115781
0.000802877
0.000857251
0.00206549
0.000641474
0.00155791
0.00454733
0.0012403
0.000718834
0.0017092
0.00173347
0.00130302
0.000143357
0.00366625
0.00102012
0.000391028
0.00105763
0.00014086
0.0024692
0.000795612
0.00121444
0.00394225
0.00116764
0.0010546
0.00034695
0.0012844
0.000611232
0.00169328
0.000141065
0.000656225
0.000144771
0.00122768
0.00142717
0.000886163
0.00180921
0.000217275
0.000710033
0.000931415
0.00134577
0.00137797
0.000618854
0.00186021
0.00163253
0.000310168
0.00137479
0.0045528
0.00167445
0.0156959
0.00133139
0.00137768
0.001187
0.00107958
0.00120255
0.00125075
0.00138758
0.00187818
0.00226151
0.00304383
0.00839722
0.000462543
0.00475115
0.00145336
0.00145171
0.00154222
0.00140634
0.00302618
0.00285
0.000990416
0.00227689
0.000848406
0.0206809
0.000739093
0.00165735
0.00291252
0.00145651
0.00228753
0.00139799
0.00167879
0.00220634
0.00243943
0.00316967
0.000575999
0.00159542
0.00123831
0.00289555
0.000887696
0.0013419
0.000636267
0.00199318
0.000420746
0.00125945
0.00120384
0.00247106
0.00232539
0.00104922
0.000949686
0.000773579
0.00692325
0.00122123
0.000706081
0.00111238
0.00522945
0.00107222
0.00134709
0.000385123
0.000930568
0.00150562
0.00153498
0.00169932
0.000677746
0.00107271
0.00130334
0.00288869
0.000382491
0.00101356
0.000786974
0.00189459
0.00102021
0.00091609
0.001626
0.00247366
0.00117816
0.00283725
0.00189521
0.00202333
0.00127134
0.00143035
0.000183767
0.00123232
0.00096964
0.000579389
0.00187
0.00099245
0.00123706
0.00215012
0.00345461
0.0015667
0.000899889
0.00193023
0.000949043
0.00181474
0.00186837
0.00339553
0.000541908
0.000232022
0.00147834
0.00309547
0.000987796
0.000141486
0.000649478
0.0029576
0.000200603
0.00431034
0.00111165
0.00104226
0.00111009
0.00270324
0.000867079
0.00211242
0.00138118
0.00153004
0.000140625
0.00179437
0.00206876
0.000955789
0.00133917
0.00247693
0.00157864
0.00172878
0.00793598
0.000319765
0.00156236
0.00119714
0.00150527
0.00338018
0.00251741
0.000503811
0.000146421
0.0020386
0.00178102
0.00124787
0.0064748
0.000184269
0.0110683
0.000984976
0.0019378
0.0010603
0.0013887
0.0022586
0.00193021
0.00154007
0.00174644
0.00183914
0.000921877
0.00161982
0.000661103
0.00113807
0.0010134
0.00169498
0.00153366
0.00188948
0.000164043
0.00125
0.000414036
0.00187987
0.000619124
0.00238929
0.00170871
0.000154017
0.00397484
0.00029451
0.00127237
0.00142598
0.000790531
0.00315067
0.00284108
0.00107715
0.000681935
0.0033676
0.00120703
0.00229714
0.000397633
0.000141414
0.000839859
0.000571595
0.00157534
0.00320418
0.000158696
0.00206885
0.000167331
0.00125687
0.00113744
0.00046219
0.0027268
0.00265504
0.00434922
0.00422953
0.00128601
0.00152018
0.00367649
0.00151162
0.000704152
0.0010019
0.00133405
0.00202088
0.00149872
0.000950035
0.00151773
0.00120198
0.00119725
0.000142037
0.000598672
0.000620634
0.000329627
0.00179784
0.00140337
0.00133321
0.00146311
0.000726426
0.000556193
0.00319013
0.00202778
0.000767479
0.00117379
0.000297454
0.00188789
0.00379631
0.00218451
0.00015317
0.00287673
0.00177294
0.00161749
0.000993126
0.00267669
0.000572613
0.023519
0.000997878
0.000764018
0.00393876
0.00131286
0.00074841
0.0017832
0.00214898
0.000153966
0.000513899
0.000663012
0.000859164
0.0011901
0.051324
0.0012007
0.00185629
0.0002779
0.000227236
0.0012513
0.00111009
0.000592911
0.00144779
0.00440531
0.000498236
0.00263203
0.00349987
0.00325589
0.00115363
0.000530634
0.000513547
0.000660535
0.0014393
0.00127316
0.00121149
0.000253208
0.000870565
0.000875815
0.00913908
0.001129
0.00370418
0.00100599
0.000140781
0.000691948
0.00412005
0.00475769
0.0040121
0.00129859
0.000578499
0.00462499
0.00124934
0.00158949
0.00721386
0.00261362
0.00264699
0.00227867
0.00166154
0.000382106
0.000903622
0.000859057
0.00224348
0.0157498
0.00147966
0.000400405
0.00191768
0.00134749
0.000151019
0.000362729
0.000788254
0.000510144
0.00326381
0.00112463
0.00190001
0.000701591
0.00192076
0.00228471
0.000444646
0.000851229
0.000914192
0.00108774
0.00194871
0.00162434
0.00154078
0.000697994
0.000397609
0.0024288
0.000733844
0.00115039
0.000383013
0.00106981
0.00250828
0.00107669
0.00165535
0.00099904
0.000730488
0.000142373
0.00173599
0.000426363
0.000150602
0.00663428
0.000155712
0.000288993
0.00262653
0.00139462
0.000745585
0.00100834
0.00147126
0.00205497
0.000524555
0.00232532
0.00154585
0.00141218
0.00146664
0.00244061
0.00105284
0.000159308
0.000844256
0.00118988
0.00108877
0.00120929
0.000421732
0.000432398
0.000691195
0.000596435
0.00188165
0.000779908
0.000317364
0.000996356
0.000384387
0.00315763
0.00326165
0.000151154
0.00159313
0.00240359
0.00142548
0.000935663
0.00296433
0.00104137
0.000341225
0.0021567
0.000331837
0.00377695
0.000590924
0.0021457
0.00191098
0.00105992
0.00149917
0.00128577
0.000149505
0.00108798
0.000182376
0.00119348
0.00144996
0.00119746
0.00677265
0.000312927
0.00209889
0.00404128
0.00201422
0.000693454
0.000580816
0.00437748
0.00101885
0.00177223
0.000748702
0.000145168
0.0367218
0.00157467
0.00501261
0.00152868
0.000631303
0.000147175
0.001871
0.000141561
0.00119136
0.000903954
0.00109942
0.00107564
0.00191735
0.00132762
0.000144932
0.00100059
0.000873512
0.00120665
0.00157245
0.00144518
0.00079118
0.000141607
0.001034
0.00191219
0.00169456
0.0031032
0.00149961
0.00122533
0.00159093
0.00258048
0.000461575
0.000384592
0.00299912
0.00287909
0.00223231
0.00185584
0.000314668
0.00160859
0.00132951
0.00137091
0.00319399
0.000407383
0.000540838
0.0067209
0.00160685
0.000734565
0.000610091
0.00347991
0.000711181
0.00102691
0.000672562
0.00135364
0.00532868
0.00267029
0.00162854
0.00188023
0.00105558
0.000903092
0.00120695
0.000997068
0.00273513
0.00266368
0.000147031
0.00476355
0.00462346
0.00315397
0.000141706
0.0015787
0.00253579
0.0011142
0.00335915
0.00168586
0.000142953
0.00137881
0.00072229
0.000817583
0.00161527
0.00163442
0.000607029
0.000542023
0.00014618
0.000913267
0.00105953
0.00136108
0.00391679
0.000561796
0.0015488
0.00127783
0.00215655
0.000915091
0.0010361
0.0016937
0.00260144
0.00145071
0.000197961
0.00136184
0.000143854
0.000540729
0.00194749
0.00144506
0.000582863
0.000312324
0.00907439
0.00171579
0.000610554
0.00125148
0.000646977
0.00146465
0.00134655
0.00332351
0.00687027
0.00105363
0.000620092
0.00149977
0.00167412
0.000147466
0.00200055
0.00113257
0.00109639
0.000147759
0.00212404
0.00175984
0.00228059
0.00151304
0.00160366
0.00159087
0.000831712
0.00174721
0.00133251
0.000970231
0.000179479
0.000314401
0.000965552
0.00140242
0.000173388
0.00154497
0.000143115
0.00173993
0.00134869
0.000194295
0.00183037
0.00124509
0.00151734
0.00222303
0.00140121
0.00198973
0.000342894
0.00130242
0.000752125
0.0020797
0.00134534
0.00308839
0.000814581
0.0015236
0.000364588
0.00152931
0.00166137
0.000782423
0.00307456
0.00199544
0.000143068
0.0015198
0.00148608
0.00283921
0.00301308
0.00161528
0.00120224
0.00236494
0.00191455
0.0019459
0.000391773
0.000142657
0.000594353
0.000580681
0.000600519
0.00175356
0.00106632
0.003468
0.00164618
0.000901708
0.00230861
0.00126294
0.00132472
0.00121221
0.00150702
0.00125946
0.00252772
0.000151573
0.00109104
0.00138824
0.000644677
0.00104302
0.000922054
0.000927923
0.00144947
0.001902
0.00285537
0.0123818
0.00140462
0.00193422
0.00142207
0.00175713
0.00195255
0.00161858
0.00207008
0.00100724
0.00393091
0.00107279
0.000840664
0.000835782
0.000794735
0.00127609
0.00165897
0.00116818
0.000538604
0.00139432
0.00110361
0.000851603
0.00181476
0.00343657
0.000141618
0.00361118
0.000961906
0.000855105
0.00219177
0.00116617
0.000970886
0.00159125
0.00014419
0.00241506
0.00014363
0.00102085
0.000901562
0.000635613
0.00197311
0.00219599
0.00091962
0.00174505
0.000142248
0.00827984
0.000493288
0.00105901
0.00123239
0.000618569
0.000289559
0.00171935
0.00474618
0.00213221
0.00119266
0.00183919
0.000995754
0.000768767
0.0011267
0.000184655
0.000826154
0.0019406
0.000610163
0.000514995
0.00117026
0.000715837
0.00246022
0.000218819
0.00475713
0.00385531
0.000975628
0.0010328
0.000401564
0.00187811
0.00291315
0.0014216
0.00040422
0.00125743
0.00237478
0.000374933
0.00288071
0.000194458
0.000771051
0.000845085
0.000510933
0.000681194
0.0095823
0.00322415
0.00178835
0.00087155
0.00120755
0.00102321
0.00069918
0.000947918
0.000884696
0.00316205
0.00155006
0.000811594
0.000551218
0.000672055
0.00160016
0.000169304
0.00181019
0.000818683
0.000812195
0.000142613
0.00105576
0.000287397
0.00106088
0.000677921
0.00146002
0.00141835
0.00237011
0.000759424
0.000805889
0.00113938
0.000947754
0.000696317
0.000172752
0.0151624
0.000145274
0.000465231
0.000585292
0.000771723
0.000140982
0.00289899
0.00215222
0.00114554
0.00210357
0.00130051
0.000741967
0.00265134
0.00140164
0.000149387
0.00166106
0.000954426
0.00203117
0.00116199
0.000141535
0.000980692
0.00139242
0.00232205
0.00152779
0.00172267
0.00139446
0.00277501
0.00175441
0.000608966
0.000270854
0.000522325
0.000817018
0.00154872
0.0027382
0.00182273
0.000577471
0.000983673
0.00429183
0.00122679
0.0024229
0.00219603
0.000528442
0.000570821
0.00185044
0.000841787
0.00334145
0.00222467
0.000398077
0.00266025
0.000972192
0.000562947
0.00159513
0.00215221
0.00145484
0.00241844
0.000693169
0.00190967
0.00198154
0.00137485
0.00173912
0.00118441
0.00104722
0.000141129
0.00295815
0.000142932
0.00263569
0.000792817
0.000214327
0.00611607
0.00121334
0.000961566
0.000740002
0.00140905
0.00290973
0.0025672
0.00369046
0.00137042
0.00192768
0.00170433
0.000385518
0.00107635
0.00138456
0.00235337
0.000516862
0.00171971
0.000918479
0.00190358
0.000423249
0.00250706
0.00102668
0.000141516
0.00168497
0.000148289
0.00133293
0.000886267
0.00202421
0.0013094
0.00390895
0.00249512
0.000912156
0.000874876
0.00257072
0.00114549
0.00130986
0.00122265
0.00411224
0.000781746
0.000889221
0.00132486
0.000988874
0.00202188
0.000766881
0.00118238
0.000143191
0.000757117
0.000487544
0.00155955
0.00142895
0.00272174
0.00100809
0.00232327
0.000212674
0.000656964
0.000160164
0.000947642
0.00220571
0.000528663
0.00128383
0.000148618
0.0031633
0.000159454
0.000961721
0.00132107
0.000355105
0.0011676
0.000390049
0.00282635
0.00164253
0.000791046
0.00176803
0.000497788
0.00208116
0.00067808
0.00144861
0.00114654
0.000168281
0.0133395
0.00151359
0.000903883
0.00213808
0.00281164
0.00106436
0.0020108
0.00431008
0.000858548
0.000886127
0.00455928
0.000780865
0.0149231
0.000918577
0.00286012
0.00115235
0.00164406
0.0010999
0.00144668
0.00196459
0.0016679
0.000528489
0.00654537
0.00561858
0.0027734
0.003491
0.00349992
0.00515331
0.00139326
0.00606063
0.00197294
0.00187534
0.00633989
0.00149219
0.00109451
0.00229621
0.002723
0.000822287
0.00165999
0.000142496
0.000781599
0.000141328
0.00179127
0.00166801
0.000543413
0.00223461
0.000637816
0.00114041
0.000429187
0.0011862
0.00379801
0.001128
0.00171114
0.00160784
0.000142533
0.00160729
0.00108711
0.00790811
0.000579897
0.00246099
0.00502413
0.00333058
0.00192225
0.00101539
0.00408515
0.00229446
0.00161251
0.000799126
0.000141113
0.00132338
0.00394412
0.00360783
0.000155477
0.000927866
0.000667426
0.00196948
0.00148591
0.00380563
0.00067553
0.00123567
0.000349537
0.000588278
0.00131773
0.00135263
0.00105797
0.000148039
0.00151339
0.001659
0.00105972
0.012328
0.00259178
0.000823625
0.00524374
0.00186302
0.00220735
0.000627721
0.00234697
0.00152545
0.00103521
0.00207719
0.000140988
0.00143734
0.016166
0.00142602
0.0022717
0.00320669
0.000459065
0.0012631
0.000451974
0.00180385
0.00130324
0.00197293
0.000152069
0.00336267
0.00014668
0.0015467
0.00132497
0.00303565
0.000681781
0.00131215
0.00296094
0.00113549
0.0101169
0.000315561
0.00119508
0.000145033
0.000556191
0.00561457
0.00116886
0.00140229
0.00280055
0.00164912
0.00185261
0.00109476
0.000777401
0.00239077
0.000953636
0.001113
0.00205039
0.000418362
0.00292734
0.00359247
0.00188652
0.00104431
0.0016481
0.00142137
0.0005252
0.000387898
0.00114536
0.00153897
0.00356032
0.00183173
0.00206738
0.0011758
0.00149212
0.000629589
0.000708169
0.00132489
0.00073475
0.00169186
0.0237743
0.00181114
0.000882455
0.0130353
0.000142522
0.00116431
0.00106695
0.00189422
0.00160831
0.000600655
0.000854789
0.00130852
0.00103421
0.00177108
0.00150094
0.00414301
0.000618396
0.00225529
0.00101154
0.00193901
0.00133725
0.00209838
0.000996174
0.00115929
0.00225203
0.00144706
0.00199668
0.00131561
0.0010452
0.00347187
0.00133573
0.00113653
0.00172785
0.00271172
0.0012504
0.000768264
0.00357597
0.00158476
0.000489101
0.000149195
0.0013917
0.000531126
0.00108185
0.00102477
0.0022599
0.000473298
0.000490518
0.000864868
0.00174022
0.00120717
0.00120543
0.0022761
0.002617
0.00025461
0.000269513
0.00224274
0.00104041
0.00242962
0.00147722
0.000608799
0.0024238
0.00160034
0.000808718
0.00156462
0.000330842
0.00085882
0.00102256
0.022428
0.000342772
0.00183449
0.00132685
0.000897461
0.00140844
0.00128311
0.00178746
0.00224113
0.00160633
0.00110238
0.00112186
0.000140616
0.000629121
0.00128938
0.000668877
0.00154264
0.00435391
0.000799059
0.00178814
0.00168275
0.000154016
0.00214841
0.00226066
0.00306994
0.000447964
0.00154121
0.00115541
0.0015031
0.00247067
0.00164324
0.00142067
0.000143939
0.000142411
0.000473802
0.000611156
0.00276165
0.00167594
0.00211086
0.000803754
0.000725803
0.00653158
0.00173729
0.00197548
0.00111712
0.00163916
0.00302298
0.000480415
0.00130145
0.00141703
0.000140539
0.000725705
0.00394035
0.00364627
0.00127792
0.00138051
0.000834278
0.00369009
0.00305158
0.00208663
0.000641175
0.000952757
0.0115423
0.000750166
0.000335502
0.00116479
0.000565524
0.00183212
0.000166486
0.0112863
0.00613701
0.00152836
0.00279147
0.00177128
0.00085297
0.00127067
0.000698785
0.00173337
0.000947827
0.0011641
0.000862425
0.00206059
0.00111448
0.0011613
0.00191787
0.000146692
0.00265047
0.00271092
0.0129235
0.0110771
0.0020966
0.000510795
0.00202987
0.000398722
0.0017106
0.00100219
0.00299441
0.00130924
0.00135694
0.00505432
0.000141878
0.00136265
0.000142156
0.000813521
0.00164354
0.00125844
0.00133439
0.0018331
0.00211119
0.00286969
0.000690916
0.000145523
0.000442024
0.00127268
0.0213945
0.00180285
0.00134348
0.0017836
0.00132156
0.00115533
0.00153833
0.0012473
0.00340687
0.000778096
0.000144999
0.0055929
0.00119664
0.000559128
0.00171183
0.0031274
0.00205287
0.00120697
0.00111163
0.00243335
0.00253232
0.00185513
0.000805311
0.00162371
0.00164659
0.00178565
0.00105263
0.00049825
0.000988256
0.00181663
0.00177181
0.000819983
0.00218416
0.000639146
0.00193296
0.000836169
0.00115132
0.00141176
0.00154032
0.000606682
0.00117739
0.0014326
0.00314723
0.00144337
0.0005623
0.000433553
0.000281953
0.000981776
0.0170226
0.000831013
0.000686916
0.00063066
0.00129022
0.00161608
0.000386081
0.00533431
0.00132188
0.00478432
0.000155823
0.00086046
0.000815374
0.00156338
0.00152957
0.00175805
0.00190374
0.00106883
0.000959035
0.0012127
0.000673347
0.000144821
0.00139334
0.00084039
0.00829043
0.00121854
0.00262885
0.00176008
0.00250974
0.00187812
0.00193374
0.00240266
0.00310148
0.00103919
0.000340294
0.00102829
0.00144281
0.000815778
0.000495415
0.00434147
0.00104009
0.00465948
0.0209335
0.00270985
0.00153753
0.000170884
0.00307797
0.000415829
0.00214234
0.00370519
0.0014656
0.00096711
0.00146202
0.000958832
0.00183323
0.00193927
0.000380353
0.00259626
0.000225197
0.00090024
0.00334611
0.0013155
0.00143415
0.00254803
0.00250984
0.00106517
0.00126709
0.00211887
0.00326775
0.00364074
0.00192232
0.00142503
0.00171245
0.000140568
0.00361183
0.000867787
0.00162457
0.00193769
0.00161846
0.00121823
0.00133851
0.0012393
0.000697935
0.00123696
0.000155707
0.00137476
0.00201116
0.000889372
0.000709242
0.0011444
0.00103338
0.00075178
0.000828959
0.000374699
0.00138888
0.00245074
0.00201672
0.00157647
0.000876723
0.000479258
0.00109008
0.00158602
0.00117472
0.000387857
0.00136785
0.00517806
0.000712537
0.000718558
0.00104759
0.00405511
0.00124221
0.00100762
0.00445502
0.00015922
0.000485166
0.00188822
0.000143317
0.00171614
0.000554814
0.00146144
0.00264076
0.00166107
0.000399894
0.0038951
0.00189381
0.000242593
0.00158077
0.000759757
0.00561244
0.000607991
0.00267322
0.000325971
0.00106755
0.00105149
0.00117642
0.00300258
0.00146293
0.00141947
0.000574207
0.000877044
0.00350151
0.000764034
0.00103532
0.000451298
0.000410364
0.000331118
0.00204243
0.00128673
0.00170739
0.00114497
0.000549489
0.00231402
0.0010872
0.000760412
0.00226247
0.00101173
0.00031242
0.00419655
0.0012487
0.00154892
0.00266963
0.000794772
0.000538356
0.000930947
0.000704891
0.000976887
0.000295267
0.00121879
0.00458756
0.00111858
0.00130478
0.0158013
0.00136535
0.00115803
0.00202867
0.00157409
0.00131532
0.00191925
0.0032814
0.000881331
0.00154108
0.0012292
0.0047191
0.00395753
0.000150789
0.00015106
0.000142313
0.00103766
0.00124432
0.00145417
0.00122881
0.000153739
0.00242427
0.000877906
0.000547039
0.000528665
0.000914338
0.00126434
0.00242394
0.000831391
0.00445775
0.000519828
0.00207807
0.000791397
0.00161497
0.000480612
0.00141617
0.00152564
0.00325258
0.00853869
0.00327317
0.00303078
0.00183021
0.000452761
0.00283199
0.00173622
0.00202547
0.002239
0.00224254
0.001663
0.00455549
0.00209661
0.00214832
0.00201331
0.00114675
0.000633304
0.00438424
0.000767849
0.00244311
0.00283437
