0.0738601
0.00602035
0.00160657
0.00380881
0.00268242
0.00476298
0.00687828
0.00285684
0.00226232
0.00469767
0.00977485
0.00572946
0.00712718
0.00132837
0.00237498
0.00346629
0.0217152
0.00712514
0.00486182
0.00315403
0.00461056
0.0029608
0.0022723
0.010893
0.0244111
0.022003
0.00275367
0.00525662
0.00491399
0.00520631
0.00636851
0.00191577
0.00166026
0.00297801
0.0152082
0.00802143
0.00238203
0.00329829
0.011701
0.00234413
0.00778828
0.00470375
0.00657822
0.00341412
0.0157078
0.0361038
0.00581585
0.0171283
0.00464374
0.0249275
0.0116115
0.00298532
0.00170982
0.00454521
0.00309955
0.00588548
0.00814439
0.012987
0.0026621
0.0014823
0.00388983
0.00738666
0.0102868
0.0255411
0.000430159
0.0014614
0.00384431
0.00702541
0.00440985
0.0107056
0.00210196
0.0236822
0.00474063
0.00338412
0.00400279
0.00160373
0.00599111
0.00207039
0.00777071
0.00292561
0.0140509
0.00220646
0.00716568
0.00257829
0.00604083
0.00221993
0.00468308
0.00499806
0.00270864
0.0014134
0.00324265
0.0146611
0.00428382
0.000472101
0.00597999
0.00599828
0.00668831
0.00216037
0.00183894
0.00471709
0.00647151
0.00739587
0.00309084
0.00172334
0.00179044
0.00655679
0.010394
0.0124378
0.0133262
0.00259861
0.0285237
0.0340408
0.00264014
0.00228737
0.00430063
0.00490024
0.00499959
0.0113481
0.00722796
0.000976842
0.0189844
0.00167592
0.0290178
0.00858547
0.0408768
0.00510476
0.0223783
0.00588748
0.00465289
0.00554492
0.0012123
0.0116799
0.0116328
0.0426958
0.00100846
0.0152606
0.00888054
0.00289685
0.00749773
0.00195146
0.0344562
0.0520091
0.000497852
0.00179499
0.0031816
0.0113973
0.00206104
0.0357573
0.00220187
0.00488098
0.0107095
0.00107307
0.00459612
0.009172
0.001107
0.00878661
0.00240052
0.0124947
0.00279466
0.00398708
0.00297706
0.00472591
0.00565754
0.00540797
0.0101287
0.00930072
0.0138445
0.00918514
0.00110628
0.0030118
0.0126413
0.00077278
0.00225667
0.00482126
0.00416543
0.00154735
0.00317894
0.00110395
0.00489673
0.0046066
0.00524654
0.0387812
0.00553483
0.00922765
0.00137851
0.00176403
0.0170159
0.000211185
0.0135823
0.00943137
0.00721317
0.00962407
0.00109046
0.00327586
0.00828855
0.00368883
0.00712344
0.00819188
0.00414177
0.00300688
0.0435312
0.00111547
0.00850726
0.00218835
0.00686473
0.0022449
0.0015962
0.00548507
0.00284037
0.0181394
0.000597327
0.000965699
0.00395527
0.0192164
0.00124947
0.0108159
0.00113977
0.0156047
0.0377491
0.000698116
0.00415079
0.00459489
0.00603395
0.00874766
0.0134072
0.002698
0.000528813
0.006602
0.0129328
0.00267161
0.00156201
0.00496267
0.0021524
0.00122898
0.00927082
0.00414082
0.00733893
0.0106855
0.00708654
0.00263268
0.0092395
0.0196413
0.00551095
0.00149658
0.0130162
0.00204553
0.00357835
0.00227076
0.00558848
0.0407915
0.0045789
0.00204018
0.0130716
0.0047938
0.00212092
0.00211983
0.00407066
0.00293432
0.00796262
0.00619511
0.00191979
0.00952349
0.00594552
0.0418665
0.00840984
0.00676743
0.0334436
0.000490268
0.00136849
0.0119712
0.000506227
0.00516762
0.008801
0.00446374
0.00801327
0.000500472
0.00631023
0.00262359
0.008118
0.00636148
0.00688403
0.00598379
0.00374563
0.00790877
0.00129474
0.000599945
0.00461478
0.00515092
0.00648421
0.00869406
0.000606141
0.0039443
0.00068784
0.000833942
0.00601913
0.00164677
0.00274779
0.0361325
0.00106377
0.0452787
0.00160623
0.00530081
0.0059178
0.0167288
0.00442466
0.00861739
0.0019025
0.0102373
0.010007
0.0229129
0.0109974
0.000938427
0.000425198
0.00166764
0.000753616
0.0138118
0.00264437
0.0206042
0.00127197
0.00227488
0.00663553
0.0039566
0.00147305
0.0398836
0.00147648
0.00832499
0.00195864
0.00283434
0.0154511
0.00994644
0.00220549
0.000304029
0.0036066
0.012719
0.00438805
0.0100847
0.00107688
0.0277803
0.00438668
0.00364701
0.00227195
0.00499821
0.0226859
0.00548248
0.00134388
0.00386681
0.0045919
0.00343871
0.0047476
0.00412041
0.00279108
0.00148235
0.0034605
0.00747595
0.0166211
0.00154253
0.00337277
0.00188929
0.00662956
0.00245501
0.00454722
0.00384262
0.00169421
0.0102614
0.00183657
0.0134893
0.00361574
0.0159911
0.00165187
0.00830775
0.0133499
0.0278531
0.00117428
0.00478587
0.00222355
0.00632916
0.000979586
0.00263612
0.000878873
0.00216847
0.00616759
0.0132408
0.00651323
0.00618651
0.0010971
0.00942018
0.00428629
0.00293673
0.00656098
0.00500786
0.00303248
0.00561901
0.00173388
0.0117955
0.00111618
0.0135174
0.000526292
0.0123681
0.00268703
0.00266754
0.00134783
0.00958484
0.00249079
0.0010103
0.00664076
0.0375766
0.00634504
0.000870615
0.00300292
0.00514749
0.00266592
0.00197678
0.00906785
0.000919613
0.00520343
0.00622384
0.00129178
0.00147984
0.0516625
0.00298854
0.00316526
0.00733118
0.000431467
0.00111267
0.00775831
0.000744288
0.00322397
0.00858128
0.00390671
0.00370964
0.000831622
0.00876097
0.00545616
0.00746063
0.00702791
0.00277181
0.00912409
0.00947094
0.00298231
0.00577719
0.0018791
0.0234616
0.0239452
0.00186431
0.00224058
0.0320595
0.00420296
0.0017228
0.00213423
0.0325834
0.00343781
0.00931232
0.0102647
0.0170951
0.00247125
0.00229545
0.00879511
0.0140883
0.00551345
0.00272793
0.0156582
0.00290752
0.00216797
0.00079435
0.00337
0.00240232
0.00278502
0.00452834
0.0104033
0.00769322
0.0722259
0.00372447
0.00309526
0.0268485
0.000634594
0.0640168
0.0234884
0.00207994
0.00278613
0.0102947
0.00343014
0.00221077
0.010689
0.00232909
0.013704
0.00125842
0.00115899
0.00359528
0.00181386
0.0035001
0.00630669
0.00469434
0.0179496
0.00283632
0.00422215
0.00413773
0.00383394
0.00366267
0.00140611
0.00768825
0.0125293
0.00177784
0.00146989
0.000794627
0.00257372
0.00481359
0.00740477
0.00248512
0.00333167
0.00550198
0.00263618
0.00272651
0.0025384
0.00445903
0.00525284
0.00184082
0.00450557
0.0225422
0.00725929
0.00275812
0.0114339
0.0049812
0.0021416
0.00362227
0.0104314
0.00489292
0.00279394
0.00125374
0.00606787
0.00884181
0.00193869
0.00825206
0.00538417
0.00738901
0.0029154
0.00283787
0.00216837
0.00113445
0.00513465
0.00325546
0.00201426
0.00495709
0.00370137
0.00262201
0.0051069
0.00286704
0.00216382
0.00339728
0.00641453
0.0267153
0.00143106
0.00461255
0.0040788
0.00533859
0.0100686
0.0171761
0.00875245
0.00596041
0.00919822
0.00802289
0.00218271
0.00928355
0.00625119
0.000789338
0.00770595
0.00988756
0.0114552
0.00153042
0.00410368
0.0040948
0.00579171
0.00132354
0.00569152
0.00797692
0.00298995
0.00143518
0.00171672
0.00259681
0.00556222
0.00477735
0.00259388
0.00413331
0.00165146
0.00729628
0.00638888
0.00929646
0.00425443
0.00221993
0.0121906
0.0035211
0.0040851
0.00253288
0.00288797
0.051824
0.00392234
0.000974835
0.00228144
0.0230871
0.00701918
0.000639296
0.00260548
0.00575848
0.00348446
0.00341481
0.00784228
0.0031439
0.00440288
0.00278927
0.00561064
0.0018345
0.0032911
0.00611489
0.00421287
0.00471009
0.00125518
0.00398188
0.00172757
0.0027238
0.0051606
0.0126637
0.00391005
0.00393668
0.0169328
0.00184377
0.00319498
0.00144071
0.00200111
0.00475266
0.00560956
0.00621313
0.0175459
0.00372832
0.00243418
0.00229515
0.0055069
0.0159382
0.0160176
0.000963488
0.00230044
0.0224841
0.00225835
0.00405206
0.0635959
0.00643855
0.0113407
0.00510802
0.00926981
0.00618187
0.00234497
0.00434851
0.00734734
0.00351421
0.0106804
0.00296216
0.0143083
0.00167048
0.00869983
0.00106953
0.00142323
0.00179608
0.00131669
0.0227755
0.00339183
0.002274
0.00753728
0.00337411
0.00177114
0.00434292
0.00493986
0.0210181
0.00779288
0.00762862
0.00132909
0.0151656
0.00593345
0.00332956
0.0010643
0.00060474
0.0075656
0.0252307
0.00938333
0.0461503
0.00245718
0.00844055
0.00591736
0.00143991
0.00149964
0.00840249
0.00308905
0.0051418
0.000662173
0.0384337
0.00144627
0.00389038
0.00075326
0.00607348
0.0127591
0.00416424
0.0369249
0.01614
0.0012671
0.00714323
0.0019588
0.00274739
0.00368198
0.000767397
0.00231088
0.00882597
0.00241669
0.000546525
0.00305428
0.00708675
0.00162982
0.00345667
0.00378815
0.0136588
0.00330621
0.00296367
0.0225702
0.00252002
0.0110365
0.0010356
0.0109728
0.00912968
0.00901194
0.00107576
0.00397702
0.00132143
0.00429599
0.0101783
0.0117048
0.00914992
0.0156618
0.0680167
0.00672179
0.00136198
0.0120935
0.00194917
0.00376932
0.00903704
0.0014298
0.00244386
0.00218045
0.00134725
0.00467977
0.00213576
0.00322463
0.00102311
0.000836428
0.0487575
0.00408015
0.00196921
0.0119048
0.00732901
0.00263142
0.00533007
0.0065304
0.00277409
0.000697594
0.00272232
0.00616672
0.00482134
0.00252602
0.00119639
0.00902049
0.00201822
0.0040421
0.00564162
0.00177574
0.0125702
0.00375766
0.00390841
0.0230965
0.00725318
0.00899389
0.00904133
0.0103319
0.00186218
0.000916719
0.00110182
0.00255214
0.0207457
0.00718786
0.0462937
0.00119643
0.0127678
0.00402306
0.00209207
0.00390157
0.00262304
0.000683312
0.00788301
0.00872196
0.00373964
0.00304929
0.00194257
0.00283861
0.00365094
0.00249401
0.00740834
0.00932097
0.00804243
0.00368632
0.00276669
0.00223482
0.00433311
0.00470643
0.00051047
0.00363139
0.00449877
0.00909393
0.00510196
0.000893536
0.00789053
0.00111409
0.00404338
0.0062596
0.0145945
0.0111222
0.0353079
0.00675989
0.00267641
0.0137434
0.00573118
0.00387577
0.00483078
0.00443396
0.00157024
0.00101103
0.020404
0.00220694
0.0062868
0.00343192
0.000582405
0.00575553
0.00204672
0.00428346
0.0101555
0.0100983
0.00420928
0.00800187
0.0208429
0.00579266
0.00288882
0.00655592
0.00965248
0.00309301
0.00176525
0.00734929
0.0115757
0.00377115
0.0409739
0.00595482
0.000917467
0.00624499
0.0168199
0.0105537
0.00645988
0.0111155
0.00233071
0.00685843
0.00321747
0.00525408
0.00526523
0.00929679
0.00354177
0.00521926
0.00330665
0.0133666
0.00357336
0.000661327
0.00271662
0.00914739
0.0048182
0.00465843
0.0190055
0.00250675
0.00347635
0.0075419
0.0126626
0.0026576
0.00598722
0.00196749
0.00442435
0.00330036
0.00831409
0.00361953
0.00295421
0.00254199
0.00144809
0.00990253
0.00727198
0.0641317
0.00379246
0.00663226
0.00973879
0.001467
0.00339771
0.0114615
0.00414344
0.0116977
0.0016346
0.00174171
0.00335011
0.00486883
0.0100909
0.00369025
0.0193363
0.00349739
0.00104525
0.0119373
0.0195664
0.00417551
0.00439547
0.00092718
0.00521348
0.0119349
0.00247973
0.00276152
0.00336645
0.0034934
0.0024531
0.00230712
0.047094
0.00451375
0.00364378
0.00785008
0.0144028
0.00473335
0.00547457
0.00316692
0.00875272
0.0412751
0.0227887
0.000684888
0.00974231
0.0101415
0.0335836
0.00652246
0.00469956
0.00389573
0.00361825
0.00797447
0.00947837
0.00286976
0.000979103
0.00157665
0.00136855
0.00539309
0.00362187
0.00237536
0.00372546
0.00778463
0.00140377
0.00146075
0.00441371
0.0024461
0.00512353
0.01146
0.00148571
0.000992898
0.00689811
0.00489857
0.00707591
0.00564375
0.0162233
0.0039474
0.00472629
0.00127332
0.00433074
0.00225274
0.00538352
0.00140263
0.00186648
0.00944132
0.00795907
0.00098926
0.0270155
0.0042436
0.000933924
0.00344352
0.00203615
0.00120165
0.00493256
0.00601223
0.00245388
0.00195338
0.0962818
0.000526548
0.0188699
0.0094359
0.0133816
0.00163748
0.00559462
0.00711879
0.014753
0.00401739
0.000993929
0.0155202
0.0077971
0.00276438
0.00990501
0.00898561
0.00285711
0.006964
0.00977227
0.00391637
0.0172184
0.00142552
0.00442762
0.00404121
0.00339614
0.00375109
0.00113825
0.00338794
0.00427238
0.00769131
0.00970701
0.00243226
0.0014495
0.00383114
0.00700844
0.009449
0.0101799
0.0036022
0.00903896
0.0167734
0.00620547
0.00309443
0.0284431
0.00448963
0.00125253
0.00406848
0.00701958
0.00332561
0.00389143
0.00744951
0.00756176
0.00658891
0.00672951
0.00105037
0.00325289
0.00716145
0.00089723
0.00516246
0.00588213
0.00627402
0.0132105
0.00228975
0.00131355
0.0037967
0.00124946
0.00573639
0.00518045
0.0117244
0.00122079
0.0166559
0.0170754
0.00236468
0.0155019
0.00179069
0.00966516
0.0441202
0.01268
0.00181823
0.00281742
0.00196326
0.00134815
0.00816697
0.00529994
0.0030345
0.00625775
0.00196635
0.00079703
0.0213079
0.0147629
0.0212216
0.00188697
0.00646711
0.00339367
0.0122624
0.00713776
0.00336035
0.00149827
0.00428741
0.00193543
0.000938535
0.00520415
0.0239685
0.00533368
0.0016646
0.00430671
0.00621253
0.00842876
0.00191706
0.000378027
0.00199538
0.000477369
0.00186333
0.00549217
0.000413297
0.00176693
0.00170696
0.010328
0.00174074
0.0062808
0.0264414
0.0122786
0.00359052
0.0176163
0.0102089
0.00687469
0.00540493
0.00315191
0.00187126
0.0023412
0.0011315
0.00533717
0.00410633
0.00172707
0.0100664
0.00168868
0.00567026
0.00868248
0.00411833
0.00530098
0.00440516
0.00294429
0.0158055
0.00424165
0.00116165
0.00121278
0.00363301
0.00748369
0.00209566
0.010956
0.00178712
0.00895833
0.00707945
0.00507619
0.00236107
0.0379659
0.000487248
0.00162229
0.00808728
0.00102427
0.0266183
0.0054859
0.00738156
0.00767768
0.0046842
0.00261447
0.00124165
0.00387696
0.0117562
0.0123781
0.00375306
0.0421896
0.00206281
0.000967428
0.00370195
0.0131096
0.00224407
0.00448475
0.00599285
0.00146707
0.00250515
0.00530731
0.00572108
0.00732758
0.00288233
0.00266191
0.00314171
0.00279024
0.00204844
0.0015994
0.000581602
0.00482587
0.00662188
0.00593907
0.0107451
0.00350139
0.0138634
0.00207926
0.00494495
0.00583087
0.00283125
0.00163497
0.00957696
0.00149623
0.00180037
0.014777
0.0105912
0.0243328
0.012038
0.00939957
0.00447205
0.000710496
0.000286922
0.000485041
0.00328539
0.00381839
0.0102364
0.0249256
0.00411094
0.000213727
0.010553
0.0046339
0.0238645
0.000715371
0.0119007
0.0260225
0.0015425
0.00776828
0.010245
0.00315758
0.00272678
0.00492745
0.00509907
0.00304228
0.00789312
0.00593172
0.00300539
0.000872265
0.0283633
0.021092
0.00265186
0.00790331
0.00427272
0.00538768
0.00233373
0.00363325
0.00332273
0.00654443
0.00123416
0.00416772
0.00138064
0.00371168
0.00298122
0.00319773
0.00395166
0.00393024
0.00203121
0.00466243
0.0230534
0.00462482
0.0103666
0.00189162
0.00218867
0.00305048
0.00897985
0.0102087
0.0201252
0.00300156
0.00126673
0.0035559
0.00505357
0.0222644
0.0333176
0.00424561
0.0157742
0.00485493
0.00241604
0.00373994
0.0145141
0.00544777
0.00533117
0.00948046
0.00259236
0.00348645
0.00751749
0.0090411
0.00271724
0.00204924
0.00769794
0.00228437
0.0055454
0.0202298
0.00172032
0.000145074
0.015909
0.0061191
0.0366766
0.0131441
0.0100565
0.00326195
0.00567432
0.0011718
0.00786188
0.00438761
0.0109514
0.0411168
0.00361948
0.00355529
0.0362094
0.00419943
0.00208905
0.0311225
0.00273617
0.00135223
0.000592752
0.00177741
0.00547232
0.00221285
0.00385293
0.00134001
0.00663499
0.021985
0.00635151
0.00563959
0.00114771
0.00157607
0.0104496
0.00200943
0.00763128
0.00245347
0.00141067
0.00611269
0.00408661
0.00131789
0.0011615
0.00119094
0.000791634
0.0100756
0.00599457
0.00424376
0.00289824
0.00293389
0.0024613
0.00165329
0.00946485
0.00200183
0.00365199
0.00271158
0.00282372
0.00471373
0.0167701
0.00657181
0.00470357
0.0169197
0.00197362
0.00588405
0.00459216
0.00810552
0.00193802
0.00929508
0.0040082
0.00461986
0.00638622
0.00163135
0.0581781
0.00669097
0.0041473
0.00573072
0.00556024
0.00621647
0.00399831
0.0020758
0.00472123
0.00188538
0.00644435
0.00419064
0.00221112
0.00154117
0.0375081
0.0496868
0.00833646
0.0139502
0.00368338
0.00696367
0.00394351
0.00126269
0.0026634
0.0272651
0.00657163
0.00577905
0.00242387
0.00175838
0.0021874
0.0131772
0.00175237
0.00134932
0.00259548
0.00171365
0.00451966
0.00899583
0.0271012
0.010023
0.00312805
0.00256565
0.0367726
0.00186619
0.00434863
0.00106237
0.00635893
0.017502
0.00308055
0.00380155
0.00224507
0.0194784
0.00161304
0.014148
0.00678054
0.00142877
0.0015368
0.0172079
0.010847
0.020061
0.00315707
0.00727233
0.0141054
0.00147049
0.00318306
0.000648774
0.00375914
0.00340248
0.00539561
0.0029632
0.00144551
0.00687451
0.00391316
0.00178834
0.000177239
0.00804957
0.0105432
0.00258646
0.00372963
0.0040394
0.00563525
0.00645318
0.00258766
0.00671186
0.0434953
0.0048768
0.00322181
0.00417478
0.00634215
0.00111114
0.006301
0.00785808
0.000967118
0.00490769
0.00669251
0.0272158
0.00274748
0.00198326
0.00229206
0.00193125
0.00632523
0.00248194
0.00180298
0.000704839
0.00859654
0.00385719
0.00445472
0.000413567
0.0132926
0.00521032
0.00687913
0.000247108
0.00114646
0.0195633
0.0107062
0.0163039
0.0030389
0.00193713
0.00390653
0.00705977
0.0088321
0.00116654
0.00762903
0.0114149
0.00878011
0.00195489
0.0087684
0.00144597
0.00489113
0.0116392
0.00351561
0.00114936
0.00479028
0.00237555
0.00269659
0.00278572
0.00585098
0.014043
0.00203438
0.0323357
0.00812086
0.00172764
0.00114183
0.00400845
0.00476527
0.00292459
0.00445461
0.00243968
0.000802837
0.00360705
0.00379803
0.0597194
0.0133906
0.00695638
0.00742042
0.00312825
0.00379246
0.00825081
0.000965896
0.00474962
0.00422982
0.0115454
0.00437012
0.00193789
0.00172348
0.0129924
0.00622351
0.00139615
0.00235198
0.0078924
0.00383055
0.0137098
0.00262712
0.00848137
0.00441591
0.0231776
0.0031926
0.00304214
0.00201574
0.0198973
0.0294251
0.0224675
0.000996577
0.000616303
0.00160898
0.00390233
0.00567089
0.00870813
0.0103815
0.00197624
0.00389207
0.0312413
0.00092593
0.00414216
0.0081246
0.00217541
0.00396422
0.0150149
0.00295815
0.00132766
0.00328496
0.000320866
0.0159936
0.00302485
0.00396152
0.0313944
0.00844826
0.00146072
0.00453267
0.00615956
0.00404935
0.00622214
0.000182783
0.00151655
0.00236575
0.00222295
0.00243259
0.00451469
0.00390279
0.0102313
0.00460227
0.000503417
0.00587502
0.00311644
0.000942624
0.00759275
0.00121397
0.00378486
0.00126141
0.00975058
0.00694036
0.00717769
0.00535844
0.000538538
0.0045547
0.00542292
0.00568428
0.0129111
0.00472678
0.00282629
0.00240598
0.00418873
0.00365379
0.0245653
0.00671048
0.00225614
0.00708099
0.0156883
0.00174617
0.00223879
0.00318027
0.00219536
0.0179094
0.00495674
0.00609749
0.01155
0.00693386
0.00652462
0.00446378
0.0173572
0.00387637
0.00424765
0.00294086
0.00296089
0.00260835
0.000722716
0.00180376
0.00300223
0.00463953
0.00435184
0.0171221
0.00464488
0.00109326
0.00639718
0.00306084
0.00391842
0.00307326
0.00281744
0.000655336
0.00616114
0.00363056
0.0262106
0.000855896
0.00371241
0.00843215
0.00885892
0.00373504
0.00659882
0.00203867
0.00713611
0.00780862
0.00105359
0.00303658
0.0209291
0.00296255
0.00994206
0.00286328
0.0046867
0.00645203
0.00246978
0.0068895
0.00340586
0.000436973
0.00114194
0.0499335
0.00192192
0.000835232
0.00797829
0.0116144
0.00184575
0.00504146
0.00814731
0.0136053
0.0129314
0.0260216
0.000902717
0.00233957
0.000946295
0.00593634
0.0121108
0.00143641
0.00197064
0.0251988
0.000381964
0.00826586
0.00599151
0.0101717
0.00467025
0.00910133
0.0102219
0.00587442
0.00897063
0.0214977
0.0124902
0.0015037
0.0089432
0.000811163
0.0057592
0.00391124
0.0147526
0.00319581
0.0198562
0.00679264
0.00524662
0.00160048
0.0208038
0.0100647
0.0275393
0.0565311
0.00298978
0.00489743
0.00308979
0.0110408
0.00825848
0.0367168
0.00146999
0.00769466
0.00599138
0.00791916
0.00719503
0.00159146
0.00274656
0.00819539
0.00357405
0.00681447
0.00915534
0.00327588
0.00470249
0.00999157
0.0057754
0.00220471
0.00272977
0.0313511
0.00493042
0.0044667
0.00153548
0.00914528
0.000470536
0.00309475
0.00298207
0.00225839
0.00342194
0.00448965
0.00172651
0.00744662
0.0020903
0.00432342
0.00598334
0.00101169
0.0142724
0.00317722
0.00274403
0.00403729
0.0288096
0.00143708
0.00615119
0.0277945
0.00205333
0.00292124
0.00444213
0.00256779
0.00304186
0.00286128
0.00305029
0.00229667
0.00506372
0.00410645
0.00284655
0.0051817
0.00491542
0.000798329
0.0683773
0.00122708
0.00670616
0.00305098
0.00493792
0.00229875
0.00397894
0.0029397
0.00808272
0.00475533
0.0120757
0.0115997
0.00953091
0.00127579
0.000618721
0.00115372
0.00806887
0.00432362
0.00124089
0.00360808
0.00915508
0.0122012
0.00277933
0.00668779
0.000978561
0.0158815
0.00139262
0.00128701
0.00159109
0.00240402
0.00192211
0.00284063
0.0094058
0.00375916
0.00275114
0.00846983
0.00616766
0.00639913
0.00258315
0.0010662
0.00285575
0.00666679
0.00193584
0.00169382
0.00424012
0.00305839
0.00489873
0.00239321
0.00567822
0.0069165
0.00358144
0.00125088
0.00504453
0.0116104
0.0026545
0.00245479
0.0109893
0.00159579
0.0224963
0.0121273
0.131199
0.00828298
0.0011954
0.0088211
0.00336212
0.00502615
0.00379295
0.00195178
0.00143424
0.00760252
0.00142806
0.00917428
0.000979686
0.00848737
0.0335169
0.0102747
0.0039552
0.00398021
0.00130741
0.00720153
0.000555651
0.00503982
0.00169764
0.0028354
0.00510467
0.0315063
0.0362981
0.00571003
0.00121498
0.0030183
0.00232585
0.00399898
0.00332569
0.00441043
0.00144708
0.0008095
0.00305195
0.00540958
0.00823644
0.00318313
0.00387076
0.00747205
0.0068319
0.000696511
0.0106091
0.00136734
0.0109307
0.00401263
0.00474387
0.00798234
0.0147075
0.00867317
0.0054462
0.00887561
0.00752153
0.00211719
0.00266348
0.00254753
0.00443046
0.00313035
0.00282541
0.00516337
0.00348449
0.00679772
0.00176763
0.00286639
0.00900816
0.0292315
0.0032075
0.00336476
0.0115212
0.00166508
0.00532231
0.00613455
0.00625255
0.00241185
0.00198683
0.00305293
0.00655494
0.00204178
0.0038614
0.00783594
0.0118579
0.0117421
0.00102154
0.00949866
0.00753741
0.0121077
0.00121988
0.00371933
0.00391792
0.00677603
0.047583
0.00141735
0.00191579
0.00266313
0.00642049
0.00333227
0.0020298
0.00126297
0.00379811
0.00366527
0.00499154
0.00286217
0.00148936
0.00148592
0.0245182
0.0132975
0.0120813
0.00426895
0.00356145
0.0011259
0.00635851
0.00364678
0.00400263
0.00780174
0.00153031
0.0026619
0.00546177
0.00202114
0.014947
0.00984756
0.00617101
0.00720532
0.000439262
0.00442432
0.00162842
0.00159556
0.00243473
0.0118055
0.00160683
0.0044412
0.00200058
0.00135345
0.00587477
0.00793759
0.00179704
0.010484
0.000735967
0.0246687
0.000396711
0.00305617
0.00492693
0.000818765
0.0035277
0.00429865
0.00382962
0.020699
0.00160348
0.00173262
0.00568733
0.00403747
0.00230434
0.00213916
0.00899608
0.00595477
0.0121505
0.0119184
0.0108996
0.0296332
0.0026806
0.00315824
0.00143837
0.00160758
0.00513947
0.00336995
0.000773363
0.00526657
0.0185494
0.0118512
0.00330561
0.00141819
0.00421201
0.00122876
0.00185536
0.00901275
0.00888119
0.00345243
0.00498948
0.00711527
0.00537786
0.012992
0.000924205
0.00419897
0.00731778
0.00347223
0.00199039
0.00432474
0.00374915
0.00208104
0.00519047
0.00313859
0.00107764
0.00221379
0.00696918
0.00782135
0.00329405
0.00121082
0.00924028
0.00147039
0.00700772
0.0147848
0.000932997
0.00943465
0.00247352
0.0104508
0.016872
0.00556927
0.00223269
0.00782491
0.00716215
0.00437197
0.00160063
0.00676815
0.00367798
0.00620397
0.00722744
0.00202215
0.00511862
0.0026479
0.00285781
0.000842018
0.00147301
0.00470712
0.0010966
0.00445273
0.00271798
0.00366235
0.0179179
0.00297644
0.00992221
0.00300022
0.00339247
0.0014783
0.00107374
0.00852744
0.00414995
0.0173498
0.011249
0.00365547
0.00324604
0.0158961
0.000262478
0.00156532
0.00739379
0.0138606
0.00134162
0.00178096
0.0177283
0.00671737
0.00194104
0.000803496
0.00984651
0.00320762
0.013349
0.00348417
0.00692145
0.00239794
0.00736594
0.0168214
0.00520184
0.0023393
0.0114968
0.0019027
0.00189183
0.00446005
0.000486183
0.00231179
0.00887135
0.00314426
0.00796879
0.0230609
0.0030276
0.00511265
0.00677916
0.00132235
0.00807414
0.00182133
0.0188896
0.00106467
0.00190356
0.0068662
0.0051048
0.00376969
0.00259797
0.00106065
0.00979001
0.00235429
0.00411478
0.00186257
0.0059377
0.0239818
0.0063899
0.00408834
0.00812758
0.003546
0.00187759
0.00356872
0.00135524
0.00729592
0.0127689
0.00689702
0.00266054
0.00570573
0.00444619
0.00290545
0.00317646
0.00623845
0.00880629
0.00278919
0.00583332
0.00208429
0.00285899
0.00136339
0.00496142
0.00511899
0.00272828
0.00467576
0.0231973
0.00408182
0.018566
0.0193271
0.0031948
0.00263992
0.00360452
0.0046604
0.0089483
0.0148208
0.0101484
0.00322122
0.00597741
0.0204852
0.00871181
0.0121668
0.000562698
0.00590845
0.00816828
0.00340639
0.00285123
0.00821879
0.00640728
0.00686522
0.00275066
0.00928115
0.00564381
0.00881375
0.001984
0.000547544
0.0131819
0.00366765
0.00286456
0.00869276
0.00607966
0.00750899
0.00126503
0.0373744
0.00455779
0.00508396
0.00525992
0.00366695
0.00434944
0.0345143
0.00290935
0.00658032
0.00697118
0.00768846
0.00460019
0.00544875
0.0312764
0.00445611
0.0314019
0.00935972
0.00209861
0.0196873
0.00188588
0.0118058
0.00170643
0.0423002
0.0251485
0.00248587
0.00395243
0.0215025
0.00183384
0.00730037
0.0119433
0.0016607
0.00969561
0.00760845
0.00338416
0.00224985
0.00159373
0.00421269
0.0429997
0.00139002
0.00343797
0.0106423
0.00252135
0.00351873
0.010504
0.00365267
0.00146128
0.00375922
0.00489927
0.00150868
0.0057714
0.00268712
0.00681217
0.00402166
0.00261415
0.0114553
0.0149166
0.0198871
0.0128872
0.0120317
0.00725518
0.0177102
0.00452485
0.00651366
0.000688026
0.00554328
0.00806014
0.00549914
0.00162343
0.00207843
0.00770524
0.177893
0.0052929
0.00436851
0.00349576
0.00656931
0.00536042
0.00578358
0.00136965
0.00135863
0.00448621
0.00458092
0.012079
0.0109144
0.0080987
0.0148695
0.00446911
0.00713179
0.00448784
0.0149077
0.00792185
0.00772031
0.000975552
0.0195101
0.0036041
0.00294631
0.00510407
0.00980183
0.00202708
0.0122788
0.00383473
0.00249589
0.00620589
0.00064314
0.0042944
0.0266122
0.00787537
0.0045059
0.00361446
0.0013968
0.00333631
0.00833752
0.00343101
0.00697969
0.00635626
0.00294182
0.00798365
0.00253486
0.0207411
0.00828721
0.000777166
0.00531546
0.00117399
0.00572908
0.00696801
0.00100535
0.00511814
0.011041
0.00146077
0.00194585
0.00459256
0.00480559
0.00114948
0.00381892
0.00137399
0.00740652
0.00632871
0.00374594
0.0199725
0.000786494
0.00572266
0.00465896
0.00918787
0.00716647
0.00579994
0.00769596
0.0120069
0.00526132
0.000942859
0.00282831
0.0151876
0.00473187
0.00885801
0.000882736
0.0200671
0.000593043
0.00177895
0.038796
0.00553221
0.00770609
0.0190146
0.00218055
0.00192848
0.00875722
0.00326681
0.0166975
0.00647239
0.000693113
0.00127417
0.00424458
0.00214469
0.0108105
0.00322263
0.000273832
0.0034945
0.00284764
0.0055844
0.004543
0.00536274
0.00518207
0.00298678
0.00191036
0.0057443
0.00476694
0.00559675
0.00243049
0.00309368
0.0098383
0.00829285
0.00427889
0.00769384
0.00355998
0.00373102
0.0010583
0.00967095
0.004394
0.00508189
0.00126371
0.0077043
0.00231843
0.00140585
0.0249281
0.0215346
0.00765856
0.00876567
0.00536775
0.00418065
0.000398774
0.00811462
0.00185879
0.000679519
0.0047103
0.00571957
0.00528281
0.00463342
0.0129845
0.0039711
0.00418639
0.057397
0.0121216
0.000710468
0.00638308
0.00214725
0.00503394
0.00124103
0.00393495
0.000608908
0.0038007
0.00167082
0.0121317
0.027819
0.00277932
0.0102376
0.00153968
0.0154772
0.00238784
0.0110062
0.00314249
0.0038396
0.00396439
0.00226706
0.00138547
0.0108856
0.00847291
0.01453
0.0245447
0.00531825
0.00259608
0.00483796
0.00561036
0.00207742
0.000563793
0.0604752
0.00503736
0.00544919
0.00692157
0.0171493
0.00863219
0.0134775
0.00276091
0.00675326
0.00775577
0.00481153
0.00304907
0.00356082
0.000858634
0.040125
0.00964345
0.0189183
0.00322295
0.00218853
0.00424512
0.00186972
0.0207636
0.00324672
0.00158461
0.00550758
0.00288346
0.00236181
0.00301082
0.0113437
0.00306567
0.00327425
0.0126138
0.0189732
0.0438193
0.00229318
0.00183933
0.00446496
0.00717789
0.001159
0.00485946
0.0028795
0.00373152
0.00161407
0.00836638
0.0018112
0.00439999
0.00578033
0.00821738
0.0025443
0.0061974
0.00267288
0.00366099
0.00462011
0.0031296
0.0029981
0.00733869
0.00321224
0.00377357
0.00503203
0.00281922
0.00263011
0.00245259
0.00349934
0.00594245
0.0163859
0.00542802
0.0106213
0.00255929
0.0337222
0.0201086
0.00716469
0.000413006
0.00508531
0.0074942
0.00425697
0.00062788
0.00253101
0.0146687
0.00216811
0.00276028
0.00872904
0.00971657
0.00346978
0.00468916
0.00117999
0.00296214
0.00124745
0.000599114
0.00633451
0.00491917
0.00398284
0.00559849
0.00430772
0.00534467
0.00789766
0.0189544
0.00460145
0.020944
0.0093695
0.000388037
0.00115416
0.00564029
0.00401062
0.00703307
0.0078577
0.0409119
0.0047413
0.00156595
0.00672715
0.00171617
0.00132108
0.00470577
0.00314475
0.00513279
0.00574647
0.00249942
0.00182923
0.00171394
0.0181514
0.000992819
0.00307172
0.00115736
0.00169506
0.00438848
0.00874409
0.00278058
0.00146758
0.00372804
0.00331616
0.00294664
0.00562636
0.00914824
0.00535453
0.0169167
0.00309494
0.0106815
0.00444405
0.00873316
0.013814
0.0029721
0.00787205
0.00317463
0.00647428
0.00548138
0.0042468
0.0159203
0.00156422
0.00887955
0.0037211
0.0169695
0.0228087
0.00152086
0.00456864
0.00308354
0.00224024
0.018187
0.00943598
0.00816624
0.00475979
0.0454984
0.0227569
0.00351604
0.0149497
0.00364777
0.00822066
0.00182515
0.00286856
0.00577802
0.0162966
0.0131979
0.00664065
0.00832823
0.00382748
0.0048526
0.00501093
0.0025494
0.00197523
0.00099436
0.0034349
0.00211974
0.00324579
0.0117826
0.00477614
0.00681989
0.00887194
0.0299818
0.00495933
0.000774883
0.00188824
0.00240111
0.00273213
0.000419316
0.00955774
0.00632574
0.00154048
0.00900218
0.00260802
0.0043305
0.0244394
0.0164989
0.00615747
0.00287882
0.00253135
0.002189
0.0253507
0.00558933
0.0177509
0.011221
0.0173677
0.00616896
0.00156259
0.00594836
0.00323442
0.0110465
0.00066863
0.00586629
0.00337312
0.0203542
0.00483399
0.00328953
0.00250757
0.019018
0.00149214
0.00519067
0.000978128
0.000696574
0.00464327
0.0209995
0.000843656
0.00292466
0.00114672
0.00834873
0.00293528
0.00396038
0.00414518
0.00551921
0.00472727
0.00184515
0.00318329
0.00599113
0.00115731
0.00704364
0.0028528
0.00515237
0.00345525
0.0170655
0.00482558
0.0141132
0.00943427
0.00125411
0.00615976
0.00089991
0.000277532
0.00676012
0.00902557
0.0050357
0.0083363
0.00734597
0.00446987
0.0026565
0.00503999
0.00260917
0.00340571
0.00424649
0.0135543
0.00016376
0.00412112
0.0157757
0.00102294
0.00213527
0.00726799
0.00983864
0.00758925
0.00317521
0.0166565
0.00604283
0.00114178
0.00569792
0.0045394
0.00146969
0.0175196
0.00335504
0.03723
0.00205728
0.0192341
0.00355545
0.00195594
0.00309561
0.00487501
0.0166648
0.00470284
0.012138
0.00360938
0.00462763
0.00728763
0.00316715
0.00951295
0.0157134
0.0227543
0.00154771
0.0085362
0.0159219
0.0063376
0.0151294
0.00429599
0.00291672
0.00495476
0.0189288
0.00202571
0.0157347
0.00463346
0.00397704
0.00270066
0.00696538
0.00441454
0.00193433
0.00447614
0.00721995
0.0038114
0.00402923
0.0100399
0.0105974
0.0111599
0.0148936
0.0301877
0.00944998
0.00420999
0.00632159
0.00054189
0.00366089
0.00981547
0.00964056
0.031231
0.00634184
0.026871
0.00116692
0.00169363
0.00552103
0.00444565
0.0015229
0.00457386
0.00268504
0.0229923
0.00598675
0.000803672
0.00200619
0.00329686
0.0124648
0.00242649
0.0136765
0.00355645
0.0114269
0.00136774
0.00218337
0.00234602
0.00416304
0.0121071
0.00504478
0.00124696
0.001771
0.00375739
0.0164493
0.00985051
0.00076798
0.00355301
0.00168481
0.00256123
0.00518709
0.0066078
0.00324277
0.00829554
0.00684728
0.0131231
0.00133989
0.00853237
0.0022184
0.00269928
0.00611642
0.00235478
0.0163419
0.00374307
0.00213068
0.00141594
0.00601176
0.0179525
0.00685832
0.0348314
0.00601722
0.00706336
0.00760438
0.0310945
0.0102412
0.0169024
0.0031243
0.0056737
0.00253137
0.00948588
0.000761687
0.0204702
0.00999506
0.00396061
0.00171998
0.00363184
0.00102519
0.000899076
0.0145437
0.00457167
0.0158592
0.00214243
0.00169679
0.000981563
0.00482096
0.00173643
0.00519864
0.0242684
0.000979394
0.0147254
0.00641376
0.00438766
0.0149449
0.00373743
0.00201013
0.00454589
0.00269314
0.00315963
0.0011335
0.00707202
0.00715912
0.00107695
0.00633149
0.00405294
0.000642476
0.00168509
0.00226158
0.0134742
0.00828358
0.00704078
0.00639108
0.0162062
0.00414498
0.00240154
0.00156268
0.00245211
0.00205864
0.00445056
0.00122086
0.00635859
0.00431817
0.00151905
0.00797997
0.00478392
0.123671
0.00304093
0.0064268
0.000744116
0.00605646
0.00393718
0.0110417
0.0119532
0.0024118
0.00521651
0.0074158
0.00730565
0.00932768
0.0113008
0.00487425
0.00482005
0.000583678
0.0122214
0.0175069
0.00376118
0.00625196
0.00554326
0.0132523
0.00411748
0.00369712
0.00612544
0.00145456
0.00727486
0.00460593
0.0113091
0.00149718
0.00387349
0.000820003
0.0214618
0.00617856
0.00211415
0.00969614
0.0438783
0.0013983
0.00744056
0.0469822
0.0143585
0.00424695
0.00257539
0.0145275
0.00281543
0.00649027
0.00102901
0.00405123
0.00214969
0.00878484
0.000223739
0.00114626
0.00353528
0.00560197
0.0139804
0.00692331
0.00949346
0.00360389
0.154205
0.00158378
0.0101216
0.00237078
0.0528886
0.00213073
0.00719305
0.00240883
0.00323276
0.00139891
0.0096405
0.00780404
0.00416977
0.00254925
0.0042511
0.000695755
0.00674835
0.00509792
0.00386393
0.0012303
0.00417662
0.00192211
0.0108191
0.00790709
0.00137402
0.00397074
0.00321579
0.00462077
0.0033497
0.00115976
0.00247459
0.00962839
0.00275363
0.0207359
0.00542973
0.00488484
0.00151377
0.0299869
0.00128152
0.00776825
0.000583626
0.00482914
0.00358972
0.00120417
0.00703579
0.00276667
0.00110136
0.00709208
0.000725828
0.000684918
0.0156435
0.00295349
0.00592526
0.0010835
0.00224884
0.0115187
0.00277058
0.00295612
0.00426333
0.00590953
0.0209639
0.00318203
0.00399901
0.00380313
0.0011719
0.00478831
0.00275666
0.00315723
0.0108854
0.00591623
0.000896397
0.00318577
0.00549831
0.00718994
0.0201493
0.00546568
0.00568365
0.0195452
0.016403
0.000522432
0.00368836
0.00918106
0.00209031
0.00564365
0.00804828
0.0149993
0.00363968
0.00644237
0.0303784
0.00787222
0.002615
0.00729808
0.00148582
0.00581774
0.00894489
0.00498793
0.00619541
0.00377401
0.00241043
0.0021358
0.00523423
0.00801055
0.00547403
0.000384063
0.00320916
0.00752417
0.00776004
0.00376833
0.000969914
0.00151678
0.00259678
0.00455491
0.00794552
0.00326988
0.0684444
0.00164437
0.000558119
0.00235824
0.00440088
0.002229
0.0132117
0.0101413
0.00441831
0.00625446
0.00469755
0.00124012
0.00217918
0.0329689
0.0165594
0.00915349
0.00467928
0.00840866
0.0048886
0.00131537
0.0021986
0.0087096
0.00287795
0.0149875
0.0015864
0.0067341
0.0116899
0.00168922
0.000915448
0.000976289
0.00134688
0.0022052
0.00194775
0.00160748
0.0027562
0.0337715
0.00736208
0.00416726
0.00791326
0.0476084
0.00659918
0.00177714
0.00113356
0.00216288
0.0136068
0.00191056
0.00502516
0.00422564
0.0149312
0.00184438
0.00174694
0.00470369
0.0056568
0.0116154
0.00194146
0.00132805
0.00619066
0.0338181
0.0125958
0.0116201
0.0010213
0.00166197
0.00220177
0.00528572
0.00847059
0.0243735
0.00237358
0.00755794
0.0263497
0.00174992
0.0072554
0.00935845
0.0033129
0.0182745
0.0014919
0.00229009
0.00203468
0.00175066
0.00678361
0.00253648
0.0438461
0.00761431
0.0163968
0.00358861
0.0269467
0.0139724
0.000315543
0.00323492
0.00376964
0.00984921
0.00467909
0.00347862
0.0101711
0.025644
0.00475386
0.00194481
0.0140531
0.00755731
0.00195469
0.0118791
0.00197467
0.00101496
0.00359326
0.00790242
0.0073623
0.000732309
0.00429639
0.00308447
0.0030778
0.00740721
0.00617939
0.00930053
0.00375442
0.0267267
0.00726
0.00651749
0.0119246
0.00806615
0.00735679
0.00320513
0.00709285
0.00513911
0.000698255
0.0045794
0.000899173
0.00721709
0.00982803
0.00543173
0.0065779
0.0021024
0.00974047
0.00543671
0.0131343
0.00552679
0.0173898
0.0057426
0.0445083
0.00673196
0.00723366
0.00449361
0.000981068
0.00195801
0.00870049
0.0596382
0.00212385
0.00418487
0.0174127
0.00520334
0.00302193
0.00175687
0.0122383
0.000428546
0.00356573
0.00707195
0.00272618
0.00551709
0.00406879
0.0110439
0.010142
0.00240961
0.00321304
0.00325528
0.00541068
0.00339093
0.00289424
0.00140261
0.00350922
0.00418168
0.00788112
0.00174797
0.0105627
0.00566412
0.00152332
0.0125282
0.00318296
0.00273701
0.00721278
0.00261445
0.00388892
0.00373262
0.0166657
0.0029548
0.000858637
0.0610163
0.00953697
0.0153486
0.00883416
0.0030271
0.00202879
0.00254082
0.0129555
0.00261675
0.00675331
0.0478153
0.00891309
0.00549564
0.0371758
0.00419684
0.00472392
0.00474406
0.0050253
0.000977357
0.0175038
0.00393028
0.00576049
0.000694915
0.0256529
0.00134426
0.00392037
0.00404324
0.00474954
0.00797068
0.022684
0.00554845
0.00259016
0.00116613
0.0023316
0.00424604
0.00120969
0.00987883
0.00395823
0.00309999
0.00359982
0.00358892
0.00979128
0.00381233
0.00476888
0.0426114
0.000645737
0.00224925
0.00361308
0.0118665
0.00997245
0.0298051
0.0113187
0.00698805
0.00176307
0.00515314
0.00551743
0.015782
0.00331351
0.00632837
0.0044401
0.0172925
0.0121787
0.00725488
0.00650871
0.004783
0.00252722
0.00306134
0.0115795
0.00306388
0.00135528
0.0034645
0.00330326
0.00717828
0.026482
0.00075698
0.00159014
0.00508893
0.00533481
0.00598994
0.00285895
0.00794826
0.00941172
0.00551433
0.00392004
0.00564133
0.00293065
0.0080887
0.00276867
0.000953043
0.0137615
0.00756162
0.011862
0.0191792
0.00380437
0.00839325
0.0212291
0.00241952
0.00774529
0.000855942
0.00105959
0.00211577
0.00395212
0.00336341
0.0129199
0.00176269
0.00131789
0.00851688
0.0443941
0.00620457
0.00144378
0.00072463
0.00432139
0.0057826
0.00246288
0.00603915
0.0023815
0.0379689
0.0012673
0.00813664
0.000538435
0.000637481
0.0120642
0.00346991
0.00538072
0.0111461
0.00553719
0.0279851
0.00464985
0.00964706
0.00846272
0.00395657
0.00561274
0.0115998
0.0105238
0.00594908
0.0060462
0.00866015
0.00353259
0.00626414
0.0211318
0.00117411
0.00351468
0.0391974
0.0058219
0.00256288
0.00992479
0.00214608
0.000776444
0.00194905
0.00735387
0.00460713
0.010366
0.00910108
0.00210445
0.00312778
0.0110618
0.00222346
0.00669008
0.0100774
0.0125762
0.00552059
0.00240595
0.00399227
0.00794677
0.00373147
0.00217595
0.00156421
0.00439214
0.00193736
0.00268318
0.00498131
0.00817322
0.00251915
0.00067874
0.0154983
0.00352871
0.00158639
0.00494181
0.000742896
0.00636302
0.00355165
0.00270903
0.00608659
0.00210185
0.00592138
0.00399969
0.0160191
0.00426972
0.00420288
0.00231898
0.00591576
0.00130643
0.00470903
0.0076224
0.00664144
0.0178806
0.00999064
0.00521001
0.00579207
0.0265214
0.00521685
0.00800141
0.027647
0.00153635
0.000899681
0.00292739
0.000264362
0.000757491
0.00127077
0.0119174
0.0115334
0.00432993
0.0320231
0.000303063
0.00190362
0.00550524
0.00204959
0.00447678
0.00412925
0.0178631
0.00162471
0.0126874
0.00938586
0.0075919
0.00621711
0.00127524
0.00401653
0.0489371
0.00424842
0.0047041
0.00568925
0.00369873
0.0032483
0.00580302
0.00331324
0.0036724
0.00314756
0.0128306
0.00764941
0.0065189
0.0106715
0.000773448
0.00292697
0.0055018
0.00951935
0.00351926
0.00244829
0.0238536
0.00328017
0.0252776
0.0089617
0.0150548
0.0036962
0.000883924
0.00862486
0.00335097
0.00615206
0.00736738
0.00122657
0.00854319
0.000631268
0.00240211
0.00320849
0.00576008
0.00182544
0.00462692
0.00093297
0.0292146
0.0171989
0.00534023
0.00292366
0.00290825
0.0193894
0.021543
0.00304773
0.0177631
0.00314241
0.00106006
0.0119484
0.0224047
0.00306872
0.00315222
0.00322906
0.00410676
0.00420788
0.00301454
0.00614602
0.00138634
0.00609474
0.00377149
0.00714423
0.00448614
0.00344759
0.0101798
0.00154581
0.00235857
0.00310481
0.00395963
0.00647955
0.00538714
0.0119946
0.00905458
0.00520327
0.00564465
0.00307734
0.00776102
0.0101532
0.0091946
0.00518854
0.00278655
0.00469888
0.0211135
0.00870402
0.0129233
0.008236
0.0184343
0.00284281
0.00335432
0.0114639
0.00264842
0.00206361
0.00167179
0.00112264
0.0454167
0.0248108
0.00848973
0.00257112
0.0272072
0.00387926
0.0013997
0.00500643
0.00188148
0.0128475
0.00319174
0.0208167
0.0264734
0.0101695
0.00558589
0.00545152
0.00251406
0.0104176
0.00376891
0.0219031
0.00344766
0.0170518
0.00626611
0.00763261
0.0028139
0.0015537
0.00168682
0.0238081
0.00657478
0.00681732
0.00321816
0.00546841
0.00383714
0.026919
0.00307191
0.00219528
0.0243542
0.000600818
0.00274673
0.000835497
0.0270372
0.0128289
0.000257124
0.00635172
0.00370491
0.00806783
0.00384559
0.00444421
0.0115524
0.00346682
0.00807988
0.0277441
0.00245454
0.00282576
0.00196135
0.00091085
0.00584843
0.00634033
0.00381467
0.064156
0.00717216
0.00229724
0.00177266
0.00212627
0.00293744
0.00133477
0.00420858
0.0269472
0.00374833
0.0358089
0.0214686
0.00727798
0.0129073
0.00209309
0.00380461
0.00293239
0.00298594
0.0265479
0.0116189
0.00254743
0.0124835
0.0281891
0.00765427
0.0184675
0.0029453
0.0112138
0.00630505
0.00566089
0.11502
0.0138185
0.00808803
0.00516964
0.00477376
0.00440314
0.0117576
0.00406878
0.000656573
0.0353964
0.00823206
0.0109923
0.00176314
0.013155
0.00148254
0.069332
0.00115814
0.0101031
0.00297634
0.00468722
0.0221394
0.0068616
0.000683301
0.022902
0.0088926
0.00506588
0.00236807
0.00534555
0.00518645
0.00269438
0.00724242
0.00392573
0.00366282
0.00128491
0.00140016
0.00385476
0.00204194
0.0159681
0.00209934
0.00228534
0.00498441
0.00611777
0.00201248
0.00162055
0.00286895
0.00420151
0.00118904
0.0350887
0.0188963
0.0162519
0.006528
0.00749459
0.00904062
0.00529648
0.00355269
0.00147756
0.00542174
0.00136179
0.000890418
0.00363231
0.0128002
0.0526999
0.00141273
0.00574128
0.00155001
0.00207084
0.00116275
0.00939663
0.00377285
0.0019707
0.00423636
0.0039277
0.0106063
0.00637476
0.0021893
0.00280997
0.00312554
0.00192551
0.00265027
0.000672318
0.0034503
0.00240348
0.00076614
0.00502621
0.0137445
0.00912734
0.00362667
0.00689783
0.00257516
0.0154645
0.0013946
0.00209583
0.00187708
0.00626358
0.000576644
0.00210675
0.00332875
0.0129247
0.0050102
0.00659072
0.00302686
0.00852606
0.00424047
0.000740307
0.0184066
0.0053235
0.00817397
0.00424667
0.00476918
0.016668
0.00298582
0.000942487
0.0256097
0.00410542
0.00454465
0.00567139
0.00403188
0.00391058
0.00323395
0.00670315
0.0124827
0.0107719
0.0102642
0.0351696
0.00231224
0.011921
0.00199789
0.00516968
0.00557948
0.00151753
0.00631627
0.00115199
0.00216523
0.00972129
0.00334783
0.00162596
0.0413117
0.02105
0.0584722
0.0160796
0.00159649
0.0206468
0.00532907
0.00361748
0.011752
0.00605346
0.00151702
0.0208372
0.0110467
0.0173343
0.00386748
0.00537114
0.0048579
0.000919183
0.0224834
0.00495049
0.00648775
0.0355942
0.0154462
0.0100999
0.029913
0.0023085
0.00177851
0.0114144
0.00474638
0.00940252
0.00344477
0.000985135
0.0105712
0.00388524
0.00159713
0.0239398
0.00737289
0.0225712
0.00597572
0.00809069
0.00970087
0.00571927
0.00220641
0.0132028
0.00296063
0.00136663
0.00438983
0.0128981
0.00247223
0.00793145
0.00434205
0.00505984
0.00490179
0.0163533
0.00164036
0.00300907
0.00322798
0.0019267
0.0202196
0.00857649
0.000956538
0.00509447
0.00390232
0.00787179
0.0291735
0.00212355
0.00612653
0.00632739
0.0070802
0.00491716
0.000840821
0.0118673
0.0116757
0.00180983
0.00656966
0.00195458
0.011585
0.0298439
0.0111909
0.00431544
0.00340907
0.032512
0.000822697
0.030677
0.0182933
0.00756858
0.0398816
0.00257473
0.0169907
0.00922951
0.0126203
0.0467151
0.00403424
0.0133998
0.00252885
0.00225571
0.0439695
0.00114038
0.0027691
0.00650822
0.00813601
0.00699857
0.0088256
0.0036482
0.0492274
0.00657436
0.0108439
0.00481562
0.00035756
0.000927001
0.00455633
0.00047435
0.0469451
0.00370121
0.00415757
0.00229609
0.00205963
0.027141
0.00423635
0.00586251
0.00475628
0.004138
0.0103408
0.00588026
0.00875093
0.00245555
0.00240048
0.00335854
0.00275073
0.00373878
0.00699118
0.00494283
0.00329899
0.0133296
0.00687
0.00562392
0.00137718
0.0247048
0.00689896
0.00314789
0.0103095
0.0210758
0.0128615
0.000496369
0.0082889
0.00284345
0.00637175
0.00480335
0.00597226
0.00370989
0.00313954
0.00998135
0.0103545
0.00298182
0.00126547
0.00466443
0.000688012
0.00643292
0.00575533
0.0129595
0.00348082
0.00435109
0.00294665
0.00377996
0.015464
0.00278826
0.00816717
0.00241623
0.00565288
0.00388415
0.002802
0.00663995
0.00187387
0.005697
0.0131531
0.00970774
0.0016085
0.00648387
0.00293385
0.0108811
0.00629179
0.00178854
0.0143302
0.000273797
0.00229723
0.00798966
0.00737221
0.00277237
0.00735548
0.00992623
0.0622925
0.0029926
0.00338183
0.00407422
0.00292417
0.00455759
0.0062654
0.0043587
0.00746393
0.00199541
0.0084137
0.00321142
0.00164026
0.0140743
0.0117914
0.00834128
0.00334759
0.0107865
0.00789985
0.00717238
0.0442237
0.0064909
0.0023233
0.0211487
0.00115112
0.00413161
0.00613883
0.00681592
0.00151358
0.00207632
0.0441277
0.00109493
0.00383672
0.00856437
0.00526941
0.000827658
0.0471811
0.00387055
0.0140954
0.00239958
0.0206369
0.00559529
0.0055869
0.0120501
0.0103745
0.00185223
0.0109129
0.00294624
0.000714826
0.00169561
0.0014517
0.00626165
0.00804365
0.00969022
0.00257106
0.0093147
0.00331807
0.00544306
0.00449455
0.00123599
0.00491487
0.00324974
0.00961915
0.0265436
0.00118861
0.017124
0.01138
0.00474978
0.00516425
0.00331755
0.02553
0.0127102
0.00485356
0.00212961
0.00430921
0.00159486
0.00390602
0.00825363
0.0434514
0.00669476
0.00480326
0.00849543
0.00562212
0.00432516
0.00702557
0.00329982
0.00393755
0.00401127
0.0126046
0.0205706
0.000451675
0.00214963
0.00162233
0.00855978
0.00204745
0.0143055
0.000935714
0.00443727
0.0152392
0.0188575
0.00658266
0.0031169
0.0100627
0.000723136
0.00392748
0.00149069
0.00241288
0.00509297
0.00229538
0.00313825
0.00452335
0.00728105
0.00230782
0.00205744
0.00254968
0.0039497
0.000266203
0.00286432
0.000832128
0.00577449
0.00295358
0.0198832
0.00398065
0.00693828
0.00247594
0.0153178
0.000318627
0.0185986
0.0196829
0.00146736
0.00518139
0.00258415
0.0178962
0.000747502
0.000795199
0.00369607
0.00235694
0.00241298
0.00109927
0.00266498
0.00396079
0.00625209
0.0061209
0.00434385
0.00620593
0.00328167
0.00104358
0.00224869
0.0029528
0.00689972
0.00813287
0.00858692
0.0012569
0.00299165
0.00892954
0.00481889
0.0044603
0.00264676
0.00188547
0.00759977
0.00837446
0.008421
0.00209656
0.00393768
0.00311843
0.0173112
0.00126246
0.00191193
0.00782732
0.00403198
0.00250157
0.00674118
0.00452598
0.0173498
0.0112671
0.00190392
0.00415297
0.00169056
0.00048592
0.00466853
0.0130317
0.00439807
0.00397821
0.00901107
0.00317266
0.00301364
0.00819719
0.0424098
0.0251664
0.00883335
0.00340527
0.00226789
0.00688126
0.00266709
0.00798335
0.0030629
0.0071867
0.00380477
0.00290105
0.00066516
0.00540598
0.00520095
0.00297132
0.00506648
0.0111381
0.014229
0.00151767
0.00370387
0.00317653
0.00900225
0.00227444
0.0177601
0.0049636
0.00324517
0.038144
0.00328425
0.00383453
0.00708468
0.00801177
0.00681792
0.00238468
0.0111794
0.00217444
0.00264597
0.0058458
0.00313858
0.00976414
0.0256219
0.00125933
0.00487125
0.005369
0.00212911
0.00620385
0.00339289
0.00341971
0.000952586
0.00336589
0.0101706
0.0210861
0.00372775
0.00956024
0.00114425
0.00519105
0.00109719
0.00182603
0.0026333
0.00495398
0.00130009
0.00748088
0.0115961
0.00253716
0.00425424
0.00858352
0.00595493
0.00555363
0.00494713
0.0236204
0.00393177
0.00747667
0.0010928
0.00066822
0.00598888
0.120353
0.00496242
0.00152185
0.00124207
0.00247638
0.00993717
0.000220384
0.00236292
0.00656151
0.00142664
0.00968562
0.00695039
0.00179032
0.00898145
0.0138489
0.00348398
0.0123865
0.00323509
0.00899469
0.00141641
0.00140098
0.0134082
0.0143744
0.00120907
0.00258566
0.00371353
0.00565165
0.0221512
0.00695694
0.00412155
0.00645222
0.00237789
0.0140547
0.00390236
0.0142504
0.00619281
0.00289173
0.00282137
0.00395243
0.000415458
0.00341046
0.00721131
0.00974282
0.0015561
0.00512199
0.00583036
0.00455845
0.00595527
0.00149971
0.00496089
0.00840783
0.0175307
0.00597245
0.00564513
0.0066127
0.0284861
0.00401233
0.00903556
0.027125
0.0157527
0.000983234
0.0107765
0.013167
0.00677017
0.00372122
0.00258165
0.00098195
0.0297925
0.0136496
0.00263925
0.00247086
0.00875636
0.00220785
0.00256442
0.00556398
