0.006681
0.0105901
0.00082474
0.001821
0.000853945
0.00151418
0.00100094
0.0037445
0.0110467
0.000921601
0.00142759
0.00163023
0.000934253
0.00197039
0.00461922
0.000532069
0.00108618
0.00396093
0.00189721
0.00165685
0.00105835
0.00309808
0.000972701
0.00106114
0.00146746
0.00106353
0.000563296
0.0014205
0.00140236
0.00145467
0.000734798
0.000787012
0.00143518
0.00508688
0.00185524
0.000827616
0.00136429
0.00156545
0.00267237
0.00282811
0.00138707
0.000931525
0.00658841
0.000346035
0.000606823
0.00187344
0.000557243
0.000411487
0.00431136
0.00136013
0.00108006
0.00122661
0.00153478
0.003006
0.00291786
0.00673252
0.00194714
0.000947305
0.00159577
0.000752396
0.00139281
0.00302278
0.000954236
0.00125619
0.00142747
0.00150039
0.0152543
0.000941851
0.00247509
0.00129805
0.0015857
0.00113838
0.00236818
0.00312895
0.0010399
0.000896742
0.00122496
0.00179334
0.00171791
0.000369286
0.00141474
0.00163385
0.000461579
0.000527882
0.00493492
0.00104094
0.00499759
0.00106602
0.00106486
0.00172524
0.000687154
0.000335775
0.00197067
0.00135439
0.00183141
0.000738914
0.0010318
0.000945204
0.000142703
0.000876131
0.00260566
0.0016887
0.000527206
0.00254112
0.00129562
0.00129916
0.000164066
0.000799642
0.00346438
0.000233503
0.000596934
0.00114323
0.00167857
0.00102486
0.00139187
0.00344736
0.0011412
0.000207101
0.010786
0.00106841
0.00163466
0.00334633
0.000187637
0.000746051
0.000620632
0.000178978
0.00145752
0.00571341
0.00079029
0.000142256
0.00136528
0.00125775
0.00115397
0.00166061
0.00117579
0.00140601
0.00158679
0.0017157
0.00119344
0.00107429
0.000377845
0.00201148
0.00276168
0.0020425
0.000582461
0.00173342
0.000915501
0.000360534
0.00698198
0.00141112
0.00145227
0.00182324
0.0030842
0.00249411
0.000557162
0.000742714
0.00881726
0.00230552
0.00171303
0.00128311
0.00636184
0.00269338
0.00482148
0.000810857
0.0015449
0.00114169
0.00188947
0.00139922
0.000623891
0.000734179
0.00250216
0.00196499
0.000785107
0.0089913
0.00094834
0.00317813
0.00176383
0.00348981
0.00121399
0.00322962
0.000961706
0.00148661
0.00252302
0.00377423
0.00191787
0.010548
0.00296818
0.00187693
0.000260603
0.00175231
0.00186849
0.00051341
0.00225754
0.00174083
0.00168153
0.00608634
0.00518839
0.00222874
0.00709682
0.000664229
0.00171111
0.000144109
0.0013422
0.0011996
0.00216325
0.00176956
0.00146084
0.00110351
0.00204519
0.00121752
0.00561823
0.00120474
0.00116324
0.00044096
0.000958532
0.00113904
0.00317419
0.00104091
0.00254539
0.00174956
0.000929275
0.000558507
0.000615285
0.000764131
0.00108404
0.00177724
0.000983687
0.000480284
0.00045515
0.00348326
0.00252813
0.00147999
0.00183317
0.00375446
0.00120712
0.00493704
0.00174818
0.000898507
0.00258039
0.00149217
0.00225782
0.000801453
0.00182456
0.00196691
0.00205859
0.0013207
0.00318895
0.00397765
0.00190046
0.000792694
0.000901424
0.00166101
0.000843701
0.000806682
0.00113442
0.00314551
0.000872016
0.00175642
0.00355632
0.00107518
0.00216379
0.00092753
0.000991529
0.000428751
0.000616123
0.00204175
0.00130647
0.00117325
0.00108823
0.000890442
0.00156791
0.00223825
0.00127543
0.0015453
0.00414382
0.00324827
0.00212226
0.00180245
0.000147768
0.00192803
0.000619695
0.00261986
0.00172335
0.0181492
0.00367221
0.00149236
0.00207733
0.00127167
0.00295771
0.0026398
0.00196185
0.000500164
0.0177991
0.00117655
0.00225087
0.0014696
0.00121657
0.00087704
0.000909452
0.00300092
0.000924015
0.00156103
0.00146631
0.000461087
0.011711
0.000532715
0.00118575
0.00137112
0.00171091
0.00137504
0.0047018
0.00215501
0.00169391
0.00160032
0.00235806
0.00170187
0.00103844
0.0035591
0.00219234
0.00110817
0.000143159
0.00139552
0.00633874
0.00129636
0.00142167
0.00208907
0.003902
0.00257263
0.00495343
0.00482292
0.00666743
0.0011135
0.00109354
0.0022426
0.00434896
0.00401832
0.00267987
0.00130689
0.00143747
0.00195126
0.000962622
0.0013992
0.00193112
0.00369957
0.000925149
0.000922963
0.00206482
0.00066898
0.000822583
0.0013063
0.000676339
0.00302053
0.001193
0.000655935
0.00160734
0.000796739
0.00152912
0.00119529
0.000544756
0.000674342
0.0013931
0.0187451
0.0010848
0.00136174
0.000899295
0.00150199
0.0032457
0.000548616
0.00112414
0.00106842
0.000543813
0.00232391
0.00115753
0.0019759
0.00078454
0.00192397
0.00629166
0.00331054
0.002457
0.00149681
0.000142102
0.000984765
0.00226521
0.00138257
0.0038855
0.00348569
0.00121162
0.00191058
0.000808158
0.00114581
0.00155696
0.00161227
0.00171817
0.000368125
0.0142925
0.00349767
0.00375034
0.00150979
0.00352211
0.000354257
0.00205184
0.00127734
0.00672241
0.00150016
0.00159412
0.000592081
0.00235195
0.00133356
0.00364367
0.00676802
0.000831127
0.00219944
0.00221501
0.00127629
0.00418466
0.000164922
0.00110918
0.00129485
0.0035425
0.00207015
0.00155306
0.0021331
0.001953
0.0031592
0.00820198
0.00014461
0.00277221
0.000873654
0.00326549
0.00203337
0.00125067
0.00253721
0.000627301
0.00140061
0.00153536
0.00496735
0.00182616
0.00379716
0.00165735
0.00626233
0.000415522
0.00094655
0.00137541
0.00207761
0.00122922
0.000477075
0.00178381
0.0027809
0.00538059
0.0584107
0.00302102
0.000145276
0.00118071
0.00156323
0.00121524
0.00342991
0.00248915
0.00136515
0.00195063
0.00281422
0.00337319
0.00235778
0.00193488
0.00134621
0.00204446
0.000647146
0.00173776
0.00185552
0.000896575
0.000390882
0.00476105
0.00102745
0.00127221
0.00099491
0.00338295
0.00220401
0.000558508
0.000934428
0.00377186
0.0011745
0.000605853
0.00291326
0.00107123
0.00142304
0.00194385
0.00263177
0.00105015
0.00191625
0.00193146
0.00186778
0.00152774
0.0028146
0.00227728
0.00480574
0.00258307
0.00179874
0.00621832
0.00101083
0.0013374
0.0011368
0.00260305
0.00145968
0.00113728
0.00089983
0.000877559
0.00143454
0.0017891
0.00199872
0.00271555
0.00133122
0.00296775
0.000443468
0.00148221
0.00427836
0.0015286
0.000149356
0.00119457
0.0024994
0.002
0.000460376
0.0017908
0.00453718
0.00625484
0.000863736
0.00044191
0.000582976
0.000787114
0.000741005
0.00764495
0.00044327
0.0030548
0.000628274
0.00186957
0.000709333
0.00117697
0.00249738
0.00105587
0.000411973
0.00110184
0.00147476
0.00158046
0.00455413
0.0026477
0.00285278
0.0016043
0.000882256
0.000732509
0.0015097
0.000886702
0.000505942
0.00245997
0.00137729
0.00154048
0.00174297
0.000944526
0.000699808
0.00335852
0.00227868
0.00228841
0.00214636
0.000459707
0.00240443
0.00619976
0.00113998
0.00195122
0.00105578
0.00772104
0.00147109
0.00118916
0.00617935
0.0143454
0.000227821
0.00149265
0.00122779
0.000808352
0.00183667
0.000782812
0.00113666
0.000472306
0.00612202
0.000556338
0.00146559
0.000142491
0.00188454
0.000924871
0.00120192
0.00117617
0.00299423
0.000492848
0.000379626
0.00169295
0.000608777
0.00181407
0.000778528
0.00117654
0.00376773
0.00183853
0.00214494
0.00556037
0.0011322
0.00114869
0.00250228
0.00279762
0.00171983
0.00141776
0.00051238
0.000919992
0.00177551
0.00198573
0.000665242
0.00201227
0.00226863
0.000789089
0.00195179
0.00250713
0.00236719
0.00187638
0.00070777
0.00145418
0.000649305
0.00128773
0.00168538
0.00127918
0.00127955
0.000219937
0.00101528
0.000511346
0.00323292
0.00074359
0.000723655
0.00336043
0.00569207
0.00122277
0.000557633
0.00882633
0.000664347
0.000689925
0.00520548
0.00248351
0.00243459
0.00190009
0.00046671
0.00202942
0.00102612
0.00308389
0.000342783
0.00141669
0.000281592
0.00163948
0.00139583
0.00151519
0.000993505
0.00063244
0.00126739
0.00143637
0.00307409
0.00366669
0.00272599
0.00108519
0.00212014
0.000969422
0.0049858
0.00442976
0.000955463
0.000335956
0.00181639
0.0199826
0.00108531
0.00178495
0.00182918
0.0007757
0.00214871
0.000490002
0.00163916
0.00300411
0.00168667
0.000830328
0.00147685
0.0102943
0.00130303
0.00122083
0.00306446
0.000767916
0.000141243
0.00580116
0.00105256
0.000775005
0.00174585
0.0235266
0.00843454
0.00222199
0.00234673
0.00115474
0.00135941
0.00054462
0.000836481
0.000730423
0.00261046
0.00142179
0.00106829
0.00158698
0.000875793
0.00142826
0.00308868
0.00158045
0.000147529
0.00205205
0.00129425
0.00117457
0.00224138
0.00213931
0.000562435
0.000546152
0.000141014
0.00291988
0.00205608
0.000815447
0.00199786
0.00110934
0.00147188
0.0103098
0.0023288
0.00310181
0.00108184
0.000664004
0.00357668
0.00065562
0.00242983
0.00355736
0.00198696
0.0177065
0.00281254
0.00110955
0.00289538
0.00262376
0.00126194
0.00355195
0.000687174
0.000141351
0.000145324
0.00202779
0.00215784
0.00124698
0.00100729
0.00218055
0.000460409
0.00168004
0.000796117
0.000150756
0.00213382
0.00212549
0.00393839
0.000904994
0.00175084
0.00395235
0.00282971
0.0013136
0.000511181
0.00904091
0.00173332
0.000666058
0.00148889
0.00439071
0.00140565
0.000477498
0.00524225
0.00223254
0.00366958
0.00117147
0.00123213
0.00539842
0.00104374
0.00160699
0.00124838
0.002347
0.000157617
0.0014616
0.00398066
0.00266769
0.00139692
0.00424663
0.00089262
0.0011403
0.0033626
0.000914198
0.00355427
0.00262134
0.00244272
0.00180875
0.00135051
0.00108571
0.00169344
0.0113005
0.00288707
0.00151896
0.00177279
0.000789841
0.00352335
0.00051409
0.000662917
0.00704178
0.00064842
0.0023051
0.00230431
0.00346977
0.00131774
0.00150105
0.00138718
0.00127386
0.00249048
0.00866947
0.000326524
0.00184373
0.0012427
0.00180438
0.00384897
0.000729111
0.000141979
0.000981433
0.00225325
0.00147698
0.00163082
0.00119115
0.00217233
0.00138481
0.00219791
0.00686221
0.00102263
0.00155301
0.00136312
0.000661982
0.000852893
0.00227102
0.00703502
0.000352352
0.000248123
0.00333191
0.0052858
0.000757923
0.00193919
0.000509069
0.00125507
0.00137589
0.00181949
0.00185638
0.001733
0.00134437
0.00149033
0.00161644
0.000449876
0.00060996
0.00138257
0.00147588
0.00200402
0.00085246
0.000799101
0.000854526
0.00229487
0.00246673
0.00758133
0.00228685
0.00291058
0.00213156
0.00221996
0.00128125
0.00205565
0.00150644
0.0014049
0.000524807
0.000589775
0.00162561
0.00162549
0.00257174
0.00331865
0.00111244
0.000912013
0.000293747
0.00177065
0.00203794
0.000945117
0.00125991
0.00202264
0.000851523
0.000902989
0.00121603
0.000147036
0.00139502
0.00194979
0.00253323
0.000967141
0.0031481
0.000859044
0.00141269
0.0070154
0.00124078
0.000880763
0.00433632
0.00144707
0.00128471
0.00142503
0.000931145
0.00155926
0.00104753
0.00416372
0.000906848
0.00101269
0.000144278
0.000493863
0.0020951
0.0018513
0.000143954
0.00133111
0.00117281
0.00120396
0.00314375
0.000776422
0.00168153
0.00168823
0.000662537
0.0102611
0.00154739
0.00177571
0.000686427
0.000760632
0.00160534
0.0024733
0.00258909
0.00015598
0.000339683
0.00489357
0.00112473
0.00929675
0.004265
0.00281895
0.0016536
0.0010435
0.00104888
0.0124117
0.00220124
0.00109377
0.000220289
0.00324698
0.000530458
0.00585443
0.00572777
0.00292601
0.00169159
0.00150361
0.000965397
0.00132469
0.00302997
0.00320239
0.00106737
0.00297514
0.00394316
0.00268331
0.00134598
0.000481506
0.0016526
0.00102585
0.0021635
0.00065802
0.00136346
0.00150335
0.00176288
0.000323505
0.000921939
0.00247241
0.00152589
0.000723076
0.000262974
0.00137495
0.00247992
0.00119825
0.00273432
0.00131175
0.00372234
0.000935279
0.00133018
0.00367531
0.0012833
0.00050819
0.00221274
0.00185274
0.00220023
0.00100116
0.000631573
0.00553329
0.00119581
0.00126773
0.00160126
0.00120402
0.000354902
0.00041886
0.00692915
0.000490303
0.000905257
0.000447262
0.00136727
0.00203675
0.00016112
0.00122564
0.0020527
0.00309953
0.00152369
0.00211752
0.00346839
0.0013931
0.00136864
0.00197358
0.00037249
0.000749988
0.000592267
0.00193392
0.000147287
0.00190985
0.00225543
0.0015759
0.00429965
0.00187557
0.00363909
0.00060798
0.000516735
0.00105822
0.00103564
0.000355347
0.000470148
0.00149928
0.000466444
0.00161401
0.000908388
0.000333445
0.00964432
0.00119748
0.000831734
0.00599552
0.00248769
0.00254935
0.00108509
0.000552791
0.00148288
0.000772726
0.00133087
0.00142249
0.00138932
0.00179199
0.000754901
0.00588411
0.00314926
0.000933153
0.00158394
0.00395482
0.00070844
0.000932514
0.000510498
0.00190302
0.00193292
0.00170032
0.00074826
0.00326729
0.00104851
0.00186317
0.00659629
0.000643257
0.00257383
0.00180304
0.00284394
0.0022412
0.00241134
0.00163276
0.00132063
0.000999295
0.000765367
0.0011306
0.001464
0.000993729
0.00265896
0.0015062
0.00070332
0.00174814
0.00135701
0.000214346
0.00392349
0.00224768
0.00100868
0.00172497
0.00502018
0.00143104
0.00123907
0.00274391
0.00196846
0.00326851
0.000301434
0.0027661
0.00218966
0.0140356
0.00312319
0.00113715
0.00223628
0.00382348
0.00107184
0.0033964
0.00188634
0.00146056
0.00196746
0.0276289
0.00120327
0.00184388
0.00182921
0.00267179
0.00202897
0.000386215
0.0016144
0.00278962
0.0022114
0.00152152
0.00147595
0.00197378
0.0023002
0.00202218
0.000771065
0.0043314
0.000353348
0.00116
0.000140693
0.00217399
0.00229903
0.00115861
0.00143519
0.000921405
0.00203947
0.00196008
0.00118352
0.00153988
0.000307406
0.00106111
0.000658358
0.0013639
0.0020943
0.00189719
0.00262487
0.0018218
0.00264875
0.00114651
0.000254148
0.000174475
0.000982046
0.000546833
0.00187429
0.0015956
0.0033384
0.00104564
0.00154889
0.00160133
0.00311512
0.00134064
0.000201695
0.00165268
0.00127197
0.00285563
0.00426266
0.00268439
0.000477833
0.000806651
0.00309972
0.000719895
0.00141166
0.00277723
0.00410581
0.0472693
0.00239874
0.0014623
0.00137718
0.0102878
0.00205041
0.0123497
0.000673062
0.00225232
0.0171801
0.00146939
0.000965155
0.000203952
0.00111874
0.000695848
0.00196349
0.000151106
0.00196698
0.000491807
0.00113729
0.00139487
0.000816073
0.00186101
0.000395356
0.000508168
0.00181415
0.000145028
0.00125211
0.00156867
0.000962937
0.00113404
0.00170018
0.00116795
0.00253413
0.00206203
0.00125347
0.00277937
0.00104212
0.000855037
0.00063813
0.000214371
0.000963401
0.0022109
0.00140899
0.000145137
0.00127286
0.0018514
0.00133008
0.000250088
0.0092281
0.00133626
0.000170193
0.000773774
0.000922403
0.00094661
0.00152882
0.000256311
0.00227489
0.00334463
0.00155202
0.00197641
0.00288065
0.000347691
0.00102801
0.00141774
0.0130398
0.0118798
0.00127843
0.015237
0.00309943
0.000880942
0.00106018
0.00166511
0.00131793
0.00143185
0.000819752
0.0033646
0.00124201
0.0022019
0.00169328
0.00114258
0.000392503
0.0027734
0.000870257
0.00138069
0.00248873
0.013804
0.00105728
0.00206906
0.00396006
0.00190076
0.0106085
0.000684188
0.000916413
0.00205063
0.0023262
0.00167498
0.00146737
0.00143675
0.000213022
0.000262018
0.00199392
0.00102406
0.000888327
0.00164349
0.0169828
0.00206714
0.000164669
0.00105567
0.00166793
0.0016792
0.002361
0.0100782
0.000819977
0.00497135
0.00325331
0.00194181
0.000946271
0.000774804
0.00360676
0.0011357
0.00182427
0.0179603
0.00234596
0.000330305
0.00129943
0.00153859
0.00216836
0.00193484
0.00239901
0.00103185
0.000218949
0.00299609
0.00586124
0.00277395
0.00345746
0.0020831
0.000672933
0.00194767
0.000770964
0.00797703
0.00315572
0.00104995
0.00762782
0.0015732
0.000951736
0.000858553
0.00157671
0.00212641
0.00175353
0.000748775
0.00208558
0.00214793
0.00206997
0.000796524
0.00448704
0.00140782
0.00232266
0.000878005
0.000735187
0.00239008
0.0338924
0.000941608
0.000793088
0.00120274
0.00618647
0.000458253
0.00141041
0.00445236
0.000371991
0.00207909
0.00230145
0.00183127
0.000487442
0.00127413
0.00209874
0.0014418
0.000661569
0.000995064
0.000280906
0.000418618
0.000442395
0.00320936
0.00109761
0.000491955
0.00188264
0.00129519
0.00281664
0.00159544
0.000735387
0.000957815
0.00114762
0.00129574
0.000140806
0.00236039
0.00151408
0.00117831
0.00148478
0.00123619
0.00155637
0.000141688
0.00209951
0.00168034
0.00215316
0.00215762
0.00106311
0.0021127
0.00160061
0.00232716
0.00215526
0.00203795
0.00229752
0.00143697
0.00171
0.00161375
0.000396003
0.00175691
0.00125782
0.00151185
0.00174324
0.00116943
0.00136039
0.000424433
0.00195586
0.0035276
0.000875694
0.00099002
0.00355219
0.000493514
0.000886489
0.00196668
0.0011875
0.00861498
0.00229048
0.00184776
0.00820263
0.000912648
0.000755298
0.000145058
0.00194284
0.00317389
0.000929978
0.00138565
0.00083235
0.00152296
0.00116826
0.00165701
0.000510279
0.00140308
0.000197263
0.00148309
0.00120337
0.00106604
0.00797688
0.00136535
0.000427387
0.000782536
0.0016924
0.00103377
0.00161334
0.00169853
0.00342391
0.000618525
0.00249543
0.00197148
0.00380688
0.00239588
0.00795861
0.00147252
0.00254013
0.00148059
0.000814814
0.00207034
0.00366432
0.00195925
0.0156914
0.000645845
0.00140652
0.00199886
0.00210824
0.000885227
0.00288482
0.00179583
0.00103359
0.000215669
0.00100239
0.003621
0.0057214
0.00598444
0.0041035
0.00405186
0.00192279
0.000988408
0.0017188
0.00117168
0.00130401
0.0017821
0.0033657
0.00185814
0.000731732
0.00218976
0.000262653
0.000992582
0.00176719
0.00133133
0.00206072
0.0013269
0.00107164
0.000619849
0.00581292
0.00184564
0.00446088
0.00203095
0.0095761
0.00100713
0.00253601
0.00105388
0.00108569
0.00151456
0.00397514
0.00124684
0.000935503
0.00020631
0.00300678
0.00157732
0.0025237
0.00423193
0.00152379
0.00129633
0.000688878
0.00514043
0.00136518
0.00247043
0.00459626
0.00280845
0.00117907
0.00117122
0.00649306
0.00080845
0.000559552
0.000476469
0.000630145
0.00500638
0.00168011
0.000393661
0.00381802
0.000511074
0.001251
0.00359781
0.00311587
0.000804203
0.0017094
0.00338459
0.0046953
0.000935977
0.00890379
0.000709891
0.00698652
0.00205904
0.0016183
0.00242347
0.000747443
0.00082271
0.00118558
0.00111045
0.00148825
0.00213477
0.00123235
0.00330914
0.00324204
0.000618057
0.00113579
0.00105931
0.002045
0.0024666
0.000615196
0.00156748
0.0028359
0.00139227
0.00078355
0.00175246
0.00134861
0.000871419
0.00290223
0.0028046
0.00124891
0.0026344
0.00186075
0.000818357
0.00335735
0.00161674
0.00932516
0.00192372
0.00210709
0.00198004
0.000322323
0.00123935
0.000594704
0.000687206
0.00124888
0.00296715
0.000419512
0.000839981
0.00234121
0.00211451
0.000776588
0.000920121
0.00245339
0.000178739
0.00137774
0.000873971
0.00185653
0.00150779
0.000428828
0.00153013
0.00296826
0.000596412
0.00160351
0.00141689
0.00272516
0.00149426
0.00108171
0.000145444
0.00229996
0.00194316
0.000497826
0.000562173
0.00275384
0.00209975
0.00402337
0.00189465
0.00247458
0.00079388
0.00991019
0.000494389
0.00108017
0.00847063
0.00156536
0.000639989
0.000146329
0.000860609
0.000615153
0.00209437
0.00102631
0.00579831
0.00131719
0.00700496
0.000827186
0.00370452
0.00319457
0.0011963
0.00116966
0.00554954
0.00195977
0.00305579
0.00205084
0.0015438
0.000669418
0.0013347
0.00136315
0.00145687
0.00158742
0.00233169
0.00284306
0.00114467
0.00446542
0.0035646
0.000485198
0.00055199
0.00167723
0.000775379
0.00134913
0.00108992
0.00257159
0.00502315
0.000708167
0.00106096
0.00229895
0.00189152
0.00231291
0.000605625
0.00296025
0.00127984
0.00280233
0.00133871
0.00250393
0.000884388
0.00215937
0.00193161
0.00142965
0.00172233
0.00168857
0.000141805
0.00155361
0.00135116
0.00135657
0.00433459
0.00251453
0.0117751
0.00978318
0.00261002
0.00285444
0.000811191
0.000774442
0.00208642
0.00112224
0.00243534
0.00247702
0.0029184
0.0012746
0.00164618
0.00210847
0.00135683
0.000897256
0.00106705
0.000715355
0.000650903
0.00116818
0.000888194
0.0010602
0.0015655
0.00522919
0.00195222
0.00564235
0.0054144
0.00400326
0.0275622
0.00227695
0.00143534
0.00162835
0.0160068
0.0025455
0.00150217
0.00154264
0.00205316
0.00177624
0.00107002
0.000962057
0.00328112
0.000142121
0.00128137
0.00129598
0.00160543
0.00151382
0.00167107
0.0142826
0.00119618
0.000790138
0.00330849
0.000206869
0.00302352
0.00152716
0.00151909
0.00176609
0.00156856
0.00267008
0.00391471
0.00316162
0.00304854
0.000885778
0.00431921
0.000663576
0.00106812
0.00187769
0.001552
0.000985766
0.00144254
0.000452709
0.000654179
0.00962058
0.000449343
0.00151795
0.00476082
0.00068982
0.00113054
0.00249819
0.00208148
0.00126292
0.00199877
0.0013033
0.000956849
0.000428354
0.00148052
0.000318986
0.0162348
0.00032155
0.000890049
0.00139133
0.0011822
0.00110954
0.00110454
0.000875051
0.00130224
0.000144588
0.000618199
0.000148439
0.00164785
0.00115369
0.00136671
0.00125943
0.00195777
0.000528246
0.00216856
0.00767116
0.00128647
0.00163763
0.00322977
0.00141848
0.00138046
0.000442752
0.00173872
0.00140833
0.00150267
0.00075054
0.00622124
0.00244212
0.00144465
0.000779364
0.0013966
0.0015586
0.000870923
0.00159756
0.00148979
0.00200915
0.000504552
0.0017847
0.00329766
0.00135586
0.00113445
0.00159288
0.00121979
0.012786
0.000601811
0.000380002
0.00137688
0.00166368
0.00232023
0.00255378
0.000292728
0.00249779
0.00353674
0.0018832
0.00127857
0.00151127
0.00355208
0.00106068
0.00261937
0.00177873
0.00194745
0.00477717
0.00407767
0.000668875
0.0014971
0.00127715
0.000489397
0.00167675
0.000596375
0.00261141
0.00328579
0.00191248
0.00175697
0.00200612
0.00242249
0.00153265
0.00178412
0.00171535
0.00122671
0.00149527
0.00160853
0.00153008
0.000613954
0.00167344
0.00175328
0.00294679
0.00130786
0.00180247
0.00217586
0.00260769
0.00101123
0.00248225
0.00100356
0.00181112
0.000902556
0.0011441
0.00105138
0.0028264
0.00345557
0.00421875
0.000862505
0.00220673
0.0010698
0.00247526
0.000957527
0.00165957
0.000867522
0.000563652
0.000432657
0.00100453
0.00279049
0.00212123
0.00182142
0.001293
0.0011435
0.00118149
0.00196209
0.00299923
0.00169605
0.00501031
0.000929498
0.00327713
0.000404615
0.000876382
0.00327568
0.00042125
0.00464698
0.00113019
0.00613754
0.000439518
0.00220539
0.00112317
0.00103349
0.0012389
0.00133176
0.000152549
0.000453722
0.00125528
0.000849826
0.00639379
0.00113338
0.00056365
0.00131348
0.000958577
0.00162162
0.00254491
0.00259056
0.00156398
0.00411
0.000863184
0.0114978
0.00101815
0.0010971
0.0023087
0.00123661
0.00134216
0.00109468
0.000264005
0.000610189
0.000962205
0.00123358
0.000713146
0.00139475
0.00157454
0.00137824
0.00203855
0.000259068
0.000977787
0.00181809
0.00277112
0.00249527
0.00141011
0.00452447
0.00148835
0.00112841
0.0204716
0.0018337
0.00334505
0.00292766
0.00199443
0.00291322
0.000580507
0.00054485
0.00134991
0.000740649
0.00257126
0.00140295
0.00355511
0.0018453
0.00161904
0.00267256
0.00296338
0.00531437
0.0237834
0.00185423
0.00307503
0.00105951
0.00552198
0.000342473
0.00163623
0.00110726
0.00266239
0.003522
0.00174978
0.0236246
0.00221558
0.000819373
0.000658666
0.000989263
0.00395444
0.00187327
0.0018204
0.000363786
0.00067429
0.0120714
0.00163318
0.00319696
0.00102887
0.000967547
0.000244334
0.00288596
0.00175158
0.000764388
0.00201696
0.00119037
0.0020774
0.00141073
0.00073048
0.00101854
0.000141976
0.00106917
0.00423739
0.000143691
0.00177514
0.00431247
0.000973725
0.00106773
0.00566304
0.00498301
0.00102964
0.000760666
0.000856867
0.000643216
0.00120932
0.00121489
0.00106361
0.000145862
0.000686208
0.00120167
0.0027591
0.00173843
0.000449505
0.00145945
0.00108619
0.0119719
0.00329024
0.000775621
0.00902015
0.000948519
0.00146685
0.00107204
0.00175539
0.00301376
0.00466883
0.00371409
0.000747568
0.000376761
0.00108407
0.0015786
0.00195748
0.00301985
0.00366422
0.00248302
0.00416359
0.00225315
0.000509606
0.00147426
0.00201874
0.000704851
0.000545033
0.0015403
0.00372712
0.00826632
0.00234308
0.00249751
0.00681202
0.00900063
0.000858073
0.000563323
0.00262861
0.00247487
0.00144888
0.00326297
0.00246805
0.000775654
0.0028915
0.00395133
0.0040814
0.0121954
0.0160679
0.00150597
0.00186412
0.00382236
0.000978842
0.0022146
0.00134857
0.00133377
0.00119965
0.00148898
0.00481098
0.000185231
0.00109239
0.00197967
0.00256217
0.000819118
0.00440562
0.000931896
0.00229193
0.000594322
0.00179837
0.000752376
0.00091978
0.00133289
0.00829383
0.0015659
0.00148917
0.00158748
0.000686452
0.00760079
0.000213225
0.00176321
0.00269887
0.00143391
0.00337199
0.00125522
0.00359029
0.00207893
0.00160353
0.000799252
0.00168
0.00275611
0.00166274
0.00215068
0.000699358
0.00107949
0.00135019
0.010424
0.00108387
0.00143156
0.00135101
0.00300448
0.000340466
0.00167824
0.0023979
0.0029792
0.00134858
0.00539774
0.00116046
0.000639984
0.000518137
0.0202445
0.00303333
0.00129353
0.00416805
0.00143688
0.00306363
0.00207679
0.00122716
0.00149218
0.00134731
0.00432429
0.00152783
0.00127212
0.000187422
0.00124181
0.00180978
0.00162369
0.00247851
0.00172104
0.00309786
0.00182331
0.0011147
0.011115
0.00116589
0.00143897
0.00165661
0.00135965
0.0013278
0.000968902
0.00290728
0.00108119
0.00121628
0.000507062
0.0183829
0.00014762
0.00139296
0.00120716
0.000844025
0.00114043
0.00222352
0.00316466
0.00148811
0.0034715
0.000140789
0.00095467
0.00079678
0.00022985
0.00046409
0.00243615
0.00544231
0.000943338
0.0030835
0.000984299
0.000871581
0.00112946
0.00148452
0.000308124
0.000653564
0.000960238
0.00125899
0.00177705
0.00165674
0.00117561
0.000811908
0.00179706
0.000872445
0.00177357
0.00179099
0.00300853
0.00080498
0.000140848
0.00225363
0.000154154
0.000144558
0.00200209
0.00147131
0.000798473
0.000317176
0.00294007
0.00116826
0.00341275
0.00124856
0.000141999
0.000439456
0.00105854
0.00196533
0.0010804
0.0027886
0.000168102
0.000627058
0.000669609
0.00189627
0.00175032
0.000231837
0.000784459
0.00161469
0.00149525
0.00406693
0.00394522
0.00413932
0.000141418
0.00163123
0.000801458
0.00149091
0.00106311
0.000408184
0.000466586
0.000945275
0.00110265
0.0034636
0.00869855
0.000536745
0.00144778
0.00148247
0.000199796
0.00127777
0.000859954
0.00640336
0.00118323
0.00141806
0.00236025
0.00169842
0.00232643
0.00120966
0.00189655
0.00922586
0.000154401
0.0012296
0.00124225
0.00366381
0.00111732
0.000496865
0.0025429
0.00294318
0.00184646
0.00104693
0.00327136
0.000496187
0.00164801
0.00526925
0.000841243
0.00339817
0.000508749
0.000878521
0.00108431
0.000934153
0.00269749
0.00110867
0.00178808
0.00089874
0.000681469
0.00302906
0.00220585
0.0030955
0.0337518
0.00299219
0.0028308
0.000326943
0.000672172
0.00244583
0.0128082
0.00134302
0.00350571
0.0010039
0.00110917
0.000674585
0.00322
0.00073656
0.00155364
0.00210572
0.000949258
0.00465246
0.00235001
0.000141514
0.00214851
0.00490856
0.00164819
0.00139557
0.00238599
0.00370632
0.00153691
0.00236625
0.000387589
0.00175706
0.00103371
0.00053973
0.0276133
0.00117494
0.00163949
0.00292854
0.00178824
0.0072143
0.0046847
0.0011972
0.000981435
0.00510467
0.000953621
0.00161854
0.00108828
0.00190008
0.0189726
0.000327422
0.00212173
0.000738275
0.00166764
0.000915512
0.00168138
0.00116205
0.00118335
0.00211248
0.00139626
0.00210965
0.00246793
0.00129399
0.00109619
0.00170352
0.00105401
0.000253631
0.000457085
0.00162533
0.00255089
0.00177905
0.00882369
0.00515006
0.00262882
0.000895848
0.000583315
0.0012324
0.00161375
0.000378063
0.00188093
0.00141132
0.0013124
0.00188493
0.000908477
0.00213173
0.0019538
0.00585337
0.000468578
0.00164773
0.0017577
0.0134668
0.00227752
0.00118529
0.00121009
0.000834322
0.00268256
0.00102612
0.00229953
0.00353734
0.012345
0.015718
0.00176287
0.00152415
0.00028901
0.00659536
0.000507026
0.0212149
0.00157136
0.00110337
0.000142346
0.000981126
0.00233259
0.00207285
0.00163275
0.00112873
0.00349179
0.00166454
0.00104179
0.00284385
0.00362223
0.00376176
0.00090502
0.00131354
0.00125888
0.00200735
0.00107922
0.00157562
0.0018646
0.00184391
0.00147227
0.0013256
0.00145483
0.00245921
0.0022157
0.0029271
0.000406081
0.0031985
0.00162803
0.000768881
0.00170669
0.000550515
0.000735098
0.00366309
0.0017047
0.00334368
0.00313384
0.000899969
0.00234962
0.00116101
0.00144267
0.00282396
0.00227846
0.0007065
0.00307497
0.000901922
0.00216332
0.000634041
0.00340461
0.0016199
0.00111507
0.0031879
0.00119667
0.000918867
0.00623275
0.00294852
0.000632626
0.00149745
0.00290678
0.00107814
0.00015624
0.00106446
0.00196828
0.00143927
0.000576534
0.0012847
0.00289389
0.00361192
0.000927899
0.00112841
0.0013563
0.00188667
0.00221093
0.00113922
0.00133935
0.00332822
0.0035764
