0.0250162
0.0463717
0.0214931
0.0303427
0.135661
0.0749753
0.0478724
0.0251894
0.00280746
0.0352961
0.012583
0.0501032
0.00226207
0.0590148
0.00698311
0.0441988
0.017661
0.0703141
0.0364081
0.0554874
0.159609
0.0250186
0.034772
0.00278226
0.0167051
0.0235032
0.0149527
0.00102373
0.118527
0.0512622
0.0189921
0.0195644
0.0880166
0.0476552
0.0399635
0.0120419
0.0301571
0.0902834
0.00498775
0.0258509
0.0135213
0.0175703
0.0200783
0.0403784
0.00158406
0.00135956
0.00290681
0.0588526
0.0214753
0.162956
0.129561
0.0449251
0.0624608
0.0778187
0.0652079
0.0113408
0.0222273
0.060424
0.0170553
0.0183022
0.0167394
0.0155031
0.0193761
0.104132
0.0659746
0.0275781
0.0978262
0.050239
0.0597557
0.0177853
0.0165437
0.043196
0.0459902
0.0452669
0.00237447
0.078062
0.148433
0.0336901
0.0575267
0.0205071
0.0325345
0.0542674
0.0231037
0.0424143
0.156088
0.0556722
0.0229662
0.0315427
0.0200173
0.0753228
0.0397774
0.112247
0.0871381
0.0246398
0.0202302
0.116904
0.0567486
0.0621195
0.0734642
0.076104
0.0395074
0.0978624
0.0202666
0.140376
0.0265987
0.0261988
0.00553552
0.0294414
0.0559668
0.00243427
0.0341515
0.0798054
0.118051
0.0869974
0.0355103
0.0314608
0.00912206
0.0305967
0.0505954
0.032458
0.0428434
0.0061264
0.0514595
0.084867
0.0340337
0.0852258
0.0239724
0.0314659
0.0474984
0.0642041
0.0365245
0.0135538
0.150609
0.00634353
0.130412
0.0296003
0.0816432
0.0486847
0.00475337
0.033078
0.0048244
0.102197
0.0208387
0.00887332
0.00335304
0.0202213
0.0348038
0.0246069
0.0298016
0.00818745
0.0163943
0.0798616
0.0302681
0.00918474
0.0580512
0.00852239
0.0904152
0.013549
0.0355587
0.0491282
0.0109124
0.0157933
0.0807744
0.0014038
0.161948
0.00244757
0.117149
0.0234774
0.0346711
0.0183559
0.0245443
0.0155612
0.00805413
0.0643704
0.07909
0.0158757
0.0232945
0.0143108
0.0489474
0.0129595
0.0813833
0.0478269
0.133332
0.0313924
0.0490352
0.0142437
0.0357586
0.00965475
0.00331626
0.0538703
0.078024
0.0291339
0.00767081
0.0651793
0.0387326
0.00323476
0.0189025
0.0621562
0.047308
0.0623696
0.0625834
0.0647093
0.0189443
0.00521027
0.0174875
0.00197898
0.0031608
0.0452298
0.0392029
0.0291186
0.0166019
0.037617
0.137518
0.0149526
0.0322102
0.0184181
0.0794093
0.0581918
0.0166582
0.0323843
0.0510357
0.00879048
0.0457799
0.0962122
0.129197
0.015541
0.0143749
0.0670406
0.0931736
0.0967704
0.0256087
0.0416524
0.0419481
0.00934106
0.04993
0.0185936
0.0799955
0.120025
0.103255
0.0392715
0.0102463
0.112966
0.0238148
0.0194209
0.022671
0.0175494
0.039491
0.034165
0.0455152
0.0265284
0.0252735
0.0239459
0.0183196
0.018216
0.0350327
0.0508945
0.020372
0.0105151
0.0417782
0.129055
0.0282458
0.0118955
0.0736291
0.0185165
0.00102967
0.00296745
0.00550728
0.0274487
0.0449975
0.0470955
0.0184877
0.0030432
0.142446
0.0147637
0.0108196
0.00749755
0.0422235
0.0844868
0.0749214
0.0732852
0.0072761
0.00129472
0.0467991
0.0884335
0.0482514
0.0216449
0.040557
0.0130518
0.000976628
0.0406214
0.033267
0.203146
0.215409
0.0964495
0.0635406
0.02746
0.0708579
0.0243531
0.0317148
0.0297709
0.169867
0.00240609
0.0503187
0.0305012
0.0417966
0.136194
0.0181831
0.0549055
0.0662997
0.0144178
0.0278457
0.0281893
0.0416003
0.040431
0.0824273
0.0394641
0.0446052
0.00824553
0.224086
0.0532566
0.0359936
0.0114075
0.0576092
0.0269009
0.0341556
0.0796224
0.0460949
0.0232066
0.0105488
0.00230184
0.0320635
0.0215151
0.00590348
0.00859529
0.0356798
0.0217405
0.0010643
0.0353579
0.00132498
0.0717671
0.0187693
0.0167015
0.0193842
0.0518378
0.0112885
0.0480507
0.0602235
0.00822216
0.0191859
0.0281742
0.111263
0.136038
0.0219966
0.00113523
0.0238946
0.0171039
0.0373131
0.0270895
0.0217421
0.0440414
0.0435547
0.00151668
0.0640519
0.00608589
0.0455958
0.142258
0.00712421
0.00628016
0.00529541
0.0367807
0.0049405
0.0262516
0.0255736
0.0106874
0.1047
0.0501667
0.0144357
0.000636429
0.00836796
0.0347847
0.00593444
0.0472883
0.00985665
0.153866
0.0393677
0.0279402
0.0541964
0.0196469
0.0108141
0.0225814
0.0575744
0.0496319
0.0355685
0.03943
0.0208879
0.0381051
0.094127
0.0327277
0.00680382
0.058792
0.016081
0.0481764
0.0380518
0.0284241
0.0715312
0.0552773
0.0106066
0.00112686
0.039719
0.00175411
0.0444378
0.101909
0.0987806
0.0675272
0.0337628
0.180242
0.0703904
0.0391909
0.0420272
0.0139852
0.0452938
0.030667
0.0692657
0.0733992
0.00794498
0.0472717
0.0626465
0.00283648
0.0373115
0.168796
0.0341426
0.0264981
0.0337595
0.0867235
0.00287572
0.0134036
0.0600355
0.00749813
0.0246256
0.0208244
0.0500539
0.0767977
0.0290604
0.050837
0.0208523
0.0309774
0.0521952
0.0172165
0.0865973
0.167198
0.0819223
0.00199012
0.00247207
0.0285175
0.0798826
0.0279287
0.111226
0.0070633
0.00946464
0.0848345
0.0251075
0.0220164
0.0481964
0.0465097
0.0316424
0.0240486
0.0253285
0.0148941
0.245857
0.0538914
0.0354316
0.00223236
0.0172021
0.0381494
0.00277908
0.0132391
0.0336914
0.0142173
0.149418
0.0168788
0.0661509
0.113574
0.0547706
0.0606945
0.0335616
0.0470028
0.100287
0.00047197
0.00371617
0.0308143
0.0293815
0.00228033
0.0234645
0.0462248
0.041911
0.0408306
0.00940989
0.0511071
0.0675273
0.061333
0.0515221
0.0110392
0.0257849
0.15029
0.106546
0.0137928
0.0360302
0.0172383
0.00760123
0.0287543
0.0358697
0.0908932
0.0276176
0.0672076
0.0464187
0.00928354
0.0353521
0.0769866
0.001287
0.00282641
0.211462
0.0332572
0.0274654
0.0321887
0.103623
0.049776
0.00113809
0.0345507
0.0135992
0.0193264
0.0283991
0.0141283
0.0166183
0.0308014
0.0456016
0.0436501
0.0314306
0.0253671
0.046403
0.139462
0.0320795
0.0903448
0.0161587
0.021488
0.0608044
0.0449465
0.0283777
0.0396903
0.00919328
0.0556742
0.0386543
0.0435623
0.0389098
0.0678142
0.0542719
0.0148311
0.0182236
0.123851
0.0825202
0.0390209
0.0639499
0.00912001
0.0118875
0.0132624
0.0054522
0.0202129
0.0722586
0.0790522
0.076402
0.234144
0.0264873
0.00869549
0.0423071
0.0346475
0.0160321
0.0460204
0.00272575
0.0604671
0.0217618
0.0580932
0.0328544
0.0783052
0.0360023
0.0289392
0.00318918
0.00762004
0.0372958
0.0296922
0.018928
0.0198621
0.0043985
0.075782
0.141923
0.0383089
0.00262059
0.0469968
0.00948762
0.0564193
0.0302497
0.0794501
0.0208696
0.0406558
0.0751855
0.0268053
0.0302047
0.0343557
0.115021
0.000851534
0.0262566
0.106396
0.0321845
0.0752801
0.0119333
0.0374494
0.0681054
0.0568969
0.0151055
0.070608
0.11785
0.0247599
0.0316009
0.0298057
0.01393
0.0172939
0.0474233
0.0310039
0.015801
0.137744
0.0399301
0.0483381
0.0750967
0.107296
0.0714182
0.0288732
0.0118765
0.0766319
0.0216447
0.00224878
0.0181634
0.0544722
0.0309875
0.0316137
0.0145988
0.0367787
0.0423749
0.0127786
0.0498545
0.0169122
0.0643279
0.100286
0.00258922
0.039459
0.00597129
0.0091285
0.0137535
0.0181082
0.0932159
0.0261187
0.0895666
0.0277972
0.0995873
0.00331644
0.0642572
0.0156651
0.0583008
0.0441298
0.0244832
0.11298
0.0303226
0.0663507
0.0278581
0.0295514
0.0786488
0.0383963
0.00952894
0.0283777
0.0334537
0.0247258
0.0318088
0.00232845
0.033225
0.042033
0.0556358
0.00947157
0.0163249
0.0405149
0.11423
0.0505572
0.131602
0.0602294
0.0157624
0.0759634
0.0796101
0.0388714
0.0248337
0.0387282
0.0686279
0.02542
0.0522209
0.0460101
0.0273901
0.00447825
0.0108999
0.0400236
0.0790994
0.000969561
0.0192243
0.0473895
0.0160549
0.00205521
0.00128604
0.0303377
0.1198
0.0391597
0.105397
0.0500284
0.0487871
0.0589687
0.0426281
0.0587532
0.0237998
0.068028
0.014124
0.0374118
0.0243724
0.0207805
0.0728277
0.00124851
0.0408881
0.027922
0.031555
0.135588
0.187319
0.121104
0.0277335
0.122041
0.0253225
0.0358097
0.0918824
0.0264475
0.0280573
0.088435
0.0559053
0.0145094
0.0811864
0.0242828
0.034953
0.0264369
0.060451
0.0162719
0.000988358
0.0728037
0.0361721
0.0139018
0.0847125
0.0144299
0.0353146
0.00191716
0.12485
0.0437978
0.00265341
0.00157121
0.0215344
0.0872824
0.0455996
0.0261314
0.0206222
0.0325116
0.0159912
0.022
0.0221627
0.0172713
0.0179342
0.0277011
0.0329344
0.056527
0.0260963
0.0010766
0.0258213
0.0303128
0.102478
0.127496
0.0344393
0.0149675
0.0193659
0.0392328
0.0459759
0.0439999
0.161914
0.0271835
0.0584309
0.0458861
0.00818386
0.118093
0.0414996
0.00984758
0.0255884
0.0355667
0.0271065
0.0261832
0.126634
0.0535586
0.0251876
0.071389
0.0492816
0.0509575
0.0693688
0.0373314
0.0376213
0.0903863
0.0286622
0.0178032
0.0587778
0.0157076
0.025145
0.0309881
0.0407157
0.0213296
0.0443281
0.0824281
0.0134658
0.00849172
0.0487963
0.0621248
0.00149289
0.0499095
0.0422244
0.0948424
0.0346839
0.0497028
0.0374774
0.0167883
0.113154
0.00135249
0.0587513
0.0392983
0.0127511
0.0236872
0.0218904
0.0631989
0.0413743
0.070914
0.0312914
0.00877715
0.0333642
0.0215808
0.0415436
0.0160521
0.0151346
0.0209375
0.0099819
0.0264388
0.0832942
0.0189563
0.0392031
0.0301747
0.019129
0.0189289
0.00146516
0.0472488
0.0754944
0.00343771
0.0139571
0.00418409
0.0308106
0.0456365
0.0318972
0.0377911
0.0499656
0.0234465
0.025336
0.00191184
0.0612437
0.00592141
0.0628705
0.160818
0.00982327
0.0192649
0.174103
0.0083198
0.0327399
0.0645518
0.0505839
0.0246068
0.0203064
0.053139
0.103149
0.0235164
0.0856769
0.0327913
0.0433763
0.119008
0.017045
0.00261769
0.00956234
0.189368
0.0126402
0.0196616
0.0248927
0.0181584
0.0495413
0.00667897
0.0185208
0.217125
0.0762526
0.0288571
0.013201
0.0626045
0.0176927
0.00304898
0.0947533
0.0665621
0.0419234
0.0804506
0.0364692
0.075214
0.0819835
0.0546379
0.0662733
0.0435771
0.0427708
0.0297883
0.0533813
0.0404765
0.0178251
0.0636676
0.0222077
0.0156329
0.0382251
0.0395284
0.0318344
0.0990999
0.0238346
0.0890605
0.00558724
0.00139045
0.0162672
0.0233392
0.0318641
0.0567432
0.0395359
0.077537
0.112807
0.0215071
0.0889794
0.0155358
0.0405954
0.0327751
0.0335671
0.0572339
0.0319263
0.0455282
0.0464437
0.00217633
0.0653704
0.0352449
0.0109412
0.0521482
0.00488909
0.0328168
0.119037
0.0339943
0.146398
0.00250263
0.068527
0.011904
0.096387
0.0559832
0.042224
0.0169265
0.0406765
0.046376
0.0212916
0.0172251
0.0122841
0.0234302
0.0216772
0.0515616
0.0202729
0.0279823
0.0617398
0.0543985
0.00296307
0.0205737
0.102834
0.0430487
0.174754
0.0515643
0.0637365
0.0682443
0.0338677
0.0756766
0.00981682
0.00269214
0.000874189
0.0815223
0.0169845
0.0446192
0.167433
0.0297728
0.0742077
0.0184164
0.0879947
0.0490919
0.0205052
0.0245374
0.0319586
0.0161794
0.0503226
0.135679
0.0588266
0.125017
0.0268751
0.00754783
0.0456913
0.166627
0.058273
0.0524714
0.0438157
0.173938
0.105713
0.0367169
0.0315553
0.0430489
0.00956362
0.0238444
0.0248024
0.132621
0.0227646
0.049115
0.0289842
0.0472601
0.119829
0.030491
0.0278132
0.0535887
0.00986597
0.0449345
0.103154
0.0306343
0.018565
0.0486377
0.0226255
0.012284
0.0328079
0.0106821
0.0233735
0.0463895
0.026122
0.051563
0.00282714
0.0542302
0.0314169
0.0366254
0.0519443
0.0372654
0.00510378
0.00419948
0.163297
0.0184939
0.0445831
0.0270322
0.0549844
0.0481373
0.12814
0.01281
0.0693905
0.0238004
0.00366949
0.0903171
0.0275236
0.0235519
0.0980437
0.031402
0.0163614
0.0271404
0.0926434
0.0240254
0.0345598
0.145712
0.0268235
0.100296
0.103348
0.0637516
0.0664646
0.058285
0.00271703
0.039778
0.00152116
0.0320165
0.0396999
0.00869401
0.0279976
0.00782641
0.00115157
0.00862847
0.0188974
0.0135954
0.0413564
0.0400386
0.0307631
0.0297209
0.00340193
0.0179813
0.0974885
0.0479335
0.0725721
0.0425889
0.0322681
0.0297511
0.0116736
0.0460013
0.134398
0.0394834
0.0702903
0.000634873
0.0324109
0.0951693
0.0113085
0.0503189
0.142153
0.0422847
0.0142916
0.143909
0.121659
0.0303819
0.00144667
0.0195576
0.0547627
0.0577965
0.027608
0.134707
0.0164731
0.0271307
0.0937905
0.109275
0.00220562
0.0995657
0.0157966
0.0779586
0.091353
0.0333535
0.0306328
0.00335019
0.0280704
0.0536869
0.0218625
0.0610733
0.028715
0.0017635
0.0540471
0.00303488
0.0374842
0.10258
0.00314932
0.0247044
0.0369522
0.0195974
0.106382
0.0322764
0.167063
0.0463234
0.0596776
0.160465
0.0382637
