0.00147919
0.000144637
0.00111454
0.00177376
0.00121803
0.000147263
0.00145208
0.00111972
0.00100903
0.00160945
0.000321259
0.00110447
0.00217355
0.00179578
0.000765771
0.000680464
0.00129022
0.000715047
0.000696548
0.000960943
0.00340057
0.0004991
0.00100087
0.00050563
0.00234154
0.00118812
0.000741211
0.000748945
0.00135358
0.00068733
0.00156131
0.000893329
0.000905134
0.000280874
0.000829458
0.00151066
0.00186882
0.00120171
0.00118946
0.000401226
0.000548874
0.00126112
0.00144408
0.00118169
0.00175116
0.00100183
0.000881401
0.000961537
0.0009537
0.000320909
0.000243127
0.00131262
0.00224906
0.000906826
0.00123403
0.000719166
0.00107344
0.00191292
0.000651151
0.000972125
0.00118142
0.00107771
0.00105629
0.00108831
0.0015498
0.000325053
0.00111064
0.000801154
0.000936992
0.00119968
0.000524469
0.00130657
0.0011659
0.00130253
0.000942818
0.000731929
0.00103608
0.000681713
0.0012792
0.000920451
0.00170921
0.0027914
0.00154333
0.00109964
0.00164003
0.000398513
0.0028116
0.00103755
0.00104217
0.00099337
0.00279229
0.000648743
0.000828737
0.00236978
0.000908394
0.00133291
0.00192528
0.000156062
0.00123498
0.00103892
0.000418998
0.000141113
0.00161241
0.00292262
0.000783383
0.00111946
0.000636021
0.00154421
0.00187774
0.00114106
0.000971812
0.000878645
0.00109296
0.00258461
0.000923534
0.000144455
0.000978222
0.000967596
0.001475
0.000496584
0.00253402
0.00129264
0.00201111
0.00175763
0.000143913
0.00107431
0.000453229
0.000658427
0.000712197
0.000916615
0.001026
0.00015081
0.000982684
0.0006106
0.000392604
0.00181896
0.000297689
0.000326464
0.00131447
0.00138921
0.0015289
0.00141662
0.000955976
0.000145116
0.000942895
0.000142647
0.00197536
0.000628214
0.00162253
0.000540342
0.00135757
0.00137904
0.000884236
0.000815282
0.000992746
0.00111684
0.00116414
0.00109089
0.0016315
0.00082553
0.0010087
0.00106647
0.00164766
0.00115122
0.00230894
0.000983615
0.000715696
0.000789089
0.00137982
0.00102521
0.00120623
0.000821875
0.000673407
0.000146898
0.000791663
0.000249989
0.000984226
0.00343199
0.00228791
0.0026453
0.00227031
0.0022104
0.00120074
0.00110584
0.000871911
0.00155342
0.0023504
0.00032705
0.00184885
0.00109647
0.000976667
0.000819915
0.000925136
0.000821081
0.000599133
0.00289508
0.001327
0.000844367
0.00318592
0.000572828
0.00100007
0.00184936
0.000454355
0.00183502
0.00169389
0.000631607
0.000581667
0.000764141
0.000983681
0.000917071
0.00155155
0.000381569
0.000855116
0.00189971
0.003034
0.00110382
0.000205901
0.00247975
0.000750008
0.000922164
0.000843242
0.00163323
0.000547792
0.000902091
0.000584062
0.000153854
0.000598837
0.000721588
0.000746332
0.000912229
0.00106554
0.0014429
0.000874209
0.000452559
0.00113422
0.000491779
0.00183056
0.00399547
0.00125158
0.000926333
0.000842274
0.00117337
0.00140015
0.00083055
0.00109759
0.00102767
0.000362424
0.000523268
0.000778003
0.00143239
0.000667244
0.000852284
0.00142093
0.00282825
0.00189845
0.00132894
0.000555818
0.000185562
0.00150826
0.00125463
0.000784768
0.00160823
0.0016474
0.000920384
0.00127216
0.00128816
0.000685851
0.00251525
0.000732085
0.000364277
0.001577
0.000784841
0.000666912
0.00117954
0.00081279
0.000151371
0.00155152
0.00165037
0.000932164
0.000641767
0.00149063
0.000639018
0.0012791
0.000523036
0.00104645
0.000702539
0.00123392
0.000687049
0.00300996
0.000503768
0.000411934
0.000971204
0.000945055
0.000644201
0.00217392
0.00108878
0.00117826
0.00145852
0.00107295
0.00158762
0.00105271
0.000148382
0.00170467
0.000243243
0.00148455
0.00114589
0.00148216
0.00104591
0.000990133
0.000452424
0.00137442
0.00133224
0.00125398
0.00196872
0.00113064
0.00114413
0.00124316
0.00115198
0.000586871
0.000426911
0.000669465
0.00061553
0.00122313
0.000845014
0.000867075
0.00049009
0.000592856
0.000424515
0.00145209
0.000891744
0.000590196
0.00101119
0.00134977
0.00186504
0.00109552
0.00122174
0.000511061
0.00122145
0.000923988
0.000913398
0.00115389
0.00135252
0.000365934
0.000897932
0.00146686
0.00111748
0.000578713
0.000184839
0.00100263
0.00090307
0.00272579
0.00187182
0.00128017
0.000779779
0.00107498
0.000611002
0.00100416
0.00132954
0.00131352
0.000145831
0.00360083
0.00108323
0.00142186
0.00126997
0.000142542
0.000805488
0.000614662
0.000149329
0.00110541
0.00142249
0.000317762
0.000202799
0.0015886
0.00562469
0.0013
0.00187185
0.0011042
0.00175993
0.00106872
0.00238201
0.00077801
0.00113879
0.000151915
0.000493585
0.000354582
0.00268242
0.00176449
0.000925785
0.00205997
0.000421686
0.00340927
0.000786528
0.00126027
0.000726895
0.0011814
0.000581476
0.00124004
0.00205154
0.00094893
0.00294433
0.000154608
0.000652481
0.00116724
0.0002976
0.0011138
0.00203391
0.00116409
0.000425509
0.00131041
0.00054454
0.000764555
0.00150539
0.000812362
0.00161958
0.000693224
0.00125839
0.00115539
0.00211801
0.00128183
0.000580162
0.000895253
0.000450812
0.00161519
0.000870945
0.00121958
0.000264753
0.00240849
0.00123609
0.000459381
0.00174486
0.000967671
0.00116214
0.00138612
0.00165472
0.000763895
0.00111495
0.00122007
0.00030626
0.00061228
0.00191855
0.00128775
0.00197479
0.00408112
0.00148104
0.00149038
0.00157776
0.00193428
0.00198988
0.00160065
0.00182295
0.00014286
0.00151112
0.000659236
0.000858635
0.00229568
0.00115983
0.00163713
0.000795631
0.000268854
0.000880965
0.00139938
0.00123846
0.000937457
0.000716143
0.000148012
0.000730915
0.000997987
0.00103909
0.000642687
0.000833387
0.00106028
0.000614274
0.00897607
0.00112484
0.00164486
0.000461782
0.00108672
0.00470711
0.00378931
0.000233214
0.000619947
0.00161955
0.000720923
0.00098585
0.000730167
0.00179884
0.00179972
0.00066201
0.00108054
0.000474176
0.00140565
0.000764308
0.000152253
0.00145988
0.00153368
0.00118519
0.000247012
0.000504798
0.00143336
0.00156022
0.000971515
0.00113156
0.000140748
0.000631496
0.00127355
0.000691932
0.000840082
0.00105945
0.00198397
0.00152922
0.00119482
0.000455003
0.00200664
0.000741435
0.00121674
0.000839329
0.00128853
0.000837812
0.00107488
0.00191692
0.000933069
0.000487753
0.000670426
0.00127025
0.00125417
0.00150229
0.000332462
0.00273129
0.000468511
0.000812883
0.00167508
0.00149758
0.000269901
0.00261219
0.00166268
0.00131221
0.0018908
0.00150603
0.000821973
0.00109543
0.000144848
0.000570694
0.000952163
0.0043356
0.0011073
0.00184551
0.000949181
0.000774922
0.0013061
0.00094065
0.00124349
0.00114896
0.0011369
0.00224433
0.00363801
0.00130502
0.000974147
0.00074003
0.000337714
0.000308898
0.000148723
0.000267245
0.000801942
0.00125993
0.00067809
0.000627882
0.00166964
0.00052733
0.00120918
0.00263153
0.00126052
0.000484932
0.0025521
0.000872032
0.000146397
0.00346677
0.000734947
0.00137106
0.00187027
0.00100732
0.000147056
0.00135241
0.000699233
0.00123564
0.00163909
0.00140281
0.000902932
0.000920556
0.00102263
0.000827204
0.000750516
0.000180524
0.000793841
0.000150546
0.000864296
0.00088499
0.000679193
0.000170385
0.000864625
0.00192446
0.00187208
0.00114776
0.000706197
0.000663965
0.00105937
0.00125463
0.000485907
0.00146719
0.000368822
0.00154222
0.00105437
0.000848654
0.00137387
0.00154739
0.00183258
0.00100038
0.00149863
0.00113482
0.00158582
0.00141894
0.000703145
0.000683826
0.00100425
0.000990541
0.00193454
0.000177714
0.000868731
0.00139006
0.000782248
0.000678536
0.00115914
0.000430689
0.00156749
0.000883153
0.000889596
0.00446167
0.00110656
0.00159277
0.000487584
0.00125678
0.00178118
0.000852139
0.00083512
0.00121265
0.000380668
0.00050453
0.00105047
0.00124409
0.00121704
0.000161192
0.00219622
0.000941686
0.000794358
0.00101222
0.00313223
0.0017437
0.000593711
0.000865376
0.00109098
0.00133317
0.00110776
0.00113453
0.00973317
0.00115291
0.00299259
0.00139076
0.001469
0.000889453
0.000950171
0.000497899
0.000694005
0.000662659
0.000642489
0.000817219
0.00158617
0.0010489
0.000722471
0.000521767
0.000634758
0.000819089
0.000817902
0.00121164
0.000878439
0.000813864
0.000902712
0.00169252
0.00104579
0.00116522
0.000474754
0.0013515
0.000808809
0.00191952
0.0027141
0.00132847
0.000631764
0.000397354
0.00111523
0.00102255
0.00101857
0.00076586
0.000778487
0.000395033
0.00159859
0.0006835
0.00221059
0.000912106
0.00038354
0.000960993
0.000495347
0.000402878
0.00106353
0.000789532
0.000154012
0.000790083
0.000824264
0.00230715
0.00118204
0.000892336
0.00231644
0.000742007
0.000356797
0.000829184
0.000482438
0.000140676
0.00123706
0.00115425
0.0015703
0.000234729
0.00161458
0.000760091
0.000690333
0.00107961
0.000792708
0.00101735
0.000782375
0.000450903
0.000296026
0.00140794
0.00267992
0.000419294
0.0008523
0.000335379
0.000482766
0.00116423
0.00191628
0.000332283
0.00157695
0.00191495
0.000261728
0.00144892
0.000789668
0.000400659
0.000607798
0.000958758
0.00183981
0.0013161
0.000672224
0.000882965
0.000981126
0.000274799
0.000949937
0.000577077
0.00115561
0.00204274
0.00337846
0.000717581
0.00157607
0.000143266
0.00249121
0.000465537
0.000915603
0.000938387
0.000637871
0.00033705
0.00211608
0.00103164
0.00180852
0.00106732
0.000205346
0.00133921
0.00139248
0.00041867
0.00194251
0.000748091
0.00124431
0.000644898
0.00114733
0.000140549
0.00122258
0.000716494
0.00128743
0.000953466
0.000937999
0.000408019
0.00111592
0.00356032
0.000678864
0.000407275
0.00584759
0.00014132
0.00179044
0.000287892
0.00193732
0.00138776
0.000679924
0.000611916
0.00171488
0.00176392
0.000145018
0.00080008
0.000383189
0.00213694
0.00275122
0.000731289
0.00178962
0.0012006
0.00147213
0.000887813
0.000959225
0.00157267
0.000824655
0.000387855
0.00183574
0.00323452
0.000876352
0.00156376
0.00107005
0.00267951
0.00149388
0.00125926
0.00116134
0.00190992
0.0011286
0.000665661
0.00124536
0.00209211
0.000390232
0.00134949
0.00152149
0.00237277
0.000924569
0.00159568
0.000826332
0.00155715
0.00143714
0.000772163
0.000672954
0.00233993
0.00137575
0.00041529
0.000946174
0.00014233
0.00286304
0.00121245
0.000855121
0.00126894
0.0023821
0.00205285
0.00257157
0.000569469
0.00224178
0.00132664
0.00176599
0.00116701
0.000713193
0.00129362
0.00119403
0.000698392
0.000460552
0.00229678
0.000779775
0.000650913
0.000258104
0.00154761
0.0015588
0.000854928
0.000588217
0.00164068
0.00050219
0.00133309
0.000673385
0.00143655
0.00140706
0.000444723
0.000672442
0.00084607
0.00118465
0.000571248
0.00119755
0.000991404
0.000995036
0.00103428
0.00408687
0.00241352
0.000560611
0.00040097
0.000917165
0.000914912
0.00112116
0.000468794
0.00114855
0.00127461
0.00259237
0.00183742
0.000963178
0.00212469
0.00098039
0.000521861
0.00140944
0.00124765
0.000484879
0.00106133
0.00160094
0.00146087
0.000446477
0.000154877
0.000736524
0.0018696
0.00150941
0.00103224
0.000160218
0.00138212
0.00103189
0.000175931
0.000283357
0.00100785
0.00157259
0.00140633
0.00102028
0.000141856
0.00137163
0.00101434
0.00285827
0.000832627
0.000869126
0.00221132
0.00125584
0.00138616
0.000680897
0.0012873
0.0011826
0.00110769
0.00126569
0.00138904
0.00133809
0.000972095
0.00150438
0.00087776
0.00155472
0.00191728
0.000785598
0.00068161
0.0012268
0.00203809
0.00115771
0.000939398
0.00126882
0.000384282
0.000771263
0.000539788
0.00128363
0.001351
0.00161363
0.000735061
0.0020438
0.00140357
0.000810892
0.000532918
0.00155791
0.000464853
0.00120625
0.000618075
0.00119255
0.00330829
0.0012929
0.000928301
0.000857403
0.00014735
0.000510236
0.00117455
0.00104532
0.00144782
0.00133611
0.000827695
0.00178554
0.000431515
0.00198201
0.000708569
0.000147882
0.00124888
0.00114891
0.00215884
0.00103481
0.00125312
0.00293227
0.00131265
0.0015018
0.000918693
0.00291969
0.000177156
0.0017757
0.00169311
0.000143743
0.000757871
0.000744176
0.000321413
0.00110125
0.000246882
0.00146982
0.000364653
0.000551974
0.000740425
0.00105231
0.00155477
0.000668321
0.000837873
0.000815118
0.000612882
0.000584075
0.00116424
0.00067388
0.00153142
0.00124363
0.00174718
0.00147816
0.000892415
0.000754146
0.000494917
0.000641434
0.000718302
0.0010729
0.00180525
0.000515264
0.00114505
0.00121592
0.000188047
0.000681646
0.000792921
0.000864056
0.00131589
0.000967605
0.00140381
0.000679642
0.00225723
0.000854388
0.00128271
0.00298556
0.000826782
0.00035944
0.000920271
0.00106509
0.000322404
0.000841373
0.00116127
0.000889961
0.000486168
0.00180357
0.0011472
0.00116115
0.000575709
0.00178217
0.00071133
0.00175992
0.00134966
0.000163208
0.000578921
0.00083793
0.000479998
0.00139861
0.00323117
0.00118735
0.00130096
0.00112453
0.00206558
0.000673876
0.000723103
0.00143291
0.000659893
0.00152884
0.00160743
0.00105966
0.0010329
0.00134199
0.00109874
0.0060311
0.000737969
0.00149879
0.000558939
0.00133241
0.00142664
0.000525344
0.000628362
0.00136932
0.000939786
0.00211738
0.00172763
0.00210681
0.000911949
0.000569244
0.000509188
0.00043201
0.00112828
0.0013587
0.000845403
0.000752001
0.000841103
0.00113171
0.000880196
0.000865674
0.00194694
0.00221126
0.00172955
0.00153525
0.00129621
0.0019462
0.000624672
0.0019423
0.00207739
0.000707292
0.00131261
0.000954302
0.00147603
0.00115751
0.00198871
0.000262732
0.000944556
0.00058024
0.00179531
0.000606913
0.00172491
0.000277935
0.00127816
0.0013389
0.000686697
0.00312754
0.000388658
0.000757075
0.0011562
0.000627158
0.000142048
0.000146083
0.000208091
0.00165161
0.000594692
0.00168883
0.00106482
0.000826804
0.000937481
0.000142975
0.00112336
0.000738823
0.00134777
0.000763781
0.00165234
0.000887716
0.00137128
0.00168002
0.00103973
0.000899725
0.00130144
0.0010225
0.00138151
0.000699073
0.000435154
0.00150082
0.000717224
0.000397487
0.00115471
0.000865737
0.00227373
0.00103613
0.000162956
0.000647371
0.000263879
0.000892432
0.00118359
0.00118995
0.00226674
0.00213322
0.00132958
0.0014875
0.000579419
0.00103336
0.00105
0.000701863
0.00191742
0.000924349
0.0011338
0.000155247
0.000408655
0.00388086
0.00102585
0.00201471
0.000419694
0.000829866
0.000650657
0.0012573
0.00113119
0.001118
0.00195826
0.00274847
0.0014762
0.00101364
0.000700894
0.00167035
0.00116269
0.00112663
0.000264858
0.000847764
0.00059664
0.00060062
0.000891842
0.00131406
0.000240938
0.00101064
0.000576137
0.000431172
0.000706538
0.00126339
0.00119977
0.00128827
0.000288893
0.00041119
0.000361742
0.000842812
0.00051606
0.00136817
0.00120685
0.000545134
0.000417822
0.00155823
0.000668599
0.000801398
0.00153033
0.0029578
0.00128259
0.000622698
0.00143406
0.000264273
0.00148285
0.00129652
0.000971029
0.000642224
0.00113462
0.0016813
0.00109227
0.00119263
0.000620114
0.000427804
0.00148259
0.00163347
0.000868029
0.00234493
0.000759232
0.00127532
0.000869927
0.00125784
0.00142229
0.00110186
0.000564506
0.00146699
0.000474132
0.00190928
0.00156625
0.00119356
0.000742928
0.00114028
0.00166415
0.00021378
0.00055612
0.000922738
0.000888815
0.000986771
0.00174087
0.000914328
0.00107451
0.000432529
0.0016323
0.000151577
0.0010279
0.00184904
0.000861458
0.00123719
0.000306501
0.000910062
0.00203661
0.000779516
0.0011372
0.00116607
0.0054852
0.00127853
0.00125008
0.00131391
0.00326279
0.00105271
0.000579755
0.000918788
0.00122481
0.000877686
0.000637274
0.000175469
0.000972878
0.00088152
0.00127447
0.00435131
0.00052392
0.000141454
0.000528602
0.00180069
0.000711949
0.000576297
0.000842033
0.00192942
0.000791935
0.000622396
0.00093691
0.000626295
0.00120735
0.000883368
0.00217775
0.00134675
0.000745326
0.00256016
0.00111079
0.000140752
0.00039283
0.000970342
0.00100327
0.000932908
0.00289195
0.00180473
0.00187919
0.00156248
0.00137621
0.00110777
0.00101678
0.00118525
0.00120646
0.0010812
0.000583281
0.000938468
0.00108616
0.00165122
0.000850727
0.000824719
0.000521481
0.000976849
0.000782458
0.00264555
0.00143205
0.000701945
0.000998841
0.00118838
0.000694668
0.00118263
0.000438731
0.00177457
0.000893272
0.000763264
0.00114587
0.00195036
0.000141148
0.000974559
0.00118937
0.000709386
0.00224462
0.00037597
0.00304288
0.00120418
0.00360603
0.00159452
0.000803639
0.00114635
0.000142126
0.00253872
0.00110582
0.00144581
0.000580063
0.000398739
0.00127558
0.00139494
0.000588282
0.00160684
0.00131863
0.00144973
0.00101201
0.000881882
0.00077542
0.00160253
0.00220012
0.00142323
0.000576208
0.00416352
0.000380049
0.000796777
0.0013802
0.00103392
0.00212393
0.000629315
0.000858116
0.000183501
0.0008321
0.00264544
0.000655041
0.000929531
0.00137043
0.000392378
0.00134783
0.00147713
0.00185888
0.000843843
0.0010779
0.00130049
0.000915199
0.00146795
0.00133617
0.00106284
0.00269476
0.00285466
0.00284405
0.000809368
0.000603052
0.00218053
0.00118181
0.00140482
0.000677749
0.00114223
0.00070322
0.00235012
0.00156216
0.00060343
0.00115788
0.000791753
0.000549979
0.000622971
0.00100808
0.000966181
0.000889825
0.00117573
0.00146886
0.000801474
0.000713182
0.00171508
0.00064879
0.00155988
0.00338926
0.00043721
0.00136975
0.0013872
0.00221067
0.00175954
0.00220215
0.00242357
0.000144488
0.000785511
0.00105329
0.000731566
0.00146708
0.00165705
0.000142177
0.000683096
0.000254125
0.000799593
0.0011623
0.000971421
0.00230628
0.000373074
0.000972336
0.00125734
0.00169854
0.0012538
0.000817393
0.00191477
0.00207088
0.000156301
0.00117727
0.00131964
0.00126704
0.00175252
0.000142891
0.000602363
0.000744958
0.000493219
0.000141986
0.00102106
0.00106021
0.00159654
0.00389456
0.00132453
0.00128077
0.00091428
0.00119559
0.00149081
0.000474504
0.000787789
0.00113687
0.00115243
0.000743417
0.000266277
0.0015359
0.000956086
0.00145725
0.000953989
0.000148138
0.000140963
0.0014859
0.00162037
0.00124159
0.00104063
0.00088598
0.00150153
0.000848598
0.00129869
0.000142401
0.00102723
0.00125301
0.00367803
0.00123598
0.00115493
0.000160939
0.000914384
0.000141917
0.000957796
0.00171178
0.000972221
0.000736879
0.00146733
0.000958094
0.00162937
0.000536968
0.00160065
0.000831348
0.00131726
0.00119057
0.00132338
0.000352649
0.000523215
0.000776325
0.00210275
0.000749069
0.000639372
0.00067251
0.00134949
0.00152857
0.00251136
0.000940833
0.000952015
0.000723731
0.000941143
0.000661412
0.0034849
0.00155046
0.000369437
0.00126471
0.00113722
0.00191796
0.000398135
0.0012364
0.00224018
0.000493251
0.000581985
0.00245143
0.000438747
0.000865053
0.00149212
0.00109495
0.00119095
0.0028371
0.000144071
0.00193685
0.000495095
0.00091964
0.00120636
0.000381543
0.000768795
0.000771192
0.00198446
0.000503646
0.00153506
0.00215115
0.000891255
0.000243893
0.00308058
0.00110681
0.000670265
0.00118252
0.00131454
0.00055077
0.000533864
0.000578316
0.000871209
0.000324307
0.000910659
0.00128445
0.00109687
0.000970003
0.000913837
0.000913003
0.00106837
0.000612463
0.000832977
0.000141883
0.000944403
0.00153824
0.0014365
0.000222129
0.00125452
0.00126416
0.0013571
0.00109201
0.00144314
0.00032762
0.00071907
0.000590449
0.00252072
0.0011626
0.00118578
0.000141254
0.000784557
0.00110114
0.00286124
0.000944362
0.00108158
0.000151454
0.0013241
0.0016138
0.000815749
0.00076514
0.00128606
0.00194806
0.00121993
0.00095522
0.00124794
0.00154158
0.000213006
0.0013601
0.000172721
0.000601327
0.00154639
0.00233465
0.00110878
0.000789405
0.00059283
0.00114214
0.00184541
0.00109594
0.00104357
0.00109811
0.00231514
0.00120451
0.000944106
0.00245233
0.000425089
0.000471788
0.000890112
0.00131285
0.00101624
0.00139976
0.00161566
0.00066115
0.000293039
0.000992733
0.000919729
0.00118413
0.00027761
0.000692025
0.000899713
0.00060317
0.0020801
0.00123749
0.00133852
0.00151788
0.000943769
0.00151549
0.00111466
0.00114423
0.00186588
0.00156502
0.000880771
0.000672565
0.0008419
0.00133583
0.00128018
0.000154553
0.00153737
0.00119907
0.000303994
0.00119322
0.000501263
0.000887641
0.00014968
0.000147102
0.00214702
0.000434772
0.00047947
0.00200388
0.00114972
0.000211012
0.00237987
0.00300356
0.000507699
0.000861824
0.000948151
0.00129549
0.00495934
0.000667011
0.00161173
0.00156976
0.0008602
0.00139029
0.0014226
0.001235
0.00111055
0.000141169
0.00123212
0.0019727
0.000522685
0.00125535
0.00116631
0.000334439
0.00109033
0.00344162
0.00205039
0.0040882
0.00102416
0.0012447
0.000572112
0.000158305
0.000857331
0.00135744
0.000986477
0.000979887
0.00090784
0.00162246
0.00117919
0.00138363
0.00213793
0.00113084
0.00136701
0.000498435
0.000642926
0.00114782
0.000753919
0.000144102
0.000429419
0.000796299
0.00105789
0.00121222
0.00222034
0.00141829
0.00113397
0.000970164
0.00107918
0.000268843
0.00115604
0.000153422
0.0015604
0.00123651
0.00152526
0.000689934
0.00120047
0.00110196
0.000715524
0.000558456
0.000153184
0.000961671
0.00083888
0.000470261
0.00098538
0.000161865
0.000471013
0.000383515
0.000943681
0.000769127
0.00112761
0.000919801
0.00217409
0.000753592
0.00081179
0.000260894
0.000825401
0.000820103
0.000858701
0.00085104
0.000146525
0.000933169
0.000544285
0.000617327
0.00104997
0.000890388
0.000316254
0.000772827
0.00144493
0.00110052
0.0014823
0.00112491
0.000711525
0.00113457
0.000220801
0.000377917
0.000940857
0.00131449
0.000780886
0.00127035
0.000810422
0.000513742
0.00135473
0.00343515
0.000546187
0.000710668
0.000424231
0.00111333
0.00352975
0.00101437
0.000331963
0.00131717
0.00100357
0.00177161
0.00103565
0.00155498
0.00124436
0.00225083
0.000982491
0.000817158
0.000937384
0.000216267
0.00138136
0.000428284
0.00150794
0.00153312
0.0011787
0.000142306
0.00100863
0.000528816
0.00134681
0.00150934
0.000537951
0.00111603
0.0013715
0.00150274
0.00113189
0.000521821
0.000549283
0.00129129
0.00107684
0.000201528
0.000529293
0.000993525
0.00137463
0.00332301
0.000749516
0.000951224
0.00138875
0.00146678
0.00220127
0.000151688
0.00387271
0.00187251
0.00119701
0.00130288
0.000846454
0.00104496
0.00113338
0.000312005
0.00100804
0.00027831
0.00115313
0.00177349
0.00110569
0.00141288
0.00298788
0.00103747
0.00107524
0.00129687
0.00155528
0.000845577
0.00154872
0.00107232
0.00166456
0.000577561
0.000364271
0.00153172
0.00100523
0.00177012
0.000910154
0.0007361
0.00181717
0.000500144
0.000154848
0.00198983
0.00043418
0.00229581
0.00230365
0.0031792
0.00119579
0.0010322
0.000737406
0.00177277
0.00252486
0.00276828
0.00498253
0.00154828
0.00122199
0.00100352
0.0023029
0.000563901
0.00118661
0.00106954
0.000748087
0.000618848
0.00107875
0.00110643
0.00166223
0.00076063
0.00143065
0.00155409
0.000141955
0.00181777
0.000689398
0.00156404
0.000792131
0.0017311
0.000629218
0.000812922
0.00423471
0.000846263
0.000710668
0.0014018
0.00126185
0.00132281
0.00249053
0.000853087
0.000864623
0.0011286
0.000883098
0.00241885
0.00164272
0.00186022
0.00124395
0.000413991
0.000230126
0.00102687
0.00273937
0.00110193
0.000830503
0.000652611
0.00111871
0.000462345
0.000535366
0.00161153
0.000942747
0.00118668
0.0006933
0.000985443
0.000535969
0.000735901
0.000952174
0.000514837
0.00091763
0.000367708
0.000764861
0.00149036
0.000404087
0.00150359
0.000598218
0.000478473
0.00108707
0.00137466
0.000697394
0.000165637
0.000140806
0.000347005
0.000656772
0.00130553
0.00105941
0.00139154
0.000573172
0.00170516
0.000607489
0.000664791
0.00110679
0.000903661
0.00077713
0.00233143
0.000979344
0.000817729
0.00156871
0.000762662
0.00112668
0.00131828
0.000728067
0.00014092
0.000704972
0.00335386
0.00184026
0.000892934
0.000708584
0.00125219
0.00130556
0.00191465
0.00132769
0.000628516
0.000940711
0.000581164
0.000294219
0.000411599
0.00707352
0.00094664
0.000964671
0.000420271
0.000815119
0.00204935
0.000575045
0.00116196
0.0010495
0.000567999
0.0016355
0.000803928
0.000947229
0.00147293
0.000844747
0.00067309
0.000944751
0.000854459
0.00154724
0.00120762
0.00419656
0.00124214
0.000153861
0.00124128
0.00316225
0.00110506
0.00117642
0.00180592
0.000204458
0.00119827
0.00146622
0.00108665
0.00134151
0.0003712
0.000640928
0.00249604
0.000557024
0.000852211
0.00161253
0.00165263
0.000855023
0.00132954
0.000838217
0.00120316
0.000898346
0.00162601
0.00061483
0.00192458
0.000682978
0.00173864
0.00175487
0.00137373
0.000144161
0.00238407
0.000720476
0.000808159
0.0016964
0.00107159
0.000784038
0.000610044
0.00201944
0.000739722
0.00148357
0.000297058
0.000788781
0.00259691
0.00149837
0.0011214
0.00112638
0.000143869
0.00151842
0.00042208
0.00154998
0.00214326
0.000586536
0.00114474
0.00105749
0.00146164
0.00103546
0.00175017
0.000615557
0.00177473
0.0010923
0.0013589
0.00124768
0.000689346
0.00103984
0.000431471
0.00046136
0.00120109
0.00101395
0.000531417
0.000901461
0.00116896
0.00160163
0.000655455
0.00218147
0.000701587
0.00033933
0.00212697
0.00145596
0.000395032
0.000174635
0.000844856
0.00163628
0.00163402
0.000144207
0.00115529
0.000141879
0.00141396
0.00117237
0.00104895
0.00137002
0.00105467
0.000735035
0.0013068
0.00103547
0.000685767
0.00162968
0.000158885
0.000758808
0.00126293
0.000314765
0.00244453
0.000823975
0.000847492
0.00151786
0.00147353
0.00101817
0.0013328
0.000632616
0.00134176
0.000863794
0.00203262
0.00265641
0.00150662
0.00148748
0.00084231
0.00107279
0.00096508
0.00047312
0.00130397
0.000358307
0.00174073
0.000838805
0.00102235
0.00113956
0.00146038
0.0014541
0.00122203
0.000147784
0.00157854
0.00105623
0.000717615
0.000337054
0.000694392
0.00133221
0.00226172
0.000773231
0.000779261
0.00110167
0.00121897
0.00127061
0.00106718
0.00117125
0.00121763
0.000635557
0.000363712
0.00270861
0.000588657
0.000636238
0.0014345
0.00117364
0.00178865
0.00125948
0.00154635
0.000767618
0.000451666
0.00281244
0.00145504
0.000777446
0.00119401
0.000834782
0.000874992
0.00149218
0.00129712
0.00204241
0.00253594
0.00200947
0.00196394
0.00112605
0.00123177
0.00140457
0.00136704
0.00172316
0.00072817
0.00199809
0.00083278
0.00552556
0.00109057
0.000927106
0.000489725
0.00170854
0.000597056
0.00048079
0.000931769
0.00117187
0.00136395
0.000638273
0.00265923
0.00137821
0.00017599
0.00141396
0.00197645
0.000309775
0.000925308
0.00123836
0.000595137
0.00134528
0.000981916
0.00109833
0.00559971
0.00125145
0.00373012
0.000978228
0.00104023
0.000385389
0.00167799
0.00173523
0.00116305
0.000174924
0.00112142
0.000987827
0.00109621
0.00113862
0.00143241
0.0023156
0.00104099
0.00106732
0.000593158
0.000711137
0.0019881
0.00172341
0.000301961
0.000625191
0.00115791
0.000146726
0.000160289
0.000342011
0.00105425
0.000997165
0.00193975
0.000554359
0.00100327
0.00141575
0.000999163
0.000313949
0.000728263
0.00120784
0.000710006
0.000601549
0.000673237
0.000509733
0.00104721
0.00199288
0.000781705
0.00104797
0.000932319
0.000914252
0.000339867
0.000775926
0.000158866
0.000875935
0.00095602
0.00264616
0.000910744
0.000710995
0.000182445
0.00142357
0.00106701
0.0012254
0.00106696
0.000693164
0.00109986
0.00357149
0.00106792
0.000728682
0.00163591
0.000584248
0.00188398
0.000981111
0.000924445
0.000765997
0.0024903
0.00118956
0.000741438
0.00162622
0.00158104
0.00161027
0.000944201
0.000955779
0.000343406
0.00128494
0.000743856
0.000405478
0.00113539
0.00107791
0.00109102
0.00149385
0.00163929
0.00135174
0.000148519
0.00157741
0.000507595
0.00126721
0.00101197
0.00136698
0.00206258
0.000714313
0.000832687
0.00148337
0.0012672
0.000845287
0.0012616
0.000910808
0.000883204
0.00148802
0.000624723
0.00156828
0.00198822
0.00114812
0.00152658
0.00117853
0.0009755
0.000265544
0.00113717
0.000637223
0.00156818
0.00134108
0.0013542
0.000457683
0.000676286
0.000524653
0.00130074
0.000882977
0.00114056
0.00151163
0.001585
0.000604656
0.000957215
0.00277938
0.000969847
0.000500023
0.000151595
0.000782732
0.000714721
0.00125394
0.00164881
0.00116584
0.00118545
0.00267254
0.00137091
0.00131187
0.00141874
0.00149922
0.00105124
0.00129979
0.00106152
0.000539153
0.000957788
0.000718259
0.000141541
0.00115138
0.00225469
0.00109346
0.0034134
0.000644802
0.000238751
0.000156423
0.00047103
0.00121784
0.00116284
0.001217
0.00430077
0.00165232
0.00100193
0.00014114
0.000835357
0.00101282
0.000711901
0.00132691
0.00122594
0.00134351
0.00101853
0.00158486
0.00138637
0.000214794
0.00167746
0.000775065
0.00106055
0.00079364
0.000316527
0.00127971
0.00101061
0.00170485
0.000793803
0.000989282
0.00158626
0.000840728
0.00163098
0.00111486
0.000145591
0.00185795
0.000689136
0.00035317
0.00188323
0.00023641
0.00165207
0.000695153
0.00158185
0.00165599
0.00111069
0.000838409
0.00154032
0.000694547
0.000614708
0.00120688
0.00118157
0.00109937
0.000993389
0.000777109
0.0014212
0.000666627
0.000208568
0.00142064
0.00129396
0.000160359
0.00127363
0.00147737
0.000606065
0.000860295
0.00195186
0.000559911
0.00157246
0.00137444
0.000569214
0.000423434
0.00170741
0.000502084
0.000675878
0.000181214
0.00210503
0.0036833
0.000359115
0.00130197
0.000930781
0.00130311
0.000802921
0.00034442
0.000485109
0.00126856
0.00231792
0.00116111
0.00113446
0.000581381
0.000237898
0.000830534
0.000149187
0.000893213
0.000881731
0.000325283
0.00215602
0.00442395
0.000519019
0.00087911
0.0021486
0.00179453
0.00159185
0.00177762
0.00247599
0.0005047
0.00161035
0.000835977
0.000926531
0.0011064
0.000957324
0.00140829
0.000144684
0.000852256
0.000658654
0.00300399
0.00122978
0.000740655
0.000828768
0.000494632
0.000762444
0.00144773
0.00103274
0.00222091
0.000875089
0.000957911
0.000581196
0.00030822
0.000811781
0.000251562
0.000980117
0.00153005
0.00207955
0.000833417
0.00320052
0.00118547
0.000893329
0.000880054
0.0014262
0.00292654
0.000420573
0.000859476
0.000749389
0.00169621
0.000168413
0.00120277
0.000741401
0.00162168
0.00153377
0.000829572
0.00105553
0.0015503
0.000637447
0.00109543
0.00152328
0.00133271
0.00109648
0.000826612
0.000998767
0.000729118
0.000140835
0.000149496
0.000181998
0.000142856
0.000894488
0.00179688
0.00100358
0.000882016
0.000873041
0.000513929
0.00149735
0.000793558
0.000462199
0.00181787
0.00128652
0.00215962
0.000568144
0.000953151
0.000150611
0.00102436
0.00252647
0.00121855
0.00104286
0.000645254
0.000609952
0.0014762
0.00146663
0.00155547
0.00164343
0.000202145
0.00114984
0.000693023
0.000461632
0.000140861
0.000716391
0.00057034
0.00129193
0.00254796
0.000987524
0.00130055
0.000631462
0.000644125
0.00392457
0.000142216
0.00143477
0.00174224
0.00204515
0.00397968
0.000880219
0.000253799
0.000528302
0.00184165
0.000504913
0.00120503
0.000379463
0.000888185
0.000141499
0.00049567
0.00180153
0.000751017
0.000425282
0.000657251
0.000443335
0.00164029
0.00103233
0.00122899
0.0024866
0.000879987
0.00277267
0.000710068
0.00353011
0.00135398
0.00123619
0.000482593
0.000501124
0.00173359
0.000518775
0.0018718
0.0006904
0.00101964
0.000906835
0.00134798
0.00222956
0.000562403
0.00252789
0.00058383
0.000140513
0.00135142
0.00108423
0.000909725
0.00109647
0.00133068
0.000372582
0.00130708
0.000613874
0.00212158
0.0010269
0.000901752
0.00170976
0.00250165
0.000810777
0.000694571
0.000785897
0.000183404
0.000934621
0.00077706
0.000656208
0.00256066
0.00173977
0.000350772
0.000535495
0.000586922
0.000743093
0.000450553
0.00110221
0.001003
0.000734885
0.00136613
0.00123956
0.00114377
0.00076414
0.000861598
0.00125019
0.0010728
0.00177826
0.00167044
0.000937918
0.000560262
0.00214724
0.000998202
0.000265341
0.00175718
0.000930922
0.000296314
0.00143673
0.00126657
0.00213098
0.0015542
0.00102245
0.000625697
0.001919
0.00203515
0.000859984
0.000913364
0.00144456
0.00163608
0.00153903
0.000953253
0.000559789
0.000533422
0.000779459
0.00116433
0.000853281
0.00124346
0.000864648
0.00071928
0.000495212
0.000754037
0.000859536
0.00127439
0.000991462
0.00220002
0.00243812
0.00138632
0.0013968
0.000789206
0.00122808
0.00101969
0.00120204
0.00119551
0.00141197
0.00168839
0.00127225
0.000751871
0.00446944
0.00125557
0.0014025
0.000914888
0.00144398
0.00108826
0.00153174
0.00179279
0.00131415
0.000579641
0.00142217
0.000956322
0.000184603
0.00123624
0.000596171
0.000454367
0.0010957
0.00327947
0.000941537
0.00229795
0.000508291
0.00116162
0.00115835
0.000767274
0.00242631
0.000318936
0.00151833
0.00173528
0.00100694
0.000912912
0.00116809
0.00164368
0.00099201
0.00213108
0.000158818
0.00139567
0.00158082
0.000142416
0.000721908
0.000346344
0.000846273
0.000801119
0.000763024
0.000861763
0.00881203
0.000320645
0.00111012
0.00100577
0.000554504
0.00111052
0.000900629
0.000144261
0.000147938
0.00127653
0.00122308
0.00104125
0.000375536
0.00167144
0.00106229
0.00155888
0.000146903
0.00110533
0.00026793
0.000809775
0.00102363
0.000439887
0.000504347
0.0013687
0.000504772
0.00142207
0.000192705
0.000911227
0.00127872
0.0014421
0.000469842
0.000969304
0.000384469
0.00125213
0.000767057
0.00197344
0.00135715
0.00114389
0.000539765
0.000757441
0.000736203
0.00148794
0.00111859
0.00115103
0.00182291
0.000592213
0.000786519
0.00177727
0.00112174
0.000891772
0.000666131
0.000902687
0.000768772
0.000611571
0.000626022
0.00249496
0.000183726
0.00165464
0.00136305
0.00136286
0.000734265
0.00135058
0.000464307
0.000318037
0.000970512
0.00124662
0.000147734
0.00162683
0.00191214
0.00153591
0.000979686
0.00135131
0.000731885
0.00260568
0.00224142
0.000609077
0.000376442
0.00135888
0.00263021
0.00152055
0.00105549
0.00167436
0.00157872
0.0010935
0.000919753
0.00096266
0.000698499
0.00100261
0.00144844
0.000875079
0.00055882
0.00307642
0.00115389
0.0017274
0.000560766
0.00126989
0.000456898
0.00155764
0.000930543
0.000159065
0.000529801
0.000739415
0.000987987
0.00183681
0.000987865
0.000975785
0.00370882
0.00140634
0.00135771
0.00146884
0.000357692
0.000785007
0.000860303
0.000695293
0.00196968
0.00113786
0.00197731
0.000782303
0.000472675
0.000807364
0.00103127
0.00102437
0.000391215
0.00065632
0.000424662
0.00115011
0.00165669
0.00101218
0.00221604
0.000808157
0.000838426
0.000865353
0.000546381
0.00174233
0.00150417
0.000745894
0.000650909
0.00102344
0.000924276
0.00101313
0.000665706
0.00103772
0.000706181
0.000687377
0.00141794
0.000890671
0.000162474
0.00200734
0.00121753
0.00302302
0.000334021
0.00250763
0.000724623
0.00114492
0.0013011
0.000484904
0.000975504
0.000998552
0.00874162
0.00134978
0.00397272
0.000220111
0.000326018
0.00146867
0.00089702
0.000735632
0.00110914
0.000793508
0.00126398
0.00148077
0.000720832
0.000143625
0.00132475
0.000724724
0.000770125
0.000876097
0.000615358
0.000474553
0.00173996
0.000716471
0.00173618
0.000938445
0.0018184
0.0003177
0.000353179
0.000152556
0.000286532
0.00102205
0.00085028
0.000549677
0.000577837
0.000323266
0.00123391
0.000573732
0.0014773
0.000714229
0.000805745
0.000658083
0.00116182
0.000221114
0.00112964
0.00182795
0.000764694
0.000976271
0.00143033
0.001392
0.000629916
0.00120336
0.000274
0.000477263
0.00125365
0.000173751
0.00138898
0.000762151
0.000411837
0.00040889
0.00136707
0.000593921
0.000701975
0.000849946
0.00181612
0.00255449
0.000457466
0.00145273
0.000726085
0.00197588
0.000500662
0.00070162
0.00193959
0.00120855
0.000772946
0.000697395
0.00228459
0.000648782
0.000852854
0.000624097
0.000173672
0.0013071
0.000673895
0.00278185
0.00254892
0.000586969
0.000881086
0.00114693
0.00162617
0.00134196
0.000649325
0.000508794
0.00151526
0.000928669
0.00069622
0.000671676
0.00134266
0.00270756
0.00190944
0.000390654
0.000822008
0.000351326
0.00206554
0.000742132
0.000386324
0.00112981
0.00139364
0.000854357
0.000922387
0.00142529
0.00196084
0.00061173
0.00122323
0.00116881
0.000437496
0.00405384
0.00106895
0.000582369
0.000372355
0.000664734
0.00161838
0.00070653
0.00122448
0.00139195
0.000903663
0.00134639
0.000522963
0.00145427
0.000764012
0.000895231
0.000792167
0.000523338
0.00105155
0.00118664
0.00156216
0.000720251
0.000811972
0.00038866
0.00154725
0.00131333
0.000811118
0.00180782
0.00087026
0.00196518
0.00189766
0.000859944
0.00195884
0.000854653
0.000278996
0.000818309
0.00058692
0.00264953
0.00135861
0.00109873
0.000965543
0.00257226
0.00120169
0.00133696
0.0015102
0.00108118
0.00116538
0.00116521
0.00166997
0.00117941
0.000957936
0.000379931
0.000293061
0.00123821
0.000505447
0.000591581
0.000243563
0.000143464
0.00131567
0.00264072
0.00162928
0.0033449
0.000905125
0.00120643
0.000929328
0.000638066
0.000645239
0.000141221
0.000141265
0.000264151
0.00106743
0.00108686
0.0038616
0.0007399
0.00136505
0.0010125
0.00111786
0.00198353
0.0016208
0.00158332
0.00118728
0.00136814
0.000711873
0.000664271
0.0023313
0.000956272
0.000679258
0.00120302
0.000718892
0.00192173
0.000422869
0.00242238
0.000665663
0.000697428
0.0017202
0.00172857
0.00375689
0.000872947
0.000894818
0.00134003
0.000654384
0.000565591
0.00177281
0.000201399
0.000821859
0.0012853
0.00165766
0.000435793
0.00046736
0.00146726
0.000453121
0.00176463
0.0010339
0.00163534
0.0013575
0.00111562
0.000502992
0.00135428
0.000973025
0.000887326
0.000437413
0.00127048
0.00082757
0.00128518
0.000795493
0.00173038
0.00103725
0.000167441
0.00115805
0.00113772
0.00159057
0.000385443
0.00326645
0.00133309
0.000547688
0.000839735
0.00161724
0.000396652
0.00389925
0.000941945
0.000277644
0.00137344
0.000472139
0.00185634
0.000869659
0.00166642
0.000965523
0.00116267
0.00145813
0.000504978
0.00157063
0.00228025
0.00015576
0.00113225
0.000861364
0.0021381
0.00109153
0.000498864
0.00164185
0.00126064
0.0019909
0.000643849
0.000496185
0.00143593
0.000418518
0.002441
0.000771646
0.00119953
0.000773171
0.000954229
0.00109155
0.0012712
0.000731127
0.00109213
0.000140606
0.00032521
0.00119242
0.000653997
0.00135139
0.00145862
0.000364894
0.00099443
0.00183988
0.000970927
0.000506285
0.00132358
0.000397477
0.00095502
0.00268239
0.000982795
0.00193415
0.00131874
0.000446844
0.000825656
0.000627334
0.00135954
0.00149325
0.000546098
0.0019734
0.000721976
0.0021415
0.000442633
0.000591346
0.00134971
0.00200178
0.000613613
0.000498415
0.00082696
0.000624409
0.00184794
0.00143934
0.00126735
0.00102286
0.000698872
0.000831211
0.00119885
0.00155749
0.00105436
0.00191954
0.000161512
0.00125523
0.000560124
0.00150768
0.00132519
0.00133156
0.00128199
0.00151539
0.000173266
0.000848243
0.00105184
0.000708755
0.000941833
0.0011332
0.00066413
0.00062992
0.00133138
0.00114128
0.00129291
0.00176487
0.00162272
0.00142588
0.00151987
0.00123943
0.00207499
0.00185749
0.00087502
0.00064556
0.00152356
0.00154422
0.00248209
0.000961572
0.000214106
0.00134035
0.000964296
0.000141574
0.000871418
0.00036305
0.00147032
0.0014207
0.00138041
0.000790477
0.000974343
0.0020297
0.000461086
0.00127756
0.00111484
0.000339941
0.00124603
0.000409112
0.00160878
0.000612995
0.000386555
0.00230804
0.0018667
0.0012949
0.00369227
0.00154601
0.000181763
0.000946955
0.00138041
0.000909081
0.000752704
0.000333532
0.00105044
0.000838276
0.00184328
0.0001456
0.000587925
0.00125589
0.000681679
0.00111792
0.00103435
0.00106589
0.000445356
0.0011349
0.000347537
0.00206638
0.00168498
0.000459177
0.00114899
0.000672887
0.000145516
0.00130965
0.00248334
0.00152277
0.00174217
0.000157124
0.00120572
0.00144708
0.000649219
0.00105822
0.00116814
0.000980169
0.000770538
0.000818744
0.000753241
0.000266761
0.00187453
0.00103975
0.00210367
0.000749484
0.00101224
0.000744592
0.000183931
0.00089327
0.00150369
0.0021109
0.000997102
0.0019197
0.000337443
0.00138472
0.00113942
0.000143301
0.000404871
0.00128313
0.00080379
0.000955182
0.00218487
0.000303314
0.00132684
0.00254229
0.000658925
0.000888987
0.000532238
0.000584003
0.00196517
0.00105515
0.00135933
0.000938218
0.000696231
0.000143696
0.00161402
0.000669886
0.000148372
0.000141572
0.00147503
0.00126825
0.0013325
0.00101128
0.0015053
0.000657043
0.000772213
0.00083324
0.00140495
0.000924829
0.00146391
0.00103487
0.000782359
0.00090267
0.00104261
0.00167134
0.00112398
0.000771022
0.00109467
0.000795304
0.000811731
0.00118074
0.00263146
0.00126627
0.00508071
0.00111624
0.0006877
0.00084698
0.00101603
0.00061738
0.00125594
0.000508297
0.000681501
0.00261151
0.00037421
0.0019774
0.00107151
0.00141834
0.00127998
0.000381497
0.00112581
0.000499271
0.00160658
0.00117212
0.00155306
0.000951809
0.00213537
0.00135832
0.00083309
0.00117007
0.00101338
0.00111463
0.00134371
0.000140944
0.00127307
0.00119294
0.0047619
0.000601427
0.000970832
0.00156894
0.00200075
0.000227123
0.000721508
0.000761312
0.000526137
0.000737933
0.00108901
0.000897954
0.000780551
0.000874966
0.00212254
0.00158382
0.0018228
0.000846429
0.000647754
0.00208826
0.00061577
0.00154143
0.000965845
0.000407483
0.000767204
0.000720073
0.00156696
0.000743441
0.000627914
0.00116434
0.00116145
0.00134498
0.0027093
0.00203645
0.00115965
0.00017527
0.00160412
0.00144974
0.0013892
0.0018855
0.000823249
0.00125919
0.000724776
0.000874743
0.000151042
0.000717317
0.000143639
0.00138452
0.00062585
0.00132026
0.00100219
0.00172046
0.000885294
0.000347913
0.00180248
0.00131035
0.0011879
0.000556898
0.00086947
0.000873616
0.000444506
0.00112936
0.000732748
0.00064893
0.0014476
0.000332298
0.00145668
0.00135832
0.000795289
0.000774027
0.000180752
0.000143211
0.000373399
0.00137575
0.00218829
0.00135051
0.000872096
0.000878271
0.000258382
0.00146283
0.00125286
0.00310817
0.000716496
0.000730781
0.000800058
0.000942243
0.000996027
0.00168658
0.00209615
0.00206308
0.0012432
0.0006048
0.000149239
0.00116116
0.00297469
0.000761863
0.00111206
0.00238782
0.00014744
0.00148486
0.000577045
0.000696589
0.00156409
0.00178239
0.000570395
0.000179925
0.000797489
0.00152136
0.000279945
0.00165333
0.000725854
0.000572964
0.000690394
0.00048795
0.000752104
0.000573707
0.00125752
0.00177351
0.000993258
0.00045003
0.000760251
0.00128374
0.00102921
0.00165786
0.000963817
0.00107358
0.00122769
0.000361963
0.0012068
0.000789174
0.00116652
0.000660052
0.00127548
0.000701921
0.00211391
0.000740856
0.00210479
0.000923125
0.00199714
0.000144524
0.00174704
0.000416486
0.00121684
0.00107999
0.00115301
0.00108311
0.000162098
0.00115287
0.00123827
0.000561161
0.000872875
0.00039521
0.000933422
0.00127801
0.000623195
0.000334724
0.00122055
0.00139077
0.00046106
0.000495376
0.00237502
0.00184731
0.000603856
0.00106909
0.000897986
0.00143987
0.000755735
0.000661573
0.0012354
0.00142095
0.000543135
0.00107253
0.000148691
0.00140403
0.00116483
0.000958869
0.00170368
0.000296189
0.00119793
0.000896322
0.00182035
0.00120116
0.000923367
0.000820531
0.000173737
0.000320182
0.00166815
0.00199824
0.000891896
0.00122348
0.000676003
0.00142302
0.000813271
0.000694341
0.00155321
0.00162814
0.00118481
0.000762161
0.000159301
0.000932035
0.00128966
0.00139554
0.00120054
0.000211229
0.000645512
0.000807399
0.00128598
0.000643257
0.00066778
0.000689857
0.00106785
0.000725155
0.000519078
0.000724575
0.00177992
0.00132591
0.000936316
0.00134589
0.000893764
0.000838978
0.000454093
0.00106107
0.000959052
0.000783101
0.0012745
0.000413037
0.00113799
0.00351353
0.00353747
0.00140633
0.00149566
0.00138979
0.000985723
0.00140514
0.000159414
0.000431725
0.00102506
0.00255299
0.000984796
0.000567339
0.000931297
0.000952678
0.000420763
0.000769602
0.000863266
0.0006473
0.000800621
0.00190769
0.000150133
0.000933152
0.000829596
0.000862921
0.00190191
0.00156798
0.00200596
0.0153851
0.001913
0.00192923
0.000914905
0.00049864
0.000957862
0.00177596
0.00187528
0.00131444
0.00143688
0.00105845
0.00146291
0.000287616
0.000825761
0.00181512
0.000535345
0.00175795
0.000593841
0.00333862
0.000879393
0.000674967
0.000811689
0.000684968
0.000881015
0.00144507
0.00131608
0.000493284
0.00229696
0.00179786
0.00203972
0.000258805
0.000931143
0.000948003
0.000723512
0.00167336
0.00198618
0.00151862
0.00116726
0.00124235
0.00341707
0.00177534
0.00114836
0.00430991
0.000541555
0.00145825
0.000615816
0.000641822
0.00127835
0.001276
0.000783106
0.000691008
0.00135193
0.00261772
0.00165337
0.00209997
0.000443908
0.00125687
0.00095562
0.000911811
0.00101219
0.0019832
0.00133862
0.0013751
0.00125552
0.000739436
0.000758759
0.000820026
0.00181387
0.00134441
0.000984025
0.000893453
0.00120953
0.000565471
0.00139245
0.000151803
0.000346117
0.000820643
0.000327645
0.000280932
0.000198515
0.000852433
0.00185921
0.00161975
0.000450316
0.00169339
0.00148986
0.00148023
0.00136017
0.00168421
0.00121755
0.000421054
0.00052866
0.000610948
0.000148274
0.000560557
0.00162785
0.000310464
0.000808427
0.000600292
0.00071844
0.000935829
0.000537974
0.00110351
0.000483227
0.000387982
0.00111704
0.001308
0.00269701
0.0015454
0.00100882
0.00202868
0.00061606
0.00107492
0.00269979
0.00130941
0.00154362
0.000398077
0.000922488
0.00145878
0.00112919
0.000723375
0.00288915
0.00133365
0.00147454
0.000155913
0.000142228
0.00198979
0.00145319
0.000658212
0.000842252
0.000759486
0.00108757
0.00158417
0.000438782
0.00181878
0.00117627
0.00139797
0.00127661
0.000876861
0.000367436
0.00130705
0.000312597
0.00167151
0.000210463
0.00129425
0.00167939
0.000823465
0.00104144
0.000393129
0.00112137
0.000741521
0.00058515
0.00104018
0.000937599
0.00119948
0.000142761
0.00113803
0.00074326
0.000664124
0.00128788
0.00168857
0.00167299
0.00109785
0.000863192
0.00123664
0.000248774
0.000977535
0.00111449
0.00114511
0.000884109
0.00204559
0.0013183
0.00105494
0.00307157
0.000752372
0.000419515
0.00217914
0.00174591
0.000992157
0.00121406
0.000141562
0.000724398
0.000839298
0.00166556
0.00153168
0.00122432
0.000305915
0.000684428
0.000733451
0.000463261
0.00151395
0.000153602
0.000398445
0.00097825
0.00058679
0.00111108
0.000149935
0.000599538
0.00191019
0.000850707
0.00145992
0.000581843
0.00113019
0.000648132
0.00169676
0.00104425
0.00113438
0.0005417
0.000939545
0.000699943
0.000633404
0.000822062
0.00159791
0.00154358
0.00171914
0.00118179
0.000223257
0.00134403
0.00122352
0.00104634
0.00128473
0.0011304
0.000165952
0.00181845
0.000946538
0.000166765
0.00319862
0.0020127
0.000890258
0.00129228
0.00049881
0.00115212
0.00129363
0.00159079
0.00141499
0.0018931
0.00140986
0.00166213
0.000932743
0.000895256
0.00214602
0.00162694
0.000935245
0.00211174
0.000193841
0.000979728
0.000734673
0.000222376
0.00128776
0.000381622
0.000742073
0.00183253
0.000890675
0.00106709
0.000993476
0.000695383
0.000931724
0.00172648
0.00181918
0.00111591
0.000958309
0.000150164
0.00211246
0.00101266
0.00156124
0.00106555
0.00122057
0.00170559
0.00104075
0.000760633
0.00186542
0.000797562
0.00234905
0.000425244
0.00246113
0.000154484
0.00111461
0.000278396
0.00130856
0.00116026
0.000705612
0.000571285
0.00145685
0.000342124
0.00270107
0.00141308
0.00125656
0.000143115
0.000447777
0.000664958
0.00124487
0.000861729
0.00122704
0.00348133
0.000877744
0.00712343
0.000141039
0.000566146
0.000272385
0.000760275
0.000766397
0.000675265
0.000578325
0.00138948
0.000502283
0.000575834
0.000411902
0.00127458
0.00083419
0.000894173
0.00121202
0.000463043
0.000839671
0.000932539
0.000862143
0.000744472
0.000141528
0.000820437
0.00068212
0.00127655
0.00154062
0.00123187
0.000677735
0.000604078
0.000971479
0.00098833
0.000253095
0.000981935
0.00145269
0.000480424
0.00157523
0.000994243
0.000608216
0.00170708
0.000301089
0.00126275
0.000538501
0.00272241
0.000937781
0.000540768
0.00341152
0.00073634
0.000930841
0.00190482
0.00126589
0.00119642
0.0019818
0.000908181
0.00117838
0.000499792
0.000785752
0.000275548
0.000617832
0.00191831
0.00264345
0.000669187
0.00225435
0.000866146
0.000233354
0.00187721
0.000757371
0.00172307
0.00133887
0.002667
0.001398
0.00177795
0.00189512
0.00127399
0.00177783
0.00104591
0.00111976
0.00219951
0.000807227
0.000322442
0.00100605
0.000578331
0.000262834
0.00112692
0.000377793
0.000975365
0.00145004
0.000144602
0.0262115
0.00185482
0.000782765
0.000556553
0.00081174
0.00070485
0.000820591
0.000721859
0.00119739
0.000203518
0.000735244
0.000701222
0.00133636
0.00094242
0.000942965
0.000474971
0.000541045
0.000798556
0.000471557
0.004399
0.000926158
0.000772299
0.000893887
0.000661294
0.00139288
0.00120217
0.000602936
0.000911386
0.000183813
0.000549305
0.00571621
0.000882755
0.00170769
0.000625898
0.000906124
0.00146977
0.000760298
0.000544023
0.000975295
0.000411115
0.00127814
0.000656095
0.00138702
0.000424867
0.000945797
0.000827604
0.00221114
0.00223052
0.000837761
0.00182605
0.00220756
0.0012105
0.000670506
0.0013097
0.00137288
0.000421469
0.00159451
0.00151239
0.00173784
0.00122355
0.00113084
0.000941193
0.0013316
0.000332628
0.0026653
0.000646559
0.00168788
0.000571443
0.0014603
0.0010253
0.00111061
0.00106825
0.000142698
0.00105308
0.000152268
0.00140945
0.00160586
0.000645206
0.000872778
0.000696075
0.000703208
0.000807278
0.000832179
0.000662215
0.000755358
0.0016138
0.000846038
0.000890711
0.00038754
0.0015232
0.000358214
0.00109737
0.00144907
0.000978104
0.000144624
0.000834451
0.000147125
0.00106722
0.00149141
0.000708159
0.00117993
0.00136136
0.000693313
0.00223431
0.00108681
0.00040338
0.000677
0.00101682
0.000466247
0.00104375
0.00174057
0.000616554
0.00100637
0.000949963
0.000867403
0.00123505
0.000629328
0.000835495
0.00064767
0.000697607
0.000884388
0.00144858
0.00135333
0.00101763
0.000884541
0.00105249
0.000881897
0.0011518
0.000768061
0.00156659
0.000269462
0.000316448
0.00125926
0.000326981
0.00130707
0.00137817
0.00052699
0.000234725
0.0016618
0.000653765
0.000882516
0.00213259
0.00117505
0.000831312
0.00110406
0.00126784
0.00112929
0.0010543
0.00127368
0.000645321
0.00101203
0.00030122
0.000141133
0.00137107
0.000526568
0.000709288
0.0013382
0.0013072
0.00133312
0.000864893
0.000542844
0.00135227
0.000165447
0.00167958
0.000141481
0.000696412
0.000975558
0.00116044
0.000512411
0.000479536
0.000791108
0.00169383
0.00207367
0.00130333
0.000144335
0.00156683
0.0023727
0.000897373
0.00129067
0.00280337
0.000146658
0.00141492
0.000956089
0.000476604
0.000701288
0.000530047
0.000788025
0.00128777
0.000586251
0.00031975
0.00128535
0.000710295
0.00158821
0.000465198
0.000309674
0.00199169
0.00140149
