0.00294256
0.00708215
0.00636898
0.0232205
0.0112742
0.00778751
0.00263105
0.00724371
0.00104906
0.00359716
0.0364034
0.00562415
0.0244182
0.0070974
0.00296864
0.00551838
0.0141189
0.0068194
0.00121434
0.00733918
0.00501564
0.0140599
0.00341887
0.001088
0.00502253
0.0128864
0.00225785
0.00183225
0.00229477
0.00125553
0.022367
0.012286
0.00220952
0.012477
0.000968563
0.0169078
0.00560739
0.00344035
0.00387559
0.00245922
0.00367493
0.00111555
0.00112363
0.00624865
0.00446941
0.00561557
0.00328058
0.0233289
0.0131805
0.0102551
0.00106218
0.00112875
0.00478073
0.00329577
0.00294569
0.0041342
0.000800598
0.00371632
0.00578373
0.00116912
0.00166453
0.00635669
0.00617383
0.0069011
0.0015182
0.00368846
0.00664816
0.0030329
0.00471923
0.00460036
0.00542515
0.0220516
0.000154131
0.00508514
0.00336218
0.00583175
0.0342373
0.00198733
0.00890995
0.00426428
0.00806722
0.00249009
0.007016
0.00818818
0.0014613
0.00843374
0.00705838
0.00759277
0.0033988
0.00432249
0.000448055
0.00285455
0.00670185
0.00190545
0.00137999
0.00612236
0.0259719
0.0126184
0.00426259
0.000879549
0.00281213
0.0205
0.00190224
0.00870206
0.0134324
0.00288331
0.00211277
0.00551384
0.00174474
0.00234626
0.00134269
0.00151603
0.00503256
0.00360762
0.00702514
0.00152767
0.00364732
0.0032883
0.00588593
0.00987289
0.0050541
0.024337
0.0112116
0.00235171
0.00479586
0.000262229
0.00825024
0.00257047
0.00147472
0.00112857
0.00547178
0.00225019
0.012002
0.00266563
0.000835803
0.001113
0.00328452
0.00186505
0.0105503
0.0157296
0.0174113
0.0035895
0.00858078
0.0164701
0.00662469
0.0497353
0.0153081
0.0195324
0.00324454
0.0141635
0.00513489
0.00132845
0.0108457
0.00893238
0.00188879
0.00122768
0.000148547
0.00190779
0.00222415
0.00131398
0.00785479
0.0137034
0.00365665
0.0024447
0.00447265
0.00815772
0.00147876
0.0030143
0.00123939
0.0129634
0.00490822
0.00693878
0.00434902
0.00206913
0.00648532
0.00506119
0.0210287
0.00172649
0.000877558
0.00105757
0.00183102
0.0073074
0.0208644
0.0347887
0.0239362
0.00192984
0.0354872
0.0113425
0.000695026
0.000590631
0.00810297
0.00557254
0.00509052
0.00932993
0.00838667
0.00251661
0.00699572
0.00145061
0.00918931
0.00110365
0.0029722
0.00154859
0.0005106
0.00272002
0.00626688
0.0116854
0.00230744
0.00824912
0.00671388
0.00349608
0.00157012
0.00560311
0.000858724
0.0047457
0.00360388
0.00534905
0.00259061
0.0244023
0.00316449
0.00352183
0.00105911
0.0138667
0.0069826
0.00121895
0.00768659
0.0085105
0.0021762
0.00415036
0.000625222
0.00188368
0.00217189
0.00854657
0.00625935
0.0025281
0.00231651
0.00781555
0.00724054
0.00761022
0.0275515
0.00764577
0.010539
0.00553997
0.0059375
0.00486133
0.00213553
0.000816259
0.00260918
0.00230532
0.0220652
0.00299974
0.00544158
0.00591372
0.00518985
0.0063701
0.00436752
0.0128542
0.000463125
0.0100205
0.00131566
0.00597919
0.00201058
0.00358178
0.0159169
0.0021662
0.000835016
0.00208699
0.0114841
0.00285864
0.00906744
0.00668396
0.0037624
0.0122347
0.00220621
0.00475291
0.0152607
0.00760461
0.00456742
0.00338162
0.00711735
0.00398599
0.00171864
0.025686
0.00533136
0.0047964
0.00588607
0.00171326
0.00382258
0.00099762
0.00094355
0.0123465
0.00908492
0.00480582
0.00509506
0.00606319
0.00347417
0.0309485
0.00434838
0.00444113
0.00296704
0.00206019
0.00158479
0.0434754
0.00475342
0.00421451
0.0017344
0.00136619
0.00855671
0.00171322
0.0162118
0.00567625
0.00514395
0.00139104
0.00238399
0.00192802
0.00277521
0.00121091
0.00278965
0.00362996
0.0116245
0.00886179
0.00064989
0.00893939
0.0045239
0.00463487
0.0018463
0.0069942
0.025732
0.00236646
0.00829069
0.0139263
0.00872325
0.00794154
0.00400501
0.00497626
0.00706859
0.00214535
0.000493002
0.00414125
0.0138481
0.00124554
0.0482254
0.0063326
0.00659314
0.00672216
0.00745577
0.00797889
0.0138483
0.00258016
0.00937852
0.00254241
0.0171209
0.00431154
0.00125196
0.00319801
0.0031976
0.00462416
0.00303551
0.00250605
0.00139649
0.0176802
0.0172778
0.0145547
0.00195728
0.00210035
0.0015563
0.00722148
0.00286941
0.00716188
0.0015431
0.00574191
0.0231524
0.000668347
0.00577978
0.00201705
0.00263812
0.00184123
0.00598539
0.00130226
0.00423623
0.0064982
0.00214205
0.00144908
0.00494847
0.00716362
0.00258404
0.00143058
0.00266627
0.00442305
0.000683993
0.00282141
0.00429692
0.00438231
0.004041
0.0014045
0.0265663
0.00420909
0.00315376
0.00201999
0.00146891
0.00547372
0.00153821
0.00649685
0.00683106
0.0139929
0.00826544
0.00278981
0.016173
0.00442939
0.00210102
0.00935208
0.0120769
0.00160583
0.0178267
0.000885637
0.00189737
0.00273067
0.0108098
0.00713984
0.00337585
0.0262605
0.000722655
0.00299279
0.00687649
0.00167607
0.00568917
0.00260966
0.00158967
0.00148472
0.0030999
0.00340737
0.0122675
0.00108885
0.0075363
0.00134269
0.00389514
0.00284733
0.00237431
0.00192867
0.010741
0.00272311
0.0048996
0.00699302
0.00967673
0.00231476
0.00181965
0.0157978
0.014978
0.0122184
0.00363018
0.00132894
0.00188604
0.00467347
0.00433527
0.00103906
0.00177133
0.0154808
0.00318977
0.00213899
0.00177242
0.0295846
0.00356988
0.00338508
0.00161666
0.00264366
0.00143611
0.00479301
0.000510888
0.00804561
0.0103049
0.00797184
0.00216404
0.0320971
0.00105421
0.0099652
0.00527119
0.00422474
0.00191743
0.00179606
0.0141661
0.000509054
0.000744378
0.00627382
0.0114911
0.0150648
0.00196603
0.00365
0.00254781
0.00298564
0.00711844
0.00378199
0.000704806
0.00122562
0.0019528
0.00174293
0.00450655
0.0033764
0.00271138
0.00500283
0.00464874
0.00431938
0.00955664
0.0190619
0.00697872
0.00507344
0.0172473
0.00542379
0.000611407
0.0146536
0.000590625
0.0126169
0.0156583
0.013497
0.00103786
0.0102309
0.00171183
0.00290251
0.0040017
0.00817908
0.00326468
0.00449784
0.00181369
0.00318612
0.00270628
0.0017867
0.0162023
0.00479221
0.00115859
0.00240716
0.00222378
0.00546698
0.0372886
0.00888853
0.00335494
0.00328225
0.0406428
0.00248098
0.00177982
0.00629298
0.00362884
0.00696843
0.00191765
0.00300587
0.018649
0.0063706
0.00629801
0.00402169
0.000713727
0.00681808
0.00904084
0.00260656
0.00347518
0.000782687
0.0125857
0.00500173
0.00496028
0.000375301
0.00104617
0.00138935
0.00222099
0.00199701
0.00157705
0.0133192
0.00442238
0.00163395
0.0185675
0.000898404
0.0020804
0.00127466
0.0113411
0.00399596
0.0043932
0.00760126
0.00583679
0.0221254
0.00152696
0.00480457
0.00506672
0.00537044
0.0193681
0.00206674
0.00799662
0.000473374
0.000540953
0.00266408
0.00690843
0.00561757
0.000361681
0.0106158
0.000904628
0.00441689
0.00626704
0.00512393
0.00129443
0.00801436
0.0228755
0.00149279
0.00503711
0.0177448
0.0150776
0.00103579
0.00050937
0.00339048
0.00318522
0.00680922
0.00462459
0.00337133
0.00344139
0.00206978
0.00541333
0.00174672
0.00612873
0.00323847
0.011988
0.00741938
0.00397433
0.00626952
0.0106167
0.00415486
0.00485324
0.00866038
0.000979504
0.036266
0.0090145
0.0237261
0.0037136
0.0028219
0.00353172
0.0129239
0.00388247
0.00551384
0.0181847
0.00538061
0.0708667
0.0247425
0.00449741
0.00384475
0.00619294
0.00116448
0.00207648
0.000834956
0.00654968
0.00114479
0.0085494
0.00202979
0.00411296
0.0106882
0.00350028
0.00814556
0.00314164
0.00177402
0.00066856
0.00123973
0.0126694
0.00806948
0.011418
0.00483228
0.00207461
0.0305503
0.00173852
0.0115239
0.0023519
0.00428378
0.0193444
0.00467741
0.0159083
0.00555498
0.00218211
0.00684717
0.00255064
0.00362788
0.0114881
0.00277694
0.00652189
0.00611544
0.0101232
0.00959654
0.00974458
0.00811611
0.010438
0.00168695
0.00227666
0.00160612
0.00141607
0.00497211
0.00243859
0.00187552
0.00938283
0.0181016
0.00336547
0.0043788
0.00224446
0.001819
0.00708682
0.00529176
0.00243739
0.00231848
0.00317021
0.00773834
0.00554277
0.000933475
0.00635787
0.00346873
0.00195167
0.00195467
0.00189226
0.00693454
0.00273359
0.00620803
0.00550545
0.00116861
0.00861507
0.00431507
0.0008709
0.0260015
0.00178966
0.0273621
0.00214576
0.000887638
0.0119512
0.00535146
0.00144103
0.00510979
0.00511491
0.0122421
0.0146278
0.01148
0.0130589
0.00159927
0.00362444
0.00885383
0.000160667
0.00661475
0.00805361
0.00377923
0.00269089
0.0219679
0.0123132
0.00336257
0.00923689
0.000543361
0.00502009
0.00285518
0.00574139
0.00603894
0.00222362
0.000887566
0.00258336
0.0081511
0.00470863
0.0150973
0.00753291
0.0037157
0.00120626
0.000285965
0.000812153
0.00376418
0.00301291
0.00409579
0.000347244
0.00150287
0.00482172
0.00417672
0.00806004
0.0024622
0.00256161
0.00289339
0.00613642
0.00555453
0.00164833
0.0054156
0.00835698
0.0129695
0.00269744
0.00817374
0.00986948
0.00778493
0.0114791
0.00224985
0.00196957
0.00168637
0.00762908
0.00181173
0.00268996
0.00116752
0.00606317
0.0386586
0.00414348
0.00274167
0.00118701
0.00344175
0.0077776
0.00166527
0.00711705
0.00265568
0.0127089
0.033883
0.00228961
0.00272121
0.00118684
0.00112538
0.00371727
0.00539601
0.0032791
0.00468386
0.000541994
0.00219791
0.00442331
0.0051418
0.00247696
0.00500668
0.000567819
0.00161395
0.000385678
0.00591339
0.00491631
0.00158815
0.0079028
0.000504312
0.00709775
0.00476053
0.0027471
0.00453427
0.0034243
0.00685733
0.0119532
0.00249473
0.01682
0.0176938
0.00202452
0.00383417
0.00458357
0.00147507
0.00188093
0.00503779
0.000650126
0.00831631
0.00253468
0.0044987
0.00167905
0.0107192
0.0043831
0.00269104
0.00374037
0.00129322
0.0175506
0.00110125
0.00455867
0.0130535
0.0112133
0.000617126
0.0116707
0.00116671
0.00232773
0.00298202
0.00326107
0.00539373
0.00117145
0.0191556
0.0172937
0.0181062
0.0124901
0.00199753
0.0055362
0.00116363
0.00591956
0.00508265
0.00531487
0.00294
0.0170176
0.00546221
0.0043677
0.00439226
0.0243923
0.00255077
0.00300678
0.0114076
0.0346453
0.0162546
0.00585228
0.00391232
0.00550771
0.00772677
0.00849084
0.000313225
0.00337952
0.00377863
0.00656007
0.0166132
0.00115964
0.00340427
0.0154759
0.00670327
0.00950342
0.00154737
0.00397912
0.00310681
0.00398062
0.00588166
0.00470571
0.00920509
0.015201
0.00758316
0.00619115
0.00485652
0.0214663
0.00777369
0.00102688
0.00164517
0.00741775
0.00310148
0.00144099
0.00358863
0.007567
0.00980093
0.00504118
0.00270638
0.00451294
0.00051092
0.00246454
0.00350723
0.00245059
0.00409038
0.00582258
0.0222576
0.00725139
0.00343592
0.00232313
0.000661062
0.00428667
0.00807876
0.00329774
0.0119175
0.00146961
0.012557
0.00185091
0.0059635
0.00509743
0.00415872
0.00284557
0.00145671
0.00536013
0.0357185
0.00682866
0.00404306
0.0167839
0.00412756
0.00849318
0.0344039
0.00846006
0.000764865
0.00201459
0.00116704
0.00432434
0.0142507
0.00731555
0.00363032
0.00217564
0.00106991
0.00633367
0.0313231
0.00379808
0.00499627
0.00169651
0.00273141
0.00908032
0.00323512
0.000984255
0.00528575
0.0132763
0.000692303
0.00409259
0.0139178
0.0028747
0.00438635
0.00472782
0.00415307
0.00854505
0.000947954
0.00542549
0.00310097
0.0148977
0.0007067
0.000518978
0.00532801
0.00475095
0.01939
0.0439988
0.0198441
0.00434013
0.00219737
0.00705254
0.00879705
0.00106607
0.00523009
0.00350193
0.00565581
0.00341432
0.00608204
0.00051823
0.0101789
0.0248684
0.000376388
0.0163551
0.00571483
0.00191967
0.00153482
0.000372918
0.00905531
0.00430574
0.00300965
0.0275331
0.00435576
0.0022914
0.000267151
0.000604406
0.00183354
0.00141442
0.0112947
0.00218006
0.00191372
0.00226288
0.00167694
0.02832
0.0068677
0.000680353
0.00289069
0.00282079
0.01068
0.00361357
0.00625247
0.00664065
0.00369036
0.00270983
0.00506207
0.0138408
0.00613258
0.0154318
0.00202539
0.00196015
0.00328053
0.000487691
0.00310444
0.0610115
0.00135029
0.000557064
0.00884248
0.0151015
0.0178196
0.0106954
0.00443286
0.00124508
0.00238561
0.00792851
0.00558473
0.0030573
0.00636855
0.00519297
0.000732282
0.008541
0.0024997
0.000949423
0.00658957
0.00190036
0.00933497
0.00987347
0.00368236
0.00627646
0.0014285
0.00781776
0.00343957
0.00161804
0.00556605
0.00154028
0.00300514
0.00194035
0.00341007
0.00253094
0.00290617
0.0033948
0.00347936
0.00450314
0.00436146
0.00804271
0.0471518
0.00583956
0.00166725
0.0065681
0.00416293
0.00266459
0.00516579
0.00466063
0.00337325
0.00644256
0.00466392
0.00350286
0.00510193
0.00631934
0.00133105
0.00204918
0.014771
0.00966105
0.00144038
0.0177996
0.0349232
0.0047511
0.0173509
0.0053503
0.00411051
0.00390414
0.0077865
0.0236752
0.00301164
0.00343469
0.000868465
0.011534
0.0041377
0.000554279
0.00212843
0.000622586
0.00790067
0.00295694
0.00439933
0.00407215
0.00718884
0.00524536
0.00139045
0.000784963
0.0146457
0.000984895
0.00861431
0.0209528
0.0180434
0.000755201
0.00521531
0.0418323
0.00184268
0.0057497
0.00329037
0.00379282
0.00216111
0.0207683
0.00249394
0.0141015
0.00744542
0.0198872
0.00658023
0.000710263
0.00175847
0.00110155
0.00431368
0.00297595
0.0117501
0.0181344
0.00206837
0.0023673
0.00208809
0.00283148
0.00367111
0.0160241
0.00962571
0.00395252
0.00173289
0.028153
0.00170122
0.000621708
0.00198512
0.00787011
0.00548912
0.00116659
0.0061128
0.0181312
0.0101614
0.00806306
0.00800274
0.00107171
0.00113666
0.00729061
0.00770161
0.00625591
0.0147307
0.000459584
0.00289142
0.00425217
0.00679313
0.00733167
0.00416648
0.00478913
0.0121144
0.0214229
0.00776579
0.00401692
0.00615915
0.00212917
0.000857078
0.00237804
0.00165257
0.00413608
0.00287662
0.000793864
0.0095021
0.0115076
0.0014937
0.00819135
0.00236823
0.00334958
0.000903005
0.00848101
0.0356138
0.00324233
0.00918064
0.00252993
0.0119596
0.00633585
0.00192395
0.000802386
0.00122726
0.00143115
0.00315772
0.00440947
0.00710374
0.00275551
0.00091499
0.0101761
0.0207983
0.000774182
0.0126297
0.0135853
0.00222201
0.00114613
0.00431734
0.0123922
0.00365434
0.00531264
0.0318994
0.0162394
0.000843997
0.0092784
0.0118437
0.00339643
0.00477356
0.00936169
0.00485673
0.000214898
0.00353396
0.00180026
0.00460046
0.00139592
0.00325753
0.00455232
0.00376853
0.00109679
0.00624682
0.00359901
0.00902476
0.00525774
0.00324932
0.00147989
0.0038803
0.000886092
0.00119351
0.00634882
0.0105541
0.0013494
0.0170883
0.0116165
0.00399596
0.00435188
0.00898772
0.0050834
0.00282903
0.00113946
0.00538589
0.00587284
0.0125217
0.00512161
0.000978992
0.00903425
0.0107072
0.0112248
0.00215787
0.00469246
0.00552627
0.00280833
0.0103882
0.00390137
0.0292471
0.00512256
0.00158067
0.000504498
0.00304069
0.00159664
0.00961047
0.00268007
0.0018615
0.000971495
0.0138469
0.00418592
0.00646411
0.00440666
0.00581722
0.0285652
0.00422874
0.0444224
0.00260042
0.00637377
0.00283183
0.00784372
0.0100816
0.00698773
0.0166518
0.00765414
0.00214441
0.00370689
0.0017068
0.00565736
0.00367914
0.0075357
0.00306672
0.00504839
0.00215726
0.00425829
0.00263301
0.0022764
0.0163162
0.0040502
0.00266193
0.0112307
0.00648883
0.000748046
0.0575496
0.00320201
0.0227259
0.000987324
0.0040843
0.0022134
0.00133561
0.00586891
0.0102167
0.00348866
0.0278646
0.00132682
0.00123947
0.00246259
0.00293827
0.00183211
0.0627221
0.00331657
0.0137193
0.00780694
0.00318655
0.00774678
0.00152922
0.00454077
0.002959
0.00507084
0.00379055
0.00614334
0.000766159
0.0111191
0.0134266
0.0206358
0.00767626
0.00456426
0.00225171
0.00703161
0.021373
0.00516318
0.00314207
0.00539934
0.00274784
0.00131919
0.0407881
0.0175039
0.00397274
0.00266303
0.00838902
0.00733062
0.00467507
0.00252586
0.0041246
0.0139541
0.000531543
0.0199088
0.00185727
0.00196512
0.0142768
0.0043188
0.000775724
0.00215936
0.00465603
0.0107905
0.0103429
0.0170634
0.0036379
0.00219791
0.00127358
0.00244849
0.00538948
0.00189759
0.00300786
0.012104
0.000701276
0.000991861
0.00316534
0.00335009
0.0027425
0.00429769
0.00142844
0.00172141
0.00763283
0.0218859
0.00881165
0.0291981
0.00185967
0.000831685
0.00158155
0.00677579
0.00363946
0.00666309
0.00861544
0.00258082
0.00168429
0.00479294
0.002006
0.00169891
0.0033355
0.00415026
0.00412669
0.00486954
0.0263185
0.00871342
0.0229967
0.0158383
0.00305757
0.00394728
0.00222553
0.0154861
0.00100777
0.00163527
0.00901088
0.00333056
0.00459444
0.00202309
0.000474307
0.00376314
0.0112006
0.0228227
0.00287219
0.0250472
0.00791229
0.0265459
0.0024707
0.0194927
0.0005587
0.00131545
0.0119995
0.000692607
0.0320949
0.00279283
0.00204747
0.00173778
0.0175484
0.00217699
0.00407497
0.000892139
0.00207401
0.00768043
0.0109481
0.00744875
0.0014082
0.00760768
0.00869701
0.00543545
0.00465706
0.00587403
0.000752544
0.00507243
0.0165694
0.00155631
0.00163009
0.00211942
0.00150715
0.00967943
0.0152762
0.0172414
0.00754032
0.050283
0.00985903
0.0021433
0.0128314
0.00763783
0.00173118
0.00292866
0.00157073
0.0235878
0.00972035
0.00354795
0.00313356
0.0243939
0.00623108
0.00842833
0.00300225
0.00522139
0.0134095
0.00600755
0.00536741
0.0006444
0.00361855
0.0163773
0.00684028
0.00562884
0.00640768
0.0231964
0.0147948
0.00185084
0.000864748
0.0267517
0.000977617
0.00229502
0.00763328
0.00462292
0.00460952
0.0342927
0.0176715
0.00304784
0.00471323
0.00294828
0.010078
0.00380012
0.0148251
0.0012516
0.00254089
0.009946
0.0054559
0.00144443
0.0540789
0.00351339
0.000801264
0.00153968
0.00385488
0.00398738
0.00192688
0.00898803
0.00434063
0.000981997
0.00258884
0.00434862
0.00432176
0.0231532
0.0124082
0.00650165
0.0216591
0.00105393
0.0471079
0.00257707
0.00395554
0.001883
0.00354416
0.000708077
0.00788601
0.0090762
0.00314343
0.00779533
0.00397195
0.00388674
0.0100594
0.00476761
0.0116701
0.00174462
0.00305149
0.00121738
0.00471178
0.00156991
0.00260612
0.0136183
0.0122627
0.00460622
0.0113821
0.00286614
0.00132889
0.00624103
0.0105082
0.00161772
0.0158661
0.0119879
0.00192327
0.00183489
0.000376376
0.00800654
0.00419799
0.00248437
0.00435115
0.0187138
0.0038614
0.00384617
0.00394643
0.0026894
0.00575159
0.0067698
0.00131917
0.00737698
0.00119015
0.00431565
0.00533116
0.00959357
0.00781798
0.00483825
0.00160741
0.00182899
0.0117875
0.0241408
0.00230474
0.00544084
0.0117838
0.00262536
0.0110687
0.00268547
0.00603403
0.00434723
0.00411044
0.00622574
0.00881828
0.0369601
0.00302045
0.00252344
0.0111043
0.00222004
0.00133697
0.00475673
0.0105414
0.00444916
0.00451264
0.000646739
0.0213564
0.00400792
0.0025176
0.00765671
0.0259199
0.00464745
0.00129322
0.00124434
0.00650372
0.0169701
0.00586304
0.00409747
0.0017529
0.00754828
0.00427169
0.00221456
0.00170806
0.00128611
0.00930172
0.011133
0.0102894
0.00276153
0.00276996
0.00895751
0.000994103
0.00343113
0.0023917
0.0239776
0.010888
0.0310112
0.00527362
0.0170029
0.0131917
0.00237075
0.0027512
0.00794237
0.00933646
0.000450658
0.0011796
0.00316467
0.0049769
0.0210304
0.003656
0.00435121
0.0033982
0.00109707
0.0199826
0.0051645
0.0115605
0.0054213
0.00230277
0.0154779
0.00502556
0.0404566
0.00965312
0.000468529
0.00520835
0.00403702
0.00540574
0.00836726
0.0020514
0.00143555
0.0171216
0.00413643
0.00568529
0.00557586
0.0123783
0.0123509
0.00108548
0.0024523
0.00388624
0.00236629
0.00388927
0.00374624
0.00194711
0.00290729
0.0065594
0.00562596
0.00667649
0.00111123
0.00602711
0.00533171
0.00217313
0.000671481
0.00234638
0.00506473
0.00286217
0.00193849
0.000956163
0.00256619
0.00716382
0.00514316
0.0145425
0.0106096
0.00260919
0.00551732
0.00382476
0.00238548
0.00525129
0.000692874
0.0286828
0.0095117
0.00593254
0.0105665
0.00428346
0.0155574
0.0046772
0.0023398
0.00442827
0.00573727
0.00377796
0.00684496
0.0127986
0.0410547
0.00272061
0.0659161
0.00188121
0.00572887
0.0679186
0.00618126
0.00336188
0.00256698
0.00160579
0.00210511
0.0189931
0.00194782
0.00570683
0.00655528
0.000623678
0.00567578
0.00396214
0.00391677
0.00161008
0.00139183
0.00419828
0.00303516
0.00843368
0.00311553
0.00560836
0.00321308
0.00222336
0.0050057
0.00135561
0.00294726
0.00311732
0.0175827
0.0039857
0.00372216
0.00858264
0.0025487
0.00505884
0.000551928
0.00179827
0.00222214
0.00187279
0.00215277
0.00700222
0.00780965
0.0102882
0.00237562
0.0110636
0.00202501
0.00494177
0.00587012
0.0195086
0.0117846
0.00585592
0.00373967
0.00422064
0.00718446
0.00512675
0.00285472
0.00855315
0.00313542
0.000841403
0.00222616
0.0015764
0.00354684
0.00119562
0.0118897
0.00374114
0.00127479
0.0142988
0.00234908
0.00207257
0.000733981
0.00073463
0.00489687
0.0122868
0.00133421
0.00587435
0.0451539
0.00485419
0.00327558
0.00838899
0.00149936
0.00129679
0.00299816
0.00489754
0.0574312
0.0092274
0.00675433
0.00603253
0.00894181
0.00330955
0.0126955
0.0078201
0.00331021
0.0249149
0.00111041
0.00497952
0.00260377
0.00244905
0.00744473
0.00265175
0.0818533
0.00628728
0.015727
0.00139012
0.00729091
0.00226813
0.014537
0.00770892
0.004233
0.00336033
0.00119524
0.00171529
0.00361419
0.03405
0.00774097
0.000860391
0.000261271
0.0113463
0.00450271
0.000988398
0.00462634
0.0143821
0.000988017
0.00127875
0.00774604
0.011083
0.00158353
0.00553094
0.032805
0.0109363
0.0271696
0.00364255
0.00377124
0.00396958
0.0185424
0.00925315
0.00645441
0.00236402
0.00664995
0.00698978
0.0309863
0.00238232
0.00040335
0.00617413
0.0153006
0.00635703
0.0252704
0.00410952
0.00636904
0.000898403
0.006451
0.00365394
0.00467622
0.00237227
0.0049643
0.00449241
0.00415949
0.000798737
0.00380968
0.00386293
0.00400487
0.00400073
0.0161933
0.00419459
0.00247328
0.0105853
0.00204279
0.00231288
0.00270692
0.0126428
0.00309675
0.0192554
0.00625045
0.00480364
0.0020716
0.008439
0.0166786
0.00459988
0.00222382
0.0291324
0.000411296
0.00284763
0.00915119
0.000610868
0.00136103
0.00256591
0.00232375
0.00226478
0.00200262
0.0133519
0.00632517
0.00143174
0.0033845
0.0157992
0.00360253
0.00452061
0.010872
0.00268696
0.00511438
0.00735521
0.00441523
0.00179537
0.0170966
0.00624422
0.00779865
0.00349822
0.00796567
0.00452719
0.00358859
0.0111787
0.00164353
0.00353279
0.00863589
0.00461049
0.000884113
0.00306862
0.0150739
0.00289361
0.00150408
0.0102233
0.00502226
0.00213528
0.00107268
0.00145904
0.00434915
0.00217801
0.011611
0.00098985
0.00460186
0.00629152
0.00882732
0.0127004
0.00158101
0.00223471
0.00528649
0.00260824
0.00801846
0.00872165
0.00281494
0.0040472
0.00229185
0.00463008
0.00328288
0.000593206
0.00107518
0.0152285
0.00308878
0.00279874
0.00554056
0.00224641
0.00130831
0.0139701
0.00165578
0.0159315
0.000918138
0.00299284
0.000693791
0.0237865
0.00517121
0.000806154
0.00399921
0.00241977
0.0107305
0.000417927
0.0031966
0.0158971
0.00675065
0.00368501
0.0032858
0.0049896
0.000884242
0.0040973
0.00157223
0.00276631
0.0018314
0.00601712
0.00189433
0.00464291
0.00222379
0.00131708
0.00594607
0.00861856
0.00457481
0.0101117
0.00192926
0.0137478
0.00980268
0.00352457
0.00297125
0.00108996
0.00322823
0.00336858
0.00259252
0.000939939
0.00196658
0.00706176
0.0176499
0.00249514
0.00993304
0.00162433
0.0051815
0.00841986
0.0252496
0.000151133
0.0321214
0.0178675
0.0118412
0.00306161
0.00459755
0.0239849
0.00445787
0.000814882
0.0110512
0.0149783
0.0086707
0.00592626
0.00606575
0.00126959
0.00258635
0.0032239
0.00345329
0.0027085
0.00572395
0.000789711
0.00462038
0.00154033
0.00440808
0.00120279
0.00554464
0.00782843
0.0034811
0.00352095
0.00246387
0.0052213
0.00360371
0.00776516
0.00720033
0.00916606
0.00312485
0.00400602
0.00227884
0.00189042
0.00407744
0.00531988
0.00144719
0.00357769
0.00494718
0.00331413
0.00636438
0.0194242
0.00885835
0.00267376
0.00223998
0.0056969
0.00226882
0.0166904
0.00202351
0.0071382
0.00203033
0.00445217
0.00631918
0.00314459
0.00541883
0.00149631
0.00164872
0.00471735
0.00281742
0.00394002
0.00469914
0.00383597
0.00306998
0.00740995
0.00225129
0.0131354
0.00178547
0.00396475
0.00249875
0.00123609
0.0109552
0.0111883
0.00267409
0.00566473
0.000663935
0.00371581
0.0134547
0.0094408
0.0032554
0.00156735
0.00301625
0.00159177
0.000727137
0.0289943
0.00883562
0.0079206
0.0198846
0.0149344
0.00070215
0.0194341
0.0121684
0.00154772
0.00630375
0.00413416
0.00495469
0.00639807
0.0247622
0.00415042
0.0182732
0.00294681
0.00210141
0.00291471
0.00614026
0.00119214
0.00356782
0.0172078
0.00279727
0.00367958
0.00228174
0.00567092
0.0221889
0.00121763
0.000972449
0.00919754
0.0113963
0.00426542
0.00345325
0.00827996
0.025651
0.00665962
0.00239799
0.000698668
0.0121493
0.000161733
0.0037654
0.00468534
0.00643191
0.00680866
0.0245339
0.00218187
0.00583631
0.00213645
0.00377269
0.00557009
0.0146939
0.00155459
0.0037134
0.00646514
0.00586263
0.00165051
0.00354969
0.00802702
0.00928754
0.0249852
0.00454924
0.00176154
0.00445678
0.00518895
0.00704288
0.00410715
0.00083754
0.00595228
0.0105144
0.0084527
0.003186
0.00278391
0.00483204
0.00240019
0.0468791
0.00356137
0.00212822
0.00619136
0.00690393
0.0399963
0.00938596
0.00312402
0.00565236
0.0041062
0.00627136
0.00116346
0.00978473
0.00539076
0.00628568
0.00989621
0.0161253
0.00293873
0.00115124
0.00153077
0.00260055
0.00334024
0.00143838
0.00327099
0.00806172
0.0152913
0.00438627
0.00468519
0.00465408
0.00918606
0.00956442
0.00736382
0.00210684
0.00239385
0.000696768
0.008156
0.00151759
0.0127712
0.00426663
0.00373934
0.00982411
0.00576576
0.00816192
0.00542545
0.000881048
0.00240881
0.00109501
0.0105227
0.000713337
0.00787949
0.000198051
0.00564393
0.00947214
0.00577214
0.00478591
0.00152182
0.00224701
0.00683881
0.0014757
0.00762444
0.00668638
0.00504671
0.00441469
0.000536333
0.0104966
0.00119158
0.00534971
0.0128349
0.0327251
0.00504837
0.00841256
0.00115263
0.000149781
0.00158033
0.00217574
0.00599045
0.0116943
0.0025113
0.00561012
0.000801262
0.0257021
0.00338534
0.0138937
0.00548209
0.00334148
0.0247458
0.00594471
0.00405952
0.00342925
0.00171825
0.0104544
0.0193774
0.000679233
0.00682756
0.0303716
0.00180987
0.00303719
0.00174066
0.0053645
0.00640127
0.00480282
0.00671587
0.0141165
0.0601483
0.00137376
0.00141133
0.0039367
0.00704588
0.00409649
0.015846
0.00252182
0.00152997
0.00150692
0.00134891
0.000825647
0.00276362
0.00630624
0.0198735
0.00148971
0.00148842
0.00263066
0.00604403
0.00291928
0.00475315
0.00604905
0.00788082
0.0321931
0.0123693
0.0251709
0.00221984
0.00640278
0.00259063
0.00647864
0.00321876
0.00827642
0.00119458
0.00241879
0.00255046
0.00151203
0.00112494
0.0106328
0.0107911
0.00929782
0.00450528
0.00323685
0.00361884
0.00668866
0.000474015
0.00439118
0.00255927
0.0289418
0.00431825
0.00358897
0.00260296
0.00496037
0.00170034
0.00759376
0.00324021
0.00488586
0.00325286
0.00358551
0.00216969
0.0141361
0.00381575
0.00136219
0.00545021
0.0012396
0.00729364
0.0052065
0.00871983
0.0347363
0.000859113
0.00188946
0.00225371
0.00168533
0.0188374
0.00460375
0.000503404
0.000771788
0.0011714
0.0137944
0.00364793
0.0110723
0.0125786
0.00109054
0.00132326
0.00715488
0.00841815
0.00410114
0.00218094
0.0047642
0.0100562
0.00270045
0.000959186
0.0090303
0.00241317
0.00479549
0.00505873
0.00314128
0.00166031
0.00493577
0.041194
0.01764
0.00745395
0.00447599
0.00788333
0.00157964
0.0121634
0.000859857
0.00176714
0.00368527
0.00077109
0.0137741
0.0133287
0.00141502
0.00303855
0.00919469
0.0128365
0.00648118
0.00298394
0.00969686
0.00347457
0.00140111
0.00267322
0.00838467
0.00631368
0.00829526
0.00149985
0.00258766
0.00152531
0.00765707
0.00906094
0.00224888
0.00332713
0.00594897
0.00358942
0.00184344
0.00759832
0.0322207
0.00353203
0.0104458
0.00816172
0.0190002
0.0102633
0.00649738
0.0289456
0.00666288
0.0318733
0.0164229
0.000960035
0.00187969
0.024109
0.00428202
0.00798232
0.0204253
0.00545369
0.0059139
0.00301451
0.00257742
0.00179986
0.00111424
0.00652033
0.00647225
0.00824266
0.0034753
0.00904908
0.00244771
0.00972573
0.00215529
0.00333185
0.010417
0.00864481
0.00242131
0.00527511
0.0102691
0.00458515
0.00271775
0.00479409
0.00113076
0.0163769
0.00227043
0.00175206
0.00269515
0.0138681
0.038535
0.0139399
0.0134515
0.00768939
0.0192225
0.00179004
0.00413338
0.00341622
0.0122542
0.0258146
0.00341763
0.00363203
0.00441324
0.000494825
0.00867262
0.00229605
0.00146117
0.000775665
0.00122756
0.00293341
0.00247497
0.000374636
0.00125735
0.00193842
0.00127724
0.00617668
0.00156633
0.00269778
0.00178247
0.0133839
0.00257587
0.00356645
0.0397709
0.00338854
0.00244251
0.0117199
0.0186169
0.00305796
0.011891
0.00422061
0.00442905
0.00885514
0.00114613
0.0103156
0.00804145
0.00359774
0.000576479
0.00398402
0.0185798
0.00250489
0.00285124
0.0101279
0.00310097
0.00313403
0.00245956
0.0211922
0.038742
0.00148466
0.00162274
0.0148055
0.0136103
0.00202279
0.00262165
0.00914291
0.00242421
0.000301374
0.0070004
0.0116528
0.00148874
0.0010715
0.00244942
0.00326436
0.00929121
0.00105443
0.00674994
0.0137074
0.000870696
0.0061107
0.00406836
0.00100677
0.00863194
0.00171559
0.00130682
0.00400275
0.00516348
0.0026708
0.00192121
0.00460008
0.00358942
0.0121383
0.0135184
0.00690616
0.00497878
0.00066941
0.00796758
0.0016764
0.00421825
0.00236124
0.00426299
0.00131017
0.00542237
0.00941695
0.00083052
0.0045531
0.0271281
0.00065396
0.0187741
0.00600729
0.00285125
0.00530177
0.00381801
0.00451676
0.00187742
0.00248243
0.00410448
0.0100653
0.00493212
0.00246632
0.00377922
0.0161869
0.00310427
0.0134575
0.00146522
0.0148784
0.0307365
0.0211727
0.008347
0.00967553
0.00191563
0.0051813
0.00467828
0.0358754
0.00703123
0.00386514
0.00669745
0.00533634
0.000203019
0.00131347
0.00418445
0.00123668
0.00584029
0.00549074
0.00334313
0.0195894
0.00494536
0.00370659
0.0106861
0.00131095
0.00399604
0.00425111
0.000761969
0.00345115
0.00567617
0.00745534
0.0027784
0.00612724
0.00322
0.0128565
0.000504128
0.00147714
0.0211867
0.00282207
0.0137371
0.00404818
0.00352069
0.0119803
0.00796094
0.00824893
0.00113476
0.00375809
0.00188185
0.00600605
0.00161015
0.00498966
0.00181239
0.00146944
0.0011112
0.00106481
0.00189331
0.00473557
0.00256929
0.00109892
0.00137515
0.028634
0.00271636
0.00957657
0.00449614
0.00342845
0.00363551
0.0130941
0.000842526
0.00216953
0.0245848
0.00597471
0.000338119
0.00271938
0.0065339
0.000813708
0.00207228
0.0153644
0.0261716
0.00885658
0.0123321
0.0114579
0.00589459
0.00225354
0.00474103
0.0036255
0.00226348
0.000356164
0.000778911
0.00499686
0.00273633
0.0148168
0.0110332
0.00252981
0.0107939
0.0101265
0.0160211
0.00226741
0.00195054
0.00351211
0.00567893
0.0149213
0.00253975
0.0126934
0.00135131
0.00269481
0.00943297
0.00106832
0.00260924
0.0201648
0.0101499
0.00341574
0.00430048
0.0103716
0.00565601
0.0149542
0.015185
0.0126286
0.00134286
0.00218192
0.00278781
0.00195327
0.00305982
0.0145393
0.00433264
0.0122018
0.0012964
0.00725497
0.00921084
0.0100795
0.00911895
0.00570543
0.0105319
0.00273889
0.00314137
0.000662895
0.00795372
0.00827606
0.00987978
0.0196224
0.00469063
0.00831047
0.00729641
0.00300432
0.00299828
0.0054027
0.0137541
0.00940733
0.0120417
0.00111493
0.00805659
0.0255432
0.00087949
0.002919
0.0154991
0.0051513
0.00476164
0.00283664
0.00698666
0.00213317
0.00407396
0.024268
0.021755
0.00384307
0.00328263
0.00211258
0.0109974
0.00145464
0.00210135
0.00899793
0.000758093
0.00971127
0.00511466
0.00834024
0.0196121
0.00441876
0.0148118
0.00310049
0.0122781
0.00222894
0.00358349
0.00300501
0.00512876
0.00725876
0.00956305
0.00158221
0.00244325
0.0270089
0.0032229
0.0092258
0.000895221
0.00225028
0.00170713
0.00356027
0.0036701
0.00111364
0.00251463
0.00298762
0.00337628
0.0086147
0.00427279
0.0013253
0.00454335
0.00288656
0.00416016
0.00806201
0.00384723
0.00239494
0.0107946
0.00371381
0.00508935
0.0110687
0.00754421
0.0179812
0.00227143
0.00441284
0.00166103
0.00155593
0.0218925
0.000915918
0.00685641
0.00392134
0.00613239
0.0122081
0.00255101
0.00800951
0.00560651
0.00408213
0.00243191
0.0100445
0.00612635
0.00159151
0.00457892
0.00308403
0.00760345
0.00693125
0.0167962
0.00898625
0.00125661
0.00278664
0.00670968
0.00622086
0.0125342
0.00618477
0.00460342
0.00182113
0.0332424
0.00572496
0.00162918
0.00463472
0.00540782
0.010021
0.00192985
0.00158939
0.00367523
0.0255124
0.00567457
0.00589741
0.0097978
0.0268528
0.00936496
0.000735287
0.00304902
0.0136673
0.0258285
0.00205466
0.00179506
0.00109723
0.00216158
0.00162875
0.00211889
0.00595003
0.00333077
0.00503949
0.00217388
0.00275616
0.0010633
0.00208872
0.0224215
0.0158114
0.02
0.00698382
0.0154322
0.0082294
0.00198821
0.0047196
0.00682407
0.00513228
0.00430629
0.00645456
0.00303926
0.00650126
0.00532466
0.00356196
0.0114365
0.00565725
0.012116
0.00503302
0.000892001
0.00253711
0.00227828
0.0010031
0.0239097
0.00347937
0.00331525
0.00674391
0.00447865
0.00218018
0.0142895
0.00392204
0.00568913
0.00303219
0.00274814
0.00823262
0.00346851
0.00613661
0.000785751
0.0129786
0.00902268
0.00107665
0.0116132
0.00880076
0.0039435
0.00653504
0.00882944
0.0250125
0.00373655
0.00346789
0.000577917
0.0142439
0.00540985
0.00275829
0.00557212
0.00493089
0.0703344
0.00321568
0.00983638
0.0225895
0.0130819
0.0013136
0.0177957
0.00146379
0.0138207
0.0106991
0.007511
0.00209232
0.00513457
0.00755797
0.00758662
0.0173878
0.000966344
0.00571653
0.00492751
0.00192048
0.00129899
0.000812546
0.0437641
0.0040139
0.00146173
0.00307266
0.0143631
0.00405843
0.00549283
0.00212983
0.00635121
0.00723381
0.0043354
0.00438867
0.00727473
0.0224831
0.00557684
0.00248383
0.00466297
0.0020743
0.00284804
0.000453036
0.00288258
0.00462178
0.00565431
0.00500629
0.00166018
0.00452116
0.00147245
0.00387767
0.0148647
0.00706801
0.00118734
0.00354186
0.00137209
0.00321063
0.00275895
0.00666672
0.0131386
0.00556164
0.00473864
0.0152307
0.0105837
0.0163124
0.00832332
0.00642048
0.00222462
0.00708042
0.00492404
0.00496212
0.00138746
0.00644743
0.00756508
0.000488971
0.00929345
0.00497393
0.000911063
0.00586261
0.00414039
0.00644589
0.00892578
0.00614405
0.00215691
0.0011338
0.00431835
0.000819346
0.00310415
0.00195977
0.0040612
0.00165398
0.0120448
0.00107203
0.0150795
0.000467513
0.00112338
0.0227738
0.0195827
0.0138832
0.00200808
0.0127128
0.00545632
0.00057054
0.000295981
0.00690832
0.00598846
0.000684026
0.00492476
0.00370644
0.00230884
0.00538934
0.00231494
0.00236767
0.00772458
0.000831094
0.00445733
0.0029851
0.0161064
0.00721618
0.00313763
0.00425284
0.00039672
0.00132127
0.00538421
0.00116059
0.00301291
0.00716815
0.00097848
0.00157501
0.00391983
0.0163949
0.0105595
0.0207278
0.00575276
0.0153485
0.00651356
0.00247256
0.0053738
0.00151117
0.0109806
0.00927322
0.00668641
0.000637367
0.00256969
0.00139268
0.00887346
0.00668674
0.00586139
0.00599319
0.000783676
0.00678606
0.00560645
0.00870706
0.00266677
0.0073829
0.00624585
0.00789284
0.00158974
0.00284631
0.00900957
0.00330581
0.00425977
0.00857505
0.00623767
0.0059114
0.00627655
0.000994379
0.00118349
0.0102459
0.00683812
0.0304979
0.00175353
0.0202358
0.00560611
0.00575754
0.00345686
0.00803917
0.00305876
0.00150404
0.00734094
0.00229872
0.00938652
0.00831297
0.00324919
0.00350607
0.00548837
0.00664968
0.00551299
0.00354688
0.0157725
0.0347525
0.00321182
0.00423702
0.0071013
0.000327813
0.0108549
0.00197827
0.00642188
0.0113973
0.000493182
0.00168228
0.00339924
0.0184914
0.0180613
0.0245215
0.00613603
0.0061922
0.00318825
0.0016475
0.00284438
0.0156244
0.000627223
0.00222275
0.00290558
0.00975081
0.0116755
0.00119903
0.00659387
0.000531065
0.00733705
0.00283195
0.00987369
0.00181465
0.00212508
0.0417022
0.00289734
0.00293946
0.000703056
0.00177865
0.00166992
0.00249093
0.0037017
0.00998667
0.0224069
0.00254592
0.0140968
0.00450502
0.00528758
0.00200184
0.00473616
0.0118353
0.0070012
0.00105457
0.00581546
0.0313153
0.0038584
0.00474088
0.00169364
0.0039631
0.00279589
0.0030642
0.00307916
0.00897464
0.0107594
0.00807619
0.00526642
0.00954993
0.00119114
0.00058553
0.00102002
0.00893486
0.00368627
0.000340862
0.00674726
0.00437053
0.00929278
0.00184797
0.00809709
0.00368281
0.0122518
0.00800358
0.00638075
0.000908913
0.00362924
0.0014153
0.000284821
0.00614908
0.000710081
0.00432855
0.00197943
0.014798
0.00455376
0.00736067
0.000755703
0.00525285
0.0041838
0.0058364
0.00657194
0.0046031
0.0043746
0.0070009
0.000834718
0.00135865
0.00917635
0.000397316
0.00450256
0.00309454
0.00690852
0.00124478
0.00631336
0.00301557
0.00408971
0.00523424
0.00205503
0.00169406
0.000687206
0.00705854
0.00301596
0.00743128
0.0141501
0.00205617
0.0159339
0.00227985
0.00355187
0.00207947
0.0182438
0.00864935
0.00502873
0.00131715
0.00146499
0.00787486
0.00670237
0.00412737
0.0052646
0.00188882
0.00408712
0.00822237
0.00784047
0.00289626
0.00513637
0.0187545
0.00512003
0.0225039
0.0066017
0.00464491
0.0021324
0.0158306
0.00201863
0.0017888
0.00227611
0.0376211
0.0361722
0.0119542
0.00478619
0.00668094
0.00216651
0.00496359
0.00127172
0.0105372
0.000577821
0.0112719
0.0015165
0.0043142
0.0109883
0.00544731
0.00249591
0.0027766
0.00056272
0.00374213
0.00228748
0.0136214
0.00137558
0.00855932
0.00156867
0.00504219
0.0062346
0.0023854
0.00188106
0.00195881
0.00977116
0.0134717
0.00169021
0.00737954
0.00372252
0.00389475
0.00427738
0.00229499
0.00327182
0.00569133
0.00171076
0.001283
0.000502787
0.00436588
0.00157699
0.00253909
0.000940968
0.00203127
0.00797818
0.00773368
0.00461356
0.00148354
0.0179234
0.00354624
0.00139228
0.00557245
0.00411945
0.0010127
0.00808027
0.00480345
0.00744927
0.00837904
0.0145985
0.00408913
0.00353246
0.00450859
0.00481259
0.0186286
0.00769678
0.00302603
0.000766362
0.00527406
0.0134098
0.00392918
0.00450103
0.000184922
0.0073924
0.0101519
0.00616987
0.0158507
0.000929579
0.0195695
0.00113495
0.00115565
0.00536376
0.00103178
0.00305707
0.00305792
0.00478072
0.0101808
0.00358883
0.00211137
0.00116712
0.00794964
0.00969498
0.00451484
0.00139289
0.00954789
0.00318922
0.0104259
0.0058847
0.00564479
0.00426583
0.000390686
0.0154648
0.0164452
0.00383265
0.0500931
0.00238647
0.00441624
0.010054
0.00138313
0.00572457
0.0227614
0.0109563
0.00398849
0.00912107
0.0019216
0.00630227
0.00431567
0.0106511
0.00804149
0.0059203
0.00469449
0.0147656
0.00992833
0.00245864
0.0300463
0.00861939
0.00430067
0.0290935
0.00842766
0.0227407
0.0138285
0.0128767
0.00860175
0.00179061
0.0100413
0.0013171
0.00356119
0.000989027
0.011202
0.0321073
0.00476071
0.00634364
0.0198454
0.00611987
0.00364448
0.00295083
0.00198779
0.0173719
0.00710107
0.00219173
0.00712373
0.0132945
0.0125521
0.00534023
0.0166259
0.00131465
0.00182952
0.00445409
0.0079795
0.00137149
0.00269069
0.00439488
0.00409404
0.00900641
0.00176931
0.00428038
0.00630324
0.00233208
0.00168923
0.0128722
0.0141949
0.00895736
0.0111668
0.00504262
0.0035984
0.00789175
0.00146912
0.00263704
0.021738
0.00894372
0.0050261
0.0033094
0.00309956
0.000819199
0.0174211
0.00753536
0.00539835
0.00955883
0.0159999
0.00217741
0.0105546
0.0050619
0.00214225
0.00480354
0.00144667
0.00386451
0.00392491
0.00492851
0.00568855
0.0100245
0.00966141
0.00229222
0.00155629
0.00494939
0.00182738
0.00421617
0.0141852
0.00164653
0.00693793
0.00798832
0.00494714
0.00142785
0.00412266
0.00849877
0.00121482
0.00958108
0.00355667
0.00165383
0.00744911
0.00215544
0.00650125
0.00171644
0.00218712
0.00284445
0.00226825
0.000783746
0.00191352
0.00300717
0.00744831
0.00232546
0.0143949
0.00226284
0.00537117
0.00412715
0.00349462
0.00240197
0.00892259
0.00242073
0.00998596
0.00260388
0.0111439
0.00586323
0.00816603
0.00417349
0.00505503
0.0021503
0.00483136
0.0457057
0.0011672
0.00181385
0.00176684
0.00175629
0.00266387
0.00458669
0.00399176
0.00301064
0.00282148
0.00260657
0.017213
0.00262715
0.00288508
0.00839509
0.0185974
0.00100478
0.00435371
0.00454262
0.0145209
0.0143083
0.0170319
0.00484677
0.00828423
0.00358481
0.00174239
0.00484617
0.00104229
0.0208675
0.00452525
0.0185729
0.00395116
0.0165731
0.00316532
0.00172275
0.00761427
0.0105394
0.0117031
0.00190762
0.0027013
0.00222384
0.00679022
0.00148609
0.0401519
0.00211575
0.00195601
0.00187245
0.00155439
0.00252998
0.015467
0.0158861
0.0116591
0.0022565
0.000533081
0.00248284
0.0208098
0.0076558
0.00772635
0.00468954
0.00312592
0.00180888
0.00583102
0.0118888
0.0215597
0.00500651
0.00325872
0.00626723
0.00552693
0.00315571
0.00150265
0.0224285
0.0237006
0.00911691
0.0111052
0.000632479
0.00497394
0.00219526
0.00130486
0.00168241
0.00231738
0.00354495
0.0127334
0.00209275
0.00445052
0.00786286
0.00294457
0.0274416
0.00281939
0.00166209
0.022064
0.0262738
0.00736958
0.0144125
0.00649263
0.00887074
0.00706234
0.011212
0.00221159
0.00538485
0.00637179
0.00672961
0.0396647
0.0016998
0.00298181
0.00566241
0.00732414
0.0199349
0.00291086
0.0438573
0.00631636
0.00590997
0.00372519
0.0125686
0.00419645
0.000453245
0.00236933
0.00151546
0.00309425
0.00225485
0.00486317
0.00515091
0.0199774
0.0029293
0.00277067
0.00843251
0.00542774
0.0238206
0.0087063
0.00734133
0.0119463
0.0102436
0.01368
0.00288914
0.0261232
0.000735898
0.00186597
0.000828357
0.00249295
0.00321424
0.00279706
0.00789135
0.00685404
0.00372973
0.00206552
0.0108505
0.0010676
0.00253192
0.0168756
0.0256713
0.00311396
0.00143227
0.0053241
0.00145463
0.00400672
0.00734703
0.0161287
0.0011925
0.00580409
0.0037119
0.0164983
0.00371479
0.00357205
0.00121749
0.011295
0.0491242
0.00354642
0.0018317
0.0103276
0.00537849
0.00611021
0.00736286
0.0129686
0.00292646
0.000670859
0.00194679
0.0171252
0.00115572
0.00577594
0.0330542
0.0101097
0.00603136
0.0159152
